0.152419
0.529706
0.525773
0.521350
0.517539
0.514460
0.511643
0.508558
0.504923
0.500750
0.496180
0.491328
0.486261
0.481029
0.475693
0.470336
0.465065
0.460001
0.455256
0.450922
0.447055
0.443676
0.440770
0.438299
0.436210
0.434444
0.432946
0.431659
0.430534
0.429526
0.428601
0.427731
0.426895
0.426077
0.425265
0.424452
0.423633
0.422806
0.421968
0.421120
0.420262
0.419393
0.418514
0.417625
0.416726
0.415815
0.414893
0.413962
0.413029
0.412109
0.411224
0.410405
0.409688
0.409117
0.408736
0.408575
0.408635
0.408832
0.408981
0.409034
0.409109
0.409283
0.409541
0.409836
0.410152
0.410515
0.410974
0.411559
0.412279
0.413116
0.414040
0.415012
0.415993
0.416951
0.417860
0.418706
0.419480
0.420176
0.420790
0.421320
0.421765
0.422127
0.422407
0.422610
0.422740
0.422802
0.422800
0.422740
0.422624
0.422458
0.422244
0.421985
0.421685
0.421346
0.420969
0.420556
0.420109
0.419630
0.419118
0.418575
0.418000
0.417394
0.416753
0.416076
0.415358
0.414595
0.413793
0.412965
0.412132
0.411303
0.410486
0.409686
0.408910
0.408164
0.407445
0.406745
0.406061
0.405406
0.404779
0.404167
0.403559
0.402944
0.402317
0.401671
0.401006
0.400320
0.399615
0.398895
0.398164
0.397429
0.396697
0.395974
0.395270
0.394589
0.393936
0.393317
0.392733
0.392189
0.391693
0.391262
0.390929
0.390743
0.390756
0.391000
0.391477
0.392167
0.393041
0.394068
0.395221
0.396473
0.397802
0.399187
0.400609
0.402053
0.403501
0.404940
0.406357
0.407738
0.409077
0.410366
0.411602
0.412779
0.413897
0.414952
0.415944
0.416871
0.417733
0.418529
0.419259
0.419924
0.420525
0.421068
0.421567
0.422067
0.422707
0.423415
0.424020
0.424589
0.425172
0.425801
0.426524
0.427357
0.428159
0.428802
0.429174
0.429126
0.429204
0.429315
0.429370
0.429267
0.429424
0.429225
0.429511
0.429184
0.429511
0.429486
0.429406
0.429421
0.429456
0.429502
0.429582
0.429597
0.429478
0.429295
0.429103
0.428898
0.428650
0.428365
0.428053
0.427715
0.427354
0.426975
0.426579
0.426168
0.425744
0.425308
0.424862
0.424406
0.423941
0.423469
0.422989
0.422504
0.422013
0.421517
0.421018
0.420515
0.420009
0.419502
0.418993
0.418483
0.417974
0.417464
0.416956
0.416450
0.415947
0.415447
0.414951
0.414460
0.413975
0.413497
0.413027
0.412567
0.412117
0.411678
0.411251
0.410837
0.410436
0.410050
0.409678
0.409321
0.408978
0.408650
0.408337
0.408038
0.407753
0.407481
0.407223
0.406977
0.406744
0.406522
0.406312
0.406114
0.405925
0.405748
0.405580
0.405422
0.405273
0.405134
0.405004
0.404882
0.404770
0.404666
0.404571
0.404484
0.404407
0.404339
0.404279
0.404230
0.404190
0.404161
0.404142
0.404136
0.404143
0.404165
0.404205
0.404265
0.404350
0.404464
0.404612
0.404797
0.405021
0.405285
0.405587
0.405923
0.406290
0.406685
0.407106
0.407552
0.408021
0.408514
0.409032
0.409577
0.410151
0.410758
0.411399
0.412079
0.412800
0.413562
0.414365
0.415204
0.416072
0.416953
0.417830
0.418687
0.419510
0.420289
0.421025
0.421719
0.422378
0.423009
0.423619
0.424214
0.424800
0.425382
0.425966
0.426557
0.427159
0.427776
0.428410
0.429064
0.429740
0.430437
0.431156
0.431897
0.432658
0.433438
0.434235
0.435048
0.435875
0.436714
0.437562
0.438417
0.439278
0.440143
0.441011
0.441879
0.442746
0.443612
0.444475
0.445334
0.446189
0.447038
0.447882
0.448718
0.449548
0.450370
0.451184
0.451990
0.452788
0.453577
0.454357
0.455128
0.455890
0.456643
0.457387
0.458121
0.458847
0.459563
0.460271
0.460969
0.461659
0.462340
0.463012
0.463676
0.464331
0.464977
0.465616
0.466246
0.466869
0.467483
0.468090
0.468689
0.469280
0.469864
0.470441
0.471011
0.471573
0.472129
0.472678
0.473220
0.473756
0.474285
0.474808
0.475324
0.475835
0.476339
0.476837
0.477330
0.477816
0.478297
0.478773
0.479243
0.479707
0.480167
0.480621
0.481070
0.481514
0.481953
0.482387
0.482817
0.483242
0.483663
0.484079
0.484491
0.484899
0.485303
0.485702
0.486098
0.486490
0.486879
0.487263
0.487645
0.488023
0.488397
0.488768
0.489136
0.489501
0.489863
0.490221
0.490577
0.490929
0.491278
0.491624
0.491967
0.492307
0.492643
0.492976
0.493306
0.493632
0.493955
0.494274
0.494590
0.494902
0.495211
0.495516
0.495818
0.496116
0.496411
0.496702
0.496990
0.497274
0.497554
0.497832
0.498106
0.498376
0.498644
0.498908
0.499169
0.499427
0.499681
0.499933
0.500182
0.500427
0.500670
0.500910
0.501147
0.501381
0.501613
0.501841
0.502067
0.502291
0.502512
0.502730
0.502945
0.503159
0.503369
0.503578
0.503783
0.503987
0.504188
0.504387
0.504583
0.504778
0.504970
0.505160
0.505348
0.505533
0.505717
0.505898
0.506078
0.506255
0.506431
0.506604
0.506776
0.506946
0.507113
0.507279
0.507444
0.507606
0.507766
0.507766
0.507925
0.508082
0.508238
0.508391
0.508543
0.508694
0.508843
0.508990
0.509135
0.509279
0.509422
0.509563
0.509702
0.509840
0.509977
0.510112
0.510246
0.510378
0.510509
0.510638
0.510766
0.510893
0.511019
0.511143
0.511265
0.511387
0.511507
0.511626
0.511743
0.511860
0.511975
0.512089
0.512201
0.512313
0.512423
0.512532
0.512640
0.512747
0.512852
0.512957
0.513060
0.513162
0.513263
0.513363
0.513461
0.513559
0.513655
0.513750
0.513844
0.513937
0.514029
0.514120
0.514210
0.514299
0.514386
0.514472
0.514558
0.514642
0.514725
0.514807
0.514888
0.514968
0.515047
0.515125
0.515201
0.515277
0.515351
0.515425
0.515497
0.515568
0.515638
0.515707
0.515775
0.515842
0.515907
0.515972
0.516035
0.516098
0.516159
0.516219
0.516278
0.516335
0.516392
0.516447
0.516502
0.516555
0.516607
0.516658
0.516707
0.516756
0.516803
0.516849
0.516894
0.516937
0.516979
0.517021
0.517060
0.517099
0.517136
0.517172
0.517207
0.517241
0.517273
0.517304
0.517333
0.517362
0.517388
0.517414
0.517438
0.517461
0.517482
0.517502
0.517521
0.517538
0.517554
0.517568
0.517581
0.517593
0.517603
0.517611
0.517618
0.517623
0.517627
0.517629
0.517630
0.517629
0.517627
0.517623
0.517617
0.517609
0.517600
0.517590
0.517577
0.517563
0.517547
0.517530
0.517510
0.517489
0.517466
0.517441
0.517415
0.517386
0.517356
0.517324
0.517290
0.517253
0.517215
0.517175
0.517133
0.517089
0.517043
0.516995
0.516945
0.516892
0.516838
0.516781
0.516722
0.516661
0.516598
0.516532
0.516464
0.516394
0.516322
0.516247
0.516170
0.516090
0.516008
0.515924
0.515837
0.515747
0.515655
0.515560
0.515463
0.515363
0.515261
0.515156
0.515048
0.514937
0.514824
0.514708
0.514588
0.514467
0.514342
0.514214
0.514083
0.513950
0.513813
0.513673
0.513530
0.513384
0.513235
0.513083
0.512928
0.512769
0.512607
0.512442
0.512273
0.512101
0.511925
0.511746
0.511564
0.511378
0.511189
0.510996
0.510799
0.510599
0.510395
0.510187
0.509976
0.509761
0.509542
0.509319
0.509092
0.508861
0.508627
0.508388
0.508146
0.507899
0.507649
0.507394
0.507135
0.506873
0.506606
0.506334
0.506059
0.505779
0.505495
0.505207
0.504915
0.504618
0.504317
0.504011
0.503701
0.503387
0.503068
0.502745
0.502418
0.502086
0.501749
0.501408
0.501063
0.500714
0.500359
0.500001
0.499638
0.499271
0.498899
0.498523
0.498142
0.497757
0.497368
0.496974
0.496576
0.496174
0.495767
0.495357
0.494942
0.494523
0.494100
0.493673
0.493242
0.492806
0.492367
0.491924
0.491478
0.491027
0.490573
0.490115
0.489654
0.489189
0.488721
0.488249
0.487774
0.487296
0.486815
0.486331
0.485845
0.485355
0.484863
0.484368
0.483871
0.483371
0.482869
0.482365
0.481859
0.481351
0.480841
0.480329
0.479816
0.479301
0.478786
0.478268
0.477750
0.477231
0.476711
0.476189
0.475668
0.475145
0.474623
0.474099
0.473576
0.473052
0.472528
0.472004
0.471480
0.470956
0.470432
0.469908
0.469384
0.468860
0.468337
0.467813
0.467289
0.466765
0.466241
0.465717
0.465193
0.464669
0.464144
0.463618
0.463092
0.462565
0.462038
0.461510
0.460980
0.460450
0.459918
0.459385
0.458850
0.458314
0.457776
0.457237
0.456695
0.456151
0.455605
0.455057
0.454506
0.453953
0.453397
0.452838
0.452276
0.451710
0.451142
0.450570
0.449994
0.449414
0.448831
0.448243
0.447651
0.447055
0.446454
0.445849
0.445239
0.444623
0.444003
0.443378
0.442747
0.442111
0.441470
0.440823
0.440171
0.439512
0.438848
0.438178
0.437501
0.436818
0.436128
0.435430
0.434722
0.433999
0.433238
0.432369
0.431314
0.430188
0.429039
0.428001
0.426930
0.425110
0.425179
0.424464
0.423829
0.423486
0.423149
0.422810
0.422448
0.422059
0.421661
0.421267
0.420884
0.420507
0.420127
0.419734
0.419195
0.418033
0.416361
0.416654
0.415777
0.415238
0.414294
0.412182
0.413424
0.412254
0.411838
0.411571
0.410386
0.407845
0.409706
0.408580
0.408077
0.407102
0.404725
0.406518
0.405555
0.405018
0.404137
0.403485
0.401071
0.402933
0.402133
0.401055
0.399121
0.401180
0.400662
0.399401
0.397740
0.399423
0.398862
0.397498
0.395958
0.397643
0.397112
0.395606
0.394288
0.395900
0.395395
0.393930
0.392674
0.394249
0.393763
0.392347
0.392322
0.389870
0.391625
0.390224
0.387988
0.390440
0.389493
0.387369
0.389660
0.388640
0.386896
0.388482
0.387669
0.385577
0.387543
0.386598
0.384576
0.386593
0.385456
0.383481
0.385628
0.384509
0.382359
0.384787
0.383357
0.381366
0.383763
0.382408
0.380208
0.382925
0.381221
0.379248
0.381848
0.380286
0.378075
0.381009
0.378943
0.377099
0.379769
0.378164
0.375953
0.379098
0.376678
0.375269
0.377791
0.376146
0.374057
0.377086
0.373544
0.376121
0.374157
0.374272
0.372557
0.375151
0.373578
0.371157
0.374545
0.371936
0.372295
0.372295
0.370010
0.373003
0.369946
0.372354
0.371043
0.368917
0.372380
0.368643
0.371442
0.368560
0.371134
0.369673
0.367601
0.370990
0.367734
0.369568
0.366654
0.370167
0.368208
0.366068
0.369597
0.365355
0.369055
0.365408
0.368864
0.367076
0.366193
0.367536
0.364035
0.367621
0.363488
0.367471
0.363912
0.367548
0.365310
0.365970
0.363217
0.366906
0.362691
0.366587
0.362792
0.366691
0.362983
0.366731
0.363078
0.366514
0.362749
0.366425
0.362647
0.366136
0.362284
0.366082
0.362106
0.365847
0.361808
0.365697
0.361566
0.365478
0.361276
0.365265
0.360998
0.365034
0.360699
0.364798
0.360399
0.364556
0.360091
0.364308
0.359776
0.364054
0.359449
0.363793
0.359110
0.363523
0.358761
0.363246
0.358411
0.362965
0.358072
0.362688
0.357747
0.362418
0.357436
0.362153
0.357134
0.361886
0.356835
0.361615
0.356532
0.361335
0.356219
0.361046
0.355889
0.360748
0.355534
0.360439
0.355141
0.360114
0.354700
0.359769
0.354204
0.359395
0.353669
0.358994
0.353128
0.358576
0.352629
0.358157
0.352200
0.357757
0.351834
0.357391
0.351507
0.357055
0.351207
0.356737
0.350926
0.356432
0.350659
0.356147
0.350404
0.355889
0.350160
0.355663
0.349941
0.355468
0.349783
0.355285
0.349731
0.355092
0.349800
0.354874
0.349943
0.354640
0.350096
0.354405
0.350225
0.354160
0.350323
0.353895
0.350395
0.353604
0.350447
0.353289
0.350487
0.352952
0.350521
0.352597
0.350554
0.352228
0.350588
0.351851
0.350618
0.351479
0.350630
0.351132
0.350607
0.350828
0.350533
0.350577
0.350413
0.350369
0.350263
0.350188
0.350101
0.350021
0.349939
0.349858
0.349777
0.349697
0.349616
0.349535
0.349453
0.349370
0.349285
0.349199
0.349112
0.349022
0.348931
0.348837
0.348741
0.348642
0.348540
0.348436
0.348328
0.348218
0.348106
0.347990
0.347872
0.347752
0.347630
0.347506
0.347381
0.347255
0.347128
0.347002
0.346878
0.346755
0.346634
0.346516
0.346403
0.346293
0.346189
0.346090
0.345998
0.345911
0.345832
0.345759
0.345693
0.345634
0.345582
0.345537
0.345499
0.345466
0.345440
0.345419
0.345403
0.345392
0.345385
0.345382
0.345382
0.345385
0.345391
0.345398
0.345406
0.345416
0.345426
0.345437
0.345447
0.345458
0.345468
0.345478
0.345488
0.345496
0.345504
0.345512
0.345519
0.345526
0.345533
0.345540
0.345547
0.345555
0.345563
0.345572
0.345583
0.345595
0.345609
0.345625
0.345643
0.345663
0.345686
0.345710
0.345737
0.345766
0.345797
0.345829
0.345862
0.345896
0.345930
0.345964
0.345997
0.346030
0.346060
0.346089
0.346115
0.346138
0.346157
0.346173
0.346184
0.346191
0.346193
0.346190
0.346182
0.346168
0.346149
0.346124
0.346093
0.346057
0.346014
0.345965
0.345910
0.345849
0.345780
0.345705
0.345623
0.345532
0.345434
0.345326
0.345210
0.345083
0.344946
0.344797
0.344635
0.344461
0.344273
0.344070
0.343853
0.343619
0.343370
0.343103
0.342820
0.342519
0.342201
0.341865
0.341512
0.341140
0.340752
0.340346
0.339923
0.339484
0.339030
0.338560
0.338077
0.337581
0.337076
0.336562
0.336043
0.335523
0.335006
0.334494
0.333989
0.333492
0.332997
0.332499
0.331992
0.331469
0.330928
0.330366
0.329784
0.329180
0.328554
0.327907
0.327236
0.326544
0.325830
0.325096
0.324344
0.323577
0.322797
0.322009
0.321213
0.320415
0.319615
0.318815
0.318017
0.317221
0.316429
0.315641
0.314856
0.314074
0.313297
0.312522
0.311750
0.310981
0.310214
0.309448
0.308683
0.307918
0.307152
0.306385
0.305614
0.304840
0.304058
0.303269
0.302467
0.301651
0.300815
0.299956
0.299070
0.298155
0.297208
0.296231
0.295228
0.294203
0.293160
0.292106
0.291044
0.289977
0.288907
0.287832
0.286752
0.285662
0.284559
0.283438
0.282293
0.281117
0.279906
0.278657
0.277371
0.276057
0.274731
0.273408
0.272107
0.270839
0.269612
0.268428
0.267285
0.266179
0.265105
0.264057
0.263032
0.262025
0.261033
0.260053
0.259084
0.258122
0.257168
0.256218
0.255272
0.254331
0.253393
0.252458
0.251525
0.250596
0.249669
0.248746
0.247825
0.246907
0.245992
0.245080
0.244172
0.243267
0.242366
0.241468
0.240574
0.239684
0.238798
0.237916
0.237039
0.236165
0.235296
0.234431
0.233571
0.232715
0.231864
0.231017
0.230175
0.229337
0.228504
0.227676
0.226852
0.226034
0.225220
0.224411
0.223607
0.222807
0.222013
0.221224
0.220439
0.219660
0.218886
0.218116
0.217352
0.216593
0.215840
0.215092
0.214349
0.213611
0.212879
0.212152
0.211430
0.210714
0.210004
0.209299
0.208600
0.207907
0.207219
0.206538
0.205862
0.205192
0.204528
0.203870
0.203219
0.202574
0.201936
0.201304
0.200680
0.200062
0.199453
0.198851
0.198257
0.197672
0.197095
0.196526
0.195966
0.195414
0.194869
0.194329
0.193795
0.193262
0.192731
0.192198
0.191663
0.191124
0.190580
0.190031
0.189476
0.188915
0.188349
0.188349
0.187777
0.187204
0.186601
0.186157
0.183800
0.185339
0.185159
0.184202
0.183577
0.182483
0.182260
0.181445
0.180615
0.179917
0.179182
0.178435
0.177691
0.176950
0.176208
0.175465
0.174723
0.173988
0.173269
0.172569
0.171892
0.171237
0.170601
0.169982
0.169377
0.168784
0.168202
0.167630
0.167067
0.166512
0.165966
0.165427
0.164894
0.164366
0.163843
0.163324
0.162808
0.162295
0.161783
0.161273
0.160763
0.160254
0.159744
0.159234
0.158723
0.158210
0.157695
0.157179
0.156661
0.156141
0.155621
0.155099
0.154576
0.154053
0.153530
0.153006
0.152483
0.151961
0.151439
0.150917
0.150397
0.149877
0.149358
0.148840
0.148322
0.147805
0.147289
0.146774
0.146258
0.145744
0.145229
0.144715
0.144201
0.143688
0.143175
0.142662
0.142149
0.141636
0.141124
0.140612
0.140101
0.139589
0.139079
0.138568
0.138058
0.137549
0.137041
0.136533
0.136025
0.135519
0.135013
0.134508
0.134004
0.133501
0.132999
0.132498
0.131997
0.131498
0.131000
0.130502
0.130006
0.129510
0.129015
0.128521
0.128028
0.127536
0.127044
0.126553
0.126063
0.125574
0.125085
0.124596
0.124108
0.123620
0.123133
0.122646
0.122159
0.121673
0.121186
0.120700
0.120213
0.119727
0.119240
0.118754
0.118267
0.117780
0.117293
0.116805
0.116317
0.115829
0.115341
0.114852
0.114362
0.113872
0.113382
0.112891
0.112400
0.111908
0.111416
0.110923
0.110430
0.109936
0.109442
0.108947
0.108452
0.107956
0.107460
0.106964
0.106467
0.105970
0.105472
0.104975
0.104476
0.103978
0.103480
0.102981
0.102482
0.101983
0.101484
0.100985
0.100487
0.099988
0.099489
0.098991
0.098493
0.097995
0.097498
0.097001
0.096504
0.096008
0.095513
0.095019
0.094525
0.094032
0.093540
0.093049
0.092559
0.092070
0.091582
0.091096
0.090611
0.090127
0.089645
0.089164
0.088685
0.088208
0.087733
0.087259
0.086788
0.086318
0.085851
0.085386
0.084923
0.084462
0.084004
0.083548
0.083095
0.082645
0.082197
0.081752
0.081309
0.080870
0.080433
0.080000
0.079569
0.079141
0.078717
0.078295
0.077877
0.077462
0.077050
0.076642
0.076236
0.075834
0.075436
0.075040
0.074648
0.074260
0.073874
0.073492
0.073114
0.072739
0.072367
0.071999
0.071634
0.071272
0.070914
0.070559
0.070208
0.069860
0.069515
0.069173
0.068835
0.068500
0.068168
0.067839
0.067514
0.067191
0.066872
0.066556
0.066243
0.065933
0.065626
0.065322
0.065020
0.064722
0.064427
0.064134
0.063845
0.063558
0.063273
0.062992
0.062713
0.062437
0.062163
0.061892
0.061624
0.061358
0.061094
0.060833
0.060574
0.060317
0.060063
0.059811
0.059562
0.059314
0.059069
0.058826
0.058585
0.058346
0.058109
0.057875
0.057642
0.057411
0.057182
0.056955
0.056730
0.056507
0.056285
0.056065
0.055848
0.055631
0.055417
0.055204
0.054993
0.054784
0.054576
0.054370
0.054165
0.053962
0.053761
0.053561
0.053362
0.053166
0.052970
0.052776
0.052584
0.052393
0.052203
0.052015
0.051828
0.051643
0.051459
0.051277
0.051096
0.050916
0.050737
0.050560
0.050385
0.050211
0.050038
0.049866
0.049696
0.049528
0.049360
0.049194
0.049030
0.048867
0.048705
0.048545
0.048386
0.048228
0.048072
0.047918
0.047765
0.047613
0.047463
0.047315
0.047168
0.047023
0.046879
0.046737
0.046597
0.046458
0.046321
0.046186
0.046052
0.045921
0.045791
0.045663
0.045537
0.045413
0.045292
0.045172
0.045054
0.044938
0.044825
0.044714
0.044605
0.044499
0.044395
0.044293
0.044195
0.044098
0.044005
0.043914
0.043826
0.043741
0.043659
0.043580
0.043504
0.043431
0.043362
0.043296
0.043233
0.043174
0.043119
0.043067
0.043019
0.042975
0.042935
0.042899
0.042866
0.042838
0.042814
0.042794
0.042779
0.042767
0.042760
0.042757
0.042758
0.042764
0.042774
0.042787
0.042805
0.042827
0.042852
0.042880
0.042912
0.042947
0.042985
0.043025
0.043067
0.043111
0.043156
0.043201
0.043245
0.043289
0.043331
0.043370
0.043406
0.043438
0.043464
0.043484
0.043500
0.043512
0.043524
0.043542
0.043572
0.043621
0.043692
0.043781
0.043884
0.043992
0.044097
0.044191
0.044270
0.044330
0.044369
0.044386
0.044380
0.044352
0.044302
0.044232
0.044142
0.044033
0.043905
0.043758
0.043594
0.043413
0.043215
0.043001
0.042771
0.042525
0.042264
0.041988
0.041697
0.041393
0.041075
0.040744
0.040399
0.040043
0.039673
0.039292
0.038900
0.038496
0.038082
0.037657
0.037222
0.036777
0.036323
0.035860
0.035388
0.034907
0.034418
0.033922
0.033417
0.032906
0.032387
0.031862
0.031329
0.030791
0.030246
0.029696
0.029140
0.028578
0.028012
0.027440
0.026863
0.026281
0.025695
0.025104
0.024509
0.023910
0.023307
0.022700
0.022089
0.021475
0.020857
0.020236
0.019611
0.018984
0.018353
0.017720
0.017084
0.016445
0.015803
0.015159
0.014513
0.013864
0.013213
0.012560
0.011905
0.011248
0.010589
0.010589
0.009929
0.009266
0.008603
0.007938
0.007271
0.006603
0.005935
0.005264
0.004594
0.003922
0.003249
0.002575
0.001901
0.001227
0.000552
-0.000124
-0.000799
-0.001475
-0.002151
-0.002827
-0.003503
-0.004178
-0.004854
-0.005529
-0.006203
-0.006877
-0.007551
-0.008223
-0.008895
-0.009566
-0.010236
-0.010905
-0.011573
-0.012240
-0.012905
-0.013569
-0.014232
-0.014893
-0.015553
-0.016210
-0.016866
-0.017520
-0.018173
-0.018823
-0.019471
-0.020118
-0.020762
-0.021404
-0.022043
-0.022680
-0.023315
-0.023947
-0.024577
-0.025205
-0.025829
-0.026451
-0.027071
-0.027688
-0.028302
-0.028913
-0.029521
-0.030127
-0.030730
-0.031330
-0.031927
-0.032521
-0.033113
-0.033701
-0.034287
-0.034870
-0.035450
-0.036027
-0.036601
-0.037172
-0.037741
-0.038307
-0.038870
-0.039430
-0.039988
-0.040543
-0.041096
-0.041646
-0.042193
-0.042738
-0.043281
-0.043821
-0.044358
-0.044894
-0.045427
-0.045958
-0.046487
-0.047014
-0.047538
-0.048061
-0.048582
-0.049101
-0.049617
-0.050132
-0.050646
-0.051157
-0.051667
-0.052175
-0.052682
-0.053186
-0.053690
-0.054192
-0.054692
-0.055191
-0.055688
-0.056184
-0.056679
-0.057172
-0.057664
-0.058155
-0.058644
-0.059133
-0.059620
-0.060106
-0.060592
-0.061076
-0.061559
-0.062041
-0.062523
-0.063003
-0.063483
-0.063962
-0.064441
-0.064919
-0.065396
-0.065873
-0.066350
-0.066826
-0.067302
-0.067777
-0.068253
-0.068728
-0.069203
-0.069678
-0.070154
-0.070629
-0.071104
-0.071580
-0.072056
-0.072533
-0.073010
-0.073487
-0.073965
-0.074443
-0.074922
-0.075401
-0.075882
-0.076362
-0.076844
-0.077326
-0.077809
-0.078293
-0.078777
-0.079262
-0.079748
-0.080235
-0.080722
-0.081210
-0.081698
-0.082188
-0.082677
-0.083168
-0.083659
-0.084150
-0.084642
-0.085134
-0.085627
-0.086120
-0.086613
-0.087107
-0.087600
-0.088094
-0.088588
-0.089083
-0.089577
-0.090071
-0.090566
-0.091060
-0.091554
-0.092048
-0.092541
-0.093034
-0.093527
-0.094019
-0.094511
-0.095002
-0.095491
-0.095979
-0.096465
-0.096949
-0.097429
-0.097904
-0.098374
-0.098835
-0.099284
-0.099716
-0.100130
-0.100535
-0.100964
-0.101165
-0.101528
-0.102285
-0.102985
-0.103790
-0.104463
-0.105234
-0.105961
-0.106742
-0.107500
-0.108226
-0.108984
-0.109881
-0.110380
-0.110960
-0.111504
-0.112461
-0.113008
-0.113670
-0.114176
-0.115204
-0.115498
-0.116227
-0.116712
-0.117252
-0.118512
-0.118618
-0.118962
-0.120370
-0.120465
-0.120784
-0.122053
-0.122383
-0.123070
-0.123540
-0.123884
-0.125125
-0.125367
-0.125759
-0.126644
-0.127175
-0.127582
-0.128011
-0.129154
-0.129344
-0.130353
-0.130576
-0.130901
-0.131948
-0.132612
-0.133651
-0.133668
-0.133984
-0.135237
-0.135576
-0.136804
-0.136800
-0.137187
-0.138260
-0.138753
-0.139434
-0.140167
-0.140890
-0.141660
-0.142423
-0.143192
-0.143961
-0.144719
-0.145465
-0.146200
-0.146931
-0.147663
-0.148402
-0.149150
-0.149909
-0.150679
-0.151460
-0.152251
-0.153052
-0.153863
-0.154683
-0.155512
-0.156349
-0.157195
-0.158047
-0.158905
-0.159767
-0.160633
-0.161502
-0.162373
-0.163245
-0.164118
-0.164991
-0.165863
-0.166734
-0.167604
-0.168471
-0.169336
-0.170199
-0.171059
-0.171916
-0.172770
-0.173621
-0.174468
-0.175313
-0.176156
-0.176995
-0.177832
-0.178666
-0.179498
-0.180328
-0.181156
-0.181982
-0.182806
-0.183629
-0.184450
-0.185270
-0.186088
-0.186906
-0.187722
-0.188537
-0.189350
-0.190163
-0.190973
-0.191783
-0.192591
-0.193397
-0.194201
-0.195003
-0.195803
-0.196600
-0.197395
-0.198186
-0.198974
-0.199757
-0.200537
-0.201312
-0.202083
-0.202848
-0.203607
-0.204361
-0.205108
-0.205849
-0.206582
-0.207308
-0.208025
-0.208735
-0.209435
-0.210126
-0.210808
-0.211480
-0.212141
-0.212792
-0.213431
-0.214059
-0.214676
-0.215279
-0.215871
-0.216449
-0.217015
-0.217567
-0.218105
-0.218629
-0.219139
-0.219635
-0.220116
-0.220583
-0.221035
-0.221472
-0.221894
-0.222301
-0.222693
-0.223070
-0.223433
-0.223780
-0.224112
-0.224430
-0.224733
-0.225022
-0.225296
-0.225556
-0.225801
-0.226033
-0.226252
-0.226456
-0.226648
-0.226826
-0.226992
-0.227144
-0.227285
-0.227413
-0.227530
-0.227634
-0.227728
-0.227810
-0.227882
-0.227943
-0.227993
-0.228034
-0.228065
-0.228087
-0.228099
-0.228103
-0.228098
-0.228086
-0.228065
-0.228036
-0.228000
-0.227958
-0.227908
-0.227852
-0.227790
-0.227722
-0.227649
-0.227570
-0.227487
-0.227398
-0.227306
-0.227209
-0.227108
-0.227004
-0.226897
-0.226786
-0.226673
-0.226557
-0.226439
-0.226319
-0.226197
-0.226074
-0.225949
-0.225823
-0.225697
-0.225569
-0.225442
-0.225314
-0.225186
-0.225059
-0.224931
-0.224805
-0.224679
-0.224553
-0.224429
-0.224306
-0.224185
-0.224065
-0.223946
-0.223829
-0.223714
-0.223601
-0.223490
-0.223381
-0.223274
-0.223170
-0.223067
-0.222967
-0.222870
-0.222774
-0.222681
-0.222591
-0.222503
-0.222418
-0.222335
-0.222254
-0.222176
-0.222101
-0.222027
-0.221956
-0.221888
-0.221821
-0.221757
-0.221695
-0.221635
-0.221577
-0.221521
-0.221467
-0.221415
-0.221365
-0.221316
-0.221269
-0.221224
-0.221180
-0.221138
-0.221097
-0.221057
-0.221019
-0.220981
-0.220945
-0.220910
-0.220876
-0.220843
-0.220810
-0.220779
-0.220748
-0.220718
-0.220689
-0.220660
-0.220660
-0.220632
-0.220605
-0.220578
-0.220552
-0.220526
-0.220501
-0.220476
-0.220451
-0.220427
-0.220403
-0.220380
-0.220357
-0.220334
-0.220312
-0.220290
-0.220269
-0.220248
-0.220227
-0.220206
-0.220187
-0.220167
-0.220148
-0.220129
-0.220111
-0.220093
-0.220076
-0.220060
-0.220044
-0.220028
-0.220013
-0.219999
-0.219986
-0.219973
-0.219961
-0.219949
-0.219939
-0.219929
-0.219921
-0.219913
-0.219906
-0.219900
-0.219895
-0.219891
-0.219888
-0.219887
-0.219886
-0.219887
-0.219888
-0.219892
-0.219896
-0.219902
-0.219909
-0.219917
-0.219927
-0.219938
-0.219950
-0.219964
-0.219980
-0.219997
-0.220015
-0.220035
-0.220057
-0.220080
-0.220105
-0.220131
-0.220159
-0.220189
-0.220220
-0.220253
-0.220288
-0.220324
-0.220362
-0.220402
-0.220444
-0.220487
-0.220532
-0.220579
-0.220628
-0.220678
-0.220730
-0.220784
-0.220840
-0.220898
-0.220958
-0.221020
-0.221085
-0.221151
-0.221220
-0.221291
-0.221365
-0.221442
-0.221522
-0.221606
-0.221696
-0.221791
-0.221894
-0.222009
-0.222144
-0.222318
-0.222584
-0.222713
-0.222462
-0.223132
-0.222774
-0.223002
-0.222528
-0.223182
-0.222905
-0.223190
-0.222756
-0.223403
-0.223092
-0.223278
-0.222883
-0.223509
-0.223130
-0.223451
-0.222927
-0.223565
-0.223330
-0.223418
-0.223247
-0.223744
-0.223253
-0.223765
-0.223400
-0.223763
-0.223350
-0.223954
-0.223683
-0.223949
-0.223624
-0.224189
-0.223868
-0.224236
-0.223886
-0.224422
-0.224133
-0.224526
-0.224217
-0.224724
-0.224443
-0.224851
-0.224571
-0.225050
-0.224788
-0.225214
-0.224962
-0.225414
-0.225174
-0.225604
-0.225376
-0.225810
-0.225594
-0.226019
-0.225816
-0.226237
-0.226046
-0.226460
-0.226282
-0.226690
-0.226525
-0.226927
-0.226773
-0.227169
-0.227028
-0.227416
-0.227289
-0.227670
-0.227556
-0.227929
-0.227829
-0.228193
-0.228107
-0.228462
-0.228391
-0.228737
-0.228681
-0.229016
-0.228976
-0.229301
-0.229276
-0.229590
-0.229581
-0.229884
-0.229892
-0.230182
-0.230207
-0.230485
-0.230527
-0.230792
-0.230851
-0.231103
-0.231179
-0.231419
-0.231511
-0.231739
-0.231846
-0.232063
-0.232184
-0.232392
-0.232526
-0.232725
-0.232870
-0.233062
-0.233216
-0.233404
-0.233565
-0.233750
-0.233917
-0.234099
-0.234271
-0.234452
-0.234628
-0.234809
-0.234987
-0.235168
-0.235349
-0.235531
-0.235713
-0.235896
-0.236079
-0.236264
-0.236448
-0.236633
-0.236819
-0.237005
-0.237192
-0.237379
-0.237566
-0.237754
-0.237942
-0.238131
-0.238320
-0.238509
-0.238698
-0.238888
-0.239078
-0.239268
-0.239458
-0.239649
-0.239840
-0.240030
-0.240221
-0.240412
-0.240603
-0.240794
-0.240986
-0.241177
-0.241368
-0.241559
-0.241750
-0.241941
-0.242131
-0.242322
-0.242513
-0.242703
-0.242893
-0.243083
-0.243273
-0.243462
-0.243652
-0.243841
-0.244029
-0.244218
-0.244406
-0.244594
-0.244781
-0.244968
-0.245155
-0.245341
-0.245527
-0.245712
-0.245897
-0.246082
-0.246266
-0.246449
-0.246632
-0.246814
-0.246996
-0.247178
-0.247359
-0.247539
-0.247718
-0.247897
-0.248076
-0.248254
-0.248431
-0.248607
-0.248783
-0.248958
-0.249133
-0.249307
-0.249480
-0.249652
-0.249824
-0.249995
-0.250165
-0.250334
-0.250503
-0.250671
-0.250838
-0.251004
-0.251170
-0.251335
-0.251499
-0.251662
-0.251824
-0.251986
-0.252146
-0.252306
-0.252465
-0.252623
-0.252781
-0.252937
-0.253093
-0.253247
-0.253401
-0.253554
-0.253706
-0.253858
-0.254008
-0.254158
-0.254306
-0.254454
-0.254601
-0.254747
-0.254892
-0.255036
-0.255179
-0.255321
-0.255463
-0.255603
-0.255743
-0.255882
-0.256020
-0.256156
-0.256292
-0.256428
-0.256562
-0.256695
-0.256827
-0.256959
-0.257089
-0.257219
-0.257348
-0.257476
-0.257603
-0.257729
-0.257854
-0.257978
-0.258102
-0.258224
-0.258346
-0.258467
-0.258587
-0.258706
-0.258824
-0.258941
-0.259057
-0.259173
-0.259288
-0.259401
-0.259514
-0.259626
-0.259738
-0.259848
-0.259957
-0.260066
-0.260174
-0.260281
-0.260387
-0.260492
-0.260597
-0.260701
-0.260804
-0.260906
-0.261007
-0.261107
-0.261207
-0.261306
-0.261404
-0.261501
-0.261598
-0.261694
-0.261789
-0.261883
-0.261976
-0.262069
-0.262161
-0.262252
-0.262343
-0.262432
-0.262521
-0.262609
-0.262697
-0.262784
-0.262870
-0.262955
-0.263040
-0.263124
-0.263207
-0.263290
-0.263372
-0.263453
-0.263534
-0.263613
-0.263693
-0.263771
-0.263849
-0.263926
-0.264003
-0.264079
-0.264154
-0.264229
-0.264303
-0.264377
-0.264450
-0.264522
-0.264593
-0.264665
-0.264735
-0.264805
-0.264874
-0.264943
-0.265011
-0.265079
-0.265146
-0.265212
-0.265278
-0.265343
-0.265408
-0.265472
-0.265536
-0.265599
-0.265662
-0.265724
-0.265786
-0.265847
-0.265908
-0.265968
-0.266027
-0.266087
-0.266145
-0.266203
-0.266261
-0.266318
-0.266375
-0.266431
-0.266487
-0.266543
-0.266597
-0.266652
-0.266706
-0.266759
-0.266813
-0.266865
-0.266917
-0.266969
-0.267021
-0.267072
-0.267122
-0.267172
-0.267222
-0.267271
-0.267320
-0.267369
-0.267417
-0.267464
-0.267512
-0.267559
-0.267605
-0.267651
-0.267697
-0.267742
-0.267787
-0.267832
-0.267876
-0.267920
-0.267963
-0.268006
-0.268049
-0.268091
-0.268133
-0.268175
-0.268216
-0.268257
-0.268298
-0.268338
-0.268377
-0.268417
-0.268456
-0.268495
-0.268533
-0.268571
-0.268609
-0.268646
-0.268683
-0.268719
-0.268719
-0.268755
-0.268791
-0.268827
-0.268862
-0.268897
-0.268931
-0.268965
-0.268999
-0.269032
-0.269065
-0.269098
-0.269130
-0.269162
-0.269194
-0.269225
-0.269256
-0.269286
-0.269316
-0.269346
-0.269376
-0.269405
-0.269434
-0.269462
-0.269490
-0.269518
-0.269546
-0.269573
-0.269600
-0.269626
-0.269652
-0.269678
-0.269704
-0.269729
-0.269754
-0.269779
-0.269803
-0.269827
-0.269851
-0.269875
-0.269898
-0.269921
-0.269944
-0.269966
-0.269989
-0.270011
-0.270033
-0.270054
-0.270076
-0.270097
-0.270118
-0.270139
-0.270159
-0.270180
-0.270200
-0.270220
-0.270240
-0.270260
-0.270280
-0.270299
-0.270319
-0.270338
-0.270358
-0.270377
-0.270396
-0.270415
-0.270434
-0.270453
-0.270471
-0.270490
-0.270509
-0.270527
-0.270546
-0.270565
-0.270583
-0.270602
-0.270620
-0.270638
-0.270657
-0.270675
-0.270694
-0.270712
-0.270730
-0.270749
-0.270767
-0.270786
-0.270804
-0.270822
-0.270841
-0.270859
-0.270878
-0.270896
-0.270915
-0.270933
-0.270952
-0.270970
-0.270989
-0.271008
-0.271026
-0.271045
-0.271064
-0.271082
-0.271101
-0.271120
-0.271139
-0.271158
-0.271177
-0.271196
-0.271215
-0.271234
-0.271253
-0.271272
-0.271291
-0.271310
-0.271329
-0.271349
-0.271368
-0.271387
-0.271407
-0.271426
-0.271445
-0.271465
-0.271484
-0.271504
-0.271523
-0.271543
-0.271562
-0.271582
-0.271602
-0.271621
-0.271641
-0.271661
-0.271681
-0.271700
-0.271720
-0.271740
-0.271760
-0.271780
-0.271800
-0.271820
-0.271839
-0.271859
-0.271879
-0.271899
-0.271919
-0.271940
-0.271960
-0.271980
-0.272000
-0.272020
-0.272040
-0.272060
-0.272080
-0.272101
-0.272121
-0.272141
-0.272161
-0.272181
-0.272202
-0.272222
-0.272242
-0.272262
-0.272283
-0.272303
-0.272323
-0.272344
-0.272364
-0.272384
-0.272404
-0.272425
-0.272445
-0.272465
-0.272486
-0.272506
-0.272526
-0.272547
-0.272567
-0.272588
-0.272608
-0.272628
-0.272649
-0.272669
-0.272689
-0.272710
-0.272730
-0.272750
-0.272771
-0.272791
-0.272811
-0.272832
-0.272852
-0.272872
-0.272893
-0.272913
-0.272933
-0.272954
-0.272974
-0.272994
-0.273014
-0.273035
-0.273055
-0.273075
-0.273095
-0.273116
-0.273136
-0.273156
-0.273176
-0.273197
-0.273217
-0.273237
-0.273257
-0.273277
-0.273297
-0.273317
-0.273338
-0.273358
-0.273378
-0.273398
-0.273418
-0.273438
-0.273458
-0.273478
-0.273498
-0.273518
-0.273538
-0.273558
-0.273578
-0.273598
-0.273618
-0.273637
-0.273657
-0.273677
-0.273697
-0.273717
-0.273737
-0.273756
-0.273776
-0.273796
-0.273816
-0.273835
-0.273855
-0.273875
-0.273894
-0.273914
-0.273933
-0.273953
-0.273972
-0.273992
-0.274011
-0.274031
-0.274050
-0.274070
-0.274089
-0.274108
-0.274128
-0.274147
-0.274166
-0.274186
-0.274205
-0.274224
-0.274243
-0.274263
-0.274282
-0.274301
-0.274320
-0.274339
-0.274358
-0.274377
-0.274396
-0.274415
-0.274434
-0.274453
-0.274472
-0.274490
-0.274509
-0.274528
-0.274547
-0.274566
-0.274584
-0.274603
-0.274622
-0.274640
-0.274659
-0.274677
-0.274696
-0.274714
-0.274733
-0.274751
-0.274769
-0.274788
-0.274806
-0.274824
-0.274843
-0.274861
-0.274879
-0.274897
-0.274915
-0.274933
-0.274951
-0.274969
-0.274987
-0.275005
-0.275023
-0.275041
-0.275059
-0.275077
-0.275095
-0.275112
-0.275130
-0.275148
-0.275165
-0.275183
-0.275200
-0.275218
-0.275235
-0.275253
-0.275270
-0.275288
-0.275305
-0.275322
-0.275339
-0.275357
-0.275374
-0.275391
-0.275408
-0.275425
-0.275442
-0.275459
-0.275476
-0.275493
-0.275510
-0.275527
-0.275543
-0.275560
-0.275577
-0.275593
-0.275610
-0.275627
-0.275643
-0.275660
-0.275676
-0.275692
-0.275709
-0.275725
-0.275741
-0.275758
-0.275774
-0.275790
-0.275806
-0.275822
-0.275838
-0.275854
-0.275870
-0.275886
-0.275902
-0.275917
-0.275933
-0.275949
-0.275965
-0.275980
-0.275996
-0.276011
-0.276027
-0.276042
-0.276058
-0.276073
-0.276088
-0.276103
-0.276119
-0.276134
-0.276149
-0.276164
-0.276179
-0.276194
-0.276209
-0.276224
-0.276239
-0.276253
-0.276268
-0.276283
-0.276297
-0.276312
-0.276327
-0.276341
-0.276356
-0.276370
-0.276384
-0.276399
-0.276413
-0.276427
-0.276441
-0.276455
-0.276469
-0.276483
-0.276497
-0.276511
-0.276525
-0.276539
-0.276553
-0.276566
-0.276580
-0.276594
-0.276607
-0.276621
-0.276634
-0.276648
-0.276661
-0.276674
-0.276688
-0.276701
-0.276714
-0.276727
-0.276740
-0.276753
-0.276766
-0.276779
-0.276792
-0.276804
-0.276817
-0.276830
-0.276843
-0.276855
-0.276868
-0.276880
-0.276893
-0.276905
-0.276917
-0.276929
-0.276942
-0.276954
-0.276966
-0.276978
-0.276990
-0.277002
-0.277014
-0.277026
-0.277037
-0.277049
-0.277061
-0.277073
-0.277084
-0.277096
-0.277107
-0.277118
-0.277130
-0.277141
-0.277152
-0.277164
-0.277175
-0.277186
-0.277197
-0.277208
-0.277219
-0.277230
-0.277240
-0.277251
-0.277262
-0.277272
-0.277283
-0.277294
-0.277304
-0.277314
-0.277325
-0.277335
-0.277345
-0.277356
-0.277366
-0.277376
-0.277386
-0.277396
-0.277406
-0.277416
-0.277425
-0.277435
-0.277445
-0.277454
-0.277464
-0.277474
-0.277483
-0.277492
-0.277502
-0.277511
-0.277520
-0.277530
-0.277539
-0.277548
-0.277557
-0.277566
-0.277575
-0.277584
-0.277592
-0.277601
-0.277610
-0.277618
-0.277627
-0.277635
-0.277644
-0.277652
-0.277661
-0.277669
-0.277669
-0.277677
-0.277685
-0.277693
-0.277701
-0.277709
-0.277717
-0.277725
-0.277733
-0.277741
-0.277749
-0.277756
-0.277764
-0.277771
-0.277779
-0.277786
-0.277794
-0.277801
-0.277808
-0.277815
-0.277823
-0.277830
-0.277837
-0.277844
-0.277850
-0.277857
-0.277864
-0.277871
-0.277878
-0.277884
-0.277891
-0.277897
-0.277904
-0.277910
-0.277916
-0.277923
-0.277929
-0.277935
-0.277941
-0.277947
-0.277953
-0.277959
-0.277965
-0.277971
-0.277977
-0.277982
-0.277988
-0.277994
-0.277999
-0.278005
-0.278010
-0.278015
-0.278021
-0.278026
-0.278031
-0.278036
-0.278041
-0.278046
-0.278051
-0.278056
-0.278061
-0.278066
-0.278071
-0.278075
-0.278080
-0.278084
-0.278089
-0.278093
-0.278098
-0.278102
-0.278106
-0.278111
-0.278115
-0.278119
-0.278123
-0.278127
-0.278131
-0.278135
-0.278138
-0.278142
-0.278146
-0.278150
-0.278153
-0.278157
-0.278160
-0.278164
-0.278167
-0.278170
-0.278174
-0.278177
-0.278180
-0.278183
-0.278186
-0.278189
-0.278192
-0.278195
-0.278198
-0.278200
-0.278203
-0.278206
-0.278208
-0.278211
-0.278213
-0.278216
-0.278218
-0.278220
-0.278223
-0.278225
-0.278227
-0.278229
-0.278231
-0.278233
-0.278235
-0.278237
-0.278239
-0.278240
-0.278242
-0.278244
-0.278245
-0.278247
-0.278248
-0.278250
-0.278251
-0.278252
-0.278254
-0.278255
-0.278256
-0.278257
-0.278258
-0.278259
-0.278260
-0.278261
-0.278262
-0.278262
-0.278263
-0.278264
-0.278264
-0.278265
-0.278266
-0.278266
-0.278266
-0.278267
-0.278267
-0.278267
-0.278267
-0.278268
-0.278268
-0.278268
-0.278268
-0.278268
-0.278267
-0.278267
-0.278267
-0.278267
-0.278266
-0.278266
-0.278265
-0.278265
-0.278264
-0.278264
-0.278263
-0.278262
-0.278262
-0.278261
-0.278260
-0.278259
-0.278258
-0.278257
-0.278256
-0.278255
-0.278254
-0.278252
-0.278251
-0.278250
-0.278248
-0.278247
-0.278246
-0.278244
-0.278242
-0.278241
-0.278239
-0.278237
-0.278236
-0.278234
-0.278232
-0.278230
-0.278228
-0.278226
-0.278224
-0.278222
-0.278220
-0.278217
-0.278215
-0.278213
-0.278210
-0.278208
-0.278205
-0.278203
-0.278200
-0.278198
-0.278195
-0.278192
-0.278190
-0.278187
-0.278184
-0.278181
-0.278178
-0.278175
-0.278172
-0.278169
-0.278166
-0.278163
-0.278159
-0.278156
-0.278153
-0.278149
-0.278146
-0.278142
-0.278139
-0.278135
-0.278132
-0.278128
-0.278124
-0.278121
-0.278117
-0.278113
-0.278109
-0.278105
-0.278101
-0.278097
-0.278093
-0.278089
-0.278085
-0.278081
-0.278076
-0.278072
-0.278068
-0.278063
-0.278059
-0.278054
-0.278050
-0.278045
-0.278041
-0.278036
-0.278031
-0.278027
-0.278022
-0.278017
-0.278012
-0.278007
-0.278002
-0.277997
-0.277992
-0.277987
-0.277982
-0.277977
-0.277972
-0.277966
-0.277961
-0.277956
-0.277950
-0.277945
-0.277940
-0.277934
-0.277929
-0.277923
-0.277917
-0.277912
-0.277906
-0.277900
-0.277894
-0.277889
-0.277883
-0.277877
-0.277871
-0.277865
-0.277859
-0.277853
-0.277847
-0.277840
-0.277834
-0.277828
-0.277822
-0.277815
-0.277809
-0.277803
-0.277796
-0.277790
-0.277783
-0.277777
-0.277770
-0.277764
-0.277757
-0.277750
-0.277743
-0.277737
-0.277730
-0.277723
-0.277716
-0.277709
-0.277702
-0.277695
-0.277688
-0.277681
-0.277674
-0.277667
-0.277660
-0.277652
-0.277645
-0.277638
-0.277631
-0.277623
-0.277616
-0.277608
-0.277601
-0.277593
-0.277586
-0.277578
-0.277571
-0.277563
-0.277555
-0.277548
-0.277540
-0.277532
-0.277524
-0.277516
-0.277509
-0.277501
-0.277493
-0.277485
-0.277477
-0.277469
-0.277460
-0.277452
-0.277444
-0.277436
-0.277428
-0.277419
-0.277411
-0.277403
-0.277394
-0.277386
-0.277378
-0.277369
-0.277361
-0.277352
-0.277344
-0.277335
-0.277326
-0.277318
-0.277309
-0.277300
-0.277292
-0.277283
-0.277274
-0.277265
-0.277256
-0.277247
-0.277239
-0.277230
-0.277221
-0.277212
-0.277202
-0.277193
-0.277184
-0.277175
-0.277166
-0.277157
-0.277148
-0.277138
-0.277129
-0.277120
-0.277110
-0.277101
-0.277092
-0.277082
-0.277073
-0.277063
-0.277054
-0.277044
-0.277034
-0.277025
-0.277015
-0.277006
-0.276996
-0.276986
-0.276976
-0.276967
-0.276957
-0.276947
-0.276937
-0.276927
-0.276917
-0.276907
-0.276897
-0.276887
-0.276877
-0.276867
-0.276857
-0.276847
-0.276837
-0.276827
-0.276817
-0.276806
-0.276796
-0.276786
-0.276776
-0.276765
-0.276755
-0.276745
-0.276734
-0.276724
-0.276713
-0.276703
-0.276692
-0.276682
-0.276671
-0.276661
-0.276650
-0.276640
-0.276629
-0.276618
-0.276608
-0.276597
-0.276586
-0.276575
-0.276564
-0.276554
-0.276543
-0.276532
-0.276521
-0.276510
-0.276499
-0.276488
-0.276477
-0.276466
-0.276455
-0.276444
-0.276433
-0.276422
-0.276411
-0.276400
-0.276389
-0.276377
-0.276366
-0.276355
-0.276344
-0.276332
-0.276321
-0.276310
-0.276298
-0.276287
-0.276276
-0.276264
-0.276253
-0.276241
-0.276230
-0.276218
-0.276207
-0.276195
-0.276183
-0.276172
-0.276160
-0.276149
-0.276137
-0.276125
-0.276113
-0.276102
-0.276090
-0.276078
-0.276066
-0.276055
-0.276043
-0.276031
-0.276019
-0.276007
-0.275995
-0.275983
-0.275971
-0.275959
-0.275947
-0.275935
-0.275923
-0.275911
-0.275899
-0.275887
-0.275875
-0.275862
-0.275850
-0.275838
-0.275826
-0.275814
-0.275801
-0.275789
-0.275777
-0.275764
-0.275752
-0.275740
-0.275727
-0.275715
-0.275715
-0.275702
-0.275690
-0.275677
-0.275665
-0.275652
-0.275640
-0.275627
-0.275615
-0.275602
-0.275590
-0.275577
-0.275564
-0.275552
-0.275539
-0.275526
-0.275513
-0.275501
-0.275488
-0.275475
-0.275462
-0.275449
-0.275437
-0.275424
-0.275411
-0.275398
-0.275385
-0.275372
-0.275359
-0.275346
-0.275333
-0.275320
-0.275307
-0.275294
-0.275281
-0.275267
-0.275254
-0.275241
-0.275228
-0.275215
-0.275201
-0.275188
-0.275175
-0.275162
-0.275148
-0.275135
-0.275122
-0.275108
-0.275095
-0.275081
-0.275068
-0.275055
-0.275041
-0.275028
-0.275014
-0.275000
-0.274987
-0.274973
-0.274960
-0.274946
-0.274932
-0.274919
-0.274905
-0.274891
-0.274878
-0.274864
-0.274850
-0.274836
-0.274822
-0.274809
-0.274795
-0.274781
-0.274767
-0.274753
-0.274739
-0.274725
-0.274711
-0.274697
-0.274683
-0.274669
-0.274655
-0.274641
-0.274627
-0.274613
-0.274599
-0.274584
-0.274570
-0.274556
-0.274542
-0.274527
-0.274513
-0.274499
-0.274484
-0.274470
-0.274456
-0.274441
-0.274427
-0.274412
-0.274398
-0.274383
-0.274369
-0.274354
-0.274340
-0.274325
-0.274311
-0.274296
-0.274281
-0.274267
-0.274252
-0.274237
-0.274222
-0.274208
-0.274193
-0.274178
-0.274163
-0.274148
-0.274133
-0.274118
-0.274103
-0.274088
-0.274073
-0.274058
-0.274043
-0.274028
-0.274013
-0.273998
-0.273983
-0.273968
-0.273953
-0.273937
-0.273922
-0.273907
-0.273892
-0.273876
-0.273861
-0.273845
-0.273830
-0.273815
-0.273799
-0.273784
-0.273768
-0.273753
-0.273737
-0.273721
-0.273706
-0.273690
-0.273675
-0.273659
-0.273643
-0.273627
-0.273612
-0.273596
-0.273580
-0.273564
-0.273548
-0.273532
-0.273516
-0.273500
-0.273484
-0.273468
-0.273452
-0.273436
-0.273420
-0.273404
-0.273388
-0.273371
-0.273355
-0.273339
-0.273323
-0.273306
-0.273290
-0.273274
-0.273257
-0.273241
-0.273224
-0.273208
-0.273191
-0.273175
-0.273158
-0.273141
-0.273125
-0.273108
-0.273091
-0.273075
-0.273058
-0.273041
-0.273024
-0.273007
-0.272990
-0.272973
-0.272956
-0.272939
-0.272922
-0.272905
-0.272888
-0.272871
-0.272854
-0.272837
-0.272819
-0.272802
-0.272785
-0.272768
-0.272750
-0.272733
-0.272715
-0.272698
-0.272681
-0.272663
-0.272645
-0.272628
-0.272610
-0.272593
-0.272575
-0.272557
-0.272540
-0.272522
-0.272504
-0.272486
-0.272468
-0.272450
-0.272432
-0.272414
-0.272396
-0.272378
-0.272360
-0.272342
-0.272324
-0.272306
-0.272288
-0.272270
-0.272251
-0.272233
-0.272215
-0.272196
-0.272178
-0.272160
-0.272141
-0.272123
-0.272104
-0.272086
-0.272067
-0.272049
-0.272030
-0.272011
-0.271993
-0.271974
-0.271955
-0.271937
-0.271918
-0.271899
-0.271880
-0.271861
-0.271842
-0.271824
-0.271805
-0.271786
-0.271767
-0.271748
-0.271729
-0.271710
-0.271690
-0.271671
-0.271652
-0.271633
-0.271614
-0.271595
-0.271575
-0.271556
-0.271537
-0.271518
-0.271498
-0.271479
-0.271460
-0.271440
-0.271421
-0.271402
-0.271382
-0.271363
-0.271344
-0.271324
-0.271305
-0.271285
-0.271266
-0.271246
-0.271227
-0.271207
-0.271188
-0.271168
-0.271149
-0.271129
-0.271110
-0.271090
-0.271071
-0.271051
-0.271032
-0.271012
-0.270993
-0.270973
-0.270954
-0.270934
-0.270915
-0.270895
-0.270876
-0.270856
-0.270837
-0.270817
-0.270798
-0.270778
-0.270759
-0.270739
-0.270720
-0.270701
-0.270681
-0.270662
-0.270643
-0.270623
-0.270604
-0.270585
-0.270565
-0.270546
-0.270527
-0.270508
-0.270489
-0.270470
-0.270451
-0.270431
-0.270412
-0.270393
-0.270375
-0.270356
-0.270337
-0.270318
-0.270299
-0.270280
-0.270262
-0.270243
-0.270224
-0.270206
-0.270187
-0.270169
-0.270150
-0.270132
-0.270114
-0.270095
-0.270077
-0.270059
-0.270041
-0.270023
-0.270005
-0.269987
-0.269969
-0.269951
-0.269933
-0.269916
-0.269898
-0.269880
-0.269863
-0.269845
-0.269828
-0.269811
-0.269793
-0.269776
-0.269759
-0.269742
-0.269725
-0.269708
-0.269691
-0.269674
-0.269658
-0.269641
-0.269624
-0.269608
-0.269591
-0.269575
-0.269559
-0.269543
-0.269526
-0.269510
-0.269494
-0.269479
-0.269463
-0.269447
-0.269431
-0.269416
-0.269400
-0.269385
-0.269369
-0.269354
-0.269339
-0.269324
-0.269309
-0.269294
-0.269279
-0.269264
-0.269249
-0.269235
-0.269220
-0.269206
-0.269191
-0.269177
-0.269163
-0.269149
-0.269135
-0.269121
-0.269107
-0.269093
-0.269079
-0.269065
-0.269052
-0.269038
-0.269025
-0.269012
-0.268998
-0.268985
-0.268972
-0.268959
-0.268946
-0.268933
-0.268920
-0.268908
-0.268895
-0.268882
-0.268870
-0.268857
-0.268845
-0.268833
-0.268821
-0.268809
-0.268797
-0.268785
-0.268773
-0.268761
-0.268749
-0.268738
-0.268726
-0.268714
-0.268703
-0.268692
-0.268680
-0.268669
-0.268658
-0.268647
-0.268636
-0.268625
-0.268614
-0.268603
-0.268593
-0.268582
-0.268571
-0.268561
-0.268550
-0.268540
-0.268530
-0.268519
-0.268509
-0.268499
-0.268489
-0.268479
-0.268469
-0.268459
-0.268450
-0.268440
-0.268430
-0.268420
-0.268411
-0.268401
-0.268392
-0.268382
-0.268373
-0.268364
-0.268355
-0.268345
-0.268336
-0.268327
-0.268318
-0.268309
-0.268300
-0.268291
-0.268283
-0.268274
-0.268265
-0.268256
-0.268248
-0.268239
-0.268230
-0.268222
-0.268213
-0.268205
-0.268196
-0.268188
-0.268180
-0.268171
-0.268163
-0.268155
-0.268146
-0.268138
-0.268130
-0.268122
-0.268114
-0.268105
-0.268105
-0.268097
-0.268089
-0.268081
-0.268073
-0.268065
-0.268057
-0.268048
-0.268040
-0.268032
-0.268024
-0.268016
-0.268008
-0.268000
-0.267991
-0.267983
-0.267975
-0.267967
-0.267959
-0.267950
-0.267942
-0.267934
-0.267925
-0.267917
-0.267908
-0.267900
-0.267891
-0.267882
-0.267874
-0.267865
-0.267856
-0.267847
-0.267838
-0.267829
-0.267819
-0.267810
-0.267801
-0.267791
-0.267781
-0.267772
-0.267762
-0.267751
-0.267741
-0.267731
-0.267720
-0.267710
-0.267699
-0.267687
-0.267676
-0.267665
-0.267653
-0.267641
-0.267628
-0.267616
-0.267603
-0.267590
-0.267576
-0.267562
-0.267548
-0.267533
-0.267518
-0.267502
-0.267486
-0.267470
-0.267452
-0.267435
-0.267416
-0.267397
-0.267376
-0.267355
-0.267333
-0.267310
-0.267285
-0.267259
-0.267232
-0.267203
-0.267171
-0.267138
-0.267102
-0.267063
-0.267020
-0.266973
-0.266922
-0.266865
-0.266802
-0.266732
-0.266653
-0.266565
-0.266466
-0.266358
-0.266240
-0.266114
-0.265985
-0.265857
-0.265732
-0.265614
-0.265505
-0.265404
-0.265312
-0.265227
-0.265151
-0.265081
-0.265018
-0.264962
-0.264910
-0.264864
-0.264823
-0.264787
-0.264756
-0.264729
-0.264706
-0.264688
-0.264674
-0.264663
-0.264657
-0.264654
-0.264654
-0.264658
-0.264665
-0.264675
-0.264686
-0.264700
-0.264716
-0.264732
-0.264749
-0.264766
-0.264782
-0.264798
-0.264813
-0.264827
-0.264840
-0.264851
-0.264861
-0.264870
-0.264878
-0.264885
-0.264891
-0.264895
-0.264899
-0.264903
-0.264905
-0.264907
-0.264909
-0.264910
-0.264911
-0.264912
-0.264912
-0.264912
-0.264912
-0.264913
-0.264913
-0.264913
-0.264913
-0.264913
-0.264913
-0.264913
-0.264913
-0.264914
-0.264915
-0.264915
-0.264916
-0.264917
-0.264919
-0.264920
-0.264922
-0.264924
-0.264926
-0.264928
-0.264931
-0.264933
-0.264936
-0.264939
-0.264942
-0.264946
-0.264949
-0.264953
-0.264956
-0.264960
-0.264964
-0.264968
-0.264973
-0.264977
-0.264982
-0.264986
-0.264991
-0.264996
-0.265000
-0.265005
-0.265010
-0.265015
-0.265021
-0.265026
-0.265031
-0.265036
-0.265042
-0.265047
-0.265052
-0.265058
-0.265063
-0.265068
-0.265074
-0.265079
-0.265085
-0.265090
-0.265096
-0.265102
-0.265107
-0.265113
-0.265118
-0.265124
-0.265129
-0.265135
-0.265140
-0.265146
-0.265151
-0.265157
-0.265162
-0.265168
-0.265173
-0.265179
-0.265184
-0.265190
-0.265195
-0.265201
-0.265206
-0.265212
-0.265217
-0.265223
-0.265228
-0.265233
-0.265239
-0.265244
-0.265250
-0.265255
-0.265260
-0.265266
-0.265271
-0.265276
-0.265282
-0.265287
-0.265292
-0.265297
-0.265303
-0.265308
-0.265313
-0.265318
-0.265324
-0.265329
-0.265334
-0.265339
-0.265344
-0.265349
-0.265354
-0.265360
-0.265365
-0.265370
-0.265375
-0.265380
-0.265385
-0.265390
-0.265395
-0.265400
-0.265405
-0.265410
-0.265415
-0.265420
-0.265425
-0.265430
-0.265435
-0.265439
-0.265444
-0.265449
-0.265454
-0.265459
-0.265463
-0.265468
-0.265473
-0.265478
-0.265482
-0.265487
-0.265492
-0.265496
-0.265501
-0.265505
-0.265510
-0.265514
-0.265519
-0.265523
-0.265528
-0.265532
-0.265537
-0.265541
-0.265545
-0.265550
-0.265554
-0.265558
-0.265562
-0.265566
-0.265570
-0.265575
-0.265579
-0.265583
-0.265587
-0.265591
-0.265594
-0.265598
-0.265602
-0.265606
-0.265610
-0.265614
-0.265617
-0.265621
-0.265624
-0.265628
-0.265632
-0.265635
-0.265638
-0.265642
-0.265645
-0.265649
-0.265652
-0.265655
-0.265658
-0.265661
-0.265665
-0.265668
-0.265671
-0.265674
-0.265676
-0.265679
-0.265682
-0.265685
-0.265688
-0.265690
-0.265693
-0.265695
-0.265698
-0.265700
-0.265703
-0.265705
-0.265707
-0.265710
-0.265712
-0.265714
-0.265716
-0.265718
-0.265720
-0.265722
-0.265724
-0.265726
-0.265727
-0.265729
-0.265731
-0.265732
-0.265734
-0.265735
-0.265737
-0.265738
-0.265739
-0.265741
-0.265742
-0.265743
-0.265744
-0.265745
-0.265746
-0.265747
-0.265747
-0.265748
-0.265749
-0.265749
-0.265750
-0.265750
-0.265751
-0.265751
-0.265751
-0.265751
-0.265752
-0.265752
-0.265752
-0.265751
-0.265751
-0.265751
-0.265751
-0.265750
-0.265750
-0.265749
-0.265749
-0.265748
-0.265747
-0.265747
-0.265746
-0.265745
-0.265744
-0.265743
-0.265741
-0.265740
-0.265739
-0.265737
-0.265736
-0.265734
-0.265733
-0.265731
-0.265729
-0.265727
-0.265725
-0.265723
-0.265721
-0.265719
-0.265717
-0.265714
-0.265712
-0.265709
-0.265707
-0.265704
-0.265701
-0.265698
-0.265695
-0.265692
-0.265689
-0.265686
-0.265683
-0.265679
-0.265676
-0.265672
-0.265668
-0.265665
-0.265661
-0.265657
-0.265653
-0.265649
-0.265645
-0.265640
-0.265636
-0.265631
-0.265627
-0.265622
-0.265617
-0.265613
-0.265608
-0.265603
-0.265598
-0.265592
-0.265587
-0.265582
-0.265576
-0.265571
-0.265565
-0.265559
-0.265553
-0.265547
-0.265541
-0.265535
-0.265529
-0.265522
-0.265516
-0.265509
-0.265503
-0.265496
-0.265489
-0.265482
-0.265475
-0.265468
-0.265461
-0.265453
-0.265446
-0.265438
-0.265431
-0.265423
-0.265415
-0.265407
-0.265399
-0.265391
-0.265383
-0.265374
-0.265366
-0.265357
-0.265349
-0.265340
-0.265331
-0.265322
-0.265313
-0.265304
-0.265295
-0.265285
-0.265276
-0.265266
-0.265256
-0.265247
-0.265237
-0.265227
-0.265217
-0.265206
-0.265196
-0.265186
-0.265175
-0.265164
-0.265154
-0.265143
-0.265132
-0.265121
-0.265121
-0.265110
-0.265098
-0.265087
-0.265075
-0.265064
-0.265052
-0.265040
-0.265028
-0.265016
-0.265004
-0.264992
-0.264980
-0.264967
-0.264955
-0.264942
-0.264929
-0.264917
-0.264904
-0.264890
-0.264877
-0.264864
-0.264851
-0.264837
-0.264823
-0.264810
-0.264796
-0.264782
-0.264768
-0.264754
-0.264740
-0.264725
-0.264711
-0.264696
-0.264682
-0.264667
-0.264652
-0.264637
-0.264622
-0.264607
-0.264591
-0.264576
-0.264560
-0.264545
-0.264529
-0.264513
-0.264497
-0.264481
-0.264465
-0.264449
-0.264432
-0.264416
-0.264399
-0.264383
-0.264366
-0.264349
-0.264332
-0.264315
-0.264298
-0.264281
-0.264263
-0.264246
-0.264228
-0.264210
-0.264193
-0.264175
-0.264157
-0.264139
-0.264120
-0.264102
-0.264084
-0.264065
-0.264046
-0.264028
-0.264009
-0.263990
-0.263971
-0.263952
-0.263933
-0.263913
-0.263894
-0.263874
-0.263855
-0.263835
-0.263815
-0.263795
-0.263775
-0.263755
-0.263735
-0.263714
-0.263694
-0.263673
-0.263653
-0.263632
-0.263611
-0.263590
-0.263569
-0.263548
-0.263527
-0.263506
-0.263484
-0.263463
-0.263441
-0.263420
-0.263398
-0.263376
-0.263354
-0.263332
-0.263310
-0.263288
-0.263265
-0.263243
-0.263220
-0.263198
-0.263175
-0.263152
-0.263129
-0.263107
-0.263083
-0.263060
-0.263037
-0.263014
-0.262990
-0.262967
-0.262943
-0.262920
-0.262896
-0.262872
-0.262848
-0.262824
-0.262800
-0.262776
-0.262751
-0.262727
-0.262702
-0.262678
-0.262653
-0.262628
-0.262604
-0.262579
-0.262554
-0.262529
-0.262503
-0.262478
-0.262453
-0.262428
-0.262402
-0.262376
-0.262351
-0.262325
-0.262299
-0.262273
-0.262247
-0.262221
-0.262195
-0.262169
-0.262143
-0.262116
-0.262090
-0.262063
-0.262037
-0.262010
-0.261983
-0.261957
-0.261930
-0.261903
-0.261876
-0.261848
-0.261821
-0.261794
-0.261767
-0.261739
-0.261712
-0.261684
-0.261656
-0.261629
-0.261601
-0.261573
-0.261545
-0.261517
-0.261489
-0.261461
-0.261432
-0.261404
-0.261376
-0.261347
-0.261319
-0.261290
-0.261262
-0.261233
-0.261204
-0.261175
-0.261146
-0.261117
-0.261088
-0.261059
-0.261030
-0.261001
-0.260971
-0.260942
-0.260913
-0.260883
-0.260854
-0.260824
-0.260794
-0.260764
-0.260735
-0.260705
-0.260675
-0.260645
-0.260615
-0.260585
-0.260554
-0.260524
-0.260494
-0.260464
-0.260433
-0.260403
-0.260372
-0.260342
-0.260311
-0.260280
-0.260249
-0.260219
-0.260188
-0.260157
-0.260126
-0.260095
-0.260064
-0.260032
-0.260001
-0.259970
-0.259939
-0.259907
-0.259876
-0.259844
-0.259813
-0.259781
-0.259750
-0.259718
-0.259686
-0.259655
-0.259623
-0.259591
-0.259559
-0.259527
-0.259495
-0.259463
-0.259431
-0.259399
-0.259366
-0.259334
-0.259302
-0.259270
-0.259237
-0.259205
-0.259172
-0.259140
-0.259107
-0.259075
-0.259042
-0.259009
-0.258976
-0.258944
-0.258911
-0.258878
-0.258845
-0.258812
-0.258779
-0.258746
-0.258713
-0.258680
-0.258647
-0.258614
-0.258580
-0.258547
-0.258514
-0.258480
-0.258447
-0.258414
-0.258380
-0.258347
-0.258313
-0.258280
-0.258246
-0.258212
-0.258179
-0.258145
-0.258111
-0.258078
-0.258044
-0.258010
-0.257976
-0.257942
-0.257908
-0.257874
-0.257840
-0.257806
-0.257772
-0.257738
-0.257704
-0.257670
-0.257636
-0.257601
-0.257567
-0.257533
-0.257499
-0.257464
-0.257430
-0.257396
-0.257361
-0.257327
-0.257292
-0.257258
-0.257223
-0.257189
-0.257154
-0.257120
-0.257085
-0.257051
-0.257016
-0.256981
-0.256947
-0.256912
-0.256877
-0.256843
-0.256808
-0.256773
-0.256738
-0.256703
-0.256668
-0.256634
-0.256599
-0.256564
-0.256529
-0.256494
-0.256459
-0.256424
-0.256389
-0.256354
-0.256319
-0.256284
-0.256249
-0.256214
-0.256179
-0.256144
-0.256108
-0.256073
-0.256038
-0.256003
-0.255968
-0.255933
-0.255897
-0.255862
-0.255827
-0.255792
-0.255756
-0.255721
-0.255686
-0.255651
-0.255615
-0.255580
-0.255545
-0.255509
-0.255474
-0.255439
-0.255403
-0.255368
-0.255333
-0.255297
-0.255262
-0.255227
-0.255191
-0.255156
-0.255121
-0.255085
-0.255050
-0.255014
-0.254979
-0.254943
-0.254908
-0.254873
-0.254837
-0.254802
-0.254766
-0.254731
-0.254696
-0.254660
-0.254625
-0.254589
-0.254554
-0.254518
-0.254483
-0.254448
-0.254412
-0.254377
-0.254341
-0.254306
-0.254271
-0.254235
-0.254200
-0.254164
-0.254129
-0.254094
-0.254058
-0.254023
-0.253987
-0.253952
-0.253917
-0.253881
-0.253846
-0.253811
-0.253775
-0.253740
-0.253705
-0.253669
-0.253634
-0.253599
-0.253564
-0.253528
-0.253493
-0.253458
-0.253423
-0.253387
-0.253352
-0.253317
-0.253282
-0.253247
-0.253212
-0.253177
-0.253141
-0.253106
-0.253071
-0.253036
-0.253001
-0.252966
-0.252931
-0.252896
-0.252861
-0.252826
-0.252791
-0.252756
-0.252722
-0.252687
-0.252652
-0.252617
-0.252582
-0.252547
-0.252513
-0.252478
-0.252443
-0.252408
-0.252374
-0.252339
-0.252305
-0.252270
-0.252235
-0.252201
-0.252166
-0.252132
-0.252097
-0.252063
-0.252028
-0.251994
-0.251960
-0.251925
-0.251891
-0.251857
-0.251823
-0.251788
-0.251754
-0.251720
-0.251686
-0.251652
-0.251618
-0.251584
-0.251550
-0.251516
-0.251482
-0.251448
-0.251415
-0.251381
-0.251347
-0.251313
-0.251280
-0.251246
-0.251212
-0.251179
-0.251145
-0.251112
-0.251078
-0.251045
-0.251012
-0.250978
-0.250945
-0.250912
-0.250879
-0.250845
-0.250812
-0.250779
-0.250779
-0.250746
-0.250713
-0.250680
-0.250648
-0.250615
-0.250582
-0.250549
-0.250517
-0.250484
-0.250451
-0.250419
-0.250386
-0.250354
-0.250322
-0.250289
-0.250257
-0.250225
-0.250193
-0.250161
-0.250129
-0.250097
-0.250065
-0.250033
-0.250001
-0.249969
-0.249938
-0.249906
-0.249874
-0.249843
-0.249811
-0.249780
-0.249749
-0.249717
-0.249686
-0.249655
-0.249624
-0.249593
-0.249562
-0.249531
-0.249500
-0.249469
-0.249439
-0.249408
-0.249377
-0.249347
-0.249317
-0.249286
-0.249256
-0.249226
-0.249196
-0.249166
-0.249136
-0.249106
-0.249076
-0.249046
-0.249016
-0.248987
-0.248957
-0.248928
-0.248898
-0.248869
-0.248840
-0.248810
-0.248781
-0.248752
-0.248723
-0.248695
-0.248666
-0.248637
-0.248609
-0.248580
-0.248552
-0.248523
-0.248495
-0.248467
-0.248439
-0.248411
-0.248383
-0.248355
-0.248327
-0.248300
-0.248272
-0.248245
-0.248217
-0.248190
-0.248163
-0.248136
-0.248109
-0.248082
-0.248055
-0.248028
-0.248002
-0.247975
-0.247949
-0.247922
-0.247896
-0.247870
-0.247844
-0.247818
-0.247792
-0.247767
-0.247741
-0.247715
-0.247690
-0.247665
-0.247639
-0.247614
-0.247589
-0.247564
-0.247540
-0.247515
-0.247490
-0.247466
-0.247442
-0.247417
-0.247393
-0.247369
-0.247345
-0.247321
-0.247298
-0.247274
-0.247251
-0.247227
-0.247204
-0.247181
-0.247158
-0.247135
-0.247112
-0.247090
-0.247067
-0.247045
-0.247022
-0.247000
-0.246978
-0.246956
-0.246934
-0.246913
-0.246891
-0.246870
-0.246848
-0.246827
-0.246806
-0.246785
-0.246764
-0.246744
-0.246723
-0.246703
-0.246682
-0.246662
-0.246642
-0.246622
-0.246602
-0.246583
-0.246563
-0.246544
-0.246524
-0.246505
-0.246486
-0.246467
-0.246448
-0.246430
-0.246411
-0.246393
-0.246374
-0.246356
-0.246338
-0.246320
-0.246303
-0.246285
-0.246267
-0.246250
-0.246233
-0.246216
-0.246199
-0.246182
-0.246165
-0.246149
-0.246132
-0.246116
-0.246100
-0.246084
-0.246068
-0.246052
-0.246036
-0.246021
-0.246005
-0.245990
-0.245975
-0.245960
-0.245945
-0.245930
-0.245915
-0.245901
-0.245886
-0.245872
-0.245858
-0.245844
-0.245830
-0.245816
-0.245802
-0.245789
-0.245775
-0.245762
-0.245749
-0.245736
-0.245723
-0.245710
-0.245697
-0.245684
-0.245672
-0.245659
-0.245647
-0.245635
-0.245623
-0.245611
-0.245599
-0.245587
-0.245575
-0.245564
-0.245552
-0.245541
-0.245529
-0.245518
-0.245507
-0.245496
-0.245485
-0.245474
-0.245463
-0.245452
-0.245441
-0.245431
-0.245420
-0.245409
-0.245399
-0.245389
-0.245378
-0.245368
-0.245358
-0.245348
-0.245338
-0.245327
-0.245317
-0.245308
-0.245298
-0.245288
-0.245278
-0.245268
-0.245258
-0.245248
-0.245239
-0.245229
-0.245219
-0.245210
-0.245200
-0.245190
-0.245181
-0.245171
-0.245161
-0.245152
-0.245142
-0.245133
-0.245123
-0.245113
-0.245104
-0.245094
-0.245084
-0.245074
-0.245065
-0.245055
-0.245045
-0.245035
-0.245025
-0.245015
-0.245006
-0.244996
-0.244986
-0.244975
-0.244965
-0.244955
-0.244945
-0.244935
-0.244924
-0.244914
-0.244903
-0.244893
-0.244882
-0.244871
-0.244861
-0.244850
-0.244839
-0.244828
-0.244817
-0.244806
-0.244794
-0.244783
-0.244772
-0.244760
-0.244749
-0.244737
-0.244725
-0.244713
-0.244701
-0.244689
-0.244677
-0.244665
-0.244653
-0.244640
-0.244628
-0.244615
-0.244602
-0.244589
-0.244576
-0.244563
-0.244550
-0.244537
-0.244523
-0.244510
-0.244496
-0.244482
-0.244468
-0.244455
-0.244440
-0.244426
-0.244412
-0.244398
-0.244383
-0.244368
-0.244354
-0.244339
-0.244324
-0.244309
-0.244294
-0.244278
-0.244263
-0.244248
-0.244232
-0.244216
-0.244200
-0.244185
-0.244168
-0.244152
-0.244136
-0.244120
-0.244103
-0.244087
-0.244070
-0.244054
-0.244037
-0.244020
-0.244003
-0.243986
-0.243968
-0.243951
-0.243934
-0.243916
-0.243899
-0.243881
-0.243863
-0.243846
-0.243828
-0.243810
-0.243792
-0.243774
-0.243755
-0.243737
-0.243719
-0.243700
-0.243682
-0.243663
-0.243644
-0.243626
-0.243607
-0.243588
-0.243569
-0.243550
-0.243531
-0.243512
-0.243493
-0.243474
-0.243454
-0.243435
-0.243416
-0.243396
-0.243377
-0.243357
-0.243338
-0.243318
-0.243298
-0.243278
-0.243259
-0.243239
-0.243219
-0.243199
-0.243179
-0.243159
-0.243139
-0.243119
-0.243099
-0.243079
-0.243059
-0.243039
-0.243019
-0.242999
-0.242978
-0.242958
-0.242938
-0.242918
-0.242897
-0.242877
-0.242857
-0.242836
-0.242816
-0.242795
-0.242775
-0.242755
-0.242734
-0.242714
-0.242693
-0.242673
-0.242653
-0.242632
-0.242612
-0.242591
-0.242571
-0.242550
-0.242530
-0.242509
-0.242489
-0.242469
-0.242448
-0.242428
-0.242407
-0.242387
-0.242367
-0.242346
-0.242326
-0.242305
-0.242285
-0.242265
-0.242244
-0.242224
-0.242204
-0.242184
-0.242163
-0.242143
-0.242123
-0.242103
-0.242083
-0.242062
-0.242042
-0.242022
-0.242002
-0.241982
-0.241962
-0.241942
-0.241922
-0.241902
-0.241883
-0.241863
-0.241843
-0.241823
-0.241803
-0.241784
-0.241764
-0.241744
-0.241725
-0.241705
-0.241686
-0.241666
-0.241647
-0.241627
-0.241608
-0.241589
-0.241569
-0.241550
-0.241531
-0.241512
-0.241493
-0.241474
-0.241455
-0.241436
-0.241417
-0.241398
-0.241380
-0.241361
-0.241342
-0.241324
-0.241305
-0.241286
-0.241268
-0.241250
-0.241231
-0.241213
-0.241195
-0.241177
-0.241159
-0.241140
-0.241122
-0.241105
-0.241105
-0.241087
-0.241069
-0.241051
-0.241034
-0.241016
-0.240998
-0.240981
-0.240964
-0.240946
-0.240929
-0.240912
-0.240895
-0.240878
-0.240861
-0.240844
-0.240827
-0.240810
-0.240793
-0.240777
-0.240760
-0.240744
-0.240727
-0.240711
-0.240694
-0.240678
-0.240662
-0.240646
-0.240630
-0.240614
-0.240598
-0.240583
-0.240567
-0.240551
-0.240536
-0.240520
-0.240505
-0.240490
-0.240475
-0.240460
-0.240445
-0.240430
-0.240415
-0.240400
-0.240385
-0.240371
-0.240356
-0.240342
-0.240327
-0.240313
-0.240299
-0.240284
-0.240270
-0.240256
-0.240243
-0.240229
-0.240215
-0.240201
-0.240188
-0.240174
-0.240161
-0.240148
-0.240134
-0.240122
-0.240108
-0.240096
-0.240081
-0.240071
-0.240054
-0.240049
-0.240023
-0.240033
-0.239983
-0.240035
-0.239911
-0.240091
-0.239737
-0.240292
-0.239286
-0.240671
-0.238797
-0.241015
-0.238303
-0.240626
-0.238335
-0.240517
-0.238029
-0.239969
-0.237937
-0.240003
-0.237641
-0.239636
-0.237591
-0.239616
-0.237365
-0.239331
-0.237241
-0.239240
-0.237048
-0.239006
-0.236897
-0.238857
-0.236709
-0.238652
-0.236545
-0.238492
-0.236374
-0.238309
-0.236219
-0.238153
-0.236067
-0.237994
-0.235924
-0.237848
-0.235784
-0.237703
-0.235650
-0.237565
-0.235520
-0.237431
-0.235393
-0.237301
-0.235267
-0.237172
-0.235142
-0.237045
-0.235016
-0.236917
-0.234889
-0.236788
-0.234759
-0.236658
-0.234627
-0.236527
-0.234493
-0.236393
-0.234355
-0.236258
-0.234216
-0.236121
-0.234074
-0.235983
-0.233929
-0.235843
-0.233783
-0.235702
-0.233636
-0.235560
-0.233486
-0.235417
-0.233335
-0.235273
-0.233183
-0.235128
-0.233030
-0.234983
-0.232876
-0.234836
-0.232721
-0.234689
-0.232565
-0.234541
-0.232408
-0.234392
-0.232250
-0.234242
-0.232092
-0.234091
-0.231932
-0.233940
-0.231772
-0.233788
-0.231611
-0.233635
-0.231449
-0.233480
-0.231286
-0.233325
-0.231122
-0.233169
-0.230957
-0.233013
-0.230792
-0.232855
-0.230626
-0.232696
-0.230459
-0.232537
-0.230291
-0.232377
-0.230122
-0.232215
-0.229953
-0.232054
-0.229782
-0.231891
-0.229612
-0.231728
-0.229440
-0.231564
-0.229269
-0.231400
-0.229096
-0.231235
-0.228923
-0.231070
-0.228750
-0.230905
-0.228576
-0.230739
-0.228402
-0.230573
-0.228228
-0.230406
-0.228054
-0.230239
-0.227879
-0.230072
-0.227705
-0.229906
-0.227530
-0.229738
-0.227355
-0.229571
-0.227180
-0.229404
-0.227005
-0.229237
-0.226831
-0.229070
-0.226656
-0.228903
-0.226481
-0.228736
-0.226307
-0.228569
-0.226133
-0.228402
-0.225959
-0.228236
-0.225785
-0.228069
-0.225611
-0.227903
-0.225438
-0.227737
-0.225264
-0.227570
-0.225091
-0.227405
-0.224918
-0.227239
-0.224746
-0.227073
-0.224573
-0.226908
-0.224401
-0.226743
-0.224229
-0.226577
-0.224058
-0.226412
-0.223886
-0.226247
-0.223714
-0.226083
-0.223543
-0.225918
-0.223372
-0.225753
-0.223201
-0.225589
-0.223030
-0.225424
-0.222859
-0.225260
-0.222688
-0.225096
-0.222518
-0.224931
-0.222347
-0.224767
-0.222177
-0.224603
-0.222006
-0.224438
-0.221835
-0.224274
-0.221665
-0.224109
-0.221494
-0.223945
-0.221323
-0.223780
-0.221153
-0.223616
-0.220982
-0.223451
-0.220811
-0.223286
-0.220640
-0.223121
-0.220469
-0.222956
-0.220297
-0.222791
-0.220126
-0.222626
-0.219954
-0.222460
-0.219783
-0.222295
-0.219611
-0.222129
-0.219438
-0.221963
-0.219267
-0.221797
-0.219093
-0.221630
-0.218923
-0.221466
-0.218746
-0.221294
-0.218581
-0.221136
-0.218394
-0.220952
-0.218247
-0.220815
-0.218029
-0.220587
-0.217954
-0.220508
-0.217672
-0.220121
-0.217807
-0.220155
-0.217798
-0.219353
-0.217690
-0.219990
-0.217523
-0.219536
-0.218464
-0.217629
-0.219918
-0.217625
-0.219665
-0.217585
-0.218436
-0.218210
-0.219217
-0.217245
-0.219597
-0.217227
-0.219193
-0.219036
-0.217333
-0.220152
-0.219143
-0.217153
-0.219388
-0.218220
-0.217855
-0.219137
-0.217536
-0.219683
-0.217417
-0.219890
-0.217643
-0.219195
-0.217556
-0.219807
-0.217318
-0.219042
-0.218505
-0.217420
-0.219694
-0.218596
-0.217198
-0.219393
-0.217007
-0.219517
-0.217053
-0.218952
-0.217151
-0.219722
-0.216939
-0.219064
-0.217956
-0.217051
-0.219485
-0.217150
-0.219006
-0.217732
-0.216742
-0.219295
-0.217113
-0.218931
-0.217919
-0.216626
-0.219492
-0.216707
-0.219261
-0.216239
-0.218536
-0.216587
-0.219117
-0.216285
-0.218210
-0.216208
-0.219042
-0.215809
-0.218624
-0.215609
-0.218069
-0.216108
-0.218285
-0.216392
-0.216247
-0.217649
-0.215533
-0.218389
-0.215423
-0.217627
-0.217450
-0.215453
-0.218855
-0.217550
-0.215388
-0.217715
-0.216491
-0.216148
-0.217414
-0.215747
-0.218084
-0.215821
-0.218079
-0.216906
-0.215919
-0.218335
-0.216027
-0.217688
-0.216849
-0.215571
-0.218465
-0.215578
-0.217650
-0.215369
-0.218109
-0.214749
-0.217477
-0.215572
-0.217495
-0.216817
-0.215413
-0.217923
-0.216238
-0.216041
-0.217183
-0.215096
-0.217922
-0.215207
-0.217482
-0.217338
-0.215215
-0.218726
-0.217386
-0.215144
-0.217521
-0.216319
-0.215787
-0.217287
-0.215329
-0.217946
-0.215451
-0.217720
-0.216774
-0.215435
-0.218262
-0.215524
-0.217366
-0.216445
-0.215065
-0.218158
-0.214770
-0.217659
-0.214719
-0.217206
-0.215720
-0.215193
-0.217220
-0.214953
-0.217724
-0.213791
-0.217049
-0.214791
-0.216913
-0.216651
-0.216651
-0.214423
-0.217492
-0.216563
-0.214547
-0.216985
-0.216071
-0.214752
-0.217083
-0.214548
-0.217484
-0.214107
-0.217262
-0.214625
-0.216998
-0.215656
-0.214365
-0.216898
-0.214562
-0.216242
-0.215730
-0.214403
-0.216723
-0.216227
-0.214480
-0.216749
-0.215522
-0.214274
-0.216822
-0.214573
-0.216699
-0.215696
-0.214203
-0.217398
-0.214600
-0.216508
-0.215753
-0.214373
-0.217226
-0.214820
-0.216029
-0.214126
-0.216770
-0.214312
-0.216235
-0.216512
-0.214048
-0.217946
-0.216392
-0.214079
-0.216640
-0.215834
-0.214179
-0.216794
-0.213967
-0.216978
-0.214004
-0.217150
-0.213712
-0.216634
-0.214291
-0.216183
-0.215571
-0.214069
-0.216420
-0.215613
-0.213759
-0.216809
-0.213294
-0.216585
-0.212905
-0.216421
-0.213288
-0.216278
-0.213403
-0.215331
-0.212880
-0.216250
-0.212990
-0.215157
-0.215222
-0.212963
-0.216592
-0.215289
-0.212958
-0.215453
-0.214602
-0.213091
-0.215708
-0.212964
-0.216093
-0.212490
-0.215837
-0.213165
-0.215303
-0.214635
-0.213022
-0.215783
-0.213366
-0.214332
-0.212857
-0.215058
-0.212926
-0.214759
-0.214345
-0.213152
-0.215347
-0.215070
-0.213125
-0.215249
-0.214979
-0.213045
-0.215715
-0.215279
-0.213361
-0.215764
-0.215108
-0.213287
-0.216343
-0.212885
-0.216157
-0.213124
-0.215886
-0.214080
-0.213815
-0.215429
-0.212573
-0.216285
-0.212396
-0.215240
-0.215036
-0.212429
-0.216723
-0.214827
-0.212292
-0.214870
-0.213774
-0.212844
-0.214966
-0.212488
-0.215794
-0.212388
-0.215797
-0.212138
-0.215261
-0.212905
-0.214605
-0.214564
-0.212281
-0.215455
-0.214685
-0.212455
-0.215123
-0.214511
-0.212457
-0.215190
-0.213081
-0.214276
-0.212914
-0.215162
-0.212843
-0.215518
-0.213309
-0.213717
-0.214579
-0.212825
-0.215259
-0.212675
-0.214433
-0.215362
-0.211912
-0.217902
-0.214524
-0.211778
-0.214785
-0.213077
-0.214070
-0.212171
-0.214539
-0.212335
-0.215795
-0.212146
-0.215325
-0.212988
-0.214670
-0.214907
-0.212083
-0.215783
-0.214553
-0.212265
-0.215135
-0.214438
-0.212252
-0.215044
-0.212554
-0.214528
-0.212126
-0.215474
-0.212567
-0.214582
-0.214728
-0.212556
-0.215743
-0.214866
-0.212394
-0.214980
-0.214398
-0.212417
-0.215253
-0.212868
-0.214482
-0.212293
-0.215415
-0.212712
-0.214761
-0.215083
-0.212467
-0.216301
-0.214939
-0.212468
-0.215082
-0.214388
-0.212408
-0.215386
-0.212163
-0.215230
-0.212575
-0.215272
-0.213726
-0.212678
-0.215209
-0.212969
-0.214727
-0.214124
-0.212680
-0.215052
-0.214642
-0.212856
-0.215019
-0.214294
-0.212444
-0.215825
-0.211955
-0.215237
-0.212713
-0.214717
-0.214987
-0.212370
-0.216062
-0.214908
-0.212551
-0.215342
-0.214732
-0.212577
-0.215384
-0.213097
-0.214477
-0.212641
-0.215378
-0.212976
-0.214693
-0.215158
-0.212631
-0.216280
-0.215129
-0.212457
-0.215578
-0.214723
-0.212486
-0.215217
-0.213747
-0.213347
-0.214917
-0.212274
-0.216027
-0.212613
-0.215336
-0.215341
-0.212480
-0.216756
-0.215017
-0.212449
-0.215040
-0.214260
-0.212423
-0.215477
-0.212276
-0.215817
-0.211922
-0.215722
-0.212299
-0.215494
-0.212629
-0.214253
-0.211708
-0.215599
-0.211702
-0.214837
-0.214229
-0.211234
-0.216367
-0.214190
-0.211575
-0.214156
-0.213149
-0.211775
-0.214391
-0.211764
-0.215248
-0.211122
-0.214915
-0.212036
-0.214216
-0.214340
-0.211589
-0.215074
-0.214024
-0.211666
-0.214354
-0.213800
-0.211672
-0.214619
-0.211771
-0.214064
-0.211353
-0.215027
-0.211627
-0.214087
-0.213382
-0.211597
-0.215224
-0.210713
-0.214491
-0.211040
-0.213297
-0.213470
-0.211230
-0.214455
-0.213682
-0.211230
-0.213956
-0.213510
-0.211443
-0.214139
-0.212770
-0.211846
-0.214027
-0.211385
-0.214980
-0.210313
-0.214521
-0.211246
-0.213535
-0.213752
-0.210890
-0.214392
-0.213242
-0.210859
-0.213746
-0.213246
-0.211089
-0.213861
-0.211910
-0.212441
-0.212361
-0.212830
-0.211875
-0.213644
-0.210517
-0.215167
-0.210749
-0.213744
-0.213778
-0.210431
-0.215288
-0.212944
-0.210249
-0.213354
-0.212836
-0.210774
-0.213798
-0.210685
-0.213643
-0.211021
-0.214085
-0.211518
-0.212804
-0.211082
-0.213855
-0.211301
-0.212817
-0.213958
-0.210298
-0.215697
-0.213213
-0.210298
-0.213711
-0.212960
-0.210643
-0.213451
-0.210286
-0.213620
-0.210897
-0.213888
-0.211946
-0.211799
-0.213235
-0.210167
-0.214808
-0.210042
-0.214188
-0.213014
-0.209523
-0.215329
-0.212892
-0.210013
-0.212433
-0.210437
-0.211671
-0.210626
-0.212937
-0.210271
-0.214022
-0.210291
-0.213506
-0.210977
-0.212064
-0.210720
-0.212794
-0.210347
-0.212773
-0.211410
-0.209329
-0.214241
-0.209919
-0.213619
-0.212550
-0.208550
-0.214904
-0.212408
-0.209745
-0.212324
-0.210768
-0.210856
-0.211290
-0.210805
-0.212405
-0.209612
-0.214213
-0.209800
-0.213482
-0.212513
-0.209236
-0.214334
-0.212136
-0.209481
-0.211951
-0.211115
-0.209514
-0.212435
-0.209663
-0.213109
-0.209163
-0.212605
-0.210102
-0.212126
-0.212410
-0.209697
-0.212990
-0.212184
-0.209847
-0.212573
-0.212104
-0.209939
-0.212599
-0.211142
-0.210613
-0.212401
-0.209617
-0.213516
-0.209986
-0.212480
-0.212763
-0.209933
-0.213822
-0.212381
-0.209928
-0.212448
-0.211973
-0.209944
-0.213024
-0.209848
-0.212664
-0.210076
-0.213157
-0.210256
-0.212106
-0.209346
-0.213829
-0.209367
-0.209367
-0.212915
-0.211743
-0.208959
-0.213708
-0.211963
-0.209500
-0.211832
-0.210985
-0.209279
-0.212349
-0.209651
-0.212754
-0.209949
-0.211819
-0.209090
-0.213445
-0.209129
-0.212523
-0.211472
-0.208823
-0.213283
-0.211742
-0.209311
-0.211591
-0.210898
-0.208979
-0.212272
-0.209177
-0.212676
-0.208634
-0.212160
-0.209499
-0.211576
-0.211907
-0.209089
-0.212530
-0.211586
-0.209335
-0.211940
-0.211526
-0.209375
-0.212044
-0.210373
-0.210325
-0.211406
-0.209221
-0.212662
-0.209500
-0.212112
-0.212358
-0.209097
-0.213759
-0.211722
-0.209323
-0.211876
-0.211395
-0.209311
-0.212408
-0.209189
-0.212209
-0.209658
-0.212372
-0.210896
-0.209451
-0.212417
-0.210027
-0.211698
-0.212467
-0.209101
-0.213454
-0.211699
-0.209558
-0.212325
-0.211836
-0.209600
-0.212326
-0.210388
-0.211209
-0.210660
-0.212102
-0.209109
-0.213814
-0.209222
-0.213277
-0.212274
-0.208733
-0.214288
-0.211838
-0.209179
-0.211586
-0.210472
-0.209540
-0.211811
-0.209250
-0.212917
-0.209367
-0.212708
-0.209508
-0.211908
-0.209058
-0.212854
-0.209054
-0.211309
-0.210837
-0.209412
-0.212191
-0.210646
-0.208984
-0.211765
-0.209382
-0.211322
-0.212311
-0.208984
-0.213519
-0.211632
-0.209385
-0.212223
-0.211753
-0.209548
-0.212199
-0.210527
-0.210709
-0.211455
-0.209981
-0.212343
-0.210139
-0.211890
-0.212100
-0.210192
-0.212781
-0.212977
-0.209712
-0.213287
-0.211907
-0.209905
-0.212656
-0.212380
-0.210303
-0.212974
-0.211146
-0.211334
-0.211948
-0.210712
-0.212878
-0.210574
-0.213407
-0.211208
-0.211124
-0.212786
-0.209247
-0.214197
-0.209324
-0.215931
-0.212376
-0.208689
-0.212124
-0.211975
-0.211572
-0.209373
-0.210459
-0.208241
-0.212826
-0.210107
-0.212956
-0.212814
-0.209531
-0.213363
-0.211972
-0.209713
-0.212238
-0.211860
-0.209781
-0.212812
-0.209663
-0.212333
-0.209715
-0.213077
-0.209153
-0.212236
-0.209994
-0.211891
-0.212331
-0.209565
-0.212858
-0.212014
-0.209753
-0.212597
-0.212125
-0.209997
-0.212374
-0.211947
-0.209927
-0.213325
-0.209564
-0.213306
-0.209523
-0.213151
-0.209003
-0.212599
-0.209769
-0.211964
-0.212298
-0.209146
-0.213118
-0.211671
-0.209679
-0.212119
-0.211730
-0.209571
-0.212588
-0.209387
-0.212148
-0.209687
-0.212798
-0.209781
-0.211753
-0.208677
-0.213636
-0.208640
-0.212685
-0.210886
-0.208520
-0.212780
-0.211529
-0.209147
-0.211278
-0.210506
-0.208679
-0.211994
-0.209416
-0.211739
-0.211173
-0.209207
-0.212826
-0.208366
-0.212519
-0.208721
-0.211407
-0.211290
-0.208761
-0.212257
-0.211300
-0.209099
-0.211371
-0.211080
-0.209061
-0.211983
-0.209470
-0.211294
-0.208472
-0.212738
-0.208653
-0.212076
-0.210880
-0.208845
-0.212213
-0.211540
-0.209147
-0.211190
-0.210892
-0.208999
-0.211966
-0.209779
-0.211073
-0.208966
-0.212072
-0.209330
-0.211440
-0.212266
-0.208848
-0.213493
-0.211277
-0.209182
-0.211621
-0.211210
-0.209052
-0.212200
-0.208573
-0.212036
-0.209434
-0.211559
-0.211790
-0.209542
-0.212268
-0.212004
-0.209653
-0.212135
-0.211813
-0.209746
-0.212041
-0.211710
-0.209642
-0.212944
-0.208882
-0.212669
-0.209500
-0.211896
-0.212083
-0.209561
-0.212759
-0.212009
-0.209783
-0.212074
-0.211793
-0.209769
-0.212425
-0.210854
-0.210490
-0.212004
-0.209021
-0.213832
-0.208952
-0.213302
-0.211112
-0.209312
-0.212729
-0.212123
-0.209639
-0.211595
-0.211060
-0.209119
-0.212741
-0.209544
-0.212897
-0.209069
-0.211983
-0.209715
-0.211728
-0.211665
-0.209794
-0.211983
-0.212292
-0.209794
-0.212572
-0.212076
-0.209883
-0.212472
-0.212266
-0.210248
-0.212528
-0.212137
-0.209991
-0.213431
-0.209386
-0.213243
-0.209815
-0.212275
-0.211710
-0.209778
-0.213326
-0.208659
-0.213157
-0.208798
-0.212497
-0.211008
-0.209316
-0.212100
-0.211902
-0.209646
-0.211618
-0.211398
-0.209578
-0.212394
-0.210838
-0.210345
-0.211967
-0.208756
-0.213759
-0.208593
-0.213084
-0.210602
-0.209205
-0.212064
-0.211773
-0.209383
-0.211271
-0.210794
-0.208837
-0.212639
-0.209169
-0.212769
-0.208122
-0.212424
-0.208553
-0.212187
-0.210700
-0.208822
-0.211600
-0.211435
-0.209229
-0.211199
-0.211076
-0.209231
-0.211609
-0.211293
-0.209120
-0.212637
-0.208713
-0.212525
-0.207862
-0.212196
-0.208662
-0.211079
-0.211266
-0.208571
-0.211804
-0.210941
-0.208860
-0.211190
-0.211066
-0.209081
-0.211364
-0.210881
-0.208631
-0.212222
-0.209136
-0.211234
-0.211069
-0.209401
-0.211508
-0.211590
-0.209539
-0.211516
-0.211630
-0.209508
-0.211910
-0.211933
-0.209800
-0.212136
-0.212053
-0.209983
-0.212183
-0.212080
-0.210156
-0.212498
-0.211836
-0.209475
-0.213258
-0.209927
-0.212329
-0.212476
-0.209802
-0.213335
-0.212291
-0.210198
-0.212388
-0.212142
-0.210110
-0.212917
-0.210794
-0.211787
-0.210316
-0.212703
-0.210523
-0.212504
-0.212139
-0.210686
-0.213033
-0.212576
-0.210444
-0.213871
-0.208891
-0.213990
-0.209427
-0.213841
-0.212820
-0.208965
-0.214440
-0.212129
-0.209818
-0.212336
-0.210489
-0.211095
-0.210574
-0.212038
-0.209097
-0.213970
-0.209449
-0.214814
-0.212011
-0.208935
-0.212712
-0.211754
-0.209511
-0.211354
-0.208499
-0.211930
-0.209506
-0.211959
-0.208957
-0.213863
-0.208442
-0.212924
-0.209884
-0.208613
-0.212094
-0.209554
-0.210966
-0.207355
-0.207355
-0.212345
-0.207673
-0.212267
-0.211141
-0.207969
-0.212828
-0.210822
-0.208339
-0.210909
-0.208117
-0.210541
-0.207911
-0.211773
-0.208177
-0.211555
-0.207785
-0.210695
-0.208421
-0.210156
-0.210712
-0.207913
-0.211331
-0.210216
-0.208507
-0.210684
-0.210539
-0.208544
-0.210809
-0.210150
-0.207907
-0.212037
-0.208317
-0.211537
-0.210308
-0.208560
-0.211135
-0.211121
-0.208920
-0.210781
-0.210716
-0.208881
-0.211122
-0.211027
-0.209080
-0.212032
-0.208730
-0.211180
-0.208755
-0.211859
-0.208813
-0.210884
-0.207554
-0.212960
-0.207717
-0.211679
-0.211137
-0.206953
-0.213055
-0.210797
-0.207737
-0.210071
-0.209064
-0.208149
-0.210141
-0.207476
-0.211347
-0.208196
-0.210295
-0.210533
-0.208467
-0.210775
-0.210731
-0.208229
-0.210644
-0.210435
-0.208508
-0.210740
-0.210703
-0.208748
-0.211092
-0.210217
-0.208168
-0.211788
-0.208531
-0.211455
-0.210710
-0.208728
-0.211507
-0.211295
-0.209089
-0.211022
-0.210911
-0.209055
-0.211390
-0.211077
-0.208818
-0.212344
-0.209113
-0.211446
-0.210835
-0.208730
-0.212455
-0.208755
-0.212214
-0.207617
-0.211922
-0.207914
-0.212269
-0.209598
-0.207730
-0.211543
-0.207519
-0.211302
-0.207542
-0.209886
-0.209571
-0.207942
-0.211402
-0.206975
-0.211492
-0.206714
-0.211413
-0.208405
-0.206879
-0.210542
-0.206771
-0.210159
-0.206494
-0.209228
-0.208927
-0.207138
-0.210070
-0.209863
-0.207598
-0.209428
-0.209431
-0.207475
-0.209621
-0.209736
-0.207920
-0.209973
-0.209675
-0.207385
-0.210928
-0.206584
-0.210732
-0.207147
-0.209416
-0.209563
-0.207491
-0.209871
-0.209855
-0.207479
-0.209859
-0.209759
-0.207758
-0.209953
-0.210022
-0.208060
-0.210065
-0.210006
-0.208098
-0.210601
-0.209317
-0.207829
-0.210607
-0.208182
-0.210153
-0.210993
-0.207543
-0.212264
-0.209516
-0.207351
-0.210832
-0.207729
-0.209934
-0.209393
-0.207360
-0.211208
-0.207212
-0.211190
-0.207108
-0.210568
-0.206484
-0.210030
-0.207090
-0.209823
-0.209381
-0.207037
-0.210083
-0.209541
-0.207640
-0.209579
-0.209630
-0.207711
-0.209742
-0.209859
-0.208101
-0.210145
-0.209998
-0.208016
-0.210925
-0.207926
-0.210094
-0.206968
-0.211433
-0.207286
-0.210063
-0.209545
-0.207804
-0.210192
-0.210294
-0.207729
-0.210128
-0.209944
-0.208002
-0.210393
-0.210510
-0.208438
-0.210442
-0.210554
-0.208524
-0.210597
-0.210749
-0.208779
-0.210774
-0.210893
-0.208897
-0.210884
-0.211014
-0.209032
-0.211054
-0.211201
-0.209186
-0.211244
-0.211398
-0.209327
-0.211450
-0.211581
-0.209473
-0.211645
-0.211736
-0.209643
-0.211799
-0.211876
-0.209828
-0.211934
-0.212006
-0.210017
-0.212078
-0.212118
-0.210196
-0.212243
-0.212174
-0.210299
-0.212609
-0.211988
-0.209267
-0.214111
-0.209080
-0.214142
-0.210287
-0.208632
-0.212601
-0.209418
-0.211906
-0.211102
-0.208908
-0.211885
-0.211850
-0.209958
-0.211862
-0.211719
-0.209699
-0.211894
-0.211682
-0.209495
-0.213187
-0.208826
-0.212921
-0.209127
-0.211720
-0.211103
-0.208779
-0.212686
-0.209101
-0.211376
-0.210827
-0.209092
-0.212331
-0.208900
-0.211455
-0.209116
-0.211189
-0.211036
-0.209404
-0.211539
-0.211704
-0.209656
-0.211728
-0.211981
-0.209401
-0.212535
-0.211614
-0.209899
-0.212123
-0.211845
-0.209509
-0.213166
-0.208326
-0.213545
-0.208311
-0.213384
-0.209466
-0.208347
-0.211266
-0.208867
-0.210543
-0.211189
-0.207803
-0.212626
-0.209849
-0.207897
-0.211896
-0.207666
-0.211792
-0.208873
-0.206805
-0.211560
-0.207526
-0.211481
-0.208662
-0.206258
-0.210610
-0.207212
-0.209915
-0.209184
-0.207181
-0.209535
-0.209777
-0.207722
-0.209650
-0.209792
-0.207645
-0.209861
-0.210066
-0.207986
-0.210130
-0.210259
-0.208078
-0.210232
-0.210361
-0.208259
-0.210405
-0.210537
-0.208448
-0.210539
-0.210681
-0.208611
-0.210697
-0.210841
-0.208785
-0.210866
-0.211007
-0.208953
-0.211037
-0.211173
-0.209118
-0.211215
-0.211347
-0.209288
-0.211400
-0.211523
-0.209462
-0.211584
-0.211698
-0.209639
-0.211764
-0.211869
-0.209819
-0.211940
-0.212037
-0.209999
-0.212111
-0.212202
-0.210177
-0.212281
-0.212362
-0.210352
-0.212448
-0.212519
-0.210525
-0.212615
-0.212671
-0.210696
-0.212781
-0.212815
-0.210866
-0.212946
-0.212940
-0.211030
-0.213125
-0.213008
-0.211130
-0.213512
-0.212850
-0.209860
-0.215070
-0.210263
-0.214599
-0.214169
-0.209322
-0.215268
-0.212941
-0.210115
-0.212552
-0.210208
-0.211996
-0.209059
-0.214194
-0.209244
-0.214565
-0.210668
-0.208684
-0.212792
-0.209296
-0.211795
-0.210658
-0.208842
-0.211439
-0.211666
-0.209764
-0.212339
-0.209978
-0.210675
-0.209140
-0.211893
-0.209695
-0.211718
-0.212334
-0.209125
-0.214169
-0.209511
-0.211088
-0.207824
-0.212523
-0.208632
-0.214521
-0.212166
-0.208018
-0.211782
-0.209221
-0.211668
-0.207598
-0.210310
-0.207947
-0.210356
-0.207475
-0.212332
-0.208412
-0.214504
-0.211640
-0.207401
-0.209024
-0.210407
-0.208302
-0.209101
-0.205221
-0.210077
-0.206661
-0.211132
-0.209407
-0.206834
-0.210721
-0.206629
-0.209490
-0.208260
-0.206616
-0.209799
-0.207483
-0.209183
-0.205260
-0.210090
-0.206328
-0.213129
-0.210482
-0.206935
-0.207812
-0.209448
-0.207008
-0.207851
-0.204143
-0.208638
-0.205775
-0.209380
-0.208680
-0.206587
-0.209119
-0.206524
-0.206524
-0.207606
-0.204526
-0.209268
-0.205375
-0.210779
-0.208408
-0.204942
-0.208711
-0.205762
-0.207868
-0.204301
-0.207465
-0.203892
-0.208096
-0.205090
-0.208745
-0.206740
-0.203948
-0.208066
-0.204397
-0.207281
-0.206258
-0.204463
-0.207599
-0.204568
-0.207015
-0.204529
-0.206945
-0.206153
-0.203220
-0.207963
-0.204627
-0.210582
-0.208460
-0.203414
-0.205723
-0.205632
-0.205854
-0.203355
-0.205125
-0.202859
-0.206990
-0.202885
-0.208049
-0.203439
-0.207179
-0.206897
-0.201580
-0.207228
-0.205108
-0.202760
-0.205351
-0.201934
-0.205359
-0.202593
-0.204897
-0.205008
-0.203248
-0.205562
-0.204659
-0.202132
-0.206378
-0.201599
-0.207098
-0.201736
-0.203460
-0.201351
-0.205671
-0.200779
-0.205821
-0.199638
-0.202790
-0.201039
-0.203887
-0.202437
-0.200217
-0.203625
-0.199783
-0.205147
-0.199011
-0.203166
-0.199554
-0.203681
-0.200700
-0.198885
-0.201974
-0.199403
-0.202331
-0.201377
-0.199367
-0.202869
-0.198286
-0.203323
-0.198565
-0.202799
-0.202036
-0.198145
-0.202242
-0.201233
-0.198706
-0.201153
-0.198011
-0.201268
-0.198000
-0.201392
-0.198776
-0.200986
-0.200752
-0.198628
-0.200628
-0.200668
-0.198714
-0.201181
-0.199321
-0.199819
-0.199002
-0.200834
-0.196945
-0.202602
-0.197158
-0.205636
-0.201332
-0.199530
-0.198924
-0.200281
-0.198907
-0.197260
-0.196499
-0.196874
-0.198013
-0.198560
-0.199659
-0.197036
-0.201154
-0.196789
-0.200146
-0.200466
-0.196184
-0.201655
-0.200215
-0.196887
-0.199005
-0.197737
-0.198012
-0.198125
-0.198194
-0.198789
-0.197658
-0.199808
-0.197771
-0.200078
-0.198922
-0.196483
-0.200786
-0.197057
-0.201038
-0.200468
-0.196115
-0.200811
-0.199250
-0.197483
-0.199315
-0.196440
-0.199920
-0.196202
-0.200420
-0.196989
-0.199735
-0.198825
-0.196637
-0.199736
-0.195616
-0.200146
-0.195206
-0.200291
-0.195188
-0.197747
-0.195230
-0.198797
-0.194727
-0.198159
-0.194022
-0.197900
-0.194328
-0.198035
-0.193422
-0.198105
-0.192938
-0.197857
-0.192582
-0.195313
-0.193050
-0.195970
-0.192829
-0.194996
-0.192613
-0.195531
-0.192993
-0.195050
-0.191695
-0.196953
-0.191167
-0.196598
-0.190343
-0.193245
-0.191257
-0.193746
-0.192337
-0.190471
-0.193287
-0.190704
-0.194064
-0.192537
-0.189965
-0.194418
-0.190548
-0.194647
-0.193238
-0.189887
-0.192856
-0.192590
-0.190536
-0.192659
-0.190002
-0.192053
-0.192426
-0.190630
-0.193981
-0.189279
-0.194282
-0.189180
-0.192597
-0.192975
-0.188623
-0.193452
-0.191198
-0.189292
-0.191387
-0.188684
-0.191938
-0.187978
-0.192808
-0.187988
-0.193194
-0.187454
-0.190060
-0.187647
-0.190292
-0.187924
-0.189357
-0.185759
-0.190529
-0.187302
-0.193684
-0.190935
-0.188938
-0.188159
-0.189717
-0.188457
-0.187370
-0.186811
-0.186764
-0.188239
-0.186938
-0.190874
-0.186512
-0.191408
-0.184387
-0.189415
-0.184506
-0.189528
-0.184938
-0.186502
-0.183774
-0.188360
-0.184033
-0.188586
-0.183615
-0.186260
-0.184031
-0.187099
-0.183222
-0.187056
-0.182437
-0.187532
-0.181717
-0.186142
-0.182206
-0.186212
-0.182904
-0.183206
-0.182430
-0.184177
-0.180643
-0.185705
-0.181113
-0.188523
-0.185293
-0.183936
-0.182931
-0.184147
-0.182926
-0.181311
-0.180205
-0.180500
-0.181241
-0.182541
-0.181913
-0.183753
-0.180544
-0.183991
-0.180447
-0.182628
-0.182051
-0.179570
-0.184271
-0.179696
-0.183758
-0.181454
-0.179147
-0.182770
-0.180235
-0.182428
-0.180279
-0.180850
-0.179237
-0.182198
-0.179925
-0.182004
-0.181584
-0.179028
-0.182636
-0.179651
-0.181743
-0.181001
-0.178274
-0.182971
-0.179228
-0.182137
-0.183287
-0.178275
-0.182763
-0.181427
-0.178963
-0.181288
-0.178005
-0.181331
-0.178691
-0.180631
-0.180763
-0.178124
-0.182074
-0.178071
-0.181277
-0.178718
-0.178354
-0.179802
-0.176681
-0.181217
-0.178013
-0.181893
-0.182061
-0.177098
-0.180065
-0.178853
-0.179324
-0.176575
-0.178534
-0.176339
-0.179696
-0.176711
-0.180651
-0.176555
-0.180386
-0.175686
-0.177985
-0.175700
-0.178633
-0.175483
-0.178653
-0.175665
-0.178505
-0.177536
-0.174994
-0.179620
-0.174825
-0.179411
-0.174825
-0.176133
-0.173931
-0.178280
-0.173757
-0.178336
-0.172151
-0.176561
-0.172878
-0.176826
-0.173895
-0.174233
-0.172785
-0.174924
-0.172145
-0.176024
-0.172699
-0.174934
-0.174516
-0.171557
-0.176235
-0.172203
-0.175720
-0.174972
-0.171790
-0.174505
-0.173755
-0.173610
-0.173005
-0.172497
-0.173212
-0.171460
-0.175867
-0.170949
-0.176564
-0.170198
-0.173454
-0.169546
-0.173730
-0.169484
-0.173347
-0.169174
-0.171771
-0.169461
-0.172997
-0.168359
-0.173475
-0.168450
-0.171224
-0.172239
-0.167933
-0.171977
-0.169930
-0.169055
-0.170105
-0.167045
-0.172096
-0.167200
-0.172189
-0.166938
-0.169704
-0.167420
-0.169493
-0.168130
-0.167241
-0.168611
-0.165075
-0.170291
-0.166367
-0.172813
-0.170017
-0.168613
-0.167421
-0.168349
-0.167464
-0.166239
-0.165290
-0.165413
-0.166060
-0.167068
-0.166907
-0.168210
-0.164233
-0.168552
-0.164995
-0.169962
-0.167725
-0.166655
-0.165857
-0.167642
-0.166893
-0.165558
-0.165595
-0.164370
-0.167037
-0.165161
-0.168475
-0.164626
-0.167882
-0.164574
-0.166250
-0.166021
-0.163427
-0.167732
-0.163441
-0.168005
-0.162883
-0.166333
-0.163720
-0.165685
-0.165799
-0.163066
-0.163066
-0.166050
-0.163069
-0.166129
-0.162198
-0.166763
-0.161897
-0.166494
-0.161121
-0.164499
-0.161786
-0.163645
-0.163918
-0.161288
-0.164347
-0.161265
-0.164498
-0.160378
-0.164967
-0.160135
-0.164439
-0.159418
-0.162667
-0.160002
-0.161720
-0.162047
-0.159350
-0.162463
-0.159300
-0.162539
-0.158270
-0.163109
-0.157863
-0.162537
-0.156965
-0.160588
-0.157592
-0.159560
-0.159653
-0.156753
-0.160108
-0.157368
-0.159103
-0.159299
-0.156284
-0.160740
-0.155970
-0.160357
-0.154851
-0.158817
-0.155339
-0.158143
-0.157043
-0.154923
-0.157810
-0.155280
-0.157214
-0.157263
-0.154093
-0.159027
-0.153793
-0.158657
-0.152575
-0.156471
-0.153206
-0.155549
-0.155391
-0.152363
-0.156541
-0.152269
-0.156350
-0.151807
-0.155065
-0.152359
-0.154016
-0.154386
-0.151238
-0.154934
-0.151842
-0.153941
-0.153819
-0.150757
-0.155839
-0.150909
-0.154638
-0.152387
-0.150146
-0.153371
-0.151214
-0.152659
-0.152984
-0.149739
-0.153750
-0.150597
-0.153061
-0.152166
-0.149728
-0.153721
-0.149137
-0.153954
-0.148128
-0.152524
-0.148839
-0.151629
-0.150521
-0.148621
-0.151139
-0.148835
-0.150593
-0.150823
-0.147252
-0.152118
-0.149271
-0.151763
-0.152698
-0.147948
-0.150182
-0.149598
-0.150033
-0.148517
-0.149960
-0.146263
-0.151953
-0.148239
-0.150345
-0.152219
-0.146883
-0.150078
-0.148614
-0.147689
-0.148876
-0.145967
-0.151014
-0.146384
-0.151289
-0.145761
-0.149520
-0.146095
-0.147722
-0.147728
-0.144453
-0.148473
-0.145088
-0.148111
-0.146521
-0.146464
-0.146718
-0.145231
-0.147512
-0.144981
-0.147397
-0.144274
-0.147904
-0.144534
-0.148321
-0.143067
-0.148237
-0.143655
-0.145897
-0.147880
-0.143230
-0.146917
-0.144727
-0.145608
-0.143334
-0.146018
-0.143666
-0.145407
-0.145309
-0.142525
-0.147605
-0.142691
-0.146401
-0.143936
-0.142103
-0.144841
-0.142839
-0.145456
-0.141815
-0.145932
-0.141230
-0.146077
-0.140646
-0.145004
-0.140901
-0.143429
-0.141872
-0.141028
-0.142559
-0.138608
-0.143722
-0.140275
-0.144838
-0.143083
-0.141829
-0.141178
-0.141861
-0.141232
-0.140321
-0.139499
-0.139495
-0.139874
-0.140886
-0.140011
-0.142133
-0.138564
-0.141921
-0.138176
-0.140641
-0.137698
-0.140913
-0.138576
-0.140516
-0.140504
-0.137137
-0.142179
-0.138390
-0.140232
-0.141931
-0.137225
-0.139837
-0.139392
-0.137756
-0.139636
-0.136363
-0.139861
-0.136962
-0.139934
-0.136173
-0.141122
-0.135541
-0.140366
-0.134682
-0.138374
-0.135692
-0.137457
-0.137983
-0.134801
-0.139753
-0.134211
-0.139126
-0.133499
-0.137235
-0.134269
-0.135634
-0.136166
-0.132584
-0.137139
-0.132424
-0.136707
-0.131855
-0.136154
-0.132258
-0.134991
-0.133057
-0.133225
-0.132062
-0.134088
-0.129832
-0.135151
-0.131679
-0.135767
-0.133986
-0.133054
-0.132024
-0.133020
-0.132303
-0.131803
-0.130620
-0.131482
-0.129661
-0.133736
-0.130797
-0.133280
-0.130877
-0.131403
-0.128304
-0.133090
-0.127664
-0.132982
-0.128317
-0.131372
-0.128158
-0.132095
-0.128695
-0.130243
-0.129698
-0.126700
-0.131199
-0.126694
-0.131135
-0.125590
-0.129965
-0.125681
-0.128683
-0.126453
-0.127884
-0.124446
-0.129990
-0.124462
-0.129382
-0.123678
-0.127620
-0.124523
-0.126223
-0.126628
-0.123116
-0.127678
-0.122942
-0.127230
-0.122412
-0.126745
-0.122849
-0.125328
-0.123771
-0.123365
-0.123614
-0.122006
-0.124862
-0.122421
-0.124548
-0.122340
-0.124511
-0.120038
-0.125820
-0.121463
-0.122940
-0.124708
-0.120937
-0.122785
-0.123591
-0.121010
-0.123884
-0.120841
-0.122104
-0.122640
-0.119574
-0.124987
-0.119011
-0.123864
-0.117963
-0.121554
-0.118816
-0.120647
-0.120813
-0.118701
-0.121839
-0.119045
-0.120854
-0.120697
-0.117955
-0.122615
-0.116826
-0.121819
-0.116800
-0.119475
-0.115931
-0.120255
-0.116652
-0.119259
-0.116856
-0.118474
-0.114378
-0.120160
-0.116249
-0.117828
-0.118962
-0.115337
-0.117047
-0.117035
-0.116598
-0.117463
-0.113854
-0.119612
-0.114093
-0.118965
-0.113550
-0.117514
-0.113796
-0.115688
-0.115299
-0.112869
-0.116262
-0.113772
-0.115763
-0.115972
-0.112898
-0.118048
-0.111620
-0.116737
-0.111447
-0.114216
-0.110482
-0.115108
-0.111356
-0.114010
-0.111522
-0.113318
-0.109150
-0.115327
-0.110938
-0.111463
-0.115321
-0.109103
-0.112461
-0.111392
-0.111031
-0.111506
-0.109450
-0.112427
-0.109973
-0.112173
-0.109875
-0.112377
-0.108648
-0.112380
-0.108750
-0.111194
-0.107555
-0.112306
-0.107654
-0.112247
-0.106775
-0.112005
-0.106614
-0.110545
-0.105757
-0.110010
-0.105975
-0.108277
-0.107015
-0.107105
-0.106558
-0.107514
-0.104176
-0.109937
-0.105672
-0.105645
-0.110240
-0.105166
-0.107624
-0.108669
-0.105835
-0.107769
-0.104895
-0.108271
-0.105568
-0.107681
-0.105096
-0.107730
-0.104474
-0.107416
-0.102105
-0.108416
-0.102593
-0.105239
-0.105771
-0.102566
-0.106303
-0.103683
-0.105945
-0.102895
-0.105715
-0.102821
-0.104914
-0.102530
-0.105116
-0.101404
-0.104869
-0.100385
-0.104442
-0.101079
-0.103279
-0.101506
-0.103816
-0.098977
-0.104926
-0.101648
-0.102480
-0.104551
-0.100511
-0.102224
-0.101695
-0.102576
-0.100156
-0.102627
-0.099383
-0.102881
-0.098388
-0.104987
-0.098321
-0.102858
-0.097072
-0.100910
-0.097993
-0.099486
-0.100923
-0.097438
-0.102877
-0.097075
-0.097075
-0.101608
-0.096280
-0.100023
-0.096764
-0.097813
-0.098252
-0.094842
-0.099959
-0.094294
-0.099151
-0.094219
-0.098019
-0.094776
-0.097092
-0.093889
-0.097333
-0.094172
-0.095664
-0.095799
-0.093464
-0.097512
-0.093585
-0.096710
-0.091718
-0.097669
-0.090998
-0.096285
-0.091266
-0.094835
-0.091164
-0.094646
-0.090188
-0.095516
-0.090194
-0.093931
-0.089098
-0.094063
-0.089492
-0.092616
-0.088989
-0.092201
-0.089155
-0.091157
-0.089513
-0.092004
-0.086837
-0.093149
-0.089609
-0.090213
-0.092270
-0.088163
-0.090126
-0.088722
-0.091202
-0.086656
-0.092061
-0.086136
-0.090600
-0.085802
-0.090200
-0.086644
-0.087516
-0.087976
-0.084051
-0.089727
-0.084007
-0.089199
-0.084478
-0.088327
-0.084843
-0.087451
-0.083152
-0.088418
-0.082436
-0.086858
-0.081679
-0.086577
-0.082784
-0.084642
-0.084058
-0.082456
-0.084612
-0.079587
-0.086628
-0.081974
-0.081867
-0.087013
-0.080347
-0.083479
-0.081935
-0.082877
-0.080551
-0.083494
-0.079964
-0.083916
-0.079973
-0.083716
-0.079279
-0.082968
-0.078908
-0.082068
-0.076873
-0.083891
-0.077172
-0.082289
-0.077082
-0.081259
-0.078053
-0.079017
-0.079908
-0.075898
-0.081513
-0.075078
-0.080020
-0.075107
-0.078813
-0.074990
-0.078412
-0.073599
-0.079246
-0.073665
-0.077695
-0.072965
-0.078214
-0.073927
-0.076478
-0.074022
-0.076186
-0.071086
-0.078104
-0.071037
-0.076135
-0.070557
-0.074674
-0.071531
-0.072633
-0.073519
-0.069835
-0.075212
-0.069303
-0.074031
-0.068885
-0.073407
-0.069869
-0.070958
-0.071300
-0.068041
-0.072618
-0.068201
-0.071778
-0.067009
-0.073520
-0.066488
-0.071523
-0.066364
-0.069856
-0.065711
-0.069592
-0.065494
-0.069822
-0.066261
-0.068596
-0.064859
-0.069478
-0.065046
-0.067898
-0.063683
-0.068571
-0.063784
-0.067407
-0.062592
-0.069271
-0.062204
-0.067342
-0.062322
-0.066095
-0.062142
-0.065747
-0.060821
-0.066810
-0.060710
-0.064838
-0.059479
-0.064957
-0.060200
-0.062992
-0.059976
-0.063086
-0.058817
-0.062994
-0.059081
-0.062981
-0.057514
-0.064461
-0.056990
-0.062155
-0.057095
-0.060634
-0.056157
-0.060644
-0.057343
-0.059324
-0.056814
-0.059789
-0.054730
-0.060989
-0.054201
-0.059137
-0.053975
-0.057733
-0.053141
-0.057825
-0.054454
-0.056561
-0.054079
-0.057281
-0.052455
-0.058210
-0.052532
-0.056649
-0.050452
-0.057463
-0.050130
-0.055267
-0.050063
-0.054462
-0.051061
-0.052916
-0.051618
-0.053789
-0.048006
-0.054786
-0.052144
-0.050473
-0.054373
-0.049857
-0.050688
-0.051447
-0.050755
-0.052730
-0.047750
-0.055019
-0.047508
-0.052876
-0.047762
-0.051238
-0.046850
-0.050020
-0.044749
-0.051189
-0.045370
-0.049979
-0.045342
-0.050911
-0.046596
-0.048260
-0.046682
-0.046979
-0.043824
-0.047780
-0.044396
-0.046873
-0.043260
-0.048156
-0.043149
-0.046767
-0.040749
-0.048656
-0.042121
-0.043808
-0.046020
-0.041436
-0.045686
-0.042409
-0.044837
-0.041050
-0.045520
-0.041277
-0.043487
-0.040821
-0.044240
-0.039590
-0.044000
-0.039844
-0.043438
-0.037537
-0.045743
-0.040309
-0.039919
-0.045532
-0.039124
-0.041814
-0.039596
-0.042516
-0.037480
-0.043719
-0.037236
-0.041618
-0.036077
-0.041247
-0.037063
-0.038423
-0.038206
-0.036892
-0.039314
-0.033430
-0.040966
-0.038798
-0.036706
-0.040852
-0.036279
-0.036818
-0.037481
-0.036720
-0.038426
-0.033802
-0.039760
-0.033690
-0.038087
-0.032749
-0.037663
-0.033116
-0.033997
-0.033993
-0.032245
-0.035680
-0.030950
-0.038786
-0.031100
-0.036628
-0.031951
-0.033817
-0.030270
-0.034070
-0.030516
-0.033369
-0.028350
-0.035777
-0.027926
-0.033344
-0.028664
-0.031589
-0.026706
-0.031811
-0.028118
-0.029549
-0.029709
-0.028292
-0.031217
-0.025322
-0.033567
-0.027941
-0.026196
-0.032820
-0.025480
-0.028603
-0.026951
-0.029733
-0.025517
-0.030462
-0.026661
-0.027891
-0.027861
-0.026168
-0.028594
-0.022295
-0.030567
-0.023898
-0.023820
-0.028016
-0.024284
-0.025197
-0.026941
-0.023961
-0.028175
-0.024510
-0.025559
-0.024943
-0.025083
-0.024065
-0.025638
-0.019444
-0.026843
-0.022968
-0.021443
-0.025675
-0.021859
-0.023013
-0.023728
-0.023681
-0.024649
-0.021447
-0.025051
-0.021545
-0.023753
-0.019905
-0.024447
-0.019948
-0.021306
-0.019802
-0.021853
-0.017275
-0.026062
-0.018030
-0.023729
-0.018547
-0.022007
-0.017701
-0.021669
-0.017219
-0.021440
-0.017175
-0.020362
-0.015073
-0.022153
-0.015132
-0.019722
-0.014204
-0.018552
-0.015129
-0.016816
-0.015861
-0.018143
-0.013208
-0.021355
-0.012432
-0.018197
-0.013593
-0.015645
-0.012426
-0.016462
-0.012681
-0.016426
-0.010703
-0.018009
-0.010872
-0.015739
-0.010596
-0.014794
-0.010862
-0.012972
-0.009363
-0.013879
-0.010476
-0.012097
-0.010758
-0.013111
-0.007194
-0.015900
-0.008701
-0.009105
-0.012213
-0.008156
-0.010794
-0.007551
-0.012921
-0.009284
-0.010188
-0.009937
-0.008777
-0.011070
-0.004859
-0.013244
-0.007852
-0.005846
-0.011125
-0.006424
-0.007408
-0.009326
-0.007311
-0.011047
-0.006301
-0.010396
-0.006054
-0.009806
-0.004278
-0.010129
-0.004698
-0.006982
-0.003779
-0.007676
-0.003505
-0.008246
-0.003909
-0.008485
-0.003769
-0.007882
-0.002689
-0.007387
-0.003451
-0.005743
-0.001815
-0.006737
-0.002865
-0.004402
-0.003202
-0.004885
0.000347
-0.008403
-0.008403
0.001224
-0.004905
-0.000060
-0.002516
0.001184
-0.003780
-0.000635
-0.002410
-0.000088
-0.003278
0.002966
-0.005880
0.003574
-0.002260
0.002760
0.000367
0.004326
-0.000660
0.002395
0.000401
0.002612
-0.000787
0.005336
-0.003064
0.006266
0.000349
0.005166
0.003414
0.005939
0.002013
0.007106
0.000412
0.006103
0.002712
0.007754
0.001940
0.006537
0.004823
0.006513
0.004522
0.010250
0.001160
0.010529
0.004353
0.009121
0.006418
0.010783
0.005620
0.008956
0.007766
0.008333
0.008224
0.009111
0.007069
0.013314
0.004656
0.009978
0.012047
0.007378
0.011429
0.010588
0.008787
0.010340
0.006484
0.012256
0.006370
0.011516
0.009092
0.012678
0.008891
0.013761
0.010007
0.016419
0.007849
0.015976
0.010129
0.014470
0.010551
0.015466
0.010298
0.014003
0.012977
0.013675
0.013454
0.014767
0.012073
0.019267
0.010588
0.014390
0.017405
0.012614
0.016530
0.015564
0.014422
0.014441
0.012747
0.016794
0.012095
0.016188
0.015099
0.016086
0.015811
0.018872
0.015236
0.020998
0.014934
0.019184
0.016010
0.019510
0.014014
0.017791
0.016419
0.017767
0.016189
0.021553
0.012624
0.022843
0.015838
0.021335
0.019658
0.022029
0.018658
0.024037
0.016153
0.023711
0.018727
0.024104
0.019404
0.023183
0.020451
0.025094
0.019348
0.024075
0.022240
0.023925
0.020808
0.026876
0.017398
0.027445
0.021630
0.026644
0.023616
0.027913
0.022433
0.025596
0.024253
0.025564
0.024122
0.028975
0.021514
0.029800
0.024263
0.029469
0.026255
0.031581
0.024992
0.029355
0.027122
0.029046
0.025954
0.032163
0.022967
0.032818
0.026886
0.031849
0.029759
0.033422
0.028691
0.032662
0.028545
0.034847
0.026888
0.034617
0.029742
0.035270
0.030287
0.034177
0.032507
0.034684
0.030995
0.037320
0.028425
0.037669
0.031747
0.036417
0.033926
0.038125
0.033147
0.036816
0.034265
0.038442
0.032954
0.037049
0.035529
0.037181
0.034729
0.041596
0.031531
0.041247
0.036134
0.041884
0.036321
0.039815
0.038888
0.037565
0.040601
0.036367
0.041471
0.037017
0.043360
0.036473
0.042557
0.039416
0.044623
0.038475
0.042859
0.041000
0.042011
0.039588
0.045248
0.035906
0.046425
0.039746
0.044772
0.043339
0.045244
0.042031
0.047603
0.038720
0.047770
0.042094
0.047018
0.043549
0.048639
0.042942
0.046850
0.045982
0.046398
0.046670
0.046320
0.047467
0.044406
0.052470
0.043085
0.046667
0.050694
0.044913
0.048805
0.048253
0.046508
0.047382
0.044201
0.049856
0.043297
0.049427
0.046758
0.051275
0.046979
0.051514
0.049237
0.053791
0.047708
0.051383
0.049658
0.049890
0.048731
0.051525
0.047354
0.053200
0.048020
0.052754
0.049475
0.055341
0.046597
0.055198
0.049533
0.054667
0.050521
0.055874
0.050341
0.053948
0.052152
0.054815
0.051228
0.058020
0.049763
0.058330
0.052890
0.058273
0.053878
0.058967
0.053700
0.057793
0.053821
0.059787
0.052184
0.058769
0.054935
0.060462
0.054563
0.058926
0.058157
0.057847
0.059244
0.056341
0.063142
0.052431
0.062627
0.057525
0.063558
0.058507
0.062143
0.060613
0.061155
0.059248
0.063665
0.057488
0.062715
0.059932
0.065035
0.059054
0.064211
0.062442
0.064899
0.060758
0.067417
0.057913
0.067285
0.061040
0.065630
0.063210
0.067345
0.062370
0.066597
0.063012
0.069353
0.060844
0.069196
0.064104
0.069904
0.064815
0.069113
0.066336
0.070865
0.064771
0.068815
0.067403
0.068605
0.066517
0.072233
0.063416
0.073411
0.066958
0.071711
0.069534
0.072448
0.067738
0.073271
0.067187
0.071654
0.069777
0.072856
0.068548
0.074853
0.068318
0.073726
0.071218
0.075652
0.070244
0.074312
0.071605
0.076050
0.069669
0.074682
0.072388
0.076285
0.071093
0.075707
0.072125
0.078953
0.068567
0.079247
0.072952
0.077606
0.074667
0.079254
0.073645
0.077529
0.075137
0.079398
0.074120
0.078645
0.076090
0.081280
0.074301
0.080452
0.077070
0.082821
0.074941
0.081175
0.077154
0.082710
0.075435
0.080897
0.078510
0.081889
0.077227
0.083157
0.077750
0.082793
0.078689
0.085734
0.076537
0.085479
0.079915
0.085599
0.080432
0.085234
0.080778
0.086889
0.079548
0.085161
0.082770
0.086553
0.081824
0.087411
0.082358
0.088522
0.082830
0.087653
0.084073
0.090115
0.081467
0.089105
0.084160
0.090588
0.084030
0.088453
0.087223
0.087660
0.086907
0.089434
0.085283
0.093490
0.082167
0.093576
0.087742
0.093579
0.088837
0.093770
0.088687
0.094186
0.087759
0.091954
0.090171
0.092904
0.088828
0.096132
0.087420
0.096776
0.091251
0.097079
0.092040
0.097192
0.091783
0.097003
0.091682
0.097281
0.092268
0.098071
0.092726
0.097921
0.093454
0.100398
0.092747
0.099046
0.095725
0.100644
0.094559
0.098747
0.097064
0.099349
0.095363
0.103015
0.092413
0.103544
0.097049
0.101770
0.099283
0.103366
0.098073
0.102885
0.098033
0.104774
0.097464
0.103170
0.100665
0.104591
0.099704
0.099704
