-0.622676
0.885308
0.876635
0.868474
0.861130
0.855017
0.850494
0.847669
0.846335
0.846090
0.846554
0.847475
0.848709
0.850169
0.851796
0.853543
0.855373
0.857254
0.859161
0.861075
0.862981
0.864866
0.866719
0.868531
0.870300
0.872029
0.873721
0.875368
0.876962
0.878488
0.879937
0.881300
0.882571
0.883748
0.884829
0.885816
0.886709
0.887511
0.888224
0.888852
0.889396
0.889859
0.890243
0.890549
0.890777
0.890926
0.890995
0.890983
0.890890
0.890724
0.890499
0.890239
0.889984
0.889794
0.889747
0.889930
0.890387
0.891029
0.891537
0.891612
0.891292
0.890714
0.889938
0.889009
0.887977
0.886895
0.885807
0.884751
0.883755
0.882843
0.882032
0.881332
0.880751
0.880291
0.879955
0.879745
0.879659
0.879692
0.879834
0.880074
0.880401
0.880801
0.881265
0.881780
0.882339
0.882933
0.883554
0.884196
0.884854
0.885522
0.886196
0.886872
0.887548
0.888219
0.888884
0.889540
0.890184
0.890816
0.891433
0.892034
0.892620
0.893190
0.893747
0.894294
0.894834
0.895372
0.895907
0.896431
0.896930
0.897390
0.897800
0.898147
0.898420
0.898610
0.898720
0.898769
0.898781
0.898768
0.898740
0.898704
0.898667
0.898630
0.898596
0.898567
0.898545
0.898533
0.898536
0.898561
0.898613
0.898703
0.898839
0.899034
0.899302
0.899659
0.900126
0.900726
0.901489
0.902447
0.903633
0.905071
0.906757
0.908648
0.910669
0.912745
0.914824
0.916880
0.918904
0.920892
0.922840
0.924742
0.926589
0.928372
0.930090
0.931742
0.933326
0.934834
0.936260
0.937599
0.938845
0.939997
0.941055
0.942017
0.942886
0.943663
0.944351
0.944953
0.945473
0.945914
0.946279
0.946571
0.946792
0.946943
0.947020
0.947000
0.946894
0.946727
0.946488
0.946180
0.945810
0.945365
0.944846
0.944262
0.943597
0.942896
0.942260
0.941723
0.940921
0.940110
0.939329
0.938434
0.937418
0.936326
0.935253
0.934066
0.932830
0.931457
0.930012
0.928569
0.927097
0.925580
0.924028
0.922362
0.920539
0.918626
0.916660
0.914639
0.912542
0.910364
0.908108
0.905769
0.903345
0.900837
0.898242
0.895558
0.892785
0.889919
0.886960
0.883904
0.880751
0.877497
0.874140
0.870678
0.867109
0.863429
0.859638
0.855731
0.851708
0.847566
0.843303
0.838917
0.834406
0.829771
0.825011
0.820126
0.815117
0.809987
0.804739
0.799378
0.793912
0.788350
0.782702
0.776980
0.771201
0.765378
0.759530
0.753675
0.747830
0.742013
0.736241
0.730528
0.724890
0.719337
0.713878
0.708521
0.703268
0.698122
0.693083
0.688149
0.683314
0.678575
0.673925
0.669357
0.664864
0.660437
0.656069
0.651750
0.647474
0.643232
0.639014
0.634815
0.630625
0.626436
0.622241
0.618031
0.613799
0.609537
0.605236
0.600889
0.596488
0.592026
0.587498
0.582900
0.578232
0.573499
0.568712
0.563892
0.559066
0.554263
0.549507
0.544806
0.540144
0.535480
0.530754
0.525899
0.520844
0.515525
0.509873
0.503821
0.497295
0.490214
0.482489
0.474021
0.464707
0.454439
0.443114
0.430645
0.416974
0.402091
0.386053
0.368991
0.351108
0.332663
0.313944
0.295231
0.276766
0.258733
0.241245
0.224363
0.208117
0.192533
0.177629
0.163419
0.149901
0.137064
0.124887
0.113345
0.102409
0.092049
0.082235
0.072935
0.064117
0.055749
0.047799
0.040236
0.033032
0.026159
0.019592
0.013308
0.007287
0.001507
-0.004050
-0.009402
-0.014567
-0.019563
-0.024407
-0.029115
-0.033702
-0.038185
-0.042576
-0.046887
-0.051131
-0.055318
-0.059455
-0.063551
-0.067612
-0.071642
-0.075647
-0.079628
-0.083590
-0.087533
-0.091460
-0.095370
-0.099265
-0.103145
-0.107010
-0.110859
-0.114693
-0.118511
-0.122313
-0.126097
-0.129865
-0.133614
-0.137344
-0.141056
-0.144748
-0.148419
-0.152070
-0.155699
-0.159306
-0.162891
-0.166453
-0.169992
-0.173507
-0.176998
-0.180465
-0.183907
-0.187323
-0.190715
-0.194081
-0.197422
-0.200737
-0.204025
-0.207288
-0.210525
-0.213736
-0.216921
-0.220080
-0.223213
-0.226321
-0.229402
-0.232458
-0.235489
-0.238494
-0.241475
-0.244430
-0.247361
-0.250267
-0.253149
-0.256007
-0.258842
-0.261653
-0.264441
-0.267207
-0.269950
-0.272670
-0.275369
-0.278047
-0.280703
-0.283339
-0.285954
-0.288549
-0.291125
-0.293682
-0.296220
-0.298740
-0.301242
-0.303727
-0.306195
-0.308647
-0.311084
-0.313505
-0.315912
-0.318306
-0.320687
-0.323055
-0.325412
-0.327758
-0.330093
-0.332419
-0.334736
-0.337044
-0.339345
-0.341637
-0.343922
-0.346199
-0.348469
-0.350732
-0.352988
-0.355236
-0.357477
-0.359710
-0.361936
-0.364153
-0.366362
-0.368563
-0.370754
-0.372937
-0.375111
-0.377276
-0.379431
-0.381576
-0.383712
-0.385838
-0.387955
-0.390061
-0.392158
-0.394245
-0.396322
-0.398390
-0.400448
-0.402497
-0.404536
-0.406566
-0.408587
-0.410600
-0.412603
-0.414598
-0.416585
-0.418563
-0.420533
-0.422496
-0.424451
-0.426398
-0.428338
-0.430271
-0.432196
-0.434115
-0.436027
-0.437933
-0.439832
-0.441725
-0.443612
-0.445493
-0.447367
-0.449237
-0.451100
-0.452958
-0.454811
-0.456658
-0.458500
-0.458500
-0.460337
-0.462169
-0.463996
-0.465819
-0.467637
-0.469450
-0.471258
-0.473063
-0.474862
-0.476658
-0.478449
-0.480237
-0.482020
-0.483799
-0.485575
-0.487346
-0.489114
-0.490878
-0.492639
-0.494396
-0.496150
-0.497900
-0.499647
-0.501391
-0.503131
-0.504868
-0.506603
-0.508334
-0.510062
-0.511787
-0.513510
-0.515229
-0.516946
-0.518661
-0.520372
-0.522081
-0.523788
-0.525492
-0.527193
-0.528893
-0.530589
-0.532284
-0.533976
-0.535666
-0.537354
-0.539040
-0.540724
-0.542406
-0.544086
-0.545764
-0.547440
-0.549114
-0.550787
-0.552457
-0.554126
-0.555793
-0.557459
-0.559123
-0.560786
-0.562447
-0.564106
-0.565764
-0.567421
-0.569076
-0.570730
-0.572382
-0.574034
-0.575684
-0.577333
-0.578980
-0.580627
-0.582273
-0.583917
-0.585560
-0.587203
-0.588844
-0.590485
-0.592124
-0.593763
-0.595401
-0.597038
-0.598674
-0.600309
-0.601944
-0.603578
-0.605212
-0.606844
-0.608476
-0.610108
-0.611739
-0.613369
-0.614999
-0.616629
-0.618258
-0.619886
-0.621514
-0.623142
-0.624769
-0.626396
-0.628023
-0.629650
-0.631276
-0.632902
-0.634528
-0.636153
-0.637779
-0.639404
-0.641029
-0.642654
-0.644279
-0.645904
-0.647529
-0.649154
-0.650779
-0.652404
-0.654029
-0.655654
-0.657279
-0.658905
-0.660530
-0.662156
-0.663782
-0.665408
-0.667035
-0.668661
-0.670288
-0.671916
-0.673543
-0.675171
-0.676799
-0.678428
-0.680057
-0.681687
-0.683317
-0.684947
-0.686578
-0.688210
-0.689842
-0.691474
-0.693107
-0.694741
-0.696375
-0.698010
-0.699646
-0.701283
-0.702920
-0.704557
-0.706196
-0.707835
-0.709475
-0.711116
-0.712758
-0.714400
-0.716044
-0.717688
-0.719333
-0.720980
-0.722627
-0.724275
-0.725924
-0.727574
-0.729225
-0.730877
-0.732531
-0.734185
-0.735841
-0.737497
-0.739155
-0.740814
-0.742474
-0.744136
-0.745798
-0.747462
-0.749128
-0.750794
-0.752462
-0.754131
-0.755802
-0.757474
-0.759147
-0.760822
-0.762498
-0.764176
-0.765855
-0.767536
-0.769218
-0.770902
-0.772588
-0.774275
-0.775963
-0.777654
-0.779346
-0.781039
-0.782735
-0.784432
-0.786131
-0.787831
-0.789534
-0.791238
-0.792944
-0.794652
-0.796362
-0.798074
-0.799787
-0.801503
-0.803221
-0.804940
-0.806662
-0.808385
-0.810111
-0.811839
-0.813569
-0.815301
-0.817035
-0.818771
-0.820510
-0.822251
-0.823994
-0.825739
-0.827486
-0.829236
-0.830989
-0.832743
-0.834500
-0.836260
-0.838021
-0.839786
-0.841553
-0.843322
-0.845094
-0.846868
-0.848645
-0.850425
-0.852207
-0.853992
-0.855780
-0.857571
-0.859364
-0.861160
-0.862959
-0.864761
-0.866566
-0.868373
-0.870184
-0.871998
-0.873814
-0.875634
-0.877457
-0.879283
-0.881112
-0.882944
-0.884780
-0.886619
-0.888461
-0.890306
-0.892155
-0.894007
-0.895863
-0.897722
-0.899584
-0.901451
-0.903320
-0.905194
-0.907071
-0.908951
-0.910835
-0.912723
-0.914615
-0.916510
-0.918410
-0.920313
-0.922219
-0.924130
-0.926045
-0.927963
-0.929885
-0.931812
-0.933742
-0.935676
-0.937614
-0.939556
-0.941502
-0.943453
-0.945407
-0.947365
-0.949328
-0.951295
-0.953266
-0.955241
-0.957220
-0.959204
-0.961192
-0.963184
-0.965181
-0.967182
-0.969188
-0.971198
-0.973212
-0.975231
-0.977255
-0.979283
-0.981316
-0.983353
-0.985395
-0.987442
-0.989494
-0.991551
-0.993612
-0.995679
-0.997751
-0.999828
-1.001911
-1.003999
-1.006092
-1.008191
-1.010296
-1.012406
-1.014523
-1.016645
-1.018774
-1.020908
-1.023048
-1.025195
-1.027347
-1.029506
-1.031670
-1.033840
-1.036016
-1.038198
-1.040385
-1.042578
-1.044776
-1.046979
-1.049186
-1.051399
-1.053616
-1.055837
-1.058063
-1.060292
-1.062525
-1.064761
-1.067000
-1.069243
-1.071488
-1.073736
-1.075986
-1.078239
-1.080493
-1.082750
-1.085008
-1.087268
-1.089529
-1.091792
-1.094056
-1.096322
-1.098588
-1.100856
-1.103124
-1.105394
-1.107665
-1.109936
-1.112209
-1.114483
-1.116757
-1.119030
-1.121302
-1.123570
-1.125829
-1.128068
-1.130270
-1.132409
-1.134492
-1.136820
-1.140008
-1.143660
-1.147185
-1.151134
-1.152742
-1.165100
-1.163157
-1.158324
-1.156010
-1.156592
-1.159227
-1.162451
-1.165133
-1.166894
-1.167943
-1.168716
-1.169576
-1.170671
-1.171913
-1.172945
-1.173553
-1.176607
-1.192600
-1.191783
-1.186913
-1.182181
-1.181720
-1.202671
-1.197710
-1.192652
-1.189872
-1.188401
-1.191501
-1.217928
-1.208035
-1.199674
-1.194756
-1.195914
-1.222197
-1.214848
-1.208082
-1.203589
-1.210591
-1.214521
-1.240411
-1.227124
-1.215233
-1.210554
-1.236823
-1.227474
-1.219433
-1.218620
-1.245191
-1.235781
-1.226629
-1.225324
-1.252025
-1.241979
-1.232123
-1.231435
-1.258920
-1.249019
-1.238348
-1.238723
-1.266150
-1.255895
-1.244666
-1.248708
-1.251492
-1.277921
-1.268026
-1.257087
-1.277986
-1.266318
-1.256752
-1.278083
-1.271416
-1.264790
-1.282546
-1.278929
-1.272860
-1.292271
-1.284800
-1.276356
-1.294463
-1.287932
-1.281476
-1.301602
-1.293473
-1.285449
-1.305599
-1.297043
-1.290091
-1.311281
-1.301921
-1.294024
-1.315673
-1.305850
-1.298923
-1.321242
-1.310798
-1.302950
-1.325482
-1.314764
-1.308802
-1.331806
-1.320380
-1.312626
-1.335298
-1.323902
-1.319004
-1.342271
-1.330028
-1.322023
-1.344322
-1.332768
-1.348424
-1.335524
-1.339723
-1.337385
-1.362361
-1.349887
-1.337889
-1.358131
-1.344464
-1.347493
-1.347493
-1.347249
-1.372478
-1.356949
-1.369366
-1.357395
-1.350708
-1.374193
-1.361586
-1.375548
-1.362153
-1.377542
-1.368011
-1.363675
-1.387868
-1.375236
-1.384042
-1.372348
-1.393968
-1.381558
-1.372498
-1.394191
-1.380313
-1.398655
-1.382571
-1.400267
-1.388210
-1.388130
-1.402136
-1.395787
-1.416408
-1.398161
-1.414725
-1.396725
-1.412492
-1.401329
-1.406834
-1.403462
-1.427972
-1.411822
-1.427371
-1.409325
-1.425083
-1.410543
-1.428050
-1.415573
-1.432177
-1.419538
-1.437048
-1.423365
-1.439139
-1.425608
-1.443243
-1.429140
-1.446055
-1.431816
-1.449571
-1.435110
-1.452834
-1.438103
-1.456138
-1.441254
-1.459440
-1.444342
-1.462735
-1.447465
-1.466047
-1.450588
-1.469372
-1.453731
-1.472726
-1.456901
-1.476119
-1.460114
-1.479554
-1.463385
-1.483012
-1.466697
-1.486443
-1.469998
-1.489804
-1.473256
-1.493101
-1.476484
-1.496365
-1.479711
-1.499623
-1.482947
-1.502887
-1.486190
-1.506163
-1.489431
-1.509460
-1.492661
-1.512787
-1.495862
-1.516155
-1.499014
-1.519570
-1.502098
-1.523034
-1.505116
-1.526515
-1.508087
-1.529946
-1.511052
-1.533266
-1.514100
-1.536481
-1.517299
-1.539650
-1.520595
-1.542831
-1.523934
-1.546049
-1.527323
-1.549293
-1.530752
-1.552549
-1.534205
-1.555829
-1.537679
-1.559156
-1.541184
-1.562549
-1.544770
-1.566003
-1.548573
-1.569483
-1.552749
-1.572925
-1.557302
-1.576266
-1.561996
-1.579443
-1.566494
-1.582429
-1.570698
-1.585265
-1.574708
-1.588013
-1.578617
-1.590713
-1.582484
-1.593385
-1.586343
-1.596036
-1.590213
-1.598667
-1.594102
-1.601274
-1.598001
-1.603866
-1.601889
-1.606472
-1.605716
-1.609148
-1.609420
-1.611961
-1.612953
-1.614934
-1.616318
-1.618026
-1.619560
-1.621166
-1.622731
-1.624300
-1.625855
-1.627402
-1.628938
-1.630463
-1.631976
-1.633478
-1.634968
-1.636446
-1.637912
-1.639368
-1.640813
-1.642247
-1.643671
-1.645085
-1.646490
-1.647886
-1.649274
-1.650654
-1.652026
-1.653391
-1.654750
-1.656102
-1.657448
-1.658788
-1.660122
-1.661451
-1.662774
-1.664092
-1.665404
-1.666711
-1.668011
-1.669306
-1.670595
-1.671877
-1.673153
-1.674422
-1.675684
-1.676939
-1.678187
-1.679427
-1.680660
-1.681884
-1.683101
-1.684311
-1.685512
-1.686706
-1.687893
-1.689072
-1.690243
-1.691408
-1.692567
-1.693719
-1.694865
-1.696005
-1.697141
-1.698271
-1.699396
-1.700518
-1.701635
-1.702749
-1.703859
-1.704966
-1.706071
-1.707173
-1.708273
-1.709370
-1.710466
-1.711561
-1.712654
-1.713745
-1.714836
-1.715925
-1.717013
-1.718101
-1.719188
-1.720274
-1.721359
-1.722444
-1.723528
-1.724611
-1.725694
-1.726777
-1.727858
-1.728939
-1.730020
-1.731100
-1.732179
-1.733257
-1.734335
-1.735412
-1.736488
-1.737563
-1.738637
-1.739711
-1.740783
-1.741855
-1.742926
-1.743995
-1.745064
-1.746131
-1.747198
-1.748263
-1.749327
-1.750391
-1.751453
-1.752515
-1.753575
-1.754635
-1.755693
-1.756751
-1.757808
-1.758864
-1.759920
-1.760975
-1.762030
-1.763085
-1.764140
-1.765195
-1.766250
-1.767306
-1.768363
-1.769421
-1.770480
-1.771541
-1.772604
-1.773668
-1.774734
-1.775803
-1.776873
-1.777945
-1.779020
-1.780096
-1.781174
-1.782254
-1.783336
-1.784419
-1.785504
-1.786590
-1.787678
-1.788767
-1.789858
-1.790950
-1.792043
-1.793138
-1.794234
-1.795332
-1.796431
-1.797532
-1.798636
-1.799742
-1.800851
-1.801963
-1.803076
-1.804191
-1.805305
-1.806415
-1.807516
-1.808603
-1.809670
-1.810713
-1.811732
-1.812725
-1.813694
-1.814640
-1.815563
-1.816464
-1.817344
-1.818209
-1.819061
-1.819905
-1.820745
-1.821584
-1.822425
-1.823266
-1.824109
-1.824952
-1.825794
-1.826635
-1.827472
-1.828306
-1.829136
-1.829962
-1.830783
-1.831600
-1.832412
-1.833220
-1.834022
-1.834819
-1.835611
-1.836397
-1.837177
-1.837952
-1.838720
-1.839483
-1.840239
-1.840988
-1.841731
-1.842466
-1.843195
-1.843916
-1.844629
-1.845336
-1.846034
-1.846726
-1.847411
-1.848088
-1.848759
-1.849425
-1.850086
-1.850744
-1.851402
-1.852062
-1.852725
-1.853394
-1.854068
-1.854746
-1.855428
-1.856113
-1.856799
-1.857489
-1.858184
-1.858888
-1.859602
-1.860325
-1.861046
-1.861742
-1.862388
-1.862963
-1.863467
-1.863914
-1.864325
-1.864715
-1.865095
-1.865464
-1.865822
-1.866164
-1.866493
-1.866810
-1.867121
-1.867430
-1.867743
-1.868063
-1.868391
-1.868730
-1.869079
-1.869439
-1.869811
-1.870195
-1.870592
-1.871001
-1.871422
-1.871856
-1.872300
-1.872756
-1.873223
-1.873699
-1.874186
-1.874682
-1.875188
-1.875702
-1.876225
-1.876756
-1.877294
-1.877840
-1.878392
-1.878952
-1.879518
-1.880090
-1.880668
-1.881252
-1.881840
-1.882434
-1.883033
-1.883637
-1.884245
-1.884857
-1.885473
-1.886093
-1.886717
-1.887344
-1.887975
-1.888609
-1.889246
-1.889886
-1.890529
-1.891175
-1.891824
-1.892475
-1.893129
-1.893785
-1.894443
-1.895103
-1.895766
-1.896431
-1.897097
-1.897766
-1.898436
-1.899108
-1.899781
-1.900456
-1.901133
-1.901810
-1.902489
-1.903169
-1.903850
-1.904532
-1.905214
-1.905897
-1.906580
-1.907263
-1.907947
-1.908630
-1.909313
-1.909995
-1.910676
-1.911356
-1.912035
-1.912712
-1.913386
-1.914058
-1.914727
-1.915394
-1.916057
-1.916719
-1.917380
-1.918041
-1.918706
-1.919373
-1.920044
-1.920717
-1.921391
-1.922065
-1.922736
-1.922736
-1.923404
-1.924073
-1.924710
-1.925532
-1.924487
-1.926976
-1.929384
-1.929361
-1.928721
-1.927577
-1.928666
-1.929906
-1.931037
-1.932125
-1.932894
-1.933312
-1.933542
-1.933794
-1.934222
-1.934875
-1.935714
-1.936652
-1.937604
-1.938515
-1.939367
-1.940170
-1.940948
-1.941721
-1.942501
-1.943290
-1.944085
-1.944878
-1.945663
-1.946441
-1.947210
-1.947973
-1.948733
-1.949491
-1.950248
-1.951004
-1.951759
-1.952513
-1.953266
-1.954017
-1.954768
-1.955519
-1.956269
-1.957020
-1.957771
-1.958524
-1.959277
-1.960031
-1.960786
-1.961542
-1.962299
-1.963057
-1.963815
-1.964574
-1.965333
-1.966091
-1.966849
-1.967606
-1.968362
-1.969116
-1.969869
-1.970620
-1.971369
-1.972117
-1.972862
-1.973605
-1.974347
-1.975086
-1.975823
-1.976558
-1.977291
-1.978022
-1.978751
-1.979479
-1.980204
-1.980928
-1.981649
-1.982369
-1.983087
-1.983804
-1.984518
-1.985230
-1.985941
-1.986650
-1.987357
-1.988062
-1.988765
-1.989466
-1.990164
-1.990861
-1.991555
-1.992247
-1.992937
-1.993625
-1.994310
-1.994992
-1.995672
-1.996349
-1.997023
-1.997695
-1.998363
-1.999029
-1.999692
-2.000351
-2.001008
-2.001661
-2.002311
-2.002958
-2.003602
-2.004242
-2.004878
-2.005512
-2.006141
-2.006767
-2.007390
-2.008008
-2.008623
-2.009235
-2.009842
-2.010446
-2.011046
-2.011642
-2.012235
-2.012823
-2.013408
-2.013988
-2.014565
-2.015138
-2.015707
-2.016272
-2.016834
-2.017391
-2.017945
-2.018494
-2.019040
-2.019582
-2.020120
-2.020654
-2.021184
-2.021711
-2.022234
-2.022753
-2.023268
-2.023780
-2.024288
-2.024793
-2.025294
-2.025791
-2.026285
-2.026775
-2.027262
-2.027746
-2.028226
-2.028703
-2.029176
-2.029647
-2.030114
-2.030578
-2.031039
-2.031497
-2.031952
-2.032404
-2.032853
-2.033300
-2.033743
-2.034184
-2.034622
-2.035057
-2.035490
-2.035920
-2.036347
-2.036772
-2.037194
-2.037614
-2.038032
-2.038447
-2.038860
-2.039271
-2.039679
-2.040085
-2.040488
-2.040890
-2.041289
-2.041687
-2.042082
-2.042475
-2.042865
-2.043254
-2.043641
-2.044026
-2.044408
-2.044789
-2.045168
-2.045544
-2.045919
-2.046292
-2.046662
-2.047031
-2.047398
-2.047763
-2.048126
-2.048487
-2.048846
-2.049204
-2.049559
-2.049913
-2.050264
-2.050614
-2.050962
-2.051308
-2.051652
-2.051995
-2.052335
-2.052674
-2.053010
-2.053345
-2.053678
-2.054009
-2.054339
-2.054666
-2.054992
-2.055315
-2.055637
-2.055957
-2.056276
-2.056592
-2.056906
-2.057219
-2.057530
-2.057839
-2.058146
-2.058451
-2.058754
-2.059056
-2.059355
-2.059653
-2.059949
-2.060243
-2.060535
-2.060825
-2.061113
-2.061400
-2.061684
-2.061967
-2.062247
-2.062526
-2.062803
-2.063077
-2.063350
-2.063621
-2.063890
-2.064157
-2.064422
-2.064685
-2.064946
-2.065205
-2.065462
-2.065717
-2.065970
-2.066221
-2.066470
-2.066716
-2.066961
-2.067204
-2.067444
-2.067683
-2.067919
-2.068153
-2.068386
-2.068616
-2.068843
-2.069069
-2.069293
-2.069514
-2.069733
-2.069950
-2.070165
-2.070377
-2.070588
-2.070796
-2.071002
-2.071205
-2.071407
-2.071606
-2.071802
-2.071997
-2.072189
-2.072379
-2.072566
-2.072752
-2.072935
-2.073115
-2.073293
-2.073469
-2.073642
-2.073814
-2.073982
-2.074148
-2.074312
-2.074474
-2.074633
-2.074789
-2.074944
-2.075095
-2.075244
-2.075391
-2.075536
-2.075677
-2.075817
-2.075954
-2.076088
-2.076220
-2.076349
-2.076476
-2.076600
-2.076722
-2.076842
-2.076958
-2.077073
-2.077184
-2.077293
-2.077400
-2.077504
-2.077605
-2.077704
-2.077800
-2.077894
-2.077985
-2.078074
-2.078160
-2.078243
-2.078324
-2.078402
-2.078477
-2.078550
-2.078621
-2.078688
-2.078753
-2.078816
-2.078876
-2.078933
-2.078988
-2.079040
-2.079089
-2.079136
-2.079180
-2.079221
-2.079260
-2.079296
-2.079330
-2.079361
-2.079389
-2.079415
-2.079438
-2.079458
-2.079476
-2.079491
-2.079504
-2.079514
-2.079521
-2.079526
-2.079528
-2.079528
-2.079525
-2.079519
-2.079511
-2.079500
-2.079487
-2.079471
-2.079453
-2.079432
-2.079409
-2.079384
-2.079355
-2.079325
-2.079292
-2.079257
-2.079220
-2.079180
-2.079138
-2.079094
-2.079048
-2.079000
-2.078950
-2.078898
-2.078844
-2.078788
-2.078731
-2.078672
-2.078611
-2.078549
-2.078486
-2.078421
-2.078355
-2.078288
-2.078220
-2.078151
-2.078082
-2.078012
-2.077942
-2.077872
-2.077801
-2.077731
-2.077661
-2.077593
-2.077525
-2.077459
-2.077394
-2.077333
-2.077273
-2.077211
-2.077142
-2.077060
-2.076962
-2.076846
-2.076713
-2.076568
-2.076417
-2.076263
-2.076111
-2.075963
-2.075821
-2.075684
-2.075553
-2.075426
-2.075303
-2.075185
-2.075072
-2.074962
-2.074858
-2.074758
-2.074662
-2.074570
-2.074481
-2.074396
-2.074314
-2.074234
-2.074158
-2.074083
-2.074010
-2.073940
-2.073871
-2.073803
-2.073736
-2.073671
-2.073607
-2.073543
-2.073480
-2.073417
-2.073355
-2.073293
-2.073231
-2.073169
-2.073107
-2.073045
-2.072983
-2.072921
-2.072858
-2.072795
-2.072732
-2.072669
-2.072605
-2.072540
-2.072475
-2.072410
-2.072344
-2.072278
-2.072211
-2.072144
-2.072076
-2.072007
-2.071938
-2.071868
-2.071798
-2.071727
-2.071655
-2.071583
-2.071510
-2.071436
-2.071362
-2.071288
-2.071212
-2.071136
-2.071060
-2.070982
-2.070904
-2.070826
-2.070747
-2.070667
-2.070586
-2.070505
-2.070424
-2.070341
-2.070258
-2.070175
-2.070175
-2.070091
-2.070006
-2.069920
-2.069834
-2.069747
-2.069660
-2.069572
-2.069483
-2.069394
-2.069304
-2.069213
-2.069122
-2.069030
-2.068937
-2.068844
-2.068750
-2.068656
-2.068561
-2.068465
-2.068368
-2.068271
-2.068173
-2.068074
-2.067975
-2.067875
-2.067774
-2.067672
-2.067570
-2.067467
-2.067363
-2.067259
-2.067154
-2.067048
-2.066941
-2.066833
-2.066725
-2.066615
-2.066505
-2.066394
-2.066282
-2.066169
-2.066056
-2.065941
-2.065826
-2.065709
-2.065592
-2.065474
-2.065354
-2.065234
-2.065113
-2.064990
-2.064867
-2.064742
-2.064617
-2.064490
-2.064362
-2.064233
-2.064103
-2.063972
-2.063839
-2.063706
-2.063571
-2.063435
-2.063297
-2.063158
-2.063018
-2.062877
-2.062734
-2.062590
-2.062445
-2.062298
-2.062150
-2.062000
-2.061849
-2.061696
-2.061542
-2.061387
-2.061229
-2.061071
-2.060911
-2.060749
-2.060586
-2.060421
-2.060254
-2.060087
-2.059917
-2.059746
-2.059573
-2.059399
-2.059223
-2.059045
-2.058866
-2.058685
-2.058503
-2.058319
-2.058134
-2.057947
-2.057758
-2.057568
-2.057376
-2.057183
-2.056989
-2.056793
-2.056595
-2.056396
-2.056196
-2.055995
-2.055792
-2.055588
-2.055383
-2.055176
-2.054969
-2.054760
-2.054550
-2.054339
-2.054128
-2.053915
-2.053701
-2.053487
-2.053272
-2.053056
-2.052839
-2.052622
-2.052404
-2.052185
-2.051966
-2.051747
-2.051527
-2.051306
-2.051086
-2.050865
-2.050644
-2.050422
-2.050201
-2.049979
-2.049757
-2.049536
-2.049314
-2.049092
-2.048870
-2.048649
-2.048428
-2.048206
-2.047985
-2.047765
-2.047544
-2.047324
-2.047104
-2.046885
-2.046665
-2.046446
-2.046228
-2.046010
-2.045792
-2.045574
-2.045357
-2.045140
-2.044924
-2.044707
-2.044491
-2.044275
-2.044060
-2.043844
-2.043629
-2.043414
-2.043198
-2.042983
-2.042768
-2.042553
-2.042337
-2.042122
-2.041906
-2.041690
-2.041474
-2.041257
-2.041040
-2.040823
-2.040605
-2.040387
-2.040168
-2.039949
-2.039730
-2.039510
-2.039289
-2.039068
-2.038846
-2.038623
-2.038400
-2.038176
-2.037952
-2.037727
-2.037501
-2.037275
-2.037047
-2.036819
-2.036590
-2.036359
-2.036126
-2.035890
-2.035646
-2.035385
-2.035085
-2.034733
-2.034758
-2.034876
-2.034740
-2.034319
-2.033726
-2.033130
-2.032862
-2.032448
-2.032648
-2.032197
-2.032538
-2.032366
-2.031884
-2.031124
-2.031263
-2.031103
-2.031019
-2.030359
-2.030442
-2.030529
-2.029578
-2.029550
-2.028671
-2.029075
-2.029565
-2.027983
-2.028091
-2.028557
-2.026808
-2.026919
-2.027475
-2.026340
-2.026119
-2.025030
-2.025319
-2.026150
-2.024963
-2.024792
-2.024510
-2.023929
-2.023131
-2.023309
-2.023693
-2.022787
-2.022848
-2.021433
-2.021740
-2.022422
-2.021873
-2.020945
-2.018823
-2.018818
-2.019671
-2.019156
-2.019229
-2.017502
-2.018153
-2.019004
-2.018396
-2.017869
-2.017055
-2.016158
-2.015405
-2.014810
-2.014437
-2.014246
-2.014150
-2.014076
-2.013974
-2.013830
-2.013653
-2.013464
-2.013281
-2.013111
-2.012954
-2.012800
-2.012637
-2.012458
-2.012259
-2.012041
-2.011808
-2.011565
-2.011316
-2.011062
-2.010803
-2.010538
-2.010265
-2.009986
-2.009699
-2.009406
-2.009108
-2.008804
-2.008497
-2.008185
-2.007870
-2.007551
-2.007229
-2.006903
-2.006573
-2.006241
-2.005907
-2.005570
-2.005231
-2.004890
-2.004548
-2.004204
-2.003860
-2.003515
-2.003169
-2.002823
-2.002478
-2.002132
-2.001787
-2.001443
-2.001099
-2.000757
-2.000416
-2.000076
-1.999738
-1.999402
-1.999068
-1.998735
-1.998405
-1.998076
-1.997750
-1.997426
-1.997104
-1.996785
-1.996468
-1.996153
-1.995841
-1.995531
-1.995223
-1.994918
-1.994614
-1.994314
-1.994015
-1.993719
-1.993425
-1.993133
-1.992843
-1.992556
-1.992270
-1.991987
-1.991705
-1.991425
-1.991148
-1.990872
-1.990598
-1.990325
-1.990054
-1.989785
-1.989518
-1.989252
-1.988987
-1.988724
-1.988462
-1.988201
-1.987942
-1.987683
-1.987426
-1.987170
-1.986915
-1.986660
-1.986407
-1.986154
-1.985902
-1.985650
-1.985400
-1.985149
-1.984899
-1.984650
-1.984401
-1.984152
-1.983904
-1.983656
-1.983408
-1.983160
-1.982912
-1.982664
-1.982416
-1.982169
-1.981921
-1.981673
-1.981425
-1.981178
-1.980930
-1.980682
-1.980434
-1.980186
-1.979938
-1.979690
-1.979442
-1.979194
-1.978946
-1.978698
-1.978450
-1.978202
-1.977954
-1.977707
-1.977459
-1.977212
-1.976965
-1.976718
-1.976472
-1.976225
-1.975980
-1.975734
-1.975489
-1.975245
-1.975001
-1.974757
-1.974515
-1.974272
-1.974031
-1.973790
-1.973550
-1.973311
-1.973072
-1.972834
-1.972598
-1.972362
-1.972127
-1.971893
-1.971660
-1.971429
-1.971198
-1.970969
-1.970740
-1.970513
-1.970287
-1.970063
-1.969840
-1.969618
-1.969397
-1.969178
-1.968960
-1.968743
-1.968528
-1.968315
-1.968102
-1.967892
-1.967683
-1.967475
-1.967269
-1.967064
-1.966861
-1.966660
-1.966460
-1.966262
-1.966065
-1.965870
-1.965677
-1.965485
-1.965295
-1.965106
-1.964919
-1.964734
-1.964550
-1.964368
-1.964188
-1.964009
-1.963832
-1.963657
-1.963483
-1.963311
-1.963141
-1.962972
-1.962805
-1.962640
-1.962476
-1.962314
-1.962153
-1.961994
-1.961837
-1.961682
-1.961528
-1.961375
-1.961224
-1.961075
-1.960928
-1.960781
-1.960637
-1.960494
-1.960353
-1.960213
-1.960074
-1.959938
-1.959802
-1.959668
-1.959536
-1.959405
-1.959275
-1.959147
-1.959020
-1.958895
-1.958895
-1.958771
-1.958648
-1.958527
-1.958407
-1.958288
-1.958171
-1.958055
-1.957940
-1.957827
-1.957715
-1.957604
-1.957494
-1.957385
-1.957278
-1.957172
-1.957067
-1.956963
-1.956860
-1.956759
-1.956658
-1.956559
-1.956461
-1.956364
-1.956268
-1.956173
-1.956079
-1.955986
-1.955895
-1.955804
-1.955714
-1.955626
-1.955538
-1.955451
-1.955366
-1.955281
-1.955197
-1.955114
-1.955033
-1.954952
-1.954872
-1.954793
-1.954715
-1.954637
-1.954561
-1.954485
-1.954411
-1.954337
-1.954264
-1.954192
-1.954120
-1.954050
-1.953980
-1.953911
-1.953843
-1.953776
-1.953709
-1.953643
-1.953578
-1.953513
-1.953449
-1.953386
-1.953324
-1.953262
-1.953201
-1.953140
-1.953080
-1.953021
-1.952962
-1.952904
-1.952847
-1.952790
-1.952733
-1.952677
-1.952622
-1.952567
-1.952512
-1.952458
-1.952405
-1.952351
-1.952299
-1.952246
-1.952194
-1.952143
-1.952091
-1.952041
-1.951990
-1.951940
-1.951890
-1.951840
-1.951790
-1.951741
-1.951692
-1.951643
-1.951595
-1.951547
-1.951499
-1.951453
-1.951411
-1.951379
-1.951388
-1.951184
-1.950506
-1.950983
-1.951262
-1.951639
-1.951188
-1.951435
-1.951260
-1.951140
-1.950387
-1.950602
-1.950581
-1.950577
-1.949971
-1.950235
-1.950121
-1.950229
-1.949592
-1.949835
-1.949879
-1.949734
-1.949241
-1.949411
-1.949074
-1.949450
-1.949366
-1.949471
-1.948920
-1.949127
-1.949064
-1.949104
-1.948621
-1.948855
-1.948740
-1.948915
-1.948537
-1.948737
-1.948553
-1.948670
-1.948301
-1.948474
-1.948273
-1.948415
-1.948108
-1.948270
-1.948044
-1.948183
-1.947909
-1.948046
-1.947802
-1.947932
-1.947681
-1.947807
-1.947567
-1.947689
-1.947452
-1.947569
-1.947336
-1.947447
-1.947219
-1.947323
-1.947100
-1.947200
-1.946982
-1.947076
-1.946864
-1.946952
-1.946745
-1.946827
-1.946626
-1.946701
-1.946506
-1.946575
-1.946386
-1.946448
-1.946266
-1.946320
-1.946145
-1.946191
-1.946024
-1.946062
-1.945902
-1.945932
-1.945779
-1.945800
-1.945656
-1.945668
-1.945532
-1.945535
-1.945407
-1.945402
-1.945282
-1.945267
-1.945155
-1.945132
-1.945027
-1.944996
-1.944899
-1.944859
-1.944769
-1.944722
-1.944637
-1.944585
-1.944504
-1.944447
-1.944370
-1.944309
-1.944234
-1.944170
-1.944097
-1.944031
-1.943959
-1.943890
-1.943819
-1.943750
-1.943678
-1.943608
-1.943536
-1.943465
-1.943393
-1.943321
-1.943249
-1.943176
-1.943103
-1.943030
-1.942957
-1.942883
-1.942809
-1.942735
-1.942660
-1.942585
-1.942510
-1.942435
-1.942359
-1.942283
-1.942207
-1.942131
-1.942054
-1.941978
-1.941901
-1.941823
-1.941746
-1.941668
-1.941590
-1.941512
-1.941433
-1.941355
-1.941276
-1.941197
-1.941118
-1.941038
-1.940959
-1.940879
-1.940799
-1.940719
-1.940639
-1.940558
-1.940477
-1.940397
-1.940316
-1.940234
-1.940153
-1.940072
-1.939990
-1.939908
-1.939826
-1.939744
-1.939662
-1.939580
-1.939498
-1.939415
-1.939332
-1.939250
-1.939167
-1.939084
-1.939001
-1.938917
-1.938834
-1.938751
-1.938667
-1.938584
-1.938500
-1.938416
-1.938333
-1.938249
-1.938165
-1.938081
-1.937997
-1.937913
-1.937829
-1.937744
-1.937660
-1.937576
-1.937492
-1.937407
-1.937323
-1.937238
-1.937154
-1.937070
-1.936985
-1.936901
-1.936816
-1.936732
-1.936648
-1.936563
-1.936479
-1.936394
-1.936310
-1.936226
-1.936141
-1.936057
-1.935973
-1.935889
-1.935804
-1.935720
-1.935636
-1.935552
-1.935468
-1.935384
-1.935300
-1.935217
-1.935133
-1.935049
-1.934966
-1.934882
-1.934799
-1.934716
-1.934632
-1.934549
-1.934466
-1.934383
-1.934300
-1.934218
-1.934135
-1.934053
-1.933970
-1.933888
-1.933806
-1.933724
-1.933642
-1.933560
-1.933479
-1.933397
-1.933316
-1.933235
-1.933154
-1.933073
-1.932992
-1.932911
-1.932831
-1.932751
-1.932671
-1.932591
-1.932511
-1.932431
-1.932352
-1.932273
-1.932194
-1.932115
-1.932036
-1.931958
-1.931879
-1.931801
-1.931723
-1.931645
-1.931568
-1.931490
-1.931413
-1.931336
-1.931260
-1.931183
-1.931107
-1.931031
-1.930955
-1.930879
-1.930804
-1.930728
-1.930653
-1.930579
-1.930504
-1.930430
-1.930356
-1.930282
-1.930208
-1.930135
-1.930061
-1.929988
-1.929916
-1.929843
-1.929771
-1.929699
-1.929627
-1.929556
-1.929485
-1.929414
-1.929343
-1.929272
-1.929202
-1.929132
-1.929062
-1.928993
-1.928924
-1.928855
-1.928786
-1.928718
-1.928649
-1.928581
-1.928514
-1.928446
-1.928379
-1.928312
-1.928246
-1.928179
-1.928113
-1.928048
-1.927982
-1.927917
-1.927852
-1.927787
-1.927723
-1.927659
-1.927595
-1.927531
-1.927468
-1.927405
-1.927342
-1.927280
-1.927217
-1.927156
-1.927094
-1.927033
-1.926971
-1.926911
-1.926850
-1.926790
-1.926730
-1.926670
-1.926611
-1.926552
-1.926493
-1.926435
-1.926377
-1.926319
-1.926261
-1.926204
-1.926147
-1.926090
-1.926033
-1.925977
-1.925921
-1.925866
-1.925810
-1.925755
-1.925701
-1.925646
-1.925592
-1.925539
-1.925485
-1.925432
-1.925379
-1.925326
-1.925274
-1.925222
-1.925170
-1.925119
-1.925068
-1.925017
-1.924966
-1.924916
-1.924866
-1.924817
-1.924768
-1.924719
-1.924670
-1.924622
-1.924574
-1.924526
-1.924478
-1.924431
-1.924384
-1.924338
-1.924292
-1.924246
-1.924200
-1.924155
-1.924110
-1.924065
-1.924021
-1.923977
-1.923933
-1.923890
-1.923847
-1.923804
-1.923762
-1.923720
-1.923678
-1.923636
-1.923595
-1.923554
-1.923554
-1.923514
-1.923473
-1.923433
-1.923394
-1.923354
-1.923315
-1.923277
-1.923238
-1.923200
-1.923162
-1.923125
-1.923088
-1.923051
-1.923014
-1.922978
-1.922942
-1.922906
-1.922871
-1.922836
-1.922801
-1.922766
-1.922732
-1.922698
-1.922664
-1.922631
-1.922598
-1.922565
-1.922532
-1.922500
-1.922468
-1.922436
-1.922404
-1.922373
-1.922341
-1.922310
-1.922280
-1.922249
-1.922219
-1.922189
-1.922159
-1.922129
-1.922100
-1.922070
-1.922041
-1.922012
-1.921983
-1.921955
-1.921926
-1.921898
-1.921870
-1.921842
-1.921814
-1.921787
-1.921759
-1.921732
-1.921705
-1.921678
-1.921651
-1.921624
-1.921598
-1.921572
-1.921545
-1.921519
-1.921494
-1.921468
-1.921443
-1.921417
-1.921392
-1.921367
-1.921343
-1.921318
-1.921294
-1.921270
-1.921246
-1.921222
-1.921199
-1.921176
-1.921153
-1.921130
-1.921108
-1.921086
-1.921064
-1.921042
-1.921021
-1.921000
-1.920979
-1.920959
-1.920939
-1.920919
-1.920900
-1.920881
-1.920862
-1.920843
-1.920825
-1.920808
-1.920790
-1.920773
-1.920757
-1.920740
-1.920724
-1.920709
-1.920694
-1.920679
-1.920664
-1.920650
-1.920637
-1.920624
-1.920611
-1.920599
-1.920587
-1.920575
-1.920564
-1.920553
-1.920543
-1.920533
-1.920524
-1.920515
-1.920506
-1.920498
-1.920490
-1.920483
-1.920476
-1.920470
-1.920464
-1.920459
-1.920454
-1.920449
-1.920445
-1.920441
-1.920438
-1.920435
-1.920433
-1.920431
-1.920429
-1.920428
-1.920428
-1.920427
-1.920428
-1.920429
-1.920430
-1.920431
-1.920433
-1.920436
-1.920439
-1.920442
-1.920446
-1.920451
-1.920455
-1.920461
-1.920466
-1.920472
-1.920479
-1.920486
-1.920493
-1.920501
-1.920509
-1.920518
-1.920527
-1.920537
-1.920547
-1.920557
-1.920568
-1.920580
-1.920591
-1.920604
-1.920616
-1.920629
-1.920643
-1.920657
-1.920671
-1.920686
-1.920701
-1.920716
-1.920732
-1.920749
-1.920766
-1.920783
-1.920801
-1.920819
-1.920837
-1.920856
-1.920875
-1.920895
-1.920915
-1.920936
-1.920957
-1.920978
-1.921000
-1.921022
-1.921045
-1.921068
-1.921091
-1.921115
-1.921139
-1.921163
-1.921188
-1.921214
-1.921239
-1.921266
-1.921292
-1.921319
-1.921346
-1.921374
-1.921402
-1.921430
-1.921459
-1.921488
-1.921518
-1.921548
-1.921578
-1.921609
-1.921640
-1.921671
-1.921703
-1.921735
-1.921768
-1.921801
-1.921834
-1.921867
-1.921901
-1.921936
-1.921970
-1.922005
-1.922041
-1.922077
-1.922113
-1.922149
-1.922186
-1.922223
-1.922260
-1.922298
-1.922336
-1.922375
-1.922414
-1.922453
-1.922492
-1.922532
-1.922572
-1.922613
-1.922654
-1.922695
-1.922736
-1.922778
-1.922820
-1.922863
-1.922906
-1.922949
-1.922992
-1.923036
-1.923080
-1.923124
-1.923169
-1.923214
-1.923259
-1.923305
-1.923351
-1.923397
-1.923443
-1.923490
-1.923537
-1.923585
-1.923632
-1.923680
-1.923729
-1.923777
-1.923826
-1.923875
-1.923925
-1.923974
-1.924024
-1.924075
-1.924125
-1.924176
-1.924227
-1.924279
-1.924330
-1.924382
-1.924435
-1.924487
-1.924540
-1.924593
-1.924646
-1.924700
-1.924753
-1.924807
-1.924862
-1.924916
-1.924971
-1.925026
-1.925082
-1.925137
-1.925193
-1.925249
-1.925306
-1.925362
-1.925419
-1.925476
-1.925533
-1.925591
-1.925649
-1.925707
-1.925765
-1.925824
-1.925882
-1.925941
-1.926000
-1.926060
-1.926120
-1.926179
-1.926240
-1.926300
-1.926360
-1.926421
-1.926482
-1.926544
-1.926605
-1.926667
-1.926728
-1.926791
-1.926853
-1.926915
-1.926978
-1.927041
-1.927104
-1.927168
-1.927231
-1.927295
-1.927359
-1.927423
-1.927487
-1.927552
-1.927617
-1.927682
-1.927747
-1.927812
-1.927878
-1.927943
-1.928009
-1.928075
-1.928142
-1.928208
-1.928275
-1.928342
-1.928409
-1.928476
-1.928544
-1.928611
-1.928679
-1.928747
-1.928815
-1.928883
-1.928952
-1.929021
-1.929089
-1.929158
-1.929228
-1.929297
-1.929367
-1.929436
-1.929506
-1.929576
-1.929647
-1.929717
-1.929788
-1.929858
-1.929929
-1.930000
-1.930072
-1.930143
-1.930215
-1.930286
-1.930358
-1.930430
-1.930503
-1.930575
-1.930647
-1.930720
-1.930793
-1.930866
-1.930939
-1.931013
-1.931086
-1.931160
-1.931233
-1.931307
-1.931382
-1.931456
-1.931530
-1.931605
-1.931679
-1.931754
-1.931829
-1.931904
-1.931980
-1.932055
-1.932131
-1.932207
-1.932283
-1.932359
-1.932435
-1.932511
-1.932588
-1.932664
-1.932741
-1.932818
-1.932895
-1.932972
-1.933049
-1.933127
-1.933205
-1.933282
-1.933360
-1.933438
-1.933517
-1.933595
-1.933673
-1.933752
-1.933831
-1.933910
-1.933989
-1.934068
-1.934147
-1.934227
-1.934306
-1.934386
-1.934466
-1.934546
-1.934626
-1.934706
-1.934787
-1.934867
-1.934948
-1.935029
-1.935110
-1.935191
-1.935272
-1.935353
-1.935435
-1.935517
-1.935598
-1.935680
-1.935762
-1.935845
-1.935927
-1.936009
-1.936092
-1.936175
-1.936257
-1.936340
-1.936424
-1.936507
-1.936590
-1.936674
-1.936757
-1.936841
-1.936925
-1.937009
-1.937093
-1.937178
-1.937262
-1.937347
-1.937432
-1.937516
-1.937601
-1.937687
-1.937772
-1.937857
-1.937943
-1.938029
-1.938114
-1.938200
-1.938286
-1.938373
-1.938459
-1.938545
-1.938632
-1.938719
-1.938806
-1.938893
-1.938980
-1.939067
-1.939155
-1.939242
-1.939330
-1.939418
-1.939506
-1.939594
-1.939682
-1.939770
-1.939859
-1.939948
-1.940036
-1.940125
-1.940214
-1.940303
-1.940393
-1.940482
-1.940572
-1.940662
-1.940662
-1.940751
-1.940841
-1.940932
-1.941022
-1.941112
-1.941203
-1.941294
-1.941384
-1.941475
-1.941566
-1.941658
-1.941749
-1.941841
-1.941932
-1.942024
-1.942116
-1.942208
-1.942300
-1.942393
-1.942485
-1.942578
-1.942671
-1.942763
-1.942856
-1.942950
-1.943043
-1.943136
-1.943230
-1.943324
-1.943418
-1.943512
-1.943606
-1.943700
-1.943795
-1.943889
-1.943984
-1.944079
-1.944174
-1.944269
-1.944364
-1.944460
-1.944555
-1.944651
-1.944747
-1.944843
-1.944939
-1.945035
-1.945132
-1.945228
-1.945325
-1.945422
-1.945519
-1.945616
-1.945713
-1.945811
-1.945908
-1.946006
-1.946104
-1.946202
-1.946300
-1.946398
-1.946497
-1.946595
-1.946694
-1.946793
-1.946892
-1.946991
-1.947090
-1.947190
-1.947289
-1.947389
-1.947489
-1.947589
-1.947689
-1.947790
-1.947890
-1.947991
-1.948091
-1.948192
-1.948293
-1.948395
-1.948496
-1.948597
-1.948699
-1.948801
-1.948903
-1.949005
-1.949107
-1.949209
-1.949312
-1.949414
-1.949517
-1.949620
-1.949723
-1.949826
-1.949930
-1.950033
-1.950137
-1.950241
-1.950345
-1.950449
-1.950553
-1.950657
-1.950762
-1.950867
-1.950972
-1.951077
-1.951182
-1.951287
-1.951392
-1.951498
-1.951604
-1.951709
-1.951815
-1.951922
-1.952028
-1.952134
-1.952241
-1.952348
-1.952454
-1.952561
-1.952669
-1.952776
-1.952883
-1.952991
-1.953099
-1.953207
-1.953315
-1.953423
-1.953531
-1.953640
-1.953748
-1.953857
-1.953966
-1.954075
-1.954184
-1.954293
-1.954403
-1.954512
-1.954622
-1.954732
-1.954842
-1.954952
-1.955063
-1.955173
-1.955284
-1.955394
-1.955505
-1.955616
-1.955728
-1.955839
-1.955950
-1.956062
-1.956174
-1.956286
-1.956398
-1.956510
-1.956622
-1.956734
-1.956847
-1.956960
-1.957073
-1.957186
-1.957299
-1.957412
-1.957526
-1.957639
-1.957753
-1.957867
-1.957981
-1.958095
-1.958209
-1.958323
-1.958438
-1.958552
-1.958667
-1.958782
-1.958897
-1.959012
-1.959128
-1.959243
-1.959359
-1.959475
-1.959590
-1.959706
-1.959823
-1.959939
-1.960055
-1.960172
-1.960288
-1.960405
-1.960522
-1.960639
-1.960756
-1.960874
-1.960991
-1.961109
-1.961226
-1.961344
-1.961462
-1.961580
-1.961699
-1.961817
-1.961935
-1.962054
-1.962173
-1.962292
-1.962411
-1.962530
-1.962649
-1.962768
-1.962888
-1.963007
-1.963127
-1.963247
-1.963367
-1.963487
-1.963607
-1.963728
-1.963848
-1.963969
-1.964089
-1.964210
-1.964331
-1.964452
-1.964573
-1.964695
-1.964816
-1.964938
-1.965059
-1.965181
-1.965303
-1.965425
-1.965547
-1.965669
-1.965791
-1.965914
-1.966036
-1.966159
-1.966282
-1.966405
-1.966528
-1.966651
-1.966774
-1.966898
-1.967021
-1.967145
-1.967268
-1.967392
-1.967516
-1.967640
-1.967764
-1.967888
-1.968013
-1.968137
-1.968261
-1.968386
-1.968511
-1.968636
-1.968761
-1.968886
-1.969011
-1.969136
-1.969261
-1.969387
-1.969512
-1.969638
-1.969764
-1.969889
-1.970015
-1.970141
-1.970267
-1.970394
-1.970520
-1.970646
-1.970773
-1.970899
-1.971026
-1.971153
-1.971280
-1.971407
-1.971534
-1.971661
-1.971788
-1.971915
-1.972043
-1.972170
-1.972298
-1.972426
-1.972553
-1.972681
-1.972809
-1.972937
-1.973065
-1.973193
-1.973322
-1.973450
-1.973578
-1.973707
-1.973835
-1.973964
-1.974093
-1.974222
-1.974350
-1.974479
-1.974608
-1.974738
-1.974867
-1.974996
-1.975125
-1.975255
-1.975384
-1.975514
-1.975643
-1.975773
-1.975903
-1.976033
-1.976163
-1.976292
-1.976423
-1.976553
-1.976683
-1.976813
-1.976943
-1.977074
-1.977204
-1.977335
-1.977465
-1.977596
-1.977726
-1.977857
-1.977988
-1.978119
-1.978250
-1.978381
-1.978512
-1.978643
-1.978774
-1.978905
-1.979036
-1.979168
-1.979299
-1.979431
-1.979562
-1.979694
-1.979825
-1.979957
-1.980088
-1.980220
-1.980352
-1.980484
-1.980616
-1.980747
-1.980879
-1.981011
-1.981143
-1.981276
-1.981408
-1.981540
-1.981672
-1.981804
-1.981937
-1.982069
-1.982201
-1.982334
-1.982466
-1.982599
-1.982731
-1.982864
-1.982996
-1.983129
-1.983262
-1.983394
-1.983527
-1.983660
-1.983793
-1.983925
-1.984058
-1.984191
-1.984324
-1.984457
-1.984590
-1.984723
-1.984856
-1.984989
-1.985122
-1.985255
-1.985388
-1.985521
-1.985655
-1.985788
-1.985921
-1.986054
-1.986188
-1.986321
-1.986454
-1.986587
-1.986721
-1.986854
-1.986987
-1.987121
-1.987254
-1.987387
-1.987521
-1.987654
-1.987788
-1.987921
-1.988055
-1.988188
-1.988322
-1.988455
-1.988589
-1.988722
-1.988855
-1.988989
-1.989123
-1.989256
-1.989390
-1.989523
-1.989657
-1.989790
-1.989924
-1.990057
-1.990191
-1.990324
-1.990458
-1.990591
-1.990725
-1.990858
-1.990992
-1.991125
-1.991259
-1.991392
-1.991526
-1.991659
-1.991793
-1.991926
-1.992060
-1.992193
-1.992327
-1.992460
-1.992593
-1.992727
-1.992860
-1.992994
-1.993127
-1.993260
-1.993394
-1.993527
-1.993660
-1.993794
-1.993927
-1.994060
-1.994193
-1.994326
-1.994460
-1.994593
-1.994726
-1.994859
-1.994992
-1.995125
-1.995258
-1.995391
-1.995524
-1.995657
-1.995790
-1.995923
-1.996056
-1.996189
-1.996322
-1.996455
-1.996587
-1.996720
-1.996853
-1.996986
-1.997118
-1.997251
-1.997384
-1.997516
-1.997649
-1.997781
-1.997914
-1.998046
-1.998178
-1.998311
-1.998443
-1.998575
-1.998707
-1.998840
-1.998972
-1.999104
-1.999236
-1.999368
-1.999500
-1.999632
-1.999764
-1.999896
-2.000027
-2.000159
-2.000159
-2.000291
-2.000422
-2.000554
-2.000686
-2.000817
-2.000949
-2.001080
-2.001211
-2.001343
-2.001474
-2.001605
-2.001736
-2.001867
-2.001999
-2.002129
-2.002260
-2.002391
-2.002522
-2.002653
-2.002784
-2.002914
-2.003045
-2.003175
-2.003306
-2.003436
-2.003567
-2.003697
-2.003827
-2.003957
-2.004088
-2.004218
-2.004348
-2.004478
-2.004607
-2.004737
-2.004867
-2.004997
-2.005126
-2.005256
-2.005385
-2.005515
-2.005644
-2.005773
-2.005902
-2.006031
-2.006161
-2.006290
-2.006418
-2.006547
-2.006676
-2.006805
-2.006933
-2.007062
-2.007190
-2.007319
-2.007447
-2.007575
-2.007703
-2.007831
-2.007959
-2.008087
-2.008215
-2.008343
-2.008471
-2.008598
-2.008726
-2.008853
-2.008981
-2.009108
-2.009235
-2.009362
-2.009489
-2.009616
-2.009743
-2.009870
-2.009997
-2.010123
-2.010250
-2.010376
-2.010502
-2.010629
-2.010755
-2.010881
-2.011007
-2.011133
-2.011259
-2.011384
-2.011510
-2.011636
-2.011761
-2.011886
-2.012012
-2.012137
-2.012262
-2.012387
-2.012512
-2.012636
-2.012761
-2.012886
-2.013010
-2.013135
-2.013259
-2.013383
-2.013507
-2.013631
-2.013755
-2.013879
-2.014003
-2.014126
-2.014250
-2.014373
-2.014496
-2.014620
-2.014743
-2.014866
-2.014989
-2.015111
-2.015234
-2.015357
-2.015479
-2.015601
-2.015724
-2.015846
-2.015968
-2.016090
-2.016212
-2.016333
-2.016455
-2.016576
-2.016698
-2.016819
-2.016940
-2.017061
-2.017182
-2.017303
-2.017424
-2.017544
-2.017665
-2.017785
-2.017906
-2.018026
-2.018146
-2.018266
-2.018385
-2.018505
-2.018625
-2.018744
-2.018864
-2.018983
-2.019102
-2.019221
-2.019340
-2.019458
-2.019577
-2.019696
-2.019814
-2.019932
-2.020050
-2.020168
-2.020286
-2.020404
-2.020522
-2.020639
-2.020757
-2.020874
-2.020991
-2.021108
-2.021225
-2.021342
-2.021459
-2.021575
-2.021692
-2.021808
-2.021924
-2.022040
-2.022156
-2.022272
-2.022388
-2.022503
-2.022619
-2.022734
-2.022849
-2.022964
-2.023079
-2.023194
-2.023308
-2.023423
-2.023537
-2.023652
-2.023766
-2.023880
-2.023994
-2.024107
-2.024221
-2.024334
-2.024448
-2.024561
-2.024674
-2.024787
-2.024900
-2.025013
-2.025125
-2.025238
-2.025350
-2.025462
-2.025574
-2.025686
-2.025798
-2.025909
-2.026021
-2.026132
-2.026244
-2.026355
-2.026466
-2.026577
-2.026687
-2.026798
-2.026908
-2.027019
-2.027129
-2.027239
-2.027349
-2.027459
-2.027568
-2.027678
-2.027787
-2.027896
-2.028006
-2.028115
-2.028223
-2.028332
-2.028441
-2.028549
-2.028658
-2.028766
-2.028874
-2.028982
-2.029090
-2.029197
-2.029305
-2.029413
-2.029520
-2.029627
-2.029734
-2.029841
-2.029948
-2.030055
-2.030161
-2.030268
-2.030374
-2.030480
-2.030586
-2.030692
-2.030798
-2.030904
-2.031009
-2.031115
-2.031220
-2.031325
-2.031431
-2.031536
-2.031641
-2.031745
-2.031850
-2.031955
-2.032059
-2.032163
-2.032268
-2.032372
-2.032476
-2.032580
-2.032683
-2.032787
-2.032891
-2.032994
-2.033097
-2.033201
-2.033304
-2.033407
-2.033510
-2.033613
-2.033716
-2.033818
-2.033921
-2.034023
-2.034126
-2.034228
-2.034330
-2.034432
-2.034534
-2.034636
-2.034738
-2.034840
-2.034942
-2.035043
-2.035145
-2.035247
-2.035348
-2.035449
-2.035550
-2.035652
-2.035753
-2.035854
-2.035955
-2.036056
-2.036157
-2.036257
-2.036358
-2.036459
-2.036559
-2.036660
-2.036760
-2.036861
-2.036961
-2.037061
-2.037162
-2.037262
-2.037362
-2.037462
-2.037562
-2.037662
-2.037762
-2.037862
-2.037962
-2.038062
-2.038161
-2.038261
-2.038361
-2.038460
-2.038560
-2.038659
-2.038759
-2.038858
-2.038958
-2.039057
-2.039157
-2.039256
-2.039355
-2.039454
-2.039554
-2.039653
-2.039752
-2.039851
-2.039950
-2.040049
-2.040148
-2.040247
-2.040346
-2.040445
-2.040544
-2.040642
-2.040741
-2.040840
-2.040938
-2.041037
-2.041136
-2.041234
-2.041332
-2.041431
-2.041529
-2.041628
-2.041726
-2.041824
-2.041922
-2.042020
-2.042118
-2.042216
-2.042314
-2.042412
-2.042510
-2.042607
-2.042705
-2.042802
-2.042900
-2.042997
-2.043095
-2.043192
-2.043289
-2.043386
-2.043483
-2.043580
-2.043676
-2.043773
-2.043869
-2.043966
-2.044062
-2.044158
-2.044254
-2.044350
-2.044446
-2.044542
-2.044637
-2.044733
-2.044828
-2.044923
-2.045018
-2.045113
-2.045207
-2.045302
-2.045396
-2.045490
-2.045584
-2.045678
-2.045772
-2.045865
-2.045959
-2.046052
-2.046144
-2.046237
-2.046330
-2.046422
-2.046514
-2.046606
-2.046697
-2.046789
-2.046880
-2.046971
-2.047062
-2.047152
-2.047242
-2.047332
-2.047422
-2.047511
-2.047601
-2.047690
-2.047778
-2.047867
-2.047955
-2.048043
-2.048130
-2.048218
-2.048305
-2.048391
-2.048478
-2.048564
-2.048650
-2.048735
-2.048821
-2.048905
-2.048990
-2.049074
-2.049158
-2.049242
-2.049325
-2.049408
-2.049491
-2.049573
-2.049655
-2.049737
-2.049818
-2.049899
-2.049980
-2.050060
-2.050140
-2.050220
-2.050299
-2.050378
-2.050457
-2.050535
-2.050613
-2.050690
-2.050767
-2.050844
-2.050920
-2.050996
-2.051072
-2.051147
-2.051222
-2.051296
-2.051371
-2.051444
-2.051518
-2.051591
-2.051663
-2.051736
-2.051807
-2.051879
-2.051950
-2.052021
-2.052091
-2.052161
-2.052231
-2.052300
-2.052369
-2.052437
-2.052505
-2.052573
-2.052640
-2.052707
-2.052773
-2.052840
-2.052905
-2.052971
-2.053036
-2.053100
-2.053164
-2.053228
-2.053292
-2.053355
-2.053355
-2.053417
-2.053480
-2.053542
-2.053603
-2.053664
-2.053725
-2.053785
-2.053845
-2.053905
-2.053964
-2.054023
-2.054081
-2.054139
-2.054197
-2.054254
-2.054311
-2.054367
-2.054423
-2.054479
-2.054534
-2.054589
-2.054644
-2.054698
-2.054751
-2.054804
-2.054857
-2.054909
-2.054961
-2.055013
-2.055064
-2.055114
-2.055164
-2.055214
-2.055263
-2.055311
-2.055360
-2.055407
-2.055454
-2.055501
-2.055547
-2.055593
-2.055638
-2.055682
-2.055726
-2.055769
-2.055811
-2.055853
-2.055894
-2.055935
-2.055975
-2.056014
-2.056052
-2.056089
-2.056125
-2.056161
-2.056196
-2.056229
-2.056262
-2.056293
-2.056323
-2.056352
-2.056379
-2.056405
-2.056430
-2.056453
-2.056474
-2.056492
-2.056509
-2.056523
-2.056535
-2.056544
-2.056550
-2.056552
-2.056550
-2.056543
-2.056532
-2.056514
-2.056491
-2.056459
-2.056418
-2.056368
-2.056305
-2.056228
-2.056135
-2.056022
-2.055887
-2.055726
-2.055539
-2.055322
-2.055078
-2.054812
-2.054530
-2.054244
-2.053961
-2.053693
-2.053443
-2.053218
-2.053018
-2.052847
-2.052704
-2.052590
-2.052504
-2.052447
-2.052418
-2.052415
-2.052437
-2.052483
-2.052550
-2.052636
-2.052738
-2.052856
-2.052986
-2.053127
-2.053279
-2.053440
-2.053610
-2.053787
-2.053970
-2.054160
-2.054355
-2.054553
-2.054755
-2.054959
-2.055163
-2.055368
-2.055573
-2.055776
-2.055977
-2.056176
-2.056373
-2.056566
-2.056757
-2.056945
-2.057131
-2.057313
-2.057493
-2.057671
-2.057846
-2.058019
-2.058190
-2.058359
-2.058527
-2.058692
-2.058857
-2.059020
-2.059182
-2.059343
-2.059503
-2.059661
-2.059819
-2.059975
-2.060131
-2.060285
-2.060438
-2.060590
-2.060741
-2.060890
-2.061038
-2.061184
-2.061329
-2.061472
-2.061613
-2.061752
-2.061890
-2.062025
-2.062159
-2.062291
-2.062420
-2.062548
-2.062673
-2.062796
-2.062916
-2.063035
-2.063151
-2.063265
-2.063377
-2.063487
-2.063594
-2.063699
-2.063802
-2.063902
-2.064001
-2.064097
-2.064191
-2.064283
-2.064373
-2.064461
-2.064547
-2.064631
-2.064713
-2.064794
-2.064872
-2.064949
-2.065025
-2.065098
-2.065170
-2.065241
-2.065310
-2.065377
-2.065443
-2.065508
-2.065572
-2.065634
-2.065695
-2.065755
-2.065814
-2.065872
-2.065929
-2.065984
-2.066039
-2.066093
-2.066146
-2.066199
-2.066251
-2.066301
-2.066352
-2.066401
-2.066450
-2.066499
-2.066546
-2.066594
-2.066641
-2.066687
-2.066733
-2.066779
-2.066824
-2.066869
-2.066913
-2.066957
-2.067001
-2.067045
-2.067088
-2.067132
-2.067175
-2.067218
-2.067260
-2.067303
-2.067345
-2.067388
-2.067430
-2.067472
-2.067514
-2.067556
-2.067598
-2.067640
-2.067682
-2.067724
-2.067766
-2.067808
-2.067850
-2.067892
-2.067934
-2.067976
-2.068018
-2.068060
-2.068102
-2.068145
-2.068187
-2.068230
-2.068272
-2.068315
-2.068357
-2.068400
-2.068443
-2.068486
-2.068529
-2.068573
-2.068616
-2.068659
-2.068703
-2.068747
-2.068791
-2.068835
-2.068879
-2.068923
-2.068968
-2.069012
-2.069057
-2.069102
-2.069147
-2.069192
-2.069237
-2.069283
-2.069328
-2.069374
-2.069420
-2.069466
-2.069512
-2.069559
-2.069605
-2.069652
-2.069699
-2.069746
-2.069793
-2.069841
-2.069888
-2.069936
-2.069984
-2.070032
-2.070080
-2.070129
-2.070178
-2.070226
-2.070275
-2.070325
-2.070374
-2.070424
-2.070473
-2.070523
-2.070574
-2.070624
-2.070674
-2.070725
-2.070776
-2.070827
-2.070878
-2.070930
-2.070982
-2.071033
-2.071086
-2.071138
-2.071190
-2.071243
-2.071296
-2.071349
-2.071402
-2.071456
-2.071509
-2.071563
-2.071617
-2.071671
-2.071726
-2.071781
-2.071835
-2.071890
-2.071946
-2.072001
-2.072057
-2.072113
-2.072169
-2.072225
-2.072281
-2.072338
-2.072395
-2.072452
-2.072509
-2.072567
-2.072624
-2.072682
-2.072740
-2.072798
-2.072857
-2.072916
-2.072974
-2.073033
-2.073093
-2.073152
-2.073212
-2.073271
-2.073331
-2.073391
-2.073452
-2.073512
-2.073573
-2.073634
-2.073695
-2.073756
-2.073818
-2.073879
-2.073941
-2.074003
-2.074065
-2.074128
-2.074190
-2.074253
-2.074316
-2.074379
-2.074442
-2.074506
-2.074569
-2.074633
-2.074697
-2.074761
-2.074825
-2.074890
-2.074954
-2.075019
-2.075084
-2.075149
-2.075214
-2.075279
-2.075345
-2.075411
-2.075477
-2.075543
-2.075609
-2.075675
-2.075742
-2.075808
-2.075875
-2.075942
-2.076009
-2.076076
-2.076144
-2.076211
-2.076279
-2.076347
-2.076414
-2.076483
-2.076551
-2.076619
-2.076688
-2.076756
-2.076825
-2.076894
-2.076963
-2.077032
-2.077101
-2.077171
-2.077240
-2.077310
-2.077380
-2.077450
-2.077520
-2.077590
-2.077661
-2.077731
-2.077802
-2.077872
-2.077943
-2.078014
-2.078085
-2.078156
-2.078227
-2.078299
-2.078370
-2.078442
-2.078514
-2.078586
-2.078658
-2.078730
-2.078802
-2.078874
-2.078947
-2.079019
-2.079092
-2.079165
-2.079238
-2.079311
-2.079384
-2.079457
-2.079530
-2.079603
-2.079677
-2.079751
-2.079824
-2.079898
-2.079972
-2.080046
-2.080120
-2.080194
-2.080269
-2.080343
-2.080418
-2.080492
-2.080567
-2.080642
-2.080717
-2.080792
-2.080867
-2.080942
-2.081017
-2.081093
-2.081168
-2.081244
-2.081319
-2.081395
-2.081471
-2.081547
-2.081623
-2.081699
-2.081775
-2.081851
-2.081928
-2.082004
-2.082081
-2.082158
-2.082234
-2.082311
-2.082388
-2.082465
-2.082542
-2.082619
-2.082697
-2.082774
-2.082851
-2.082929
-2.083007
-2.083084
-2.083084
-2.083162
-2.083240
-2.083318
-2.083396
-2.083474
-2.083552
-2.083630
-2.083709
-2.083787
-2.083866
-2.083944
-2.084023
-2.084102
-2.084181
-2.084260
-2.084339
-2.084418
-2.084497
-2.084576
-2.084655
-2.084735
-2.084814
-2.084894
-2.084973
-2.085053
-2.085133
-2.085213
-2.085293
-2.085373
-2.085453
-2.085533
-2.085613
-2.085693
-2.085774
-2.085854
-2.085935
-2.086015
-2.086096
-2.086177
-2.086258
-2.086338
-2.086419
-2.086500
-2.086581
-2.086663
-2.086744
-2.086825
-2.086906
-2.086988
-2.087069
-2.087151
-2.087232
-2.087314
-2.087396
-2.087478
-2.087560
-2.087642
-2.087724
-2.087806
-2.087888
-2.087970
-2.088052
-2.088134
-2.088217
-2.088299
-2.088382
-2.088464
-2.088547
-2.088629
-2.088712
-2.088795
-2.088878
-2.088961
-2.089043
-2.089126
-2.089209
-2.089293
-2.089376
-2.089459
-2.089542
-2.089625
-2.089709
-2.089792
-2.089875
-2.089959
-2.090042
-2.090126
-2.090209
-2.090293
-2.090377
-2.090460
-2.090544
-2.090628
-2.090712
-2.090796
-2.090880
-2.090964
-2.091047
-2.091131
-2.091216
-2.091300
-2.091384
-2.091468
-2.091552
-2.091636
-2.091720
-2.091805
-2.091889
-2.091973
-2.092057
-2.092142
-2.092226
-2.092311
-2.092395
-2.092479
-2.092564
-2.092648
-2.092733
-2.092817
-2.092902
-2.092986
-2.093071
-2.093155
-2.093240
-2.093324
-2.093409
-2.093494
-2.093578
-2.093663
-2.093747
-2.093832
-2.093916
-2.094001
-2.094086
-2.094170
-2.094255
-2.094339
-2.094424
-2.094508
-2.094593
-2.094678
-2.094762
-2.094847
-2.094931
-2.095016
-2.095100
-2.095185
-2.095269
-2.095353
-2.095438
-2.095522
-2.095607
-2.095691
-2.095775
-2.095860
-2.095944
-2.096028
-2.096112
-2.096196
-2.096281
-2.096365
-2.096449
-2.096533
-2.096617
-2.096701
-2.096785
-2.096869
-2.096952
-2.097036
-2.097120
-2.097204
-2.097287
-2.097371
-2.097455
-2.097538
-2.097622
-2.097705
-2.097788
-2.097872
-2.097955
-2.098038
-2.098121
-2.098204
-2.098287
-2.098370
-2.098453
-2.098536
-2.098619
-2.098702
-2.098784
-2.098867
-2.098949
-2.099032
-2.099114
-2.099196
-2.099278
-2.099360
-2.099442
-2.099524
-2.099606
-2.099688
-2.099770
-2.099851
-2.099933
-2.100014
-2.100096
-2.100177
-2.100258
-2.100339
-2.100420
-2.100501
-2.100582
-2.100663
-2.100743
-2.100824
-2.100904
-2.100984
-2.101065
-2.101145
-2.101225
-2.101305
-2.101384
-2.101464
-2.101544
-2.101623
-2.101702
-2.101782
-2.101861
-2.101940
-2.102019
-2.102098
-2.102176
-2.102255
-2.102333
-2.102411
-2.102490
-2.102568
-2.102646
-2.102723
-2.102801
-2.102879
-2.102956
-2.103033
-2.103110
-2.103187
-2.103264
-2.103341
-2.103418
-2.103494
-2.103571
-2.103647
-2.103723
-2.103799
-2.103875
-2.103950
-2.104026
-2.104101
-2.104176
-2.104251
-2.104326
-2.104401
-2.104476
-2.104550
-2.104625
-2.104699
-2.104773
-2.104847
-2.104920
-2.104994
-2.105067
-2.105141
-2.105214
-2.105287
-2.105359
-2.105432
-2.105505
-2.105577
-2.105649
-2.105721
-2.105793
-2.105864
-2.105936
-2.106007
-2.106078
-2.106149
-2.106220
-2.106291
-2.106361
-2.106432
-2.106502
-2.106572
-2.106642
-2.106711
-2.106781
-2.106850
-2.106919
-2.106988
-2.107057
-2.107125
-2.107194
-2.107262
-2.107330
-2.107398
-2.107465
-2.107533
-2.107600
-2.107667
-2.107734
-2.107801
-2.107868
-2.107934
-2.108000
-2.108066
-2.108132
-2.108198
-2.108263
-2.108328
-2.108393
-2.108458
-2.108523
-2.108588
-2.108652
-2.108716
-2.108780
-2.108844
-2.108907
-2.108971
-2.109034
-2.109097
-2.109159
-2.109222
-2.109284
-2.109346
-2.109408
-2.109470
-2.109532
-2.109593
-2.109654
-2.109715
-2.109776
-2.109837
-2.109897
-2.109957
-2.110017
-2.110077
-2.110136
-2.110196
-2.110255
-2.110314
-2.110373
-2.110431
-2.110490
-2.110548
-2.110606
-2.110663
-2.110721
-2.110778
-2.110835
-2.110892
-2.110949
-2.111005
-2.111061
-2.111117
-2.111173
-2.111229
-2.111284
-2.111339
-2.111394
-2.111449
-2.111504
-2.111558
-2.111612
-2.111666
-2.111720
-2.111773
-2.111827
-2.111880
-2.111933
-2.111985
-2.112038
-2.112090
-2.112142
-2.112194
-2.112245
-2.112296
-2.112348
-2.112398
-2.112449
-2.112500
-2.112550
-2.112600
-2.112650
-2.112699
-2.112749
-2.112798
-2.112847
-2.112895
-2.112944
-2.112992
-2.113040
-2.113088
-2.113135
-2.113183
-2.113230
-2.113277
-2.113324
-2.113370
-2.113416
-2.113462
-2.113508
-2.113554
-2.113599
-2.113644
-2.113689
-2.113734
-2.113778
-2.113822
-2.113866
-2.113910
-2.113954
-2.113997
-2.114040
-2.114083
-2.114125
-2.114168
-2.114210
-2.114252
-2.114294
-2.114335
-2.114376
-2.114417
-2.114458
-2.114499
-2.114539
-2.114579
-2.114619
-2.114658
-2.114698
-2.114737
-2.114776
-2.114815
-2.114853
-2.114891
-2.114929
-2.114967
-2.115004
-2.115042
-2.115079
-2.115116
-2.115152
-2.115188
-2.115224
-2.115260
-2.115296
-2.115331
-2.115366
-2.115401
-2.115436
-2.115470
-2.115505
-2.115538
-2.115572
-2.115606
-2.115639
-2.115672
-2.115704
-2.115737
-2.115769
-2.115801
-2.115833
-2.115864
-2.115896
-2.115927
-2.115957
-2.115988
-2.116018
-2.116048
-2.116078
-2.116108
-2.116137
-2.116166
-2.116195
-2.116223
-2.116252
-2.116280
-2.116307
-2.116335
-2.116362
-2.116389
-2.116416
-2.116442
-2.116469
-2.116495
-2.116520
-2.116546
-2.116571
-2.116596
-2.116621
-2.116645
-2.116645
-2.116670
-2.116694
-2.116717
-2.116741
-2.116764
-2.116787
-2.116809
-2.116832
-2.116854
-2.116876
-2.116897
-2.116919
-2.116940
-2.116961
-2.116981
-2.117001
-2.117021
-2.117041
-2.117061
-2.117080
-2.117099
-2.117117
-2.117136
-2.117154
-2.117172
-2.117189
-2.117207
-2.117224
-2.117240
-2.117257
-2.117273
-2.117289
-2.117305
-2.117320
-2.117335
-2.117350
-2.117364
-2.117378
-2.117392
-2.117406
-2.117419
-2.117432
-2.117445
-2.117458
-2.117470
-2.117482
-2.117494
-2.117505
-2.117516
-2.117527
-2.117537
-2.117547
-2.117557
-2.117567
-2.117576
-2.117585
-2.117594
-2.117602
-2.117610
-2.117618
-2.117625
-2.117632
-2.117639
-2.117646
-2.117652
-2.117658
-2.117664
-2.117669
-2.117674
-2.117679
-2.117683
-2.117687
-2.117691
-2.117694
-2.117697
-2.117700
-2.117702
-2.117705
-2.117706
-2.117708
-2.117709
-2.117710
-2.117710
-2.117711
-2.117710
-2.117710
-2.117709
-2.117708
-2.117707
-2.117705
-2.117703
-2.117700
-2.117697
-2.117694
-2.117691
-2.117687
-2.117682
-2.117678
-2.117673
-2.117668
-2.117662
-2.117656
-2.117650
-2.117643
-2.117636
-2.117629
-2.117621
-2.117613
-2.117605
-2.117596
-2.117587
-2.117577
-2.117568
-2.117557
-2.117547
-2.117536
-2.117524
-2.117513
-2.117501
-2.117488
-2.117475
-2.117462
-2.117449
-2.117435
-2.117421
-2.117406
-2.117391
-2.117376
-2.117360
-2.117344
-2.117327
-2.117310
-2.117293
-2.117275
-2.117257
-2.117239
-2.117220
-2.117201
-2.117181
-2.117161
-2.117141
-2.117120
-2.117099
-2.117078
-2.117056
-2.117033
-2.117011
-2.116988
-2.116964
-2.116941
-2.116916
-2.116892
-2.116867
-2.116842
-2.116816
-2.116790
-2.116764
-2.116737
-2.116710
-2.116682
-2.116654
-2.116626
-2.116597
-2.116568
-2.116539
-2.116509
-2.116479
-2.116449
-2.116418
-2.116387
-2.116355
-2.116323
-2.116291
-2.116259
-2.116226
-2.116193
-2.116159
-2.116125
-2.116091
-2.116057
-2.116022
-2.115987
-2.115951
-2.115916
-2.115880
-2.115843
-2.115807
-2.115770
-2.115733
-2.115695
-2.115658
-2.115620
-2.115582
-2.115543
-2.115505
-2.115466
-2.115427
-2.115387
-2.115348
-2.115308
-2.115268
-2.115228
-2.115188
-2.115148
-2.115107
-2.115067
-2.115026
-2.114985
-2.114944
-2.114903
-2.114862
-2.114821
-2.114780
-2.114739
-2.114697
-2.114656
-2.114615
-2.114573
-2.114532
-2.114491
-2.114450
-2.114409
-2.114368
-2.114327
-2.114286
-2.114245
-2.114205
-2.114164
-2.114124
-2.114084
-2.114044
-2.114005
-2.113965
-2.113926
-2.113887
-2.113849
-2.113811
-2.113773
-2.113735
-2.113698
-2.113661
-2.113625
-2.113589
-2.113553
-2.113518
-2.113484
-2.113450
-2.113416
-2.113383
-2.113351
-2.113319
-2.113288
-2.113257
-2.113227
-2.113198
-2.113169
-2.113141
-2.113114
-2.113088
-2.113062
-2.113037
-2.113013
-2.112990
-2.112967
-2.112946
-2.112925
-2.112905
-2.112886
-2.112868
-2.112851
-2.112835
-2.112821
-2.112807
-2.112794
-2.112782
-2.112771
-2.112761
-2.112753
-2.112745
-2.112739
-2.112734
-2.112730
-2.112728
-2.112726
-2.112726
-2.112727
-2.112729
-2.112733
-2.112737
-2.112744
-2.112751
-2.112760
-2.112770
-2.112782
-2.112795
-2.112809
-2.112825
-2.112842
-2.112861
-2.112881
-2.112902
-2.112925
-2.112950
-2.112976
-2.113003
-2.113032
-2.113063
-2.113095
-2.113128
-2.113163
-2.113200
-2.113238
-2.113278
-2.113319
-2.113362
-2.113407
-2.113453
-2.113501
-2.113550
-2.113601
-2.113653
-2.113707
-2.113763
-2.113820
-2.113879
-2.113939
-2.114001
-2.114065
-2.114130
-2.114197
-2.114266
-2.114336
-2.114408
-2.114481
-2.114556
-2.114632
-2.114710
-2.114790
-2.114871
-2.114954
-2.115038
-2.115124
-2.115211
-2.115300
-2.115391
-2.115483
-2.115577
-2.115672
-2.115768
-2.115866
-2.115966
-2.116067
-2.116170
-2.116274
-2.116379
-2.116486
-2.116594
-2.116704
-2.116815
-2.116927
-2.117041
-2.117156
-2.117273
-2.117391
-2.117510
-2.117631
-2.117753
-2.117876
-2.118000
-2.118126
-2.118253
-2.118381
-2.118510
-2.118640
-2.118772
-2.118905
-2.119039
-2.119174
-2.119310
-2.119447
-2.119586
-2.119725
-2.119866
-2.120007
-2.120150
-2.120293
-2.120438
-2.120583
-2.120730
-2.120877
-2.121025
-2.121174
-2.121324
-2.121475
-2.121627
-2.121780
-2.121933
-2.122087
-2.122242
-2.122398
-2.122554
-2.122711
-2.122869
-2.123028
-2.123187
-2.123347
-2.123507
-2.123668
-2.123830
-2.123992
-2.124155
-2.124319
-2.124483
-2.124647
-2.124812
-2.124978
-2.125144
-2.125310
-2.125477
-2.125644
-2.125812
-2.125980
-2.126149
-2.126318
-2.126487
-2.126656
-2.126826
-2.126997
-2.127167
-2.127338
-2.127509
-2.127681
-2.127852
-2.128024
-2.128196
-2.128368
-2.128541
-2.128713
-2.128886
-2.129059
-2.129232
-2.129405
-2.129579
-2.129752
-2.129926
-2.130099
-2.130273
-2.130447
-2.130621
-2.130795
-2.130968
-2.131142
-2.131316
-2.131490
-2.131664
-2.131838
-2.132012
-2.132185
-2.132359
-2.132533
-2.132706
-2.132880
-2.133053
-2.133227
-2.133400
-2.133573
-2.133746
-2.133919
-2.134091
-2.134264
-2.134436
-2.134608
-2.134780
-2.134952
-2.135124
-2.135295
-2.135466
-2.135637
-2.135808
-2.135979
-2.136149
-2.136319
-2.136489
-2.136659
-2.136828
-2.136997
-2.137166
-2.137335
-2.137503
-2.137671
-2.137839
-2.138006
-2.138173
-2.138340
-2.138506
-2.138672
-2.138838
-2.139004
-2.139169
-2.139169
-2.139334
-2.139498
-2.139662
-2.139826
-2.139990
-2.140153
-2.140315
-2.140478
-2.140640
-2.140801
-2.140962
-2.141123
-2.141284
-2.141444
-2.141603
-2.141763
-2.141921
-2.142080
-2.142238
-2.142396
-2.142553
-2.142710
-2.142866
-2.143022
-2.143177
-2.143333
-2.143487
-2.143642
-2.143795
-2.143949
-2.144102
-2.144254
-2.144406
-2.144558
-2.144709
-2.144860
-2.145010
-2.145160
-2.145309
-2.145458
-2.145607
-2.145755
-2.145902
-2.146049
-2.146196
-2.146342
-2.146488
-2.146633
-2.146778
-2.146922
-2.147066
-2.147209
-2.147352
-2.147495
-2.147637
-2.147778
-2.147919
-2.148059
-2.148200
-2.148339
-2.148478
-2.148616
-2.148755
-2.148892
-2.149030
-2.149165
-2.149305
-2.149434
-2.149580
-2.149696
-2.149862
-2.149943
-2.150166
-2.150143
-2.150545
-2.150206
-2.151148
-2.149872
-2.152253
-2.148957
-2.152597
-2.149544
-2.152484
-2.148866
-2.151997
-2.149644
-2.152194
-2.148938
-2.151769
-2.148862
-2.150918
-2.147254
-2.149430
-2.146198
-2.148328
-2.145091
-2.147632
-2.144880
-2.147523
-2.144834
-2.147627
-2.145121
-2.147919
-2.145434
-2.148305
-2.145935
-2.148819
-2.146483
-2.149387
-2.147092
-2.149979
-2.147688
-2.150562
-2.148282
-2.151139
-2.148863
-2.151707
-2.149438
-2.152265
-2.149993
-2.152801
-2.150522
-2.153307
-2.151014
-2.153775
-2.151467
-2.154205
-2.151880
-2.154595
-2.152252
-2.154945
-2.152585
-2.155258
-2.152880
-2.155535
-2.153140
-2.155779
-2.153368
-2.155994
-2.153568
-2.156183
-2.153741
-2.156348
-2.153892
-2.156492
-2.154020
-2.156615
-2.154130
-2.156721
-2.154221
-2.156810
-2.154297
-2.156885
-2.154359
-2.156947
-2.154408
-2.156997
-2.154447
-2.157038
-2.154476
-2.157070
-2.154497
-2.157096
-2.154513
-2.157117
-2.154524
-2.157134
-2.154532
-2.157149
-2.154538
-2.157164
-2.154544
-2.157178
-2.154551
-2.157194
-2.154560
-2.157212
-2.154572
-2.157234
-2.154588
-2.157261
-2.154609
-2.157292
-2.154635
-2.157329
-2.154667
-2.157372
-2.154706
-2.157422
-2.154751
-2.157479
-2.154804
-2.157543
-2.154864
-2.157614
-2.154931
-2.157693
-2.155005
-2.157778
-2.155087
-2.157871
-2.155176
-2.157971
-2.155272
-2.158078
-2.155374
-2.158191
-2.155483
-2.158310
-2.155599
-2.158436
-2.155721
-2.158568
-2.155848
-2.158705
-2.155981
-2.158847
-2.156119
-2.158995
-2.156262
-2.159147
-2.156410
-2.159303
-2.156562
-2.159464
-2.156718
-2.159629
-2.156878
-2.159797
-2.157042
-2.159969
-2.157210
-2.160145
-2.157380
-2.160323
-2.157554
-2.160504
-2.157730
-2.160688
-2.157910
-2.160874
-2.158092
-2.161063
-2.158276
-2.161254
-2.158462
-2.161447
-2.158651
-2.161641
-2.158841
-2.161838
-2.159033
-2.162036
-2.159227
-2.162236
-2.159423
-2.162438
-2.159619
-2.162640
-2.159818
-2.162844
-2.160017
-2.163048
-2.160217
-2.163254
-2.160418
-2.163460
-2.160620
-2.163667
-2.160823
-2.163875
-2.161026
-2.164083
-2.161229
-2.164291
-2.161433
-2.164499
-2.161637
-2.164708
-2.161841
-2.164916
-2.162045
-2.165124
-2.162248
-2.165332
-2.162451
-2.165539
-2.162654
-2.165746
-2.162856
-2.165952
-2.163057
-2.166157
-2.163258
-2.166362
-2.163458
-2.166565
-2.163656
-2.166768
-2.163854
-2.166969
-2.164051
-2.167170
-2.164246
-2.167369
-2.164440
-2.167567
-2.164633
-2.167763
-2.164825
-2.167959
-2.165014
-2.168152
-2.165204
-2.168345
-2.165389
-2.168534
-2.165579
-2.168727
-2.165755
-2.168908
-2.165953
-2.169107
-2.166107
-2.169269
-2.166337
-2.169494
-2.166426
-2.169597
-2.166773
-2.169917
-2.166649
-2.169815
-2.167445
-2.170391
-2.166689
-2.169784
-2.168885
-2.170088
-2.167611
-2.171176
-2.167368
-2.170436
-2.171260
-2.168460
-2.171062
-2.167673
-2.171411
-2.171585
-2.171670
-2.170870
-2.172176
-2.170503
-2.174425
-2.168777
-2.171765
-2.175004
-2.167479
-2.170165
-2.173974
-2.170557
-2.173251
-2.174455
-2.173602
-2.174523
-2.171685
-2.173319
-2.167966
-2.169370
-2.167096
-2.167116
-2.164714
-2.168865
-2.165707
-2.170055
-2.173584
-2.169497
-2.172318
-2.174302
-2.172825
-2.176283
-2.173310
-2.176750
-2.175581
-2.176426
-2.172882
-2.176013
-2.171657
-2.174379
-2.175114
-2.172456
-2.175478
-2.172106
-2.175853
-2.177361
-2.174904
-2.177644
-2.173544
-2.176612
-2.178151
-2.174500
-2.177285
-2.173736
-2.177136
-2.175672
-2.177844
-2.173772
-2.176872
-2.175748
-2.177230
-2.173672
-2.177432
-2.173931
-2.177246
-2.175455
-2.177770
-2.173749
-2.177182
-2.177869
-2.177074
-2.178218
-2.175945
-2.180456
-2.174488
-2.177870
-2.181298
-2.172651
-2.175284
-2.178942
-2.175448
-2.177935
-2.179066
-2.178402
-2.179212
-2.176342
-2.177979
-2.172116
-2.173244
-2.172630
-2.169505
-2.172344
-2.169168
-2.173906
-2.177735
-2.174995
-2.178702
-2.178270
-2.181393
-2.178339
-2.182070
-2.180504
-2.183223
-2.178402
-2.180959
-2.183269
-2.178702
-2.181087
-2.181548
-2.181147
-2.182511
-2.180733
-2.184875
-2.178634
-2.181611
-2.184831
-2.175864
-2.178325
-2.182045
-2.178679
-2.181410
-2.183006
-2.182458
-2.183727
-2.180618
-2.182557
-2.176571
-2.177469
-2.177169
-2.173305
-2.176542
-2.173426
-2.177985
-2.181479
-2.179054
-2.182925
-2.181108
-2.185303
-2.181653
-2.184521
-2.184892
-2.183145
-2.185111
-2.181798
-2.185727
-2.183723
-2.186972
-2.180880
-2.183618
-2.187538
-2.187538
-2.180576
-2.183225
-2.186997
-2.182918
-2.184950
-2.186506
-2.184320
-2.186239
-2.182174
-2.184240
-2.180116
-2.181975
-2.176476
-2.178572
-2.179454
-2.177769
-2.181599
-2.178496
-2.182729
-2.186616
-2.181928
-2.184167
-2.187144
-2.183273
-2.186001
-2.187523
-2.185809
-2.188685
-2.184515
-2.187013
-2.187830
-2.183697
-2.186308
-2.181709
-2.184700
-2.187333
-2.183331
-2.186221
-2.186292
-2.187620
-2.186181
-2.189903
-2.184485
-2.187392
-2.191117
-2.181669
-2.184690
-2.188388
-2.183839
-2.186156
-2.189015
-2.187188
-2.189793
-2.186560
-2.188556
-2.183317
-2.184578
-2.180916
-2.182816
-2.177755
-2.180919
-2.184585
-2.180962
-2.184370
-2.187516
-2.185460
-2.189633
-2.187235
-2.191213
-2.188211
-2.191544
-2.187318
-2.189985
-2.188940
-2.190244
-2.187399
-2.192098
-2.186998
-2.190275
-2.194173
-2.185816
-2.188458
-2.192235
-2.188087
-2.190274
-2.192430
-2.190494
-2.192918
-2.188961
-2.190988
-2.186725
-2.188483
-2.182413
-2.184221
-2.186475
-2.182679
-2.186269
-2.187490
-2.189551
-2.189538
-2.193287
-2.189600
-2.192680
-2.195220
-2.189411
-2.191275
-2.194895
-2.190289
-2.193465
-2.198052
-2.193019
-2.195042
-2.198062
-2.192717
-2.193524
-2.194602
-2.190434
-2.192429
-2.188914
-2.191753
-2.186933
-2.188986
-2.188636
-2.187288
-2.188706
-2.186563
-2.192344
-2.186476
-2.191275
-2.195871
-2.186915
-2.190703
-2.195341
-2.192440
-2.195287
-2.197300
-2.196483
-2.198254
-2.194220
-2.196217
-2.190502
-2.191621
-2.188062
-2.190293
-2.185312
-2.189126
-2.194566
-2.189153
-2.193241
-2.198231
-2.193743
-2.196025
-2.199429
-2.196096
-2.198217
-2.197490
-2.197498
-2.195222
-2.196737
-2.191711
-2.193920
-2.193265
-2.192286
-2.192750
-2.192724
-2.197756
-2.193661
-2.198701
-2.204734
-2.193370
-2.199187
-2.203483
-2.199951
-2.201394
-2.201815
-2.204344
-2.203551
-2.205259
-2.199487
-2.199869
-2.195011
-2.195447
-2.188213
-2.190542
-2.195560
-2.188972
-2.194303
-2.200070
-2.196022
-2.198763
-2.202543
-2.199642
-2.201810
-2.200448
-2.201124
-2.197365
-2.199954
-2.193626
-2.195052
-2.197979
-2.190311
-2.193172
-2.198185
-2.194632
-2.198055
-2.202460
-2.200090
-2.202836
-2.202148
-2.202703
-2.199608
-2.202192
-2.195769
-2.197718
-2.201378
-2.192845
-2.196210
-2.201061
-2.197561
-2.200774
-2.204805
-2.202987
-2.205955
-2.203590
-2.205786
-2.200303
-2.201449
-2.200814
-2.198155
-2.200345
-2.196324
-2.200128
-2.204094
-2.199920
-2.202684
-2.206377
-2.202727
-2.205742
-2.208866
-2.205552
-2.208634
-2.206733
-2.209903
-2.203993
-2.205768
-2.209242
-2.200496
-2.202849
-2.206526
-2.200955
-2.202714
-2.206097
-2.202778
-2.204890
-2.203966
-2.203947
-2.201087
-2.203022
-2.196892
-2.198602
-2.201975
-2.193352
-2.197147
-2.202467
-2.197835
-2.201640
-2.206903
-2.204571
-2.207154
-2.207697
-2.206398
-2.206694
-2.202946
-2.205956
-2.198090
-2.200532
-2.204287
-2.195112
-2.198970
-2.204379
-2.201928
-2.205632
-2.209462
-2.208138
-2.211161
-2.207406
-2.209516
-2.204716
-2.206640
-2.201187
-2.203383
-2.202954
-2.204508
-2.203377
-2.209098
-2.202696
-2.208673
-2.213809
-2.203592
-2.207200
-2.211661
-2.208584
-2.211349
-2.213821
-2.212713
-2.214891
-2.210294
-2.211754
-2.206994
-2.208518
-2.200952
-2.202616
-2.206923
-2.200164
-2.204303
-2.209889
-2.206385
-2.209260
-2.213097
-2.210215
-2.212533
-2.211036
-2.212122
-2.207805
-2.210671
-2.205327
-2.207079
-2.208535
-2.204467
-2.208229
-2.206638
-2.212469
-2.208705
-2.212156
-2.216661
-2.209848
-2.212297
-2.216431
-2.211070
-2.212700
-2.215958
-2.211864
-2.213407
-2.213460
-2.211273
-2.212220
-2.207445
-2.210227
-2.206329
-2.209857
-2.203736
-2.206546
-2.211583
-2.205032
-2.209594
-2.215242
-2.211056
-2.213531
-2.217247
-2.213646
-2.215291
-2.214508
-2.213504
-2.212040
-2.211214
-2.209719
-2.210764
-2.206771
-2.211701
-2.204548
-2.209522
-2.215249
-2.206341
-2.212999
-2.219928
-2.216821
-2.219763
-2.223465
-2.220509
-2.221921
-2.218430
-2.219122
-2.212577
-2.213113
-2.210983
-2.210049
-2.207841
-2.211272
-2.206625
-2.211006
-2.217334
-2.206998
-2.213214
-2.219183
-2.214525
-2.217035
-2.221327
-2.220197
-2.223138
-2.220366
-2.222067
-2.215757
-2.215889
-2.213816
-2.211268
-2.211297
-2.209031
-2.215102
-2.206324
-2.214024
-2.220317
-2.209852
-2.213974
-2.219410
-2.218794
-2.222906
-2.224233
-2.225582
-2.223770
-2.224090
-2.218220
-2.219527
-2.212884
-2.214092
-2.213252
-2.214103
-2.214724
-2.219709
-2.218198
-2.223394
-2.225856
-2.223511
-2.228253
-2.218848
-2.225689
-2.232032
-2.220322
-2.224068
-2.228150
-2.224976
-2.226664
-2.226831
-2.226171
-2.224987
-2.222207
-2.220850
-2.215498
-2.217740
-2.206233
-2.211229
-2.216085
-2.206467
-2.212564
-2.219833
-2.219336
-2.223972
-2.227727
-2.226607
-2.228922
-2.223911
-2.224993
-2.220808
-2.222073
-2.214935
-2.216705
-2.221187
-2.214639
-2.218657
-2.224225
-2.220222
-2.223148
-2.227547
-2.224411
-2.226493
-2.226774
-2.225262
-2.225856
-2.221907
-2.225408
-2.218326
-2.220490
-2.224377
-2.215810
-2.219660
-2.225173
-2.222159
-2.225488
-2.229718
-2.227230
-2.229613
-2.227298
-2.228805
-2.223112
-2.224459
-2.222789
-2.223071
-2.219991
-2.224965
-2.217011
-2.217011
-2.223603
-2.228953
-2.219876
-2.223733
-2.228931
-2.226589
-2.229754
-2.232475
-2.230549
-2.232835
-2.227528
-2.228440
-2.225773
-2.224861
-2.220600
-2.224561
-2.216356
-2.222428
-2.227686
-2.219187
-2.223125
-2.228521
-2.226144
-2.229407
-2.232576
-2.230334
-2.232878
-2.228057
-2.229544
-2.225567
-2.227257
-2.220015
-2.221818
-2.226277
-2.219129
-2.222969
-2.228194
-2.224061
-2.226762
-2.230989
-2.227828
-2.229937
-2.229900
-2.228766
-2.228528
-2.225735
-2.228695
-2.220737
-2.223935
-2.228295
-2.218150
-2.223029
-2.228756
-2.225933
-2.229658
-2.234416
-2.232433
-2.235011
-2.232423
-2.233919
-2.227652
-2.228338
-2.227706
-2.224827
-2.227416
-2.222176
-2.225856
-2.231714
-2.223317
-2.228315
-2.233222
-2.228543
-2.231079
-2.235492
-2.232738
-2.234978
-2.234410
-2.233627
-2.231504
-2.231154
-2.227374
-2.231064
-2.219660
-2.225494
-2.230615
-2.219552
-2.224897
-2.231461
-2.230836
-2.235230
-2.238220
-2.237767
-2.239172
-2.234247
-2.235683
-2.229062
-2.229644
-2.227051
-2.228186
-2.224896
-2.230606
-2.228042
-2.232352
-2.236148
-2.232373
-2.235355
-2.237205
-2.236676
-2.240591
-2.235410
-2.238170
-2.242702
-2.232130
-2.235601
-2.239129
-2.232952
-2.234590
-2.238487
-2.235206
-2.237064
-2.236502
-2.234922
-2.233638
-2.230767
-2.232107
-2.225975
-2.227785
-2.231028
-2.224313
-2.227938
-2.234340
-2.228708
-2.234440
-2.240383
-2.236311
-2.238206
-2.241393
-2.237125
-2.238195
-2.237129
-2.235526
-2.234379
-2.232150
-2.233660
-2.228532
-2.231155
-2.231412
-2.231100
-2.233184
-2.232049
-2.240372
-2.230037
-2.237432
-2.244534
-2.239849
-2.236879
-2.237492
-2.242043
-2.245157
-2.247925
-2.244179
-2.245486
-2.234548
-2.234044
-2.235448
-2.224487
-2.227617
-2.233257
-2.231063
-2.235579
-2.240765
-2.238548
-2.240967
-2.238765
-2.240036
-2.234358
-2.236114
-2.233862
-2.236383
-2.230760
-2.233594
-2.238697
-2.232135
-2.236474
-2.241862
-2.236991
-2.239933
-2.244677
-2.240953
-2.242632
-2.244530
-2.240547
-2.242516
-2.237987
-2.240577
-2.235448
-2.237640
-2.235067
-2.238525
-2.232509
-2.236102
-2.241714
-2.234108
-2.238399
-2.243086
-2.238972
-2.241263
-2.244927
-2.241896
-2.244252
-2.242236
-2.243860
-2.238195
-2.239746
-2.238217
-2.238849
-2.235296
-2.240612
-2.231739
-2.239010
-2.244168
-2.235927
-2.239375
-2.244868
-2.243002
-2.246391
-2.248949
-2.246407
-2.248674
-2.242443
-2.242761
-2.243027
-2.237123
-2.238987
-2.235896
-2.241086
-2.235363
-2.239598
-2.244708
-2.237503
-2.240672
-2.245306
-2.241215
-2.243428
-2.246902
-2.243256
-2.245140
-2.243770
-2.244090
-2.240064
-2.243328
-2.234115
-2.238191
-2.241723
-2.233929
-2.236776
-2.242500
-2.240224
-2.244051
-2.248525
-2.245230
-2.247106
-2.245934
-2.245584
-2.242480
-2.244795
-2.237513
-2.240061
-2.244524
-2.234182
-2.239328
-2.244435
-2.241121
-2.244574
-2.249287
-2.247389
-2.250457
-2.247765
-2.250077
-2.242815
-2.243167
-2.245618
-2.237771
-2.239600
-2.244135
-2.239369
-2.242452
-2.247345
-2.243627
-2.245588
-2.248069
-2.244182
-2.246431
-2.243236
-2.246685
-2.239894
-2.241899
-2.245771
-2.238233
-2.241021
-2.245786
-2.241877
-2.244692
-2.248964
-2.245725
-2.247912
-2.248056
-2.246812
-2.247174
-2.243471
-2.247729
-2.237114
-2.242869
-2.246456
-2.238949
-2.241684
-2.247842
-2.246803
-2.251066
-2.254580
-2.251625
-2.254064
-2.248610
-2.249984
-2.246903
-2.248407
-2.242159
-2.244347
-2.248310
-2.243106
-2.245833
-2.250855
-2.245102
-2.248474
-2.253324
-2.248093
-2.249899
-2.253480
-2.248660
-2.249721
-2.251357
-2.247018
-2.249174
-2.244980
-2.248295
-2.242700
-2.244496
-2.246477
-2.242464
-2.246073
-2.244421
-2.250391
-2.243209
-2.248498
-2.252553
-2.246218
-2.247960
-2.252444
-2.248841
-2.251369
-2.254694
-2.250178
-2.251482
-2.250937
-2.249238
-2.249669
-2.245557
-2.250249
-2.239996
-2.246106
-2.249443
-2.243038
-2.245580
-2.251516
-2.250290
-2.254489
-2.257773
-2.254134
-2.256482
-2.251008
-2.252853
-2.249178
-2.252269
-2.242983
-2.247663
-2.251897
-2.245815
-2.248264
-2.253285
-2.249753
-2.252525
-2.256404
-2.251657
-2.252737
-2.254101
-2.249627
-2.252123
-2.247581
-2.250846
-2.247169
-2.251414
-2.245138
-2.248226
-2.252999
-2.246020
-2.249864
-2.254867
-2.250561
-2.253005
-2.257037
-2.252847
-2.254324
-2.255621
-2.251580
-2.254303
-2.248290
-2.249928
-2.252581
-2.246677
-2.248480
-2.252662
-2.248305
-2.251402
-2.256305
-2.251221
-2.253557
-2.257668
-2.252019
-2.253600
-2.257160
-2.251856
-2.253209
-2.256170
-2.251370
-2.252885
-2.254295
-2.251070
-2.254735
-2.248077
-2.250917
-2.255088
-2.246963
-2.250224
-2.254875
-2.251163
-2.254134
-2.258413
-2.255244
-2.257620
-2.257131
-2.256895
-2.254636
-2.256337
-2.250737
-2.252982
-2.255610
-2.250510
-2.253293
-2.257280
-2.255161
-2.260369
-2.259869
-2.266060
-2.255419
-2.261336
-2.266248
-2.253957
-2.257201
-2.261069
-2.258127
-2.260691
-2.261030
-2.260981
-2.259033
-2.257977
-2.253039
-2.255647
-2.240402
-2.245621
-2.250741
-2.244839
-2.247719
-2.253609
-2.258139
-2.265474
-2.263370
-2.265665
-2.262813
-2.261427
-2.255028
-2.258165
-2.247571
-2.254278
-2.257779
-2.253609
-2.257113
-2.259262
-2.263619
-2.262606
-2.262606
-2.268245
-2.256657
-2.261623
-2.264923
-2.252818
-2.255635
-2.260150
-2.258924
-2.263197
-2.263404
-2.265812
-2.260969
-2.262897
-2.256202
-2.257034
-2.254029
-2.256247
-2.250967
-2.254925
-2.260906
-2.254739
-2.259659
-2.264237
-2.259809
-2.262192
-2.266242
-2.262530
-2.264673
-2.265916
-2.262286
-2.265386
-2.256371
-2.259624
-2.262368
-2.255067
-2.256508
-2.261033
-2.257392
-2.260576
-2.264876
-2.260147
-2.261423
-2.263474
-2.258548
-2.260370
-2.258872
-2.261155
-2.256239
-2.259202
-2.258958
-2.260699
-2.257098
-2.263038
-2.252389
-2.259893
-2.266600
-2.253765
-2.259039
-2.265754
-2.264245
-2.267534
-2.269464
-2.268451
-2.268960
-2.263003
-2.264055
-2.255146
-2.254700
-2.256460
-2.249269
-2.252706
-2.259154
-2.256009
-2.261022
-2.266930
-2.263139
-2.265257
-2.268517
-2.263912
-2.265372
-2.266150
-2.263468
-2.266721
-2.258745
-2.262166
-2.265594
-2.258284
-2.260326
-2.265121
-2.261688
-2.265127
-2.269765
-2.265786
-2.267443
-2.269002
-2.264886
-2.267763
-2.262118
-2.264042
-2.265766
-2.261583
-2.265230
-2.261576
-2.265867
-2.264734
-2.269420
-2.260473
-2.266389
-2.269258
-2.265097
-2.268371
-2.265793
-2.271569
-2.267489
-2.269857
-2.271515
-2.265987
-2.267886
-2.265351
-2.269931
-2.259329
-2.265758
-2.268323
-2.263050
-2.265410
-2.264681
-2.270451
-2.264351
-2.268081
-2.271186
-2.262635
-2.263628
-2.267026
-2.261820
-2.264310
-2.268574
-2.263696
-2.265405
-2.268274
-2.262794
-2.263926
-2.265693
-2.261400
-2.264581
-2.261017
-2.265764
-2.260049
-2.262824
-2.266670
-2.260399
-2.263549
-2.268658
-2.263616
-2.266891
-2.271414
-2.266165
-2.267830
-2.271069
-2.265572
-2.266756
-2.269199
-2.264196
-2.265957
-2.266478
-2.265025
-2.267892
-2.261295
-2.264484
-2.268993
-2.259085
-2.264707
-2.268203
-2.266634
-2.272081
-2.269307
-2.273319
-2.276081
-2.271294
-2.273337
-2.268076
-2.271558
-2.266540
-2.269599
-2.268225
-2.272089
-2.265122
-2.269645
-2.274182
-2.266935
-2.269938
-2.274053
-2.269446
-2.272012
-2.276060
-2.271014
-2.272424
-2.274867
-2.268754
-2.269568
-2.271435
-2.266322
-2.268551
-2.267885
-2.270020
-2.265891
-2.270807
-2.264208
-2.268075
-2.271560
-2.265144
-2.268391
-2.274056
-2.269476
-2.273502
-2.278027
-2.271929
-2.273169
-2.276064
-2.269552
-2.270516
-2.273368
-2.267087
-2.268407
-2.271528
-2.265687
-2.267374
-2.270777
-2.265263
-2.267312
-2.271028
-2.265756
-2.268046
-2.271954
-2.266655
-2.268965
-2.272925
-2.267452
-2.269736
-2.273713
-2.268133
-2.270349
-2.274267
-2.268717
-2.270792
-2.274572
-2.269113
-2.271052
-2.274654
-2.269315
-2.271192
-2.274619
-2.269500
-2.271432
-2.274603
-2.269975
-2.272213
-2.274177
-2.271282
-2.276116
-2.266129
-2.272895
-2.274479
-2.271320
-2.275120
-2.269566
-2.275390
-2.280853
-2.274327
-2.275850
-2.278853
-2.273407
-2.275262
-2.278668
-2.273695
-2.275324
-2.277290
-2.272854
-2.275869
-2.271554
-2.275777
-2.270296
-2.272880
-2.275122
-2.271584
-2.276415
-2.272275
-2.276085
-2.279270
-2.274666
-2.277368
-2.276805
-2.280087
-2.274740
-2.277420
-2.280372
-2.274276
-2.276225
-2.279727
-2.273946
-2.277099
-2.281673
-2.274695
-2.278138
-2.281387
-2.275884
-2.277311
-2.279442
-2.274965
-2.277909
-2.273542
-2.277921
-2.267233
-2.272669
-2.273163
-2.271156
-2.274282
-2.269558
-2.274462
-2.279945
-2.270648
-2.275022
-2.276033
-2.273608
-2.277937
-2.270134
-2.276886
-2.279258
-2.275296
-2.278470
-2.269515
-2.275543
-2.278249
-2.274461
-2.278193
-2.271624
-2.276298
-2.280605
-2.274323
-2.276003
-2.279541
-2.274144
-2.276797
-2.280822
-2.274850
-2.276903
-2.280361
-2.274095
-2.276137
-2.279798
-2.273792
-2.276069
-2.279881
-2.274106
-2.276377
-2.280143
-2.274430
-2.276609
-2.280305
-2.274639
-2.276846
-2.280563
-2.274965
-2.277209
-2.280950
-2.275382
-2.277660
-2.281428
-2.275866
-2.278165
-2.281950
-2.276368
-2.278659
-2.282433
-2.276820
-2.279079
-2.282820
-2.277186
-2.279401
-2.283097
-2.277459
-2.279633
-2.283283
-2.277655
-2.279803
-2.283413
-2.277812
-2.279951
-2.283533
-2.277969
-2.280113
-2.283671
-2.278152
-2.280306
-2.283836
-2.278371
-2.280533
-2.284018
-2.278629
-2.280796
-2.284192
-2.278952
-2.281131
-2.284284
-2.279454
-2.281812
-2.283694
-2.280589
-2.285757
-2.273283
-2.279530
-2.285849
-2.272540
-2.277280
-2.283207
-2.282303
-2.286484
-2.287032
-2.288374
-2.283770
-2.285775
-2.270999
-2.275082
-2.274741
-2.270443
-2.275062
-2.271607
-2.280166
-2.287457
-2.283745
-2.285734
-2.288493
-2.284053
-2.286645
-2.286885
-2.287423
-2.286040
-2.288566
-2.281991
-2.284857
-2.288330
-2.278740
-2.284564
-2.286296
-2.289711
-2.289011
-2.296110
-2.284335
-2.289292
-2.294256
-2.287225
-2.285990
-2.284175
-2.290953
-2.289336
-2.292537
-2.289850
-2.287440
-2.280233
-2.282859
-2.265558
-2.268044
-2.276866
-2.275903
-2.274847
-2.280419
-2.287167
-2.295215
-2.293863
-2.296672
-2.284053
-2.283763
-2.281955
-2.276299
-2.280395
-2.275466
-2.282979
-2.288893
-2.285894
-2.288872
-2.288985
-2.291091
-2.287883
-2.293520
-2.278301
-2.280806
-2.287767
-2.285836
-2.282134
-2.286167
-2.291368
-2.298573
-2.296856
-2.299276
-2.287425
-2.285998
-2.284840
-2.277433
-2.279696
-2.281770
-2.281770
-2.286197
-2.286912
-2.293668
-2.281092
-2.286873
-2.291322
-2.284923
-2.286993
-2.288761
-2.296819
-2.296288
-2.300376
-2.297056
-2.297790
-2.285713
-2.287679
-2.288597
-2.284485
-2.289427
-2.284471
-2.290876
-2.295683
-2.291740
-2.294211
-2.293273
-2.296330
-2.290928
-2.293480
-2.294553
-2.290863
-2.295703
-2.280693
-2.284442
-2.293503
-2.290705
-2.289432
-2.291223
-2.296855
-2.299660
-2.302690
-2.295128
-2.293809
-2.286461
-2.287804
-2.271892
-2.278740
-2.287371
-2.277526
-2.285940
-2.293553
-2.294705
-2.299734
-2.297972
-2.301112
-2.293160
-2.292585
-2.292638
-2.285194
-2.286218
-2.287819
-2.287493
-2.293389
-2.283815
-2.292674
-2.293553
-2.294492
-2.292450
-2.298489
-2.291490
-2.300704
-2.300452
-2.302344
-2.295618
-2.298221
-2.300266
-2.299967
-2.303570
-2.293422
-2.299341
-2.297181
-2.300505
-2.291027
-2.297247
-2.300374
-2.300298
-2.304043
-2.296768
-2.300709
-2.302933
-2.297093
-2.298887
-2.295475
-2.301394
-2.288690
-2.295226
-2.301477
-2.291833
-2.294365
-2.298430
-2.298527
-2.303136
-2.298256
-2.299549
-2.295406
-2.295971
-2.286010
-2.287843
-2.290945
-2.285540
-2.289646
-2.295095
-2.293298
-2.298263
-2.300145
-2.301411
-2.300832
-2.301990
-2.297629
-2.303514
-2.282719
-2.287929
-2.293896
-2.293713
-2.289958
-2.295628
-2.305545
-2.313704
-2.316755
-2.314622
-2.309411
-2.302690
-2.297189
-2.290582
-2.291456
-2.276326
-2.284937
-2.294209
-2.283971
-2.294053
-2.305483
-2.307566
-2.313253
-2.315522
-2.316030
-2.314463
-2.311304
-2.307841
-2.303099
-2.302242
-2.294670
-2.297068
-2.298996
-2.299317
-2.306726
-2.297239
-2.307288
-2.316751
-2.308415
-2.312363
-2.315991
-2.316821
-2.320482
-2.315493
-2.316485
-2.309524
-2.310401
-2.299240
-2.300452
-2.302040
-2.297897
-2.302131
-2.301459
-2.308613
-2.300027
-2.307283
-2.306273
-2.307877
-2.302951
-2.307532
-2.304985
-2.310307
-2.306077
-2.309457
-2.304018
-2.307428
-2.303814
-2.309290
-2.299908
-2.307112
-2.306597
-2.309581
-2.304508
-2.308198
-2.308428
-2.311565
-2.305584
-2.307589
-2.306210
-2.307488
-2.302733
-2.308381
-2.297442
-2.306920
-2.306702
-2.309858
-2.305120
-2.309890
-2.312954
-2.312914
-2.315221
-2.305546
-2.308249
-2.308006
-2.304339
-2.308498
-2.295359
-2.303629
-2.311335
-2.305579
-2.307357
-2.310496
-2.311651
-2.315986
-2.308964
-2.308708
-2.307650
-2.299759
-2.300924
-2.297180
-2.303356
-2.291438
-2.299990
-2.307297
-2.296644
-2.303480
-2.308280
-2.309605
-2.313849
-2.309589
-2.311955
-2.307614
-2.309784
-2.295501
-2.301231
-2.300006
-2.303520
-2.300011
-2.306078
-2.309586
-2.313611
-2.311119
-2.316165
-2.298713
-2.300229
-2.306345
-2.307534
-2.304175
-2.309493
-2.317306
-2.323565
-2.325273
-2.322099
-2.317136
-2.309434
-2.307725
-2.293570
-2.299400
-2.297766
-2.305427
-2.298491
-2.311258
-2.316667
-2.321719
-2.320039
-2.325138
-2.315752
-2.321591
-2.319096
-2.319761
-2.312848
-2.315880
-2.315476
-2.320706
-2.310558
-2.316984
-2.314170
-2.318105
-2.308374
-2.315138
-2.317390
-2.319040
-2.318393
-2.319403
-2.315785
-2.321054
-2.299670
-2.301413
-2.305249
-2.304689
-2.300178
-2.305846
-2.316702
-2.326164
-2.330001
-2.328428
-2.322989
-2.316738
-2.309555
-2.306307
-2.298296
-2.301663
-2.297265
-2.304241
-2.310132
-2.312555
-2.321361
-2.312975
-2.323336
-2.327009
-2.322467
-2.325744
-2.322021
-2.326728
-2.327404
-2.326987
-2.323265
-2.323979
-2.315018
-2.317797
-2.319359
-2.314471
-2.319100
-2.315247
-2.321068
-2.324271
-2.322480
-2.327214
-2.313437
-2.319873
-2.326121
-2.311567
-2.316591
-2.321240
-2.320256
-2.324163
-2.320795
-2.323503
-2.315146
-2.314560
-2.313289
-2.307350
-2.310438
-2.302352
-2.309473
-2.312190
-2.313556
-2.315847
-2.314433
-2.321362
-2.306627
-2.310337
-2.319469
-2.313591
-2.315425
-2.318972
-2.326122
-2.328524
-2.331246
-2.322967
-2.321169
-2.314464
-2.314855
-2.303287
-2.309968
-2.311662
-2.317335
-2.315191
-2.321512
-2.323054
-2.328110
-2.320364
-2.324139
-2.325109
-2.322325
-2.326888
-2.315598
-2.325167
-2.326150
-2.326759
-2.323543
-2.328266
-2.319576
-2.327770
-2.324846
-2.327760
-2.316348
-2.321998
-2.323739
-2.325517
-2.324533
-2.326268
-2.321278
-2.325353
-2.317957
-2.320477
-2.321249
-2.318833
-2.325225
-2.313430
-2.322441
-2.329853
-2.324014
-2.325582
-2.327411
-2.330114
-2.330909
-2.329108
-2.326047
-2.320616
-2.320380
-2.305397
-2.313756
-2.309750
-2.315968
-2.317422
-2.326991
-2.323382
-2.332994
-2.333254
-2.334618
-2.327015
-2.328935
-2.324809
-2.330008
-2.315605
-2.321982
-2.327346
-2.316094
-2.322399
-2.326211
-2.328655
-2.330938
-2.327382
-2.330444
-2.315677
-2.321378
-2.318036
-2.319633
-2.314470
-2.320366
-2.325091
-2.328111
-2.330252
-2.326223
-2.330793
-2.309588
-2.311106
-2.316728
-2.319356
-2.317926
-2.324613
-2.334802
-2.342936
-2.345389
-2.342515
-2.336184
-2.329158
-2.322252
-2.318453
-2.312844
-2.317413
-2.299776
-2.305311
-2.317486
-2.323642
-2.323934
-2.332744
-2.342502
-2.348652
-2.350466
-2.345816
-2.342641
-2.332405
-2.331458
-2.324187
-2.327257
-2.321835
-2.327311
-2.332277
-2.333125
-2.340203
-2.332195
-2.340470
-2.338574
-2.342055
-2.334286
-2.337920
-2.341653
-2.338431
-2.338431
-2.341773
-2.336174
-2.338818
-2.334779
-2.338459
-2.326454
-2.333585
-2.331630
-2.335941
-2.329145
-2.333579
-2.337710
-2.334565
-2.337921
-2.332420
-2.335467
-2.331115
-2.335326
-2.324410
-2.331384
-2.329963
-2.334249
-2.327649
-2.332076
-2.336065
-2.332716
-2.336199
-2.330823
-2.334232
-2.330211
-2.334827
-2.323319
-2.331363
-2.329562
-2.334347
-2.327322
-2.332304
-2.336238
-2.333372
-2.337033
-2.329784
-2.332360
-2.333593
-2.329440
-2.333445
-2.323354
-2.331595
-2.330139
-2.334992
-2.326609
-2.332579
-2.335481
-2.334967
-2.337936
-2.330132
-2.333656
-2.335188
-2.330959
-2.335024
-2.323618
-2.333443
-2.332181
-2.337548
-2.330069
-2.335489
-2.339148
-2.337110
-2.340935
-2.330095
-2.335735
-2.333383
-2.336187
-2.328218
-2.332287
-2.336149
-2.333510
-2.338262
-2.331342
-2.335467
-2.337095
-2.334226
-2.338700
-2.326041
-2.335566
-2.338024
-2.335760
-2.338931
-2.333732
-2.339280
-2.342788
-2.338105
-2.340946
-2.332236
-2.336547
-2.337997
-2.336748
-2.340394
-2.330542
-2.339276
-2.336388
-2.341432
-2.332846
-2.338396
-2.341031
-2.341129
-2.343883
-2.336857
-2.339525
-2.340101
-2.335817
-2.339852
-2.323362
-2.328731
-2.339968
-2.335848
-2.339000
-2.342487
-2.347352
-2.348409
-2.348126
-2.339900
-2.339601
-2.318894
-2.322698
-2.328936
-2.319723
-2.329426
-2.337920
-2.344502
-2.349347
-2.346809
-2.349006
-2.334297
-2.338607
-2.333337
-2.336767
-2.330163
-2.337261
-2.343660
-2.343690
-2.349202
-2.340973
-2.345342
-2.345015
-2.344284
-2.343830
-2.343333
-2.346587
-2.341528
-2.345261
-2.344012
-2.347016
-2.338802
-2.346413
-2.347018
-2.354202
-2.341820
-2.350247
-2.356970
-2.346085
-2.351294
-2.351984
-2.353486
-2.350752
-2.351618
-2.342838
-2.343361
-2.341846
-2.337868
-2.340730
-2.327284
-2.338218
-2.341982
-2.342125
-2.346153
-2.343536
-2.349887
-2.350039
-2.353170
-2.340744
-2.346536
-2.342306
-2.347650
-2.339987
-2.346334
-2.348752
-2.349454
-2.350255
-2.345690
-2.350142
-2.329655
-2.330346
-2.336533
-2.338365
-2.338047
-2.344422
-2.352550
-2.358118
-2.358338
-2.353911
-2.346817
-2.339917
-2.333523
-2.331765
-2.325529
-2.331427
-2.329331
-2.338508
-2.343179
-2.351205
-2.348687
-2.355539
-2.358740
-2.356812
-2.361245
-2.346470
-2.353254
-2.360259
-2.349965
-2.353700
-2.356989
-2.358187
-2.360854
-2.354412
-2.355384
-2.346313
-2.346759
-2.342313
-2.345718
-2.334150
-2.344594
-2.343740
-2.350308
-2.345669
-2.350618
-2.354039
-2.352318
-2.356136
-2.342871
-2.350289
-2.346190
-2.350035
-2.343291
-2.348169
-2.352609
-2.350949
-2.355551
-2.344793
-2.350820
-2.347631
-2.351373
-2.342155
-2.348504
-2.350844
-2.352696
-2.352082
-2.353103
-2.348628
-2.353557
-2.332969
-2.334476
-2.342545
-2.346220
-2.346506
-2.353820
-2.361542
-2.366698
-2.365934
-2.361830
-2.353083
-2.349510
-2.335293
-2.337685
-2.338112
-2.341408
-2.343656
-2.352168
-2.345685
-2.357963
-2.354683
-2.358363
-2.356015
-2.361655
-2.356390
-2.362385
-2.364005
-2.360343
-2.362052
-2.349887
-2.356774
-2.353453
-2.358028
-2.348652
-2.355325
-2.357233
-2.359884
-2.356918
-2.360653
-2.346809
-2.355417
-2.351892
-2.355438
-2.347707
-2.353666
-2.358519
-2.357519
-2.361700
-2.350304
-2.356134
-2.352579
-2.356093
-2.346662
-2.352708
-2.355161
-2.356671
-2.356980
-2.355623
-2.357335
-2.350074
-2.352995
-2.352238
-2.354123
-2.350643
-2.358510
-2.346506
-2.356524
-2.365232
-2.357950
-2.361632
-2.366047
-2.366360
-2.369792
-2.360709
-2.359854
-2.357116
-2.351226
-2.352957
-2.339109
-2.349251
-2.347588
-2.353770
-2.349742
-2.355792
-2.359720
-2.360208
-2.362686
-2.353841
-2.356177
-2.356012
-2.353860
-2.357140
-2.346854
-2.357524
-2.354596
-2.359907
-2.358798
-2.364345
-2.357762
-2.364249
-2.364274
-2.364394
-2.358977
-2.362618
-2.346364
-2.353587
-2.360599
-2.354619
-2.358188
-2.362501
-2.366409
-2.368491
-2.364278
-2.364317
-2.345376
-2.351526
-2.348421
-2.352853
-2.347130
-2.356643
-2.363193
-2.365161
-2.368469
-2.359952
-2.362272
-2.362052
-2.359250
-2.362295
-2.350305
-2.361380
-2.358617
-2.363694
-2.361923
-2.367799
-2.361200
-2.367726
-2.367457
-2.367500
-2.361679
-2.365277
-2.349828
-2.357677
-2.364657
-2.351182
-2.359247
-2.364177
-2.367989
-2.369889
-2.367795
-2.368010
-2.358663
-2.358833
-2.355828
-2.356738
-2.351943
-2.358565
-2.356165
-2.363512
-2.364624
-2.369812
-2.361038
-2.369366
-2.366949
-2.372692
-2.362527
-2.369846
-2.368477
-2.373130
-2.363806
-2.367947
-2.367814
-2.367176
-2.365225
-2.364269
-2.361605
-2.364392
-2.347540
-2.355158
-2.363092
-2.347964
-2.357762
-2.370018
-2.373512
-2.378394
-2.375843
-2.377612
-2.368769
-2.367351
-2.361548
-2.359940
-2.351939
-2.355555
-2.354174
-2.361623
-2.349605
-2.360909
-2.366435
-2.364409
-2.370177
-2.368027
-2.374153
-2.374013
-2.375636
-2.367018
-2.368191
-2.366485
-2.368449
-2.363094
-2.368049
-2.364624
-2.370978
-2.366078
-2.371287
-2.372279
-2.374926
-2.371235
-2.376933
-2.360283
-2.365238
-2.374236
-2.368509
-2.371273
-2.374354
-2.378805
-2.378316
-2.377999
-2.367242
-2.365584
-2.357722
-2.360724
-2.347064
-2.359109
-2.360961
-2.368890
-2.365121
-2.371643
-2.375843
-2.373595
-2.376519
-2.363411
-2.363411
-2.369741
-2.365578
-2.369864
-2.363867
-2.368744
-2.372156
-2.371583
-2.375142
-2.363270
-2.370334
-2.365905
-2.370321
-2.365512
-2.370996
-2.372290
-2.377154
-2.370296
-2.373159
-2.372905
-2.370601
-2.372579
-2.364120
-2.370690
-2.370359
-2.375520
-2.363259
-2.374164
-2.372386
-2.378022
-2.373751
-2.378444
-2.375258
-2.380132
-2.369229
-2.374055
-2.370126
-2.373259
-2.363172
-2.369903
-2.370549
-2.374513
-2.368100
-2.371442
-2.371437
-2.373052
-2.368291
-2.372979
-2.355470
-2.361790
-2.371961
-2.368839
-2.373828
-2.377439
-2.383690
-2.381223
-2.383294
-2.367505
-2.369868
-2.363413
-2.366589
-2.360055
-2.367090
-2.372470
-2.372960
-2.377616
-2.366154
-2.373886
-2.369714
-2.373944
-2.369213
-2.374774
-2.375255
-2.381034
-2.370677
-2.377264
-2.372966
-2.376817
-2.368402
-2.374305
-2.377207
-2.378130
-2.379561
-2.374649
-2.379034
-2.362472
-2.369718
-2.376836
-2.364628
-2.374290
-2.379851
-2.385107
-2.384806
-2.385716
-2.377602
-2.378316
-2.370092
-2.372257
-2.366858
-2.372491
-2.369947
-2.377151
-2.376578
-2.383263
-2.370733
-2.380696
-2.378405
-2.382746
-2.376058
-2.380678
-2.383811
-2.381932
-2.384546
-2.370972
-2.377515
-2.372557
-2.376666
-2.372438
-2.378357
-2.377179
-2.383746
-2.374281
-2.380418
-2.377108
-2.380732
-2.371414
-2.377766
-2.379245
-2.381951
-2.377658
-2.381893
-2.367915
-2.377745
-2.374951
-2.379304
-2.373585
-2.379590
-2.384018
-2.383664
-2.386495
-2.373885
-2.379543
-2.374802
-2.379169
-2.372779
-2.378635
-2.382479
-2.382813
-2.386027
-2.376336
-2.381188
-2.378675
-2.382420
-2.370014
-2.380384
-2.379176
-2.385431
-2.381900
-2.386886
-2.383015
-2.387445
-2.380522
-2.382778
-2.380094
-2.382590
-2.373568
-2.379514
-2.379509
-2.383689
-2.374882
-2.381795
-2.381577
-2.387035
-2.375150
-2.384621
-2.381934
-2.386889
-2.382156
-2.386618
-2.383347
-2.388193
-2.377056
-2.382817
-2.379009
-2.383057
-2.373963
-2.380948
-2.382386
-2.385917
-2.380449
-2.384262
-2.378859
-2.383193
-2.379085
-2.384214
-2.372770
-2.383248
-2.381259
-2.386876
-2.383699
-2.389270
-2.384315
-2.388247
-2.386850
-2.387169
-2.380138
-2.383837
-2.373473
-2.382248
-2.379174
-2.385049
-2.382532
-2.389445
-2.385488
-2.390404
-2.389514
-2.390167
-2.383015
-2.386610
-2.377377
-2.384476
-2.382115
-2.388105
-2.377242
-2.388240
-2.387171
-2.392556
-2.386206
-2.389558
-2.389543
-2.390183
-2.385200
-2.387697
-2.366811
-2.369551
-2.381734
-2.377988
-2.383796
-2.390846
-2.396130
-2.399199
-2.393722
-2.392483
-2.372140
-2.377020
-2.372009
-2.377081
-2.376201
-2.385648
-2.387833
-2.395622
-2.385993
-2.391687
-2.387601
-2.391040
-2.382665
-2.389095
-2.391848
-2.393801
-2.392310
-2.393888
-2.385884
-2.389314
-2.388230
-2.391262
-2.383375
-2.391456
-2.392310
-2.399661
-2.386328
-2.396269
-2.400778
-2.395870
-2.399544
-2.394606
-2.399171
-2.397504
-2.398614
-2.387462
-2.389938
-2.389004
-2.391359
-2.386143
-2.391543
-2.387376
-2.393249
-2.391158
-2.396853
-2.382117
-2.391511
-2.399017
-2.388586
-2.395304
-2.397214
-2.400866
-2.396149
-2.398111
-2.384527
-2.389139
-2.384399
-2.388265
-2.380936
-2.387734
-2.391725
-2.393480
-2.394755
-2.390414
-2.394184
-2.373923
-2.377079
-2.390147
-2.387101
-2.393222
-2.400362
-2.405400
-2.407938
-2.402330
-2.400156
-2.382753
-2.384950
-2.380439
-2.385735
-2.381239
-2.390552
-2.396650
-2.399170
-2.401511
-2.396242
-2.399981
-2.387048
-2.396087
-2.392254
-2.397474
-2.398530
-2.404343
-2.400830
-2.404991
-2.401708
-2.403785
-2.388632
-2.396826
-2.393465
-2.398707
-2.397414
-2.403654
-2.398021
-2.402940
-2.403180
-2.400775
-2.399818
-2.394185
-2.398736
-2.382694
-2.391580
-2.399996
-2.389104
-2.398838
-2.403692
-2.409226
-2.406480
-2.408148
-2.397222
-2.398088
-2.396513
-2.394372
-2.394883
-2.391638
-2.397699
-2.383411
-2.393885
-2.400496
-2.394124
-2.400024
-2.406103
-2.408106
-2.411719
-2.403088
-2.403423
-2.401100
-2.399334
-2.397746
-2.398231
-2.396316
-2.401099
-2.382689
-2.389504
-2.401725
-2.399188
-2.405595
-2.411810
-2.416065
-2.416998
-2.411947
-2.408512
-2.395923
-2.395037
-2.392224
-2.395482
-2.389581
-2.397433
-2.401682
-2.405537
-2.404343
-2.408835
-2.394751
-2.405729
-2.402988
-2.407297
-2.404239
-2.410544
-2.408590
-2.413429
-2.406689
-2.407824
-2.402241
-2.405020
-2.393315
-2.401575
-2.399753
-2.405200
-2.400287
-2.404926
-2.406327
-2.407767
-2.403953
-2.405928
-2.390282
-2.399656
-2.395821
-2.400809
-2.402077
-2.408278
-2.406125
-2.411161
-2.406952
-2.409527
-2.395960
-2.402695
-2.400141
-2.405719
-2.401978
-2.407350
-2.407846
-2.411210
-2.403470
-2.405399
-2.404335
-2.404793
-2.401534
-2.406099
-2.391206
-2.402232
-2.408051
-2.403225
-2.408231
-2.410369
-2.416790
-2.410308
-2.412312
-2.410418
-2.407567
-2.406549
-2.402847
-2.407248
-2.389820
-2.398269
-2.407731
-2.401464
-2.408547
-2.415512
-2.418161
-2.420681
-2.412668
-2.412041
-2.402614
-2.403645
-2.398828
-2.403488
-2.396477
-2.404269
-2.406483
-2.410610
-2.406311
-2.410875
-2.406803
-2.411469
-2.406630
-2.410826
-2.406839
-2.412057
-2.407233
-2.411802
-2.411135
-2.414050
-2.406202
-2.410164
-2.410822
-2.411692
-2.409064
-2.412371
-2.412371
-2.397979
-2.409492
-2.406190
-2.410801
-2.410835
-2.416757
-2.413085
-2.417447
-2.416109
-2.415123
-2.407482
-2.409997
-2.395544
-2.406633
-2.404190
-2.409688
-2.410077
-2.415978
-2.412014
-2.416055
-2.414563
-2.413778
-2.406465
-2.409373
-2.396608
-2.407366
-2.404475
-2.410132
-2.411667
-2.416271
-2.413679
-2.418349
-2.408308
-2.412287
-2.409149
-2.412082
-2.404116
-2.410678
-2.413296
-2.415464
-2.412356
-2.415284
-2.400397
-2.410853
-2.407445
-2.411907
-2.411616
-2.418012
-2.414408
-2.419171
-2.418892
-2.416614
-2.413202
-2.411625
-2.408316
-2.411693
-2.392932
-2.401646
-2.412582
-2.409748
-2.417197
-2.424347
-2.427551
-2.429518
-2.421201
-2.420356
-2.407058
-2.409406
-2.408428
-2.411804
-2.408095
-2.414344
-2.413250
-2.419282
-2.407726
-2.416430
-2.413430
-2.418313
-2.416113
-2.421616
-2.416434
-2.420211
-2.419679
-2.417919
-2.415081
-2.414313
-2.410344
-2.414381
-2.394386
-2.401089
-2.414754
-2.413447
-2.420564
-2.427224
-2.431269
-2.432033
-2.426206
-2.422731
-2.408812
-2.408593
-2.408034
-2.409525
-2.411009
-2.415629
-2.413354
-2.419813
-2.413831
-2.419683
-2.420313
-2.425023
-2.419704
-2.425691
-2.427459
-2.428109
-2.424343
-2.426065
-2.410761
-2.421108
-2.415530
-2.421081
-2.422681
-2.427050
-2.425251
-2.429766
-2.417591
-2.422884
-2.417279
-2.420118
-2.414881
-2.420077
-2.420575
-2.424837
-2.415987
-2.419361
-2.418722
-2.419544
-2.415890
-2.420397
-2.407315
-2.419100
-2.416901
-2.421545
-2.420666
-2.426598
-2.422625
-2.426852
-2.426110
-2.424463
-2.419743
-2.420818
-2.409021
-2.417476
-2.414452
-2.420410
-2.420395
-2.427261
-2.421891
-2.428371
-2.428541
-2.428482
-2.422605
-2.425376
-2.411655
-2.422103
-2.418712
-2.423053
-2.423045
-2.427972
-2.424591
-2.428946
-2.424596
-2.426929
-2.413824
-2.420778
-2.419041
-2.424706
-2.420475
-2.425709
-2.427023
-2.428964
-2.423486
-2.425979
-2.412241
-2.421145
-2.418021
-2.423457
-2.424200
-2.429842
-2.425928
-2.430068
-2.428068
-2.428903
-2.419125
-2.422331
-2.423436
-2.425662
-2.423484
-2.428067
-2.413458
-2.425361
-2.425343
-2.429786
-2.424297
-2.430800
-2.435031
-2.434667
-2.434638
-2.425528
-2.426805
-2.421171
-2.425546
-2.417657
-2.425362
-2.426813
-2.432238
-2.425373
-2.430704
-2.431813
-2.432373
-2.428450
-2.430470
-2.416054
-2.426283
-2.421869
-2.427075
-2.428944
-2.432948
-2.431733
-2.435927
-2.422740
-2.429253
-2.423610
-2.426879
-2.425140
-2.431032
-2.426620
-2.431689
-2.432253
-2.430758
-2.428592
-2.426616
-2.426604
-2.423021
-2.427021
-2.406569
-2.414000
-2.429696
-2.429026
-2.436447
-2.443225
-2.446137
-2.446932
-2.439189
-2.436410
-2.420505
-2.422259
-2.420798
-2.424779
-2.421518
-2.428455
-2.430781
-2.435704
-2.428413
-2.432234
-2.433166
-2.434059
-2.433354
-2.435490
-2.430524
-2.435089
-2.429445
-2.434194
-2.433500
-2.439016
-2.429466
-2.439798
-2.437810
-2.442316
-2.438205
-2.442072
-2.435927
-2.439113
-2.437720
-2.437555
-2.430941
-2.433837
-2.422594
-2.431369
-2.429237
-2.434791
-2.432537
-2.438585
-2.435276
-2.439685
-2.436020
-2.438353
-2.426708
-2.432560
-2.431693
-2.436155
-2.429329
-2.434605
-2.437177
-2.437369
-2.437369
-2.432943
-2.435685
-2.419201
-2.430513
-2.430914
-2.436566
-2.433560
-2.440885
-2.444607
-2.445929
-2.441723
-2.440622
-2.428752
-2.432366
-2.432077
-2.436343
-2.430105
-2.437489
-2.440668
-2.443951
-2.439423
-2.443221
-2.431019
-2.440558
-2.437130
-2.441659
-2.441263
-2.445338
-2.440419
-2.443847
-2.439982
-2.441747
-2.428277
-2.435435
-2.433826
-2.439661
-2.435937
-2.441275
-2.441348
-2.444634
-2.435979
-2.438481
-2.438179
-2.438643
-2.436297
-2.439536
-2.428213
-2.438040
-2.434489
-2.440037
-2.441508
-2.446132
-2.443297
-2.448026
-2.440598
-2.443200
-2.441489
-2.442436
-2.437147
-2.441897
-2.435397
-2.441635
-2.441969
-2.445057
-2.438765
-2.443498
-2.443859
-2.447053
-2.438312
-2.442643
-2.442787
-2.445610
-2.439327
-2.443749
-2.442515
-2.447085
-2.433360
-2.443724
-2.441155
-2.445933
-2.445115
-2.449360
-2.443766
-2.447000
-2.444709
-2.444900
-2.435663
-2.438545
-2.438334
-2.442430
-2.434511
-2.441497
-2.442305
-2.447142
-2.438372
-2.445572
-2.445710
-2.450074
-2.441097
-2.446358
-2.446833
-2.449010
-2.442761
-2.446060
-2.440434
-2.444959
-2.442490
-2.447017
-2.436216
-2.445657
-2.444356
-2.449574
-2.445208
-2.449682
-2.446962
-2.450954
-2.441182
-2.445136
-2.444238
-2.446250
-2.440803
-2.445461
-2.442121
-2.447409
-2.442167
-2.446722
-2.445614
-2.450235
-2.440602
-2.448671
-2.447225
-2.451839
-2.444467
-2.449392
-2.451309
-2.451811
-2.449657
-2.449046
-2.442690
-2.446053
-2.430363
-2.442753
-2.443530
-2.450486
-2.449593
-2.456946
-2.455404
-2.459474
-2.450436
-2.451290
-2.448999
-2.449525
-2.444554
-2.448840
-2.438695
-2.447721
-2.445684
-2.451124
-2.448393
-2.454392
-2.451670
-2.456400
-2.450877
-2.453554
-2.447692
-2.451312
-2.446392
-2.451106
-2.448416
-2.453269
-2.444776
-2.451334
-2.451427
-2.454893
-2.447818
-2.452188
-2.453318
-2.455000
-2.449963
-2.453092
-2.439075
-2.449927
-2.447682
-2.453053
-2.453864
-2.458833
-2.455003
-2.458852
-2.453493
-2.455451
-2.444804
-2.449714
-2.450742
-2.454540
-2.454540
