-0.324832
-0.324666
-0.324419
-0.324169
-0.323925
-0.323687
-0.323452
-0.323213
-0.322964
-0.322703
-0.322428
-0.322141
-0.321841
-0.321530
-0.321208
-0.320875
-0.320533
-0.320181
-0.319820
-0.319449
-0.319068
-0.318677
-0.318273
-0.317857
-0.317428
-0.316984
-0.316526
-0.316054
-0.315566
-0.315062
-0.314542
-0.314006
-0.313451
-0.312878
-0.312285
-0.311671
-0.311036
-0.310377
-0.309694
-0.308984
-0.308247
-0.307479
-0.306680
-0.305846
-0.304975
-0.304064
-0.303111
-0.302113
-0.301068
-0.299977
-0.298841
-0.297666
-0.296460
-0.295240
-0.294031
-0.292870
-0.291790
-0.290780
-0.289732
-0.288489
-0.286988
-0.285251
-0.283323
-0.281249
-0.279066
-0.276801
-0.274473
-0.272101
-0.269704
-0.267301
-0.264912
-0.262557
-0.260251
-0.258013
-0.255858
-0.253803
-0.251861
-0.250040
-0.248340
-0.246760
-0.245291
-0.243925
-0.242650
-0.241456
-0.240330
-0.239259
-0.238232
-0.237235
-0.236258
-0.235286
-0.234306
-0.233306
-0.232270
-0.231182
-0.230026
-0.228783
-0.227431
-0.225947
-0.224304
-0.222471
-0.220414
-0.218091
-0.215454
-0.212447
-0.209000
-0.205029
-0.200431
-0.195078
-0.188816
-0.181461
-0.172803
-0.162645
-0.150892
-0.137755
-0.124006
-0.110983
-0.099946
-0.091269
-0.084546
-0.079193
-0.074747
-0.070894
-0.067434
-0.064243
-0.061246
-0.058398
-0.055674
-0.053057
-0.050537
-0.048107
-0.045758
-0.043482
-0.041266
-0.039094
-0.036947
-0.034801
-0.032630
-0.030410
-0.028131
-0.025809
-0.023503
-0.021314
-0.019347
-0.017665
-0.016270
-0.015127
-0.014187
-0.013401
-0.012733
-0.012151
-0.011635
-0.011171
-0.010751
-0.010376
-0.010050
-0.009775
-0.009554
-0.009382
-0.009256
-0.009171
-0.009122
-0.009102
-0.009106
-0.009132
-0.009173
-0.009228
-0.009294
-0.009369
-0.009452
-0.009542
-0.009641
-0.009748
-0.009865
-0.010000
-0.010160
-0.010316
-0.010441
-0.010571
-0.010716
-0.010872
-0.011030
-0.011169
-0.011258
-0.011338
-0.011437
-0.011560
-0.011805
-0.011943
-0.012220
-0.012382
-0.012670
-0.012697
-0.013087
-0.013071
-0.013494
-0.013583
-0.013687
-0.013907
-0.014158
-0.014421
-0.014699
-0.014926
-0.015078
-0.015229
-0.015426
-0.015651
-0.015869
-0.016081
-0.016290
-0.016495
-0.016698
-0.016900
-0.017102
-0.017303
-0.017504
-0.017706
-0.017907
-0.018108
-0.018310
-0.018510
-0.018711
-0.018911
-0.019110
-0.019309
-0.019506
-0.019702
-0.019897
-0.020090
-0.020282
-0.020472
-0.020660
-0.020846
-0.021030
-0.021211
-0.021389
-0.021565
-0.021737
-0.021905
-0.022070
-0.022230
-0.022385
-0.022535
-0.022680
-0.022818
-0.022951
-0.023077
-0.023197
-0.023310
-0.023417
-0.023518
-0.023611
-0.023698
-0.023778
-0.023851
-0.023917
-0.023977
-0.024030
-0.024075
-0.024114
-0.024147
-0.024172
-0.024191
-0.024203
-0.024209
-0.024207
-0.024199
-0.024184
-0.024163
-0.024134
-0.024099
-0.024056
-0.024006
-0.023950
-0.023885
-0.023813
-0.023734
-0.023647
-0.023552
-0.023449
-0.023338
-0.023218
-0.023090
-0.022954
-0.022810
-0.022657
-0.022496
-0.022328
-0.022153
-0.021970
-0.021779
-0.021580
-0.021370
-0.021148
-0.020911
-0.020659
-0.020391
-0.020106
-0.019804
-0.019485
-0.019148
-0.018793
-0.018419
-0.018025
-0.017609
-0.017170
-0.016707
-0.016218
-0.015703
-0.015161
-0.014595
-0.014011
-0.013415
-0.012820
-0.012242
-0.011696
-0.011198
-0.010752
-0.010358
-0.010006
-0.009683
-0.009378
-0.009079
-0.008778
-0.008471
-0.008152
-0.007820
-0.007474
-0.007114
-0.006741
-0.006355
-0.005959
-0.005554
-0.005142
-0.004724
-0.004303
-0.003880
-0.003457
-0.003034
-0.002614
-0.002196
-0.001782
-0.001373
-0.000967
-0.000565
-0.000167
0.000227
0.000618
0.001007
0.001393
0.001778
0.002161
0.002544
0.002926
0.003307
0.003688
0.004069
0.004450
0.004831
0.005212
0.005594
0.005975
0.006357
0.006739
0.007122
0.007505
0.007888
0.008272
0.008656
0.009040
0.009425
0.009810
0.010196
0.010583
0.010970
0.011357
0.011746
0.012135
0.012525
0.012916
0.013308
0.013701
0.014095
0.014490
0.014887
0.015284
0.015683
0.016083
0.016485
0.016888
0.017292
0.017699
0.018106
0.018516
0.018927
0.019340
0.019755
0.020172
0.020590
0.021011
0.021434
0.021858
0.022285
0.022714
0.023145
0.023578
0.024013
0.024451
0.024891
0.025333
0.025777
0.026224
0.026673
0.027125
0.027579
0.028035
0.028494
0.028955
0.029419
0.029885
0.030354
0.030825
0.031299
0.031775
0.032254
0.032736
0.033220
0.033706
0.034195
0.034687
0.035181
0.035678
0.036176
0.036677
0.037181
0.037686
0.038194
0.038703
0.039215
0.039728
0.040243
0.040760
0.041279
0.041799
0.042320
0.042843
0.043368
0.043894
0.044421
0.044950
0.045480
0.046011
0.046544
0.047079
0.047614
0.048152
0.048690
0.049231
0.049772
0.050316
0.050861
0.051407
0.051955
0.052504
0.053056
0.053609
0.054163
0.054719
0.055277
0.055837
0.056398
0.056961
0.057525
0.058091
0.058659
0.059229
0.059800
0.060373
0.060947
0.061523
0.062101
0.062680
0.063261
0.063844
0.064428
0.065014
0.065601
0.066190
0.066781
0.067373
0.067966
0.068562
0.069159
0.069757
0.070357
0.070958
0.071561
0.072166
0.072772
0.073380
0.073989
0.073989
0.074600
0.075212
0.075826
0.076441
0.077059
0.077677
0.078297
0.078919
0.079542
0.080167
0.080794
0.081422
0.082052
0.082683
0.083316
0.083951
0.084587
0.085225
0.085864
0.086505
0.087148
0.087793
0.088439
0.089087
0.089736
0.090388
0.091041
0.091695
0.092352
0.093010
0.093670
0.094332
0.094995
0.095661
0.096328
0.096997
0.097667
0.098340
0.099014
0.099690
0.100368
0.101048
0.101730
0.102414
0.103100
0.103787
0.104476
0.105168
0.105861
0.106556
0.107253
0.107953
0.108654
0.109357
0.110062
0.110769
0.111478
0.112189
0.112902
0.113618
0.114335
0.115054
0.115776
0.116499
0.117225
0.117953
0.118682
0.119414
0.120148
0.120885
0.121623
0.122364
0.123106
0.123851
0.124599
0.125348
0.126099
0.126853
0.127609
0.128367
0.129128
0.129891
0.130656
0.131423
0.132193
0.132965
0.133739
0.134515
0.135294
0.136075
0.136859
0.137644
0.138433
0.139223
0.140016
0.140811
0.141609
0.142409
0.143211
0.144016
0.144823
0.145633
0.146445
0.147259
0.148076
0.148896
0.149717
0.150542
0.151368
0.152197
0.153029
0.153863
0.154699
0.155538
0.156380
0.157224
0.158070
0.158919
0.159770
0.160624
0.161481
0.162339
0.163201
0.164064
0.164931
0.165799
0.166671
0.167544
0.168421
0.169299
0.170180
0.171064
0.171950
0.172839
0.173730
0.174623
0.175519
0.176418
0.177319
0.178222
0.179128
0.180036
0.180947
0.181860
0.182775
0.183693
0.184613
0.185536
0.186461
0.187388
0.188318
0.189250
0.190184
0.191121
0.192060
0.193001
0.193945
0.194890
0.195838
0.196789
0.197741
0.198696
0.199653
0.200612
0.201573
0.202536
0.203501
0.204469
0.205438
0.206409
0.207383
0.208358
0.209336
0.210315
0.211296
0.212279
0.213264
0.214251
0.215240
0.216230
0.217222
0.218216
0.219212
0.220209
0.221208
0.222208
0.223210
0.224213
0.225218
0.226225
0.227232
0.228242
0.229252
0.230264
0.231277
0.232291
0.233306
0.234322
0.235340
0.236358
0.237378
0.238398
0.239420
0.240442
0.241465
0.242488
0.243513
0.244538
0.245563
0.246589
0.247616
0.248643
0.249670
0.250698
0.251725
0.252753
0.253781
0.254810
0.255838
0.256866
0.257893
0.258921
0.259948
0.260975
0.262002
0.263028
0.264053
0.265078
0.266102
0.267126
0.268148
0.269169
0.270190
0.271209
0.272227
0.273244
0.274259
0.275273
0.276286
0.277297
0.278306
0.279313
0.280318
0.281322
0.282323
0.283322
0.284319
0.285313
0.286305
0.287295
0.288281
0.289265
0.290246
0.291224
0.292199
0.293171
0.294140
0.295105
0.296066
0.297024
0.297978
0.298928
0.299874
0.300816
0.301754
0.302688
0.303617
0.304541
0.305461
0.306376
0.307287
0.308192
0.309093
0.309988
0.310878
0.311763
0.312642
0.313517
0.314386
0.315249
0.316107
0.316959
0.317805
0.318646
0.319482
0.320311
0.321135
0.321953
0.322766
0.323572
0.324373
0.325168
0.325958
0.326742
0.327520
0.328293
0.329061
0.329824
0.330581
0.331335
0.332083
0.332828
0.333569
0.334306
0.335039
0.335770
0.336498
0.337223
0.337946
0.338667
0.339386
0.340104
0.340820
0.341535
0.342249
0.342962
0.343674
0.344384
0.345094
0.345803
0.346510
0.347216
0.347921
0.348624
0.349325
0.350024
0.350721
0.351416
0.352108
0.352797
0.353482
0.354165
0.354843
0.355518
0.356189
0.356855
0.357516
0.358173
0.358825
0.359471
0.360111
0.360746
0.361375
0.361998
0.362615
0.363225
0.363828
0.364424
0.365014
0.365596
0.366170
0.366737
0.367296
0.367847
0.368389
0.368923
0.369447
0.369962
0.370468
0.370964
0.371450
0.371925
0.372390
0.372844
0.373288
0.373722
0.374147
0.374563
0.374974
0.375388
0.375826
0.376353
0.377035
0.377775
0.378506
0.379108
0.379722
0.380824
0.380591
0.380203
0.380184
0.379841
0.379537
0.379260
0.378979
0.378683
0.378354
0.377987
0.377593
0.377190
0.376798
0.376433
0.376219
0.376579
0.377480
0.377027
0.376756
0.376489
0.376282
0.377645
0.376666
0.376538
0.376588
0.375830
0.376627
0.379010
0.377962
0.377155
0.377786
0.377583
0.380565
0.379569
0.379044
0.379948
0.379654
0.381253
0.383557
0.383094
0.381462
0.383631
0.384720
0.384594
0.382989
0.386258
0.387464
0.388016
0.386561
0.390168
0.391448
0.392011
0.390399
0.394534
0.395723
0.396464
0.394719
0.399135
0.400494
0.401290
0.399504
0.404186
0.402856
0.410542
0.407757
0.409683
0.414911
0.411106
0.412132
0.417610
0.414227
0.416448
0.420596
0.418949
0.420415
0.425522
0.423008
0.424512
0.429452
0.426630
0.428844
0.433546
0.430944
0.432800
0.438232
0.434700
0.437540
0.442300
0.439282
0.441591
0.447334
0.443267
0.446774
0.451550
0.448259
0.450815
0.456962
0.452184
0.456791
0.461139
0.458127
0.460084
0.466901
0.460940
0.467238
0.470704
0.468817
0.468727
0.475174
0.469933
0.479855
0.476205
0.479983
0.482330
0.484502
0.480349
0.483985
0.492148
0.486714
0.494373
0.494865
0.494865
0.501436
0.498479
0.501666
0.497353
0.499781
0.507431
0.503771
0.514078
0.511013
0.515595
0.513083
0.514134
0.519691
0.518639
0.526364
0.525510
0.529679
0.522337
0.529596
0.537992
0.533134
0.543679
0.539364
0.544433
0.538545
0.542759
0.546807
0.547852
0.558091
0.554216
0.560884
0.554638
0.560886
0.552343
0.563061
0.566428
0.572969
0.567794
0.576369
0.569517
0.578830
0.573592
0.582926
0.577865
0.587580
0.583605
0.592620
0.587195
0.596773
0.592194
0.601524
0.595757
0.605823
0.600532
0.610461
0.604396
0.614869
0.608966
0.619469
0.613086
0.623934
0.617489
0.628499
0.621758
0.633017
0.626085
0.637565
0.630397
0.642113
0.634714
0.646671
0.639028
0.651234
0.643337
0.655788
0.647637
0.660313
0.651926
0.664798
0.656207
0.669247
0.660485
0.673672
0.664764
0.678077
0.669043
0.682465
0.673314
0.686833
0.677569
0.691183
0.681800
0.695519
0.685997
0.699850
0.690153
0.704187
0.694260
0.708543
0.698315
0.712914
0.702315
0.717268
0.706258
0.721540
0.710152
0.725662
0.714011
0.729601
0.717843
0.733388
0.721649
0.737089
0.725429
0.740734
0.729180
0.744316
0.732887
0.747823
0.736534
0.751253
0.740104
0.754604
0.743586
0.757857
0.746986
0.760954
0.750321
0.763797
0.753609
0.766324
0.756858
0.768574
0.760046
0.770666
0.763130
0.772691
0.766087
0.774662
0.768907
0.776550
0.771586
0.778339
0.774131
0.780027
0.776555
0.781623
0.778874
0.783143
0.781107
0.784609
0.783269
0.786053
0.785370
0.787514
0.787412
0.789035
0.789391
0.790647
0.791308
0.792353
0.793178
0.794130
0.795023
0.795947
0.796861
0.797780
0.798697
0.799613
0.800527
0.801439
0.802348
0.803254
0.804157
0.805058
0.805958
0.806858
0.807759
0.808663
0.809571
0.810486
0.811406
0.812335
0.813272
0.814218
0.815174
0.816139
0.817112
0.818095
0.819086
0.820084
0.821089
0.822101
0.823119
0.824142
0.825170
0.826202
0.827238
0.828278
0.829322
0.830368
0.831418
0.832472
0.833528
0.834588
0.835651
0.836718
0.837790
0.838865
0.839944
0.841028
0.842117
0.843212
0.844312
0.845417
0.846529
0.847646
0.848771
0.849902
0.851040
0.852186
0.853340
0.854501
0.855671
0.856849
0.858035
0.859231
0.860435
0.861649
0.862871
0.864103
0.865344
0.866593
0.867852
0.869119
0.870394
0.871676
0.872965
0.874260
0.875561
0.876866
0.878175
0.879485
0.880797
0.882108
0.883417
0.884724
0.886027
0.887324
0.888614
0.889896
0.891170
0.892435
0.893689
0.894933
0.896166
0.897389
0.898600
0.899801
0.900992
0.902172
0.903344
0.904507
0.905662
0.906810
0.907951
0.909088
0.910220
0.911348
0.912474
0.913598
0.914723
0.915847
0.916972
0.918100
0.919229
0.920361
0.921496
0.922632
0.923770
0.924909
0.926047
0.927183
0.928315
0.929441
0.930559
0.931667
0.932765
0.933850
0.934921
0.935979
0.937022
0.938052
0.939069
0.940073
0.941067
0.942051
0.943028
0.943999
0.944965
0.945930
0.946895
0.947862
0.948831
0.949806
0.950788
0.951778
0.952776
0.953785
0.954806
0.955838
0.956883
0.957940
0.959011
0.960095
0.961191
0.962299
0.963418
0.964545
0.965674
0.966798
0.967907
0.968992
0.970045
0.971065
0.972052
0.973006
0.973924
0.974802
0.975633
0.976412
0.977135
0.977800
0.978410
0.978970
0.979486
0.979968
0.980426
0.980869
0.981303
0.981735
0.982169
0.982607
0.983050
0.983500
0.983957
0.984422
0.984893
0.985371
0.985854
0.986341
0.986832
0.987323
0.987814
0.988301
0.988783
0.989256
0.989717
0.990163
0.990590
0.990994
0.991370
0.991711
0.992012
0.992264
0.992458
0.992582
0.992622
0.992568
0.992412
0.992154
0.991803
0.991379
0.990912
0.990435
0.989980
0.989574
0.989236
0.988971
0.988773
0.988630
0.988517
0.988404
0.988257
0.988035
0.987697
0.987208
0.986540
0.985689
0.984669
0.983519
0.982295
0.981057
0.979861
0.978743
0.977720
0.976791
0.975943
0.975157
0.974413
0.973698
0.972998
0.972309
0.971625
0.970945
0.970270
0.969600
0.968937
0.968283
0.967639
0.967005
0.966383
0.965772
0.965174
0.964588
0.964015
0.963455
0.962908
0.962375
0.961856
0.961351
0.960861
0.960386
0.959926
0.959483
0.959056
0.958645
0.958252
0.957877
0.957520
0.957182
0.956862
0.956562
0.956282
0.956022
0.955782
0.955562
0.955363
0.955186
0.955029
0.954893
0.954778
0.954684
0.954611
0.954559
0.954527
0.954515
0.954524
0.954553
0.954601
0.954668
0.954754
0.954859
0.954983
0.955124
0.955283
0.955460
0.955653
0.955863
0.956089
0.956332
0.956590
0.956863
0.957151
0.957454
0.957772
0.958103
0.958448
0.958807
0.959180
0.959566
0.959966
0.960381
0.960810
0.961255
0.961718
0.962200
0.962704
0.963233
0.963790
0.964381
0.965009
0.965681
0.966400
0.967171
0.967993
0.968864
0.969776
0.970716
0.971668
0.972615
0.973541
0.974434
0.975286
0.976090
0.976845
0.977552
0.978212
0.978830
0.978830
0.979397
0.979998
0.980075
0.983508
0.959772
0.975670
0.974114
0.978617
0.971905
0.967577
0.964814
0.963225
0.961519
0.961043
0.961262
0.961753
0.962332
0.962888
0.963373
0.963778
0.964111
0.964389
0.964630
0.964847
0.965053
0.965257
0.965466
0.965687
0.965924
0.966180
0.966456
0.966752
0.967071
0.967412
0.967777
0.968165
0.968578
0.969013
0.969471
0.969951
0.970452
0.970972
0.971510
0.972063
0.972630
0.973208
0.973795
0.974388
0.974986
0.975585
0.976184
0.976781
0.977373
0.977959
0.978538
0.979108
0.979667
0.980214
0.980748
0.981268
0.981774
0.982264
0.982737
0.983194
0.983634
0.984056
0.984461
0.984848
0.985218
0.985571
0.985907
0.986226
0.986528
0.986814
0.987085
0.987340
0.987580
0.987805
0.988017
0.988214
0.988398
0.988569
0.988727
0.988873
0.989007
0.989130
0.989241
0.989342
0.989432
0.989512
0.989582
0.989643
0.989694
0.989737
0.989770
0.989796
0.989813
0.989823
0.989825
0.989819
0.989806
0.989786
0.989759
0.989725
0.989685
0.989638
0.989584
0.989525
0.989459
0.989387
0.989309
0.989225
0.989135
0.989040
0.988939
0.988832
0.988720
0.988602
0.988479
0.988351
0.988217
0.988078
0.987934
0.987785
0.987631
0.987472
0.987308
0.987139
0.986966
0.986787
0.986604
0.986417
0.986224
0.986028
0.985826
0.985621
0.985411
0.985196
0.984978
0.984755
0.984528
0.984297
0.984062
0.983823
0.983580
0.983333
0.983082
0.982827
0.982568
0.982306
0.982040
0.981770
0.981497
0.981220
0.980940
0.980656
0.980368
0.980077
0.979783
0.979485
0.979184
0.978880
0.978572
0.978261
0.977947
0.977630
0.977310
0.976987
0.976660
0.976331
0.975998
0.975663
0.975325
0.974984
0.974640
0.974293
0.973943
0.973591
0.973236
0.972878
0.972518
0.972155
0.971789
0.971421
0.971051
0.970678
0.970302
0.969925
0.969545
0.969162
0.968777
0.968391
0.968001
0.967610
0.967217
0.966822
0.966424
0.966025
0.965623
0.965220
0.964815
0.964408
0.964000
0.963590
0.963178
0.962764
0.962349
0.961933
0.961515
0.961095
0.960674
0.960252
0.959829
0.959404
0.958978
0.958551
0.958123
0.957694
0.957264
0.956833
0.956402
0.955969
0.955535
0.955101
0.954666
0.954231
0.953795
0.953358
0.952921
0.952484
0.952046
0.951607
0.951169
0.950730
0.950291
0.949852
0.949412
0.948973
0.948533
0.948094
0.947655
0.947216
0.946777
0.946338
0.945899
0.945461
0.945023
0.944586
0.944149
0.943713
0.943277
0.942842
0.942407
0.941973
0.941540
0.941108
0.940677
0.940246
0.939817
0.939388
0.938961
0.938535
0.938110
0.937686
0.937263
0.936842
0.936422
0.936004
0.935587
0.935171
0.934758
0.934346
0.933935
0.933527
0.933120
0.932715
0.932312
0.931911
0.931512
0.931115
0.930720
0.930328
0.929938
0.929550
0.929164
0.928781
0.928401
0.928023
0.927648
0.927275
0.926905
0.926538
0.926174
0.925812
0.925454
0.925099
0.924747
0.924398
0.924052
0.923709
0.923370
0.923034
0.922702
0.922373
0.922048
0.921726
0.921408
0.921094
0.920784
0.920478
0.920175
0.919877
0.919582
0.919292
0.919006
0.918724
0.918447
0.918174
0.917905
0.917641
0.917382
0.917127
0.916877
0.916632
0.916391
0.916155
0.915925
0.915699
0.915478
0.915263
0.915053
0.914848
0.914648
0.914454
0.914265
0.914082
0.913904
0.913732
0.913565
0.913405
0.913250
0.913101
0.912958
0.912821
0.912690
0.912565
0.912446
0.912333
0.912227
0.912127
0.912033
0.911946
0.911865
0.911791
0.911723
0.911662
0.911608
0.911560
0.911519
0.911484
0.911457
0.911436
0.911422
0.911415
0.911415
0.911422
0.911436
0.911456
0.911484
0.911518
0.911560
0.911608
0.911664
0.911726
0.911795
0.911871
0.911954
0.912044
0.912140
0.912243
0.912353
0.912469
0.912591
0.912720
0.912855
0.912996
0.913142
0.913294
0.913452
0.913615
0.913783
0.913955
0.914131
0.914312
0.914496
0.914683
0.914872
0.915063
0.915255
0.915447
0.915638
0.915826
0.916012
0.916192
0.916366
0.916530
0.916684
0.916825
0.916951
0.917062
0.917164
0.917266
0.917387
0.917546
0.917762
0.918037
0.918368
0.918742
0.919149
0.919582
0.920036
0.920506
0.920990
0.921483
0.921984
0.922490
0.923002
0.923518
0.924038
0.924563
0.925092
0.925627
0.926166
0.926709
0.927257
0.927810
0.928367
0.928927
0.929492
0.930060
0.930631
0.931205
0.931781
0.932361
0.932942
0.933525
0.934110
0.934696
0.935283
0.935871
0.936459
0.937048
0.937637
0.938227
0.938816
0.939405
0.939993
0.940581
0.941169
0.941756
0.942343
0.942929
0.943514
0.944099
0.944683
0.945267
0.945850
0.946433
0.947015
0.947597
0.948178
0.948760
0.949341
0.949922
0.950502
0.951083
0.951664
0.952245
0.952827
0.953408
0.953990
0.954572
0.955155
0.955738
0.956322
0.956906
0.957491
0.958077
0.958664
0.959251
0.959839
0.960428
0.961018
0.961608
0.962200
0.962792
0.963386
0.963980
0.964575
0.964575
0.965171
0.965768
0.966366
0.966964
0.967564
0.968164
0.968765
0.969367
0.969969
0.970572
0.971176
0.971780
0.972385
0.972990
0.973595
0.974201
0.974807
0.975413
0.976020
0.976626
0.977232
0.977838
0.978444
0.979050
0.979655
0.980259
0.980863
0.981467
0.982069
0.982671
0.983272
0.983872
0.984470
0.985067
0.985663
0.986258
0.986851
0.987442
0.988031
0.988619
0.989204
0.989788
0.990369
0.990948
0.991525
0.992099
0.992671
0.993240
0.993807
0.994371
0.994931
0.995489
0.996044
0.996596
0.997145
0.997691
0.998234
0.998773
0.999310
0.999843
1.000373
1.000899
1.001422
1.001943
1.002459
1.002973
1.003484
1.003991
1.004496
1.004997
1.005496
1.005992
1.006485
1.006976
1.007464
1.007950
1.008434
1.008916
1.009396
1.009874
1.010351
1.010827
1.011301
1.011775
1.012248
1.012721
1.013193
1.013666
1.014139
1.014613
1.015088
1.015564
1.016041
1.016520
1.017001
1.017484
1.017970
1.018459
1.018951
1.019446
1.019945
1.020447
1.020954
1.021465
1.021980
1.022501
1.023026
1.023556
1.024092
1.024633
1.025180
1.025733
1.026291
1.026855
1.027426
1.028002
1.028584
1.029173
1.029767
1.030368
1.030975
1.031587
1.032206
1.032830
1.033460
1.034096
1.034737
1.035383
1.036034
1.036691
1.037352
1.038017
1.038687
1.039361
1.040038
1.040719
1.041403
1.042090
1.042780
1.043471
1.044165
1.044860
1.045557
1.046254
1.046951
1.047649
1.048346
1.049042
1.049738
1.050432
1.051124
1.051814
1.052501
1.053185
1.053866
1.054544
1.055218
1.055888
1.056553
1.057214
1.057870
1.058522
1.059168
1.059810
1.060446
1.061076
1.061702
1.062322
1.062936
1.063546
1.064150
1.064748
1.065341
1.065929
1.066512
1.067090
1.067663
1.068231
1.068794
1.069353
1.069908
1.070458
1.071005
1.071548
1.072087
1.072624
1.073157
1.073689
1.074218
1.074747
1.075275
1.075803
1.076333
1.076865
1.077403
1.077949
1.078505
1.079079
1.079674
1.080310
1.080992
1.081778
1.082866
1.085403
1.086941
1.089382
1.089843
1.091784
1.090793
1.094167
1.089989
1.096759
1.087962
1.096319
1.094581
1.097795
1.090102
1.098299
1.093059
1.100167
1.090137
1.098548
1.099406
1.096189
1.101195
1.090391
1.099138
1.103944
1.091485
1.099357
1.105281
1.091857
1.099491
1.105280
1.099221
1.105321
1.092780
1.101151
1.107074
1.098333
1.104993
1.103251
1.106808
1.097574
1.105915
1.107399
1.103255
1.109613
1.095463
1.104185
1.108191
1.111480
1.112158
1.099833
1.106588
1.112361
1.108460
1.113874
1.096242
1.105689
1.106758
1.104027
1.102829
1.102816
1.102525
1.102506
1.102596
1.102713
1.102953
1.103244
1.103592
1.103996
1.104457
1.104978
1.105552
1.106174
1.106837
1.107533
1.108258
1.109006
1.109776
1.110565
1.111371
1.112194
1.113031
1.113880
1.114740
1.115609
1.116486
1.117369
1.118258
1.119152
1.120050
1.120952
1.121858
1.122766
1.123676
1.124588
1.125502
1.126418
1.127335
1.128253
1.129173
1.130094
1.131016
1.131940
1.132866
1.133793
1.134721
1.135652
1.136584
1.137517
1.138453
1.139390
1.140328
1.141268
1.142209
1.143151
1.144095
1.145039
1.145984
1.146929
1.147875
1.148821
1.149768
1.150714
1.151661
1.152607
1.153553
1.154498
1.155443
1.156387
1.157331
1.158273
1.159216
1.160157
1.161097
1.162037
1.162976
1.163914
1.164851
1.165787
1.166722
1.167657
1.168590
1.169522
1.170454
1.171384
1.172314
1.173242
1.174169
1.175095
1.176019
1.176942
1.177863
1.178782
1.179700
1.180615
1.181528
1.182438
1.183346
1.184251
1.185153
1.186052
1.186947
1.187839
1.188727
1.189612
1.190492
1.191369
1.192241
1.193109
1.193973
1.194833
1.195688
1.196539
1.197386
1.198228
1.199066
1.199899
1.200728
1.201553
1.202373
1.203189
1.204000
1.204807
1.205609
1.206407
1.207201
1.207990
1.208775
1.209555
1.210331
1.211103
1.211870
1.212633
1.213391
1.214145
1.214895
1.215640
1.216382
1.217118
1.217851
1.218580
1.219304
1.220024
1.220740
1.221452
1.222160
1.222864
1.223564
1.224260
1.224952
1.225641
1.226325
1.227006
1.227683
1.228357
1.229027
1.229693
1.230355
1.231014
1.231670
1.232322
1.232970
1.233615
1.234257
1.234895
1.235529
1.236161
1.236789
1.237413
1.238034
1.238652
1.239266
1.239877
1.240485
1.241090
1.241691
1.242288
1.242882
1.243473
1.244061
1.244645
1.245225
1.245803
1.246376
1.246946
1.247513
1.248077
1.248636
1.249192
1.249745
1.250294
1.250839
1.251381
1.251919
1.252453
1.252984
1.253510
1.254033
1.254552
1.255067
1.255578
1.256085
1.256588
1.257087
1.257581
1.258072
1.258558
1.259040
1.259517
1.259990
1.260459
1.260923
1.261382
1.261837
1.262287
1.262732
1.263172
1.263608
1.264038
1.264464
1.264884
1.265300
1.265710
1.266115
1.266514
1.266908
1.267297
1.267681
1.268058
1.268431
1.268797
1.269159
1.269514
1.269864
1.270208
1.270546
1.270546
1.270879
1.271206
1.271527
1.271842
1.272151
1.272455
1.272753
1.273044
1.273330
1.273611
1.273885
1.274154
1.274417
1.274674
1.274925
1.275171
1.275410
1.275645
1.275873
1.276096
1.276314
1.276526
1.276732
1.276933
1.277129
1.277320
1.277505
1.277685
1.277859
1.278029
1.278194
1.278353
1.278508
1.278658
1.278803
1.278944
1.279079
1.279211
1.279337
1.279460
1.279577
1.279691
1.279800
1.279905
1.280006
1.280103
1.280197
1.280286
1.280371
1.280453
1.280530
1.280605
1.280675
1.280743
1.280806
1.280867
1.280924
1.280977
1.281028
1.281075
1.281119
1.281161
1.281199
1.281234
1.281267
1.281296
1.281323
1.281347
1.281369
1.281388
1.281404
1.281418
1.281430
1.281439
1.281446
1.281451
1.281455
1.281456
1.281456
1.281454
1.281451
1.281447
1.281443
1.281438
1.281434
1.281431
1.281430
1.281433
1.281441
1.281456
1.281482
1.281524
1.281590
1.281690
1.281846
1.282091
1.282495
1.283208
1.284592
1.287471
1.288456
1.278807
1.286795
1.283491
1.288799
1.278423
1.287398
1.283857
1.288643
1.277553
1.286815
1.283835
1.287953
1.277523
1.286405
1.281305
1.287329
1.275229
1.284790
1.282738
1.285111
1.278223
1.285022
1.275328
1.284026
1.278201
1.284366
1.273486
1.282428
1.278022
1.282983
1.273458
1.281709
1.275543
1.281943
1.272801
1.280831
1.274394
1.280827
1.272324
1.279960
1.273246
1.279811
1.271960
1.279158
1.272240
1.278858
1.271577
1.278363
1.271483
1.277992
1.271133
1.277576
1.270914
1.277192
1.270671
1.276808
1.270452
1.276434
1.270247
1.276066
1.270053
1.275703
1.269874
1.275345
1.269707
1.274990
1.269553
1.274639
1.269413
1.274290
1.269284
1.273943
1.269168
1.273598
1.269064
1.273252
1.268972
1.272906
1.268891
1.272560
1.268821
1.272211
1.268760
1.271862
1.268707
1.271510
1.268660
1.271157
1.268616
1.270802
1.268573
1.270449
1.268526
1.270098
1.268472
1.269752
1.268407
1.269415
1.268328
1.269090
1.268231
1.268779
1.268115
1.268484
1.267981
1.268207
1.267829
1.267946
1.267662
1.267701
1.267483
1.267467
1.267295
1.267244
1.267102
1.267030
1.266906
1.266821
1.266709
1.266617
1.266512
1.266417
1.266316
1.266220
1.266122
1.266026
1.265930
1.265835
1.265740
1.265646
1.265552
1.265459
1.265366
1.265274
1.265183
1.265092
1.265002
1.264912
1.264822
1.264733
1.264645
1.264557
1.264469
1.264382
1.264295
1.264209
1.264123
1.264037
1.263952
1.263868
1.263783
1.263699
1.263616
1.263532
1.263449
1.263367
1.263285
1.263203
1.263121
1.263040
1.262959
1.262878
1.262798
1.262718
1.262638
1.262558
1.262479
1.262400
1.262321
1.262243
1.262165
1.262087
1.262009
1.261931
1.261854
1.261777
1.261700
1.261623
1.261547
1.261470
1.261394
1.261318
1.261243
1.261167
1.261092
1.261017
1.260942
1.260867
1.260792
1.260718
1.260643
1.260569
1.260495
1.260421
1.260347
1.260274
1.260200
1.260127
1.260053
1.259980
1.259907
1.259834
1.259762
1.259689
1.259616
1.259544
1.259472
1.259399
1.259327
1.259255
1.259183
1.259111
1.259039
1.258967
1.258896
1.258824
1.258753
1.258681
1.258610
1.258538
1.258467
1.258396
1.258325
1.258254
1.258183
1.258112
1.258041
1.257970
1.257899
1.257828
1.257757
1.257687
1.257616
1.257545
1.257475
1.257404
1.257333
1.257263
1.257192
1.257122
1.257051
1.256981
1.256911
1.256840
1.256770
1.256699
1.256629
1.256559
1.256488
1.256418
1.256348
1.256278
1.256207
1.256137
1.256067
1.255997
1.255926
1.255856
1.255786
1.255716
1.255646
1.255575
1.255505
1.255435
1.255365
1.255295
1.255224
1.255154
1.255084
1.255014
1.254943
1.254873
1.254803
1.254733
1.254662
1.254592
1.254522
1.254452
1.254381
1.254311
1.254241
1.254171
1.254100
1.254030
1.253960
1.253889
1.253819
1.253749
1.253678
1.253608
1.253538
1.253467
1.253397
1.253326
1.253256
1.253186
1.253115
1.253045
1.252974
1.252904
1.252833
1.252763
1.252692
1.252622
1.252551
1.252481
1.252410
1.252339
1.252269
1.252198
1.252128
1.252057
1.251986
1.251916
1.251845
1.251775
1.251704
1.251633
1.251563
1.251492
1.251421
1.251351
1.251280
1.251209
1.251138
1.251068
1.250997
1.250926
1.250856
1.250785
1.250714
1.250644
1.250573
1.250502
1.250432
1.250361
1.250290
1.250220
1.250149
1.250079
1.250008
1.249937
1.249867
1.249797
1.249726
1.249656
1.249585
1.249515
1.249445
1.249375
1.249304
1.249234
1.249164
1.249094
1.249024
1.248954
1.248885
1.248815
1.248745
1.248676
1.248607
1.248537
1.248468
1.248399
1.248330
1.248261
1.248193
1.248124
1.248056
1.247988
1.247920
1.247852
1.247785
1.247717
1.247650
1.247583
1.247516
1.247450
1.247383
1.247317
1.247252
1.247186
1.247121
1.247056
1.246992
1.246927
1.246863
1.246800
1.246737
1.246674
1.246612
1.246550
1.246488
1.246427
1.246366
1.246306
1.246247
1.246187
1.246187
1.246129
1.246071
1.246013
1.245956
1.245900
1.245844
1.245789
1.245734
1.245680
1.245627
1.245574
1.245522
1.245471
1.245421
1.245371
1.245322
1.245274
1.245226
1.245180
1.245134
1.245089
1.245045
1.245001
1.244959
1.244917
1.244876
1.244836
1.244797
1.244759
1.244721
1.244685
1.244649
1.244614
1.244580
1.244546
1.244514
1.244482
1.244451
1.244421
1.244391
1.244363
1.244335
1.244307
1.244281
1.244255
1.244229
1.244204
1.244180
1.244156
1.244133
1.244111
1.244088
1.244067
1.244045
1.244024
1.244004
1.243984
1.243964
1.243945
1.243925
1.243907
1.243888
1.243869
1.243851
1.243833
1.243816
1.243798
1.243781
1.243764
1.243747
1.243730
1.243713
1.243697
1.243680
1.243664
1.243648
1.243632
1.243616
1.243600
1.243584
1.243569
1.243554
1.243538
1.243523
1.243508
1.243493
1.243479
1.243464
1.243450
1.243435
1.243421
1.243407
1.243393
1.243379
1.243366
1.243352
1.243339
1.243326
1.243313
1.243300
1.243288
1.243275
1.243263
1.243251
1.243239
1.243227
1.243215
1.243204
1.243193
1.243181
1.243170
1.243159
1.243149
1.243138
1.243128
1.243118
1.243108
1.243098
1.243088
1.243078
1.243069
1.243059
1.243050
1.243041
1.243032
1.243023
1.243014
1.243006
1.242997
1.242989
1.242981
1.242973
1.242965
1.242957
1.242949
1.242941
1.242933
1.242926
1.242918
1.242911
1.242904
1.242897
1.242890
1.242883
1.242876
1.242869
1.242862
1.242855
1.242848
1.242842
1.242835
1.242829
1.242822
1.242816
1.242810
1.242803
1.242797
1.242791
1.242785
1.242779
1.242773
1.242766
1.242760
1.242755
1.242749
1.242743
1.242737
1.242731
1.242725
1.242719
1.242714
1.242708
1.242702
1.242697
1.242691
1.242685
1.242680
1.242674
1.242669
1.242663
1.242658
1.242652
1.242647
1.242641
1.242636
1.242630
1.242625
1.242619
1.242614
1.242609
1.242603
1.242598
1.242593
1.242587
1.242582
1.242577
1.242572
1.242566
1.242561
1.242556
1.242551
1.242545
1.242540
1.242535
1.242530
1.242525
1.242519
1.242514
1.242509
1.242504
1.242499
1.242494
1.242489
1.242484
1.242479
1.242474
1.242469
1.242464
1.242459
1.242454
1.242449
1.242444
1.242439
1.242434
1.242429
1.242425
1.242420
1.242415
1.242410
1.242405
1.242401
1.242396
1.242391
1.242387
1.242382
1.242377
1.242373
1.242368
1.242363
1.242359
1.242354
1.242350
1.242345
1.242341
1.242337
1.242332
1.242328
1.242323
1.242319
1.242315
1.242311
1.242306
1.242302
1.242298
1.242294
1.242290
1.242286
1.242282
1.242278
1.242274
1.242270
1.242266
1.242262
1.242258
1.242254
1.242250
1.242247
1.242243
1.242239
1.242236
1.242232
1.242229
1.242225
1.242222
1.242218
1.242215
1.242211
1.242208
1.242205
1.242201
1.242198
1.242195
1.242192
1.242189
1.242186
1.242183
1.242180
1.242177
1.242174
1.242171
1.242169
1.242166
1.242163
1.242161
1.242158
1.242156
1.242153
1.242151
1.242148
1.242146
1.242144
1.242141
1.242139
1.242137
1.242135
1.242133
1.242131
1.242129
1.242127
1.242125
1.242124
1.242122
1.242120
1.242119
1.242117
1.242116
1.242114
1.242113
1.242112
1.242110
1.242109
1.242108
1.242107
1.242106
1.242105
1.242104
1.242103
1.242102
1.242102
1.242101
1.242100
1.242100
1.242099
1.242099
1.242098
1.242098
1.242098
1.242098
1.242098
1.242097
1.242097
1.242098
1.242098
1.242098
1.242098
1.242098
1.242099
1.242099
1.242100
1.242100
1.242101
1.242102
1.242103
1.242103
1.242104
1.242105
1.242106
1.242107
1.242109
1.242110
1.242111
1.242113
1.242114
1.242116
1.242117
1.242119
1.242121
1.242123
1.242124
1.242126
1.242128
1.242130
1.242133
1.242135
1.242137
1.242140
1.242142
1.242145
1.242147
1.242150
1.242153
1.242155
1.242158
1.242161
1.242164
1.242167
1.242171
1.242174
1.242177
1.242181
1.242184
1.242188
1.242191
1.242195
1.242199
1.242203
1.242207
1.242211
1.242215
1.242219
1.242223
1.242228
1.242232
1.242236
1.242241
1.242246
1.242250
1.242255
1.242260
1.242265
1.242270
1.242275
1.242280
1.242286
1.242291
1.242296
1.242302
1.242307
1.242313
1.242319
1.242325
1.242331
1.242336
1.242343
1.242349
1.242355
1.242361
1.242368
1.242374
1.242381
1.242387
1.242394
1.242401
1.242407
1.242414
1.242421
1.242429
1.242436
1.242443
1.242450
1.242458
1.242465
1.242473
1.242481
1.242488
1.242496
1.242504
1.242512
1.242520
1.242528
1.242536
1.242545
1.242553
1.242562
1.242570
1.242579
1.242588
1.242596
1.242605
1.242614
1.242623
1.242633
1.242642
1.242651
1.242661
1.242670
1.242680
1.242689
1.242699
1.242709
1.242719
1.242729
1.242739
1.242749
1.242759
1.242769
1.242780
1.242790
1.242801
1.242811
1.242822
1.242833
1.242844
1.242855
1.242866
1.242877
1.242888
1.242900
1.242911
1.242923
1.242934
1.242946
1.242957
1.242969
1.242981
1.242993
1.243005
1.243017
1.243030
1.243030
1.243042
1.243054
1.243067
1.243079
1.243092
1.243105
1.243118
1.243131
1.243144
1.243157
1.243170
1.243183
1.243196
1.243210
1.243223
1.243237
1.243251
1.243264
1.243278
1.243292
1.243306
1.243320
1.243334
1.243349
1.243363
1.243377
1.243392
1.243406
1.243421
1.243436
1.243451
1.243466
1.243481
1.243496
1.243511
1.243526
1.243541
1.243557
1.243572
1.243588
1.243604
1.243619
1.243635
1.243651
1.243667
1.243683
1.243700
1.243716
1.243732
1.243749
1.243765
1.243782
1.243798
1.243815
1.243832
1.243849
1.243866
1.243883
1.243900
1.243918
1.243935
1.243952
1.243970
1.243987
1.244005
1.244023
1.244041
1.244059
1.244077
1.244095
1.244113
1.244131
1.244150
1.244168
1.244187
1.244205
1.244224
1.244243
1.244262
1.244281
1.244300
1.244319
1.244338
1.244357
1.244376
1.244396
1.244415
1.244435
1.244455
1.244475
1.244494
1.244514
1.244534
1.244554
1.244575
1.244595
1.244615
1.244636
1.244656
1.244677
1.244698
1.244718
1.244739
1.244760
1.244781
1.244802
1.244823
1.244845
1.244866
1.244887
1.244909
1.244931
1.244952
1.244974
1.244996
1.245018
1.245040
1.245062
1.245084
1.245106
1.245129
1.245151
1.245174
1.245196
1.245219
1.245242
1.245265
1.245287
1.245310
1.245334
1.245357
1.245380
1.245403
1.245427
1.245450
1.245474
1.245498
1.245521
1.245545
1.245569
1.245593
1.245617
1.245641
1.245666
1.245690
1.245714
1.245739
1.245763
1.245788
1.245813
1.245838
1.245863
1.245888
1.245913
1.245938
1.245963
1.245988
1.246014
1.246039
1.246065
1.246091
1.246116
1.246142
1.246168
1.246194
1.246220
1.246246
1.246272
1.246299
1.246325
1.246352
1.246378
1.246405
1.246432
1.246458
1.246485
1.246512
1.246539
1.246567
1.246594
1.246621
1.246648
1.246676
1.246703
1.246731
1.246759
1.246787
1.246815
1.246843
1.246871
1.246899
1.246927
1.246955
1.246984
1.247012
1.247041
1.247069
1.247098
1.247127
1.247156
1.247185
1.247214
1.247243
1.247272
1.247302
1.247331
1.247360
1.247390
1.247420
1.247449
1.247479
1.247509
1.247539
1.247569
1.247599
1.247629
1.247660
1.247690
1.247721
1.247751
1.247782
1.247813
1.247843
1.247874
1.247905
1.247936
1.247968
1.247999
1.248030
1.248062
1.248093
1.248125
1.248156
1.248188
1.248220
1.248252
1.248284
1.248316
1.248348
1.248380
1.248413
1.248445
1.248477
1.248510
1.248543
1.248576
1.248608
1.248641
1.248674
1.248707
1.248741
1.248774
1.248807
1.248841
1.248874
1.248908
1.248941
1.248975
1.249009
1.249043
1.249077
1.249111
1.249145
1.249180
1.249214
1.249249
1.249283
1.249318
1.249353
1.249387
1.249422
1.249457
1.249492
1.249527
1.249563
1.249598
1.249633
1.249669
1.249705
1.249740
1.249776
1.249812
1.249848
1.249884
1.249920
1.249956
1.249992
1.250029
1.250065
1.250102
1.250138
1.250175
1.250212
1.250249
1.250286
1.250323
1.250360
1.250397
1.250435
1.250472
1.250510
1.250547
1.250585
1.250623
1.250660
1.250698
1.250736
1.250775
1.250813
1.250851
1.250890
1.250928
1.250967
1.251005
1.251044
1.251083
1.251122
1.251161
1.251200
1.251239
1.251278
1.251318
1.251357
1.251397
1.251437
1.251476
1.251516
1.251556
1.251596
1.251636
1.251676
1.251717
1.251757
1.251797
1.251838
1.251879
1.251919
1.251960
1.252001
1.252042
1.252083
1.252124
1.252166
1.252207
1.252249
1.252290
1.252332
1.252374
1.252415
1.252457
1.252499
1.252542
1.252584
1.252626
1.252668
1.252711
1.252754
1.252796
1.252839
1.252882
1.252925
1.252968
1.253011
1.253054
1.253098
1.253141
1.253185
1.253228
1.253272
1.253316
1.253360
1.253404
1.253448
1.253492
1.253536
1.253580
1.253625
1.253669
1.253714
1.253759
1.253804
1.253849
1.253894
1.253939
1.253984
1.254029
1.254075
1.254120
1.254166
1.254212
1.254258
1.254303
1.254349
1.254396
1.254442
1.254488
1.254535
1.254581
1.254628
1.254674
1.254721
1.254768
1.254815
1.254862
1.254909
1.254957
1.255004
1.255051
1.255099
1.255147
1.255194
1.255242
1.255290
1.255338
1.255387
1.255435
1.255483
1.255532
1.255580
1.255629
1.255678
1.255727
1.255776
1.255825
1.255874
1.255923
1.255973
1.256022
1.256072
1.256122
1.256171
1.256221
1.256271
1.256321
1.256372
1.256422
1.256472
1.256523
1.256573
1.256624
1.256675
1.256726
1.256777
1.256828
1.256879
1.256931
1.256982
1.257034
1.257086
1.257137
1.257189
1.257241
1.257293
1.257346
1.257398
1.257450
1.257503
1.257555
1.257608
1.257661
1.257714
1.257767
1.257820
1.257874
1.257927
1.257980
1.258034
1.258088
1.258142
1.258196
1.258250
1.258304
1.258358
1.258412
1.258467
1.258521
1.258576
1.258631
1.258686
1.258741
1.258796
1.258851
1.258907
1.258962
1.259018
1.259074
1.259129
1.259185
1.259241
1.259298
1.259354
1.259410
1.259467
1.259523
1.259580
1.259637
1.259694
1.259751
1.259808
1.259808
1.259865
1.259923
1.259980
1.260038
1.260096
1.260154
1.260212
1.260270
1.260328
1.260386
1.260445
1.260504
1.260562
1.260621
1.260680
1.260739
1.260798
1.260858
1.260917
1.260977
1.261036
1.261096
1.261156
1.261216
1.261276
1.261336
1.261397
1.261457
1.261518
1.261579
1.261640
1.261701
1.261762
1.261823
1.261884
1.261946
1.262007
1.262069
1.262131
1.262193
1.262255
1.262317
1.262380
1.262442
1.262505
1.262568
1.262631
1.262694
1.262757
1.262820
1.262883
1.262947
1.263011
1.263074
1.263138
1.263202
1.263266
1.263331
1.263395
1.263460
1.263524
1.263589
1.263654
1.263719
1.263784
1.263850
1.263915
1.263981
1.264047
1.264112
1.264178
1.264245
1.264311
1.264377
1.264444
1.264511
1.264577
1.264644
1.264711
1.264779
1.264846
1.264914
1.264981
1.265049
1.265117
1.265185
1.265253
1.265321
1.265390
1.265458
1.265527
1.265596
1.265665
1.265734
1.265804
1.265873
1.265943
1.266012
1.266082
1.266152
1.266222
1.266293
1.266363
1.266434
1.266505
1.266575
1.266646
1.266718
1.266789
1.266860
1.266932
1.267004
1.267076
1.267148
1.267220
1.267292
1.267365
1.267437
1.267510
1.267583
1.267656
1.267729
1.267803
1.267876
1.267950
1.268024
1.268098
1.268172
1.268246
1.268321
1.268395
1.268470
1.268545
1.268620
1.268695
1.268770
1.268846
1.268921
1.268997
1.269073
1.269149
1.269225
1.269302
1.269378
1.269455
1.269532
1.269609
1.269686
1.269764
1.269841
1.269919
1.269996
1.270074
1.270153
1.270231
1.270309
1.270388
1.270467
1.270545
1.270624
1.270704
1.270783
1.270863
1.270942
1.271022
1.271102
1.271182
1.271262
1.271343
1.271423
1.271504
1.271585
1.271666
1.271747
1.271829
1.271910
1.271992
1.272074
1.272156
1.272238
1.272320
1.272403
1.272485
1.272568
1.272651
1.272734
1.272817
1.272901
1.272984
1.273068
1.273152
1.273236
1.273320
1.273404
1.273489
1.273573
1.273658
1.273743
1.273828
1.273913
1.273998
1.274084
1.274169
1.274255
1.274341
1.274427
1.274513
1.274599
1.274686
1.274773
1.274859
1.274946
1.275033
1.275120
1.275207
1.275295
1.275382
1.275470
1.275558
1.275646
1.275734
1.275822
1.275910
1.275999
1.276087
1.276176
1.276265
1.276353
1.276442
1.276531
1.276621
1.276710
1.276799
1.276889
1.276979
1.277068
1.277158
1.277248
1.277338
1.277428
1.277518
1.277609
1.277699
1.277789
1.277880
1.277970
1.278061
1.278152
1.278243
1.278333
1.278424
1.278515
1.278606
1.278698
1.278789
1.278880
1.278971
1.279062
1.279154
1.279245
1.279336
1.279428
1.279519
1.279611
1.279702
1.279794
1.279885
1.279977
1.280068
1.280160
1.280251
1.280343
1.280434
1.280526
1.280617
1.280708
1.280800
1.280891
1.280982
1.281074
1.281165
1.281256
1.281347
1.281438
1.281529
1.281620
1.281711
1.281802
1.281892
1.281983
1.282073
1.282164
1.282254
1.282344
1.282434
1.282524
1.282614
1.282704
1.282793
1.282883
1.282972
1.283061
1.283150
1.283239
1.283328
1.283416
1.283505
1.283593
1.283681
1.283769
1.283856
1.283944
1.284031
1.284118
1.284205
1.284292
1.284378
1.284465
1.284551
1.284637
1.284722
1.284808
1.284893
1.284978
1.285063
1.285147
1.285231
1.285316
1.285399
1.285483
1.285566
1.285649
1.285732
1.285815
1.285897
1.285979
1.286061
1.286143
1.286224
1.286305
1.286386
1.286467
1.286547
1.286627
1.286707
1.286787
1.286866
1.286945
1.287024
1.287103
1.287181
1.287259
1.287337
1.287415
1.287492
1.287569
1.287646
1.287723
1.287800
1.287876
1.287952
1.288028
1.288104
1.288179
1.288255
1.288330
1.288404
1.288479
1.288554
1.288628
1.288702
1.288776
1.288850
1.288924
1.288997
1.289071
1.289144
1.289217
1.289290
1.289363
1.289436
1.289508
1.289581
1.289653
1.289725
1.289798
1.289870
1.289942
1.290014
1.290086
1.290158
1.290230
1.290301
1.290373
1.290445
1.290517
1.290588
1.290660
1.290732
1.290803
1.290875
1.290947
1.291019
1.291090
1.291162
1.291234
1.291306
1.291378
1.291450
1.291522
1.291594
1.291667
1.291739
1.291811
1.291884
1.291957
1.292029
1.292102
1.292175
1.292249
1.292322
1.292395
1.292469
1.292543
1.292617
1.292691
1.292765
1.292840
1.292915
1.292989
1.293065
1.293140
1.293215
1.293291
1.293367
1.293443
1.293520
1.293596
1.293673
1.293751
1.293828
1.293906
1.293984
1.294062
1.294141
1.294219
1.294299
1.294378
1.294458
1.294538
1.294618
1.294699
1.294780
1.294861
1.294943
1.295025
1.295107
1.295190
1.295273
1.295356
1.295440
1.295524
1.295608
1.295693
1.295779
1.295864
1.295950
1.296037
1.296124
1.296211
1.296298
1.296387
1.296475
1.296564
1.296653
1.296743
1.296833
1.296924
1.297015
1.297107
1.297199
1.297292
1.297385
1.297478
1.297572
1.297666
1.297761
1.297857
1.297953
1.298049
1.298146
1.298244
1.298342
1.298441
1.298540
1.298639
1.298740
1.298841
1.298942
1.298942
1.299044
1.299146
1.299250
1.299353
1.299458
1.299563
1.299668
1.299774
1.299881
1.299989
1.300097
1.300206
1.300315
1.300425
1.300536
1.300648
1.300760
1.300874
1.300988
1.301102
1.301218
1.301334
1.301451
1.301569
1.301688
1.301808
1.301928
1.302050
1.302173
1.302296
1.302421
1.302547
1.302674
1.302802
1.302931
1.303061
1.303193
1.303326
1.303460
1.303596
1.303733
1.303872
1.304013
1.304155
1.304299
1.304445
1.304593
1.304744
1.304896
1.305051
1.305209
1.305369
1.305532
1.305698
1.305868
1.306041
1.306218
1.306399
1.306585
1.306775
1.306971
1.307173
1.307381
1.307595
1.307818
1.308049
1.308289
1.308540
1.308802
1.309077
1.309367
1.309673
1.309997
1.310343
1.310713
1.311111
1.311540
1.312007
1.312517
1.313077
1.313695
1.314381
1.315144
1.315997
1.316947
1.318002
1.319158
1.320403
1.321701
1.323000
1.324237
1.325350
1.326298
1.327066
1.327661
1.328097
1.328396
1.328576
1.328657
1.328652
1.328575
1.328436
1.328242
1.328000
1.327715
1.327393
1.327036
1.326648
1.326231
1.325788
1.325320
1.324828
1.324315
1.323781
1.323228
1.322659
1.322077
1.321484
1.320885
1.320285
1.319688
1.319100
1.318527
1.317972
1.317442
1.316939
1.316467
1.316028
1.315622
1.315249
1.314909
1.314600
1.314322
1.314071
1.313847
1.313647
1.313470
1.313313
1.313176
1.313057
1.312954
1.312866
1.312793
1.312732
1.312683
1.312646
1.312619
1.312602
1.312594
1.312594
1.312602
1.312616
1.312638
1.312665
1.312698
1.312736
1.312778
1.312825
1.312875
1.312929
1.312985
1.313045
1.313106
1.313170
1.313235
1.313302
1.313370
1.313439
1.313508
1.313579
1.313649
1.313720
1.313791
1.313862
1.313933
1.314003
1.314073
1.314143
1.314213
1.314281
1.314350
1.314417
1.314484
1.314551
1.314616
1.314681
1.314746
1.314810
1.314873
1.314935
1.314997
1.315058
1.315118
1.315178
1.315237
1.315296
1.315354
1.315412
1.315469
1.315526
1.315582
1.315638
1.315693
1.315749
1.315803
1.315858
1.315912
1.315966
1.316020
1.316074
1.316127
1.316180
1.316233
1.316286
1.316339
1.316392
1.316444
1.316497
1.316550
1.316602
1.316655
1.316708
1.316760
1.316813
1.316866
1.316918
1.316971
1.317024
1.317077
1.317130
1.317184
1.317237
1.317290
1.317344
1.317398
1.317451
1.317505
1.317559
1.317614
1.317668
1.317722
1.317777
1.317832
1.317886
1.317941
1.317996
1.318052
1.318107
1.318162
1.318218
1.318273
1.318329
1.318385
1.318441
1.318497
1.318553
1.318609
1.318666
1.318722
1.318778
1.318835
1.318891
1.318948
1.319004
1.319061
1.319118
1.319174
1.319231
1.319288
1.319344
1.319401
1.319458
1.319514
1.319571
1.319628
1.319684
1.319741
1.319797
1.319854
1.319910
1.319967
1.320023
1.320079
1.320135
1.320191
1.320247
1.320303
1.320359
1.320415
1.320470
1.320526
1.320581
1.320637
1.320692
1.320747
1.320802
1.320857
1.320911
1.320966
1.321020
1.321075
1.321129
1.321183
1.321237
1.321291
1.321344
1.321398
1.321451
1.321505
1.321558
1.321611
1.321664
1.321716
1.321769
1.321821
1.321873
1.321926
1.321978
1.322029
1.322081
1.322133
1.322184
1.322235
1.322287
1.322338
1.322389
1.322439
1.322490
1.322540
1.322591
1.322641
1.322691
1.322741
1.322791
1.322841
1.322890
1.322940
1.322989
1.323038
1.323088
1.323137
1.323186
1.323234
1.323283
1.323332
1.323380
1.323429
1.323477
1.323525
1.323573
1.323621
1.323669
1.323717
1.323765
1.323812
1.323860
1.323907
1.323955
1.324002
1.324049
1.324096
1.324143
1.324190
1.324237
1.324284
1.324331
1.324378
1.324424
1.324471
1.324518
1.324564
1.324611
1.324657
1.324703
1.324750
1.324796
1.324842
1.324888
1.324934
1.324980
1.325027
1.325073
1.325119
1.325164
1.325210
1.325256
1.325302
1.325348
1.325394
1.325440
1.325485
1.325531
1.325577
1.325623
1.325668
1.325714
1.325760
1.325805
1.325851
1.325897
1.325942
1.325988
1.326034
1.326079
1.326125
1.326171
1.326216
1.326262
1.326308
1.326353
1.326399
1.326445
1.326490
1.326536
1.326582
1.326628
1.326673
1.326719
1.326765
1.326811
1.326857
1.326903
1.326949
1.326994
1.327040
1.327086
1.327132
1.327179
1.327225
1.327271
1.327317
1.327363
1.327409
1.327456
1.327502
1.327548
1.327595
1.327641
1.327688
1.327734
1.327781
1.327827
1.327874
1.327921
1.327968
1.328014
1.328061
1.328108
1.328155
1.328202
1.328249
1.328296
1.328343
1.328391
1.328438
1.328485
1.328533
1.328580
1.328628
1.328675
1.328723
1.328771
1.328818
1.328866
1.328914
1.328962
1.329010
1.329058
1.329106
1.329155
1.329203
1.329251
1.329300
1.329348
1.329397
1.329445
1.329494
1.329543
1.329592
1.329640
1.329689
1.329738
1.329787
1.329837
1.329886
1.329935
1.329985
1.330034
1.330084
1.330133
1.330183
1.330233
1.330282
1.330332
1.330382
1.330432
1.330482
1.330533
1.330583
1.330583
1.330633
1.330684
1.330734
1.330785
1.330835
1.330886
1.330937
1.330988
1.331039
1.331090
1.331141
1.331192
1.331243
1.331295
1.331346
1.331397
1.331449
1.331501
1.331552
1.331604
1.331656
1.331708
1.331760
1.331812
1.331864
1.331916
1.331969
1.332021
1.332073
1.332126
1.332178
1.332231
1.332284
1.332337
1.332390
1.332442
1.332495
1.332549
1.332602
1.332655
1.332708
1.332762
1.332815
1.332869
1.332922
1.332976
1.333030
1.333084
1.333138
1.333191
1.333246
1.333300
1.333354
1.333408
1.333462
1.333517
1.333571
1.333626
1.333680
1.333735
1.333790
1.333845
1.333899
1.333954
1.334009
1.334064
1.334120
1.334175
1.334230
1.334285
1.334341
1.334396
1.334452
1.334507
1.334563
1.334619
1.334675
1.334731
1.334787
1.334843
1.334899
1.334955
1.335011
1.335067
1.335123
1.335180
1.335236
1.335293
1.335349
1.335406
1.335463
1.335519
1.335576
1.335633
1.335690
1.335747
1.335804
1.335861
1.335918
1.335976
1.336033
1.336090
1.336148
1.336205
1.336263
1.336320
1.336378
1.336435
1.336493
1.336551
1.336609
1.336667
1.336725
1.336783
1.336841
1.336899
1.336957
1.337016
1.337074
1.337132
1.337191
1.337249
1.337308
1.337366
1.337425
1.337484
1.337543
1.337601
1.337660
1.337719
1.337778
1.337837
1.337896
1.337955
1.338015
1.338074
1.338133
1.338193
1.338252
1.338312
1.338371
1.338431
1.338490
1.338550
1.338610
1.338669
1.338729
1.338789
1.338849
1.338909
1.338969
1.339029
1.339090
1.339150
1.339210
1.339270
1.339331
1.339391
1.339452
1.339512
1.339573
1.339633
1.339694
1.339755
1.339816
1.339876
1.339937
1.339998
1.340059
1.340120
1.340181
1.340243
1.340304
1.340365
1.340426
1.340488
1.340549
1.340611
1.340672
1.340734
1.340795
1.340857
1.340919
1.340981
1.341043
1.341104
1.341166
1.341228
1.341290
1.341353
1.341415
1.341477
1.341539
1.341602
1.341664
1.341726
1.341789
1.341851
1.341914
1.341977
1.342039
1.342102
1.342165
1.342228
1.342291
1.342354
1.342417
1.342480
1.342543
1.342606
1.342670
1.342733
1.342796
1.342860
1.342923
1.342987
1.343050
1.343114
1.343178
1.343242
1.343305
1.343369
1.343433
1.343497
1.343561
1.343626
1.343690
1.343754
1.343818
1.343883
1.343947
1.344012
1.344076
1.344141
1.344205
1.344270
1.344335
1.344400
1.344465
1.344530
1.344595
1.344660
1.344725
1.344790
1.344855
1.344921
1.344986
1.345052
1.345117
1.345183
1.345248
1.345314
1.345380
1.345446
1.345512
1.345578
1.345644
1.345710
1.345776
1.345842
1.345908
1.345975
1.346041
1.346108
1.346174
1.346241
1.346308
1.346374
1.346441
1.346508
1.346575
1.346642
1.346709
1.346776
1.346844
1.346911
1.346978
1.347046
1.347113
1.347181
1.347249
1.347316
1.347384
1.347452
1.347520
1.347588
1.347656
1.347724
1.347793
1.347861
1.347929
1.347998
1.348066
1.348135
1.348204
1.348272
1.348341
1.348410
1.348479
1.348548
1.348617
1.348686
1.348756
1.348825
1.348894
1.348964
1.349033
1.349103
1.349173
1.349243
1.349313
1.349383
1.349453
1.349523
1.349593
1.349663
1.349734
1.349804
1.349875
1.349945
1.350016
1.350087
1.350158
1.350228
1.350299
1.350371
1.350442
1.350513
1.350584
1.350656
1.350727
1.350799
1.350871
1.350942
1.351014
1.351086
1.351158
1.351230
1.351302
1.351375
1.351447
1.351519
1.351592
1.351665
1.351737
1.351810
1.351883
1.351956
1.352029
1.352102
1.352175
1.352249
1.352322
1.352396
1.352469
1.352543
1.352617
1.352690
1.352764
1.352838
1.352913
1.352987
1.353061
1.353135
1.353210
1.353285
1.353359
1.353434
1.353509
1.353584
1.353659
1.353734
1.353809
1.353885
1.353960
1.354035
1.354111
1.354187
1.354263
1.354339
1.354415
1.354491
1.354567
1.354643
1.354719
1.354796
1.354872
1.354949
1.355026
1.355103
1.355180
1.355257
1.355334
1.355411
1.355489
1.355566
1.355644
1.355721
1.355799
1.355877
1.355955
1.356033
1.356111
1.356189
1.356268
1.356346
1.356425
1.356503
1.356582
1.356661
1.356740
1.356819
1.356898
1.356977
1.357057
1.357136
1.357216
1.357296
1.357375
1.357455
1.357535
1.357615
1.357696
1.357776
1.357856
1.357937
1.358017
1.358098
1.358179
1.358260
1.358341
1.358422
1.358503
1.358585
1.358666
1.358748
1.358830
1.358911
1.358993
1.359075
1.359158
1.359240
1.359322
1.359405
1.359487
1.359570
1.359653
1.359735
1.359818
1.359902
1.359985
1.360068
1.360152
1.360235
1.360319
1.360403
1.360486
1.360570
1.360655
1.360739
1.360823
1.360908
1.360992
1.361077
1.361162
1.361246
1.361331
1.361417
1.361502
1.361587
1.361673
1.361758
1.361844
1.361930
1.362016
1.362102
1.362188
1.362274
1.362360
1.362447
1.362533
1.362620
1.362707
1.362794
1.362881
1.362968
1.363055
1.363143
1.363230
1.363318
1.363406
1.363494
1.363582
1.363670
1.363758
1.363846
1.363935
1.364023
1.364112
1.364112
1.364201
1.364290
1.364379
1.364468
1.364557
1.364646
1.364736
1.364825
1.364915
1.365005
1.365095
1.365185
1.365275
1.365366
1.365456
1.365547
1.365637
1.365728
1.365819
1.365910
1.366001
1.366092
1.366184
1.366275
1.366367
1.366459
1.366551
1.366643
1.366735
1.366827
1.366919
1.367012
1.367104
1.367197
1.367290
1.367383
1.367476
1.367569
1.367662
1.367756
1.367849
1.367943
1.368037
1.368131
1.368225
1.368319
1.368413
1.368507
1.368602
1.368697
1.368791
1.368886
1.368981
1.369076
1.369171
1.369267
1.369362
1.369458
1.369554
1.369649
1.369745
1.369841
1.369938
1.370034
1.370130
1.370227
1.370324
1.370420
1.370517
1.370614
1.370711
1.370809
1.370906
1.371004
1.371101
1.371199
1.371297
1.371395
1.371493
1.371591
1.371690
1.371788
1.371887
1.371986
1.372085
1.372184
1.372283
1.372382
1.372481
1.372581
1.372680
1.372780
1.372880
1.372980
1.373080
1.373180
1.373280
1.373381
1.373481
1.373582
1.373683
1.373784
1.373885
1.373986
1.374087
1.374189
1.374290
1.374392
1.374494
1.374595
1.374697
1.374800
1.374902
1.375004
1.375107
1.375209
1.375312
1.375415
1.375518
1.375621
1.375724
1.375827
1.375931
1.376034
1.376138
1.376242
1.376346
1.376450
1.376554
1.376658
1.376762
1.376867
1.376972
1.377076
1.377181
1.377286
1.377391
1.377496
1.377602
1.377707
1.377813
1.377918
1.378024
1.378130
1.378236
1.378342
1.378448
1.378554
1.378661
1.378767
1.378874
1.378981
1.379087
1.379194
1.379302
1.379409
1.379516
1.379623
1.379731
1.379838
1.379946
1.380054
1.380162
1.380270
1.380378
1.380486
1.380594
1.380703
1.380811
1.380920
1.381028
1.381137
1.381246
1.381355
1.381464
1.381573
1.381682
1.381792
1.381901
1.382011
1.382120
1.382230
1.382339
1.382449
1.382559
1.382669
1.382779
1.382889
1.382999
1.383110
1.383220
1.383330
1.383441
1.383551
1.383662
1.383772
1.383883
1.383994
1.384105
1.384216
1.384326
1.384437
1.384548
1.384659
1.384771
1.384882
1.384993
1.385104
1.385215
1.385327
1.385438
1.385549
1.385661
1.385772
1.385883
1.385995
1.386106
1.386218
1.386329
1.386441
1.386552
1.386664
1.386775
1.386887
1.386998
1.387110
1.387221
1.387333
1.387444
1.387555
1.387667
1.387778
1.387890
1.388001
1.388112
1.388224
1.388335
1.388446
1.388557
1.388668
1.388779
1.388890
1.389001
1.389112
1.389223
1.389334
1.389445
1.389555
1.389666
1.389777
1.389887
1.389997
1.390108
1.390218
1.390328
1.390438
1.390548
1.390658
1.390768
1.390877
1.390987
1.391097
1.391206
1.391315
1.391424
1.391534
1.391642
1.391751
1.391860
1.391969
1.392077
1.392186
1.392294
1.392402
1.392510
1.392618
1.392726
1.392833
1.392941
1.393048
1.393155
1.393262
1.393369
1.393476
1.393583
1.393689
1.393795
1.393902
1.394008
1.394114
1.394219
1.394325
1.394431
1.394536
1.394641
1.394746
1.394851
1.394955
1.395060
1.395164
1.395269
1.395373
1.395477
1.395580
1.395684
1.395787
1.395890
1.395993
1.396096
1.396199
1.396302
1.396404
1.396506
1.396608
1.396710
1.396812
1.396914
1.397015
1.397116
1.397217
1.397318
1.397419
1.397520
1.397620
1.397720
1.397820
1.397920
1.398020
1.398119
1.398219
1.398318
1.398417
1.398516
1.398614
1.398713
1.398811
1.398909
1.399007
1.399105
1.399203
1.399300
1.399398
1.399495
1.399592
1.399689
1.399785
1.399882
1.399978
1.400074
1.400170
1.400266
1.400362
1.400457
1.400553
1.400648
1.400743
1.400838
1.400932
1.401027
1.401121
1.401215
1.401309
1.401403
1.401497
1.401590
1.401684
1.401777
1.401870
1.401963
1.402055
1.402148
1.402240
1.402333
1.402425
1.402517
1.402608
1.402700
1.402791
1.402883
1.402974
1.403065
1.403156
1.403246
1.403337
1.403427
1.403517
1.403608
1.403698
1.403787
1.403877
1.403966
1.404056
1.404145
1.404234
1.404323
1.404412
1.404500
1.404589
1.404677
1.404765
1.404853
1.404941
1.405029
1.405117
1.405204
1.405292
1.405379
1.405466
1.405553
1.405640
1.405726
1.405813
1.405899
1.405985
1.406072
1.406158
1.406243
1.406329
1.406415
1.406500
1.406585
1.406671
1.406756
1.406841
1.406925
1.407010
1.407095
1.407179
1.407263
1.407348
1.407432
1.407515
1.407599
1.407683
1.407766
1.407850
1.407933
1.408016
1.408099
1.408182
1.408265
1.408347
1.408430
1.408512
1.408594
1.408676
1.408758
1.408840
1.408922
1.409004
1.409085
1.409166
1.409248
1.409329
1.409410
1.409491
1.409571
1.409652
1.409732
1.409813
1.409893
1.409973
1.410053
1.410133
1.410212
1.410292
1.410371
1.410450
1.410530
1.410609
1.410688
1.410766
1.410845
1.410923
1.411002
1.411080
1.411158
1.411236
1.411314
1.411392
1.411469
1.411547
1.411624
1.411701
1.411779
1.411856
1.411932
1.412009
1.412086
1.412162
1.412238
1.412315
1.412391
1.412466
1.412542
1.412618
1.412693
1.412769
1.412844
1.412844
1.412919
1.412994
1.413069
1.413144
1.413219
1.413293
1.413367
1.413442
1.413516
1.413590
1.413664
1.413737
1.413811
1.413885
1.413958
1.414031
1.414104
1.414177
1.414250
1.414323
1.414396
1.414468
1.414541
1.414613
1.414685
1.414757
1.414829
1.414901
1.414973
1.415044
1.415116
1.415187
1.415259
1.415330
1.415401
1.415472
1.415543
1.415613
1.415684
1.415754
1.415825
1.415895
1.415965
1.416036
1.416106
1.416175
1.416245
1.416315
1.416385
1.416454
1.416524
1.416593
1.416662
1.416731
1.416800
1.416869
1.416938
1.417007
1.417076
1.417144
1.417213
1.417281
1.417350
1.417418
1.417486
1.417555
1.417621
1.417693
1.417755
1.417832
1.417884
1.417979
1.418000
1.418150
1.418081
1.418402
1.418084
1.418954
1.418101
1.420248
1.417997
1.420812
1.420131
1.422481
1.420003
1.422112
1.420751
1.422462
1.419205
1.421189
1.419609
1.421568
1.419144
1.421171
1.419543
1.421533
1.419464
1.421533
1.419991
1.422083
1.420298
1.422314
1.420579
1.422517
1.420635
1.422559
1.420783
1.422701
1.420901
1.422795
1.421018
1.422883
1.421085
1.422926
1.421141
1.422966
1.421189
1.423004
1.421251
1.423062
1.421328
1.423137
1.421422
1.423229
1.421528
1.423334
1.421645
1.423453
1.421772
1.423579
1.421903
1.423711
1.422035
1.423845
1.422168
1.423979
1.422300
1.424114
1.422431
1.424249
1.422562
1.424384
1.422692
1.424520
1.422823
1.424655
1.422952
1.424791
1.423081
1.424926
1.423211
1.425062
1.423340
1.425199
1.423470
1.425336
1.423601
1.425474
1.423733
1.425614
1.423866
1.425756
1.424002
1.425900
1.424139
1.426046
1.424279
1.426194
1.424421
1.426344
1.424564
1.426495
1.424709
1.426649
1.424856
1.426803
1.425004
1.426958
1.425152
1.427114
1.425300
1.427270
1.425449
1.427426
1.425597
1.427581
1.425744
1.427735
1.425890
1.427888
1.426035
1.428039
1.426177
1.428189
1.426318
1.428336
1.426456
1.428480
1.426592
1.428622
1.426724
1.428761
1.426854
1.428896
1.426981
1.429029
1.427104
1.429159
1.427225
1.429285
1.427342
1.429409
1.427457
1.429529
1.427568
1.429647
1.427676
1.429761
1.427782
1.429873
1.427885
1.429982
1.427986
1.430089
1.428084
1.430194
1.428181
1.430296
1.428275
1.430397
1.428368
1.430496
1.428459
1.430594
1.428549
1.430691
1.428638
1.430786
1.428726
1.430881
1.428813
1.430975
1.428900
1.431068
1.428986
1.431161
1.429072
1.431254
1.429158
1.431347
1.429244
1.431439
1.429330
1.431532
1.429416
1.431625
1.429503
1.431718
1.429590
1.431812
1.429677
1.431906
1.429764
1.432000
1.429852
1.432095
1.429941
1.432190
1.430030
1.432286
1.430120
1.432382
1.430210
1.432479
1.430300
1.432576
1.430391
1.432673
1.430482
1.432771
1.430574
1.432869
1.430666
1.432967
1.430759
1.433065
1.430851
1.433164
1.430944
1.433263
1.431037
1.433362
1.431130
1.433461
1.431223
1.433560
1.431317
1.433659
1.431410
1.433758
1.431503
1.433857
1.431596
1.433955
1.431689
1.434054
1.431781
1.434152
1.431873
1.434249
1.431966
1.434348
1.432057
1.434444
1.432150
1.434543
1.432237
1.434635
1.432335
1.434738
1.432412
1.434820
1.432524
1.434939
1.432573
1.434989
1.432736
1.435163
1.432687
1.435104
1.433030
1.435467
1.432649
1.435021
1.433612
1.435942
1.432258
1.434383
1.434641
1.435540
1.432696
1.435405
1.431799
1.434131
1.436658
1.434083
1.435877
1.432336
1.434845
1.435769
1.435024
1.433354
1.434488
1.433263
1.436979
1.431418
1.434419
1.439812
1.432638
1.434037
1.438820
1.434250
1.433612
1.434470
1.432841
1.433376
1.431318
1.433975
1.430668
1.433357
1.434325
1.435633
1.433661
1.437015
1.433185
1.435799
1.439737
1.434641
1.435479
1.438025
1.435460
1.436554
1.432138
1.434324
1.434964
1.436563
1.433751
1.436770
1.433137
1.435216
1.437523
1.434889
1.437012
1.433397
1.435885
1.438241
1.435078
1.436654
1.432714
1.435497
1.438801
1.434943
1.436561
1.433602
1.436690
1.436623
1.438255
1.433549
1.435841
1.436398
1.437968
1.434121
1.437075
1.434458
1.437354
1.437045
1.438958
1.434341
1.436515
1.438209
1.436616
1.436805
1.434315
1.438565
1.433108
1.436778
1.442362
1.433694
1.435128
1.440108
1.435659
1.434813
1.435508
1.433968
1.434468
1.432471
1.435419
1.431810
1.434470
1.437444
1.435541
1.438026
1.434242
1.437195
1.440928
1.436264
1.437600
1.437507
1.439598
1.434984
1.436861
1.436164
1.438689
1.434015
1.436520
1.440572
1.435506
1.436228
1.437598
1.436593
1.436988
1.434568
1.438281
1.432433
1.436373
1.442441
1.434000
1.435611
1.440608
1.436063
1.435273
1.436317
1.434751
1.435511
1.433100
1.436172
1.432518
1.435032
1.438323
1.435597
1.438354
1.434911
1.437736
1.441139
1.436768
1.438385
1.436697
1.439836
1.435592
1.436951
1.438411
1.436433
1.437932
1.434322
1.437773
1.437133
1.440140
1.433976
1.436940
1.436940
1.442623
1.434915
1.435734
1.440566
1.435783
1.435432
1.437657
1.435072
1.436294
1.432832
1.435778
1.434483
1.437922
1.434308
1.436848
1.439569
1.437295
1.439430
1.434956
1.437761
1.442235
1.436300
1.436946
1.440906
1.436207
1.436765
1.438731
1.436115
1.437905
1.433727
1.436370
1.439736
1.436098
1.438320
1.434415
1.437212
1.441098
1.435916
1.437082
1.438008
1.438982
1.436535
1.439181
1.433345
1.436827
1.443290
1.434294
1.437060
1.442150
1.436358
1.435304
1.438200
1.435287
1.436473
1.433799
1.436529
1.433492
1.436391
1.435778
1.438844
1.434280
1.436980
1.441541
1.436461
1.437553
1.440879
1.437227
1.439021
1.435803
1.438563
1.436076
1.439093
1.435661
1.438225
1.438489
1.439402
1.435549
1.439234
1.434267
1.437801
1.443637
1.434760
1.436446
1.441507
1.436178
1.435248
1.437584
1.434849
1.436447
1.433187
1.436241
1.434818
1.438209
1.433968
1.436539
1.440714
1.436001
1.437568
1.438692
1.439237
1.437094
1.439055
1.434257
1.437115
1.441629
1.435671
1.437077
1.441899
1.435952
1.436884
1.441761
1.435336
1.435863
1.440667
1.435475
1.435254
1.438164
1.434128
1.435778
1.433732
1.437396
1.434029
1.436631
1.438542
1.437171
1.438108
1.435152
1.440142
1.434025
1.438913
1.444899
1.434591
1.436773
1.442015
1.436749
1.435210
1.436457
1.434486
1.435780
1.432460
1.435816
1.432926
1.436112
1.435641
1.438909
1.433842
1.436917
1.442710
1.434939
1.436800
1.442199
1.436133
1.435728
1.439597
1.434958
1.435086
1.435225
1.435740
1.433995
1.436440
1.432401
1.435619
1.437640
1.436905
1.436972
1.436030
1.439899
1.433789
1.438096
1.445241
1.431768
1.437006
1.442298
1.437389
1.434951
1.433767
1.434640
1.432624
1.434122
1.429812
1.433338
1.433928
1.437759
1.432221
1.435190
1.441425
1.432724
1.436096
1.441918
1.435631
1.435120
1.439111
1.434587
1.434422
1.433546
1.434850
1.432058
1.436023
1.431793
1.435005
1.440892
1.433081
1.435089
1.440804
1.435046
1.434774
1.438693
1.434292
1.434806
1.434653
1.435467
1.432583
1.435915
1.430836
1.434573
1.441349
1.432718
1.435468
1.441014
1.435132
1.434338
1.437811
1.433958
1.434891
1.432915
1.435582
1.431279
1.433599
1.436228
1.434279
1.436525
1.432170
1.435592
1.440404
1.434396
1.435492
1.439846
1.434637
1.435421
1.438749
1.433520
1.435079
1.434445
1.438008
1.432227
1.434576
1.440563
1.431599
1.433944
1.439796
1.433570
1.433106
1.437583
1.433312
1.433619
1.433620
1.434185
1.431889
1.434913
1.430306
1.433690
1.440319
1.431644
1.435080
1.441185
1.434018
1.433905
1.439008
1.434441
1.433921
1.434767
1.433024
1.433541
1.430455
1.434937
1.429081
1.433840
1.440901
1.431216
1.433898
1.439663
1.434110
1.432968
1.435803
1.432391
1.433812
1.430402
1.433467
1.431014
1.434559
1.430937
1.433961
1.435050
1.436153
1.433153
1.437573
1.429706
1.435882
1.442095
1.429450
1.432081
1.437996
1.432959
1.431504
1.433400
1.430898
1.432463
1.428692
1.432041
1.430845
1.434730
1.429028
1.432077
1.438705
1.430546
1.432912
1.438857
1.432914
1.432362
1.436328
1.431727
1.432071
1.431285
1.432961
1.429087
1.432939
1.429671
1.432685
1.436660
1.431672
1.434220
1.432462
1.436906
1.431538
1.433631
1.439003
1.430726
1.432389
1.438143
1.431517
1.430936
1.435552
1.430903
1.431246
1.433139
1.431210
1.432515
1.428130
1.432029
1.430495
1.435228
1.430160
1.433381
1.439702
1.430737
1.432929
1.438663
1.431939
1.431301
1.435998
1.431410
1.431306
1.431715
1.431056
1.429977
1.430163
1.429748
1.432381
1.428890
1.434860
1.429037
1.435050
1.441622
1.428751
1.432651
1.438558
1.431566
1.429696
1.434023
1.430303
1.430666
1.428585
1.430747
1.426186
1.428905
1.430730
1.431610
1.429572
1.433163
1.428045
1.432283
1.439955
1.426768
1.432334
1.438327
1.430819
1.428759
1.433333
1.430321
1.430669
1.427485
1.429829
1.425882
1.428647
1.430945
1.429700
1.430399
1.427724
1.434229
1.424467
1.433297
1.440228
1.426618
1.428717
1.434800
1.430782
1.429011
1.427630
1.427504
1.426072
1.428677
1.425444
1.429710
1.426218
1.429264
1.430643
1.431120
1.429680
1.432568
1.428119
1.431225
1.434213
1.430043
1.434203
1.424005
1.432605
1.439567
1.424062
1.426892
1.433112
1.429485
1.428062
1.427831
1.426386
1.425520
1.424381
1.426439
1.424387
1.430596
1.421755
1.429970
1.436822
1.424157
1.427874
1.434566
1.429725
1.428215
1.430265
1.426857
1.428104
1.423991
1.427059
1.426465
1.430027
1.424282
1.427280
1.434054
1.425894
1.428303
1.434319
1.427635
1.427162
1.431951
1.426936
1.426645
1.428043
1.426442
1.427579
1.424163
1.429153
1.424014
1.428159
1.434983
1.425198
1.427906
1.433928
1.427725
1.426601
1.430754
1.426477
1.427291
1.426049
1.428451
1.423525
1.425952
1.427240
1.428891
1.425379
1.430753
1.430753
1.422505
1.430041
1.436218
1.423869
1.425697
1.432323
1.427539
1.426073
1.428214
1.424689
1.426460
1.422577
1.425506
1.426578
1.427686
1.423713
1.428746
1.421066
1.428441
1.435062
1.423535
1.425377
1.432024
1.427021
1.425561
1.428156
1.424091
1.425850
1.422422
1.425872
1.425033
1.428533
1.422390
1.425132
1.432250
1.423784
1.426181
1.432436
1.425971
1.425244
1.430089
1.425205
1.424990
1.426107
1.424976
1.425292
1.423001
1.427571
1.420879
1.426116
1.433683
1.421997
1.425975
1.432221
1.425816
1.424275
1.428712
1.424588
1.425262
1.423622
1.426200
1.421327
1.423354
1.426660
1.424368
1.427265
1.422079
1.425855
1.433477
1.422418
1.426114
1.431779
1.424547
1.423406
1.428808
1.424385
1.424188
1.424600
1.424387
1.422874
1.424249
1.421683
1.427822
1.417611
1.426478
1.433732
1.419980
1.423291
1.430231
1.425530
1.423542
1.424736
1.422332
1.423498
1.419707
1.423529
1.420363
1.423440
1.423911
1.426159
1.421714
1.426437
1.423416
1.426291
1.430348
1.423890
1.424509
1.427294
1.424825
1.426780
1.420224
1.423548
1.431356
1.420149
1.424561
1.430192
1.422460
1.421125
1.426900
1.422810
1.422729
1.423607
1.422528
1.422320
1.420608
1.423875
1.419376
1.422605
1.429212
1.421998
1.424729
1.431955
1.422841
1.424811
1.430731
1.423749
1.422335
1.427380
1.422791
1.422542
1.423313
1.422222
1.421889
1.420492
1.423682
1.419467
1.422840
1.425649
1.424465
1.425547
1.422249
1.430405
1.417857
1.426078
1.435505
1.431551
1.426147
1.424624
1.425446
1.422723
1.420534
1.415017
1.419967
1.416106
1.422588
1.429930
1.418445
1.419908
1.426146
1.421205
1.421837
1.427179
1.422718
1.422903
1.421308
1.423219
1.418013
1.420887
1.421454
1.425383
1.419833
1.422593
1.429410
1.420675
1.423098
1.429159
1.421630
1.421267
1.427104
1.421802
1.420927
1.424518
1.420167
1.422102
1.419063
1.422971
1.419453
1.422605
1.421707
1.425686
1.419253
1.422398
1.429571
1.419511
1.422009
1.428025
1.421842
1.420723
1.425365
1.420840
1.421489
1.420519
1.423091
1.418150
1.420653
1.421990
1.423851
1.419260
1.424925
1.416070
1.424624
1.430588
1.419011
1.419564
1.426772
1.422490
1.421082
1.423131
1.419044
1.421200
1.417218
1.419694
1.424534
1.419051
1.420995
1.419223
1.424877
1.418768
1.422214
1.428751
1.419427
1.420592
1.426870
1.420945
1.419712
1.424166
1.419434
1.420109
1.420498
1.422115
1.418153
1.422703
1.415071
1.421181
1.427824
1.418618
1.419360
1.426506
1.421621
1.420698
1.424655
1.419267
1.419589
1.420541
1.421536
1.418466
1.421636
1.415605
1.419776
1.428124
1.416755
1.421401
1.427266
1.420479
1.418733
1.423471
1.419340
1.420348
1.418272
1.421577
1.416227
1.418293
1.425139
1.417919
1.419191
1.425924
1.419754
1.419850
1.425556
1.420064
1.419231
1.423223
1.418476
1.419980
1.417849
1.422189
1.416500
1.419196
1.426323
1.418219
1.419610
1.425997
1.420084
1.419188
1.423998
1.419065
1.419044
1.420718
1.419279
1.420067
1.416153
1.422242
1.412941
1.421332
1.427148
1.417526
1.417358
1.424877
1.420923
1.419840
1.422369
1.417319
1.419365
1.416074
1.419495
1.419148
1.421648
1.415572
1.417805
1.424429
1.418436
1.419563
1.425971
1.418434
1.419329
1.425408
1.418475
1.417789
1.423502
1.418470
1.418015
1.422042
1.417415
1.419370
1.416475
1.420772
1.416793
1.418727
1.423325
1.417986
1.420206
1.418424
1.424015
1.415518
1.420301
1.425980
1.417910
1.417432
1.423960
1.419146
1.418511
1.422651
1.417158
1.417515
1.419885
1.418717
1.419726
1.414996
1.421053
1.412148
1.420574
1.426038
1.417406
1.416664
1.423565
1.419508
1.418815
1.421667
1.416290
1.418591
1.415587
1.419566
1.417998
1.422185
1.412892
1.418265
1.424864
1.417116
1.416946
1.423614
1.418507
1.417791
1.422305
1.416478
1.416200
1.420732
1.416490
1.418968
1.415340
1.419232
1.416582
1.421218
1.415827
1.418771
1.425497
1.416457
1.417779
1.423940
1.417614
1.416810
1.422181
1.417113
1.416675
1.420339
1.416048
1.418760
1.414482
1.416894
1.422687
1.416529
1.416945
1.422816
1.417186
1.417684
1.423442
1.416749
1.417015
1.423092
1.416873
1.416748
1.422421
1.416704
1.416379
1.421530
1.416502
1.416581
1.420356
1.416346
1.419581
1.413812
1.417142
1.424396
1.415238
1.416921
1.423240
1.417498
1.416606
1.421400
1.416468
1.416803
1.417713
1.418084
1.415512
1.417903
1.413272
1.416284
1.422069
1.416382
1.417569
1.422679
1.417520
1.419597
1.417745
1.423415
1.411457
1.419342
1.426139
1.412211
1.414329
1.421183
1.416771
1.415522
1.415703
1.415444
1.413783
1.415108
1.412338
1.419669
1.407771
1.417368
1.425172
1.417441
1.415023
1.419928
1.419383
1.420235
1.412487
1.412720
1.414060
1.417417
1.413341
1.419250
1.409740
1.417421
1.422275
1.414908
1.415255
1.417744
1.420638
1.420638
1.415026
1.418636
1.406943
1.416149
1.423586
1.411263
1.413086
1.420126
1.416047
1.415455
1.413862
1.415871
1.411414
1.415285
1.412189
1.415464
1.415164
1.418186
1.412456
1.415134
1.422604
1.414005
1.416640
1.422332
1.415789
1.414767
1.419837
1.414692
1.414412
1.417912
1.413968
1.417901
1.410650
1.415443
1.421802
1.413954
1.413401
1.420026
1.415326
1.415187
1.420085
1.414165
1.413752
1.418680
1.413921
1.415161
1.414937
1.417608
1.411966
1.414515
1.416232
1.418790
1.413314
1.419584
1.409662
1.419104
1.426633
1.410850
1.414211
1.421159
1.416304
1.413488
1.414319
1.412092
1.413400
1.409086
1.413478
1.409904
1.412584
1.419373
1.412702
1.414066
1.420955
1.414504
1.414828
1.420607
1.414583
1.413686
1.418556
1.413342
1.413067
1.416243
1.413066
1.416825
1.409801
1.414212
1.420959
1.412955
1.412934
1.419473
1.414331
1.413824
1.418700
1.413129
1.412759
1.417097
1.412855
1.415619
1.411342
1.413340
1.418137
1.412952
1.415768
1.412511
1.416600
1.415273
1.419595
1.409077
1.414667
1.419936
1.413255
1.414221
1.411813
1.417136
1.412974
1.413798
1.417969
1.412297
1.414470
1.413596
1.419559
1.407945
1.414370
1.419244
1.412048
1.412590
1.412825
1.418351
1.410427
1.412164
1.418598
1.411117
1.412339
1.419414
1.413869
1.413019
1.418141
1.412361
1.412260
1.417910
1.412977
1.412774
1.416998
1.411782
1.414154
1.411137
1.416272
1.411903
1.414169
1.420231
1.412849
1.413506
1.419811
1.412996
1.413124
1.419092
1.413045
1.412604
1.418134
1.412720
1.412272
1.417105
1.411989
1.412393
1.415283
1.413114
1.415801
1.409441
1.412681
1.420720
1.409563
1.413645
1.419021
1.413807
1.415066
1.410696
1.412697
1.417631
1.411764
1.413683
1.410492
1.415455
1.411750
1.414565
1.413743
1.417486
1.409728
1.413442
1.420141
1.411329
1.412025
1.418297
1.412679
1.412247
1.417587
1.411875
1.411611
1.416913
1.411670
1.411768
1.416624
1.411339
1.412483
1.412993
1.415613
1.409896
1.414597
1.409909
1.414182
1.420220
1.412352
1.412727
1.419255
1.412423
1.412870
1.418706
1.411959
1.411682
1.417680
1.411900
1.411484
1.417011
1.411182
1.411216
1.417136
1.411707
1.411805
1.417413
1.411665
1.411664
1.417336
1.411674
1.411920
1.417735
1.411948
1.412159
1.417986
1.411998
1.412177
1.418069
1.411995
1.412087
1.417960
1.411964
1.411916
1.417681
1.411868
1.411758
1.417381
1.411765
1.411687
1.417134
1.411714
1.411717
1.416844
1.411632
1.411842
1.416046
1.411520
1.416446
1.406463
1.413702
1.418365
1.412491
1.414218
1.408426
1.412973
1.419972
1.411283
1.410445
1.416574
1.412002
1.412136
1.417081
1.411123
1.410554
1.415267
1.410661
1.413715
1.410299
1.414841
1.410615
1.412309
1.416931
1.411503
1.414638
1.410887
1.413449
1.418153
1.411620
1.412588
1.413096
1.416461
1.410199
1.411527
1.417039
1.411106
1.412097
1.418017
1.411692
1.412505
1.418651
1.410422
1.411822
1.417640
1.411805
1.411113
1.415728
1.410558
1.413068
1.409603
1.415831
1.406824
1.412864
1.417262
1.413237
1.414185
1.408545
1.411689
1.419576
1.408580
1.411423
1.416447
1.412630
1.415686
1.406372
1.411345
1.417092
1.411287
1.414140
1.406531
1.412594
1.418290
1.411233
1.412554
1.407079
1.411924
1.418870
1.411210
1.410079
1.415769
1.410491
1.411108
1.416876
1.410262
1.410311
1.416302
1.410329
1.410720
1.416652
1.410336
1.410418
1.416325
1.410323
1.410557
1.416442
1.410465
1.410516
1.416257
1.410335
1.410487
1.416276
1.410416
1.410595
1.416344
1.410447
1.410613
1.416351
1.410424
1.410602
1.416359
1.410410
1.410589
1.416354
1.410395
1.410562
1.416325
1.410382
1.410535
1.416283
1.410376
1.410515
1.416239
1.410376
1.410509
1.416203
1.410384
1.410520
1.416182
1.410403
1.410545
1.416172
1.410430
1.410578
1.416162
1.410461
1.410614
1.416137
1.410493
1.410649
1.416062
1.410524
1.410681
1.415834
1.410462
1.410722
1.415121
1.410383
1.416144
1.405174
1.413656
1.421917
1.407233
1.409490
1.416307
1.411847
1.410306
1.408675
1.410060
1.405619
1.411956
1.401843
1.410073
1.415542
1.409558
1.412078
1.407120
1.411874
1.418555
1.411026
1.409155
1.414290
1.410063
1.411161
1.411871
1.411635
1.408458
1.411711
1.406880
1.410769
1.418337
1.407427
1.411217
1.414083
1.415583
1.409760
1.415385
1.403683
1.411393
1.420665
1.415035
1.411463
1.408337
1.412706
1.407771
1.407666
1.406978
1.409290
1.406172
1.415292
1.404483
1.410527
1.421612
1.420936
1.413903
1.412730
1.412434
1.413819
1.405432
1.407260
1.400257
1.407195
1.414750
1.409984
1.412895
1.406359
1.410466
1.416494
1.410437
1.410743
1.411518
1.414015
1.408213
1.414786
1.402918
1.410314
1.421955
1.422998
1.415358
1.412826
1.411499
1.412636
1.404975
1.406990
1.401379
1.407154
1.414541
1.409140
1.409325
1.409325
1.410017
1.412279
1.408682
1.415600
1.404128
1.413099
1.419822
1.411880
1.409438
1.408878
1.413515
1.408030
1.408817
1.406842
1.411813
1.404590
1.409470
1.415109
1.408669
1.411169
1.405863
1.410577
1.416774
1.410310
1.410199
1.409830
1.413131
1.407136
1.408222
1.412995
1.409101
1.416405
1.405219
1.411662
1.422555
1.419873
1.413032
1.409803
1.411134
1.408678
1.408681
1.400976
1.404701
1.405462
1.414993
1.404139
1.411963
1.419773
1.405203
1.408122
1.414814
1.411180
1.410848
1.405956
1.408492
1.403523
1.405355
1.412106
1.407812
1.408622
1.412630
1.409502
1.414595
1.402780
1.410740
1.413115
1.412657
1.406763
1.411969
1.402960
1.410537
1.411918
1.413542
1.406595
1.408500
1.413171
1.410370
1.413017
1.401603
1.408763
1.410865
1.416078
1.405716
1.409082
1.413785
1.410091
1.411405
1.403742
1.407648
1.414350
1.408401
1.409868
1.407353
1.415126
1.403802
1.411003
1.418029
1.407494
1.406190
1.412675
1.410277
1.410905
1.403808
1.405282
1.405309
1.410501
1.404667
1.407179
1.413768
1.407698
1.407842
1.413552
1.408991
1.409843
1.410889
1.410382
1.407437
1.409326
1.404783
1.415685
1.400752
1.412676
1.423874
1.425827
1.418569
1.414554
1.412798
1.408911
1.403072
1.398746
1.398956
1.401378
1.405882
1.404270
1.410748
1.399019
1.409298
1.418559
1.404357
1.409924
1.416744
1.411223
1.407557
1.406230
1.405278
1.404738
1.404268
1.405392
1.404454
1.408247
1.404033
1.407380
1.411917
1.408847
1.414609
1.402782
1.411516
1.418987
1.406653
1.405710
1.410933
1.409403
1.409964
1.402838
1.405106
1.402950
1.409400
1.404364
1.407410
1.412810
1.407006
1.408647
1.406040
1.412817
1.402924
1.408936
1.410189
1.411816
1.405118
1.408482
1.405937
1.410739
1.406520
1.410050
1.406393
1.410973
1.407795
1.413416
1.403400
1.409059
1.410285
1.412515
1.405759
1.407498
1.408161
1.411035
1.404273
1.405979
1.407542
1.411260
1.405359
1.411939
1.401761
1.411050
1.412072
1.413063
1.405790
1.406964
1.410895
1.408143
1.409650
1.401079
1.405254
1.411793
1.408446
1.413607
1.401590
1.409521
1.416794
1.408939
1.405602
1.409372
1.407994
1.409412
1.401553
1.401247
1.407625
1.404307
1.408644
1.406108
1.413155
1.401914
1.409077
1.416093
1.402894
1.405058
1.411205
1.408471
1.408079
1.400913
1.403694
1.402635
1.410063
1.399439
1.406681
1.408814
1.411241
1.404243
1.405584
1.407359
1.409887
1.404042
1.410791
1.399246
1.406735
1.417901
1.422166
1.414705
1.409727
1.408922
1.406850
1.402850
1.398650
1.399480
1.398962
1.406837
1.397978
1.406295
1.406036
1.413029
1.401939
1.409733
1.411679
1.411409
1.403518
1.407110
1.398734
1.405984
1.407993
1.410242
1.403455
1.406285
1.406434
1.412251
1.400609
1.406210
1.406582
1.412025
1.402087
1.405927
1.409144
1.408441
1.404369
1.405598
1.402390
1.412764
1.398872
1.408049
1.418975
1.423251
1.417651
1.412788
1.410604
1.406694
1.400578
1.396240
1.395778
1.399568
1.401227
1.405613
1.400487
1.405493
1.402884
1.407743
1.413055
1.409353
1.414385
1.402574
1.410577
1.412988
1.404115
1.405108
1.403088
1.407630
1.409199
1.408424
1.403897
1.406890
1.402036
1.406173
1.411899
1.405805
1.408356
1.404917
1.408127
1.412374
1.407308
1.411637
1.400871
1.409242
1.417096
1.402877
1.405154
1.411073
1.407277
1.407439
1.402381
1.405371
1.401477
1.403183
1.408868
1.404702
1.408963
1.402197
1.406879
1.410794
1.408916
1.409125
1.404657
1.412202
1.402129
1.408184
1.418485
1.413771
1.410117
1.408908
1.409914
1.405252
1.404342
1.397476
1.401453
1.402928
1.410247
1.401558
1.406699
1.407958
1.410617
1.404425
1.407303
1.407665
1.411794
1.403258
1.405224
1.410049
1.406201
1.411520
1.400478
1.408810
1.410763
1.409897
1.403502
1.408315
1.399840
1.407179
1.406871
1.411091
1.401212
1.405645
1.409455
1.409483
1.404629
1.405381
1.400621
1.406455
1.403416
1.406246
1.410918
1.406412
1.411922
1.400776
1.408466
1.415050
1.407436
1.404516
1.406098
1.406710
1.404676
1.401030
1.400594
1.398704
1.406723
1.396892
1.407365
1.406868
1.410770
1.407691
1.411979
1.403069
1.407250
1.407712
1.408974
1.401671
1.405194
1.403545
1.411204
1.400296
1.407079
1.413346
1.401176
1.402944
1.408174
1.407145
1.406114
1.399025
1.404601
1.394850
1.404300
1.407010
1.409675
1.403121
1.404160
1.407298
1.406007
1.406518
1.401065
1.410195
1.398508
1.407750
1.418465
1.424275
1.419040
1.412604
1.409326
1.405137
1.399480
1.395402
1.394874
1.397799
1.399640
1.403710
1.400190
1.408717
1.398000
1.407525
1.419278
1.422012
1.413107
1.408621
1.407912
1.404465
1.400786
1.395740
1.399322
1.398163
1.405460
1.403612
1.408232
1.403753
1.405723
1.409965
1.405872
1.410284
1.400501
1.407532
1.406843
1.409678
1.402753
1.404519
1.410212
1.410212
1.405564
1.407306
1.402971
1.407037
1.404921
1.410692
1.400281
1.406753
1.406956
1.410512
1.403772
1.404655
1.410176
1.405348
1.406920
1.402507
1.406846
1.404360
1.410351
1.401292
1.407351
1.407907
1.411342
1.404525
1.405085
1.410363
1.405347
1.407040
1.402721
1.407165
1.404553
1.410767
1.400762
1.407654
1.407792
1.411537
1.404395
1.405261
1.410548
1.405600
1.407258
1.402298
1.404420
1.410010
1.405299
1.409463
1.400488
1.407629
1.407843
1.412014
1.403515
1.405666
1.410077
1.406734
1.407771
1.400928
1.403549
1.409829
1.405155
1.409890
1.399656
1.408048
1.408036
1.411564
1.403611
1.404856
1.410174
1.405517
1.408155
1.398745
1.404794
1.406485
1.410306
1.403273
1.403926
1.409436
1.404589
1.407072
1.401756
1.404483
1.409759
1.405116
1.409474
1.398258
1.406180
1.410291
1.404790
1.405368
1.400544
1.403379
1.409159
1.403058
1.405242
1.400129
1.404425
1.409522
1.405779
1.408427
1.397834
1.405468
1.405296
1.410360
1.402768
1.404887
1.408853
1.405857
1.406225
1.399680
1.401750
1.407852
1.404224
1.409784
1.399440
1.405593
1.415381
1.410002
1.406118
1.405502
1.405927
1.402329
1.401642
1.395183
1.402458
1.395244
1.405257
1.413911
1.402389
1.402643
1.407198
1.406574
1.405894
1.398914
1.403282
1.394297
1.403260
1.404493
1.409406
1.402976
1.404441
1.409688
1.404772
1.406945
1.399571
1.403398
1.406735
1.405689
1.404158
1.401391
1.404533
1.400134
1.404333
1.404997
1.409499
1.401052
1.406631
1.406511
1.412386
1.400330
1.406669
1.412315
1.400130
1.401522
1.405225
1.407296
1.402655
1.403104
1.397699
1.400137
1.405818
1.403184
1.408539
1.397128
1.405500
1.409615
1.404944
1.404926
1.400176
1.404555
1.404142
1.408225
1.397090
1.403732
1.404479
1.410877
1.403793
1.405364
1.408143
1.405976
1.406091
1.400598
1.408305
1.397947
1.405042
1.415371
1.420875
1.416372
1.410673
1.406949
1.402771
1.397971
1.395095
1.395255
1.398748
1.400038
1.404542
1.399784
1.405056
1.402907
1.408661
1.409531
1.412634
1.405659
1.406579
1.410026
1.405300
1.409861
1.399981
1.408032
1.415042
1.404830
1.403429
1.407784
1.406305
1.406282
1.398585
1.400895
1.398309
1.403862
1.403263
1.409565
1.398568
1.406014
1.405849
1.409892
1.404807
1.405233
1.409528
1.404842
1.408487
1.397253
1.405290
1.405883
1.410135
1.404557
1.404689
1.409354
1.404140
1.407030
1.397955
1.404425
1.405206
1.410074
1.401721
1.404130
1.406927
1.406958
1.403277
1.404799
1.400733
1.409324
1.399321
1.406641
1.416506
1.421378
1.415616
1.410098
1.406508
1.402994
1.397887
1.396703
1.394577
1.401365
1.397638
1.403532
1.406508
1.407875
1.403352
1.408783
1.399495
1.408886
1.406823
1.408976
1.405802
1.409320
1.403442
1.405210
1.408952
1.404522
1.408027
1.399295
1.406733
1.406085
1.410247
1.401470
1.404519
1.406797
1.408648
1.402383
1.406771
1.396250
1.405791
1.406154
1.409676
1.403061
1.404327
1.409718
1.405061
1.407561
1.398031
1.404500
1.405345
1.410255
1.402271
1.404324
1.407347
1.406476
1.404961
1.401634
1.404409
1.400026
1.403724
1.405356
1.408719
1.402810
1.409350
1.401204
1.409073
1.415275
1.406350
1.403342
1.407603
1.404973
1.405436
1.398049
1.398236
1.404280
1.402233
1.408329
1.397451
1.405584
1.405389
1.408910
1.403901
1.404648
1.408052
1.404949
1.405746
1.398999
1.401680
1.407450
1.405305
1.409678
1.399199
1.406715
1.405737
1.409128
1.406221
1.409058
1.401539
1.404183
1.405439
1.407174
1.401369
1.407046
1.398422
1.406214
1.412990
1.405990
1.403207
1.405129
1.404761
1.404358
1.397576
1.402276
1.392181
1.403551
1.405896
1.409960
1.402055
1.403307
1.407955
1.404943
1.405480
1.398636
1.400961
1.406649
1.403701
1.408211
1.396876
1.405469
1.405173
1.408744
1.405160
1.408114
1.400752
1.403382
1.404470
1.406288
1.400174
1.405800
1.398220
1.405791
1.413297
1.399969
1.401721
1.406291
1.405964
1.403857
1.398415
1.399925
1.395971
1.400333
1.402607
1.406508
1.400864
1.404671
1.401949
1.406435
1.405468
1.409436
1.399643
1.405379
1.404296
1.409892
1.400754
1.405452
1.405481
1.409484
1.401291
1.402531
1.405244
1.405188
1.402440
1.402621
1.399469
1.405479
1.397058
1.405582
1.413997
1.400614
1.403712
1.410981
1.407919
1.405381
1.398629
1.399999
1.396174
1.399412
1.400218
1.403778
1.398887
1.403295
1.401325
1.408597
1.398443
1.405292
1.409915
1.402901
1.403119
1.399447
1.403035
1.402600
1.404502
1.398512
1.401133
1.403025
1.406906
1.400826
1.403864
1.400818
1.405818
1.402320
1.404877
1.405360
1.407644
1.401293
1.406549
1.398315
1.404889
1.413930
1.409168
1.405909
1.404724
1.404869
1.400041
1.399571
1.393359
1.398772
1.398567
1.407787
1.397918
1.405842
1.405935
1.408807
1.402525
1.402608
1.407641
1.402922
1.405921
1.405921
1.396000
1.403007
1.403862
1.408543
1.403781
1.403685
1.407243
1.403048
1.406038
1.395980
1.402844
1.403084
1.407627
1.403191
1.405043
1.403983
1.406568
1.400263
1.401201
1.405448
1.403492
1.406255
1.398966
1.404092
1.404138
1.410375
1.398594
1.405934
1.404991
1.407857
1.402357
1.404623
1.401041
1.405890
1.398223
1.403144
1.403266
1.408289
1.400353
1.403783
1.404651
1.407166
1.400531
1.401483
1.402742
1.406471
1.400771
1.406139
1.398111
1.405103
1.413933
1.409156
1.406264
1.403619
1.405187
1.398311
1.400798
1.391946
1.399606
1.401967
1.407900
1.402743
1.402897
1.406921
1.402443
1.405870
1.396324
1.403766
1.403649
1.407476
1.402693
1.405077
1.403067
1.407819
1.398372
1.403841
1.403223
1.407892
1.401866
1.403379
1.406358
1.403941
1.404525
1.398301
1.404584
1.398028
1.405343
1.412946
1.400477
1.401944
1.405139
1.406356
1.401031
1.400606
1.395033
1.399816
1.398385
1.404009
1.401265
1.405348
1.401880
1.405951
1.402526
1.408337
1.397459
1.405098
1.404602
1.407152
1.401307
1.401360
1.406173
1.402168
1.405408
1.395331
1.402202
1.402659
1.407156
1.402572
1.405092
1.401295
1.405902
1.398067
1.403224
1.403160
1.407938
1.400750
1.403358
1.404712
1.407124
1.400083
1.405031
1.395748
1.405191
1.405210
1.407685
1.401982
1.402122
1.406436
1.402479
1.404909
1.395346
1.402054
1.402630
1.407645
1.402895
1.403312
1.406796
1.403253
1.404942
1.397156
1.402501
1.402915
1.409287
1.398440
1.404814
1.403988
1.407273
1.402283
1.404573
1.400922
1.404279
1.400234
1.402887
1.402029
1.405963
1.399139
1.403210
1.403776
1.407905
1.399509
1.403636
1.403417
1.409377
1.398270
1.404126
1.403381
1.406908
1.402103
1.404649
1.400961
1.405696
1.397825
1.403121
1.402822
1.407722
1.400597
1.403513
1.404410
1.406696
1.399760
1.402068
1.399395
1.404961
1.401726
1.407560
1.398331
1.405474
1.404620
1.407678
1.402753
1.404749
1.400702
1.402786
1.402449
1.404758
1.398366
1.403669
1.397681
1.405277
1.404359
1.407952
1.403311
1.405736
1.401563
1.403578
1.403033
1.405184
1.398842
1.403491
1.398711
1.405754
1.404200
1.409689
1.399370
1.405617
1.404342
1.406525
1.400793
1.401430
1.402355
1.405143
1.399740
1.403856
1.396718
1.402366
1.413592
1.410349
1.406563
1.406190
1.403409
1.402426
1.394563
1.398891
1.390330
1.401566
1.403276
1.407247
1.402405
1.404843
1.401267
1.405714
1.397519
1.402830
1.402488
1.406965
1.400820
1.402844
1.404952
1.405630
1.401253
1.402620
1.397890
1.402323
1.402963
1.406800
1.398985
1.404078
1.403446
1.409773
1.399405
1.404841
1.408744
1.401153
1.401094
1.397736
1.401952
1.401465
1.403912
1.396953
1.399974
1.402442
1.406445
1.400172
1.402676
1.399694
1.405213
1.402697
1.408144
1.399655
1.404889
1.411120
1.400326
1.400668
1.402905
1.406669
1.399894
1.401992
1.394100
1.400879
1.401998
1.407109
1.401635
1.402568
1.405546
1.403570
1.404287
1.398668
1.404200
1.398536
1.404061
1.415121
1.411917
1.407830
1.407112
1.404174
1.402755
1.395318
1.398234
1.391975
1.400840
1.402955
1.408327
1.402710
1.403365
1.406286
1.403901
1.404854
1.398401
1.404692
1.397399
1.406079
1.405393
1.407778
1.405687
1.407383
1.401777
1.403831
1.400842
1.406332
1.396499
1.403927
1.403663
1.407059
1.403087
1.405306
1.400331
1.401687
1.404653
1.402476
1.404010
1.398453
1.404706
1.398830
1.405089
1.412813
1.401600
1.402636
1.404745
1.407144
1.400232
1.400137
1.395114
1.398270
1.403680
1.403136
1.405030
1.399002
1.404818
1.397686
1.404842
1.410291
1.402673
1.400400
1.405017
1.402852
1.403421
1.396972
1.398015
1.401755
1.403691
1.402164
1.403814
1.399565
1.405010
1.397703
1.404154
1.413683
1.409801
1.406256
1.405656
1.403350
1.401309
1.395618
1.397088
1.394294
1.400191
1.402142
1.406686
1.400719
1.402385
1.404288
1.406919
1.401138
1.406213
1.395820
1.405451
1.404789
1.407171
1.402658
1.405381
1.401919
1.404385
1.399637
1.402382
1.399639
1.405560
1.397878
1.403588
1.403293
1.406652
1.402124
1.402739
1.403298
1.405335
1.399247
1.404153
1.394498
1.403768
1.404354
1.407127
1.404828
1.406237
1.400467
1.402738
1.398693
1.404112
1.396701
1.403427
1.403882
1.407486
1.402582
1.403533
1.401951
1.404306
1.399004
1.400230
1.401722
1.405229
1.399820
1.404918
1.396851
1.404136
1.409183
1.402001
1.401625
1.400558
1.404334
1.398694
1.398310
1.401192
1.400924
1.403754
1.399159
1.404525
1.397240
1.403134
1.411011
1.404576
1.402176
1.405656
1.402820
1.402147
1.394441
1.396798
1.395557
1.402229
1.400682
1.405286
1.399588
1.402631
1.403382
1.406075
1.399860
1.402202
1.399235
1.403671
1.400470
1.404239
1.401074
1.404733
1.401459
1.404134
1.402663
1.404913
1.399120
1.400635
1.402550
1.405046
1.399393
1.399393
1.404607
1.394198
1.403762
1.403363
1.405683
1.402933
1.404744
1.399743
1.400471
1.399900
1.402759
1.396578
1.403364
1.395298
1.404176
1.404203
1.406487
1.403028
1.404355
1.399376
1.400351
1.399850
1.402735
1.396588
1.403134
1.395806
1.404189
1.404174
1.406145
1.404059
1.405539
1.399083
1.401813
1.395895
1.400960
1.401462
1.405984
1.400272
1.402053
1.403401
1.405391
1.398676
1.403515
1.393812
1.403154
1.402982
1.405453
1.402072
1.404024
1.399581
1.400063
1.401276
1.400903
1.398664
1.401205
1.397837
1.403690
1.396450
1.402897
1.410950
1.406187
1.403118
1.404726
1.401445
1.401013
1.392934
1.396094
1.393801
1.400691
1.403279
1.406445
1.399858
1.402178
1.398616
1.405095
1.396774
1.403095
1.402558
1.406028
1.401748
1.403583
1.399612
1.400711
1.402269
1.402242
1.399444
1.402003
1.397729
1.403398
1.397246
1.402741
1.412645
1.409492
1.405774
1.404796
1.401797
1.399895
1.393529
1.395273
1.392758
1.397879
1.402766
1.404831
1.401093
1.402530
1.397171
1.401915
1.399279
1.404330
1.404292
1.407042
1.401161
1.402190
1.403415
1.405538
1.399723
1.404914
1.394695
1.403794
1.402595
1.404764
1.404000
1.405861
1.399237
1.402397
1.394236
1.400191
1.400608
1.405205
1.401731
1.404083
1.401691
1.404193
1.397994
1.400019
1.401954
1.405808
1.399547
1.404901
1.395249
1.403947
1.403579
1.406039
1.402341
1.404144
1.399759
1.400177
1.400398
1.401983
1.397371
1.402470
1.395354
1.402393
1.402268
1.406423
1.402842
1.405414
1.399695
1.401583
1.402079
1.404594
1.397905
1.403670
1.395374
1.403814
1.403519
1.405531
1.402724
1.404407
1.399041
1.401692
1.397535
1.402774
1.395836
1.402627
1.402955
1.406498
1.401766
1.402190
1.401538
1.404356
1.397550
1.402625
1.394945
1.402973
1.403241
1.406207
1.403165
1.404454
1.399254
1.401082
1.399501
1.402352
1.397564
1.400070
1.402208
1.405728
1.399129
1.404109
1.394290
1.404290
1.403971
1.405400
1.399691
1.399634
1.403590
1.400575
1.400831
1.394587
1.399301
1.397875
1.404137
1.399317
1.403512
1.402757
1.405685
1.399408
1.400474
1.401956
1.404504
1.398160
1.403186
1.393765
1.402591
1.402579
1.404736
1.403892
1.405491
1.398789
1.402402
1.393262
1.399653
1.400315
1.405143
1.402170
1.404258
1.399651
1.399959
1.401533
1.400806
1.399954
1.397960
1.401870
1.397590
1.403048
1.397837
1.403176
1.413625
1.410544
1.406076
1.405199
1.401180
1.400199
1.392588
1.395500
1.391756
1.399077
1.401963
1.405797
1.400203
1.401622
1.399978
1.403220
1.398302
1.399914
1.402385
1.404056
1.400573
1.402613
1.397728
1.402174
1.400016
1.405097
1.402527
1.407548
1.398087
1.403275
1.401680
1.404816
1.400306
1.402394
1.398933
1.400902
1.400355
1.403103
1.396543
1.401727
1.395590
1.402869
1.402493
1.406037
1.401375
1.403456
1.399512
1.402899
1.399153
1.403287
1.396932
1.402408
1.402417
1.405775
1.400326
1.400376
1.403141
1.401390
1.402716
1.396060
1.402479
1.393518
1.404038
1.403749
1.405294
1.400158
1.400649
1.401548
1.402565
1.396636
1.398365
1.393822
1.400091
1.401581
1.405773
1.399619
1.401307
1.402010
1.405432
1.397883
1.402624
1.394994
1.402725
1.402744
1.405504
1.402575
1.404012
1.398601
1.401373
1.397853
1.403047
1.395307
1.401616
1.401654
1.405347
1.400705
1.402340
1.400082
1.402704
1.397675
1.399102
1.400971
1.404161
1.398739
1.403485
1.394928
1.402205
1.402041
1.404955
1.403252
1.405149
1.398646
1.400422
1.396776
1.400016
1.400619
1.404394
1.398447
1.401541
1.397787
1.402134
1.401831
1.404282
1.398722
1.401261
1.400272
1.403613
1.397585
1.400489
1.401074
1.404594
1.398918
1.402238
1.399130
1.405932
1.395764
1.402683
1.401755
1.404249
1.400735
1.402224
1.397343
1.399402
1.398153
1.400952
1.396163
1.399911
1.399570
1.404103
1.397398
1.401336
1.400570
1.405267
1.397944
1.401981
1.401042
1.404882
1.398284
1.400600
1.401099
1.404433
1.397914
1.400087
1.397062
1.402492
1.399115
1.404454
1.396132
1.402132
1.401221
1.404492
1.399487
1.402195
1.398383
1.402095
1.396843
1.400162
1.400687
1.404134
1.398192
1.401145
1.397826
1.401964
1.398614
1.402683
1.399824
1.404601
1.396810
1.402166
1.400731
1.404166
1.399432
1.400386
1.402141
1.402506
1.398049
1.400343
1.393869
1.401922
1.393796
1.404301
1.403324
1.405045
1.399321
1.401764
1.397682
1.400167
1.395913
1.398113
1.398851
1.403369
1.397023
1.401753
1.394841
1.401609
1.400916
1.404696
1.399947
1.402434
1.398155
1.401321
1.397168
1.400914
1.397750
1.402058
1.398849
1.403109
1.398926
1.402705
1.397039
1.401500
1.401013
1.403713
1.398200
1.399511
1.399844
1.403778
1.396322
1.402094
1.393654
1.402568
1.402166
1.404172
1.400798
1.402492
1.396827
1.399923
1.395790
1.400062
1.396070
1.400801
1.401594
1.401594
