0.294623
0.316561
0.302730
0.293588
0.287978
0.284633
0.282451
0.280659
0.278859
0.276945
0.274943
0.272897
0.270842
0.268804
0.266803
0.264854
0.262974
0.261173
0.259460
0.257841
0.256317
0.254884
0.253536
0.252264
0.251060
0.249915
0.248821
0.247767
0.246742
0.245738
0.244749
0.243769
0.242797
0.241830
0.240867
0.239906
0.238947
0.237989
0.237031
0.236071
0.235108
0.234139
0.233160
0.232171
0.231166
0.230144
0.229101
0.228036
0.226947
0.225833
0.224692
0.223517
0.222296
0.221012
0.219643
0.218170
0.216595
0.214922
0.213149
0.211274
0.209276
0.207218
0.205190
0.203227
0.201307
0.199389
0.197445
0.195461
0.193438
0.191380
0.189295
0.187196
0.185100
0.183030
0.181015
0.179079
0.177237
0.175494
0.173841
0.172266
0.170755
0.169293
0.167869
0.166472
0.165097
0.163737
0.162387
0.161046
0.159711
0.158381
0.157054
0.155731
0.154411
0.153093
0.151776
0.150458
0.149139
0.147813
0.146479
0.145129
0.143757
0.142355
0.140912
0.139416
0.137856
0.136226
0.134534
0.132802
0.131058
0.129317
0.127584
0.125858
0.124143
0.122451
0.120804
0.119250
0.117853
0.116650
0.115605
0.114655
0.113749
0.112856
0.111960
0.111056
0.110140
0.109213
0.108276
0.107331
0.106382
0.105429
0.104474
0.103516
0.102555
0.101586
0.100601
0.099590
0.098539
0.097432
0.096254
0.095005
0.093706
0.092407
0.091165
0.090020
0.088978
0.088025
0.087140
0.086299
0.085487
0.084690
0.083902
0.083124
0.082362
0.081631
0.080945
0.080322
0.079772
0.079298
0.078903
0.078585
0.078342
0.078167
0.078058
0.078007
0.078009
0.078058
0.078149
0.078276
0.078435
0.078622
0.078833
0.079069
0.079331
0.079638
0.080027
0.080455
0.080862
0.081254
0.081649
0.082059
0.082492
0.082940
0.083349
0.083665
0.083856
0.083897
0.084035
0.084262
0.084456
0.084677
0.084981
0.085243
0.085552
0.085782
0.086103
0.086399
0.086651
0.086886
0.087119
0.087355
0.087587
0.087806
0.088009
0.088191
0.088359
0.088522
0.088689
0.088857
0.089027
0.089197
0.089368
0.089538
0.089709
0.089879
0.090050
0.090220
0.090390
0.090561
0.090731
0.090902
0.091072
0.091243
0.091414
0.091585
0.091756
0.091928
0.092099
0.092270
0.092442
0.092613
0.092784
0.092954
0.093125
0.093294
0.093464
0.093633
0.093801
0.093969
0.094137
0.094305
0.094474
0.094644
0.094816
0.094989
0.095165
0.095344
0.095526
0.095711
0.095900
0.096093
0.096289
0.096488
0.096691
0.096898
0.097108
0.097321
0.097537
0.097757
0.097978
0.098203
0.098430
0.098659
0.098891
0.099124
0.099360
0.099598
0.099838
0.100081
0.100325
0.100572
0.100821
0.101072
0.101327
0.101584
0.101844
0.102107
0.102373
0.102644
0.102918
0.103197
0.103480
0.103769
0.104063
0.104362
0.104668
0.104981
0.105301
0.105628
0.105964
0.106306
0.106656
0.107011
0.107370
0.107730
0.108092
0.108455
0.108819
0.109186
0.109555
0.109927
0.110303
0.110682
0.111066
0.111453
0.111847
0.112248
0.112658
0.113080
0.113517
0.113972
0.114446
0.114938
0.115443
0.115952
0.116451
0.116922
0.117350
0.117720
0.118025
0.118261
0.118431
0.118543
0.118606
0.118628
0.118616
0.118572
0.118501
0.118403
0.118278
0.118126
0.117946
0.117737
0.117498
0.117228
0.116926
0.116591
0.116223
0.115822
0.115388
0.114922
0.114423
0.113893
0.113333
0.112744
0.112125
0.111479
0.110807
0.110108
0.109385
0.108638
0.107868
0.107077
0.106264
0.105432
0.104580
0.103710
0.102823
0.101919
0.101000
0.100065
0.099115
0.098152
0.097175
0.096185
0.095182
0.094168
0.093141
0.092103
0.091053
0.089993
0.088922
0.087840
0.086748
0.085645
0.084533
0.083411
0.082279
0.081138
0.079987
0.078827
0.077658
0.076480
0.075294
0.074099
0.072895
0.071683
0.070462
0.069234
0.067998
0.066754
0.065502
0.064243
0.062977
0.061704
0.060423
0.059136
0.057843
0.056543
0.055237
0.053925
0.052607
0.051284
0.049955
0.048621
0.047282
0.045939
0.044590
0.043237
0.041880
0.040519
0.039154
0.037785
0.036413
0.035038
0.033659
0.032278
0.030893
0.029506
0.028117
0.026725
0.025331
0.023935
0.022537
0.021138
0.019736
0.018334
0.016930
0.015525
0.014119
0.012712
0.011304
0.009895
0.008486
0.007077
0.005667
0.004257
0.002847
0.001437
0.000027
-0.001383
-0.002793
-0.004203
-0.005613
-0.007023
-0.008433
-0.009844
-0.011254
-0.012664
-0.014075
-0.015486
-0.016898
-0.018310
-0.019723
-0.021137
-0.022552
-0.023967
-0.025384
-0.026802
-0.028221
-0.029641
-0.031062
-0.032485
-0.033910
-0.035335
-0.036763
-0.038192
-0.039622
-0.041054
-0.042488
-0.043923
-0.045360
-0.046798
-0.048238
-0.049680
-0.051123
-0.052568
-0.054014
-0.055463
-0.056912
-0.058364
-0.059817
-0.061272
-0.062728
-0.064186
-0.065646
-0.067107
-0.068570
-0.070034
-0.071501
-0.072969
-0.074438
-0.075910
-0.077383
-0.078858
-0.080334
-0.081813
-0.083293
-0.084775
-0.086259
-0.087744
-0.087744
-0.089232
-0.090721
-0.092213
-0.093706
-0.095202
-0.096699
-0.098198
-0.099700
-0.101203
-0.102709
-0.104217
-0.105727
-0.107239
-0.108753
-0.110270
-0.111789
-0.113310
-0.114834
-0.116360
-0.117888
-0.119419
-0.120952
-0.122488
-0.124026
-0.125567
-0.127111
-0.128657
-0.130205
-0.131756
-0.133310
-0.134867
-0.136427
-0.137989
-0.139554
-0.141122
-0.142693
-0.144266
-0.145843
-0.147423
-0.149005
-0.150591
-0.152180
-0.153771
-0.155366
-0.156964
-0.158565
-0.160169
-0.161777
-0.163388
-0.165002
-0.166619
-0.168240
-0.169864
-0.171491
-0.173122
-0.174757
-0.176394
-0.178036
-0.179681
-0.181329
-0.182981
-0.184637
-0.186296
-0.187959
-0.189626
-0.191297
-0.192971
-0.194649
-0.196331
-0.198017
-0.199707
-0.201401
-0.203098
-0.204800
-0.206506
-0.208216
-0.209930
-0.211648
-0.213370
-0.215096
-0.216827
-0.218562
-0.220301
-0.222045
-0.223793
-0.225545
-0.227302
-0.229063
-0.230829
-0.232599
-0.234374
-0.236153
-0.237937
-0.239726
-0.241519
-0.243318
-0.245120
-0.246928
-0.248741
-0.250559
-0.252381
-0.254209
-0.256041
-0.257879
-0.259721
-0.261569
-0.263422
-0.265280
-0.267143
-0.269012
-0.270886
-0.272766
-0.274650
-0.276541
-0.278437
-0.280338
-0.282245
-0.284157
-0.286076
-0.288000
-0.289929
-0.291865
-0.293806
-0.295754
-0.297707
-0.299666
-0.301632
-0.303603
-0.305581
-0.307565
-0.309555
-0.311551
-0.313554
-0.315563
-0.317579
-0.319601
-0.321630
-0.323665
-0.325707
-0.327756
-0.329812
-0.331875
-0.333944
-0.336021
-0.338104
-0.340195
-0.342293
-0.344398
-0.346511
-0.348631
-0.350758
-0.352893
-0.355036
-0.357186
-0.359344
-0.361510
-0.363684
-0.365865
-0.368055
-0.370253
-0.372459
-0.374673
-0.376896
-0.379127
-0.381367
-0.383615
-0.385872
-0.388138
-0.390413
-0.392697
-0.394989
-0.397291
-0.399602
-0.401923
-0.404253
-0.406592
-0.408941
-0.411300
-0.413668
-0.416047
-0.418435
-0.420834
-0.423242
-0.425661
-0.428091
-0.430531
-0.432981
-0.435442
-0.437914
-0.440397
-0.442891
-0.445396
-0.447912
-0.450439
-0.452978
-0.455528
-0.458090
-0.460664
-0.463249
-0.465847
-0.468456
-0.471077
-0.473711
-0.476356
-0.479015
-0.481685
-0.484368
-0.487064
-0.489772
-0.492493
-0.495227
-0.497974
-0.500734
-0.503507
-0.506294
-0.509093
-0.511906
-0.514732
-0.517571
-0.520424
-0.523290
-0.526170
-0.529063
-0.531970
-0.534891
-0.537825
-0.540773
-0.543735
-0.546711
-0.549700
-0.552703
-0.555720
-0.558751
-0.561795
-0.564853
-0.567925
-0.571011
-0.574111
-0.577224
-0.580351
-0.583492
-0.586646
-0.589814
-0.592996
-0.596191
-0.599400
-0.602623
-0.605859
-0.609108
-0.612371
-0.615647
-0.618937
-0.622240
-0.625556
-0.628886
-0.632229
-0.635586
-0.638955
-0.642338
-0.645734
-0.649143
-0.652566
-0.656001
-0.659450
-0.662912
-0.666387
-0.669875
-0.673376
-0.676890
-0.680416
-0.683956
-0.687508
-0.691072
-0.694649
-0.698238
-0.701840
-0.705453
-0.709078
-0.712715
-0.716363
-0.720023
-0.723694
-0.727376
-0.731068
-0.734771
-0.738485
-0.742209
-0.745942
-0.749686
-0.753439
-0.757201
-0.760973
-0.764753
-0.768541
-0.772338
-0.776142
-0.779952
-0.783770
-0.787593
-0.791421
-0.795255
-0.799092
-0.802933
-0.806777
-0.810624
-0.814472
-0.818322
-0.822172
-0.826023
-0.829874
-0.833724
-0.837573
-0.841422
-0.845269
-0.849114
-0.852957
-0.856798
-0.860637
-0.864474
-0.868308
-0.872139
-0.875968
-0.879794
-0.883616
-0.887436
-0.891253
-0.895066
-0.898876
-0.902683
-0.906486
-0.910285
-0.914081
-0.917873
-0.921660
-0.925444
-0.929222
-0.932996
-0.936765
-0.940528
-0.944286
-0.948038
-0.951784
-0.955523
-0.959256
-0.962982
-0.966700
-0.970411
-0.974114
-0.977810
-0.981497
-0.985176
-0.988846
-0.992509
-0.996162
-0.999808
-1.003446
-1.007077
-1.010700
-1.014316
-1.017927
-1.021533
-1.025136
-1.028737
-1.032338
-1.035942
-1.039553
-1.043176
-1.046819
-1.050493
-1.054220
-1.058051
-1.062140
-1.066728
-1.071771
-1.077059
-1.082377
-1.085777
-1.093670
-1.091068
-1.095788
-1.095515
-1.098816
-1.102522
-1.106133
-1.109605
-1.112795
-1.115837
-1.118868
-1.121980
-1.125200
-1.128502
-1.131840
-1.135314
-1.139933
-1.149145
-1.147284
-1.152335
-1.150431
-1.155858
-1.166009
-1.160895
-1.169833
-1.164241
-1.171023
-1.173244
-1.186091
-1.176450
-1.190026
-1.178672
-1.189824
-1.196043
-1.190299
-1.202322
-1.191480
-1.206217
-1.200497
-1.220711
-1.201533
-1.222252
-1.203328
-1.230443
-1.208645
-1.234585
-1.211958
-1.241626
-1.217184
-1.243486
-1.219165
-1.250864
-1.224131
-1.253569
-1.225465
-1.261323
-1.230856
-1.263615
-1.231917
-1.269035
-1.236814
-1.272121
-1.238522
-1.267655
-1.254095
-1.257443
-1.260504
-1.255500
-1.257690
-1.266631
-1.257528
-1.266278
-1.266346
-1.265306
-1.267185
-1.272908
-1.268651
-1.271322
-1.276913
-1.270772
-1.277029
-1.279074
-1.277378
-1.278871
-1.286102
-1.277724
-1.286200
-1.286327
-1.284955
-1.286648
-1.294476
-1.284196
-1.295190
-1.292679
-1.292657
-1.293181
-1.303677
-1.288985
-1.306038
-1.296331
-1.302390
-1.296160
-1.317960
-1.290878
-1.323207
-1.296257
-1.317850
-1.294622
-1.347586
-1.297883
-1.335276
-1.308094
-1.306827
-1.329898
-1.293122
-1.372190
-1.312413
-1.343267
-1.304749
-1.338450
-1.311667
-1.317914
-1.317914
-1.329666
-1.306533
-1.371540
-1.310899
-1.364270
-1.316476
-1.342863
-1.324236
-1.313042
-1.361590
-1.307531
-1.382088
-1.331493
-1.330275
-1.347374
-1.307256
-1.390485
-1.335818
-1.347721
-1.321184
-1.349930
-1.331921
-1.317977
-1.380401
-1.325077
-1.379203
-1.332982
-1.353144
-1.336938
-1.328032
-1.373862
-1.321405
-1.400999
-1.357574
-1.354145
-1.330402
-1.379931
-1.336142
-1.385716
-1.339319
-1.383680
-1.339772
-1.385608
-1.344146
-1.380800
-1.341256
-1.385120
-1.345948
-1.382204
-1.344537
-1.386046
-1.349356
-1.384345
-1.349148
-1.387163
-1.353068
-1.386694
-1.354144
-1.388577
-1.357221
-1.389133
-1.359268
-1.390488
-1.361916
-1.391622
-1.364422
-1.392954
-1.367052
-1.394371
-1.369744
-1.395904
-1.372513
-1.397553
-1.375368
-1.399297
-1.378296
-1.401108
-1.381270
-1.402964
-1.384263
-1.404869
-1.387272
-1.406836
-1.390302
-1.408878
-1.393360
-1.411006
-1.396452
-1.413236
-1.399589
-1.415582
-1.402781
-1.418063
-1.406036
-1.420698
-1.409367
-1.423510
-1.412788
-1.426521
-1.416327
-1.429746
-1.420023
-1.433172
-1.423911
-1.436752
-1.427990
-1.440417
-1.432213
-1.444100
-1.436485
-1.447767
-1.440727
-1.451424
-1.444921
-1.455091
-1.449085
-1.458776
-1.453233
-1.462484
-1.457367
-1.466220
-1.461494
-1.469985
-1.465626
-1.473780
-1.469801
-1.477602
-1.474069
-1.481441
-1.478433
-1.485278
-1.482831
-1.489098
-1.487184
-1.492901
-1.491468
-1.496708
-1.495704
-1.500536
-1.499922
-1.504395
-1.504140
-1.508286
-1.508371
-1.512211
-1.512620
-1.516167
-1.516888
-1.520150
-1.521171
-1.524155
-1.525463
-1.528181
-1.529748
-1.532231
-1.534014
-1.536313
-1.538251
-1.540431
-1.542461
-1.544581
-1.546653
-1.548751
-1.550837
-1.552928
-1.555017
-1.557105
-1.559191
-1.561276
-1.563359
-1.565439
-1.567516
-1.569589
-1.571660
-1.573726
-1.575789
-1.577847
-1.579901
-1.581950
-1.583994
-1.586033
-1.588068
-1.590097
-1.592121
-1.594139
-1.596152
-1.598160
-1.600162
-1.602159
-1.604151
-1.606136
-1.608117
-1.610092
-1.612061
-1.614024
-1.615982
-1.617933
-1.619879
-1.621817
-1.623749
-1.625674
-1.627591
-1.629500
-1.631400
-1.633292
-1.635174
-1.637046
-1.638909
-1.640760
-1.642602
-1.644432
-1.646250
-1.648057
-1.649853
-1.651637
-1.653409
-1.655169
-1.656917
-1.658653
-1.660378
-1.662090
-1.663792
-1.665481
-1.667160
-1.668827
-1.670483
-1.672128
-1.673763
-1.675387
-1.677000
-1.678604
-1.680197
-1.681780
-1.683354
-1.684917
-1.686472
-1.688016
-1.689552
-1.691078
-1.692595
-1.694103
-1.695602
-1.697092
-1.698573
-1.700045
-1.701509
-1.702963
-1.704409
-1.705846
-1.707274
-1.708694
-1.710104
-1.711506
-1.712900
-1.714284
-1.715660
-1.717028
-1.718387
-1.719737
-1.721080
-1.722413
-1.723739
-1.725056
-1.726365
-1.727665
-1.728958
-1.730242
-1.731518
-1.732787
-1.734046
-1.735298
-1.736542
-1.737777
-1.739004
-1.740223
-1.741434
-1.742636
-1.743830
-1.745015
-1.746191
-1.747360
-1.748519
-1.749670
-1.750813
-1.751947
-1.753073
-1.754190
-1.755299
-1.756400
-1.757494
-1.758579
-1.759658
-1.760729
-1.761793
-1.762850
-1.763900
-1.764944
-1.765982
-1.767014
-1.768040
-1.769060
-1.770075
-1.771084
-1.772087
-1.773086
-1.774078
-1.775066
-1.776049
-1.777026
-1.777999
-1.778966
-1.779928
-1.780886
-1.781838
-1.782784
-1.783725
-1.784660
-1.785589
-1.786509
-1.787420
-1.788322
-1.789213
-1.790095
-1.790966
-1.791829
-1.792682
-1.793527
-1.794364
-1.795193
-1.796016
-1.796833
-1.797646
-1.798456
-1.799264
-1.800070
-1.800876
-1.801681
-1.802485
-1.803288
-1.804090
-1.804890
-1.805688
-1.806484
-1.807278
-1.808069
-1.808857
-1.809643
-1.810424
-1.811203
-1.811978
-1.812749
-1.813515
-1.814278
-1.815036
-1.815789
-1.816537
-1.817279
-1.818015
-1.818746
-1.819469
-1.820186
-1.820895
-1.821597
-1.822291
-1.822979
-1.823660
-1.824336
-1.825009
-1.825681
-1.826353
-1.827028
-1.827705
-1.828387
-1.829071
-1.829758
-1.830445
-1.831130
-1.831812
-1.832487
-1.833153
-1.833810
-1.834454
-1.835085
-1.835702
-1.836303
-1.836889
-1.837465
-1.838034
-1.838607
-1.839192
-1.839799
-1.840432
-1.841090
-1.841770
-1.842465
-1.843171
-1.843881
-1.844593
-1.845303
-1.846011
-1.846716
-1.847415
-1.848110
-1.848799
-1.849482
-1.850160
-1.850832
-1.851498
-1.852159
-1.852814
-1.853464
-1.854109
-1.854748
-1.855383
-1.856013
-1.856637
-1.857257
-1.857873
-1.858484
-1.859091
-1.859693
-1.860291
-1.860885
-1.861475
-1.862061
-1.862644
-1.863222
-1.863797
-1.864368
-1.864936
-1.865501
-1.866062
-1.866619
-1.867174
-1.867725
-1.868273
-1.868818
-1.869360
-1.869899
-1.870435
-1.870969
-1.871499
-1.872027
-1.872552
-1.873075
-1.873595
-1.874112
-1.874627
-1.875139
-1.875649
-1.876157
-1.876662
-1.877165
-1.877666
-1.878164
-1.878661
-1.879155
-1.879647
-1.880137
-1.880624
-1.881110
-1.881593
-1.882075
-1.882554
-1.883031
-1.883506
-1.883979
-1.884450
-1.884919
-1.885386
-1.885851
-1.886314
-1.886775
-1.887233
-1.887690
-1.888145
-1.888597
-1.889048
-1.889497
-1.889944
-1.890389
-1.890832
-1.891274
-1.891714
-1.892152
-1.892588
-1.893021
-1.893453
-1.893881
-1.894306
-1.894728
-1.895145
-1.895557
-1.895965
-1.896369
-1.896769
-1.897164
-1.897556
-1.897945
-1.897945
-1.898330
-1.898713
-1.899083
-1.899531
-1.899412
-1.899942
-1.900310
-1.900865
-1.901035
-1.901383
-1.901708
-1.902038
-1.902416
-1.902842
-1.903302
-1.903776
-1.904249
-1.904714
-1.905169
-1.905618
-1.906062
-1.906503
-1.906943
-1.907381
-1.907818
-1.908253
-1.908685
-1.909116
-1.909544
-1.909972
-1.910398
-1.910823
-1.911246
-1.911668
-1.912089
-1.912509
-1.912926
-1.913343
-1.913757
-1.914170
-1.914581
-1.914990
-1.915398
-1.915804
-1.916208
-1.916610
-1.917010
-1.917408
-1.917804
-1.918198
-1.918589
-1.918979
-1.919367
-1.919752
-1.920136
-1.920517
-1.920897
-1.921275
-1.921651
-1.922025
-1.922398
-1.922769
-1.923139
-1.923508
-1.923876
-1.924242
-1.924608
-1.924972
-1.925336
-1.925699
-1.926061
-1.926423
-1.926784
-1.927144
-1.927504
-1.927863
-1.928221
-1.928579
-1.928936
-1.929293
-1.929649
-1.930004
-1.930359
-1.930714
-1.931067
-1.931421
-1.931773
-1.932125
-1.932476
-1.932827
-1.933177
-1.933526
-1.933875
-1.934223
-1.934570
-1.934917
-1.935262
-1.935607
-1.935951
-1.936295
-1.936638
-1.936979
-1.937320
-1.937661
-1.938000
-1.938339
-1.938676
-1.939013
-1.939349
-1.939684
-1.940019
-1.940352
-1.940684
-1.941016
-1.941346
-1.941676
-1.942005
-1.942332
-1.942659
-1.942985
-1.943309
-1.943633
-1.943956
-1.944278
-1.944598
-1.944918
-1.945237
-1.945554
-1.945871
-1.946187
-1.946501
-1.946815
-1.947127
-1.947438
-1.947749
-1.948058
-1.948366
-1.948673
-1.948979
-1.949284
-1.949588
-1.949891
-1.950192
-1.950493
-1.950793
-1.951091
-1.951389
-1.951685
-1.951980
-1.952275
-1.952568
-1.952860
-1.953151
-1.953441
-1.953730
-1.954018
-1.954305
-1.954590
-1.954875
-1.955159
-1.955441
-1.955723
-1.956004
-1.956283
-1.956562
-1.956839
-1.957116
-1.957391
-1.957665
-1.957939
-1.958211
-1.958483
-1.958753
-1.959022
-1.959291
-1.959558
-1.959824
-1.960090
-1.960354
-1.960617
-1.960880
-1.961141
-1.961401
-1.961661
-1.961919
-1.962177
-1.962433
-1.962689
-1.962943
-1.963197
-1.963449
-1.963701
-1.963951
-1.964201
-1.964450
-1.964698
-1.964944
-1.965190
-1.965435
-1.965679
-1.965922
-1.966164
-1.966405
-1.966645
-1.966885
-1.967123
-1.967361
-1.967597
-1.967833
-1.968067
-1.968301
-1.968534
-1.968766
-1.968997
-1.969227
-1.969456
-1.969685
-1.969912
-1.970139
-1.970364
-1.970589
-1.970813
-1.971037
-1.971259
-1.971480
-1.971701
-1.971921
-1.972140
-1.972358
-1.972575
-1.972792
-1.973007
-1.973222
-1.973436
-1.973650
-1.973862
-1.974074
-1.974285
-1.974495
-1.974705
-1.974913
-1.975121
-1.975329
-1.975535
-1.975741
-1.975946
-1.976150
-1.976354
-1.976557
-1.976759
-1.976960
-1.977161
-1.977361
-1.977561
-1.977760
-1.977958
-1.978155
-1.978352
-1.978548
-1.978744
-1.978939
-1.979133
-1.979327
-1.979520
-1.979712
-1.979904
-1.980095
-1.980286
-1.980476
-1.980665
-1.980854
-1.981043
-1.981230
-1.981418
-1.981604
-1.981790
-1.981976
-1.982161
-1.982345
-1.982529
-1.982713
-1.982896
-1.983078
-1.983260
-1.983442
-1.983623
-1.983803
-1.983983
-1.984162
-1.984341
-1.984520
-1.984698
-1.984876
-1.985053
-1.985230
-1.985406
-1.985582
-1.985757
-1.985932
-1.986106
-1.986281
-1.986454
-1.986627
-1.986800
-1.986973
-1.987145
-1.987316
-1.987488
-1.987658
-1.987829
-1.987999
-1.988169
-1.988338
-1.988507
-1.988676
-1.988844
-1.989012
-1.989179
-1.989346
-1.989513
-1.989679
-1.989846
-1.990011
-1.990177
-1.990342
-1.990507
-1.990671
-1.990835
-1.990999
-1.991162
-1.991325
-1.991488
-1.991651
-1.991813
-1.991975
-1.992136
-1.992298
-1.992459
-1.992619
-1.992780
-1.992940
-1.993099
-1.993259
-1.993418
-1.993577
-1.993736
-1.993894
-1.994052
-1.994210
-1.994367
-1.994524
-1.994681
-1.994838
-1.994994
-1.995150
-1.995306
-1.995462
-1.995617
-1.995772
-1.995926
-1.996081
-1.996235
-1.996388
-1.996542
-1.996695
-1.996848
-1.997000
-1.997153
-1.997305
-1.997456
-1.997608
-1.997759
-1.997910
-1.998060
-1.998210
-1.998360
-1.998510
-1.998659
-1.998808
-1.998956
-1.999104
-1.999252
-1.999400
-1.999547
-1.999694
-1.999841
-1.999987
-2.000133
-2.000279
-2.000424
-2.000569
-2.000714
-2.000858
-2.001002
-2.001146
-2.001289
-2.001433
-2.001576
-2.001718
-2.001861
-2.002003
-2.002146
-2.002288
-2.002430
-2.002573
-2.002715
-2.002857
-2.003000
-2.003141
-2.003282
-2.003421
-2.003557
-2.003689
-2.003816
-2.003940
-2.004060
-2.004177
-2.004292
-2.004407
-2.004520
-2.004633
-2.004747
-2.004861
-2.004975
-2.005090
-2.005206
-2.005322
-2.005438
-2.005555
-2.005673
-2.005791
-2.005910
-2.006029
-2.006149
-2.006269
-2.006389
-2.006510
-2.006631
-2.006752
-2.006874
-2.006996
-2.007118
-2.007240
-2.007363
-2.007486
-2.007609
-2.007732
-2.007855
-2.007979
-2.008102
-2.008225
-2.008349
-2.008473
-2.008596
-2.008720
-2.008844
-2.008968
-2.009091
-2.009215
-2.009339
-2.009462
-2.009586
-2.009710
-2.009833
-2.009957
-2.010080
-2.010203
-2.010326
-2.010450
-2.010573
-2.010696
-2.010819
-2.010941
-2.011064
-2.011187
-2.011309
-2.011431
-2.011553
-2.011675
-2.011797
-2.011919
-2.012041
-2.012162
-2.012283
-2.012405
-2.012526
-2.012646
-2.012767
-2.012887
-2.013008
-2.013128
-2.013248
-2.013367
-2.013487
-2.013606
-2.013725
-2.013844
-2.013963
-2.014081
-2.014081
-2.014200
-2.014318
-2.014435
-2.014553
-2.014670
-2.014787
-2.014904
-2.015021
-2.015137
-2.015253
-2.015369
-2.015485
-2.015600
-2.015715
-2.015830
-2.015944
-2.016059
-2.016173
-2.016286
-2.016400
-2.016513
-2.016626
-2.016739
-2.016851
-2.016963
-2.017075
-2.017186
-2.017297
-2.017408
-2.017519
-2.017629
-2.017739
-2.017848
-2.017958
-2.018067
-2.018175
-2.018284
-2.018392
-2.018499
-2.018607
-2.018714
-2.018821
-2.018927
-2.019033
-2.019139
-2.019244
-2.019349
-2.019454
-2.019559
-2.019663
-2.019767
-2.019870
-2.019973
-2.020076
-2.020178
-2.020280
-2.020382
-2.020484
-2.020585
-2.020685
-2.020786
-2.020886
-2.020985
-2.021085
-2.021184
-2.021283
-2.021381
-2.021479
-2.021577
-2.021674
-2.021771
-2.021868
-2.021964
-2.022060
-2.022156
-2.022251
-2.022346
-2.022441
-2.022535
-2.022629
-2.022723
-2.022816
-2.022909
-2.023002
-2.023094
-2.023186
-2.023278
-2.023369
-2.023460
-2.023551
-2.023641
-2.023731
-2.023821
-2.023911
-2.024000
-2.024089
-2.024177
-2.024265
-2.024353
-2.024441
-2.024528
-2.024615
-2.024701
-2.024787
-2.024873
-2.024959
-2.025044
-2.025129
-2.025213
-2.025297
-2.025381
-2.025465
-2.025548
-2.025631
-2.025713
-2.025795
-2.025877
-2.025958
-2.026039
-2.026119
-2.026199
-2.026279
-2.026358
-2.026437
-2.026515
-2.026593
-2.026671
-2.026748
-2.026824
-2.026900
-2.026976
-2.027051
-2.027126
-2.027200
-2.027274
-2.027347
-2.027419
-2.027491
-2.027563
-2.027634
-2.027704
-2.027774
-2.027843
-2.027912
-2.027980
-2.028048
-2.028115
-2.028182
-2.028248
-2.028313
-2.028378
-2.028442
-2.028506
-2.028569
-2.028632
-2.028694
-2.028756
-2.028818
-2.028878
-2.028939
-2.028999
-2.029058
-2.029117
-2.029176
-2.029234
-2.029292
-2.029350
-2.029407
-2.029464
-2.029520
-2.029577
-2.029633
-2.029688
-2.029744
-2.029799
-2.029854
-2.029908
-2.029962
-2.030017
-2.030071
-2.030124
-2.030178
-2.030231
-2.030284
-2.030337
-2.030390
-2.030443
-2.030495
-2.030547
-2.030599
-2.030651
-2.030703
-2.030755
-2.030806
-2.030857
-2.030908
-2.030959
-2.031009
-2.031061
-2.031114
-2.031172
-2.031237
-2.031273
-2.031302
-2.031372
-2.031468
-2.031540
-2.031622
-2.031672
-2.031764
-2.031780
-2.031900
-2.031848
-2.031987
-2.032038
-2.032159
-2.032129
-2.032245
-2.032260
-2.032415
-2.032344
-2.032471
-2.032558
-2.032620
-2.032719
-2.032644
-2.032751
-2.032887
-2.032838
-2.032890
-2.033048
-2.033007
-2.033047
-2.033178
-2.033268
-2.033397
-2.033295
-2.033392
-2.033517
-2.033554
-2.033649
-2.033704
-2.033855
-2.033794
-2.033886
-2.033975
-2.034028
-2.034150
-2.034010
-2.034051
-2.034084
-2.034269
-2.034420
-2.034348
-2.034382
-2.034499
-2.034591
-2.034756
-2.034544
-2.034556
-2.034491
-2.034495
-2.034464
-2.034463
-2.034487
-2.034516
-2.034555
-2.034599
-2.034650
-2.034706
-2.034767
-2.034830
-2.034896
-2.034965
-2.035035
-2.035106
-2.035179
-2.035253
-2.035328
-2.035403
-2.035480
-2.035558
-2.035637
-2.035716
-2.035796
-2.035876
-2.035957
-2.036038
-2.036120
-2.036202
-2.036284
-2.036367
-2.036450
-2.036532
-2.036615
-2.036698
-2.036780
-2.036863
-2.036945
-2.037027
-2.037108
-2.037190
-2.037271
-2.037351
-2.037431
-2.037511
-2.037590
-2.037669
-2.037747
-2.037825
-2.037902
-2.037979
-2.038055
-2.038130
-2.038205
-2.038279
-2.038353
-2.038426
-2.038499
-2.038571
-2.038642
-2.038713
-2.038783
-2.038853
-2.038922
-2.038991
-2.039059
-2.039126
-2.039193
-2.039260
-2.039326
-2.039391
-2.039456
-2.039521
-2.039585
-2.039648
-2.039712
-2.039774
-2.039837
-2.039899
-2.039960
-2.040022
-2.040082
-2.040143
-2.040203
-2.040263
-2.040323
-2.040383
-2.040442
-2.040501
-2.040560
-2.040619
-2.040678
-2.040736
-2.040795
-2.040853
-2.040912
-2.040970
-2.041029
-2.041088
-2.041146
-2.041205
-2.041264
-2.041323
-2.041383
-2.041442
-2.041502
-2.041562
-2.041622
-2.041683
-2.041744
-2.041805
-2.041866
-2.041928
-2.041990
-2.042053
-2.042115
-2.042179
-2.042242
-2.042306
-2.042370
-2.042435
-2.042500
-2.042565
-2.042631
-2.042697
-2.042763
-2.042830
-2.042897
-2.042964
-2.043032
-2.043100
-2.043169
-2.043238
-2.043307
-2.043376
-2.043446
-2.043516
-2.043586
-2.043657
-2.043728
-2.043799
-2.043871
-2.043943
-2.044015
-2.044087
-2.044160
-2.044233
-2.044306
-2.044379
-2.044452
-2.044526
-2.044600
-2.044674
-2.044749
-2.044823
-2.044898
-2.044973
-2.045048
-2.045124
-2.045199
-2.045275
-2.045350
-2.045426
-2.045503
-2.045579
-2.045655
-2.045732
-2.045809
-2.045885
-2.045962
-2.046040
-2.046117
-2.046194
-2.046272
-2.046349
-2.046427
-2.046505
-2.046583
-2.046661
-2.046739
-2.046818
-2.046896
-2.046975
-2.047054
-2.047132
-2.047211
-2.047290
-2.047370
-2.047449
-2.047528
-2.047608
-2.047688
-2.047767
-2.047847
-2.047927
-2.048007
-2.048088
-2.048168
-2.048248
-2.048329
-2.048410
-2.048490
-2.048571
-2.048652
-2.048733
-2.048815
-2.048896
-2.048977
-2.049059
-2.049140
-2.049222
-2.049304
-2.049386
-2.049468
-2.049550
-2.049632
-2.049714
-2.049796
-2.049879
-2.049961
-2.050044
-2.050126
-2.050209
-2.050291
-2.050374
-2.050457
-2.050539
-2.050622
-2.050705
-2.050788
-2.050871
-2.050953
-2.051036
-2.051119
-2.051202
-2.051285
-2.051367
-2.051450
-2.051450
-2.051533
-2.051615
-2.051698
-2.051781
-2.051863
-2.051945
-2.052028
-2.052110
-2.052192
-2.052275
-2.052357
-2.052439
-2.052520
-2.052602
-2.052684
-2.052765
-2.052847
-2.052928
-2.053010
-2.053091
-2.053172
-2.053252
-2.053333
-2.053414
-2.053494
-2.053575
-2.053655
-2.053735
-2.053815
-2.053894
-2.053974
-2.054053
-2.054132
-2.054211
-2.054290
-2.054369
-2.054448
-2.054526
-2.054604
-2.054682
-2.054760
-2.054838
-2.054916
-2.054993
-2.055070
-2.055147
-2.055224
-2.055301
-2.055377
-2.055454
-2.055530
-2.055606
-2.055681
-2.055757
-2.055832
-2.055908
-2.055983
-2.056058
-2.056132
-2.056207
-2.056281
-2.056355
-2.056429
-2.056503
-2.056577
-2.056650
-2.056724
-2.056797
-2.056870
-2.056943
-2.057015
-2.057088
-2.057160
-2.057233
-2.057305
-2.057377
-2.057448
-2.057520
-2.057592
-2.057663
-2.057735
-2.057806
-2.057878
-2.057949
-2.058020
-2.058092
-2.058163
-2.058235
-2.058307
-2.058379
-2.058452
-2.058525
-2.058600
-2.058676
-2.058754
-2.058835
-2.058921
-2.059016
-2.059131
-2.059291
-2.059434
-2.059398
-2.059523
-2.059554
-2.059685
-2.059622
-2.059739
-2.059761
-2.059880
-2.059804
-2.059919
-2.059949
-2.060065
-2.059996
-2.060115
-2.060120
-2.060252
-2.060169
-2.060286
-2.060333
-2.060430
-2.060402
-2.060522
-2.060467
-2.060597
-2.060595
-2.060725
-2.060656
-2.060779
-2.060794
-2.060915
-2.060859
-2.060983
-2.060973
-2.061102
-2.061053
-2.061178
-2.061164
-2.061290
-2.061247
-2.061371
-2.061352
-2.061475
-2.061440
-2.061562
-2.061539
-2.061659
-2.061630
-2.061749
-2.061724
-2.061841
-2.061816
-2.061931
-2.061908
-2.062021
-2.061999
-2.062110
-2.062090
-2.062199
-2.062179
-2.062286
-2.062268
-2.062373
-2.062357
-2.062459
-2.062444
-2.062544
-2.062531
-2.062629
-2.062618
-2.062712
-2.062703
-2.062795
-2.062788
-2.062877
-2.062873
-2.062959
-2.062957
-2.063040
-2.063040
-2.063120
-2.063123
-2.063199
-2.063205
-2.063278
-2.063287
-2.063356
-2.063368
-2.063434
-2.063448
-2.063511
-2.063528
-2.063587
-2.063608
-2.063663
-2.063686
-2.063739
-2.063764
-2.063814
-2.063842
-2.063888
-2.063919
-2.063963
-2.063995
-2.064037
-2.064070
-2.064110
-2.064145
-2.064184
-2.064219
-2.064257
-2.064293
-2.064330
-2.064366
-2.064403
-2.064439
-2.064475
-2.064511
-2.064547
-2.064583
-2.064619
-2.064655
-2.064691
-2.064727
-2.064762
-2.064798
-2.064834
-2.064869
-2.064904
-2.064940
-2.064975
-2.065010
-2.065046
-2.065081
-2.065116
-2.065151
-2.065186
-2.065221
-2.065256
-2.065290
-2.065325
-2.065360
-2.065395
-2.065429
-2.065464
-2.065499
-2.065533
-2.065568
-2.065602
-2.065637
-2.065671
-2.065705
-2.065740
-2.065774
-2.065808
-2.065843
-2.065877
-2.065911
-2.065945
-2.065980
-2.066014
-2.066048
-2.066082
-2.066116
-2.066150
-2.066184
-2.066218
-2.066252
-2.066286
-2.066320
-2.066354
-2.066388
-2.066422
-2.066456
-2.066490
-2.066524
-2.066558
-2.066592
-2.066626
-2.066660
-2.066693
-2.066727
-2.066761
-2.066795
-2.066829
-2.066863
-2.066897
-2.066931
-2.066964
-2.066998
-2.067032
-2.067066
-2.067100
-2.067134
-2.067168
-2.067202
-2.067235
-2.067269
-2.067303
-2.067337
-2.067371
-2.067405
-2.067439
-2.067473
-2.067507
-2.067541
-2.067575
-2.067609
-2.067643
-2.067676
-2.067710
-2.067744
-2.067778
-2.067812
-2.067846
-2.067880
-2.067915
-2.067949
-2.067983
-2.068017
-2.068051
-2.068085
-2.068119
-2.068153
-2.068187
-2.068221
-2.068256
-2.068290
-2.068324
-2.068358
-2.068392
-2.068427
-2.068461
-2.068495
-2.068529
-2.068564
-2.068598
-2.068632
-2.068667
-2.068701
-2.068735
-2.068770
-2.068804
-2.068838
-2.068873
-2.068907
-2.068942
-2.068976
-2.069011
-2.069045
-2.069080
-2.069114
-2.069149
-2.069183
-2.069218
-2.069252
-2.069287
-2.069322
-2.069356
-2.069391
-2.069426
-2.069460
-2.069495
-2.069530
-2.069564
-2.069599
-2.069634
-2.069669
-2.069703
-2.069738
-2.069773
-2.069808
-2.069842
-2.069877
-2.069912
-2.069947
-2.069982
-2.070017
-2.070051
-2.070086
-2.070121
-2.070156
-2.070191
-2.070226
-2.070261
-2.070296
-2.070331
-2.070366
-2.070401
-2.070436
-2.070471
-2.070506
-2.070541
-2.070576
-2.070611
-2.070646
-2.070681
-2.070716
-2.070751
-2.070786
-2.070821
-2.070856
-2.070891
-2.070926
-2.070961
-2.070996
-2.071031
-2.071066
-2.071101
-2.071136
-2.071171
-2.071207
-2.071242
-2.071277
-2.071312
-2.071347
-2.071382
-2.071417
-2.071452
-2.071487
-2.071522
-2.071557
-2.071592
-2.071627
-2.071662
-2.071697
-2.071733
-2.071768
-2.071803
-2.071838
-2.071873
-2.071908
-2.071943
-2.071978
-2.072013
-2.072048
-2.072083
-2.072118
-2.072153
-2.072188
-2.072223
-2.072258
-2.072293
-2.072328
-2.072362
-2.072397
-2.072432
-2.072467
-2.072502
-2.072537
-2.072572
-2.072607
-2.072642
-2.072676
-2.072711
-2.072746
-2.072781
-2.072816
-2.072850
-2.072885
-2.072920
-2.072955
-2.072989
-2.073024
-2.073059
-2.073093
-2.073128
-2.073163
-2.073197
-2.073232
-2.073267
-2.073301
-2.073336
-2.073370
-2.073405
-2.073439
-2.073474
-2.073509
-2.073543
-2.073577
-2.073612
-2.073646
-2.073681
-2.073715
-2.073750
-2.073784
-2.073818
-2.073853
-2.073887
-2.073922
-2.073956
-2.073990
-2.074024
-2.074059
-2.074093
-2.074127
-2.074161
-2.074196
-2.074230
-2.074230
-2.074264
-2.074298
-2.074332
-2.074366
-2.074400
-2.074435
-2.074469
-2.074503
-2.074537
-2.074571
-2.074605
-2.074639
-2.074673
-2.074706
-2.074740
-2.074774
-2.074808
-2.074842
-2.074876
-2.074910
-2.074943
-2.074977
-2.075011
-2.075044
-2.075078
-2.075112
-2.075145
-2.075179
-2.075212
-2.075246
-2.075279
-2.075313
-2.075346
-2.075379
-2.075413
-2.075446
-2.075479
-2.075512
-2.075545
-2.075578
-2.075611
-2.075644
-2.075677
-2.075710
-2.075743
-2.075775
-2.075808
-2.075841
-2.075873
-2.075906
-2.075938
-2.075971
-2.076003
-2.076035
-2.076067
-2.076099
-2.076131
-2.076163
-2.076195
-2.076227
-2.076259
-2.076290
-2.076322
-2.076354
-2.076385
-2.076417
-2.076448
-2.076479
-2.076510
-2.076542
-2.076573
-2.076604
-2.076635
-2.076666
-2.076697
-2.076727
-2.076758
-2.076789
-2.076819
-2.076850
-2.076881
-2.076911
-2.076942
-2.076972
-2.077002
-2.077033
-2.077063
-2.077093
-2.077123
-2.077154
-2.077184
-2.077214
-2.077244
-2.077274
-2.077304
-2.077334
-2.077364
-2.077394
-2.077424
-2.077454
-2.077484
-2.077514
-2.077544
-2.077574
-2.077604
-2.077633
-2.077663
-2.077693
-2.077723
-2.077753
-2.077783
-2.077813
-2.077843
-2.077872
-2.077902
-2.077932
-2.077962
-2.077992
-2.078022
-2.078052
-2.078082
-2.078112
-2.078142
-2.078172
-2.078202
-2.078232
-2.078262
-2.078292
-2.078322
-2.078352
-2.078382
-2.078412
-2.078443
-2.078473
-2.078503
-2.078533
-2.078563
-2.078594
-2.078624
-2.078654
-2.078685
-2.078715
-2.078746
-2.078776
-2.078807
-2.078837
-2.078868
-2.078898
-2.078929
-2.078960
-2.078990
-2.079021
-2.079052
-2.079082
-2.079113
-2.079144
-2.079175
-2.079206
-2.079237
-2.079268
-2.079299
-2.079330
-2.079361
-2.079392
-2.079423
-2.079455
-2.079486
-2.079517
-2.079548
-2.079580
-2.079611
-2.079643
-2.079674
-2.079705
-2.079737
-2.079769
-2.079800
-2.079832
-2.079863
-2.079895
-2.079927
-2.079959
-2.079990
-2.080022
-2.080054
-2.080086
-2.080118
-2.080150
-2.080182
-2.080214
-2.080246
-2.080278
-2.080311
-2.080343
-2.080375
-2.080407
-2.080440
-2.080472
-2.080504
-2.080537
-2.080569
-2.080602
-2.080634
-2.080667
-2.080699
-2.080732
-2.080765
-2.080797
-2.080830
-2.080863
-2.080895
-2.080928
-2.080961
-2.080994
-2.081027
-2.081060
-2.081093
-2.081126
-2.081159
-2.081192
-2.081225
-2.081258
-2.081291
-2.081324
-2.081357
-2.081390
-2.081424
-2.081457
-2.081490
-2.081524
-2.081557
-2.081590
-2.081624
-2.081657
-2.081690
-2.081724
-2.081757
-2.081791
-2.081824
-2.081858
-2.081892
-2.081925
-2.081959
-2.081992
-2.082026
-2.082060
-2.082093
-2.082127
-2.082161
-2.082195
-2.082229
-2.082262
-2.082296
-2.082330
-2.082364
-2.082398
-2.082432
-2.082466
-2.082500
-2.082534
-2.082567
-2.082601
-2.082635
-2.082670
-2.082704
-2.082738
-2.082772
-2.082806
-2.082840
-2.082874
-2.082908
-2.082942
-2.082976
-2.083011
-2.083045
-2.083079
-2.083113
-2.083147
-2.083182
-2.083216
-2.083250
-2.083284
-2.083319
-2.083353
-2.083387
-2.083422
-2.083456
-2.083490
-2.083525
-2.083559
-2.083593
-2.083628
-2.083662
-2.083697
-2.083731
-2.083765
-2.083800
-2.083834
-2.083869
-2.083903
-2.083938
-2.083972
-2.084006
-2.084041
-2.084075
-2.084110
-2.084144
-2.084179
-2.084213
-2.084248
-2.084282
-2.084317
-2.084351
-2.084386
-2.084420
-2.084455
-2.084489
-2.084524
-2.084559
-2.084593
-2.084628
-2.084662
-2.084697
-2.084731
-2.084766
-2.084800
-2.084835
-2.084870
-2.084904
-2.084939
-2.084973
-2.085008
-2.085042
-2.085077
-2.085111
-2.085146
-2.085181
-2.085215
-2.085250
-2.085284
-2.085319
-2.085353
-2.085388
-2.085423
-2.085457
-2.085492
-2.085526
-2.085561
-2.085595
-2.085630
-2.085664
-2.085699
-2.085734
-2.085768
-2.085803
-2.085837
-2.085872
-2.085906
-2.085941
-2.085975
-2.086010
-2.086044
-2.086079
-2.086114
-2.086148
-2.086183
-2.086217
-2.086252
-2.086286
-2.086321
-2.086355
-2.086390
-2.086424
-2.086459
-2.086493
-2.086527
-2.086562
-2.086596
-2.086631
-2.086665
-2.086700
-2.086734
-2.086769
-2.086803
-2.086838
-2.086872
-2.086906
-2.086941
-2.086975
-2.087010
-2.087044
-2.087078
-2.087113
-2.087147
-2.087182
-2.087216
-2.087250
-2.087285
-2.087319
-2.087353
-2.087388
-2.087422
-2.087456
-2.087491
-2.087525
-2.087559
-2.087594
-2.087628
-2.087662
-2.087696
-2.087731
-2.087765
-2.087799
-2.087833
-2.087868
-2.087902
-2.087936
-2.087970
-2.088005
-2.088039
-2.088073
-2.088107
-2.088141
-2.088176
-2.088210
-2.088244
-2.088278
-2.088312
-2.088346
-2.088380
-2.088415
-2.088449
-2.088483
-2.088517
-2.088551
-2.088585
-2.088619
-2.088653
-2.088687
-2.088721
-2.088755
-2.088789
-2.088824
-2.088858
-2.088892
-2.088926
-2.088960
-2.088994
-2.089028
-2.089062
-2.089096
-2.089129
-2.089163
-2.089197
-2.089231
-2.089265
-2.089299
-2.089333
-2.089367
-2.089401
-2.089435
-2.089469
-2.089503
-2.089536
-2.089570
-2.089604
-2.089638
-2.089672
-2.089706
-2.089739
-2.089773
-2.089807
-2.089841
-2.089875
-2.089908
-2.089942
-2.089976
-2.090010
-2.090043
-2.090077
-2.090111
-2.090145
-2.090178
-2.090212
-2.090246
-2.090279
-2.090313
-2.090347
-2.090380
-2.090414
-2.090448
-2.090481
-2.090515
-2.090549
-2.090582
-2.090616
-2.090649
-2.090683
-2.090717
-2.090717
-2.090750
-2.090784
-2.090817
-2.090851
-2.090884
-2.090918
-2.090951
-2.090985
-2.091018
-2.091052
-2.091085
-2.091119
-2.091152
-2.091186
-2.091219
-2.091253
-2.091286
-2.091320
-2.091353
-2.091387
-2.091420
-2.091453
-2.091487
-2.091520
-2.091554
-2.091587
-2.091620
-2.091654
-2.091687
-2.091720
-2.091754
-2.091787
-2.091820
-2.091854
-2.091887
-2.091920
-2.091954
-2.091987
-2.092020
-2.092053
-2.092087
-2.092120
-2.092153
-2.092186
-2.092220
-2.092253
-2.092286
-2.092319
-2.092353
-2.092386
-2.092419
-2.092452
-2.092485
-2.092519
-2.092552
-2.092585
-2.092618
-2.092651
-2.092684
-2.092717
-2.092751
-2.092784
-2.092817
-2.092850
-2.092883
-2.092916
-2.092949
-2.092982
-2.093015
-2.093048
-2.093081
-2.093114
-2.093148
-2.093181
-2.093214
-2.093247
-2.093280
-2.093313
-2.093346
-2.093379
-2.093412
-2.093445
-2.093478
-2.093511
-2.093544
-2.093576
-2.093609
-2.093642
-2.093675
-2.093708
-2.093741
-2.093774
-2.093807
-2.093840
-2.093873
-2.093906
-2.093939
-2.093971
-2.094004
-2.094037
-2.094070
-2.094103
-2.094136
-2.094169
-2.094201
-2.094234
-2.094267
-2.094300
-2.094333
-2.094366
-2.094398
-2.094431
-2.094464
-2.094497
-2.094529
-2.094562
-2.094595
-2.094628
-2.094661
-2.094693
-2.094726
-2.094759
-2.094791
-2.094824
-2.094857
-2.094890
-2.094922
-2.094955
-2.094988
-2.095020
-2.095053
-2.095086
-2.095118
-2.095151
-2.095184
-2.095216
-2.095249
-2.095282
-2.095314
-2.095347
-2.095380
-2.095412
-2.095445
-2.095478
-2.095510
-2.095543
-2.095575
-2.095608
-2.095640
-2.095673
-2.095706
-2.095738
-2.095771
-2.095803
-2.095836
-2.095868
-2.095901
-2.095934
-2.095966
-2.095999
-2.096031
-2.096064
-2.096096
-2.096129
-2.096161
-2.096194
-2.096226
-2.096259
-2.096291
-2.096324
-2.096356
-2.096389
-2.096421
-2.096453
-2.096486
-2.096518
-2.096551
-2.096583
-2.096616
-2.096648
-2.096681
-2.096713
-2.096745
-2.096778
-2.096810
-2.096843
-2.096875
-2.096907
-2.096940
-2.096972
-2.097004
-2.097037
-2.097069
-2.097102
-2.097134
-2.097166
-2.097199
-2.097231
-2.097263
-2.097296
-2.097328
-2.097360
-2.097393
-2.097425
-2.097457
-2.097490
-2.097522
-2.097554
-2.097586
-2.097619
-2.097651
-2.097683
-2.097716
-2.097748
-2.097780
-2.097812
-2.097845
-2.097877
-2.097909
-2.097941
-2.097974
-2.098006
-2.098038
-2.098070
-2.098102
-2.098135
-2.098167
-2.098199
-2.098231
-2.098264
-2.098296
-2.098328
-2.098360
-2.098392
-2.098424
-2.098457
-2.098489
-2.098521
-2.098553
-2.098585
-2.098617
-2.098650
-2.098682
-2.098714
-2.098746
-2.098778
-2.098810
-2.098842
-2.098875
-2.098907
-2.098939
-2.098971
-2.099003
-2.099035
-2.099067
-2.099099
-2.099131
-2.099163
-2.099195
-2.099228
-2.099260
-2.099292
-2.099324
-2.099356
-2.099388
-2.099420
-2.099452
-2.099484
-2.099516
-2.099548
-2.099580
-2.099612
-2.099644
-2.099676
-2.099708
-2.099740
-2.099772
-2.099804
-2.099836
-2.099868
-2.099900
-2.099932
-2.099964
-2.099996
-2.100028
-2.100060
-2.100092
-2.100124
-2.100156
-2.100188
-2.100220
-2.100252
-2.100284
-2.100316
-2.100348
-2.100380
-2.100412
-2.100444
-2.100475
-2.100507
-2.100539
-2.100571
-2.100603
-2.100635
-2.100667
-2.100699
-2.100731
-2.100763
-2.100795
-2.100826
-2.100858
-2.100890
-2.100922
-2.100954
-2.100986
-2.101018
-2.101050
-2.101081
-2.101113
-2.101145
-2.101177
-2.101209
-2.101241
-2.101273
-2.101304
-2.101336
-2.101368
-2.101400
-2.101432
-2.101464
-2.101495
-2.101527
-2.101559
-2.101591
-2.101623
-2.101654
-2.101686
-2.101718
-2.101750
-2.101782
-2.101813
-2.101845
-2.101877
-2.101909
-2.101940
-2.101972
-2.102004
-2.102036
-2.102068
-2.102099
-2.102131
-2.102163
-2.102195
-2.102226
-2.102258
-2.102290
-2.102321
-2.102353
-2.102385
-2.102417
-2.102448
-2.102480
-2.102512
-2.102544
-2.102575
-2.102607
-2.102639
-2.102670
-2.102702
-2.102734
-2.102766
-2.102797
-2.102829
-2.102861
-2.102892
-2.102924
-2.102956
-2.102987
-2.103019
-2.103051
-2.103082
-2.103114
-2.103146
-2.103177
-2.103209
-2.103241
-2.103272
-2.103304
-2.103336
-2.103367
-2.103399
-2.103431
-2.103462
-2.103494
-2.103525
-2.103557
-2.103589
-2.103620
-2.103652
-2.103684
-2.103715
-2.103747
-2.103778
-2.103810
-2.103842
-2.103873
-2.103905
-2.103937
-2.103968
-2.104000
-2.104031
-2.104063
-2.104095
-2.104126
-2.104158
-2.104189
-2.104221
-2.104252
-2.104284
-2.104316
-2.104347
-2.104379
-2.104410
-2.104442
-2.104473
-2.104505
-2.104537
-2.104568
-2.104600
-2.104631
-2.104663
-2.104694
-2.104726
-2.104758
-2.104789
-2.104821
-2.104852
-2.104884
-2.104915
-2.104947
-2.104978
-2.105010
-2.105041
-2.105073
-2.105104
-2.105136
-2.105168
-2.105199
-2.105231
-2.105262
-2.105294
-2.105325
-2.105357
-2.105388
-2.105420
-2.105451
-2.105483
-2.105514
-2.105546
-2.105577
-2.105609
-2.105640
-2.105672
-2.105703
-2.105735
-2.105766
-2.105798
-2.105829
-2.105861
-2.105892
-2.105924
-2.105955
-2.105987
-2.106018
-2.106050
-2.106081
-2.106113
-2.106144
-2.106176
-2.106207
-2.106239
-2.106270
-2.106302
-2.106333
-2.106365
-2.106396
-2.106428
-2.106459
-2.106491
-2.106522
-2.106554
-2.106585
-2.106617
-2.106648
-2.106680
-2.106711
-2.106743
-2.106774
-2.106805
-2.106805
-2.106837
-2.106868
-2.106900
-2.106931
-2.106963
-2.106994
-2.107026
-2.107057
-2.107089
-2.107120
-2.107152
-2.107183
-2.107215
-2.107246
-2.107278
-2.107309
-2.107341
-2.107372
-2.107403
-2.107435
-2.107466
-2.107498
-2.107529
-2.107561
-2.107592
-2.107624
-2.107655
-2.107687
-2.107718
-2.107750
-2.107781
-2.107813
-2.107844
-2.107876
-2.107907
-2.107938
-2.107970
-2.108001
-2.108033
-2.108064
-2.108096
-2.108127
-2.108159
-2.108190
-2.108222
-2.108253
-2.108285
-2.108316
-2.108348
-2.108379
-2.108411
-2.108442
-2.108473
-2.108505
-2.108536
-2.108568
-2.108599
-2.108631
-2.108662
-2.108694
-2.108725
-2.108757
-2.108788
-2.108820
-2.108851
-2.108883
-2.108914
-2.108946
-2.108977
-2.109009
-2.109040
-2.109072
-2.109103
-2.109135
-2.109166
-2.109198
-2.109229
-2.109261
-2.109292
-2.109324
-2.109355
-2.109387
-2.109418
-2.109450
-2.109481
-2.109513
-2.109544
-2.109576
-2.109607
-2.109639
-2.109670
-2.109702
-2.109733
-2.109765
-2.109796
-2.109828
-2.109859
-2.109891
-2.109922
-2.109954
-2.109985
-2.110017
-2.110049
-2.110080
-2.110112
-2.110143
-2.110175
-2.110206
-2.110238
-2.110269
-2.110301
-2.110332
-2.110364
-2.110395
-2.110427
-2.110459
-2.110490
-2.110522
-2.110553
-2.110585
-2.110616
-2.110648
-2.110679
-2.110711
-2.110743
-2.110774
-2.110806
-2.110837
-2.110869
-2.110900
-2.110932
-2.110964
-2.110995
-2.111027
-2.111058
-2.111090
-2.111122
-2.111153
-2.111185
-2.111216
-2.111248
-2.111280
-2.111311
-2.111343
-2.111374
-2.111406
-2.111438
-2.111469
-2.111501
-2.111532
-2.111564
-2.111596
-2.111627
-2.111659
-2.111691
-2.111722
-2.111754
-2.111785
-2.111817
-2.111849
-2.111880
-2.111912
-2.111944
-2.111975
-2.112007
-2.112039
-2.112070
-2.112102
-2.112134
-2.112165
-2.112197
-2.112229
-2.112260
-2.112292
-2.112324
-2.112355
-2.112387
-2.112419
-2.112450
-2.112482
-2.112514
-2.112545
-2.112577
-2.112609
-2.112640
-2.112672
-2.112704
-2.112736
-2.112767
-2.112799
-2.112831
-2.112862
-2.112894
-2.112926
-2.112957
-2.112989
-2.113021
-2.113053
-2.113084
-2.113116
-2.113148
-2.113179
-2.113211
-2.113243
-2.113275
-2.113306
-2.113338
-2.113370
-2.113402
-2.113433
-2.113465
-2.113497
-2.113529
-2.113560
-2.113592
-2.113624
-2.113656
-2.113687
-2.113719
-2.113751
-2.113783
-2.113814
-2.113846
-2.113878
-2.113910
-2.113941
-2.113973
-2.114005
-2.114037
-2.114068
-2.114100
-2.114132
-2.114164
-2.114195
-2.114227
-2.114259
-2.114291
-2.114323
-2.114354
-2.114386
-2.114418
-2.114450
-2.114481
-2.114513
-2.114545
-2.114577
-2.114608
-2.114640
-2.114672
-2.114704
-2.114736
-2.114767
-2.114799
-2.114831
-2.114863
-2.114894
-2.114926
-2.114958
-2.114990
-2.115021
-2.115053
-2.115085
-2.115117
-2.115148
-2.115180
-2.115212
-2.115244
-2.115275
-2.115307
-2.115339
-2.115371
-2.115402
-2.115434
-2.115466
-2.115498
-2.115529
-2.115561
-2.115593
-2.115625
-2.115656
-2.115688
-2.115720
-2.115751
-2.115783
-2.115815
-2.115847
-2.115878
-2.115910
-2.115942
-2.115973
-2.116005
-2.116037
-2.116068
-2.116100
-2.116132
-2.116163
-2.116195
-2.116227
-2.116258
-2.116290
-2.116322
-2.116353
-2.116385
-2.116417
-2.116448
-2.116480
-2.116511
-2.116543
-2.116575
-2.116606
-2.116638
-2.116669
-2.116701
-2.116733
-2.116764
-2.116796
-2.116827
-2.116859
-2.116890
-2.116922
-2.116953
-2.116985
-2.117016
-2.117048
-2.117079
-2.117111
-2.117142
-2.117174
-2.117205
-2.117237
-2.117268
-2.117300
-2.117331
-2.117363
-2.117394
-2.117425
-2.117457
-2.117488
-2.117520
-2.117551
-2.117582
-2.117614
-2.117645
-2.117677
-2.117708
-2.117739
-2.117771
-2.117802
-2.117833
-2.117865
-2.117896
-2.117927
-2.117959
-2.117990
-2.118021
-2.118053
-2.118084
-2.118115
-2.118146
-2.118178
-2.118209
-2.118240
-2.118271
-2.118303
-2.118334
-2.118365
-2.118396
-2.118427
-2.118459
-2.118490
-2.118521
-2.118552
-2.118583
-2.118615
-2.118646
-2.118677
-2.118708
-2.118739
-2.118771
-2.118802
-2.118833
-2.118864
-2.118895
-2.118926
-2.118957
-2.118989
-2.119020
-2.119051
-2.119082
-2.119113
-2.119144
-2.119175
-2.119206
-2.119237
-2.119269
-2.119300
-2.119331
-2.119362
-2.119393
-2.119424
-2.119455
-2.119486
-2.119517
-2.119548
-2.119580
-2.119611
-2.119642
-2.119673
-2.119704
-2.119735
-2.119766
-2.119797
-2.119828
-2.119859
-2.119891
-2.119922
-2.119953
-2.119984
-2.120015
-2.120046
-2.120077
-2.120108
-2.120139
-2.120170
-2.120201
-2.120233
-2.120264
-2.120295
-2.120326
-2.120357
-2.120388
-2.120419
-2.120450
-2.120481
-2.120513
-2.120544
-2.120575
-2.120606
-2.120637
-2.120668
-2.120699
-2.120731
-2.120762
-2.120793
-2.120824
-2.120855
-2.120886
-2.120917
-2.120949
-2.120980
-2.121011
-2.121042
-2.121073
-2.121104
-2.121136
-2.121167
-2.121198
-2.121229
-2.121260
-2.121291
-2.121323
-2.121354
-2.121385
-2.121416
-2.121447
-2.121479
-2.121510
-2.121541
-2.121572
-2.121604
-2.121635
-2.121666
-2.121697
-2.121728
-2.121760
-2.121791
-2.121822
-2.121853
-2.121885
-2.121916
-2.121947
-2.121978
-2.122010
-2.122041
-2.122072
-2.122103
-2.122135
-2.122166
-2.122197
-2.122228
-2.122260
-2.122291
-2.122322
-2.122353
-2.122385
-2.122416
-2.122447
-2.122479
-2.122510
-2.122510
-2.122541
-2.122572
-2.122604
-2.122635
-2.122666
-2.122697
-2.122729
-2.122760
-2.122791
-2.122823
-2.122854
-2.122885
-2.122916
-2.122948
-2.122979
-2.123010
-2.123041
-2.123073
-2.123104
-2.123135
-2.123166
-2.123198
-2.123229
-2.123260
-2.123291
-2.123323
-2.123354
-2.123385
-2.123417
-2.123448
-2.123479
-2.123510
-2.123541
-2.123573
-2.123604
-2.123635
-2.123666
-2.123698
-2.123729
-2.123760
-2.123791
-2.123823
-2.123854
-2.123885
-2.123916
-2.123948
-2.123979
-2.124010
-2.124041
-2.124073
-2.124104
-2.124135
-2.124166
-2.124198
-2.124229
-2.124260
-2.124291
-2.124323
-2.124354
-2.124385
-2.124417
-2.124448
-2.124480
-2.124511
-2.124543
-2.124574
-2.124606
-2.124638
-2.124669
-2.124701
-2.124733
-2.124765
-2.124797
-2.124829
-2.124861
-2.124894
-2.124927
-2.124959
-2.124992
-2.125026
-2.125059
-2.125093
-2.125127
-2.125162
-2.125197
-2.125233
-2.125269
-2.125305
-2.125343
-2.125380
-2.125418
-2.125456
-2.125494
-2.125532
-2.125570
-2.125608
-2.125646
-2.125684
-2.125721
-2.125757
-2.125793
-2.125828
-2.125863
-2.125896
-2.125929
-2.125961
-2.125992
-2.126022
-2.126051
-2.126079
-2.126107
-2.126133
-2.126158
-2.126182
-2.126206
-2.126228
-2.126249
-2.126270
-2.126290
-2.126308
-2.126326
-2.126344
-2.126360
-2.126376
-2.126391
-2.126406
-2.126420
-2.126434
-2.126448
-2.126461
-2.126474
-2.126488
-2.126501
-2.126514
-2.126528
-2.126541
-2.126555
-2.126569
-2.126584
-2.126598
-2.126613
-2.126629
-2.126644
-2.126661
-2.126677
-2.126694
-2.126711
-2.126728
-2.126746
-2.126765
-2.126783
-2.126802
-2.126821
-2.126841
-2.126861
-2.126881
-2.126901
-2.126922
-2.126943
-2.126964
-2.126985
-2.127007
-2.127028
-2.127050
-2.127073
-2.127095
-2.127117
-2.127140
-2.127163
-2.127186
-2.127209
-2.127232
-2.127255
-2.127279
-2.127302
-2.127326
-2.127350
-2.127374
-2.127398
-2.127422
-2.127446
-2.127470
-2.127494
-2.127518
-2.127543
-2.127567
-2.127592
-2.127616
-2.127641
-2.127666
-2.127690
-2.127715
-2.127740
-2.127765
-2.127790
-2.127815
-2.127840
-2.127865
-2.127890
-2.127915
-2.127940
-2.127965
-2.127991
-2.128016
-2.128042
-2.128067
-2.128093
-2.128118
-2.128144
-2.128169
-2.128195
-2.128221
-2.128247
-2.128273
-2.128299
-2.128325
-2.128351
-2.128377
-2.128403
-2.128430
-2.128456
-2.128482
-2.128509
-2.128535
-2.128562
-2.128589
-2.128616
-2.128642
-2.128669
-2.128696
-2.128723
-2.128751
-2.128778
-2.128805
-2.128833
-2.128860
-2.128888
-2.128915
-2.128943
-2.128971
-2.128999
-2.129027
-2.129055
-2.129083
-2.129112
-2.129140
-2.129168
-2.129197
-2.129226
-2.129255
-2.129283
-2.129313
-2.129342
-2.129371
-2.129400
-2.129430
-2.129459
-2.129489
-2.129518
-2.129548
-2.129578
-2.129608
-2.129639
-2.129669
-2.129699
-2.129730
-2.129760
-2.129791
-2.129822
-2.129853
-2.129884
-2.129915
-2.129947
-2.129978
-2.130010
-2.130041
-2.130073
-2.130105
-2.130137
-2.130169
-2.130202
-2.130234
-2.130266
-2.130299
-2.130332
-2.130365
-2.130398
-2.130431
-2.130464
-2.130498
-2.130531
-2.130565
-2.130599
-2.130633
-2.130667
-2.130701
-2.130735
-2.130770
-2.130804
-2.130839
-2.130874
-2.130909
-2.130944
-2.130979
-2.131015
-2.131050
-2.131086
-2.131122
-2.131158
-2.131194
-2.131230
-2.131266
-2.131303
-2.131339
-2.131376
-2.131413
-2.131450
-2.131487
-2.131524
-2.131562
-2.131600
-2.131637
-2.131675
-2.131713
-2.131751
-2.131790
-2.131828
-2.131867
-2.131905
-2.131944
-2.131983
-2.132022
-2.132062
-2.132101
-2.132141
-2.132181
-2.132220
-2.132260
-2.132301
-2.132341
-2.132381
-2.132422
-2.132463
-2.132504
-2.132545
-2.132586
-2.132627
-2.132669
-2.132711
-2.132752
-2.132794
-2.132837
-2.132879
-2.132921
-2.132964
-2.133007
-2.133049
-2.133092
-2.133136
-2.133179
-2.133222
-2.133266
-2.133310
-2.133354
-2.133398
-2.133442
-2.133487
-2.133531
-2.133576
-2.133621
-2.133666
-2.133711
-2.133756
-2.133802
-2.133847
-2.133893
-2.133939
-2.133985
-2.134032
-2.134078
-2.134125
-2.134171
-2.134218
-2.134265
-2.134312
-2.134360
-2.134407
-2.134455
-2.134503
-2.134551
-2.134599
-2.134647
-2.134696
-2.134744
-2.134793
-2.134842
-2.134891
-2.134941
-2.134990
-2.135040
-2.135089
-2.135139
-2.135189
-2.135240
-2.135290
-2.135340
-2.135391
-2.135442
-2.135493
-2.135544
-2.135596
-2.135647
-2.135699
-2.135751
-2.135803
-2.135855
-2.135907
-2.135959
-2.136012
-2.136065
-2.136118
-2.136171
-2.136224
-2.136278
-2.136331
-2.136385
-2.136439
-2.136493
-2.136547
-2.136601
-2.136656
-2.136711
-2.136766
-2.136821
-2.136876
-2.136931
-2.136987
-2.137042
-2.137098
-2.137154
-2.137210
-2.137266
-2.137323
-2.137380
-2.137436
-2.137493
-2.137550
-2.137608
-2.137665
-2.137723
-2.137780
-2.137838
-2.137896
-2.137955
-2.138013
-2.138071
-2.138130
-2.138189
-2.138248
-2.138307
-2.138366
-2.138426
-2.138486
-2.138545
-2.138605
-2.138665
-2.138726
-2.138786
-2.138847
-2.138907
-2.138968
-2.139029
-2.139091
-2.139152
-2.139213
-2.139275
-2.139337
-2.139399
-2.139461
-2.139523
-2.139586
-2.139648
-2.139711
-2.139774
-2.139837
-2.139900
-2.139964
-2.140027
-2.140091
-2.140155
-2.140219
-2.140283
-2.140347
-2.140412
-2.140476
-2.140541
-2.140606
-2.140671
-2.140736
-2.140736
-2.140802
-2.140867
-2.140933
-2.140999
-2.141064
-2.141131
-2.141197
-2.141263
-2.141330
-2.141396
-2.141463
-2.141530
-2.141597
-2.141665
-2.141732
-2.141800
-2.141867
-2.141935
-2.142003
-2.142071
-2.142140
-2.142208
-2.142277
-2.142346
-2.142414
-2.142483
-2.142553
-2.142622
-2.142691
-2.142761
-2.142831
-2.142900
-2.142970
-2.143041
-2.143111
-2.143181
-2.143252
-2.143323
-2.143393
-2.143464
-2.143535
-2.143607
-2.143678
-2.143750
-2.143821
-2.143893
-2.143965
-2.144037
-2.144109
-2.144181
-2.144254
-2.144326
-2.144399
-2.144472
-2.144545
-2.144618
-2.144691
-2.144765
-2.144838
-2.144912
-2.144985
-2.145059
-2.145133
-2.145207
-2.145282
-2.145356
-2.145430
-2.145505
-2.145580
-2.145655
-2.145730
-2.145805
-2.145880
-2.145955
-2.146031
-2.146106
-2.146182
-2.146258
-2.146334
-2.146410
-2.146486
-2.146562
-2.146639
-2.146715
-2.146792
-2.146868
-2.146945
-2.147022
-2.147099
-2.147176
-2.147254
-2.147331
-2.147409
-2.147486
-2.147564
-2.147642
-2.147720
-2.147798
-2.147876
-2.147954
-2.148033
-2.148111
-2.148190
-2.148268
-2.148347
-2.148426
-2.148505
-2.148584
-2.148663
-2.148742
-2.148822
-2.148901
-2.148981
-2.149060
-2.149140
-2.149220
-2.149300
-2.149380
-2.149460
-2.149540
-2.149621
-2.149701
-2.149781
-2.149862
-2.149943
-2.150023
-2.150104
-2.150185
-2.150266
-2.150347
-2.150428
-2.150510
-2.150591
-2.150672
-2.150754
-2.150835
-2.150917
-2.150999
-2.151081
-2.151162
-2.151244
-2.151326
-2.151408
-2.151491
-2.151573
-2.151655
-2.151738
-2.151820
-2.151903
-2.151985
-2.152068
-2.152151
-2.152234
-2.152316
-2.152399
-2.152482
-2.152565
-2.152649
-2.152732
-2.152815
-2.152898
-2.152982
-2.153065
-2.153149
-2.153232
-2.153316
-2.153400
-2.153483
-2.153567
-2.153651
-2.153735
-2.153819
-2.153903
-2.153987
-2.154071
-2.154155
-2.154239
-2.154324
-2.154408
-2.154492
-2.154577
-2.154661
-2.154746
-2.154830
-2.154915
-2.154999
-2.155084
-2.155169
-2.155253
-2.155338
-2.155423
-2.155508
-2.155593
-2.155677
-2.155762
-2.155847
-2.155932
-2.156017
-2.156102
-2.156188
-2.156273
-2.156358
-2.156443
-2.156528
-2.156613
-2.156699
-2.156784
-2.156869
-2.156955
-2.157040
-2.157125
-2.157211
-2.157296
-2.157382
-2.157467
-2.157553
-2.157638
-2.157724
-2.157809
-2.157895
-2.157980
-2.158066
-2.158151
-2.158237
-2.158322
-2.158408
-2.158494
-2.158579
-2.158665
-2.158750
-2.158836
-2.158922
-2.159007
-2.159093
-2.159179
-2.159264
-2.159350
-2.159436
-2.159521
-2.159607
-2.159692
-2.159778
-2.159864
-2.159949
-2.160035
-2.160120
-2.160206
-2.160292
-2.160377
-2.160463
-2.160548
-2.160634
-2.160719
-2.160805
-2.160890
-2.160976
-2.161061
-2.161147
-2.161232
-2.161317
-2.161403
-2.161488
-2.161574
-2.161659
-2.161744
-2.161829
-2.161915
-2.162000
-2.162085
-2.162170
-2.162255
-2.162340
-2.162425
-2.162510
-2.162595
-2.162680
-2.162765
-2.162850
-2.162935
-2.163020
-2.163105
-2.163189
-2.163274
-2.163359
-2.163443
-2.163528
-2.163613
-2.163697
-2.163782
-2.163866
-2.163950
-2.164035
-2.164119
-2.164203
-2.164287
-2.164372
-2.164456
-2.164540
-2.164624
-2.164708
-2.164791
-2.164875
-2.164959
-2.165043
-2.165126
-2.165210
-2.165293
-2.165377
-2.165460
-2.165544
-2.165627
-2.165710
-2.165793
-2.165877
-2.165960
-2.166043
-2.166125
-2.166208
-2.166291
-2.166374
-2.166456
-2.166539
-2.166621
-2.166704
-2.166786
-2.166868
-2.166951
-2.167033
-2.167115
-2.167197
-2.167279
-2.167360
-2.167442
-2.167524
-2.167605
-2.167687
-2.167768
-2.167850
-2.167931
-2.168012
-2.168093
-2.168174
-2.168255
-2.168336
-2.168416
-2.168497
-2.168577
-2.168658
-2.168738
-2.168818
-2.168899
-2.168979
-2.169059
-2.169138
-2.169218
-2.169298
-2.169377
-2.169457
-2.169536
-2.169616
-2.169695
-2.169774
-2.169853
-2.169932
-2.170010
-2.170089
-2.170168
-2.170246
-2.170324
-2.170403
-2.170481
-2.170559
-2.170637
-2.170714
-2.170792
-2.170870
-2.170947
-2.171024
-2.171101
-2.171179
-2.171255
-2.171332
-2.171409
-2.171486
-2.171562
-2.171639
-2.171715
-2.171791
-2.171867
-2.171943
-2.172018
-2.172094
-2.172170
-2.172245
-2.172320
-2.172395
-2.172470
-2.172545
-2.172620
-2.172694
-2.172769
-2.172843
-2.172917
-2.172991
-2.173065
-2.173139
-2.173213
-2.173286
-2.173360
-2.173433
-2.173506
-2.173579
-2.173652
-2.173724
-2.173797
-2.173869
-2.173941
-2.174013
-2.174085
-2.174157
-2.174229
-2.174300
-2.174371
-2.174443
-2.174514
-2.174585
-2.174655
-2.174726
-2.174796
-2.174866
-2.174937
-2.175007
-2.175076
-2.175146
-2.175215
-2.175285
-2.175354
-2.175423
-2.175492
-2.175560
-2.175629
-2.175697
-2.175765
-2.175833
-2.175901
-2.175969
-2.176036
-2.176104
-2.176171
-2.176238
-2.176305
-2.176371
-2.176438
-2.176504
-2.176570
-2.176636
-2.176702
-2.176768
-2.176833
-2.176898
-2.176964
-2.177028
-2.177093
-2.177158
-2.177222
-2.177286
-2.177350
-2.177414
-2.177478
-2.177541
-2.177604
-2.177668
-2.177730
-2.177793
-2.177856
-2.177918
-2.177980
-2.178042
-2.178104
-2.178165
-2.178227
-2.178288
-2.178349
-2.178410
-2.178470
-2.178531
-2.178591
-2.178651
-2.178711
-2.178770
-2.178830
-2.178889
-2.178948
-2.179007
-2.179066
-2.179124
-2.179182
-2.179240
-2.179298
-2.179298
-2.179356
-2.179413
-2.179470
-2.179527
-2.179584
-2.179641
-2.179697
-2.179753
-2.179809
-2.179865
-2.179920
-2.179976
-2.180031
-2.180086
-2.180140
-2.180195
-2.180249
-2.180303
-2.180357
-2.180410
-2.180464
-2.180517
-2.180570
-2.180622
-2.180675
-2.180727
-2.180779
-2.180831
-2.180883
-2.180934
-2.180985
-2.181036
-2.181087
-2.181137
-2.181188
-2.181238
-2.181288
-2.181337
-2.181386
-2.181436
-2.181484
-2.181533
-2.181582
-2.181630
-2.181678
-2.181726
-2.181773
-2.181820
-2.181867
-2.181914
-2.181961
-2.182007
-2.182053
-2.182099
-2.182145
-2.182190
-2.182235
-2.182280
-2.182325
-2.182369
-2.182414
-2.182458
-2.182501
-2.182545
-2.182588
-2.182631
-2.182674
-2.182716
-2.182759
-2.182801
-2.182843
-2.182884
-2.182925
-2.182967
-2.183007
-2.183048
-2.183088
-2.183128
-2.183168
-2.183208
-2.183247
-2.183286
-2.183325
-2.183364
-2.183402
-2.183441
-2.183478
-2.183516
-2.183554
-2.183591
-2.183628
-2.183664
-2.183701
-2.183737
-2.183773
-2.183809
-2.183844
-2.183879
-2.183914
-2.183949
-2.183983
-2.184018
-2.184052
-2.184085
-2.184119
-2.184152
-2.184185
-2.184218
-2.184250
-2.184282
-2.184314
-2.184346
-2.184378
-2.184409
-2.184440
-2.184471
-2.184501
-2.184532
-2.184562
-2.184592
-2.184621
-2.184650
-2.184680
-2.184708
-2.184737
-2.184765
-2.184793
-2.184821
-2.184849
-2.184876
-2.184904
-2.184931
-2.184957
-2.184984
-2.185010
-2.185036
-2.185062
-2.185087
-2.185113
-2.185138
-2.185163
-2.185187
-2.185212
-2.185236
-2.185260
-2.185283
-2.185307
-2.185330
-2.185353
-2.185376
-2.185399
-2.185421
-2.185443
-2.185465
-2.185487
-2.185508
-2.185530
-2.185551
-2.185572
-2.185592
-2.185613
-2.185633
-2.185653
-2.185673
-2.185693
-2.185712
-2.185732
-2.185751
-2.185769
-2.185788
-2.185807
-2.185825
-2.185843
-2.185861
-2.185879
-2.185896
-2.185914
-2.185931
-2.185948
-2.185965
-2.185981
-2.185998
-2.186014
-2.186030
-2.186046
-2.186062
-2.186078
-2.186093
-2.186108
-2.186124
-2.186139
-2.186154
-2.186168
-2.186183
-2.186197
-2.186211
-2.186226
-2.186240
-2.186253
-2.186267
-2.186281
-2.186294
-2.186307
-2.186321
-2.186334
-2.186347
-2.186359
-2.186372
-2.186385
-2.186397
-2.186410
-2.186422
-2.186434
-2.186446
-2.186458
-2.186470
-2.186481
-2.186493
-2.186505
-2.186516
-2.186528
-2.186539
-2.186550
-2.186561
-2.186572
-2.186583
-2.186594
-2.186605
-2.186616
-2.186626
-2.186637
-2.186647
-2.186658
-2.186668
-2.186679
-2.186689
-2.186699
-2.186709
-2.186720
-2.186730
-2.186740
-2.186750
-2.186760
-2.186770
-2.186780
-2.186790
-2.186799
-2.186809
-2.186819
-2.186829
-2.186839
-2.186848
-2.186858
-2.186868
-2.186877
-2.186887
-2.186897
-2.186906
-2.186916
-2.186926
-2.186935
-2.186945
-2.186954
-2.186964
-2.186974
-2.186983
-2.186993
-2.187003
-2.187012
-2.187022
-2.187032
-2.187041
-2.187051
-2.187061
-2.187070
-2.187080
-2.187090
-2.187100
-2.187110
-2.187119
-2.187129
-2.187139
-2.187149
-2.187159
-2.187169
-2.187179
-2.187189
-2.187199
-2.187210
-2.187220
-2.187230
-2.187240
-2.187251
-2.187261
-2.187272
-2.187282
-2.187293
-2.187303
-2.187314
-2.187325
-2.187335
-2.187346
-2.187357
-2.187368
-2.187379
-2.187390
-2.187401
-2.187413
-2.187424
-2.187435
-2.187447
-2.187458
-2.187470
-2.187481
-2.187493
-2.187505
-2.187517
-2.187529
-2.187541
-2.187553
-2.187565
-2.187577
-2.187590
-2.187602
-2.187615
-2.187627
-2.187640
-2.187653
-2.187666
-2.187679
-2.187692
-2.187705
-2.187718
-2.187731
-2.187745
-2.187758
-2.187772
-2.187786
-2.187800
-2.187814
-2.187828
-2.187842
-2.187856
-2.187871
-2.187885
-2.187900
-2.187915
-2.187929
-2.187944
-2.187959
-2.187975
-2.187990
-2.188005
-2.188021
-2.188036
-2.188052
-2.188068
-2.188084
-2.188100
-2.188116
-2.188133
-2.188149
-2.188166
-2.188183
-2.188199
-2.188216
-2.188234
-2.188251
-2.188268
-2.188286
-2.188303
-2.188321
-2.188339
-2.188357
-2.188375
-2.188393
-2.188412
-2.188430
-2.188449
-2.188468
-2.188486
-2.188506
-2.188525
-2.188544
-2.188564
-2.188583
-2.188603
-2.188623
-2.188643
-2.188663
-2.188683
-2.188704
-2.188724
-2.188745
-2.188766
-2.188787
-2.188808
-2.188829
-2.188850
-2.188872
-2.188893
-2.188915
-2.188937
-2.188959
-2.188981
-2.189004
-2.189026
-2.189049
-2.189072
-2.189095
-2.189118
-2.189141
-2.189164
-2.189188
-2.189211
-2.189235
-2.189259
-2.189283
-2.189307
-2.189331
-2.189356
-2.189380
-2.189405
-2.189430
-2.189455
-2.189480
-2.189506
-2.189531
-2.189557
-2.189582
-2.189608
-2.189634
-2.189660
-2.189686
-2.189713
-2.189739
-2.189766
-2.189793
-2.189820
-2.189847
-2.189874
-2.189902
-2.189929
-2.189957
-2.189985
-2.190012
-2.190040
-2.190069
-2.190097
-2.190125
-2.190154
-2.190183
-2.190212
-2.190241
-2.190270
-2.190299
-2.190328
-2.190358
-2.190387
-2.190417
-2.190447
-2.190477
-2.190507
-2.190538
-2.190568
-2.190599
-2.190629
-2.190660
-2.190691
-2.190722
-2.190753
-2.190785
-2.190816
-2.190848
-2.190880
-2.190911
-2.190943
-2.190976
-2.191008
-2.191040
-2.191073
-2.191105
-2.191138
-2.191171
-2.191204
-2.191237
-2.191270
-2.191303
-2.191337
-2.191370
-2.191404
-2.191438
-2.191472
-2.191506
-2.191540
-2.191574
-2.191609
-2.191643
-2.191678
-2.191678
-2.191713
-2.191747
-2.191782
-2.191817
-2.191853
-2.191888
-2.191923
-2.191959
-2.191995
-2.192030
-2.192066
-2.192102
-2.192139
-2.192175
-2.192211
-2.192248
-2.192284
-2.192321
-2.192358
-2.192394
-2.192431
-2.192469
-2.192506
-2.192543
-2.192581
-2.192618
-2.192656
-2.192694
-2.192731
-2.192769
-2.192807
-2.192846
-2.192884
-2.192922
-2.192961
-2.192999
-2.193038
-2.193077
-2.193116
-2.193155
-2.193194
-2.193233
-2.193272
-2.193312
-2.193351
-2.193391
-2.193430
-2.193470
-2.193510
-2.193550
-2.193590
-2.193630
-2.193671
-2.193711
-2.193752
-2.193792
-2.193833
-2.193874
-2.193914
-2.193955
-2.193996
-2.194038
-2.194078
-2.194120
-2.194161
-2.194204
-2.194243
-2.194289
-2.194324
-2.194377
-2.194400
-2.194475
-2.194460
-2.194602
-2.194476
-2.194823
-2.194391
-2.195274
-2.194435
-2.195243
-2.194526
-2.195448
-2.194683
-2.195325
-2.194753
-2.195568
-2.194850
-2.195524
-2.194919
-2.195684
-2.195000
-2.195686
-2.195062
-2.195800
-2.195134
-2.195835
-2.195201
-2.195921
-2.195270
-2.195970
-2.195336
-2.196043
-2.195402
-2.196100
-2.195468
-2.196165
-2.195532
-2.196225
-2.195597
-2.196288
-2.195660
-2.196349
-2.195724
-2.196411
-2.195787
-2.196472
-2.195850
-2.196533
-2.195912
-2.196594
-2.195975
-2.196656
-2.196038
-2.196718
-2.196100
-2.196779
-2.196163
-2.196841
-2.196226
-2.196904
-2.196288
-2.196966
-2.196351
-2.197029
-2.196414
-2.197091
-2.196477
-2.197154
-2.196540
-2.197218
-2.196603
-2.197281
-2.196666
-2.197345
-2.196729
-2.197409
-2.196793
-2.197473
-2.196856
-2.197537
-2.196920
-2.197602
-2.196984
-2.197667
-2.197048
-2.197732
-2.197112
-2.197798
-2.197177
-2.197864
-2.197241
-2.197930
-2.197306
-2.197997
-2.197372
-2.198064
-2.197437
-2.198131
-2.197503
-2.198198
-2.197569
-2.198266
-2.197635
-2.198334
-2.197702
-2.198402
-2.197769
-2.198470
-2.197836
-2.198539
-2.197903
-2.198608
-2.197970
-2.198677
-2.198038
-2.198746
-2.198105
-2.198815
-2.198173
-2.198885
-2.198241
-2.198954
-2.198309
-2.199024
-2.198378
-2.199094
-2.198446
-2.199164
-2.198515
-2.199234
-2.198583
-2.199304
-2.198652
-2.199374
-2.198721
-2.199445
-2.198790
-2.199515
-2.198859
-2.199586
-2.198928
-2.199656
-2.198997
-2.199727
-2.199066
-2.199798
-2.199135
-2.199868
-2.199205
-2.199939
-2.199274
-2.200010
-2.199344
-2.200081
-2.199413
-2.200152
-2.199483
-2.200223
-2.199552
-2.200294
-2.199622
-2.200365
-2.199692
-2.200436
-2.199762
-2.200507
-2.199832
-2.200578
-2.199902
-2.200649
-2.199972
-2.200721
-2.200042
-2.200792
-2.200112
-2.200863
-2.200182
-2.200934
-2.200252
-2.201006
-2.200322
-2.201077
-2.200393
-2.201149
-2.200463
-2.201220
-2.200534
-2.201292
-2.200604
-2.201363
-2.200675
-2.201435
-2.200745
-2.201507
-2.200816
-2.201578
-2.200887
-2.201650
-2.200958
-2.201722
-2.201029
-2.201794
-2.201100
-2.201866
-2.201171
-2.201938
-2.201242
-2.202010
-2.201313
-2.202082
-2.201384
-2.202154
-2.201455
-2.202226
-2.201526
-2.202298
-2.201598
-2.202370
-2.201669
-2.202442
-2.201740
-2.202515
-2.201812
-2.202587
-2.201884
-2.202659
-2.201955
-2.202732
-2.202027
-2.202804
-2.202098
-2.202877
-2.202170
-2.202949
-2.202242
-2.203022
-2.202314
-2.203095
-2.202386
-2.203168
-2.202458
-2.203240
-2.202530
-2.203314
-2.202602
-2.203385
-2.202674
-2.203461
-2.202747
-2.203529
-2.202818
-2.203611
-2.202894
-2.203668
-2.202959
-2.203770
-2.203045
-2.203789
-2.203095
-2.203960
-2.203215
-2.203841
-2.203225
-2.204207
-2.203433
-2.203743
-2.203513
-2.204069
-2.203400
-2.204528
-2.203723
-2.203682
-2.204217
-2.203637
-2.204654
-2.203854
-2.204037
-2.204048
-2.204196
-2.204017
-2.204463
-2.203799
-2.205273
-2.204381
-2.203847
-2.205555
-2.204713
-2.204212
-2.205303
-2.204646
-2.204633
-2.204881
-2.204602
-2.205058
-2.204474
-2.205451
-2.204648
-2.204928
-2.204744
-2.205232
-2.204587
-2.205832
-2.205009
-2.204708
-2.205903
-2.205145
-2.205051
-2.205574
-2.204985
-2.205950
-2.205165
-2.205496
-2.205234
-2.205874
-2.205133
-2.206263
-2.205456
-2.205424
-2.205957
-2.205363
-2.206461
-2.205658
-2.205616
-2.206141
-2.205548
-2.206688
-2.205888
-2.205751
-2.206494
-2.205767
-2.206726
-2.205943
-2.206367
-2.205943
-2.206917
-2.206111
-2.206445
-2.206151
-2.206923
-2.206115
-2.207108
-2.206303
-2.206753
-2.206313
-2.207367
-2.206557
-2.206652
-2.206846
-2.206646
-2.207198
-2.206439
-2.208013
-2.207073
-2.206487
-2.208321
-2.207427
-2.206917
-2.207976
-2.207340
-2.207333
-2.207540
-2.207288
-2.207717
-2.207129
-2.208208
-2.207394
-2.207374
-2.207831
-2.207268
-2.208432
-2.207615
-2.207404
-2.208392
-2.207616
-2.208017
-2.207608
-2.208528
-2.207713
-2.208189
-2.207681
-2.208885
-2.208082
-2.207816
-2.208900
-2.208127
-2.208218
-2.208384
-2.208200
-2.208663
-2.207977
-2.209543
-2.208599
-2.208003
-2.209847
-2.208940
-2.208426
-2.209503
-2.208864
-2.208835
-2.209083
-2.208779
-2.209297
-2.208634
-2.209747
-2.208940
-2.208849
-2.209474
-2.208777
-2.209939
-2.209137
-2.208962
-2.209829
-2.209067
-2.209770
-2.209054
-2.210141
-2.209352
-2.209400
-2.209706
-2.209327
-2.210228
-2.209386
-2.209944
-2.209315
-2.210791
-2.209937
-2.209382
-2.211060
-2.210219
-2.210219
-2.209705
-2.210869
-2.210205
-2.210056
-2.210539
-2.210000
-2.210797
-2.210035
-2.210707
-2.210005
-2.211114
-2.210321
-2.210296
-2.210744
-2.210181
-2.211399
-2.210589
-2.210252
-2.211554
-2.210786
-2.210455
-2.211557
-2.210809
-2.210759
-2.211198
-2.210655
-2.211758
-2.210955
-2.210849
-2.211533
-2.210794
-2.211985
-2.211188
-2.210951
-2.211990
-2.211213
-2.211432
-2.211321
-2.211680
-2.211116
-2.212553
-2.211667
-2.211079
-2.213013
-2.211991
-2.211464
-2.212729
-2.212075
-2.211824
-2.212452
-2.211843
-2.212503
-2.211815
-2.212716
-2.211932
-2.212437
-2.211870
-2.213079
-2.212272
-2.211967
-2.213166
-2.212394
-2.212221
-2.213002
-2.212247
-2.213099
-2.212316
-2.213112
-2.212349
-2.213377
-2.212584
-2.212865
-2.212647
-2.213290
-2.212489
-2.213978
-2.213097
-2.212526
-2.214351
-2.213421
-2.212896
-2.214086
-2.213427
-2.213248
-2.213786
-2.213205
-2.214021
-2.213253
-2.213906
-2.213201
-2.214402
-2.213604
-2.213351
-2.214394
-2.213610
-2.213800
-2.213741
-2.213997
-2.213578
-2.214742
-2.213896
-2.213625
-2.214941
-2.214139
-2.213761
-2.215159
-2.214372
-2.213893
-2.215347
-2.214587
-2.214112
-2.215319
-2.214610
-2.214365
-2.215130
-2.214414
-2.215107
-2.214383
-2.215449
-2.214653
-2.214739
-2.214929
-2.214696
-2.215337
-2.214479
-2.216178
-2.215118
-2.214530
-2.216531
-2.215520
-2.215012
-2.216119
-2.215484
-2.215412
-2.215733
-2.215330
-2.216051
-2.215264
-2.216222
-2.215405
-2.215885
-2.215343
-2.216662
-2.215832
-2.215347
-2.217039
-2.216129
-2.215587
-2.217003
-2.216290
-2.215880
-2.216839
-2.216141
-2.216322
-2.216222
-2.216480
-2.216062
-2.217086
-2.216226
-2.216363
-2.216473
-2.216428
-2.216663
-2.216208
-2.217705
-2.216708
-2.216067
-2.218492
-2.217354
-2.216736
-2.217624
-2.217169
-2.217377
-2.217168
-2.217454
-2.217020
-2.217947
-2.217115
-2.217572
-2.217032
-2.218385
-2.217530
-2.216994
-2.218852
-2.217812
-2.217284
-2.218748
-2.218040
-2.217624
-2.218530
-2.217844
-2.218118
-2.217859
-2.218422
-2.217691
-2.219043
-2.218199
-2.217687
-2.219390
-2.218478
-2.217930
-2.219320
-2.218602
-2.218221
-2.219176
-2.218468
-2.218698
-2.218514
-2.218947
-2.218311
-2.219733
-2.218848
-2.218263
-2.220139
-2.219119
-2.218591
-2.219935
-2.219244
-2.218928
-2.219724
-2.219041
-2.219572
-2.218979
-2.220049
-2.219239
-2.219259
-2.219591
-2.219138
-2.220316
-2.219467
-2.219192
-2.220475
-2.219666
-2.219373
-2.220583
-2.219795
-2.219578
-2.220537
-2.219740
-2.220234
-2.219671
-2.221054
-2.220205
-2.219663
-2.221481
-2.220473
-2.219939
-2.221380
-2.220663
-2.220251
-2.221220
-2.220513
-2.220711
-2.220588
-2.220914
-2.220396
-2.221687
-2.220823
-2.220320
-2.222173
-2.221092
-2.220549
-2.222162
-2.221380
-2.220895
-2.221957
-2.221267
-2.221298
-2.221483
-2.221244
-2.221785
-2.221016
-2.222641
-2.221611
-2.221000
-2.222981
-2.221915
-2.221410
-2.222680
-2.221998
-2.221772
-2.222422
-2.221774
-2.222587
-2.221808
-2.222598
-2.221806
-2.222876
-2.222051
-2.222281
-2.222168
-2.222619
-2.221930
-2.223755
-2.222498
-2.221922
-2.224087
-2.222942
-2.222463
-2.223641
-2.222990
-2.222871
-2.223295
-2.222801
-2.223673
-2.222859
-2.223479
-2.222765
-2.224213
-2.223335
-2.222776
-2.224569
-2.223582
-2.223055
-2.224465
-2.223741
-2.223369
-2.224310
-2.223587
-2.223900
-2.223589
-2.224321
-2.223494
-2.224691
-2.223856
-2.223687
-2.224622
-2.223787
-2.224552
-2.223746
-2.225160
-2.224310
-2.223822
-2.225536
-2.224600
-2.224060
-2.225524
-2.224772
-2.224340
-2.225437
-2.224710
-2.224714
-2.224994
-2.224624
-2.225508
-2.224630
-2.225413
-2.224576
-2.226056
-2.225172
-2.224635
-2.226467
-2.225433
-2.224910
-2.226407
-2.225661
-2.225230
-2.226263
-2.225541
-2.225662
-2.225691
-2.225735
-2.225708
-2.225834
-2.225601
-2.226389
-2.225400
-2.227158
-2.225969
-2.225441
-2.227661
-2.226408
-2.225893
-2.227392
-2.226693
-2.226308
-2.227145
-2.226469
-2.226921
-2.226409
-2.227443
-2.226605
-2.226788
-2.226745
-2.227024
-2.226555
-2.227994
-2.227026
-2.226401
-2.228745
-2.227436
-2.226803
-2.228386
-2.227698
-2.227320
-2.228058
-2.227424
-2.227988
-2.227371
-2.228445
-2.227618
-2.227710
-2.227864
-2.227701
-2.228221
-2.227396
-2.229538
-2.228107
-2.227385
-2.229731
-2.228573
-2.228137
-2.229098
-2.228487
-2.228668
-2.228571
-2.228813
-2.228467
-2.229267
-2.228374
-2.229496
-2.228622
-2.228820
-2.228833
-2.229048
-2.228716
-2.229834
-2.228919
-2.228943
-2.229516
-2.228754
-2.230869
-2.229454
-2.228750
-2.231199
-2.229984
-2.229500
-2.230551
-2.229961
-2.230025
-2.230084
-2.230042
-2.230169
-2.229975
-2.230501
-2.229676
-2.231670
-2.230206
-2.229673
-2.231921
-2.230682
-2.230242
-2.231501
-2.230814
-2.230657
-2.231191
-2.230613
-2.231562
-2.230730
-2.231231
-2.230642
-2.232061
-2.231165
-2.230638
-2.232443
-2.231396
-2.230881
-2.232428
-2.231635
-2.231191
-2.232315
-2.231568
-2.231608
-2.231834
-2.231568
-2.232238
-2.231383
-2.232977
-2.231961
-2.231387
-2.233355
-2.232220
-2.231744
-2.233176
-2.232428
-2.232085
-2.233029
-2.232287
-2.232718
-2.232249
-2.233301
-2.232440
-2.232678
-2.232542
-2.233091
-2.232299
-2.234257
-2.232820
-2.232340
-2.232340
-2.234459
-2.233290
-2.232866
-2.234115
-2.233404
-2.233257
-2.233825
-2.233212
-2.234262
-2.233423
-2.233661
-2.233513
-2.234055
-2.233273
-2.235173
-2.233782
-2.233315
-2.235371
-2.234227
-2.233795
-2.235088
-2.234361
-2.234158
-2.234857
-2.234164
-2.235140
-2.234309
-2.234840
-2.234225
-2.235695
-2.234775
-2.234226
-2.236082
-2.234988
-2.234499
-2.236026
-2.235235
-2.234812
-2.235928
-2.235167
-2.235256
-2.235399
-2.235278
-2.235649
-2.235038
-2.236726
-2.235534
-2.234973
-2.237150
-2.235819
-2.235407
-2.236880
-2.236131
-2.235784
-2.236717
-2.235977
-2.236453
-2.235934
-2.237068
-2.236207
-2.236225
-2.236621
-2.236094
-2.237549
-2.236594
-2.236021
-2.238105
-2.236765
-2.236364
-2.237941
-2.237149
-2.236727
-2.237812
-2.237057
-2.237213
-2.237226
-2.237357
-2.237196
-2.237694
-2.236885
-2.239014
-2.237444
-2.236861
-2.239261
-2.237936
-2.237528
-2.238745
-2.238060
-2.238015
-2.238358
-2.237976
-2.238766
-2.237919
-2.239015
-2.238136
-2.238452
-2.238202
-2.239066
-2.238139
-2.239447
-2.238560
-2.238342
-2.239565
-2.238709
-2.238759
-2.239127
-2.238633
-2.240117
-2.239143
-2.238583
-2.240720
-2.239335
-2.238941
-2.240552
-2.239746
-2.239315
-2.240432
-2.239674
-2.239779
-2.239893
-2.239832
-2.240074
-2.239658
-2.240922
-2.239987
-2.239639
-2.241328
-2.240275
-2.239752
-2.241699
-2.240512
-2.240077
-2.241617
-2.240817
-2.240407
-2.241530
-2.240751
-2.240861
-2.240965
-2.240924
-2.241134
-2.240781
-2.241902
-2.240950
-2.241097
-2.241286
-2.241148
-2.241804
-2.240814
-2.243372
-2.242473
-2.241229
-2.241993
-2.242075
-2.242167
-2.242051
-2.242177
-2.241980
-2.242557
-2.241806
-2.243538
-2.242374
-2.241805
-2.243801
-2.242588
-2.242168
-2.243661
-2.242872
-2.242518
-2.243540
-2.242756
-2.243152
-2.242732
-2.243782
-2.242883
-2.243298
-2.242833
-2.244246
-2.243313
-2.242838
-2.244708
-2.243526
-2.243074
-2.244772
-2.243865
-2.243385
-2.244730
-2.243940
-2.243701
-2.244568
-2.243771
-2.244655
-2.243803
-2.244884
-2.244003
-2.244529
-2.243935
-2.245535
-2.244508
-2.243943
-2.245959
-2.244703
-2.244311
-2.245788
-2.244994
-2.244650
-2.245684
-2.244882
-2.245287
-2.244863
-2.245966
-2.245065
-2.245320
-2.245162
-2.245833
-2.244922
-2.247018
-2.245430
-2.245051
-2.247095
-2.245972
-2.245568
-2.246850
-2.246082
-2.245948
-2.246579
-2.245890
-2.247157
-2.246282
-2.246072
-2.247084
-2.246195
-2.246966
-2.246119
-2.247826
-2.246721
-2.246217
-2.248127
-2.247011
-2.246563
-2.248034
-2.247225
-2.246867
-2.247973
-2.247163
-2.247420
-2.247247
-2.247822
-2.247016
-2.248891
-2.247502
-2.247121
-2.248980
-2.247946
-2.247483
-2.248932
-2.248115
-2.247761
-2.248902
-2.248086
-2.248293
-2.248222
-2.248565
-2.248016
-2.249606
-2.248503
-2.247939
-2.250159
-2.248687
-2.248373
-2.249869
-2.249074
-2.248763
-2.249752
-2.248947
-2.249509
-2.248876
-2.250325
-2.249399
-2.248917
-2.250645
-2.249619
-2.249116
-2.250764
-2.249857
-2.249383
-2.250778
-2.249959
-2.249683
-2.250670
-2.249833
-2.250500
-2.249746
-2.251340
-2.250334
-2.249802
-2.251659
-2.250562
-2.250096
-2.251622
-2.250783
-2.250393
-2.251589
-2.250769
-2.250851
-2.251050
-2.250850
-2.251472
-2.250576
-2.252684
-2.251047
-2.250751
-2.252598
-2.251634
-2.251191
-2.252520
-2.251712
-2.251517
-2.252357
-2.251551
-2.252661
-2.251774
-2.252181
-2.251738
-2.253093
-2.252165
-2.251819
-2.253394
-2.252432
-2.251958
-2.253737
-2.252674
-2.252196
-2.253833
-2.252935
-2.252479
-2.253852
-2.253028
-2.252784
-2.253726
-2.252878
-2.253749
-2.252874
-2.254211
-2.253314
-2.253120
-2.254184
-2.253278
-2.254008
-2.253169
-2.255084
-2.253712
-2.253397
-2.255074
-2.254161
-2.253719
-2.255145
-2.254298
-2.253960
-2.255178
-2.254328
-2.254419
-2.254627
-2.254402
-2.255142
-2.254154
-2.256254
-2.254615
-2.254415
-2.256078
-2.255198
-2.254808
-2.256124
-2.255281
-2.255095
-2.256016
-2.255151
-2.256253
-2.255343
-2.255921
-2.255222
-2.257136
-2.255739
-2.255426
-2.257139
-2.256188
-2.255740
-2.257233
-2.256365
-2.255964
-2.257320
-2.256466
-2.256260
-2.257195
-2.256310
-2.257353
-2.256430
-2.257308
-2.256403
-2.258041
-2.257007
-2.256520
-2.258424
-2.257242
-2.256831
-2.258412
-2.257536
-2.257118
-2.258448
-2.257603
-2.257438
-2.258245
-2.257387
-2.258791
-2.257867
-2.257523
-2.259009
-2.258089
-2.257703
-2.259243
-2.258310
-2.257864
-2.259505
-2.258542
-2.258067
-2.259681
-2.258756
-2.258292
-2.259790
-2.258913
-2.258530
-2.259846
-2.258981
-2.258860
-2.259594
-2.258746
-2.260405
-2.259317
-2.258812
-2.260764
-2.259545
-2.259159
-2.260669
-2.259813
-2.259465
-2.260658
-2.259799
-2.259980
-2.259976
-2.260212
-2.259834
-2.261110
-2.260127
-2.259921
-2.261295
-2.260350
-2.260194
-2.261340
-2.260394
-2.261002
-2.260247
-2.262538
-2.260925
-2.260363
-2.262798
-2.261381
-2.261074
-2.262271
-2.261517
-2.261657
-2.261675
-2.261796
-2.261653
-2.262142
-2.261289
-2.263751
-2.262347
-2.261451
-2.263113
-2.262382
-2.262297
-2.262720
-2.262187
-2.263340
-2.262428
-2.262720
-2.262537
-2.263283
-2.262298
-2.264385
-2.262710
-2.262650
-2.263980
-2.263131
-2.263390
-2.263234
-2.263835
-2.262950
-2.265237
-2.265237
-2.263566
-2.263077
-2.265390
-2.264041
-2.263765
-2.264885
-2.264101
-2.264456
-2.264121
-2.265038
-2.264096
-2.265284
-2.264335
-2.264732
-2.264319
-2.265768
-2.264779
-2.264359
-2.266283
-2.264967
-2.264689
-2.266228
-2.265336
-2.264996
-2.266315
-2.265432
-2.265354
-2.266049
-2.265210
-2.267073
-2.265724
-2.265406
-2.267103
-2.266134
-2.265706
-2.267239
-2.266329
-2.265928
-2.267374
-2.266482
-2.266198
-2.267377
-2.266469
-2.266814
-2.266469
-2.267662
-2.266691
-2.266959
-2.266811
-2.267618
-2.266569
-2.268922
-2.267289
-2.266580
-2.269381
-2.267968
-2.267398
-2.268752
-2.268038
-2.268000
-2.268303
-2.267946
-2.268761
-2.267815
-2.269318
-2.268322
-2.267900
-2.269642
-2.268568
-2.268102
-2.269861
-2.268821
-2.268376
-2.269949
-2.269042
-2.268659
-2.269982
-2.269096
-2.269053
-2.269609
-2.268888
-2.270702
-2.269397
-2.269027
-2.270829
-2.269773
-2.269343
-2.270913
-2.269994
-2.269601
-2.271003
-2.270115
-2.269940
-2.270838
-2.269924
-2.271301
-2.270359
-2.270203
-2.271228
-2.270269
-2.271475
-2.270518
-2.271052
-2.270416
-2.272440
-2.270863
-2.270829
-2.271945
-2.271051
-2.272023
-2.271087
-2.272498
-2.271558
-2.271367
-2.272551
-2.271607
-2.272164
-2.271453
-2.273620
-2.271905
-2.271866
-2.273123
-2.272251
-2.272773
-2.272145
-2.273903
-2.272650
-2.272287
-2.274119
-2.273014
-2.272598
-2.274201
-2.273251
-2.272828
-2.274372
-2.273441
-2.273071
-2.274484
-2.273567
-2.273351
-2.274410
-2.273451
-2.274425
-2.273447
-2.275038
-2.274016
-2.273628
-2.275387
-2.274292
-2.273862
-2.275617
-2.274558
-2.274125
-2.275758
-2.274800
-2.274380
-2.275879
-2.274955
-2.274629
-2.275937
-2.275012
-2.275064
-2.275416
-2.274919
-2.276540
-2.275379
-2.274917
-2.277114
-2.275509
-2.275519
-2.276441
-2.275591
-2.276989
-2.276053
-2.275872
-2.276942
-2.275970
-2.277046
-2.276051
-2.277312
-2.276343
-2.276781
-2.276304
-2.278069
-2.276781
-2.276459
-2.278331
-2.277121
-2.276808
-2.278387
-2.277436
-2.277064
-2.278578
-2.277630
-2.277293
-2.278743
-2.277797
-2.277543
-2.278796
-2.277837
-2.278125
-2.277906
-2.278879
-2.277805
-2.279536
-2.278312
-2.278041
-2.279785
-2.278701
-2.278308
-2.280085
-2.278961
-2.278569
-2.280270
-2.279253
-2.278828
-2.280441
-2.279460
-2.279040
-2.280638
-2.279655
-2.279250
-2.280831
-2.279850
-2.279454
-2.281032
-2.280045
-2.279655
-2.281247
-2.280253
-2.279857
-2.281473
-2.280469
-2.280060
-2.281709
-2.280691
-2.280270
-2.281937
-2.280915
-2.280489
-2.282143
-2.281133
-2.280713
-2.282332
-2.281340
-2.280936
-2.282512
-2.281534
-2.281159
-2.282677
-2.281712
-2.281397
-2.282791
-2.281836
-2.281748
-2.282543
-2.281569
-2.283746
-2.282001
-2.282144
-2.282866
-2.282134
-2.283932
-2.282683
-2.282309
-2.284118
-2.283004
-2.282639
-2.284206
-2.283248
-2.282891
-2.284338
-2.283387
-2.283192
-2.284281
-2.283289
-2.284348
-2.283329
-2.284789
-2.283800
-2.283679
-2.284728
-2.283706
-2.285185
-2.284183
-2.283997
-2.285300
-2.284316
-2.284656
-2.284333
-2.285741
-2.284707
-2.284493
-2.286035
-2.284996
-2.284723
-2.286387
-2.285286
-2.284928
-2.286801
-2.285532
-2.285287
-2.286778
-2.285825
-2.285625
-2.286752
-2.285749
-2.286695
-2.285662
-2.287773
-2.286116
-2.286325
-2.286787
-2.286292
-2.287878
-2.286767
-2.286338
-2.288451
-2.286867
-2.286983
-2.287614
-2.286869
-2.288865
-2.287294
-2.287340
-2.288188
-2.287281
-2.289293
-2.287756
-2.287744
-2.288699
-2.287741
-2.289540
-2.288311
-2.287986
-2.289689
-2.288626
-2.288260
-2.289908
-2.288866
-2.288474
-2.290167
-2.289093
-2.288703
-2.290402
-2.289330
-2.288930
-2.290629
-2.289558
-2.289160
-2.290847
-2.289788
-2.289392
-2.291057
-2.290009
-2.289619
-2.291274
-2.290228
-2.289843
-2.291493
-2.290448
-2.290068
-2.291717
-2.290670
-2.290292
-2.291946
-2.290895
-2.290518
-2.292176
-2.291123
-2.290746
-2.292406
-2.291353
-2.290976
-2.292634
-2.291582
-2.291207
-2.292859
-2.291811
-2.291440
-2.293084
-2.292038
-2.291672
-2.293307
-2.292265
-2.291905
-2.293530
-2.292491
-2.292138
-2.293754
-2.292717
-2.292372
-2.293976
-2.292942
-2.292608
-2.294193
-2.293165
-2.292850
-2.294397
-2.293379
-2.293108
-2.294545
-2.293543
-2.293482
-2.294292
-2.293252
-2.295793
-2.294210
-2.293324
-2.296177
-2.294645
-2.294249
-2.295519
-2.294705
-2.294948
-2.294741
-2.295360
-2.294434
-2.296739
-2.294836
-2.294960
-2.295805
-2.294974
-2.296816
-2.295534
-2.295222
-2.296868
-2.295853
-2.295575
-2.296925
-2.295935
-2.296113
-2.296157
-2.296387
-2.296018
-2.297596
-2.296388
-2.296078
-2.298168
-2.296537
-2.296913
-2.296918
-2.297463
-2.296614
-2.299332
-2.298366
-2.297088
-2.298219
-2.297755
-2.298388
-2.297686
-2.298930
-2.297941
-2.298204
-2.298092
-2.298757
-2.297714
-2.300572
-2.299890
-2.298343
-2.298875
-2.299417
-2.299161
-2.299363
-2.299007
-2.299839
-2.298808
-2.300822
-2.299334
-2.299297
-2.300237
-2.299250
-2.301127
-2.299802
-2.299603
-2.301027
-2.300041
-2.300303
-2.300163
-2.300879
-2.299787
-2.302724
-2.302091
-2.300607
-2.300940
-2.301713
-2.301303
-2.301540
-2.301173
-2.301989
-2.300995
-2.302909
-2.301580
-2.301326
-2.302740
-2.301732
-2.301956
-2.301908
-2.302405
-2.302405
-2.301570
-2.304292
-2.302933
-2.301945
-2.303467
-2.302686
-2.303172
-2.302649
-2.303874
-2.302856
-2.303365
-2.302770
-2.304753
-2.303228
-2.303185
-2.304234
-2.303192
-2.305073
-2.303782
-2.303585
-2.304992
-2.303984
-2.304348
-2.303992
-2.305415
-2.304338
-2.304343
-2.305102
-2.304053
-2.307027
-2.306354
-2.304740
-2.305549
-2.305668
-2.305771
-2.305623
-2.305846
-2.305433
-2.306691
-2.305596
-2.306275
-2.305372
-2.308082
-2.306397
-2.305437
-2.308422
-2.306775
-2.306536
-2.307620
-2.306814
-2.307527
-2.306703
-2.308353
-2.307258
-2.306913
-2.308422
-2.307383
-2.307385
-2.307933
-2.307135
-2.309539
-2.307518
-2.307990
-2.308040
-2.308584
-2.307833
-2.310045
-2.308142
-2.308748
-2.308416
-2.309909
-2.308870
-2.308932
-2.309318
-2.308742
-2.310866
-2.309034
-2.309721
-2.309156
-2.311306
-2.309698
-2.309857
-2.310352
-2.309783
-2.311672
-2.310277
-2.310139
-2.311491
-2.310424
-2.311211
-2.310213
-2.312999
-2.311478
-2.310484
-2.312942
-2.311681
-2.311459
-2.312284
-2.311446
-2.312764
-2.311721
-2.312188
-2.311627
-2.313452
-2.312132
-2.311818
-2.313604
-2.312451
-2.312190
-2.313674
-2.312614
-2.312805
-2.312889
-2.313041
-2.312870
-2.313761
-2.312446
-2.315809
-2.315153
-2.314633
-2.313817
-2.314712
-2.314508
-2.314366
-2.314336
-2.314345
-2.314401
-2.314424
-2.314500
-2.314402
-2.314734
-2.313982
-2.316654
-2.314695
-2.313918
-2.317299
-2.315763
-2.315001
-2.316568
-2.315743
-2.315851
-2.315923
-2.315945
-2.316008
-2.315984
-2.316191
-2.315818
-2.317283
-2.316103
-2.316218
-2.316758
-2.315971
-2.318814
-2.317255
-2.316175
-2.318846
-2.317424
-2.317397
-2.317996
-2.317391
-2.318579
-2.317524
-2.318505
-2.317457
-2.319483
-2.318081
-2.317880
-2.319237
-2.318174
-2.319016
-2.318029
-2.320425
-2.318489
-2.319083
-2.318811
-2.320005
-2.318918
-2.320169
-2.319051
-2.320337
-2.319228
-2.320594
-2.319490
-2.320522
-2.319412
-2.321757
-2.319890
-2.320511
-2.320149
-2.321595
-2.320513
-2.320865
-2.320516
-2.321974
-2.320830
-2.321147
-2.320978
-2.322049
-2.320786
-2.323340
-2.321233
-2.321942
-2.321606
-2.323172
-2.322091
-2.322174
-2.322523
-2.322024
-2.323973
-2.322438
-2.322569
-2.323241
-2.322322
-2.325249
-2.323840
-2.322774
-2.324753
-2.323825
-2.323738
-2.324201
-2.323535
-2.325203
-2.324026
-2.323810
-2.325177
-2.324026
-2.324947
-2.323797
-2.326652
-2.324800
-2.324047
-2.327000
-2.325214
-2.325232
-2.325875
-2.325208
-2.326522
-2.325408
-2.326120
-2.325189
-2.327732
-2.325618
-2.326287
-2.325894
-2.327412
-2.326305
-2.326552
-2.326439
-2.327154
-2.326008
-2.329304
-2.328801
-2.327768
-2.327141
-2.328479
-2.327955
-2.327888
-2.327893
-2.327878
-2.327972
-2.327898
-2.328232
-2.327561
-2.329812
-2.327719
-2.328791
-2.327801
-2.330523
-2.328490
-2.329004
-2.328907
-2.329678
-2.328707
-2.331050
-2.329131
-2.329742
-2.329380
-2.330841
-2.329714
-2.330228
-2.329552
-2.331910
-2.329903
-2.330794
-2.330013
-2.332390
-2.330625
-2.330936
-2.331071
-2.331250
-2.331091
-2.331819
-2.330589
-2.334122
-2.333600
-2.333246
-2.332079
-2.333056
-2.332915
-2.332702
-2.332618
-2.332633
-2.332643
-2.332717
-2.332666
-2.332841
-2.332465
-2.333681
-2.332367
-2.334185
-2.332951
-2.333028
-2.333784
-2.332812
-2.335618
-2.333472
-2.333553
-2.334830
-2.333811
-2.335403
-2.334292
-2.334510
-2.334546
-2.334868
-2.334375
-2.336285
-2.334821
-2.334751
-2.336102
-2.334883
-2.336665
-2.335468
-2.335517
-2.336240
-2.335248
-2.338237
-2.336429
-2.335417
-2.338737
-2.336894
-2.336675
-2.337811
-2.336911
-2.337870
-2.336837
-2.338593
-2.337405
-2.337248
-2.338297
-2.337118
-2.339379
-2.337664
-2.337935
-2.338241
-2.338077
-2.338820
-2.337628
-2.340962
-2.340141
-2.338178
-2.340083
-2.339411
-2.339648
-2.339404
-2.339757
-2.339186
-2.340658
-2.339456
-2.340063
-2.339298
-2.341664
-2.339724
-2.340323
-2.339967
-2.341539
-2.340357
-2.340846
-2.340277
-2.342394
-2.340808
-2.340906
-2.341682
-2.340702
-2.343510
-2.341261
-2.341803
-2.341845
-2.342469
-2.341617
-2.344053
-2.341949
-2.342934
-2.342057
-2.344563
-2.342743
-2.343070
-2.343165
-2.343419
-2.343084
-2.344363
-2.343029
-2.344948
-2.343612
-2.343671
-2.344502
-2.343376
-2.346573
-2.345115
-2.343981
-2.345963
-2.344998
-2.345117
-2.345163
-2.345168
-2.345238
-2.345217
-2.345527
-2.344908
-2.347475
-2.344993
-2.346916
-2.345759
-2.346590
-2.345728
-2.348117
-2.346242
-2.346805
-2.346472
-2.347935
-2.346698
-2.347692
-2.346448
-2.349551
-2.347549
-2.346824
-2.349837
-2.347973
-2.348158
-2.348474
-2.348179
-2.348922
-2.347803
-2.350611
-2.348265
-2.349077
-2.348588
-2.350300
-2.349106
-2.349236
-2.349446
-2.349275
-2.350110
-2.348768
-2.352522
-2.352084
-2.351724
-2.350447
-2.351476
-2.351293
-2.351077
-2.350994
-2.350989
-2.351000
-2.351048
-2.351028
-2.351127
-2.350925
-2.351630
-2.350343
-2.354054
-2.353425
-2.352049
-2.351610
-2.353366
-2.352656
-2.352528
-2.352658
-2.352512
-2.352888
-2.352384
-2.353733
-2.352440
-2.353761
-2.352473
-2.354446
-2.353170
-2.353157
-2.354046
-2.352979
-2.355636
-2.353461
-2.354455
-2.353655
-2.355892
-2.354500
-2.354263
-2.355603
-2.354410
-2.355988
-2.355988
-2.354764
-2.355668
-2.354601
-2.357341
-2.355107
-2.356125
-2.355309
-2.357526
-2.356139
-2.355888
-2.357253
-2.356035
-2.357577
-2.356331
-2.357434
-2.356218
-2.358887
-2.356764
-2.357674
-2.356935
-2.359103
-2.357715
-2.357473
-2.358871
-2.357619
-2.359190
-2.357925
-2.359032
-2.357793
-2.360590
-2.358320
-2.359432
-2.358518
-2.360826
-2.359350
-2.359160
-2.360395
-2.359159
-2.361209
-2.359849
-2.359741
-2.360850
-2.359584
-2.362251
-2.360072
-2.361139
-2.360199
-2.362693
-2.360969
-2.361082
-2.361658
-2.360940
-2.363089
-2.361540
-2.361490
-2.362614
-2.361317
-2.364198
-2.361811
-2.363064
-2.362036
-2.364464
-2.362889
-2.362808
-2.363776
-2.362620
-2.365228
-2.363152
-2.363953
-2.363267
-2.365454
-2.363990
-2.363810
-2.365126
-2.363800
-2.366001
-2.364490
-2.364506
-2.365383
-2.364222
-2.367332
-2.364958
-2.365251
-2.366005
-2.365261
-2.367332
-2.365888
-2.365718
-2.367068
-2.365712
-2.367994
-2.366386
-2.366529
-2.367091
-2.366317
-2.368928
-2.366646
-2.368116
-2.366868
-2.369362
-2.367673
-2.367824
-2.368280
-2.367694
-2.369649
-2.368212
-2.368227
-2.369132
-2.367839
-2.371501
-2.370604
-2.368604
-2.370789
-2.369889
-2.370020
-2.369912
-2.370056
-2.369744
-2.370671
-2.369278
-2.372745
-2.370851
-2.369589
-2.372914
-2.371020
-2.371175
-2.371500
-2.371174
-2.371913
-2.370784
-2.373607
-2.371183
-2.372470
-2.371384
-2.373807
-2.372253
-2.372106
-2.373240
-2.371990
-2.374470
-2.372655
-2.372954
-2.373158
-2.373170
-2.373413
-2.372996
-2.374775
-2.373338
-2.373853
-2.373385
-2.375762
-2.373838
-2.374694
-2.373756
-2.377132
-2.374975
-2.374306
-2.377423
-2.375422
-2.375831
-2.375786
-2.376175
-2.375530
-2.377422
-2.376001
-2.376091
-2.376707
-2.375760
-2.378941
-2.376432
-2.376845
-2.377459
-2.376938
-2.378680
-2.377308
-2.377838
-2.377172
-2.379833
-2.377549
-2.379070
-2.377773
-2.380313
-2.378563
-2.378803
-2.379087
-2.378867
-2.379768
-2.378319
-2.382298
-2.381931
-2.381220
-2.380278
-2.381187
-2.380863
-2.380713
-2.380641
-2.380633
-2.380645
-2.380702
-2.380675
-2.380854
-2.380471
-2.382018
-2.380462
-2.382547
-2.381101
-2.381685
-2.381204
-2.383360
-2.381814
-2.381922
-2.382700
-2.381584
-2.385188
-2.383429
-2.382100
-2.385265
-2.383568
-2.383583
-2.384080
-2.383458
-2.384872
-2.383456
-2.385283
-2.383885
-2.384668
-2.383671
-2.386704
-2.384121
-2.385731
-2.384497
-2.386711
-2.385343
-2.385254
-2.386112
-2.384927
-2.387990
-2.385402
-2.386919
-2.385725
-2.388057
-2.386612
-2.386430
-2.387569
-2.386226
-2.389035
-2.386780
-2.387881
-2.386856
-2.389541
-2.387619
-2.387948
-2.388064
-2.388271
-2.388020
-2.389071
-2.387467
-2.391602
-2.391189
-2.390223
-2.389371
-2.390621
-2.390078
-2.390027
-2.389920
-2.390014
-2.389866
-2.390322
-2.389503
-2.391981
-2.389994
-2.390414
-2.390475
-2.391021
-2.390163
-2.393143
-2.390434
-2.392617
-2.391310
-2.392251
-2.391285
-2.393748
-2.392018
-2.392096
-2.392889
-2.391881
-2.394757
-2.392343
-2.393734
-2.392484
-2.395318
-2.393330
-2.393783
-2.393677
-2.394430
-2.393274
-2.396528
-2.393788
-2.395234
-2.394103
-2.396709
-2.395070
-2.394967
-2.395982
-2.394727
-2.397634
-2.395292
-2.396471
-2.395382
-2.398131
-2.396196
-2.396492
-2.396697
-2.396697
-2.396974
-2.396487
-2.398495
-2.396915
-2.397348
-2.397190
-2.398543
-2.396879
-2.400680
-2.399020
-2.397635
-2.400582
-2.399142
-2.398951
-2.399722
-2.398712
-2.400895
-2.399377
-2.399373
-2.400195
-2.399010
-2.402274
-2.399464
-2.401227
-2.399928
-2.402168
-2.400765
-2.400814
-2.401285
-2.400575
-2.402894
-2.401184
-2.401356
-2.401952
-2.401104
-2.404090
-2.401391
-2.403660
-2.402272
-2.403134
-2.402201
-2.404818
-2.402853
-2.403298
-2.403195
-2.404086
-2.402699
-2.406593
-2.404932
-2.403521
-2.406006
-2.404785
-2.404854
-2.404989
-2.404785
-2.405354
-2.404277
-2.407722
-2.404844
-2.406126
-2.405134
-2.407910
-2.406060
-2.406173
-2.406745
-2.405978
-2.408350
-2.406620
-2.406756
-2.407407
-2.406447
-2.409673
-2.406800
-2.409065
-2.407691
-2.408727
-2.407614
-2.410312
-2.408298
-2.408771
-2.408616
-2.409606
-2.408149
-2.411954
-2.409705
-2.408494
-2.412536
-2.410129
-2.410456
-2.410686
-2.410539
-2.410886
-2.410235
-2.412252
-2.410668
-2.411133
-2.410783
-2.412485
-2.410856
-2.413048
-2.411492
-2.412181
-2.411445
-2.414321
-2.411919
-2.413505
-2.412059
-2.415164
-2.412829
-2.413940
-2.412881
-2.415655
-2.413689
-2.414005
-2.414148
-2.414262
-2.414207
-2.414631
-2.413710
-2.417439
-2.415089
-2.413789
-2.418601
-2.417065
-2.415834
-2.417041
-2.416221
-2.417122
-2.416015
-2.417969
-2.416456
-2.416964
-2.416413
-2.418273
-2.416678
-2.417904
-2.416377
-2.420248
-2.417546
-2.417614
-2.419192
-2.417845
-2.419885
-2.418399
-2.418944
-2.418342
-2.420454
-2.418876
-2.419352
-2.418958
-2.420762
-2.419127
-2.420970
-2.419354
-2.421724
-2.420130
-2.420567
-2.420375
-2.421545
-2.419870
-2.424143
-2.423071
-2.420950
-2.423428
-2.422326
-2.422508
-2.422310
-2.422627
-2.421991
-2.423852
-2.422220
-2.423577
-2.421977
-2.425682
-2.422727
-2.424240
-2.423083
-2.425727
-2.424084
-2.423948
-2.424993
-2.423620
-2.426860
-2.424165
-2.425898
-2.425898
-2.424504
-2.426963
-2.425405
-2.425398
-2.426126
-2.425042
-2.428193
-2.425479
-2.427421
-2.425955
-2.428125
-2.426629
-2.427240
-2.426509
-2.428925
-2.427195
-2.427382
-2.427906
-2.427178
-2.429853
-2.427716
-2.428638
-2.427646
-2.431199
-2.428247
-2.430306
-2.428874
-2.430781
-2.429288
-2.430705
-2.429152
-2.432208
-2.429830
-2.431005
-2.429854
-2.432891
-2.430629
-2.431374
-2.430719
-2.432945
-2.431325
-2.431716
-2.431484
-2.432715
-2.430950
-2.435346
-2.434173
-2.432152
-2.434495
-2.433359
-2.433794
-2.433227
-2.434319
-2.432795
-2.436038
-2.433382
-2.434962
-2.433584
-2.436332
-2.434541
-2.434525
-2.435410
-2.434182
-2.437495
-2.434675
-2.436668
-2.435177
-2.437321
-2.435787
-2.436647
-2.435524
-2.438728
-2.436081
-2.437740
-2.436289
-2.439218
-2.437251
-2.437476
-2.437825
-2.437467
-2.438786
-2.436992
-2.441166
-2.438823
-2.437488
-2.441768
-2.439202
-2.439732
-2.439637
-2.440051
-2.439373
-2.441161
-2.439452
-2.441422
-2.439746
-2.441692
-2.440037
-2.442179
-2.440558
-2.441865
-2.440325
-2.444137
-2.441103
-2.442806
-2.441487
-2.444162
-2.442495
-2.442437
-2.443296
-2.442052
-2.445416
-2.442540
-2.444645
-2.443122
-2.445118
-2.443551
-2.445013
-2.443407
-2.446624
-2.444123
-2.445451
-2.444187
-2.447279
-2.445068
-2.445621
-2.445334
-2.446603
-2.444927
-2.448749
-2.445624
-2.447465
-2.446080
-2.448743
-2.447089
-2.447071
-2.447799
-2.446692
-2.449923
-2.447194
-2.449092
-2.447523
-2.450270
-2.448512
-2.448604
-2.449217
-2.448310
-2.451219
-2.448912
-2.449968
-2.448823
-2.452460
-2.449452
-2.451615
-2.450094
-2.452016
-2.450430
-2.452233
-2.450556
-2.452899
-2.451217
-2.451938
-2.451091
-2.453987
-2.451761
-2.452589
-2.451763
-2.454794
-2.452456
-2.453523
-2.452347
-2.455991
-2.452984
-2.455123
-2.453580
-2.455616
-2.453999
-2.455510
-2.453835
-2.457149
-2.454528
-2.456053
-2.454615
-2.457821
-2.455516
-2.456192
-2.455653
-2.457545
-2.455775
-2.457943
-2.456193
-2.457836
-2.456077
-2.459778
-2.456746
-2.459016
-2.457462
-2.459211
-2.457592
-2.460020
-2.458292
-2.458784
-2.458359
-2.460085
-2.458198
-2.461540
-2.458748
-2.461056
-2.459425
-2.461284
-2.459602
-2.462101
-2.460344
-2.460855
-2.460424
-2.462231
-2.460341
-2.463460
-2.461008
-2.462622
-2.461011
-2.464820
-2.461812
-2.463760
-2.462214
-2.464751
-2.463050
-2.463397
-2.463187
-2.464098
-2.462466
-2.467265
-2.466341
-2.463602
-2.466770
-2.465484
-2.465355
-2.465534
-2.465100
-2.465950
-2.464472
-2.468399
-2.465058
-2.467311
-2.465742
-2.467884
-2.466227
-2.467658
-2.466003
-2.469467
-2.466745
-2.468292
-2.466852
-2.470036
-2.467844
-2.468242
-2.468272
-2.468677
-2.467979
-2.470525
-2.468556
-2.469252
-2.468576
-2.471599
-2.469242
-2.470518
-2.469052
-2.473466
-2.470519
-2.470529
-2.472386
-2.470765
-2.473180
-2.471433
-2.472119
-2.471262
-2.474149
-2.472008
-2.472623
-2.472170
-2.474206
-2.472308
-2.474776
-2.472940
-2.474292
-2.472620
-2.477176
-2.474457
-2.473501
-2.477498
-2.474950
-2.475659
-2.475147
-2.476450
-2.474735
-2.478225
-2.475388
-2.477185
-2.475578
-2.478732
-2.476626
-2.476880
-2.477182
-2.476887
-2.478009
-2.476146
-2.481229
-2.480310
-2.477390
-2.480737
-2.479434
-2.479280
-2.479475
-2.479040
-2.479822
-2.478475
-2.481997
-2.479090
-2.480876
-2.479285
-2.482513
-2.480411
-2.480642
-2.481081
-2.480587
-2.482258
-2.480274
-2.484186
-2.480856
-2.483758
-2.482105
-2.482974
-2.482092
-2.484412
-2.482591
-2.483618
-2.482276
-2.486262
-2.482901
-2.485540
-2.483888
-2.485320
-2.483825
-2.486875
-2.484790
-2.485053
-2.485431
-2.485055
-2.486471
-2.484464
-2.489254
-2.486593
-2.485179
-2.489871
-2.487034
-2.487841
-2.487363
-2.488455
-2.486980
-2.490027
-2.487908
-2.488191
-2.488577
-2.488203
-2.489562
-2.487599
-2.492351
-2.489292
-2.488771
-2.492214
-2.490325
-2.490285
-2.491040
-2.489960
-2.492699
-2.490777
-2.491139
-2.491293
-2.491477
-2.491353
-2.492163
-2.490606
-2.495787
-2.494406
-2.491991
-2.495252
-2.493833
-2.493874
-2.493988
-2.493784
-2.494244
-2.493430
-2.495983
-2.494053
-2.494871
-2.493994
-2.497120
-2.494918
-2.495457
-2.495425
-2.496305
-2.494863
-2.499289
-2.495598
-2.498230
-2.496587
-2.498697
-2.496990
-2.498988
-2.497160
-2.499593
-2.497747
-2.499172
-2.497510
-2.501425
-2.498281
-2.500409
-2.498732
-2.501502
-2.499696
-2.500098
-2.499904
-2.500796
-2.499290
-2.503615
-2.499875
-2.502988
-2.501278
-2.502206
-2.501286
-2.503518
-2.501621
-2.503256
-2.501403
-2.505424
-2.502232
-2.504437
-2.502744
-2.505357
-2.503553
-2.504338
-2.503399
-2.506186
-2.504201
-2.504682
-2.504535
-2.505583
-2.503861
-2.508749
-2.505443
-2.505322
-2.508071
-2.506324
-2.507210
-2.506084
-2.509078
-2.506982
-2.507311
-2.507646
-2.507419
-2.508447
-2.506630
-2.511881
-2.509642
-2.507769
-2.511898
-2.509851
-2.509743
-2.510403
-2.509454
-2.511500
-2.509543
-2.511982
-2.510049
-2.511870
-2.509985
-2.513596
-2.511063
-2.511932
-2.511291
-2.513477
-2.511502
-2.513846
-2.511874
-2.514290
-2.512351
-2.514575
-2.512625
-2.515448
-2.513511
-2.514353
-2.513420
-2.516507
-2.514332
-2.514814
-2.514793
-2.515565
-2.514196
-2.518737
-2.514825
-2.514825
-2.518085
-2.516293
-2.517389
-2.516246
-2.518993
-2.517009
-2.517553
-2.517164
-2.518858
-2.516724
-2.521308
-2.517474
-2.520618
-2.518846
-2.519964
-2.518751
-2.521509
-2.519511
-2.520069
-2.519640
-2.521406
-2.519258
-2.523664
-2.519921
-2.523262
-2.521420
-2.522160
-2.521485
-2.523263
-2.521204
-2.524877
-2.522155
-2.523496
-2.522183
-2.525722
-2.523261
-2.523806
-2.523665
-2.524631
-2.523025
-2.527658
-2.523712
-2.526893
-2.525083
-2.526362
-2.525001
-2.527974
-2.525908
-2.526250
-2.526391
-2.526576
-2.526443
-2.527257
-2.525622
-2.531135
-2.529085
-2.527105
-2.530781
-2.529025
-2.528955
-2.529411
-2.528635
-2.530543
-2.528415
-2.532073
-2.529499
-2.530432
-2.529669
-2.532167
-2.530103
-2.531952
-2.529896
-2.534337
-2.530752
-2.533571
-2.531732
-2.533536
-2.531732
-2.534840
-2.532751
-2.533113
-2.533226
-2.533449
-2.533194
-2.534362
-2.532286
-2.538210
-2.536826
-2.534012
-2.537645
-2.536087
-2.536047
-2.536179
-2.535849
-2.536477
-2.535341
-2.538607
-2.536301
-2.536787
-2.536898
-2.537309
-2.536725
-2.539058
-2.536790
-2.540333
-2.537951
-2.538987
-2.538039
-2.541336
-2.539073
-2.539586
-2.539574
-2.540388
-2.538976
-2.543654
-2.539478
-2.543557
-2.541304
-2.542112
-2.541574
-2.543044
-2.541058
-2.545291
-2.541871
-2.544382
-2.542477
-2.545303
-2.543304
-2.544348
-2.543014
-2.546618
-2.544079
-2.544741
-2.544465
-2.545827
-2.543812
-2.548797
-2.544662
-2.547927
-2.546057
-2.547541
-2.545982
-2.549049
-2.546917
-2.547359
-2.547279
-2.548033
-2.546714
-2.550899
-2.547278
-2.550529
-2.548518
-2.550091
-2.548396
-2.552155
-2.549534
-2.550220
-2.549893
-2.551364
-2.549302
-2.554172
-2.550065
-2.553545
-2.551612
-2.552677
-2.551572
-2.554131
-2.551978
-2.553778
-2.551713
-2.556212
-2.552719
-2.555090
-2.553190
-2.556329
-2.554251
-2.554847
-2.554332
-2.556087
-2.553840
-2.558577
-2.554634
-2.558038
-2.556072
-2.557249
-2.555975
-2.558909
-2.556739
-2.557670
-2.556580
-2.560037
-2.557631
-2.558222
-2.558053
-2.559248
-2.557318
-2.562720
-2.558560
-2.560811
-2.559177
-2.562790
-2.560570
-2.560678
-2.561271
-2.560397
-2.563073
-2.560771
-2.563155
-2.560861
-2.564981
-2.562085
-2.563440
-2.562102
-2.565857
-2.563289
-2.563855
-2.563728
-2.564687
-2.563040
-2.567952
-2.563649
-2.567726
-2.565526
-2.566242
-2.565783
-2.567041
-2.565097
-2.569763
-2.565850
-2.569128
-2.567091
-2.568766
-2.566978
-2.570454
-2.568115
-2.568491
-2.568698
-2.568750
-2.568967
-2.568730
-2.570035
-2.567734
-2.574320
-2.572916
-2.569703
-2.573926
-2.572171
-2.571968
-2.572346
-2.571643
-2.572952
-2.571029
-2.575293
-2.572182
-2.573492
-2.572373
-2.575442
-2.573232
-2.574304
-2.573046
-2.576756
-2.574246
-2.574777
-2.574872
-2.575354
-2.574642
-2.577292
-2.574849
-2.578267
-2.575954
-2.577430
-2.575732
-2.580534
-2.576650
-2.579796
-2.577705
-2.579923
-2.577835
-2.581174
-2.578903
-2.579596
-2.579030
-2.581051
-2.578641
-2.583401
-2.579584
-2.582667
-2.580557
-2.582987
-2.580830
-2.583780
-2.581517
-2.583251
-2.581226
-2.585767
-2.582412
-2.584162
-2.582496
-2.586400
-2.583859
-2.584181
-2.584561
-2.584204
-2.585502
-2.583346
-2.589166
-2.584670
-2.587301
-2.585476
-2.589001
-2.586781
-2.587181
-2.587032
-2.587746
-2.586482
-2.590459
-2.587534
-2.588808
-2.587577
-2.591598
-2.588842
-2.589640
-2.589172
-2.591221
-2.588742
-2.593856
-2.589648
-2.593408
-2.591252
-2.592438
-2.591160
-2.594163
-2.591795
-2.593379
-2.591406
-2.596344
-2.592467
-2.595235
-2.593093
-2.596353
-2.594086
-2.595233
-2.593800
-2.597581
-2.594983
-2.595577
-2.595464
-2.596417
-2.594776
-2.599734
-2.595443
-2.599574
-2.597263
-2.598245
-2.597347
-2.599714
-2.597250
-2.601044
-2.598503
-2.599384
-2.598689
-2.601149
-2.598600
-2.602768
-2.599918
-2.601088
-2.600010
-2.603481
-2.601000
-2.602040
-2.600833
-2.604854
-2.602011
-2.603036
-2.602123
-2.605441
-2.602934
-2.604521
-2.602494
-2.608090
-2.603517
-2.607354
-2.605135
-2.606534
-2.604970
-2.608352
-2.605879
-2.606847
-2.605722
-2.609242
-2.606677
-2.607830
-2.606461
-2.610829
-2.607624
-2.609160
-2.607535
-2.612183
-2.608776
-2.610469
-2.608717
-2.613193
-2.610085
-2.611092
-2.610236
-2.612977
-2.610391
-2.613817
-2.611284
-2.613269
-2.610983
-2.616241
-2.612122
-2.615194
-2.612910
-2.615984
-2.613586
-2.615695
-2.613337
-2.617854
-2.614713
-2.615823
-2.614861
-2.617758
-2.615169
-2.618122
-2.615530
-2.619141
-2.616609
-2.618209
-2.616265
-2.621247
-2.617408
-2.619932
-2.617683
-2.621973
-2.619217
-2.619677
-2.619712
-2.620068
-2.619464
-2.621699
-2.618806
-2.625123
-2.620254
-2.623703
-2.621499
-2.624423
-2.622055
-2.624485
-2.622006
-2.625947
-2.623304
-2.624125
-2.623455
-2.625684
-2.622992
-2.628246
-2.624087
-2.627462
-2.625085
-2.627967
-2.625517
-2.628450
-2.625897
-2.628983
-2.626411
-2.629426
-2.626845
-2.630181
-2.627605
-2.629989
-2.627476
-2.632322
-2.628921
-2.630431
-2.628938
-2.632898
-2.630193
-2.630920
-2.630401
-2.632407
-2.629714
-2.635699
-2.630804
-2.635068
-2.632697
-2.633984
-2.632595
-2.635645
-2.633006
-2.635525
-2.632911
-2.637711
-2.634454
-2.635660
-2.634592
-2.637714
-2.635034
-2.635034
