0.283881
0.265248
0.276643
0.287836
0.297985
0.306122
0.311483
0.313907
0.313943
0.312526
0.310462
0.308220
0.306019
0.303956
0.302069
0.300373
0.298875
0.297574
0.296469
0.295557
0.294833
0.294294
0.293939
0.293760
0.293744
0.293874
0.294140
0.294538
0.295074
0.295756
0.296594
0.297600
0.298787
0.300171
0.301770
0.303603
0.305692
0.308060
0.310732
0.313737
0.317103
0.320859
0.325029
0.329627
0.334647
0.340053
0.345768
0.351665
0.357575
0.363307
0.368684
0.373571
0.377899
0.381658
0.384888
0.387659
0.390049
0.392145
0.394045
0.395759
0.397247
0.398517
0.399619
0.400613
0.401544
0.402438
0.403301
0.404136
0.404943
0.405721
0.406468
0.407183
0.407859
0.408491
0.409074
0.409605
0.410083
0.410511
0.410892
0.411234
0.411542
0.411822
0.412078
0.412317
0.412539
0.412748
0.412947
0.413135
0.413315
0.413487
0.413650
0.413806
0.413954
0.414093
0.414224
0.414345
0.414457
0.414560
0.414653
0.414736
0.414810
0.414876
0.414934
0.414988
0.415039
0.415092
0.415147
0.415204
0.415261
0.415322
0.415394
0.415484
0.415595
0.415732
0.415894
0.416079
0.416274
0.416459
0.416623
0.416764
0.416886
0.416991
0.417081
0.417162
0.417235
0.417304
0.417373
0.417442
0.417515
0.417595
0.417684
0.417787
0.417907
0.418051
0.418229
0.418452
0.418733
0.419088
0.419531
0.420068
0.420691
0.421371
0.422069
0.422751
0.423400
0.424010
0.424584
0.425127
0.425641
0.426130
0.426596
0.427042
0.427466
0.427866
0.428242
0.428593
0.428919
0.429222
0.429504
0.429768
0.430013
0.430244
0.430461
0.430666
0.430861
0.431046
0.431223
0.431391
0.431553
0.431707
0.431852
0.431988
0.432110
0.432207
0.432252
0.432295
0.432388
0.432492
0.432584
0.432664
0.432730
0.432798
0.432921
0.433104
0.433336
0.433614
0.433732
0.433834
0.433883
0.433976
0.433944
0.434082
0.433986
0.434169
0.434052
0.434133
0.434235
0.434279
0.434311
0.434334
0.434346
0.434386
0.434474
0.434567
0.434637
0.434690
0.434744
0.434797
0.434848
0.434897
0.434945
0.434991
0.435034
0.435076
0.435117
0.435156
0.435194
0.435232
0.435268
0.435304
0.435340
0.435376
0.435412
0.435447
0.435483
0.435519
0.435556
0.435592
0.435630
0.435668
0.435706
0.435746
0.435786
0.435827
0.435870
0.435913
0.435958
0.436004
0.436052
0.436101
0.436152
0.436206
0.436261
0.436319
0.436379
0.436442
0.436507
0.436574
0.436644
0.436715
0.436789
0.436865
0.436942
0.437021
0.437102
0.437184
0.437267
0.437351
0.437437
0.437523
0.437610
0.437698
0.437786
0.437875
0.437964
0.438054
0.438144
0.438235
0.438326
0.438418
0.438509
0.438602
0.438694
0.438787
0.438880
0.438974
0.439068
0.439163
0.439258
0.439353
0.439449
0.439545
0.439642
0.439739
0.439836
0.439933
0.440029
0.440126
0.440221
0.440317
0.440412
0.440507
0.440604
0.440702
0.440802
0.440904
0.441009
0.441116
0.441225
0.441336
0.441450
0.441566
0.441685
0.441807
0.441933
0.442062
0.442194
0.442330
0.442469
0.442610
0.442751
0.442892
0.443029
0.443160
0.443282
0.443393
0.443493
0.443583
0.443665
0.443742
0.443815
0.443886
0.443956
0.444025
0.444095
0.444165
0.444236
0.444307
0.444377
0.444447
0.444517
0.444584
0.444651
0.444715
0.444776
0.444835
0.444890
0.444942
0.444991
0.445036
0.445077
0.445115
0.445150
0.445181
0.445209
0.445234
0.445256
0.445275
0.445293
0.445308
0.445322
0.445333
0.445343
0.445352
0.445360
0.445366
0.445371
0.445376
0.445379
0.445382
0.445384
0.445385
0.445385
0.445385
0.445384
0.445383
0.445381
0.445379
0.445376
0.445373
0.445369
0.445365
0.445361
0.445356
0.445352
0.445346
0.445341
0.445335
0.445329
0.445323
0.445316
0.445310
0.445303
0.445296
0.445289
0.445281
0.445274
0.445266
0.445258
0.445251
0.445243
0.445235
0.445227
0.445219
0.445211
0.445203
0.445194
0.445186
0.445178
0.445170
0.445162
0.445154
0.445146
0.445138
0.445130
0.445122
0.445114
0.445106
0.445098
0.445090
0.445083
0.445075
0.445068
0.445061
0.445053
0.445046
0.445040
0.445033
0.445026
0.445020
0.445014
0.445008
0.445002
0.444997
0.444991
0.444986
0.444981
0.444977
0.444973
0.444969
0.444965
0.444962
0.444959
0.444956
0.444953
0.444951
0.444949
0.444948
0.444946
0.444945
0.444944
0.444944
0.444943
0.444943
0.444944
0.444944
0.444945
0.444946
0.444947
0.444949
0.444950
0.444952
0.444955
0.444957
0.444960
0.444963
0.444966
0.444970
0.444973
0.444978
0.444982
0.444986
0.444991
0.444996
0.445002
0.445008
0.445013
0.445020
0.445026
0.445033
0.445040
0.445048
0.445055
0.445063
0.445071
0.445080
0.445088
0.445098
0.445107
0.445116
0.445126
0.445136
0.445146
0.445157
0.445168
0.445179
0.445190
0.445201
0.445213
0.445225
0.445237
0.445249
0.445262
0.445274
0.445287
0.445300
0.445313
0.445326
0.445340
0.445354
0.445354
0.445367
0.445381
0.445395
0.445410
0.445424
0.445438
0.445453
0.445467
0.445482
0.445497
0.445512
0.445527
0.445542
0.445557
0.445572
0.445588
0.445603
0.445618
0.445634
0.445649
0.445664
0.445680
0.445695
0.445711
0.445726
0.445742
0.445757
0.445773
0.445788
0.445804
0.445819
0.445835
0.445850
0.445865
0.445880
0.445895
0.445911
0.445926
0.445940
0.445955
0.445970
0.445985
0.445999
0.446014
0.446028
0.446042
0.446056
0.446070
0.446084
0.446098
0.446111
0.446124
0.446138
0.446151
0.446163
0.446176
0.446188
0.446201
0.446213
0.446224
0.446236
0.446247
0.446259
0.446270
0.446280
0.446291
0.446301
0.446311
0.446320
0.446330
0.446339
0.446347
0.446356
0.446364
0.446372
0.446380
0.446387
0.446394
0.446400
0.446406
0.446412
0.446418
0.446423
0.446428
0.446432
0.446436
0.446439
0.446443
0.446445
0.446448
0.446450
0.446451
0.446452
0.446453
0.446453
0.446453
0.446452
0.446451
0.446449
0.446447
0.446444
0.446441
0.446437
0.446433
0.446428
0.446423
0.446417
0.446410
0.446403
0.446396
0.446388
0.446379
0.446370
0.446360
0.446349
0.446338
0.446326
0.446314
0.446301
0.446287
0.446273
0.446258
0.446243
0.446226
0.446209
0.446192
0.446173
0.446154
0.446134
0.446114
0.446093
0.446071
0.446048
0.446025
0.446000
0.445975
0.445950
0.445923
0.445896
0.445868
0.445839
0.445809
0.445778
0.445747
0.445714
0.445681
0.445647
0.445612
0.445576
0.445540
0.445502
0.445464
0.445424
0.445384
0.445343
0.445300
0.445257
0.445213
0.445168
0.445122
0.445075
0.445027
0.444978
0.444928
0.444876
0.444824
0.444771
0.444717
0.444661
0.444605
0.444547
0.444489
0.444429
0.444368
0.444306
0.444243
0.444178
0.444113
0.444046
0.443978
0.443909
0.443839
0.443767
0.443694
0.443620
0.443545
0.443468
0.443390
0.443311
0.443230
0.443148
0.443065
0.442980
0.442894
0.442807
0.442718
0.442628
0.442536
0.442443
0.442349
0.442253
0.442155
0.442056
0.441956
0.441853
0.441750
0.441645
0.441538
0.441429
0.441319
0.441208
0.441095
0.440980
0.440863
0.440745
0.440625
0.440503
0.440380
0.440255
0.440128
0.439999
0.439868
0.439736
0.439602
0.439466
0.439328
0.439189
0.439047
0.438904
0.438758
0.438611
0.438462
0.438311
0.438158
0.438003
0.437846
0.437687
0.437526
0.437363
0.437198
0.437031
0.436862
0.436691
0.436518
0.436343
0.436165
0.435986
0.435805
0.435622
0.435437
0.435249
0.435060
0.434869
0.434675
0.434480
0.434283
0.434083
0.433882
0.433678
0.433473
0.433265
0.433056
0.432845
0.432632
0.432417
0.432200
0.431981
0.431760
0.431537
0.431313
0.431087
0.430859
0.430630
0.430398
0.430166
0.429931
0.429695
0.429458
0.429219
0.428978
0.428736
0.428493
0.428249
0.428003
0.427756
0.427508
0.427259
0.427009
0.426758
0.426506
0.426254
0.426000
0.425746
0.425491
0.425236
0.424980
0.424724
0.424468
0.424211
0.423954
0.423697
0.423440
0.423183
0.422927
0.422670
0.422414
0.422159
0.421904
0.421649
0.421395
0.421142
0.420890
0.420638
0.420388
0.420138
0.419889
0.419642
0.419395
0.419149
0.418905
0.418661
0.418419
0.418177
0.417937
0.417697
0.417459
0.417221
0.416984
0.416749
0.416514
0.416280
0.416047
0.415814
0.415582
0.415351
0.415121
0.414891
0.414661
0.414433
0.414204
0.413977
0.413749
0.413522
0.413295
0.413069
0.412843
0.412617
0.412392
0.412166
0.411941
0.411716
0.411491
0.411266
0.411042
0.410817
0.410592
0.410367
0.410142
0.409917
0.409692
0.409467
0.409242
0.409016
0.408790
0.408564
0.408337
0.408110
0.407883
0.407655
0.407427
0.407197
0.406968
0.406740
0.406516
0.406307
0.406108
0.405920
0.405746
0.405530
0.405394
0.405118
0.404772
0.404448
0.404156
0.403895
0.403652
0.403411
0.403165
0.402912
0.402658
0.402406
0.402159
0.401920
0.401698
0.401509
0.401349
0.401370
0.401098
0.400775
0.400516
0.400234
0.400342
0.399997
0.399666
0.399385
0.399232
0.398989
0.399253
0.398855
0.398532
0.398300
0.398025
0.398277
0.397898
0.397611
0.397287
0.397386
0.397089
0.397454
0.396977
0.396715
0.396228
0.396645
0.396215
0.396023
0.395634
0.396072
0.395636
0.395420
0.395001
0.395493
0.395025
0.394793
0.394372
0.394925
0.394433
0.394167
0.393732
0.394292
0.393779
0.393291
0.393259
0.392837
0.393215
0.392825
0.392087
0.392356
0.391920
0.391303
0.391537
0.391194
0.390695
0.390897
0.390649
0.390135
0.390399
0.390069
0.389522
0.389760
0.389423
0.388897
0.389218
0.388864
0.388306
0.388617
0.388225
0.387673
0.388051
0.387654
0.387089
0.387450
0.387018
0.386444
0.386888
0.386446
0.385891
0.386276
0.385816
0.385225
0.385756
0.385253
0.384738
0.385104
0.384619
0.384020
0.384694
0.384064
0.383446
0.383979
0.383094
0.383492
0.382718
0.382990
0.382168
0.382613
0.382146
0.381437
0.381854
0.381106
0.381106
0.381076
0.380474
0.381360
0.380265
0.380477
0.379849
0.379190
0.379797
0.378933
0.379468
0.378483
0.378899
0.378213
0.377508
0.378192
0.377402
0.377943
0.376785
0.377086
0.376575
0.375971
0.376535
0.375598
0.376323
0.375138
0.375502
0.374770
0.374362
0.374587
0.373890
0.374618
0.373472
0.374174
0.372858
0.373009
0.372355
0.372528
0.371790
0.372519
0.371442
0.371929
0.370815
0.371287
0.370245
0.370691
0.369765
0.370240
0.369280
0.369737
0.368799
0.369251
0.368276
0.368741
0.367778
0.368249
0.367262
0.367731
0.366752
0.367232
0.366239
0.366717
0.365724
0.366209
0.365209
0.365696
0.364693
0.365185
0.364175
0.364673
0.363658
0.364163
0.363140
0.363653
0.362622
0.363145
0.362106
0.362638
0.361589
0.362130
0.361072
0.361619
0.360553
0.361106
0.360033
0.360591
0.359514
0.360077
0.358995
0.359564
0.358479
0.359053
0.357964
0.358544
0.357450
0.358037
0.356937
0.357535
0.356424
0.357036
0.355910
0.356543
0.355399
0.356054
0.354889
0.355567
0.354381
0.355077
0.353875
0.354580
0.353367
0.354074
0.352856
0.353560
0.352340
0.353043
0.351825
0.352524
0.351311
0.352006
0.350799
0.351489
0.350289
0.350974
0.349779
0.350460
0.349271
0.349946
0.348767
0.349426
0.348272
0.348894
0.347783
0.348348
0.347296
0.347792
0.346804
0.347234
0.346312
0.346681
0.345823
0.346135
0.345341
0.345595
0.344865
0.345061
0.344395
0.344530
0.343928
0.344001
0.343464
0.343473
0.343001
0.342946
0.342537
0.342420
0.342068
0.341898
0.341593
0.341383
0.341109
0.340874
0.340616
0.340370
0.340117
0.339866
0.339614
0.339361
0.339108
0.338855
0.338601
0.338347
0.338092
0.337838
0.337583
0.337329
0.337075
0.336821
0.336567
0.336314
0.336062
0.335810
0.335559
0.335309
0.335060
0.334812
0.334565
0.334319
0.334074
0.333831
0.333589
0.333348
0.333109
0.332871
0.332635
0.332400
0.332166
0.331934
0.331703
0.331473
0.331245
0.331017
0.330791
0.330566
0.330342
0.330118
0.329896
0.329674
0.329453
0.329233
0.329013
0.328794
0.328575
0.328357
0.328139
0.327921
0.327703
0.327486
0.327268
0.327051
0.326833
0.326616
0.326398
0.326180
0.325962
0.325744
0.325526
0.325307
0.325088
0.324869
0.324650
0.324430
0.324210
0.323990
0.323770
0.323549
0.323328
0.323107
0.322886
0.322665
0.322443
0.322222
0.322000
0.321779
0.321558
0.321336
0.321116
0.320895
0.320676
0.320456
0.320238
0.320020
0.319803
0.319588
0.319373
0.319160
0.318947
0.318737
0.318528
0.318320
0.318114
0.317910
0.317708
0.317507
0.317308
0.317112
0.316917
0.316724
0.316533
0.316344
0.316157
0.315972
0.315789
0.315608
0.315429
0.315251
0.315076
0.314903
0.314733
0.314564
0.314398
0.314234
0.314072
0.313913
0.313757
0.313603
0.313452
0.313304
0.313159
0.313018
0.312879
0.312744
0.312611
0.312483
0.312357
0.312235
0.312117
0.312001
0.311889
0.311781
0.311675
0.311573
0.311474
0.311378
0.311285
0.311195
0.311108
0.311024
0.310942
0.310863
0.310787
0.310713
0.310641
0.310572
0.310504
0.310437
0.310372
0.310307
0.310241
0.310173
0.310103
0.310029
0.309951
0.309869
0.309782
0.309693
0.309601
0.309508
0.309414
0.309319
0.309225
0.309131
0.309039
0.308949
0.308861
0.308777
0.308695
0.308616
0.308540
0.308466
0.308394
0.308324
0.308254
0.308184
0.308114
0.308045
0.307974
0.307904
0.307833
0.307761
0.307689
0.307617
0.307544
0.307471
0.307397
0.307324
0.307251
0.307177
0.307104
0.307032
0.306960
0.306889
0.306819
0.306751
0.306684
0.306620
0.306558
0.306500
0.306446
0.306396
0.306350
0.306309
0.306272
0.306238
0.306206
0.306176
0.306146
0.306114
0.306082
0.306047
0.306011
0.305972
0.305932
0.305890
0.305848
0.305807
0.305767
0.305729
0.305695
0.305663
0.305635
0.305607
0.305580
0.305549
0.305515
0.305473
0.305425
0.305371
0.305312
0.305251
0.305187
0.305124
0.305060
0.304998
0.304937
0.304878
0.304822
0.304768
0.304716
0.304668
0.304622
0.304578
0.304537
0.304498
0.304461
0.304426
0.304393
0.304361
0.304331
0.304302
0.304274
0.304247
0.304221
0.304196
0.304171
0.304147
0.304124
0.304101
0.304079
0.304057
0.304035
0.304014
0.303992
0.303972
0.303951
0.303930
0.303910
0.303890
0.303870
0.303850
0.303830
0.303810
0.303790
0.303770
0.303750
0.303730
0.303710
0.303690
0.303670
0.303650
0.303629
0.303609
0.303588
0.303566
0.303545
0.303523
0.303501
0.303479
0.303455
0.303432
0.303408
0.303383
0.303358
0.303332
0.303305
0.303277
0.303249
0.303219
0.303189
0.303157
0.303125
0.303091
0.303055
0.303019
0.302980
0.302940
0.302898
0.302855
0.302809
0.302761
0.302710
0.302657
0.302602
0.302543
0.302482
0.302418
0.302351
0.302282
0.302211
0.302139
0.302065
0.301992
0.301918
0.301845
0.301772
0.301700
0.301628
0.301557
0.301485
0.301413
0.301413
0.301341
0.301266
0.301207
0.301029
0.302000
0.300660
0.300517
0.300607
0.300743
0.300854
0.300578
0.300634
0.300672
0.300636
0.300624
0.300619
0.300614
0.300605
0.300595
0.300587
0.300579
0.300569
0.300554
0.300532
0.300499
0.300457
0.300406
0.300347
0.300282
0.300213
0.300139
0.300061
0.299979
0.299894
0.299806
0.299715
0.299621
0.299525
0.299427
0.299328
0.299227
0.299124
0.299020
0.298915
0.298809
0.298702
0.298593
0.298484
0.298374
0.298263
0.298151
0.298037
0.297923
0.297806
0.297688
0.297569
0.297447
0.297323
0.297196
0.297067
0.296936
0.296801
0.296664
0.296524
0.296382
0.296237
0.296089
0.295939
0.295787
0.295632
0.295475
0.295316
0.295155
0.294992
0.294828
0.294661
0.294493
0.294324
0.294153
0.293981
0.293807
0.293632
0.293456
0.293279
0.293100
0.292921
0.292740
0.292559
0.292376
0.292193
0.292009
0.291824
0.291638
0.291451
0.291264
0.291076
0.290887
0.290698
0.290509
0.290319
0.290129
0.289939
0.289749
0.289558
0.289368
0.289178
0.288989
0.288800
0.288611
0.288423
0.288236
0.288049
0.287864
0.287680
0.287497
0.287316
0.287136
0.286958
0.286782
0.286608
0.286435
0.286265
0.286098
0.285932
0.285770
0.285610
0.285453
0.285299
0.285148
0.285000
0.284855
0.284715
0.284577
0.284443
0.284314
0.284188
0.284066
0.283948
0.283834
0.283725
0.283620
0.283520
0.283424
0.283333
0.283247
0.283166
0.283090
0.283018
0.282952
0.282892
0.282836
0.282786
0.282742
0.282703
0.282669
0.282642
0.282620
0.282604
0.282594
0.282590
0.282592
0.282600
0.282614
0.282634
0.282661
0.282694
0.282733
0.282779
0.282831
0.282890
0.282955
0.283026
0.283105
0.283189
0.283280
0.283378
0.283482
0.283593
0.283711
0.283835
0.283965
0.284102
0.284245
0.284395
0.284551
0.284714
0.284882
0.285057
0.285238
0.285425
0.285618
0.285816
0.286021
0.286231
0.286447
0.286668
0.286894
0.287125
0.287362
0.287603
0.287849
0.288100
0.288355
0.288615
0.288879
0.289147
0.289418
0.289693
0.289972
0.290254
0.290540
0.290828
0.291119
0.291413
0.291710
0.292008
0.292309
0.292612
0.292917
0.293224
0.293532
0.293841
0.294152
0.294463
0.294776
0.295089
0.295403
0.295718
0.296033
0.296348
0.296663
0.296979
0.297294
0.297608
0.297923
0.298237
0.298550
0.298863
0.299175
0.299486
0.299797
0.300106
0.300414
0.300721
0.301027
0.301331
0.301634
0.301936
0.302236
0.302535
0.302832
0.303128
0.303422
0.303714
0.304005
0.304294
0.304581
0.304866
0.305150
0.305432
0.305712
0.305990
0.306266
0.306541
0.306813
0.307084
0.307353
0.307620
0.307885
0.308148
0.308410
0.308669
0.308927
0.309183
0.309437
0.309690
0.309940
0.310189
0.310436
0.310681
0.310925
0.311166
0.311406
0.311645
0.311881
0.312116
0.312350
0.312581
0.312811
0.313040
0.313266
0.313492
0.313715
0.313937
0.314158
0.314377
0.314595
0.314811
0.315025
0.315238
0.315450
0.315660
0.315869
0.316076
0.316282
0.316487
0.316690
0.316891
0.317092
0.317291
0.317488
0.317684
0.317879
0.318073
0.318265
0.318455
0.318645
0.318833
0.319019
0.319204
0.319388
0.319570
0.319751
0.319931
0.320109
0.320286
0.320461
0.320635
0.320807
0.320978
0.321147
0.321314
0.321480
0.321645
0.321807
0.321968
0.322128
0.322285
0.322441
0.322595
0.322747
0.322897
0.323045
0.323191
0.323335
0.323477
0.323617
0.323754
0.323889
0.324022
0.324152
0.324280
0.324405
0.324528
0.324647
0.324764
0.324878
0.324989
0.325096
0.325201
0.325302
0.325399
0.325493
0.325584
0.325670
0.325753
0.325831
0.325906
0.325976
0.326041
0.326102
0.326158
0.326210
0.326256
0.326297
0.326333
0.326363
0.326388
0.326408
0.326421
0.326428
0.326429
0.326424
0.326413
0.326395
0.326371
0.326340
0.326302
0.326258
0.326207
0.326149
0.326084
0.326012
0.325934
0.325848
0.325757
0.325658
0.325554
0.325443
0.325327
0.325205
0.325078
0.324946
0.324809
0.324669
0.324525
0.324378
0.324228
0.324076
0.323920
0.323759
0.323590
0.323408
0.323210
0.322992
0.322755
0.322503
0.322240
0.321972
0.321704
0.321439
0.321180
0.320929
0.320688
0.320456
0.320234
0.320022
0.319820
0.319626
0.319441
0.319265
0.319097
0.318937
0.318784
0.318639
0.318501
0.318370
0.318246
0.318129
0.318018
0.317913
0.317814
0.317720
0.317632
0.317550
0.317472
0.317400
0.317332
0.317268
0.317209
0.317154
0.317103
0.317056
0.317013
0.316973
0.316936
0.316902
0.316872
0.316845
0.316820
0.316798
0.316779
0.316762
0.316747
0.316735
0.316724
0.316716
0.316709
0.316705
0.316702
0.316701
0.316701
0.316703
0.316706
0.316711
0.316717
0.316724
0.316732
0.316742
0.316752
0.316764
0.316777
0.316790
0.316805
0.316820
0.316836
0.316853
0.316871
0.316890
0.316909
0.316929
0.316950
0.316972
0.316994
0.317017
0.317040
0.317064
0.317089
0.317114
0.317114
0.317140
0.317167
0.317195
0.317223
0.317251
0.317281
0.317311
0.317342
0.317373
0.317405
0.317438
0.317472
0.317507
0.317542
0.317578
0.317616
0.317654
0.317692
0.317732
0.317773
0.317815
0.317858
0.317902
0.317947
0.317994
0.318041
0.318090
0.318140
0.318191
0.318244
0.318298
0.318354
0.318411
0.318470
0.318530
0.318592
0.318656
0.318721
0.318788
0.318857
0.318928
0.319001
0.319076
0.319152
0.319231
0.319312
0.319396
0.319481
0.319569
0.319659
0.319751
0.319846
0.319944
0.320044
0.320146
0.320251
0.320359
0.320469
0.320582
0.320698
0.320817
0.320938
0.321062
0.321190
0.321320
0.321453
0.321589
0.321727
0.321869
0.322014
0.322162
0.322313
0.322467
0.322624
0.322784
0.322946
0.323112
0.323281
0.323453
0.323627
0.323805
0.323985
0.324168
0.324354
0.324543
0.324734
0.324928
0.325125
0.325324
0.325525
0.325729
0.325935
0.326144
0.326354
0.326567
0.326782
0.326998
0.327217
0.327437
0.327658
0.327882
0.328106
0.328332
0.328560
0.328788
0.329018
0.329248
0.329480
0.329712
0.329945
0.330179
0.330413
0.330647
0.330882
0.331117
0.331352
0.331587
0.331822
0.332057
0.332292
0.332526
0.332760
0.332994
0.333227
0.333460
0.333692
0.333923
0.334154
0.334384
0.334613
0.334841
0.335068
0.335294
0.335519
0.335743
0.335965
0.336187
0.336407
0.336627
0.336845
0.337061
0.337277
0.337491
0.337703
0.337914
0.338124
0.338333
0.338540
0.338745
0.338949
0.339151
0.339352
0.339551
0.339748
0.339944
0.340138
0.340330
0.340520
0.340709
0.340896
0.341080
0.341263
0.341444
0.341623
0.341800
0.341975
0.342147
0.342318
0.342486
0.342653
0.342817
0.342978
0.343138
0.343295
0.343450
0.343603
0.343753
0.343901
0.344046
0.344190
0.344330
0.344469
0.344605
0.344739
0.344871
0.345000
0.345127
0.345252
0.345374
0.345494
0.345613
0.345729
0.345844
0.345957
0.346068
0.346178
0.346288
0.346398
0.346510
0.346626
0.346752
0.346890
0.346991
0.347029
0.347153
0.347267
0.347409
0.347499
0.347644
0.347679
0.347892
0.347833
0.348117
0.348049
0.348195
0.348214
0.348420
0.348329
0.348522
0.348466
0.348681
0.348619
0.348674
0.348778
0.348714
0.348907
0.348852
0.348835
0.349007
0.348942
0.348920
0.349063
0.349021
0.349001
0.349053
0.348980
0.349081
0.349075
0.349033
0.349060
0.349018
0.349035
0.348970
0.349004
0.348986
0.348968
0.348916
0.348896
0.348880
0.348962
0.348964
0.348865
0.348773
0.348686
0.348771
0.348740
0.348579
0.348547
0.348399
0.348633
0.348661
0.348600
0.348666
0.348695
0.348703
0.348703
0.348686
0.348661
0.348628
0.348587
0.348543
0.348496
0.348448
0.348398
0.348346
0.348293
0.348237
0.348180
0.348121
0.348061
0.348000
0.347937
0.347873
0.347807
0.347740
0.347672
0.347601
0.347529
0.347456
0.347381
0.347305
0.347227
0.347148
0.347068
0.346987
0.346904
0.346821
0.346736
0.346650
0.346564
0.346476
0.346388
0.346299
0.346209
0.346119
0.346028
0.345936
0.345844
0.345751
0.345658
0.345564
0.345470
0.345375
0.345280
0.345185
0.345089
0.344992
0.344895
0.344798
0.344700
0.344602
0.344503
0.344404
0.344304
0.344204
0.344103
0.344002
0.343900
0.343797
0.343694
0.343590
0.343486
0.343381
0.343275
0.343168
0.343061
0.342952
0.342843
0.342733
0.342622
0.342511
0.342398
0.342284
0.342169
0.342053
0.341936
0.341817
0.341697
0.341576
0.341454
0.341330
0.341204
0.341077
0.340948
0.340817
0.340684
0.340550
0.340413
0.340274
0.340133
0.339989
0.339843
0.339695
0.339543
0.339389
0.339233
0.339073
0.338910
0.338744
0.338574
0.338402
0.338226
0.338046
0.337863
0.337677
0.337486
0.337292
0.337094
0.336892
0.336686
0.336476
0.336262
0.336043
0.335820
0.335593
0.335362
0.335126
0.334885
0.334640
0.334389
0.334135
0.333875
0.333610
0.333340
0.333065
0.332785
0.332500
0.332209
0.331913
0.331611
0.331304
0.330990
0.330672
0.330347
0.330016
0.329679
0.329336
0.328987
0.328631
0.328269
0.327901
0.327525
0.327143
0.326755
0.326359
0.325957
0.325547
0.325130
0.324706
0.324275
0.323836
0.323390
0.322936
0.322474
0.322005
0.321528
0.321044
0.320551
0.320051
0.319543
0.319027
0.318503
0.317971
0.317432
0.316885
0.316330
0.315767
0.315197
0.314619
0.314034
0.313442
0.312843
0.312237
0.311625
0.311006
0.310381
0.309751
0.309115
0.308474
0.307828
0.307178
0.306524
0.305866
0.305206
0.304543
0.303878
0.303211
0.302544
0.301877
0.301209
0.300543
0.299878
0.299215
0.298555
0.297898
0.297246
0.296598
0.295955
0.295318
0.294687
0.294064
0.293449
0.292841
0.292243
0.291653
0.291074
0.290505
0.289946
0.289399
0.288863
0.288339
0.287827
0.287327
0.286841
0.286367
0.285906
0.285458
0.285024
0.284603
0.284196
0.283802
0.283421
0.283054
0.282701
0.282361
0.282034
0.281720
0.281419
0.281131
0.281131
0.280856
0.280593
0.280342
0.280104
0.279877
0.279662
0.279458
0.279265
0.279083
0.278912
0.278751
0.278600
0.278459
0.278327
0.278205
0.278092
0.277988
0.277892
0.277804
0.277724
0.277652
0.277588
0.277531
0.277480
0.277437
0.277400
0.277370
0.277346
0.277327
0.277314
0.277307
0.277305
0.277309
0.277317
0.277330
0.277347
0.277369
0.277395
0.277426
0.277460
0.277498
0.277539
0.277584
0.277633
0.277684
0.277739
0.277797
0.277857
0.277921
0.277987
0.278055
0.278126
0.278199
0.278275
0.278352
0.278432
0.278513
0.278597
0.278682
0.278769
0.278858
0.278948
0.279040
0.279133
0.279227
0.279323
0.279420
0.279519
0.279618
0.279719
0.279820
0.279923
0.280026
0.280130
0.280235
0.280341
0.280447
0.280554
0.280662
0.280770
0.280878
0.280987
0.281095
0.281204
0.281313
0.281421
0.281529
0.281636
0.281742
0.281847
0.281949
0.282049
0.282146
0.282237
0.282321
0.282396
0.282456
0.282493
0.282498
0.282455
0.281951
0.281003
0.282108
0.281925
0.282488
0.281910
0.283293
0.283283
0.283949
0.283489
0.285032
0.285074
0.285594
0.285084
0.286474
0.286271
0.287000
0.286281
0.287700
0.287675
0.287850
0.287508
0.288494
0.287931
0.289127
0.288762
0.289428
0.288734
0.289971
0.289748
0.290236
0.289644
0.290770
0.290411
0.291122
0.290527
0.291557
0.291170
0.291889
0.291350
0.292312
0.291907
0.292652
0.292153
0.293028
0.292603
0.293366
0.292909
0.293715
0.293293
0.294053
0.293630
0.294387
0.293981
0.294716
0.294320
0.295039
0.294657
0.295360
0.294992
0.295677
0.295324
0.295992
0.295654
0.296304
0.295982
0.296613
0.296308
0.296920
0.296633
0.297225
0.296956
0.297528
0.297279
0.297829
0.297600
0.298128
0.297920
0.298425
0.298240
0.298720
0.298558
0.299013
0.298875
0.299305
0.299191
0.299594
0.299506
0.299881
0.299820
0.300167
0.300132
0.300451
0.300443
0.300735
0.300751
0.301017
0.301057
0.301298
0.301359
0.301578
0.301659
0.301858
0.301954
0.302137
0.302246
0.302416
0.302534
0.302693
0.302817
0.302968
0.303097
0.303242
0.303373
0.303513
0.303645
0.303782
0.303914
0.304049
0.304181
0.304313
0.304444
0.304575
0.304704
0.304834
0.304962
0.305090
0.305218
0.305344
0.305471
0.305596
0.305721
0.305846
0.305970
0.306094
0.306217
0.306339
0.306461
0.306583
0.306704
0.306824
0.306945
0.307064
0.307184
0.307303
0.307421
0.307539
0.307657
0.307774
0.307891
0.308008
0.308124
0.308240
0.308356
0.308471
0.308586
0.308700
0.308815
0.308929
0.309042
0.309156
0.309269
0.309381
0.309494
0.309606
0.309718
0.309830
0.309941
0.310052
0.310163
0.310273
0.310384
0.310494
0.310603
0.310713
0.310822
0.310931
0.311040
0.311149
0.311257
0.311365
0.311473
0.311581
0.311688
0.311795
0.311902
0.312009
0.312116
0.312222
0.312328
0.312434
0.312539
0.312645
0.312750
0.312855
0.312960
0.313065
0.313169
0.313274
0.313378
0.313482
0.313585
0.313689
0.313792
0.313895
0.313998
0.314101
0.314203
0.314306
0.314408
0.314510
0.314612
0.314714
0.314815
0.314916
0.315018
0.315118
0.315219
0.315320
0.315420
0.315521
0.315621
0.315721
0.315820
0.315920
0.316020
0.316119
0.316218
0.316317
0.316416
0.316514
0.316613
0.316711
0.316809
0.316907
0.317005
0.317102
0.317200
0.317297
0.317394
0.317491
0.317588
0.317685
0.317781
0.317878
0.317974
0.318070
0.318166
0.318261
0.318357
0.318452
0.318547
0.318642
0.318737
0.318832
0.318927
0.319021
0.319115
0.319209
0.319303
0.319397
0.319491
0.319584
0.319677
0.319771
0.319864
0.319956
0.320049
0.320142
0.320234
0.320326
0.320418
0.320510
0.320602
0.320693
0.320785
0.320876
0.320967
0.321058
0.321149
0.321239
0.321330
0.321420
0.321510
0.321600
0.321690
0.321779
0.321869
0.321958
0.322047
0.322136
0.322225
0.322314
0.322402
0.322491
0.322579
0.322667
0.322755
0.322843
0.322930
0.323018
0.323105
0.323192
0.323279
0.323366
0.323453
0.323539
0.323625
0.323712
0.323798
0.323883
0.323969
0.324055
0.324140
0.324225
0.324310
0.324395
0.324480
0.324565
0.324649
0.324734
0.324818
0.324902
0.324986
0.325069
0.325153
0.325236
0.325319
0.325403
0.325485
0.325568
0.325651
0.325733
0.325816
0.325898
0.325980
0.326061
0.326143
0.326225
0.326306
0.326387
0.326468
0.326549
0.326630
0.326710
0.326791
0.326871
0.326951
0.327031
0.327110
0.327190
0.327269
0.327349
0.327428
0.327507
0.327585
0.327664
0.327742
0.327820
0.327898
0.327976
0.328054
0.328131
0.328208
0.328285
0.328362
0.328439
0.328516
0.328592
0.328668
0.328744
0.328820
0.328895
0.328971
0.329046
0.329121
0.329196
0.329270
0.329345
0.329419
0.329493
0.329566
0.329640
0.329713
0.329786
0.329859
0.329932
0.330004
0.330076
0.330148
0.330220
0.330292
0.330363
0.330434
0.330505
0.330575
0.330646
0.330716
0.330786
0.330786
0.330855
0.330925
0.330994
0.331063
0.331132
0.331200
0.331269
0.331337
0.331405
0.331472
0.331540
0.331607
0.331674
0.331741
0.331807
0.331874
0.331940
0.332006
0.332072
0.332138
0.332203
0.332268
0.332334
0.332399
0.332464
0.332529
0.332593
0.332658
0.332722
0.332787
0.332851
0.332916
0.332980
0.333044
0.333108
0.333173
0.333237
0.333301
0.333366
0.333430
0.333494
0.333559
0.333623
0.333688
0.333753
0.333818
0.333883
0.333948
0.334013
0.334078
0.334144
0.334209
0.334275
0.334341
0.334407
0.334473
0.334539
0.334606
0.334672
0.334739
0.334806
0.334873
0.334940
0.335007
0.335074
0.335142
0.335209
0.335277
0.335345
0.335413
0.335480
0.335548
0.335616
0.335684
0.335752
0.335821
0.335889
0.335957
0.336025
0.336093
0.336161
0.336229
0.336297
0.336365
0.336433
0.336501
0.336569
0.336637
0.336705
0.336772
0.336840
0.336907
0.336974
0.337041
0.337108
0.337175
0.337242
0.337309
0.337375
0.337441
0.337507
0.337573
0.337639
0.337705
0.337770
0.337835
0.337900
0.337965
0.338030
0.338094
0.338158
0.338222
0.338286
0.338349
0.338412
0.338475
0.338538
0.338601
0.338663
0.338725
0.338787
0.338848
0.338909
0.338970
0.339031
0.339091
0.339152
0.339212
0.339271
0.339331
0.339390
0.339449
0.339507
0.339565
0.339623
0.339681
0.339739
0.339796
0.339853
0.339909
0.339966
0.340022
0.340077
0.340133
0.340188
0.340243
0.340298
0.340352
0.340406
0.340460
0.340514
0.340567
0.340620
0.340673
0.340725
0.340778
0.340830
0.340881
0.340933
0.340984
0.341035
0.341086
0.341136
0.341186
0.341236
0.341286
0.341335
0.341384
0.341433
0.341482
0.341530
0.341578
0.341626
0.341674
0.341722
0.341769
0.341816
0.341863
0.341909
0.341955
0.342002
0.342047
0.342093
0.342139
0.342184
0.342229
0.342274
0.342318
0.342363
0.342407
0.342451
0.342495
0.342538
0.342582
0.342625
0.342668
0.342711
0.342754
0.342796
0.342838
0.342880
0.342922
0.342964
0.343006
0.343047
0.343088
0.343129
0.343170
0.343211
0.343252
0.343292
0.343332
0.343373
0.343413
0.343452
0.343492
0.343531
0.343571
0.343610
0.343649
0.343688
0.343727
0.343766
0.343804
0.343842
0.343881
0.343919
0.343957
0.343995
0.344032
0.344070
0.344108
0.344145
0.344182
0.344219
0.344256
0.344293
0.344330
0.344367
0.344403
0.344440
0.344476
0.344512
0.344549
0.344585
0.344621
0.344657
0.344692
0.344728
0.344764
0.344799
0.344834
0.344870
0.344905
0.344940
0.344975
0.345010
0.345045
0.345080
0.345115
0.345149
0.345184
0.345218
0.345253
0.345287
0.345322
0.345356
0.345390
0.345424
0.345458
0.345492
0.345526
0.345560
0.345594
0.345627
0.345661
0.345695
0.345728
0.345762
0.345795
0.345829
0.345862
0.345895
0.345929
0.345962
0.345995
0.346028
0.346061
0.346094
0.346127
0.346160
0.346193
0.346226
0.346259
0.346292
0.346325
0.346358
0.346390
0.346423
0.346456
0.346488
0.346521
0.346554
0.346586
0.346619
0.346651
0.346684
0.346717
0.346749
0.346781
0.346814
0.346846
0.346879
0.346911
0.346944
0.346976
0.347009
0.347041
0.347073
0.347106
0.347138
0.347170
0.347203
0.347235
0.347267
0.347300
0.347332
0.347365
0.347397
0.347429
0.347462
0.347494
0.347526
0.347559
0.347591
0.347624
0.347656
0.347688
0.347721
0.347753
0.347786
0.347818
0.347851
0.347883
0.347916
0.347948
0.347981
0.348013
0.348046
0.348079
0.348111
0.348144
0.348177
0.348209
0.348242
0.348275
0.348308
0.348340
0.348373
0.348406
0.348439
0.348472
0.348505
0.348538
0.348571
0.348604
0.348637
0.348670
0.348703
0.348736
0.348770
0.348803
0.348836
0.348869
0.348903
0.348936
0.348970
0.349003
0.349037
0.349070
0.349104
0.349137
0.349171
0.349205
0.349239
0.349272
0.349306
0.349340
0.349374
0.349408
0.349442
0.349476
0.349511
0.349545
0.349579
0.349613
0.349648
0.349682
0.349716
0.349751
0.349786
0.349820
0.349855
0.349889
0.349924
0.349959
0.349994
0.350029
0.350064
0.350099
0.350134
0.350169
0.350204
0.350240
0.350275
0.350310
0.350346
0.350381
0.350417
0.350452
0.350488
0.350524
0.350560
0.350596
0.350632
0.350667
0.350704
0.350740
0.350776
0.350812
0.350848
0.350885
0.350921
0.350958
0.350994
0.351031
0.351068
0.351104
0.351141
0.351178
0.351215
0.351252
0.351289
0.351326
0.351363
0.351401
0.351438
0.351476
0.351513
0.351551
0.351588
0.351626
0.351664
0.351702
0.351739
0.351777
0.351815
0.351854
0.351892
0.351930
0.351968
0.352007
0.352045
0.352084
0.352122
0.352161
0.352200
0.352239
0.352277
0.352316
0.352355
0.352395
0.352434
0.352473
0.352512
0.352552
0.352591
0.352631
0.352670
0.352710
0.352750
0.352790
0.352830
0.352870
0.352910
0.352950
0.352990
0.353030
0.353070
0.353111
0.353151
0.353192
0.353233
0.353273
0.353314
0.353355
0.353396
0.353437
0.353478
0.353478
0.353519
0.353560
0.353602
0.353643
0.353685
0.353726
0.353768
0.353809
0.353851
0.353893
0.353935
0.353977
0.354019
0.354061
0.354103
0.354145
0.354188
0.354230
0.354273
0.354315
0.354358
0.354401
0.354443
0.354486
0.354529
0.354572
0.354615
0.354659
0.354702
0.354745
0.354788
0.354832
0.354875
0.354919
0.354963
0.355007
0.355050
0.355094
0.355138
0.355182
0.355226
0.355271
0.355315
0.355359
0.355404
0.355448
0.355493
0.355537
0.355582
0.355627
0.355672
0.355717
0.355762
0.355807
0.355852
0.355897
0.355943
0.355988
0.356033
0.356079
0.356125
0.356170
0.356216
0.356262
0.356308
0.356354
0.356400
0.356446
0.356492
0.356538
0.356585
0.356631
0.356678
0.356724
0.356771
0.356817
0.356864
0.356911
0.356958
0.357005
0.357052
0.357099
0.357146
0.357194
0.357241
0.357288
0.357336
0.357383
0.357431
0.357479
0.357527
0.357574
0.357622
0.357670
0.357718
0.357767
0.357815
0.357863
0.357911
0.357960
0.358008
0.358057
0.358106
0.358154
0.358203
0.358252
0.358301
0.358350
0.358399
0.358448
0.358497
0.358546
0.358596
0.358645
0.358695
0.358744
0.358794
0.358843
0.358893
0.358943
0.358993
0.359043
0.359093
0.359143
0.359193
0.359243
0.359294
0.359344
0.359395
0.359445
0.359496
0.359546
0.359597
0.359648
0.359699
0.359750
0.359801
0.359852
0.359903
0.359954
0.360005
0.360057
0.360108
0.360159
0.360211
0.360263
0.360314
0.360366
0.360418
0.360470
0.360522
0.360574
0.360626
0.360678
0.360730
0.360782
0.360835
0.360887
0.360939
0.360992
0.361045
0.361097
0.361150
0.361203
0.361256
0.361309
0.361362
0.361415
0.361468
0.361521
0.361574
0.361628
0.361681
0.361734
0.361788
0.361842
0.361895
0.361949
0.362003
0.362057
0.362110
0.362164
0.362218
0.362273
0.362327
0.362381
0.362435
0.362490
0.362544
0.362599
0.362653
0.362708
0.362762
0.362817
0.362872
0.362927
0.362982
0.363037
0.363092
0.363147
0.363202
0.363258
0.363313
0.363368
0.363424
0.363479
0.363535
0.363590
0.363646
0.363702
0.363758
0.363814
0.363870
0.363926
0.363982
0.364038
0.364094
0.364150
0.364207
0.364263
0.364319
0.364376
0.364432
0.364489
0.364546
0.364603
0.364659
0.364716
0.364773
0.364830
0.364887
0.364944
0.365002
0.365059
0.365116
0.365173
0.365231
0.365288
0.365346
0.365404
0.365461
0.365519
0.365577
0.365635
0.365692
0.365750
0.365808
0.365867
0.365925
0.365983
0.366041
0.366100
0.366158
0.366216
0.366275
0.366333
0.366392
0.366451
0.366509
0.366568
0.366627
0.366686
0.366745
0.366804
0.366863
0.366922
0.366982
0.367041
0.367100
0.367160
0.367219
0.367279
0.367338
0.367398
0.367457
0.367517
0.367577
0.367637
0.367697
0.367757
0.367817
0.367877
0.367937
0.367997
0.368057
0.368118
0.368178
0.368238
0.368299
0.368359
0.368420
0.368481
0.368541
0.368602
0.368663
0.368724
0.368785
0.368846
0.368907
0.368968
0.369029
0.369090
0.369151
0.369213
0.369274
0.369336
0.369397
0.369459
0.369520
0.369582
0.369644
0.369705
0.369767
0.369829
0.369891
0.369953
0.370015
0.370077
0.370139
0.370201
0.370264
0.370326
0.370388
0.370451
0.370513
0.370576
0.370638
0.370701
0.370764
0.370826
0.370889
0.370952
0.371015
0.371078
0.371141
0.371204
0.371267
0.371330
0.371393
0.371456
0.371520
0.371583
0.371646
0.371710
0.371773
0.371837
0.371901
0.371964
0.372028
0.372092
0.372156
0.372219
0.372283
0.372347
0.372411
0.372475
0.372540
0.372604
0.372668
0.372732
0.372797
0.372861
0.372925
0.372990
0.373054
0.373119
0.373183
0.373248
0.373313
0.373378
0.373442
0.373507
0.373572
0.373637
0.373702
0.373767
0.373832
0.373897
0.373963
0.374028
0.374093
0.374159
0.374224
0.374289
0.374355
0.374420
0.374486
0.374552
0.374617
0.374683
0.374749
0.374815
0.374880
0.374946
0.375012
0.375078
0.375144
0.375210
0.375277
0.375343
0.375409
0.375475
0.375542
0.375608
0.375674
0.375741
0.375807
0.375874
0.375940
0.376007
0.376074
0.376140
0.376207
0.376274
0.376341
0.376408
0.376475
0.376542
0.376609
0.376676
0.376743
0.376810
0.376877
0.376944
0.377012
0.377079
0.377146
0.377214
0.377281
0.377349
0.377416
0.377484
0.377551
0.377619
0.377687
0.377755
0.377822
0.377890
0.377958
0.378026
0.378094
0.378162
0.378230
0.378298
0.378366
0.378434
0.378502
0.378571
0.378639
0.378707
0.378775
0.378844
0.378912
0.378981
0.379049
0.379118
0.379186
0.379255
0.379323
0.379392
0.379461
0.379530
0.379598
0.379667
0.379736
0.379805
0.379874
0.379943
0.380012
0.380081
0.380150
0.380219
0.380288
0.380357
0.380427
0.380496
0.380565
0.380635
0.380704
0.380773
0.380843
0.380912
0.380982
0.381051
0.381121
0.381190
0.381260
0.381330
0.381400
0.381469
0.381539
0.381609
0.381679
0.381749
0.381818
0.381888
0.381958
0.382028
0.382098
0.382098
0.382168
0.382239
0.382309
0.382379
0.382449
0.382519
0.382589
0.382660
0.382730
0.382800
0.382871
0.382941
0.383012
0.383082
0.383153
0.383223
0.383294
0.383364
0.383435
0.383505
0.383576
0.383647
0.383718
0.383788
0.383859
0.383930
0.384001
0.384072
0.384142
0.384213
0.384284
0.384355
0.384426
0.384497
0.384568
0.384639
0.384710
0.384782
0.384853
0.384924
0.384995
0.385066
0.385138
0.385209
0.385280
0.385351
0.385423
0.385494
0.385566
0.385637
0.385708
0.385780
0.385851
0.385923
0.385994
0.386066
0.386138
0.386209
0.386281
0.386352
0.386424
0.386496
0.386567
0.386639
0.386711
0.386783
0.386854
0.386926
0.386998
0.387070
0.387142
0.387214
0.387286
0.387358
0.387429
0.387501
0.387573
0.387645
0.387717
0.387790
0.387862
0.387934
0.388006
0.388078
0.388150
0.388222
0.388294
0.388366
0.388439
0.388511
0.388583
0.388655
0.388728
0.388800
0.388872
0.388944
0.389017
0.389089
0.389161
0.389234
0.389306
0.389379
0.389451
0.389523
0.389596
0.389668
0.389741
0.389813
0.389886
0.389958
0.390031
0.390103
0.390176
0.390248
0.390321
0.390393
0.390466
0.390539
0.390611
0.390684
0.390756
0.390829
0.390902
0.390974
0.391047
0.391120
0.391192
0.391265
0.391338
0.391410
0.391483
0.391556
0.391629
0.391701
0.391774
0.391847
0.391920
0.391992
0.392065
0.392138
0.392211
0.392283
0.392356
0.392429
0.392502
0.392575
0.392647
0.392720
0.392793
0.392866
0.392939
0.393011
0.393084
0.393157
0.393230
0.393303
0.393376
0.393448
0.393521
0.393594
0.393667
0.393740
0.393813
0.393886
0.393958
0.394031
0.394104
0.394177
0.394250
0.394323
0.394396
0.394468
0.394541
0.394614
0.394687
0.394760
0.394833
0.394906
0.394978
0.395051
0.395124
0.395197
0.395270
0.395343
0.395415
0.395488
0.395561
0.395634
0.395707
0.395780
0.395852
0.395925
0.395998
0.396071
0.396144
0.396216
0.396289
0.396362
0.396435
0.396507
0.396580
0.396653
0.396726
0.396798
0.396871
0.396944
0.397016
0.397089
0.397162
0.397235
0.397307
0.397380
0.397453
0.397525
0.397598
0.397670
0.397743
0.397816
0.397888
0.397961
0.398033
0.398106
0.398179
0.398251
0.398324
0.398396
0.398469
0.398541
0.398614
0.398686
0.398759
0.398831
0.398903
0.398976
0.399048
0.399121
0.399193
0.399265
0.399338
0.399410
0.399482
0.399555
0.399627
0.399699
0.399772
0.399844
0.399916
0.399988
0.400061
0.400133
0.400205
0.400277
0.400349
0.400421
0.400494
0.400566
0.400638
0.400710
0.400782
0.400854
0.400926
0.400998
0.401070
0.401142
0.401214
0.401286
0.401358
0.401430
0.401501
0.401573
0.401645
0.401717
0.401789
0.401861
0.401932
0.402004
0.402076
0.402148
0.402219
0.402291
0.402363
0.402434
0.402506
0.402577
0.402649
0.402720
0.402792
0.402863
0.402935
0.403006
0.403078
0.403149
0.403221
0.403292
0.403363
0.403435
0.403506
0.403577
0.403648
0.403720
0.403791
0.403862
0.403933
0.404004
0.404075
0.404146
0.404217
0.404288
0.404359
0.404430
0.404501
0.404572
0.404643
0.404714
0.404784
0.404855
0.404926
0.404996
0.405067
0.405138
0.405208
0.405279
0.405349
0.405420
0.405490
0.405560
0.405631
0.405701
0.405771
0.405841
0.405911
0.405982
0.406052
0.406122
0.406191
0.406261
0.406331
0.406401
0.406471
0.406540
0.406610
0.406680
0.406749
0.406819
0.406888
0.406957
0.407027
0.407096
0.407165
0.407234
0.407303
0.407372
0.407441
0.407510
0.407578
0.407647
0.407715
0.407784
0.407852
0.407921
0.407989
0.408057
0.408125
0.408193
0.408261
0.408329
0.408397
0.408464
0.408532
0.408600
0.408667
0.408734
0.408801
0.408869
0.408936
0.409002
0.409069
0.409136
0.409203
0.409269
0.409336
0.409402
0.409468
0.409534
0.409600
0.409666
0.409732
0.409797
0.409863
0.409928
0.409993
0.410059
0.410124
0.410189
0.410253
0.410318
0.410383
0.410447
0.410511
0.410576
0.410640
0.410704
0.410767
0.410831
0.410895
0.410958
0.411021
0.411084
0.411147
0.411210
0.411273
0.411336
0.411398
0.411460
0.411522
0.411584
0.411646
0.411708
0.411770
0.411831
0.411892
0.411953
0.412014
0.412075
0.412136
0.412196
0.412257
0.412317
0.412377
0.412437
0.412496
0.412556
0.412615
0.412674
0.412733
0.412792
0.412851
0.412909
0.412968
0.413026
0.413084
0.413141
0.413199
0.413256
0.413313
0.413370
0.413427
0.413484
0.413540
0.413596
0.413652
0.413708
0.413764
0.413819
0.413874
0.413929
0.413984
0.414038
0.414093
0.414147
0.414200
0.414254
0.414307
0.414361
0.414413
0.414466
0.414518
0.414571
0.414622
0.414674
0.414725
0.414777
0.414827
0.414878
0.414928
0.414978
0.415028
0.415078
0.415127
0.415176
0.415224
0.415273
0.415321
0.415369
0.415416
0.415463
0.415510
0.415557
0.415603
0.415649
0.415695
0.415740
0.415785
0.415830
0.415874
0.415919
0.415962
0.416006
0.416049
0.416049
0.416092
0.416134
0.416177
0.416219
0.416260
0.416301
0.416342
0.416383
0.416423
0.416463
0.416503
0.416542
0.416581
0.416620
0.416658
0.416696
0.416734
0.416771
0.416808
0.416845
0.416881
0.416917
0.416953
0.416989
0.417024
0.417059
0.417094
0.417128
0.417162
0.417196
0.417229
0.417263
0.417296
0.417328
0.417361
0.417393
0.417425
0.417456
0.417487
0.417518
0.417549
0.417580
0.417610
0.417640
0.417670
0.417699
0.417728
0.417757
0.417786
0.417814
0.417842
0.417870
0.417897
0.417924
0.417950
0.417976
0.418002
0.418028
0.418052
0.418077
0.418100
0.418123
0.418146
0.418167
0.418188
0.418208
0.418227
0.418244
0.418261
0.418275
0.418289
0.418300
0.418309
0.418315
0.418318
0.418318
0.418314
0.418305
0.418291
0.418270
0.418241
0.418204
0.418155
0.418095
0.418021
0.417931
0.417826
0.417705
0.417573
0.417435
0.417299
0.417178
0.417079
0.417009
0.416969
0.416956
0.416969
0.417007
0.417071
0.417164
0.417288
0.417443
0.417628
0.417841
0.418077
0.418334
0.418607
0.418892
0.419188
0.419489
0.419794
0.420100
0.420405
0.420705
0.420999
0.421286
0.421562
0.421828
0.422081
0.422322
0.422549
0.422762
0.422960
0.423143
0.423310
0.423461
0.423595
0.423713
0.423815
0.423901
0.423973
0.424030
0.424073
0.424104
0.424123
0.424132
0.424131
0.424122
0.424105
0.424081
0.424052
0.424018
0.423980
0.423939
0.423895
0.423849
0.423802
0.423753
0.423704
0.423655
0.423607
0.423558
0.423511
0.423464
0.423418
0.423373
0.423330
0.423288
0.423247
0.423208
0.423171
0.423134
0.423100
0.423066
0.423035
0.423005
0.422976
0.422948
0.422923
0.422898
0.422875
0.422853
0.422833
0.422814
0.422796
0.422780
0.422764
0.422750
0.422738
0.422726
0.422716
0.422706
0.422698
0.422691
0.422685
0.422681
0.422677
0.422674
0.422672
0.422671
0.422671
0.422672
0.422673
0.422676
0.422679
0.422683
0.422688
0.422693
0.422699
0.422706
0.422713
0.422721
0.422729
0.422738
0.422748
0.422757
0.422768
0.422778
0.422789
0.422800
0.422812
0.422824
0.422836
0.422848
0.422860
0.422873
0.422886
0.422899
0.422912
0.422925
0.422938
0.422951
0.422964
0.422978
0.422991
0.423004
0.423018
0.423031
0.423044
0.423057
0.423070
0.423083
0.423096
0.423109
0.423122
0.423134
0.423147
0.423159
0.423171
0.423183
0.423195
0.423207
0.423219
0.423230
0.423242
0.423253
0.423264
0.423275
0.423285
0.423296
0.423306
0.423317
0.423327
0.423337
0.423346
0.423356
0.423365
0.423375
0.423384
0.423393
0.423401
0.423410
0.423418
0.423427
0.423435
0.423443
0.423451
0.423458
0.423466
0.423473
0.423480
0.423487
0.423494
0.423501
0.423508
0.423514
0.423521
0.423527
0.423533
0.423539
0.423545
0.423550
0.423556
0.423561
0.423567
0.423572
0.423577
0.423582
0.423587
0.423592
0.423596
0.423601
0.423605
0.423609
0.423613
0.423617
0.423621
0.423625
0.423629
0.423633
0.423636
0.423639
0.423643
0.423646
0.423649
0.423652
0.423655
0.423658
0.423660
0.423663
0.423665
0.423667
0.423670
0.423672
0.423674
0.423676
0.423677
0.423679
0.423681
0.423682
0.423683
0.423685
0.423686
0.423687
0.423688
0.423688
0.423689
0.423690
0.423690
0.423690
0.423691
0.423691
0.423691
0.423690
0.423690
0.423690
0.423689
0.423689
0.423688
0.423687
0.423686
0.423685
0.423683
0.423682
0.423680
0.423679
0.423677
0.423675
0.423673
0.423671
0.423668
0.423666
0.423663
0.423660
0.423658
0.423655
0.423651
0.423648
0.423645
0.423641
0.423637
0.423633
0.423629
0.423625
0.423621
0.423616
0.423612
0.423607
0.423602
0.423597
0.423592
0.423586
0.423581
0.423575
0.423569
0.423564
0.423557
0.423551
0.423545
0.423538
0.423531
0.423525
0.423518
0.423510
0.423503
0.423496
0.423488
0.423480
0.423472
0.423464
0.423456
0.423448
0.423439
0.423430
0.423422
0.423412
0.423403
0.423394
0.423385
0.423375
0.423365
0.423355
0.423345
0.423335
0.423324
0.423314
0.423303
0.423292
0.423281
0.423270
0.423259
0.423247
0.423236
0.423224
0.423212
0.423200
0.423187
0.423175
0.423162
0.423150
0.423137
0.423124
0.423110
0.423097
0.423084
0.423070
0.423056
0.423042
0.423028
0.423014
0.422999
0.422985
0.422970
0.422955
0.422940
0.422925
0.422910
0.422894
0.422878
0.422863
0.422847
0.422831
0.422814
0.422798
0.422781
0.422765
0.422748
0.422731
0.422714
0.422697
0.422679
0.422662
0.422644
0.422626
0.422608
0.422590
0.422571
0.422553
0.422534
0.422516
0.422497
0.422478
0.422459
0.422439
0.422420
0.422400
0.422381
0.422361
0.422341
0.422320
0.422300
0.422280
0.422259
0.422238
0.422218
0.422197
0.422176
0.422154
0.422133
0.422111
0.422090
0.422068
0.422046
0.422024
0.422002
0.421979
0.421957
0.421934
0.421912
0.421889
0.421866
0.421843
0.421819
0.421796
0.421773
0.421749
0.421725
0.421701
0.421677
0.421677
0.421653
0.421629
0.421605
0.421580
0.421556
0.421531
0.421506
0.421481
0.421456
0.421431
0.421405
0.421380
0.421354
0.421329
0.421303
0.421277
0.421251
0.421225
0.421199
0.421172
0.421146
0.421119
0.421092
0.421066
0.421039
0.421012
0.420984
0.420957
0.420930
0.420902
0.420875
0.420847
0.420819
0.420791
0.420763
0.420735
0.420707
0.420679
0.420651
0.420622
0.420593
0.420565
0.420536
0.420507
0.420478
0.420449
0.420420
0.420390
0.420361
0.420332
0.420302
0.420272
0.420243
0.420213
0.420183
0.420153
0.420123
0.420093
0.420062
0.420032
0.420001
0.419971
0.419940
0.419910
0.419879
0.419848
0.419817
0.419786
0.419755
0.419723
0.419692
0.419661
0.419629
0.419598
0.419566
0.419534
0.419503
0.419471
0.419439
0.419407
0.419375
0.419343
0.419310
0.419278
0.419246
0.419213
0.419181
0.419148
0.419115
0.419083
0.419050
0.419017
0.418984
0.418951
0.418918
0.418885
0.418852
0.418818
0.418785
0.418752
0.418718
0.418685
0.418651
0.418617
0.418584
0.418550
0.418516
0.418482
0.418448
0.418414
0.418380
0.418346
0.418312
0.418277
0.418243
0.418209
0.418174
0.418140
0.418105
0.418071
0.418036
0.418001
0.417966
0.417932
0.417897
0.417862
0.417827
0.417792
0.417757
0.417722
0.417686
0.417651
0.417616
0.417581
0.417545
0.417510
0.417474
0.417439
0.417403
0.417368
0.417332
0.417296
0.417260
0.417225
0.417189
0.417153
0.417117
0.417081
0.417045
0.417009
0.416973
0.416936
0.416900
0.416864
0.416828
0.416791
0.416755
0.416719
0.416682
0.416646
0.416609
0.416572
0.416536
0.416499
0.416463
0.416426
0.416389
0.416352
0.416315
0.416278
0.416242
0.416205
0.416168
0.416131
0.416093
0.416056
0.416019
0.415982
0.415945
0.415907
0.415870
0.415833
0.415796
0.415758
0.415721
0.415683
0.415646
0.415608
0.415571
0.415533
0.415495
0.415458
0.415420
0.415382
0.415344
0.415307
0.415269
0.415231
0.415193
0.415155
0.415117
0.415079
0.415041
0.415003
0.414965
0.414927
0.414889
0.414851
0.414812
0.414774
0.414736
0.414698
0.414659
0.414621
0.414582
0.414544
0.414506
0.414467
0.414429
0.414390
0.414351
0.414313
0.414274
0.414236
0.414197
0.414158
0.414119
0.414081
0.414042
0.414003
0.413964
0.413925
0.413886
0.413847
0.413808
0.413769
0.413730
0.413691
0.413652
0.413613
0.413574
0.413535
0.413496
0.413456
0.413417
0.413378
0.413338
0.413299
0.413260
0.413220
0.413181
0.413141
0.413102
0.413062
0.413023
0.412983
0.412944
0.412904
0.412864
0.412825
0.412785
0.412745
0.412705
0.412666
0.412626
0.412586
0.412546
0.412506
0.412466
0.412426
0.412386
0.412346
0.412306
0.412266
0.412226
0.412186
0.412146
0.412106
0.412065
0.412025
0.411985
0.411945
0.411904
0.411864
0.411824
0.411783
0.411743
0.411702
0.411662
0.411621
0.411581
0.411540
0.411499
0.411459
0.411418
0.411377
0.411337
0.411296
0.411255
0.411214
0.411173
0.411133
0.411092
0.411051
0.411010
0.410969
0.410928
0.410887
0.410846
0.410805
0.410763
0.410722
0.410681
0.410640
0.410599
0.410557
0.410516
0.410475
0.410433
0.410392
0.410350
0.410309
0.410267
0.410226
0.410184
0.410143
0.410101
0.410059
0.410018
0.409976
0.409934
0.409892
0.409851
0.409809
0.409767
0.409725
0.409683
0.409641
0.409599
0.409557
0.409515
0.409473
0.409431
0.409389
0.409346
0.409304
0.409262
0.409220
0.409177
0.409135
0.409092
0.409050
0.409008
0.408965
0.408923
0.408880
0.408837
0.408795
0.408752
0.408709
0.408667
0.408624
0.408581
0.408538
0.408495
0.408453
0.408410
0.408367
0.408324
0.408281
0.408238
0.408194
0.408151
0.408108
0.408065
0.408022
0.407978
0.407935
0.407892
0.407848
0.407805
0.407761
0.407718
0.407674
0.407631
0.407587
0.407544
0.407500
0.407456
0.407413
0.407369
0.407325
0.407281
0.407237
0.407193
0.407149
0.407105
0.407061
0.407017
0.406973
0.406929
0.406885
0.406841
0.406796
0.406752
0.406708
0.406663
0.406619
0.406575
0.406530
0.406486
0.406441
0.406396
0.406352
0.406307
0.406262
0.406218
0.406173
0.406128
0.406083
0.406038
0.405993
0.405948
0.405903
0.405858
0.405813
0.405768
0.405723
0.405678
0.405632
0.405587
0.405542
0.405496
0.405451
0.405406
0.405360
0.405315
0.405269
0.405223
0.405178
0.405132
0.405086
0.405041
0.404995
0.404949
0.404903
0.404857
0.404811
0.404765
0.404719
0.404673
0.404627
0.404581
0.404535
0.404488
0.404442
0.404396
0.404349
0.404303
0.404257
0.404210
0.404163
0.404117
0.404070
0.404024
0.403977
0.403930
0.403883
0.403837
0.403790
0.403743
0.403696
0.403649
0.403602
0.403555
0.403508
0.403461
0.403413
0.403366
0.403319
0.403272
0.403224
0.403177
0.403129
0.403082
0.403034
0.402987
0.402939
0.402892
0.402844
0.402796
0.402748
0.402701
0.402653
0.402605
0.402557
0.402509
0.402461
0.402413
0.402413
0.402365
0.402317
0.402268
0.402220
0.402172
0.402124
0.402075
0.402027
0.401978
0.401930
0.401881
0.401833
0.401784
0.401735
0.401687
0.401638
0.401589
0.401540
0.401492
0.401443
0.401394
0.401345
0.401296
0.401247
0.401197
0.401148
0.401099
0.401050
0.401001
0.400951
0.400902
0.400852
0.400803
0.400753
0.400704
0.400654
0.400605
0.400555
0.400505
0.400455
0.400406
0.400356
0.400306
0.400256
0.400206
0.400156
0.400106
0.400056
0.400006
0.399955
0.399905
0.399855
0.399805
0.399754
0.399704
0.399653
0.399603
0.399552
0.399502
0.399451
0.399401
0.399350
0.399299
0.399248
0.399197
0.399147
0.399096
0.399045
0.398994
0.398943
0.398892
0.398840
0.398789
0.398738
0.398687
0.398635
0.398584
0.398533
0.398481
0.398430
0.398378
0.398327
0.398275
0.398224
0.398172
0.398120
0.398068
0.398017
0.397965
0.397913
0.397861
0.397809
0.397757
0.397705
0.397653
0.397600
0.397548
0.397496
0.397444
0.397391
0.397339
0.397286
0.397234
0.397182
0.397129
0.397076
0.397024
0.396971
0.396918
0.396866
0.396813
0.396760
0.396707
0.396654
0.396601
0.396548
0.396495
0.396442
0.396389
0.396335
0.396282
0.396229
0.396175
0.396122
0.396069
0.396015
0.395962
0.395908
0.395854
0.395801
0.395747
0.395693
0.395639
0.395586
0.395532
0.395478
0.395424
0.395370
0.395316
0.395262
0.395207
0.395153
0.395099
0.395045
0.394990
0.394936
0.394881
0.394827
0.394772
0.394718
0.394663
0.394608
0.394554
0.394499
0.394444
0.394389
0.394334
0.394279
0.394224
0.394169
0.394114
0.394059
0.394003
0.393948
0.393893
0.393837
0.393782
0.393726
0.393671
0.393615
0.393559
0.393504
0.393448
0.393392
0.393336
0.393280
0.393224
0.393168
0.393112
0.393056
0.393000
0.392943
0.392887
0.392831
0.392774
0.392718
0.392661
0.392605
0.392548
0.392491
0.392434
0.392378
0.392321
0.392264
0.392207
0.392150
0.392093
0.392035
0.391978
0.391921
0.391863
0.391806
0.391748
0.391691
0.391633
0.391575
0.391518
0.391460
0.391402
0.391344
0.391286
0.391228
0.391170
0.391111
0.391053
0.390995
0.390936
0.390878
0.390819
0.390761
0.390702
0.390643
0.390585
0.390526
0.390467
0.390408
0.390349
0.390289
0.390230
0.390171
0.390112
0.390052
0.389993
0.389933
0.389874
0.389814
0.389754
0.389694
0.389634
0.389575
0.389515
0.389454
0.389394
0.389334
0.389274
0.389214
0.389153
0.389093
0.389032
0.388972
0.388911
0.388850
0.388790
0.388729
0.388668
0.388607
0.388546
0.388485
0.388424
0.388363
0.388301
0.388240
0.388179
0.388118
0.388056
0.387995
0.387933
0.387872
0.387810
0.387749
0.387687
0.387625
0.387563
0.387502
0.387440
0.387378
0.387316
0.387254
0.387192
0.387130
0.387068
0.387006
0.386944
0.386882
0.386820
0.386758
0.386696
0.386634
0.386571
0.386509
0.386447
0.386385
0.386323
0.386260
0.386198
0.386136
0.386074
0.386011
0.385949
0.385887
0.385825
0.385763
0.385700
0.385638
0.385576
0.385514
0.385452
0.385390
0.385327
0.385265
0.385203
0.385141
0.385079
0.385017
0.384955
0.384893
0.384831
0.384770
0.384708
0.384646
0.384584
0.384522
0.384461
0.384399
0.384338
0.384276
0.384215
0.384153
0.384092
0.384030
0.383969
0.383908
0.383846
0.383785
0.383724
0.383663
0.383602
0.383541
0.383480
0.383420
0.383359
0.383298
0.383238
0.383177
0.383117
0.383056
0.382996
0.382935
0.382875
0.382815
0.382755
0.382695
0.382635
0.382575
0.382516
0.382456
0.382396
0.382337
0.382277
0.382218
0.382159
0.382099
0.382040
0.381981
0.381922
0.381864
0.381805
0.381746
0.381688
0.381629
0.381571
0.381513
0.381454
0.381396
0.381338
0.381280
0.381223
0.381165
0.381108
0.381050
0.380993
0.380936
0.380878
0.380821
0.380765
0.380708
0.380651
0.380595
0.380538
0.380482
0.380426
0.380370
0.380314
0.380258
0.380203
0.380147
0.380092
0.380037
0.379982
0.379927
0.379872
0.379818
0.379763
0.379709
0.379655
0.379601
0.379547
0.379493
0.379440
0.379386
0.379333
0.379280
0.379227
0.379175
0.379122
0.379070
0.379017
0.378965
0.378914
0.378862
0.378810
0.378759
0.378708
0.378657
0.378606
0.378556
0.378505
0.378455
0.378405
0.378355
0.378306
0.378256
0.378207
0.378158
0.378109
0.378060
0.378012
0.377963
0.377915
0.377867
0.377820
0.377772
0.377725
0.377678
0.377631
0.377584
0.377538
0.377491
0.377445
0.377399
0.377353
0.377308
0.377263
0.377217
0.377172
0.377128
0.377083
0.377039
0.376995
0.376951
0.376907
0.376863
0.376820
0.376777
0.376734
0.376691
0.376648
0.376606
0.376564
0.376522
0.376480
0.376438
0.376397
0.376355
0.376314
0.376273
0.376232
0.376192
0.376151
0.376111
0.376071
0.376031
0.375992
0.375952
0.375913
0.375874
0.375834
0.375796
0.375757
0.375718
0.375680
0.375642
0.375604
0.375566
0.375528
0.375490
0.375453
0.375416
0.375378
0.375378
0.375341
0.375305
0.375268
0.375231
0.375195
0.375158
0.375122
0.375086
0.375050
0.375015
0.374979
0.374943
0.374908
0.374873
0.374837
0.374802
0.374767
0.374732
0.374698
0.374663
0.374629
0.374594
0.374560
0.374526
0.374492
0.374458
0.374424
0.374390
0.374356
0.374322
0.374289
0.374255
0.374222
0.374189
0.374155
0.374122
0.374089
0.374056
0.374023
0.373990
0.373958
0.373925
0.373892
0.373860
0.373827
0.373794
0.373762
0.373730
0.373697
0.373665
0.373633
0.373601
0.373569
0.373536
0.373504
0.373472
0.373441
0.373409
0.373377
0.373345
0.373313
0.373281
0.373250
0.373217
0.373187
0.373153
0.373126
0.373086
0.373068
0.373014
0.373020
0.372925
0.373002
0.372783
0.373074
0.372479
0.373416
0.371694
0.374330
0.370168
0.374212
0.370242
0.373848
0.369760
0.373673
0.370709
0.373575
0.369397
0.372557
0.369021
0.371940
0.368387
0.371924
0.368900
0.372125
0.368661
0.371856
0.368480
0.371550
0.368189
0.371455
0.368339
0.371656
0.368591
0.371983
0.368997
0.372356
0.369349
0.372683
0.369665
0.372947
0.369896
0.373138
0.370064
0.373258
0.370149
0.373298
0.370162
0.373274
0.370117
0.373204
0.370036
0.373103
0.369927
0.372980
0.369797
0.372837
0.369647
0.372677
0.369481
0.372502
0.369302
0.372318
0.369115
0.372128
0.368923
0.371936
0.368730
0.371746
0.368540
0.371561
0.368355
0.371384
0.368178
0.371216
0.368011
0.371059
0.367854
0.370914
0.367707
0.370779
0.367572
0.370656
0.367447
0.370545
0.367332
0.370444
0.367228
0.370353
0.367133
0.370273
0.367048
0.370202
0.366972
0.370140
0.366905
0.370087
0.366846
0.370041
0.366794
0.370003
0.366749
0.369972
0.366711
0.369947
0.366677
0.369927
0.366649
0.369912
0.366625
0.369900
0.366605
0.369892
0.366587
0.369887
0.366572
0.369883
0.366559
0.369881
0.366547
0.369880
0.366535
0.369880
0.366523
0.369879
0.366512
0.369877
0.366499
0.369875
0.366485
0.369871
0.366470
0.369866
0.366454
0.369859
0.366435
0.369850
0.366415
0.369839
0.366392
0.369826
0.366367
0.369810
0.366340
0.369792
0.366311
0.369771
0.366279
0.369748
0.366245
0.369723
0.366209
0.369696
0.366171
0.369666
0.366131
0.369634
0.366089
0.369600
0.366045
0.369565
0.365999
0.369527
0.365952
0.369488
0.365903
0.369448
0.365853
0.369406
0.365802
0.369363
0.365750
0.369318
0.365696
0.369272
0.365642
0.369226
0.365587
0.369178
0.365531
0.369130
0.365474
0.369081
0.365417
0.369031
0.365359
0.368981
0.365301
0.368930
0.365242
0.368878
0.365183
0.368826
0.365124
0.368774
0.365064
0.368721
0.365004
0.368668
0.364944
0.368615
0.364884
0.368561
0.364823
0.368507
0.364762
0.368453
0.364702
0.368399
0.364641
0.368345
0.364580
0.368290
0.364519
0.368236
0.364458
0.368182
0.364398
0.368127
0.364337
0.368073
0.364277
0.368019
0.364216
0.367966
0.364156
0.367912
0.364097
0.367859
0.364038
0.367806
0.363979
0.367754
0.363920
0.367702
0.363863
0.367651
0.363805
0.367599
0.363749
0.367550
0.363692
0.367499
0.363638
0.367452
0.363581
0.367401
0.363532
0.367358
0.363470
0.367304
0.363433
0.367272
0.363354
0.367202
0.363355
0.367205
0.363212
0.367071
0.363344
0.367188
0.362984
0.366823
0.363601
0.367233
0.362607
0.366308
0.364738
0.366257
0.363332
0.367630
0.362468
0.365673
0.366025
0.363018
0.366991
0.363127
0.367213
0.366008
0.365264
0.363974
0.365611
0.363602
0.368317
0.361248
0.364589
0.368228
0.360196
0.364771
0.369397
0.364457
0.366396
0.365606
0.363041
0.363774
0.360981
0.364621
0.360332
0.364366
0.363397
0.365125
0.362924
0.367351
0.361355
0.363787
0.365204
0.359067
0.362761
0.365466
0.364080
0.368120
0.363338
0.366430
0.364056
0.365726
0.362895
0.368194
0.363502
0.366757
0.366701
0.363066
0.366622
0.361895
0.365470
0.365682
0.361914
0.365258
0.360457
0.364467
0.366120
0.362009
0.365904
0.361565
0.365626
0.363215
0.365720
0.360679
0.364465
0.362738
0.364831
0.360888
0.365649
0.360912
0.364659
0.361972
0.365031
0.360406
0.364517
0.364462
0.363036
0.364236
0.361261
0.366540
0.359065
0.363003
0.367002
0.357993
0.362939
0.367753
0.363090
0.364997
0.364102
0.361581
0.361958
0.359036
0.362788
0.358228
0.362234
0.363476
0.361497
0.365677
0.360763
0.363879
0.364885
0.358882
0.362217
0.361063
0.365200
0.361765
0.366294
0.363635
0.366929
0.361425
0.365207
0.368044
0.362782
0.365902
0.365666
0.364466
0.365309
0.362083
0.366225
0.358102
0.361813
0.366116
0.357379
0.362543
0.367462
0.362606
0.364282
0.363351
0.360480
0.361128
0.357798
0.361963
0.357383
0.361384
0.363244
0.360549
0.365229
0.360219
0.363148
0.363805
0.358266
0.361828
0.359002
0.364406
0.360203
0.364080
0.364367
0.362738
0.365751
0.361858
0.366299
0.362680
0.366188
0.358813
0.362550
0.367149
0.367149
0.359098
0.362689
0.366366
0.360544
0.362538
0.363346
0.360202
0.362673
0.358200
0.361894
0.358337
0.362721
0.358068
0.361973
0.362996
0.360392
0.363840
0.358008
0.360927
0.363425
0.357128
0.360522
0.364631
0.360732
0.364458
0.365399
0.362470
0.365371
0.359821
0.363035
0.364226
0.360498
0.365136
0.360203
0.363711
0.365526
0.359545
0.362323
0.361318
0.362497
0.360428
0.364561
0.357574
0.360924
0.365329
0.355749
0.361532
0.366717
0.361175
0.363141
0.364160
0.359693
0.361598
0.357244
0.360818
0.356632
0.361089
0.359209
0.363681
0.358555
0.361771
0.364021
0.357574
0.360099
0.362112
0.358644
0.363207
0.359444
0.363939
0.359939
0.364559
0.360114
0.364453
0.363545
0.365469
0.361723
0.366568
0.358933
0.361940
0.365731
0.356506
0.361280
0.366144
0.360935
0.362924
0.363527
0.359546
0.361755
0.356984
0.360746
0.357496
0.362283
0.357465
0.361248
0.363873
0.358623
0.361615
0.360588
0.360970
0.359151
0.362389
0.357129
0.360841
0.364056
0.358615
0.362714
0.367426
0.361504
0.364237
0.367195
0.359124
0.361127
0.364435
0.358927
0.361672
0.363872
0.359789
0.362889
0.358594
0.362217
0.356575
0.359703
0.359621
0.358810
0.360969
0.357870
0.363565
0.354844
0.359256
0.363721
0.354149
0.360433
0.366097
0.361757
0.363661
0.363265
0.360223
0.361687
0.357507
0.362011
0.357873
0.362420
0.360453
0.364745
0.358867
0.361832
0.365049
0.355642
0.358709
0.362882
0.356992
0.360330
0.364166
0.360071
0.362827
0.361648
0.362109
0.360311
0.363349
0.358530
0.362263
0.361709
0.361080
0.361722
0.360667
0.364612
0.356892
0.360250
0.364943
0.351855
0.360335
0.366134
0.362416
0.364284
0.363041
0.363581
0.360083
0.360910
0.354775
0.358416
0.356938
0.362316
0.357646
0.361564
0.365501
0.354722
0.357997
0.361339
0.354416
0.357318
0.361222
0.357838
0.361044
0.359668
0.361446
0.358381
0.363228
0.357436
0.360805
0.364890
0.356810
0.360658
0.365026
0.358512
0.360367
0.362504
0.357444
0.360053
0.359099
0.360956
0.359046
0.363956
0.357918
0.361502
0.365966
0.356687
0.361357
0.365821
0.359631
0.361371
0.362956
0.358282
0.360777
0.357690
0.361580
0.357154
0.361204
0.362290
0.360847
0.364201
0.358810
0.361762
0.363700
0.356790
0.359315
0.362666
0.357998
0.361572
0.364101
0.359302
0.362675
0.359913
0.364059
0.357847
0.361248
0.365657
0.356517
0.360761
0.364972
0.358206
0.360177
0.362623
0.357357
0.359294
0.357652
0.358277
0.356296
0.360329
0.354973
0.358485
0.362916
0.354057
0.359168
0.364164
0.356999
0.359696
0.362862
0.357745
0.359976
0.360153
0.359565
0.361638
0.359173
0.364607
0.357154
0.361508
0.366128
0.356284
0.361299
0.365715
0.359840
0.361198
0.361900
0.357773
0.360662
0.356806
0.361527
0.358547
0.363901
0.359723
0.363801
0.362820
0.363531
0.360165
0.364559
0.354809
0.360451
0.364958
0.353869
0.360255
0.365912
0.361814
0.363848
0.363794
0.360037
0.361545
0.356561
0.360605
0.358003
0.363346
0.357585
0.361308
0.365600
0.356375
0.359578
0.363020
0.356333
0.358453
0.361366
0.357410
0.360640
0.359342
0.361887
0.358411
0.363471
0.358416
0.361820
0.363718
0.359205
0.363353
0.359633
0.364446
0.357440
0.360060
0.363825
0.356132
0.360654
0.365944
0.360168
0.362698
0.365512
0.359962
0.361919
0.361817
0.360003
0.362222
0.357761
0.362096
0.357921
0.362788
0.356140
0.359788
0.364529
0.355933
0.360236
0.364328
0.357543
0.359909
0.363271
0.359100
0.362087
0.361856
0.361966
0.361656
0.361959
0.361166
0.363005
0.358621
0.364415
0.355866
0.361374
0.366346
0.355099
0.361750
0.366545
0.359571
0.361111
0.363365
0.359535
0.362584
0.360444
0.363999
0.359368
0.363003
0.362269
0.362619
0.360462
0.363683
0.356581
0.359548
0.364038
0.351486
0.358948
0.364887
0.358709
0.361369
0.364435
0.361224
0.363496
0.359569
0.362574
0.357676
0.361684
0.362583
0.362603
0.364021
0.360713
0.365681
0.353400
0.360142
0.364721
0.352543
0.358907
0.364842
0.362500
0.364623
0.362192
0.361103
0.358547
0.360986
0.358201
0.364410
0.360690
0.364962
0.364208
0.364025
0.361950
0.363888
0.357850
0.360787
0.361075
0.358245
0.364794
0.356043
0.365496
0.371587
0.357596
0.362845
0.366881
0.362646
0.364359
0.363217
0.361548
0.360146
0.358234
0.359261
0.356616
0.362704
0.353454
0.360821
0.365246
0.353260
0.358547
0.362826
0.357840
0.359684
0.360551
0.357888
0.361404
0.358136
0.363349
0.362303
0.367285
0.361622
0.364842
0.368557
0.359289
0.362376
0.365780
0.358791
0.361119
0.364431
0.359910
0.362595
0.362917
0.362090
0.364047
0.360841
0.366110
0.359051
0.362884
0.367253
0.358041
0.362882
0.367083
0.360827
0.362279
0.363946
0.359227
0.362026
0.360159
0.363901
0.359841
0.363972
0.363324
0.364647
0.361312
0.366376
0.356369
0.356369
0.362868
0.366583
0.355614
0.360724
0.365645
0.361660
0.363961
0.364506
0.360732
0.363307
0.358547
0.362612
0.362502
0.364576
0.361877
0.367042
0.357355
0.363090
0.366238
0.355357
0.359937
0.364698
0.360576
0.363065
0.364291
0.360340
0.363371
0.359100
0.363604
0.361882
0.366696
0.360701
0.363997
0.367943
0.358747
0.362269
0.365806
0.359274
0.361592
0.364789
0.360356
0.363055
0.363070
0.362789
0.363912
0.362159
0.366719
0.359049
0.363851
0.368356
0.357601
0.363703
0.368075
0.361989
0.363553
0.365284
0.360638
0.363290
0.361096
0.365097
0.360999
0.365068
0.366104
0.364143
0.367321
0.360583
0.363491
0.367481
0.356718
0.362285
0.366442
0.360418
0.363257
0.366722
0.362346
0.364621
0.363609
0.363658
0.363011
0.364674
0.362277
0.367860
0.356960
0.364463
0.368933
0.356336
0.362262
0.366783
0.362272
0.363650
0.363022
0.360478
0.362393
0.359283
0.364901
0.361662
0.366408
0.365518
0.367549
0.362798
0.367020
0.360512
0.362874
0.364572
0.359491
0.363392
0.365243
0.364614
0.368457
0.361805
0.365062
0.369557
0.359237
0.365860
0.370328
0.363609
0.365507
0.367830
0.362224
0.363566
0.362304
0.361405
0.361767
0.360734
0.364209
0.359068
0.362245
0.365453
0.358043
0.361948
0.366959
0.358577
0.363341
0.366917
0.360540
0.362950
0.366574
0.362970
0.366237
0.366251
0.365873
0.365803
0.364210
0.366490
0.361178
0.364542
0.364083
0.363276
0.364693
0.361614
0.368579
0.355911
0.363464
0.369479
0.364717
0.365226
0.368072
0.371752
0.370433
0.367744
0.359697
0.361608
0.354543
0.361772
0.369430
0.362161
0.366583
0.368697
0.360425
0.360585
0.361904
0.357465
0.360909
0.360224
0.364532
0.361264
0.365925
0.364463
0.367937
0.361774
0.364740
0.368619
0.360123
0.364440
0.368417
0.361644
0.364668
0.368463
0.363417
0.365638
0.367494
0.363727
0.367311
0.363348
0.367708
0.362871
0.366446
0.363569
0.367391
0.360306
0.363825
0.368060
0.358647
0.363450
0.367300
0.362023
0.364629
0.367521
0.363410
0.366181
0.363967
0.366812
0.362137
0.365972
0.365269
0.366871
0.363099
0.368467
0.358001
0.365335
0.368695
0.358839
0.363123
0.367823
0.364129
0.366476
0.366944
0.363078
0.366200
0.361238
0.365079
0.368012
0.364189
0.367935
0.363998
0.368484
0.360168
0.363496
0.366948
0.358548
0.362952
0.367574
0.362816
0.365360
0.367912
0.363187
0.365738
0.364630
0.366336
0.363536
0.368685
0.360212
0.366041
0.369307
0.360895
0.364251
0.368454
0.363296
0.365227
0.367085
0.361865
0.364567
0.364524
0.366555
0.365588
0.369881
0.363074
0.366665
0.370675
0.359791
0.366059
0.369763
0.363833
0.365552
0.367475
0.363096
0.365930
0.363204
0.367559
0.362348
0.366164
0.370555
0.363662
0.366716
0.370155
0.363008
0.364896
0.367636
0.361864
0.363933
0.366334
0.362810
0.366679
0.363968
0.368752
0.362188
0.365595
0.369598
0.361841
0.365628
0.369519
0.363748
0.365757
0.368227
0.363278
0.365733
0.365917
0.365629
0.367391
0.364563
0.370211
0.360114
0.367622
0.370665
0.362368
0.365406
0.369703
0.365303
0.367070
0.367538
0.362891
0.366490
0.362784
0.367880
0.367236
0.370955
0.365063
0.367504
0.369901
0.362711
0.364988
0.368725
0.361622
0.365388
0.369374
0.363110
0.365648
0.369077
0.364094
0.366478
0.368531
0.364558
0.367949
0.363795
0.368182
0.362536
0.365431
0.367347
0.362996
0.366775
0.363540
0.368838
0.360133
0.365894
0.369257
0.362820
0.366126
0.370707
0.366219
0.368561
0.370507
0.364876
0.367133
0.367294
0.367010
0.368871
0.365200
0.370603
0.360090
0.367307
0.369762
0.362618
0.365338
0.369518
0.365276
0.367350
0.368064
0.363334
0.367335
0.363878
0.369339
0.367707
0.372654
0.363531
0.368712
0.371122
0.363155
0.365358
0.369071
0.363932
0.366379
0.369117
0.363617
0.365936
0.368211
0.365004
0.369412
0.365202
0.369350
0.364951
0.369530
0.362577
0.366285
0.370426
0.362619
0.366835
0.370513
0.364611
0.366956
0.370097
0.365239
0.367726
0.369444
0.366154
0.370436
0.364912
0.367941
0.370688
0.364622
0.366946
0.370165
0.364234
0.366711
0.369991
0.363450
0.366264
0.370225
0.364634
0.367680
0.371431
0.365908
0.368090
0.370735
0.365482
0.367711
0.368895
0.365529
0.369768
0.362842
0.366602
0.370551
0.362375
0.366725
0.370486
0.365136
0.367263
0.369636
0.364815
0.367420
0.367013
0.367987
0.367110
0.370290
0.365349
0.368604
0.370757
0.365053
0.367891
0.370279
0.365941
0.369592
0.366333
0.371383
0.360391
0.368653
0.374248
0.363161
0.369151
0.372807
0.368382
0.369621
0.367575
0.366289
0.364473
0.365154
0.362799
0.368933
0.358286
0.366801
0.371406
0.363559
0.364944
0.366912
0.366363
0.368860
0.362427
0.364430
0.363681
0.367645
0.367196
0.375279
0.366791
0.373873
0.373756
0.365940
0.367514
0.367101
0.369666
0.366725
0.366725
0.371590
0.360232
0.368274
0.373517
0.364216
0.370239
0.374053
0.369843
0.370794
0.366861
0.367319
0.362456
0.367235
0.363849
0.368929
0.368128
0.371538
0.365352
0.367798
0.370685
0.361877
0.366371
0.369812
0.365046
0.368415
0.372151
0.367842
0.370395
0.371256
0.367971
0.372459
0.364722
0.370266
0.373300
0.366204
0.368309
0.371555
0.365876
0.367820
0.370108
0.364164
0.366361
0.369228
0.365691
0.369514
0.368463
0.371142
0.365843
0.369005
0.367836
0.369483
0.365661
0.372036
0.361658
0.370093
0.375586
0.362280
0.368676
0.373922
0.369717
0.371015
0.370402
0.368220
0.369513
0.365783
0.370824
0.365866
0.369572
0.373131
0.366273
0.368780
0.371626
0.364046
0.366196
0.369226
0.364059
0.367370
0.371628
0.368336
0.371789
0.373077
0.370657
0.374373
0.366455
0.370995
0.374023
0.366671
0.369515
0.373157
0.367710
0.369745
0.371963
0.366220
0.368315
0.370341
0.367510
0.372319
0.367478
0.370627
0.372050
0.367487
0.371221
0.366410
0.370402
0.367842
0.372078
0.362950
0.369929
0.372009
0.367599
0.371262
0.367743
0.373122
0.367637
0.370198
0.371655
0.367064
0.370979
0.369167
0.374451
0.364125
0.371168
0.372107
0.366121
0.368892
0.367406
0.372571
0.365274
0.368982
0.371450
0.364186
0.368208
0.373050
0.368419
0.370934
0.373241
0.366470
0.368008
0.370686
0.366073
0.369152
0.371716
0.367906
0.371635
0.367242
0.372005
0.365766
0.369206
0.372804
0.366609
0.370312
0.374292
0.367939
0.370912
0.374166
0.368302
0.370951
0.374415
0.369408
0.371892
0.374391
0.369359
0.371697
0.371677
0.369885
0.372731
0.366051
0.369784
0.373803
0.364356
0.371037
0.373058
0.369685
0.373406
0.367904
0.370872
0.372661
0.368540
0.372888
0.369395
0.375057
0.370503
0.374017
0.371221
0.374046
0.365994
0.370455
0.373718
0.366132
0.370005
0.373466
0.368269
0.370894
0.373755
0.367944
0.370060
0.372727
0.367648
0.370390
0.372919
0.368274
0.371054
0.369492
0.371084
0.366296
0.371355
0.364601
0.369437
0.372752
0.366656
0.370357
0.374471
0.368026
0.371191
0.374080
0.367683
0.370631
0.374557
0.369446
0.372217
0.375180
0.368833
0.370626
0.373122
0.367027
0.369250
0.372218
0.366542
0.369022
0.372139
0.366563
0.369255
0.372619
0.367128
0.370009
0.373525
0.367904
0.370805
0.374292
0.368480
0.371267
0.374628
0.368766
0.371371
0.374578
0.368792
0.371245
0.374298
0.368654
0.371033
0.373922
0.368495
0.370873
0.373467
0.368478
0.371050
0.372348
0.369019
0.374031
0.364465
0.372329
0.373023
0.369674
0.373430
0.366936
0.372036
0.375266
0.367553
0.369899
0.373226
0.368791
0.372127
0.375259
0.369666
0.371268
0.372427
0.367940
0.371836
0.367717
0.372745
0.367240
0.370377
0.371935
0.367866
0.372429
0.367133
0.370689
0.372884
0.368163
0.371637
0.370888
0.374331
0.368993
0.372127
0.374451
0.368563
0.371536
0.374771
0.368867
0.372091
0.375179
0.367366
0.371104
0.373623
0.368336
0.370864
0.373045
0.368832
0.372421
0.367931
0.373153
0.363872
0.371083
0.371378
0.369458
0.372232
0.366320
0.369977
0.373552
0.364358
0.370390
0.371960
0.370664
0.375685
0.367718
0.374012
0.374261
0.369788
0.373940
0.366475
0.374016
0.375930
0.371432
0.374767
0.367438
0.372170
0.375538
0.369252
0.371766
0.375014
0.369638
0.372707
0.375893
0.369545
0.372076
0.375146
0.369212
0.372221
0.375585
0.369527
0.372152
0.375114
0.368979
0.371622
0.374791
0.369016
0.371763
0.374951
0.369202
0.371900
0.375027
0.369278
0.371975
0.375103
0.369363
0.372076
0.375198
0.369431
0.372146
0.375262
0.369465
0.372178
0.375285
0.369467
0.372163
0.375247
0.369421
0.372087
0.375139
0.369325
0.371959
0.374978
0.369193
0.371805
0.374796
0.369053
0.371656
0.374625
0.368932
0.371536
0.374487
0.368849
0.371461
0.374389
0.368813
0.371432
0.374319
0.368825
0.371442
0.374243
0.368894
0.371505
0.374062
0.369092
0.371819
0.373087
0.369735
0.375156
0.364296
0.371910
0.377755
0.365335
0.371080
0.375099
0.371286
0.372743
0.370414
0.370810
0.367318
0.372676
0.363883
0.373087
0.374674
0.370910
0.374131
0.366783
0.370784
0.372819
0.366245
0.368593
0.372567
0.370629
0.375743
0.376475
0.376751
0.374514
0.376385
0.369912
0.373723
0.377165
0.368702
0.375160
0.374521
0.375282
0.371487
0.376025
0.364347
0.371098
0.377126
0.372628
0.374743
0.373613
0.378345
0.372470
0.372479
0.368161
0.367886
0.365391
0.373399
0.364317
0.370951
0.377339
0.372545
0.368856
0.370404
0.371422
0.373872
0.368605
0.371562
0.363820
0.371457
0.376475
0.375748
0.380769
0.372521
0.374833
0.374399
0.367644
0.370182
0.370959
0.374821
0.373099
0.379698
0.367863
0.373441
0.380162
0.378057
0.375189
0.377463
0.377408
0.378174
0.371044
0.372162
0.363877
0.369663
0.375223
0.373221
0.376763
0.375039
0.375039
0.373632
0.368369
0.371669
0.360660
0.369576
0.376180
0.372311
0.375900
0.375556
0.379401
0.373632
0.374656
0.370526
0.374217
0.368341
0.376122
0.379312
0.375190
0.377924
0.369113
0.372147
0.373448
0.368399
0.371661
0.371515
0.375730
0.371476
0.374896
0.375550
0.372048
0.377458
0.366238
0.372593
0.380370
0.375842
0.374097
0.373813
0.375719
0.374272
0.374513
0.367373
0.370117
0.368555
0.376259
0.367786
0.376030
0.380663
0.366045
0.369778
0.371831
0.369337
0.372933
0.371099
0.376024
0.371492
0.375419
0.378868
0.374752
0.377484
0.377758
0.374638
0.377531
0.366454
0.374410
0.373495
0.374461
0.372754
0.378504
0.371016
0.379230
0.376507
0.378141
0.372760
0.377184
0.379207
0.378216
0.380617
0.370561
0.377068
0.374383
0.378334
0.370297
0.376716
0.377184
0.374601
0.376318
0.368663
0.373447
0.376061
0.372135
0.375851
0.373013
0.378878
0.367698
0.374425
0.378877
0.369135
0.372437
0.375329
0.373985
0.377048
0.371166
0.373221
0.370946
0.375056
0.369936
0.374865
0.377995
0.371753
0.373622
0.375248
0.370470
0.373655
0.374065
0.375361
0.375690
0.378157
0.375276
0.382600
0.368928
0.379105
0.383715
0.383399
0.380055
0.382284
0.383941
0.381972
0.376783
0.371568
0.369575
0.370989
0.375378
0.377100
0.382552
0.370802
0.376283
0.378460
0.363150
0.368709
0.374641
0.372246
0.375458
0.376246
0.377480
0.378539
0.379436
0.380580
0.380126
0.382365
0.376876
0.379208
0.378100
0.374434
0.377619
0.366290
0.374175
0.379994
0.370418
0.375236
0.378343
0.378813
0.381761
0.376537
0.378651
0.374035
0.378537
0.372154
0.376725
0.378334
0.372914
0.374427
0.369781
0.373824
0.364621
0.372279
0.371528
0.374795
0.371828
0.377227
0.374026
0.378395
0.373316
0.377085
0.372725
0.377696
0.374878
0.380578
0.371743
0.378534
0.375991
0.378081
0.373007
0.376797
0.376237
0.378984
0.373651
0.376742
0.375901
0.378112
0.374336
0.380178
0.370276
0.379166
0.376513
0.378439
0.373197
0.377285
0.378598
0.377641
0.379934
0.372639
0.377983
0.379185
0.377239
0.382026
0.371113
0.378146
0.381847
0.373606
0.374777
0.376780
0.377160
0.380879
0.374617
0.376404
0.377777
0.374118
0.378719
0.376088
0.381651
0.369935
0.376159
0.379882
0.368716
0.375330
0.378320
0.378287
0.381337
0.376598
0.379751
0.377067
0.382403
0.373763
0.382617
0.380715
0.382518
0.376154
0.378556
0.377547
0.378686
0.375386
0.381631
0.371543
0.379576
0.386397
0.387168
0.383095
0.384638
0.385148
0.383658
0.380059
0.376241
0.375575
0.375587
0.382018
0.376194
0.384389
0.378941
0.381024
0.368506
0.375559
0.374890
0.376830
0.374708
0.381047
0.375223
0.384368
0.383483
0.385880
0.380459
0.383650
0.381270
0.384275
0.373849
0.380168
0.376532
0.380858
0.372942
0.379869
0.379728
0.379263
0.377127
0.377560
0.374606
0.381286
0.368908
0.377850
0.382314
0.383453
0.381042
0.383808
0.385847
0.384216
0.378961
0.373832
0.371536
0.373579
0.376742
0.382206
0.379586
0.383153
0.375114
0.376068
0.374919
0.372118
0.377829
0.370120
0.381094
0.384398
0.381166
0.385696
0.382553
0.387238
0.386702
0.385772
0.382532
0.384356
0.378001
0.382347
0.383363
0.378032
0.381137
0.375076
0.378389
0.378689
0.375820
0.380485
0.370648
0.379136
0.385250
0.373346
0.379203
0.381689
0.378465
0.380288
0.375754
0.378882
0.373411
0.376647
0.378660
0.376023
0.380656
0.373288
0.378270
0.377044
0.375769
0.376657
0.374901
0.382158
0.372958
0.379849
0.388199
0.382023
0.384127
0.385124
0.387753
0.385253
0.385014
0.377782
0.380458
0.379610
0.385580
0.379042
0.385294
0.381691
0.381518
0.374465
0.377415
0.376806
0.381881
0.376838
0.383044
0.384861
0.383044
0.387675
0.377773
0.386379
0.384363
0.383452
0.379834
0.384247
0.376707
0.384769
0.380788
0.384042
0.375226
0.381872
0.382140
0.382293
0.379847
0.380639
0.376075
0.381140
0.376055
0.380479
0.381613
0.379194
0.384343
0.373736
0.380959
0.384830
0.377995
0.380254
0.381992
0.384271
0.384511
0.382891
0.381431
0.379149
0.382874
0.374504
0.384728
0.378843
0.381381
0.377315
0.381550
0.374322
0.381580
0.380809
0.384246
0.381110
0.386974
0.385110
0.391035
0.379251
0.385307
0.388081
0.376660
0.381815
0.382434
0.382265
0.382703
0.378836
0.383082
0.373715
0.383037
0.381396
0.384185
0.378949
0.381967
0.381624
0.380427
0.380455
0.377143
0.384305
0.374139
0.383857
0.389164
0.390563
0.387785
0.389426
0.390603
0.389165
0.384981
0.380980
0.379408
0.381083
0.383665
0.386918
0.384205
0.387699
0.373023
0.376997
0.381043
0.380813
0.377471
0.382228
0.386603
0.388008
0.387424
0.384333
0.386253
0.383961
0.389997
0.387183
0.390805
0.382907
0.383301
0.381525
0.377128
0.380846
0.373211
0.382130
0.380831
0.385548
0.379997
0.384417
0.386639
0.382467
0.382467
0.385020
0.379635
0.383005
0.379979
0.384651
0.375716
0.383162
0.379609
0.382480
0.375511
0.379014
0.381197
0.377712
0.381280
0.377128
0.381576
0.378744
0.384126
0.376029
0.383190
0.380254
0.383409
0.377027
0.380789
0.383087
0.379561
0.383299
0.379106
0.383626
0.380671
0.386114
0.377307
0.385266
0.381705
0.385303
0.378498
0.382756
0.384869
0.381593
0.385434
0.379897
0.383813
0.385499
0.382479
0.386999
0.378580
0.385949
0.382274
0.385976
0.378459
0.384083
0.385283
0.383974
0.386740
0.380615
0.385029
0.386520
0.383284
0.388035
0.378916
0.387794
0.383751
0.387311
0.379829
0.384646
0.386648
0.384223
0.388292
0.380165
0.387133
0.384920
0.388290
0.381817
0.385425
0.386878
0.382614
0.386237
0.379886
0.384424
0.385856
0.383716
0.388672
0.378942
0.387755
0.387484
0.383957
0.386405
0.381421
0.386179
0.388136
0.383802
0.387663
0.381406
0.386765
0.387472
0.385547
0.388258
0.379364
0.387127
0.382599
0.387240
0.380150
0.385881
0.386897
0.385806
0.387771
0.381797
0.385313
0.386295
0.383552
0.388920
0.378437
0.384469
0.391267
0.383296
0.384042
0.384557
0.386858
0.386582
0.387008
0.382471
0.387556
0.378044
0.386375
0.391601
0.380047
0.383196
0.382333
0.381445
0.382331
0.380191
0.386097
0.379988
0.390403
0.388322
0.392632
0.385042
0.387801
0.387703
0.382985
0.386231
0.379530
0.386110
0.387386
0.388380
0.388580
0.387370
0.388921
0.383084
0.385973
0.383917
0.387043
0.380677
0.387544
0.385236
0.389610
0.378238
0.385835
0.390237
0.380501
0.386255
0.386141
0.387448
0.385227
0.386919
0.380747
0.383310
0.383086
0.380703
0.384434
0.374255
0.382833
0.381865
0.378843
0.380835
0.377677
0.383380
0.383313
0.387599
0.379866
0.388101
0.384652
0.389971
0.382645
0.387244
0.386390
0.385114
0.385314
0.381858
0.388000
0.377148
0.383907
0.388354
0.388307
0.386514
0.388601
0.389877
0.388918
0.385748
0.382811
0.381809
0.383404
0.384960
0.388157
0.383424
0.386109
0.378352
0.380658
0.378851
0.383152
0.380115
0.387049
0.390313
0.389912
0.395819
0.386291
0.394242
0.398865
0.387996
0.390702
0.390950
0.389574
0.390400
0.384273
0.386725
0.381092
0.384633
0.382234
0.386353
0.376507
0.384037
0.378611
0.381969
0.376484
0.381022
0.383983
0.383204
0.388365
0.379706
0.388662
0.384760
0.388858
0.382822
0.386350
0.387695
0.384001
0.387624
0.379265
0.386566
0.384132
0.388894
0.381850
0.387273
0.386557
0.386070
0.384341
0.385423
0.382380
0.389073
0.378384
0.385230
0.390160
0.390275
0.387679
0.390112
0.391355
0.391100
0.388282
0.386596
0.384371
0.388786
0.384096
0.389877
0.387991
0.385867
0.381031
0.383179
0.374311
0.384465
0.381298
0.387028
0.386959
0.393581
0.388938
0.393492
0.392779
0.389023
0.391911
0.383875
0.391869
0.387780
0.391150
0.381936
0.386599
0.385266
0.385909
0.382661
0.387038
0.377929
0.387629
0.384049
0.387740
0.381074
0.385465
0.387002
0.384021
0.387557
0.379385
0.386959
0.384630
0.389460
0.382540
0.387729
0.387135
0.386282
0.385438
0.384239
0.387065
0.382938
0.387438
0.386858
0.388512
0.384473
0.390483
0.380308
0.387799
0.392449
0.384521
0.388141
0.391305
0.391035
0.394307
0.387501
0.389210
0.388918
0.386209
0.390210
0.380251
0.388356
0.382262
0.384762
0.378763
0.382834
0.384968
0.385337
0.389026
0.384030
0.388805
0.389733
0.388564
0.392080
0.383386
0.391792
0.385668
0.388651
0.386033
0.390902
0.385393
0.391411
0.390423
0.391017
0.387420
0.392741
0.382719
0.389841
0.393173
0.384991
0.386246
0.387131
0.388211
0.388989
0.385994
0.389434
0.379721
0.389738
0.387013
0.390069
0.382082
0.385861
0.385718
0.383939
0.386890
0.382395
0.388408
0.390749
0.390108
0.393931
0.384093
0.392678
0.386163
0.388611
0.385303
0.390394
0.384793
0.390820
0.389663
0.390361
0.386605
0.391961
0.382082
0.389371
0.393292
0.380393
0.386080
0.386543
0.387011
0.387262
0.385659
0.388109
0.383759
0.387827
0.387173
0.389189
0.384374
0.388281
0.382484
0.385928
0.384001
0.388373
0.382314
0.391237
0.388594
0.394250
0.386110
0.393078
0.390113
0.393830
0.386009
0.390342
0.389483
0.389020
0.387788
0.387575
0.385486
0.389049
0.378416
0.385490
0.390578
0.377511
0.383562
0.388734
0.386831
0.389065
0.386870
0.391093
0.387509
0.391238
0.389857
0.391618
0.386037
0.388444
0.383378
0.387180
0.375834
0.384108
0.386147
0.383134
0.388281
0.385949
0.391291
0.390702
0.393383
0.388261
0.391898
0.391067
0.393132
0.387824
0.391054
0.385481
0.389534
0.383754
0.387797
0.387468
0.389602
0.386398
0.392375
0.381948
0.387908
0.393874
0.386805
0.388484
0.389083
0.390862
0.388989
0.389457
0.383236
0.386437
0.383209
0.388974
0.379062
0.387160
0.381968
0.384332
0.378076
0.382913
0.386484
0.386196
0.392002
0.384771
0.384771
0.393089
0.389030
0.392808
0.386599
0.389356
0.389561
0.387080
0.390273
0.381953
0.390076
0.386070
0.390542
0.385770
0.389391
0.387765
0.390568
0.384484
0.388005
0.388465
0.387824
0.391240
0.385146
0.390427
0.387235
0.390598
0.380512
0.390011
0.386098
0.390272
0.385881
0.390312
0.387292
0.392524
0.384738
0.390647
0.387143
0.390968
0.383265
0.388768
0.386507
0.388560
0.382645
0.385943
0.385704
0.387934
0.384773
0.390813
0.380757
0.387099
0.392636
0.386297
0.388634
0.389074
0.392723
0.389782
0.393555
0.384577
0.391616
0.388284
0.392692
0.386074
0.388657
0.387863
0.384117
0.387477
0.379840
0.389421
0.386840
0.392100
0.387959
0.391868
0.389491
0.393257
0.384621
0.391622
0.387896
0.392880
0.386774
0.391686
0.391525
0.390021
0.390251
0.385969
0.391674
0.381957
0.389634
0.394555
0.382932
0.389042
0.388858
0.389971
0.388248
0.390294
0.386369
0.391212
0.387484
0.391888
0.387049
0.390499
0.384703
0.387732
0.383831
0.389235
0.380512
0.390947
0.388454
0.393016
0.387589
0.391360
0.392385
0.389733
0.392888
0.383847
0.391689
0.387057
0.390764
0.385871
0.389510
0.385678
0.390271
0.382383
0.388973
0.386384
0.391434
0.385222
0.390956
0.389848
0.390711
0.386235
0.391067
0.381756
0.391587
0.387643
0.391231
0.385513
0.389286
0.390509
0.388637
0.391923
0.384043
0.391755
0.388120
0.392809
0.386882
0.390279
0.390278
0.388146
0.390803
0.384253
0.390477
0.388624
0.393332
0.384346
0.392905
0.388071
0.391205
0.386300
0.390664
0.387477
0.392781
0.388217
0.391798
0.389716
0.392775
0.385826
0.390559
0.387975
0.390735
0.383400
0.389376
0.387389
0.392209
0.383424
0.392307
0.388257
0.392295
0.387840
0.392117
0.388861
0.393904
0.385815
0.392113
0.388146
0.392351
0.385050
0.390429
0.388832
0.390611
0.385661
0.390035
0.386102
0.391043
0.387579
0.393035
0.384157
0.392861
0.388146
0.391694
0.387695
0.392768
0.388634
0.392736
0.391646
0.393347
0.388857
0.393861
0.385865
0.393065
0.387483
0.390852
0.386476
0.391596
0.387275
0.391601
0.390805
0.393075
0.389051
0.394413
0.387570
0.393491
0.388792
0.393032
0.383415
0.392085
0.388331
0.392485
0.387293
0.391230
0.391392
0.392885
0.389665
0.394346
0.383552
0.388131
0.395183
0.386928
0.388212
0.389862
0.391064
0.392746
0.389702
0.393799
0.384783
0.394556
0.390454
0.392952
0.386840
0.389183
0.384955
0.389688
0.382879
0.391281
0.390244
0.396406
0.390943
0.395775
0.394533
0.393475
0.390811
0.392935
0.388057
0.392671
0.391401
0.394134
0.387116
0.392358
0.389043
0.393727
0.383335
0.392043
0.394363
0.389769
0.393646
0.389421
0.393419
0.391411
0.393545
0.386436
0.390212
0.388680
0.390249
0.384981
0.388820
0.383594
0.387666
0.384630
0.390626
0.381513
0.389905
0.394599
0.385114
0.390464
0.389963
0.392606
0.389225
0.393446
0.385445
0.391966
0.387716
0.391429
0.384538
0.388198
0.387818
0.386964
0.387913
0.385440
0.392128
0.383339
0.389196
0.397283
0.389596
0.391156
0.392953
0.394110
0.395535
0.392590
0.395786
0.388256
0.395246
0.391466
0.394387
0.386140
0.388273
0.387154
0.386018
0.388483
0.386693
0.394126
0.387488
0.397123
0.391862
0.394123
0.391536
0.394355
0.389943
0.393602
0.391132
0.395465
0.386596
0.395394
0.390371
0.392556
0.388108
0.391632
0.385756
0.389862
0.390042
0.389554
0.391137
0.388070
0.393674
0.383172
0.389414
0.393176
0.381859
0.388154
0.388509
0.391562
0.389383
0.393359
0.387948
0.392084
0.392112
0.390959
0.391296
0.386949
0.391285
0.380388
0.387875
0.390824
0.384298
0.388406
0.391369
0.391580
0.395153
0.390006
0.393204
0.393077
0.393302
0.392647
0.392604
0.389149
0.392716
0.381489
0.387283
0.393484
0.386985
0.389933
0.392445
0.394545
0.395730
0.393886
0.395572
0.390525
0.393713
0.391445
0.392991
0.385133
0.387352
0.385480
0.386007
0.384596
0.390807
0.383487
0.394810
0.391039
0.394114
0.390104
0.394518
0.391275
0.395365
0.390357
0.393420
0.390145
0.394661
0.386472
0.392962
0.387808
0.390452
0.384798
0.388083
0.388359
0.390133
0.388219
0.392759
0.383713
0.393123
0.387748
0.389992
0.388008
0.391362
0.388042
0.392311
0.389251
0.394394
0.387007
0.394939
0.391227
0.394547
0.389001
0.391581
0.389722
0.392720
0.387957
0.391671
0.391496
0.392700
0.389866
0.394341
0.383788
0.391479
0.392798
0.386669
0.389999
0.390018
0.395156
0.390507
0.393789
0.393331
0.392784
0.393711
0.390990
0.395448
0.384141
0.389619
0.393302
0.384637
0.388400
0.391486
0.392326
0.395380
0.391218
0.394730
0.390338
0.393970
0.389950
0.393352
0.385462
0.388981
0.386644
0.388761
0.385438
0.390904
0.388448
0.393746
0.390040
0.394231
0.390272
0.394672
0.389911
0.393338
0.391562
0.394531
0.389088
0.392925
0.392344
0.392661
0.390178
0.394090
0.394090
0.384367
0.394082
0.388407
0.390694
0.388752
0.393153
0.389644
0.393438
0.392394
0.393606
0.389783
0.395049
0.385646
0.394433
0.388111
0.389677
0.386972
0.391087
0.387752
0.392032
0.391617
0.393454
0.389904
0.395139
0.386271
0.394571
0.388180
0.390141
0.388697
0.391798
0.389556
0.395170
0.389091
0.394495
0.391934
0.395546
0.389329
0.393511
0.392342
0.392389
0.389330
0.393864
0.385114
0.395217
0.390279
0.392587
0.389941
0.394138
0.390007
0.393634
0.393318
0.393223
0.392964
0.393976
0.391918
0.396004
0.384806
0.390320
0.393959
0.386499
0.389671
0.392950
0.394706
0.397881
0.394108
0.398202
0.391727
0.395970
0.393499
0.394238
0.387981
0.390293
0.386013
0.390977
0.383337
0.392434
0.389426
0.393665
0.390878
0.395401
0.390642
0.393781
0.393147
0.392950
0.392349
0.393376
0.390379
0.395056
0.383947
0.388714
0.394393
0.387398
0.390180
0.393211
0.395812
0.397785
0.396031
0.398226
0.392338
0.395251
0.393744
0.392066
0.388979
0.389223
0.384375
0.389228
0.384849
0.390902
0.391252
0.395937
0.391773
0.396057
0.395586
0.395848
0.393582
0.397633
0.388488
0.397979
0.390633
0.392606
0.390386
0.392105
0.389508
0.394405
0.386871
0.393565
0.389230
0.392729
0.388178
0.391333
0.388999
0.391819
0.385339
0.389320
0.388936
0.390742
0.388351
0.393475
0.384149
0.393164
0.387934
0.390499
0.388611
0.393936
0.390888
0.394771
0.394164
0.394315
0.392259
0.395803
0.388216
0.395019
0.389033
0.391288
0.388111
0.392918
0.388216
0.393682
0.393448
0.395013
0.392193
0.397320
0.388405
0.396818
0.390498
0.391820
0.389408
0.392861
0.389775
0.394010
0.390769
0.395175
0.387408
0.394326
0.390545
0.393811
0.388495
0.391424
0.390825
0.392853
0.389810
0.395055
0.387088
0.395439
0.390259
0.392473
0.390075
0.393603
0.389889
0.393824
0.392587
0.395804
0.390752
0.394597
0.393845
0.394063
0.390473
0.394603
0.384734
0.394236
0.390997
0.394064
0.389244
0.393790
0.395514
0.394753
0.396565
0.391916
0.395755
0.391746
0.395924
0.388608
0.392716
0.389718
0.392759
0.387217
0.392074
0.392642
0.394141
0.392300
0.396575
0.387654
0.396449
0.389926
0.391890
0.390688
0.392823
0.391278
0.396396
0.388603
0.396227
0.391377
0.394248
0.391360
0.395366
0.390303
0.393228
0.392572
0.392266
0.392617
0.392971
0.394386
0.391368
0.395948
0.385099
0.390103
0.396681
0.389625
0.392560
0.396128
0.398510
0.401420
0.398699
0.401757
0.394201
0.397964
0.394268
0.394555
0.387739
0.389357
0.387093
0.390663
0.386628
0.391952
0.393436
0.394918
0.394517
0.396641
0.392404
0.396415
0.391353
0.394937
0.392643
0.397113
0.389515
0.397292
0.392886
0.395924
0.392325
0.396883
0.392850
0.396098
0.394463
0.395003
0.390324
0.394282
0.386148
0.392661
0.387651
0.390491
0.386883
0.391682
0.388796
0.393281
0.390945
0.395530
0.389016
0.394871
0.392040
0.394962
0.388833
0.392141
0.392367
0.392032
0.393206
0.391017
0.396180
0.386718
0.395731
0.391473
0.393582
0.388825
0.393065
0.394397
0.396045
0.394859
0.398054
0.392539
0.396883
0.394182
0.395878
0.388831
0.392261
0.391366
0.393259
0.390395
0.396309
0.389280
0.397968
0.392978
0.395160
0.392845
0.395927
0.392086
0.395688
0.392755
0.396490
0.388430
0.394948
0.390666
0.393511
0.388409
0.391583
0.390302
0.394221
0.389694
0.393659
0.393484
0.394106
0.391879
0.395355
0.387218
0.394951
0.389495
0.392437
0.391735
0.395267
0.392945
0.398031
0.393198
0.396533
0.395116
0.396791
0.392723
0.396875
0.390660
0.394150
0.391800
0.394247
0.389929
0.394175
0.393319
0.396492
0.390737
0.394726
0.393358
0.395672
0.390962
0.394619
0.392075
0.396467
0.387350
0.396131
0.391494
0.393983
0.391838
0.395760
0.392034
0.395617
0.393930
0.396049
0.390801
0.393915
0.391802
0.394423
0.387672
0.392258
0.390205
0.394325
0.388643
0.395132
0.393705
0.397849
0.391865
0.396617
0.395535
0.397460
0.393018
0.396947
0.392350
0.395764
0.392140
0.396260
0.388335
0.395625
0.391759
0.395273
0.391311
0.395576
0.393208
0.397966
0.391842
0.395930
0.394011
0.395725
0.391216
0.395016
0.390916
0.394951
0.390242
0.393994
0.392084
0.396800
0.390300
0.396943
0.393522
0.397314
0.391842
0.395890
0.396183
0.396390
0.395284
0.396487
0.392559
0.397498
0.387346
0.396041
0.391173
0.393429
0.389843
0.395086
0.393623
0.399194
0.394920
0.398367
0.397221
0.398337
0.393821
0.397403
0.388777
0.394781
0.389931
0.393347
0.390204
0.395332
0.392762
0.397385
0.393498
0.397331
0.393360
0.397382
0.393016
0.396322
0.392309
0.396277
0.389768
0.394849
0.393071
0.396288
0.391562
0.395345
0.394931
0.396273
0.392647
0.397432
0.388707
0.397485
0.392299
0.394244
0.392407
0.396089
0.393294
0.397819
0.394510
0.398741
0.392470
0.396657
0.394702
0.396170
0.396170
