0.323890
0.338654
0.341291
0.344446
0.347670
0.350756
0.353664
0.356433
0.359119
0.361770
0.364417
0.367068
0.369712
0.372326
0.374876
0.377327
0.379646
0.381803
0.383773
0.385539
0.387093
0.388429
0.389542
0.390427
0.391090
0.391541
0.391799
0.391886
0.391826
0.391645
0.391368
0.391022
0.390632
0.390218
0.389798
0.389389
0.389004
0.388657
0.388361
0.388126
0.387965
0.387887
0.387903
0.388020
0.388246
0.388587
0.389047
0.389632
0.390351
0.391219
0.392263
0.393525
0.395067
0.396978
0.399378
0.402393
0.406098
0.410431
0.415158
0.420045
0.425127
0.430591
0.436595
0.443244
0.450607
0.458722
0.467598
0.477208
0.487470
0.498222
0.509203
0.520037
0.530265
0.539413
0.547107
0.553175
0.557685
0.560879
0.563058
0.564496
0.565409
0.565958
0.566257
0.566385
0.566399
0.566337
0.566225
0.566082
0.565920
0.565747
0.565569
0.565389
0.565210
0.565032
0.564857
0.564685
0.564515
0.564348
0.564183
0.564020
0.563858
0.563697
0.563537
0.563378
0.563220
0.563065
0.562914
0.562767
0.562626
0.562491
0.562364
0.562244
0.562129
0.562018
0.561911
0.561812
0.561722
0.561642
0.561573
0.561514
0.561466
0.561427
0.561398
0.561378
0.561365
0.561359
0.561361
0.561368
0.561380
0.561397
0.561416
0.561437
0.561459
0.561481
0.561506
0.561533
0.561568
0.561612
0.561669
0.561740
0.561817
0.561888
0.561932
0.561938
0.561901
0.561823
0.561707
0.561557
0.561375
0.561162
0.560919
0.560652
0.560364
0.560059
0.559742
0.559415
0.559082
0.558744
0.558404
0.558064
0.557727
0.557395
0.557068
0.556748
0.556437
0.556136
0.555845
0.555565
0.555296
0.555038
0.554790
0.554550
0.554315
0.554067
0.553773
0.553475
0.553229
0.552997
0.552758
0.552506
0.552235
0.551957
0.551724
0.551546
0.551424
0.551377
0.551199
0.551045
0.550836
0.550708
0.550450
0.550403
0.550069
0.550076
0.549721
0.549612
0.549518
0.549347
0.549158
0.548962
0.548751
0.548581
0.548480
0.548388
0.548269
0.548130
0.547998
0.547872
0.547750
0.547632
0.547519
0.547408
0.547301
0.547196
0.547095
0.546996
0.546901
0.546808
0.546718
0.546632
0.546548
0.546467
0.546389
0.546314
0.546242
0.546174
0.546108
0.546046
0.545986
0.545931
0.545878
0.545829
0.545783
0.545741
0.545702
0.545667
0.545636
0.545610
0.545587
0.545570
0.545557
0.545550
0.545548
0.545552
0.545561
0.545576
0.545597
0.545623
0.545654
0.545689
0.545730
0.545774
0.545823
0.545876
0.545933
0.545993
0.546057
0.546124
0.546194
0.546267
0.546342
0.546420
0.546501
0.546584
0.546669
0.546756
0.546846
0.546938
0.547032
0.547129
0.547228
0.547329
0.547432
0.547538
0.547646
0.547757
0.547871
0.547987
0.548107
0.548229
0.548354
0.548483
0.548614
0.548749
0.548886
0.549024
0.549164
0.549304
0.549442
0.549577
0.549708
0.549833
0.549951
0.550063
0.550169
0.550271
0.550369
0.550464
0.550557
0.550648
0.550738
0.550825
0.550911
0.550994
0.551076
0.551155
0.551232
0.551306
0.551379
0.551451
0.551522
0.551592
0.551663
0.551734
0.551807
0.551883
0.551961
0.552045
0.552135
0.552235
0.552344
0.552465
0.552599
0.552746
0.552903
0.553071
0.553247
0.553429
0.553617
0.553808
0.554002
0.554199
0.554397
0.554596
0.554796
0.554997
0.555199
0.555401
0.555605
0.555810
0.556016
0.556224
0.556434
0.556645
0.556858
0.557073
0.557290
0.557510
0.557731
0.557955
0.558181
0.558409
0.558640
0.558872
0.559107
0.559345
0.559585
0.559827
0.560072
0.560320
0.560570
0.560823
0.561079
0.561337
0.561599
0.561863
0.562130
0.562400
0.562673
0.562950
0.563229
0.563511
0.563796
0.564084
0.564375
0.564669
0.564966
0.565266
0.565569
0.565875
0.566184
0.566496
0.566810
0.567128
0.567448
0.567771
0.568096
0.568425
0.568756
0.569089
0.569425
0.569763
0.570104
0.570447
0.570793
0.571141
0.571491
0.571843
0.572197
0.572553
0.572911
0.573271
0.573633
0.573997
0.574362
0.574729
0.575097
0.575467
0.575838
0.576211
0.576585
0.576960
0.577336
0.577713
0.578091
0.578470
0.578850
0.579230
0.579611
0.579993
0.580375
0.580757
0.581140
0.581523
0.581907
0.582290
0.582674
0.583058
0.583441
0.583825
0.584209
0.584593
0.584978
0.585362
0.585746
0.586131
0.586516
0.586902
0.587287
0.587673
0.588060
0.588447
0.588835
0.589224
0.589613
0.590003
0.590394
0.590786
0.591178
0.591572
0.591966
0.592362
0.592758
0.593155
0.593553
0.593952
0.594352
0.594753
0.595155
0.595558
0.595962
0.596366
0.596771
0.597178
0.597585
0.597993
0.598402
0.598811
0.599221
0.599633
0.600044
0.600457
0.600870
0.601284
0.601699
0.602115
0.602531
0.602948
0.603365
0.603783
0.604202
0.604622
0.605042
0.605463
0.605884
0.606307
0.606730
0.607153
0.607577
0.608002
0.608428
0.608854
0.609281
0.609709
0.610137
0.610566
0.610996
0.611426
0.611857
0.612289
0.612289
0.612721
0.613155
0.613588
0.614023
0.614459
0.614895
0.615332
0.615769
0.616208
0.616647
0.617087
0.617527
0.617969
0.618411
0.618854
0.619298
0.619743
0.620189
0.620635
0.621082
0.621530
0.621979
0.622429
0.622880
0.623331
0.623784
0.624237
0.624691
0.625146
0.625602
0.626059
0.626517
0.626976
0.627436
0.627897
0.628359
0.628822
0.629285
0.629750
0.630216
0.630683
0.631151
0.631620
0.632090
0.632561
0.633033
0.633506
0.633981
0.634456
0.634933
0.635411
0.635889
0.636369
0.636851
0.637333
0.637816
0.638301
0.638787
0.639274
0.639762
0.640252
0.640743
0.641235
0.641728
0.642223
0.642719
0.643216
0.643714
0.644214
0.644715
0.645217
0.645721
0.646226
0.646733
0.647241
0.647750
0.648261
0.648773
0.649286
0.649801
0.650318
0.650835
0.651355
0.651875
0.652397
0.652921
0.653446
0.653973
0.654501
0.655031
0.655562
0.656095
0.656629
0.657165
0.657703
0.658242
0.658782
0.659325
0.659868
0.660414
0.660961
0.661510
0.662060
0.662612
0.663166
0.663721
0.664278
0.664837
0.665397
0.665959
0.666523
0.667089
0.667656
0.668225
0.668796
0.669369
0.669943
0.670519
0.671097
0.671676
0.672258
0.672841
0.673426
0.674013
0.674601
0.675192
0.675784
0.676378
0.676974
0.677572
0.678172
0.678773
0.679377
0.679982
0.680589
0.681198
0.681809
0.682422
0.683037
0.683653
0.684272
0.684892
0.685514
0.686139
0.686765
0.687393
0.688023
0.688655
0.689289
0.689925
0.690562
0.691202
0.691844
0.692487
0.693133
0.693780
0.694429
0.695081
0.695734
0.696389
0.697046
0.697705
0.698366
0.699029
0.699693
0.700360
0.701029
0.701699
0.702371
0.703046
0.703722
0.704400
0.705080
0.705761
0.706445
0.707130
0.707817
0.708506
0.709197
0.709890
0.710584
0.711280
0.711978
0.712677
0.713378
0.714081
0.714786
0.715492
0.716200
0.716909
0.717620
0.718333
0.719047
0.719762
0.720479
0.721197
0.721917
0.722638
0.723361
0.724084
0.724809
0.725536
0.726263
0.726991
0.727721
0.728452
0.729183
0.729916
0.730649
0.731383
0.732118
0.732854
0.733590
0.734327
0.735064
0.735802
0.736541
0.737279
0.738018
0.738757
0.739496
0.740235
0.740974
0.741713
0.742452
0.743190
0.743928
0.744665
0.745401
0.746137
0.746872
0.747606
0.748339
0.749071
0.749802
0.750531
0.751258
0.751984
0.752708
0.753430
0.754150
0.754868
0.755584
0.756297
0.757007
0.757715
0.758420
0.759121
0.759820
0.760515
0.761207
0.761894
0.762579
0.763259
0.763934
0.764606
0.765273
0.765935
0.766593
0.767245
0.767892
0.768534
0.769171
0.769801
0.770426
0.771045
0.771658
0.772264
0.772863
0.773456
0.774042
0.774620
0.775191
0.775755
0.776311
0.776858
0.777398
0.777929
0.778452
0.778966
0.779471
0.779967
0.780453
0.780930
0.781397
0.781854
0.782301
0.782738
0.783165
0.783580
0.783986
0.784380
0.784763
0.785135
0.785495
0.785844
0.786181
0.786506
0.786820
0.787121
0.787409
0.787685
0.787949
0.788199
0.788437
0.788661
0.788872
0.789069
0.789254
0.789424
0.789582
0.789726
0.789856
0.789973
0.790077
0.790168
0.790247
0.790312
0.790366
0.790407
0.790437
0.790455
0.790463
0.790459
0.790446
0.790423
0.790390
0.790349
0.790300
0.790242
0.790178
0.790106
0.790028
0.789944
0.789855
0.789761
0.789662
0.789560
0.789453
0.789344
0.789232
0.789119
0.789003
0.788886
0.788768
0.788650
0.788532
0.788414
0.788297
0.788182
0.788068
0.787956
0.787847
0.787741
0.787639
0.787540
0.787445
0.787356
0.787271
0.787192
0.787120
0.787054
0.786995
0.786944
0.786900
0.786865
0.786839
0.786822
0.786814
0.786815
0.786825
0.786837
0.786844
0.786851
0.786857
0.786871
0.786865
0.786865
0.786881
0.787081
0.787256
0.787610
0.787967
0.788311
0.788648
0.788985
0.789340
0.789720
0.790126
0.790552
0.790991
0.791438
0.791888
0.792318
0.792725
0.792979
0.793344
0.793787
0.794508
0.795072
0.795458
0.795977
0.796396
0.797285
0.797860
0.798389
0.798638
0.799507
0.799792
0.800923
0.801300
0.801680
0.802541
0.802827
0.804208
0.804456
0.805433
0.805360
0.806806
0.806832
0.808688
0.808608
0.810300
0.810023
0.811988
0.811608
0.813298
0.812926
0.815051
0.814572
0.816412
0.815920
0.818304
0.817662
0.819620
0.819039
0.821514
0.820799
0.822875
0.822256
0.824873
0.823773
0.824941
0.825216
0.825332
0.827024
0.827939
0.827951
0.829877
0.830195
0.830756
0.832078
0.832870
0.833130
0.834636
0.835432
0.835745
0.837549
0.838139
0.838793
0.840313
0.841183
0.841455
0.843519
0.843965
0.844788
0.846437
0.847294
0.847581
0.849865
0.850134
0.851150
0.852833
0.853768
0.853947
0.856593
0.856450
0.857876
0.859261
0.860681
0.860534
0.863858
0.863035
0.865347
0.865927
0.868246
0.868459
0.871774
0.870537
0.872623
0.873993
0.874206
0.877300
0.879320
0.880486
0.880233
0.883498
0.882561
0.884670
0.884670
0.885739
0.886618
0.888650
0.890972
0.893121
0.893640
0.896253
0.895195
0.896968
0.898899
0.900230
0.902678
0.904524
0.905893
0.906074
0.906889
0.909523
0.913179
0.913318
0.913576
0.916519
0.915744
0.917781
0.919753
0.922593
0.924179
0.925688
0.927445
0.927090
0.929038
0.930486
0.932967
0.934903
0.939406
0.938859
0.939643
0.941622
0.943590
0.944535
0.947565
0.948493
0.951165
0.952073
0.954720
0.955335
0.957565
0.958566
0.961228
0.961934
0.964388
0.965368
0.968147
0.968799
0.971460
0.972270
0.975160
0.975767
0.978617
0.979274
0.982271
0.982823
0.985846
0.986381
0.989495
0.989971
0.993149
0.993580
0.996834
0.997216
1.000546
1.000878
1.004287
1.004568
1.008059
1.008286
1.011862
1.012036
1.015692
1.015815
1.019546
1.019621
1.023420
1.023449
1.027311
1.027297
1.031218
1.031163
1.035142
1.035048
1.039086
1.038954
1.043053
1.042881
1.047046
1.046829
1.051069
1.050798
1.055125
1.054787
1.059218
1.058796
1.063348
1.062829
1.067512
1.066887
1.071697
1.070969
1.075881
1.075064
1.080043
1.079154
1.084170
1.083216
1.088253
1.087237
1.092287
1.091214
1.096270
1.095143
1.100197
1.099016
1.104065
1.102825
1.107867
1.106563
1.111593
1.110231
1.115227
1.113843
1.118746
1.117407
1.122136
1.120917
1.125393
1.124343
1.128531
1.127655
1.131553
1.130839
1.134456
1.133895
1.137234
1.136818
1.139874
1.139598
1.142361
1.142220
1.144679
1.144667
1.146808
1.146923
1.148734
1.148966
1.150440
1.150772
1.151919
1.152315
1.153163
1.153571
1.154166
1.154527
1.154916
1.155178
1.155396
1.155526
1.155589
1.155575
1.155489
1.155331
1.155101
1.154802
1.154435
1.154004
1.153511
1.152960
1.152354
1.151698
1.150994
1.150248
1.149464
1.148645
1.147795
1.146919
1.146021
1.145103
1.144169
1.143222
1.142266
1.141302
1.140333
1.139362
1.138390
1.137420
1.136453
1.135490
1.134534
1.133585
1.132644
1.131713
1.130793
1.129884
1.128987
1.128103
1.127233
1.126377
1.125535
1.124708
1.123897
1.123100
1.122319
1.121554
1.120804
1.120070
1.119351
1.118648
1.117960
1.117286
1.116628
1.115984
1.115355
1.114739
1.114138
1.113549
1.112974
1.112411
1.111861
1.111323
1.110796
1.110281
1.109777
1.109284
1.108802
1.108330
1.107867
1.107415
1.106972
1.106538
1.106114
1.105698
1.105292
1.104894
1.104504
1.104123
1.103751
1.103387
1.103032
1.102685
1.102348
1.102018
1.101698
1.101387
1.101085
1.100793
1.100510
1.100237
1.099975
1.099722
1.099480
1.099249
1.099029
1.098820
1.098622
1.098436
1.098262
1.098100
1.097951
1.097815
1.097691
1.097581
1.097484
1.097401
1.097332
1.097278
1.097238
1.097214
1.097205
1.097212
1.097236
1.097278
1.097337
1.097414
1.097511
1.097628
1.097766
1.097926
1.098108
1.098315
1.098547
1.098806
1.099093
1.099410
1.099759
1.100142
1.100561
1.101018
1.101516
1.102059
1.102648
1.103289
1.103984
1.104739
1.105557
1.106444
1.107406
1.108449
1.109580
1.110807
1.112137
1.113579
1.115142
1.116835
1.118666
1.120643
1.122770
1.125047
1.127469
1.130019
1.132670
1.135381
1.138098
1.140761
1.143311
1.145698
1.147890
1.149873
1.151646
1.153220
1.154608
1.155830
1.156907
1.157862
1.158719
1.159501
1.160232
1.160929
1.161610
1.162288
1.162972
1.163671
1.164387
1.165126
1.165887
1.166674
1.167487
1.168328
1.169198
1.170097
1.171028
1.171989
1.172983
1.174009
1.175067
1.176157
1.177280
1.178435
1.179620
1.180836
1.182081
1.183354
1.184654
1.185980
1.187330
1.188702
1.190096
1.191512
1.192950
1.194412
1.195902
1.197426
1.198989
1.200597
1.202254
1.203962
1.205716
1.207512
1.209341
1.211193
1.213057
1.214926
1.216793
1.218653
1.220502
1.222338
1.224158
1.225962
1.227745
1.229504
1.231237
1.232937
1.234601
1.236228
1.237816
1.239370
1.240899
1.242413
1.243923
1.245437
1.246961
1.248497
1.250045
1.251605
1.253176
1.254758
1.256350
1.257951
1.259562
1.261180
1.262807
1.264442
1.266083
1.267732
1.269388
1.271051
1.272720
1.274397
1.276080
1.277770
1.279467
1.281170
1.282880
1.284598
1.286322
1.288054
1.289793
1.291540
1.293295
1.295058
1.296829
1.298609
1.300398
1.302197
1.304004
1.305822
1.307650
1.309488
1.311337
1.313198
1.315070
1.316953
1.318849
1.320758
1.322680
1.324614
1.326562
1.328525
1.330501
1.332492
1.334498
1.336519
1.338557
1.340610
1.342679
1.344765
1.346869
1.348990
1.351128
1.353286
1.355462
1.357657
1.359871
1.362106
1.364360
1.366636
1.368933
1.371252
1.373593
1.375956
1.378343
1.380754
1.383189
1.385649
1.388135
1.390648
1.393188
1.395757
1.398355
1.400984
1.403645
1.406340
1.409070
1.411837
1.414643
1.417490
1.420380
1.423313
1.426291
1.429311
1.432372
1.435468
1.438590
1.441728
1.444870
1.448005
1.451122
1.454214
1.457274
1.460300
1.463290
1.466244
1.466244
1.469164
1.472045
1.474937
1.477510
1.482656
1.477714
1.483527
1.487499
1.491965
1.493570
1.495290
1.498077
1.500355
1.502507
1.504963
1.507589
1.510309
1.513076
1.515850
1.518604
1.521328
1.524026
1.526709
1.529388
1.532075
1.534773
1.537485
1.540213
1.542954
1.545708
1.548475
1.551254
1.554047
1.556852
1.559669
1.562498
1.565338
1.568189
1.571048
1.573915
1.576788
1.579667
1.582550
1.585434
1.588319
1.591203
1.594083
1.596959
1.599827
1.602686
1.605534
1.608369
1.611191
1.613997
1.616787
1.619559
1.622313
1.625047
1.627762
1.630458
1.633133
1.635787
1.638421
1.641034
1.643626
1.646197
1.648747
1.651275
1.653783
1.656268
1.658732
1.661175
1.663595
1.665994
1.668371
1.670726
1.673058
1.675369
1.677657
1.679923
1.682167
1.684389
1.686589
1.688767
1.690922
1.693056
1.695168
1.697259
1.699328
1.701376
1.703403
1.705410
1.707396
1.709362
1.711308
1.713234
1.715142
1.717031
1.718901
1.720754
1.722589
1.724407
1.726208
1.727994
1.729763
1.731518
1.733257
1.734983
1.736695
1.738393
1.740079
1.741752
1.743414
1.745064
1.746704
1.748333
1.749952
1.751562
1.753163
1.754755
1.756340
1.757916
1.759485
1.761047
1.762602
1.764151
1.765694
1.767231
1.768763
1.770290
1.771813
1.773330
1.774843
1.776353
1.777858
1.779360
1.780858
1.782353
1.783844
1.785333
1.786819
1.788303
1.789783
1.791262
1.792738
1.794212
1.795683
1.797153
1.798621
1.800087
1.801551
1.803014
1.804475
1.805935
1.807392
1.808849
1.810304
1.811758
1.813211
1.814662
1.816112
1.817561
1.819009
1.820456
1.821902
1.823347
1.824791
1.826234
1.827677
1.829118
1.830558
1.831998
1.833437
1.834875
1.836312
1.837749
1.839185
1.840620
1.842055
1.843489
1.844922
1.846355
1.847787
1.849218
1.850649
1.852079
1.853508
1.854937
1.856366
1.857794
1.859221
1.860648
1.862074
1.863499
1.864924
1.866348
1.867772
1.869195
1.870618
1.872040
1.873461
1.874882
1.876302
1.877721
1.879140
1.880558
1.881976
1.883393
1.884809
1.886224
1.887639
1.889052
1.890466
1.891878
1.893289
1.894700
1.896110
1.897519
1.898927
1.900334
1.901741
1.903146
1.904551
1.905954
1.907357
1.908759
1.910159
1.911559
1.912957
1.914355
1.915751
1.917146
1.918540
1.919933
1.921325
1.922716
1.924105
1.925493
1.926880
1.928266
1.929651
1.931034
1.932416
1.933796
1.935176
1.936554
1.937930
1.939306
1.940680
1.942052
1.943423
1.944793
1.946161
1.947528
1.948894
1.950258
1.951620
1.952981
1.954341
1.955699
1.957055
1.958410
1.959763
1.961115
1.962465
1.963814
1.965161
1.966506
1.967850
1.969193
1.970533
1.971872
1.973209
1.974545
1.975878
1.977210
1.978541
1.979869
1.981196
1.982521
1.983845
1.985166
1.986486
1.987803
1.989119
1.990433
1.991746
1.993056
1.994364
1.995670
1.996975
1.998277
1.999578
2.000876
2.002172
2.003467
2.004759
2.006049
2.007337
2.008622
2.009906
2.011188
2.012467
2.013744
2.015018
2.016291
2.017561
2.018829
2.020094
2.021357
2.022618
2.023876
2.025132
2.026385
2.027636
2.028885
2.030130
2.031374
2.032614
2.033852
2.035088
2.036320
2.037550
2.038778
2.040002
2.041224
2.042443
2.043660
2.044873
2.046084
2.047292
2.048496
2.049698
2.050897
2.052093
2.053286
2.054476
2.055663
2.056847
2.058028
2.059206
2.060381
2.061552
2.062721
2.063886
2.065048
2.066207
2.067362
2.068514
2.069663
2.070809
2.071951
2.073090
2.074226
2.075358
2.076487
2.077612
2.078734
2.079853
2.080968
2.082079
2.083187
2.084292
2.085392
2.086490
2.087583
2.088673
2.089759
2.090842
2.091921
2.092995
2.094067
2.095134
2.096197
2.097257
2.098313
2.099364
2.100412
2.101455
2.102494
2.103529
2.104559
2.105585
2.106607
2.107624
2.108636
2.109643
2.110644
2.111641
2.112632
2.113617
2.114596
2.115569
2.116534
2.117492
2.118443
2.119384
2.120317
2.121239
2.122150
2.123048
2.123932
2.124801
2.125652
2.126483
2.127292
2.128076
2.128834
2.129565
2.130271
2.130957
2.131635
2.132322
2.133035
2.133794
2.134607
2.135478
2.136399
2.137362
2.138357
2.139377
2.140416
2.141468
2.142531
2.143603
2.144683
2.145770
2.146864
2.147964
2.149070
2.150182
2.151299
2.152421
2.153547
2.154678
2.155813
2.156951
2.158092
2.159236
2.160383
2.161532
2.162684
2.163837
2.164993
2.166150
2.167309
2.168469
2.169631
2.170794
2.171958
2.173123
2.174289
2.175456
2.176623
2.177792
2.178961
2.180131
2.181301
2.182471
2.183643
2.184814
2.185986
2.187158
2.188331
2.189503
2.190676
2.191849
2.193023
2.194196
2.195369
2.196542
2.197715
2.198888
2.200061
2.201234
2.202407
2.203580
2.204752
2.205924
2.207095
2.208267
2.209438
2.210608
2.211778
2.212948
2.214117
2.215286
2.216454
2.217622
2.218789
2.219955
2.221121
2.222286
2.223450
2.224614
2.225776
2.226938
2.228100
2.229260
2.229260
2.230420
2.231579
2.232736
2.233893
2.235049
2.236204
2.237359
2.238512
2.239664
2.240815
2.241965
2.243114
2.244262
2.245408
2.246554
2.247698
2.248842
2.249984
2.251125
2.252265
2.253404
2.254541
2.255677
2.256812
2.257946
2.259078
2.260209
2.261339
2.262468
2.263595
2.264721
2.265845
2.266969
2.268090
2.269211
2.270330
2.271448
2.272564
2.273679
2.274793
2.275905
2.277016
2.278126
2.279234
2.280341
2.281446
2.282550
2.283652
2.284754
2.285853
2.286952
2.288049
2.289144
2.290238
2.291331
2.292423
2.293513
2.294602
2.295689
2.296775
2.297860
2.298943
2.300025
2.301106
2.302186
2.303264
2.304342
2.305417
2.306492
2.307566
2.308638
2.309710
2.310780
2.311850
2.312918
2.313985
2.315051
2.316117
2.317181
2.318245
2.319308
2.320370
2.321431
2.322492
2.323552
2.324611
2.325670
2.326728
2.327786
2.328843
2.329900
2.330956
2.332012
2.333068
2.334124
2.335179
2.336235
2.337290
2.338345
2.339400
2.340455
2.341510
2.342566
2.343621
2.344676
2.345732
2.346787
2.347843
2.348899
2.349955
2.351012
2.352068
2.353125
2.354182
2.355239
2.356296
2.357353
2.358410
2.359468
2.360525
2.361583
2.362641
2.363698
2.364756
2.365813
2.366870
2.367927
2.368984
2.370041
2.371097
2.372153
2.373209
2.374264
2.375319
2.376373
2.377427
2.378480
2.379533
2.380585
2.381636
2.382686
2.383736
2.384785
2.385832
2.386879
2.387925
2.388970
2.390014
2.391057
2.392099
2.393139
2.394179
2.395217
2.396254
2.397290
2.398325
2.399358
2.400390
2.401421
2.402450
2.403478
2.404505
2.405531
2.406555
2.407578
2.408599
2.409620
2.410639
2.411657
2.412674
2.413689
2.414703
2.415716
2.416728
2.417739
2.418749
2.419757
2.420764
2.421771
2.422776
2.423780
2.424783
2.425785
2.426786
2.427786
2.428785
2.429784
2.430781
2.431777
2.432773
2.433768
2.434762
2.435755
2.436747
2.437738
2.438728
2.439715
2.440699
2.441676
2.442637
2.443560
2.444393
2.445154
2.446731
2.448661
2.449510
2.450668
2.451425
2.452653
2.453408
2.454941
2.455222
2.457552
2.457387
2.459891
2.459719
2.461163
2.461363
2.464268
2.463528
2.465830
2.465536
2.468380
2.468201
2.468620
2.470852
2.470456
2.473830
2.473756
2.473335
2.477620
2.477177
2.476482
2.481002
2.480781
2.479819
2.482592
2.481656
2.485396
2.485740
2.484506
2.488129
2.487097
2.488430
2.488371
2.491750
2.491265
2.491487
2.493725
2.493086
2.497896
2.498403
2.498525
2.498495
2.498239
2.502402
2.502487
2.501665
2.503265
2.502919
2.508388
2.509251
2.510545
2.512866
2.514277
2.515743
2.517121
2.518389
2.519643
2.520847
2.522015
2.523161
2.524288
2.525398
2.526494
2.527574
2.528640
2.529691
2.530728
2.531750
2.532757
2.533749
2.534725
2.535684
2.536627
2.537551
2.538456
2.539341
2.540206
2.541051
2.541873
2.542674
2.543453
2.544209
2.544942
2.545652
2.546339
2.547005
2.547648
2.548270
2.548872
2.549454
2.550018
2.550564
2.551093
2.551608
2.552108
2.552597
2.553073
2.553540
2.553997
2.554447
2.554890
2.555327
2.555760
2.556188
2.556614
2.557038
2.557460
2.557881
2.558302
2.558723
2.559145
2.559568
2.559993
2.560419
2.560848
2.561279
2.561713
2.562150
2.562590
2.563033
2.563479
2.563928
2.564381
2.564837
2.565297
2.565760
2.566227
2.566698
2.567172
2.567649
2.568130
2.568614
2.569102
2.569593
2.570087
2.570585
2.571085
2.571589
2.572096
2.572606
2.573119
2.573635
2.574154
2.574676
2.575200
2.575727
2.576257
2.576789
2.577324
2.577860
2.578399
2.578941
2.579484
2.580029
2.580576
2.581124
2.581675
2.582227
2.582780
2.583335
2.583891
2.584448
2.585007
2.585566
2.586126
2.586688
2.587250
2.587813
2.588376
2.588940
2.589505
2.590070
2.590636
2.591202
2.591769
2.592336
2.592903
2.593470
2.594038
2.594606
2.595174
2.595742
2.596310
2.596879
2.597447
2.598015
2.598584
2.599152
2.599721
2.600289
2.600857
2.601426
2.601994
2.602562
2.603130
2.603698
2.604267
2.604835
2.605402
2.605970
2.606538
2.607106
2.607673
2.608241
2.608809
2.609376
2.609943
2.610511
2.611078
2.611645
2.612212
2.612779
2.613346
2.613912
2.614479
2.615046
2.615612
2.616179
2.616745
2.617312
2.617878
2.618444
2.619010
2.619576
2.620142
2.620708
2.621274
2.621840
2.622405
2.622971
2.623536
2.624102
2.624667
2.625232
2.625798
2.626363
2.626928
2.627493
2.628058
2.628623
2.629188
2.629752
2.630317
2.630882
2.631446
2.632011
2.632575
2.633139
2.633704
2.634268
2.634832
2.635396
2.635960
2.636523
2.637087
2.637651
2.638214
2.638777
2.639341
2.639904
2.640467
2.641029
2.641592
2.642154
2.642716
2.643278
2.643840
2.644401
2.644963
2.645524
2.646084
2.646644
2.647204
2.647764
2.648323
2.648882
2.649441
2.649999
2.650556
2.651113
2.651670
2.652226
2.652782
2.653337
2.653892
2.654446
2.654999
2.654999
2.655552
2.656104
2.656656
2.657207
2.657757
2.658307
2.658856
2.659404
2.659951
2.660498
2.661044
2.661589
2.662133
2.662677
2.663219
2.663761
2.664302
2.664842
2.665382
2.665920
2.666457
2.666994
2.667530
2.668065
2.668599
2.669132
2.669664
2.670195
2.670725
2.671254
2.671783
2.672310
2.672837
2.673362
2.673887
2.674411
2.674934
2.675455
2.675976
2.676496
2.677016
2.677534
2.678051
2.678568
2.679084
2.679598
2.680112
2.680625
2.681138
2.681649
2.682160
2.682670
2.683179
2.683687
2.684194
2.684701
2.685207
2.685712
2.686216
2.686720
2.687223
2.687725
2.688227
2.688728
2.689228
2.689727
2.690226
2.690723
2.691220
2.691717
2.692212
2.692707
2.693200
2.693693
2.694185
2.694676
2.695165
2.695654
2.696141
2.696626
2.697110
2.697593
2.698073
2.698551
2.699026
2.699498
2.699967
2.700431
2.700891
2.701345
2.701791
2.702228
2.702654
2.703065
2.703457
2.703820
2.704144
2.704405
2.704555
2.704479
2.703823
2.702975
2.703625
2.704578
2.704749
2.704962
2.705937
2.707145
2.707488
2.707866
2.709015
2.710343
2.710604
2.710954
2.712095
2.713292
2.713739
2.714167
2.715230
2.716668
2.716826
2.717224
2.718280
2.719043
2.719927
2.720970
2.721459
2.721979
2.722986
2.724210
2.724618
2.725065
2.726074
2.727118
2.727699
2.728289
2.729175
2.730146
2.730771
2.731407
2.732264
2.733161
2.733833
2.734513
2.735325
2.736152
2.736872
2.737594
2.738373
2.739148
2.739895
2.740633
2.741396
2.742143
2.742900
2.743637
2.744396
2.745129
2.745887
2.746615
2.747373
2.748097
2.748853
2.749573
2.750328
2.751044
2.751798
2.752510
2.753262
2.753970
2.754720
2.755426
2.756174
2.756876
2.757621
2.758322
2.759064
2.759762
2.760501
2.761197
2.761933
2.762628
2.763359
2.764053
2.764781
2.765474
2.766197
2.766890
2.767609
2.768301
2.769015
2.769707
2.770417
2.771109
2.771814
2.772506
2.773207
2.773898
2.774595
2.775285
2.775978
2.776668
2.777357
2.778045
2.778732
2.779418
2.780102
2.780785
2.781467
2.782148
2.782827
2.783506
2.784183
2.784859
2.785534
2.786208
2.786880
2.787551
2.788221
2.788890
2.789558
2.790225
2.790891
2.791555
2.792218
2.792881
2.793542
2.794202
2.794861
2.795519
2.796176
2.796832
2.797487
2.798140
2.798793
2.799445
2.800095
2.800745
2.801394
2.802041
2.802688
2.803333
2.803978
2.804622
2.805264
2.805906
2.806546
2.807186
2.807825
2.808463
2.809099
2.809735
2.810370
2.811004
2.811637
2.812269
2.812900
2.813530
2.814160
2.814788
2.815415
2.816042
2.816668
2.817292
2.817916
2.818539
2.819161
2.819782
2.820403
2.821022
2.821641
2.822258
2.822875
2.823491
2.824106
2.824721
2.825334
2.825947
2.826559
2.827170
2.827780
2.828389
2.828998
2.829605
2.830212
2.830818
2.831423
2.832028
2.832632
2.833234
2.833837
2.834438
2.835038
2.835638
2.836237
2.836835
2.837433
2.838029
2.838625
2.839221
2.839815
2.840409
2.841002
2.841594
2.842185
2.842776
2.843366
2.843955
2.844543
2.845131
2.845718
2.846305
2.846890
2.847475
2.848059
2.848643
2.849226
2.849808
2.850389
2.850970
2.851550
2.852129
2.852707
2.853285
2.853862
2.854439
2.855015
2.855590
2.856164
2.856738
2.857311
2.857884
2.858456
2.859027
2.859597
2.860167
2.860736
2.861305
2.861873
2.862440
2.863006
2.863572
2.864137
2.864702
2.865266
2.865829
2.866392
2.866954
2.867515
2.868076
2.868636
2.869196
2.869754
2.870313
2.870870
2.871427
2.871983
2.872539
2.873094
2.873649
2.874203
2.874756
2.875308
2.875860
2.876412
2.876962
2.877513
2.878062
2.878611
2.879159
2.879707
2.880254
2.880800
2.881346
2.881891
2.882436
2.882980
2.883523
2.884066
2.884608
2.885150
2.885691
2.886231
2.886771
2.887310
2.887848
2.888386
2.888924
2.889460
2.889996
2.890532
2.891067
2.891601
2.892135
2.892668
2.893200
2.893732
2.894263
2.894793
2.895323
2.895853
2.896381
2.896910
2.897437
2.897964
2.898490
2.899016
2.899541
2.900065
2.900589
2.901112
2.901634
2.902156
2.902677
2.903198
2.903718
2.904237
2.904756
2.905274
2.905791
2.906308
2.906824
2.907340
2.907854
2.908369
2.908882
2.909395
2.909907
2.910419
2.910930
2.911440
2.911949
2.912458
2.912966
2.913474
2.913981
2.914487
2.914993
2.915497
2.916002
2.916505
2.917008
2.917510
2.918011
2.918512
2.919012
2.919511
2.920010
2.920508
2.921005
2.921502
2.921997
2.922493
2.922987
2.923481
2.923974
2.924466
2.924957
2.925448
2.925938
2.926427
2.926916
2.927404
2.927891
2.928377
2.928863
2.929348
2.929832
2.930315
2.930797
2.931279
2.931760
2.932240
2.932720
2.933199
2.933676
2.934154
2.934630
2.935105
2.935580
2.936054
2.936527
2.936999
2.937470
2.937941
2.938410
2.938879
2.939347
2.939814
2.940280
2.940746
2.941210
2.941673
2.942136
2.942597
2.943058
2.943517
2.943976
2.944433
2.944433
2.944890
2.945345
2.945800
2.946253
2.946705
2.947156
2.947606
2.948054
2.948502
2.948948
2.949392
2.949836
2.950278
2.950719
2.951158
2.951595
2.952031
2.952466
2.952899
2.953330
2.953759
2.954186
2.954612
2.955035
2.955457
2.955876
2.956293
2.956708
2.957121
2.957531
2.957938
2.958343
2.958745
2.959144
2.959541
2.959934
2.960325
2.960712
2.961096
2.961477
2.961854
2.962227
2.962597
2.962964
2.963326
2.963685
2.964040
2.964391
2.964737
2.965080
2.965418
2.965752
2.966082
2.966408
2.966729
2.967046
2.967358
2.967666
2.967969
2.968268
2.968563
2.968853
2.969138
2.969419
2.969696
2.969968
2.970235
2.970499
2.970758
2.971012
2.971263
2.971509
2.971751
2.971989
2.972223
2.972453
2.972679
2.972901
2.973119
2.973334
2.973545
2.973752
2.973956
2.974156
2.974353
2.974546
2.974736
2.974923
2.975107
2.975288
2.975466
2.975641
2.975813
2.975983
2.976149
2.976313
2.976475
2.976634
2.976790
2.976944
2.977096
2.977245
2.977393
2.977538
2.977681
2.977822
2.977961
2.978098
2.978233
2.978367
2.978498
2.978628
2.978756
2.978883
2.979008
2.979131
2.979253
2.979373
2.979492
2.979609
2.979725
2.979840
2.979954
2.980066
2.980177
2.980286
2.980395
2.980502
2.980609
2.980714
2.980818
2.980921
2.981023
2.981124
2.981224
2.981323
2.981422
2.981519
2.981615
2.981711
2.981806
2.981899
2.981992
2.982085
2.982176
2.982267
2.982357
2.982446
2.982535
2.982623
2.982710
2.982796
2.982882
2.982967
2.983052
2.983136
2.983219
2.983302
2.983384
2.983465
2.983546
2.983627
2.983707
2.983786
2.983865
2.983943
2.984021
2.984098
2.984175
2.984251
2.984327
2.984402
2.984477
2.984551
2.984625
2.984699
2.984772
2.984844
2.984916
2.984988
2.985059
2.985130
2.985201
2.985271
2.985340
2.985410
2.985479
2.985547
2.985615
2.985683
2.985750
2.985817
2.985884
2.985950
2.986016
2.986082
2.986147
2.986212
2.986277
2.986341
2.986405
2.986469
2.986532
2.986595
2.986657
2.986720
2.986782
2.986843
2.986905
2.986966
2.987027
2.987087
2.987147
2.987207
2.987267
2.987326
2.987385
2.987444
2.987502
2.987561
2.987619
2.987676
2.987734
2.987791
2.987848
2.987904
2.987961
2.988017
2.988073
2.988128
2.988184
2.988239
2.988293
2.988348
2.988402
2.988457
2.988510
2.988564
2.988618
2.988671
2.988724
2.988776
2.988829
2.988881
2.988933
2.988985
2.989037
2.989088
2.989139
2.989190
2.989241
2.989291
2.989342
2.989392
2.989442
2.989492
2.989541
2.989590
2.989640
2.989688
2.989737
2.989786
2.989834
2.989882
2.989930
2.989978
2.990026
2.990073
2.990120
2.990167
2.990214
2.990261
2.990307
2.990354
2.990400
2.990446
2.990492
2.990537
2.990583
2.990628
2.990673
2.990718
2.990763
2.990808
2.990852
2.990896
2.990941
2.990985
2.991028
2.991072
2.991116
2.991159
2.991202
2.991245
2.991288
2.991331
2.991374
2.991416
2.991459
2.991501
2.991543
2.991585
2.991627
2.991669
2.991710
2.991752
2.991793
2.991834
2.991875
2.991916
2.991957
2.991997
2.992038
2.992078
2.992119
2.992159
2.992199
2.992239
2.992278
2.992318
2.992358
2.992397
2.992436
2.992476
2.992515
2.992554
2.992593
2.992631
2.992670
2.992708
2.992747
2.992785
2.992823
2.992862
2.992900
2.992937
2.992975
2.993013
2.993051
2.993088
2.993126
2.993163
2.993200
2.993237
2.993274
2.993311
2.993348
2.993385
2.993421
2.993458
2.993494
2.993531
2.993567
2.993603
2.993640
2.993676
2.993712
2.993747
2.993783
2.993819
2.993855
2.993890
2.993926
2.993961
2.993996
2.994032
2.994067
2.994102
2.994137
2.994172
2.994207
2.994241
2.994276
2.994311
2.994345
2.994380
2.994414
2.994449
2.994483
2.994517
2.994552
2.994586
2.994620
2.994654
2.994688
2.994722
2.994755
2.994789
2.994823
2.994856
2.994890
2.994923
2.994957
2.994990
2.995024
2.995057
2.995090
2.995123
2.995156
2.995189
2.995222
2.995255
2.995288
2.995321
2.995354
2.995386
2.995419
2.995452
2.995484
2.995517
2.995549
2.995582
2.995614
2.995647
2.995679
2.995711
2.995743
2.995776
2.995808
2.995840
2.995872
2.995904
2.995936
2.995968
2.995999
2.996031
2.996063
2.996095
2.996127
2.996158
2.996190
2.996221
2.996253
2.996285
2.996316
2.996347
2.996379
2.996410
2.996442
2.996473
2.996504
2.996535
2.996567
2.996598
2.996629
2.996660
2.996691
2.996722
2.996753
2.996784
2.996815
2.996846
2.996877
2.996908
2.996939
2.996969
2.997000
2.997031
2.997062
2.997092
2.997123
2.997154
2.997184
2.997215
2.997245
2.997276
2.997306
2.997337
2.997367
2.997398
2.997428
2.997459
2.997489
2.997519
2.997550
2.997580
2.997610
2.997640
2.997671
2.997701
2.997731
2.997761
2.997791
2.997822
2.997852
2.997882
2.997912
2.997942
2.997972
2.998002
2.998032
2.998062
2.998092
2.998122
2.998152
2.998182
2.998212
2.998241
2.998271
2.998271
2.998301
2.998331
2.998361
2.998391
2.998420
2.998450
2.998480
2.998510
2.998539
2.998569
2.998599
2.998629
2.998658
2.998688
2.998718
2.998747
2.998777
2.998806
2.998836
2.998866
2.998895
2.998925
2.998954
2.998984
2.999014
2.999043
2.999073
2.999102
2.999132
2.999161
2.999191
2.999220
2.999249
2.999279
2.999308
2.999338
2.999367
2.999397
2.999426
2.999455
2.999485
2.999514
2.999544
2.999573
2.999602
2.999632
2.999661
2.999690
2.999720
2.999749
2.999778
2.999808
2.999837
2.999866
2.999896
2.999925
2.999954
2.999984
3.000013
3.000042
3.000071
3.000101
3.000130
3.000159
3.000188
3.000218
3.000247
3.000276
3.000305
3.000335
3.000364
3.000393
3.000422
3.000452
3.000481
3.000510
3.000539
3.000568
3.000598
3.000627
3.000656
3.000685
3.000714
3.000744
3.000773
3.000802
3.000831
3.000860
3.000890
3.000919
3.000948
3.000977
3.001006
3.001035
3.001065
3.001094
3.001123
3.001152
3.001181
3.001211
3.001240
3.001269
3.001298
3.001327
3.001356
3.001386
3.001415
3.001444
3.001473
3.001502
3.001532
3.001561
3.001590
3.001619
3.001648
3.001678
3.001707
3.001736
3.001765
3.001794
3.001824
3.001853
3.001882
3.001911
3.001940
3.001970
3.001999
3.002028
3.002057
3.002086
3.002116
3.002145
3.002174
3.002203
3.002233
3.002262
3.002291
3.002320
3.002350
3.002379
3.002408
3.002437
3.002467
3.002496
3.002525
3.002554
3.002584
3.002613
3.002642
3.002672
3.002701
3.002730
3.002760
3.002789
3.002818
3.002847
3.002877
3.002906
3.002935
3.002965
3.002994
3.003023
3.003053
3.003082
3.003112
3.003141
3.003170
3.003200
3.003229
3.003258
3.003288
3.003317
3.003347
3.003376
3.003406
3.003435
3.003464
3.003494
3.003523
3.003553
3.003582
3.003612
3.003641
3.003671
3.003700
3.003730
3.003759
3.003789
3.003818
3.003848
3.003877
3.003907
3.003936
3.003966
3.003995
3.004025
3.004055
3.004084
3.004114
3.004143
3.004173
3.004203
3.004232
3.004262
3.004291
3.004321
3.004351
3.004380
3.004410
3.004440
3.004469
3.004499
3.004529
3.004559
3.004588
3.004618
3.004648
3.004678
3.004707
3.004737
3.004767
3.004797
3.004826
3.004856
3.004886
3.004916
3.004946
3.004976
3.005005
3.005035
3.005065
3.005095
3.005125
3.005155
3.005185
3.005215
3.005244
3.005274
3.005304
3.005334
3.005364
3.005394
3.005424
3.005454
3.005484
3.005514
3.005544
3.005574
3.005604
3.005634
3.005664
3.005695
3.005725
3.005755
3.005785
3.005815
3.005845
3.005875
3.005905
3.005936
3.005966
3.005996
3.006026
3.006056
3.006086
3.006117
3.006147
3.006177
3.006207
3.006238
3.006268
3.006298
3.006329
3.006359
3.006389
3.006420
3.006450
3.006480
3.006511
3.006541
3.006571
3.006602
3.006632
3.006663
3.006693
3.006724
3.006754
3.006785
3.006815
3.006846
3.006876
3.006907
3.006937
3.006968
3.006998
3.007029
3.007059
3.007090
3.007121
3.007151
3.007182
3.007213
3.007243
3.007274
3.007305
3.007335
3.007366
3.007397
3.007428
3.007458
3.007489
3.007520
3.007551
3.007581
3.007612
3.007643
3.007674
3.007705
3.007736
3.007766
3.007797
3.007828
3.007859
3.007890
3.007921
3.007952
3.007983
3.008014
3.008045
3.008076
3.008107
3.008138
3.008169
3.008200
3.008231
3.008262
3.008293
3.008325
3.008356
3.008387
3.008418
3.008449
3.008480
3.008511
3.008543
3.008574
3.008605
3.008636
3.008668
3.008699
3.008730
3.008762
3.008793
3.008824
3.008856
3.008887
3.008918
3.008950
3.008981
3.009012
3.009044
3.009075
3.009107
3.009138
3.009170
3.009201
3.009233
3.009264
3.009296
3.009327
3.009359
3.009390
3.009422
3.009454
3.009485
3.009517
3.009548
3.009580
3.009612
3.009643
3.009675
3.009707
3.009739
3.009770
3.009802
3.009834
3.009866
3.009897
3.009929
3.009961
3.009993
3.010025
3.010057
3.010088
3.010120
3.010152
3.010184
3.010216
3.010248
3.010280
3.010312
3.010344
3.010376
3.010408
3.010440
3.010472
3.010504
3.010536
3.010568
3.010600
3.010632
3.010665
3.010697
3.010729
3.010761
3.010793
3.010825
3.010858
3.010890
3.010922
3.010954
3.010986
3.011019
3.011051
3.011083
3.011116
3.011148
3.011180
3.011213
3.011245
3.011277
3.011310
3.011342
3.011374
3.011407
3.011439
3.011472
3.011504
3.011537
3.011569
3.011602
3.011634
3.011667
3.011699
3.011732
3.011764
3.011797
3.011830
3.011862
3.011895
3.011927
3.011960
3.011993
3.012025
3.012058
3.012091
3.012123
3.012156
3.012189
3.012221
3.012254
3.012287
3.012320
3.012353
3.012385
3.012418
3.012451
3.012484
3.012517
3.012549
3.012582
3.012615
3.012648
3.012681
3.012714
3.012747
3.012780
3.012813
3.012846
3.012879
3.012912
3.012944
3.012977
3.013010
3.013043
3.013077
3.013110
3.013143
3.013176
3.013209
3.013242
3.013275
3.013308
3.013341
3.013374
3.013407
3.013440
3.013474
3.013507
3.013507
3.013540
3.013573
3.013606
3.013639
3.013673
3.013706
3.013739
3.013772
3.013806
3.013839
3.013872
3.013905
3.013939
3.013972
3.014005
3.014038
3.014072
3.014105
3.014138
3.014172
3.014205
3.014238
3.014272
3.014305
3.014338
3.014372
3.014405
3.014439
3.014472
3.014505
3.014539
3.014572
3.014606
3.014639
3.014672
3.014706
3.014739
3.014773
3.014806
3.014840
3.014873
3.014907
3.014940
3.014974
3.015007
3.015040
3.015074
3.015107
3.015141
3.015174
3.015208
3.015241
3.015275
3.015309
3.015342
3.015376
3.015409
3.015443
3.015476
3.015510
3.015543
3.015577
3.015610
3.015644
3.015677
3.015711
3.015745
3.015778
3.015812
3.015845
3.015879
3.015912
3.015946
3.015979
3.016013
3.016046
3.016080
3.016114
3.016147
3.016181
3.016214
3.016248
3.016281
3.016315
3.016348
3.016382
3.016415
3.016449
3.016483
3.016516
3.016550
3.016583
3.016617
3.016650
3.016684
3.016717
3.016751
3.016784
3.016818
3.016851
3.016885
3.016918
3.016952
3.016985
3.017019
3.017052
3.017085
3.017119
3.017152
3.017186
3.017219
3.017253
3.017286
3.017319
3.017353
3.017386
3.017419
3.017453
3.017486
3.017519
3.017553
3.017586
3.017619
3.017653
3.017686
3.017719
3.017752
3.017786
3.017819
3.017852
3.017885
3.017918
3.017952
3.017985
3.018018
3.018051
3.018084
3.018117
3.018150
3.018183
3.018216
3.018249
3.018282
3.018315
3.018348
3.018381
3.018414
3.018447
3.018480
3.018513
3.018546
3.018579
3.018612
3.018644
3.018677
3.018710
3.018743
3.018775
3.018808
3.018841
3.018873
3.018906
3.018938
3.018971
3.019004
3.019036
3.019069
3.019101
3.019133
3.019166
3.019198
3.019231
3.019263
3.019295
3.019327
3.019360
3.019392
3.019424
3.019456
3.019488
3.019520
3.019552
3.019584
3.019616
3.019648
3.019680
3.019712
3.019744
3.019776
3.019807
3.019839
3.019871
3.019903
3.019934
3.019966
3.019997
3.020029
3.020060
3.020092
3.020123
3.020154
3.020186
3.020217
3.020248
3.020279
3.020311
3.020342
3.020373
3.020404
3.020435
3.020466
3.020496
3.020527
3.020558
3.020589
3.020620
3.020650
3.020681
3.020711
3.020742
3.020772
3.020803
3.020833
3.020863
3.020894
3.020924
3.020954
3.020984
3.021014
3.021044
3.021074
3.021104
3.021134
3.021163
3.021193
3.021223
3.021253
3.021282
3.021312
3.021341
3.021370
3.021400
3.021429
3.021458
3.021488
3.021517
3.021546
3.021575
3.021604
3.021633
3.021661
3.021690
3.021719
3.021748
3.021776
3.021805
3.021833
3.021862
3.021890
3.021918
3.021947
3.021975
3.022003
3.022031
3.022059
3.022087
3.022115
3.022143
3.022171
3.022198
3.022226
3.022254
3.022281
3.022309
3.022336
3.022364
3.022391
3.022418
3.022445
3.022473
3.022500
3.022527
3.022554
3.022581
3.022608
3.022635
3.022662
3.022688
3.022715
3.022742
3.022768
3.022795
3.022822
3.022848
3.022875
3.022901
3.022927
3.022954
3.022980
3.023006
3.023033
3.023059
3.023085
3.023111
3.023137
3.023163
3.023189
3.023215
3.023241
3.023267
3.023293
3.023319
3.023345
3.023371
3.023397
3.023423
3.023449
3.023474
3.023500
3.023526
3.023552
3.023578
3.023603
3.023629
3.023655
3.023681
3.023707
3.023733
3.023758
3.023784
3.023810
3.023836
3.023862
3.023888
3.023914
3.023940
3.023966
3.023992
3.024018
3.024044
3.024070
3.024096
3.024122
3.024148
3.024175
3.024201
3.024227
3.024254
3.024280
3.024307
3.024333
3.024360
3.024387
3.024413
3.024440
3.024467
3.024494
3.024521
3.024548
3.024575
3.024603
3.024630
3.024657
3.024685
3.024712
3.024740
3.024767
3.024795
3.024823
3.024851
3.024879
3.024907
3.024935
3.024964
3.024992
3.025020
3.025049
3.025078
3.025106
3.025135
3.025164
3.025193
3.025222
3.025251
3.025281
3.025310
3.025339
3.025369
3.025399
3.025428
3.025458
3.025488
3.025518
3.025548
3.025579
3.025609
3.025639
3.025670
3.025700
3.025731
3.025762
3.025793
3.025823
3.025854
3.025886
3.025917
3.025948
3.025979
3.026011
3.026042
3.026074
3.026105
3.026137
3.026169
3.026201
3.026232
3.026264
3.026296
3.026329
3.026361
3.026393
3.026425
3.026458
3.026490
3.026522
3.026555
3.026587
3.026620
3.026653
3.026685
3.026718
3.026751
3.026784
3.026816
3.026849
3.026882
3.026915
3.026948
3.026981
3.027014
3.027047
3.027080
3.027113
3.027146
3.027179
3.027212
3.027246
3.027279
3.027312
3.027345
3.027378
3.027411
3.027444
3.027478
3.027511
3.027544
3.027577
3.027610
3.027643
3.027676
3.027710
3.027743
3.027776
3.027809
3.027842
3.027875
3.027908
3.027941
3.027974
3.028006
3.028039
3.028072
3.028105
3.028138
3.028170
3.028203
3.028236
3.028268
3.028301
3.028333
3.028365
3.028398
3.028430
3.028462
3.028494
3.028526
3.028559
3.028590
3.028622
3.028654
3.028686
3.028718
3.028749
3.028781
3.028812
3.028843
3.028875
3.028906
3.028937
3.028937
3.028968
3.028998
3.029029
3.029060
3.029090
3.029121
3.029151
3.029181
3.029211
3.029241
3.029271
3.029301
3.029330
3.029360
3.029389
3.029418
3.029447
3.029476
3.029505
3.029533
3.029562
3.029590
3.029618
3.029646
3.029674
3.029701
3.029729
3.029756
3.029783
3.029810
3.029836
3.029863
3.029889
3.029915
3.029941
3.029967
3.029992
3.030018
3.030043
3.030068
3.030092
3.030117
3.030141
3.030165
3.030188
3.030212
3.030235
3.030258
3.030281
3.030303
3.030325
3.030347
3.030369
3.030391
3.030412
3.030433
3.030454
3.030474
3.030495
3.030515
3.030535
3.030555
3.030575
3.030594
3.030614
3.030634
3.030653
3.030673
3.030693
3.030713
3.030734
3.030755
3.030778
3.030801
3.030825
3.030852
3.030880
3.030911
3.030946
3.030985
3.031030
3.031081
3.031140
3.031210
3.031292
3.031388
3.031500
3.031628
3.031769
3.031917
3.032061
3.032186
3.032272
3.032304
3.032270
3.032168
3.032001
3.031776
3.031505
3.031197
3.030860
3.030503
3.030131
3.029750
3.029363
3.028975
3.028588
3.028203
3.027822
3.027445
3.027073
3.026708
3.026350
3.025999
3.025658
3.025327
3.025007
3.024701
3.024409
3.024134
3.023878
3.023643
3.023430
3.023243
3.023081
3.022946
3.022839
3.022758
3.022704
3.022675
3.022669
3.022684
3.022719
3.022770
3.022835
3.022913
3.023001
3.023098
3.023202
3.023312
3.023426
3.023544
3.023664
3.023786
3.023909
3.024032
3.024156
3.024278
3.024399
3.024520
3.024638
3.024754
3.024869
3.024981
3.025090
3.025197
3.025302
3.025403
3.025501
3.025597
3.025689
3.025779
3.025865
3.025948
3.026029
3.026106
3.026181
3.026253
3.026322
3.026388
3.026452
3.026513
3.026571
3.026628
3.026682
3.026734
3.026784
3.026832
3.026879
3.026923
3.026966
3.027008
3.027048
3.027086
3.027124
3.027160
3.027196
3.027230
3.027263
3.027296
3.027328
3.027359
3.027390
3.027420
3.027450
3.027479
3.027507
3.027536
3.027564
3.027592
3.027619
3.027646
3.027673
3.027700
3.027727
3.027754
3.027781
3.027807
3.027834
3.027860
3.027887
3.027913
3.027940
3.027966
3.027993
3.028019
3.028046
3.028072
3.028099
3.028125
3.028152
3.028179
3.028205
3.028232
3.028259
3.028286
3.028312
3.028339
3.028366
3.028393
3.028420
3.028446
3.028473
3.028500
3.028527
3.028554
3.028581
3.028608
3.028634
3.028661
3.028688
3.028714
3.028741
3.028768
3.028794
3.028821
3.028847
3.028874
3.028900
3.028926
3.028953
3.028979
3.029005
3.029031
3.029057
3.029083
3.029109
3.029135
3.029160
3.029186
3.029211
3.029237
3.029262
3.029287
3.029313
3.029338
3.029363
3.029388
3.029412
3.029437
3.029462
3.029486
3.029511
3.029535
3.029560
3.029584
3.029608
3.029632
3.029656
3.029680
3.029704
3.029728
3.029751
3.029775
3.029798
3.029822
3.029845
3.029868
3.029891
3.029915
3.029938
3.029961
3.029983
3.030006
3.030029
3.030052
3.030074
3.030097
3.030119
3.030142
3.030164
3.030186
3.030208
3.030230
3.030252
3.030274
3.030296
3.030318
3.030340
3.030361
3.030383
3.030405
3.030426
3.030448
3.030469
3.030490
3.030511
3.030532
3.030554
3.030574
3.030595
3.030616
3.030637
3.030658
3.030678
3.030699
3.030719
3.030740
3.030760
3.030780
3.030800
3.030821
3.030841
3.030860
3.030880
3.030900
3.030920
3.030939
3.030959
3.030978
3.030997
3.031017
3.031036
3.031055
3.031074
3.031092
3.031111
3.031130
3.031148
3.031167
3.031185
3.031203
3.031221
3.031239
3.031257
3.031275
3.031293
3.031310
3.031327
3.031345
3.031362
3.031379
3.031396
3.031413
3.031429
3.031446
3.031462
3.031479
3.031495
3.031511
3.031527
3.031543
3.031558
3.031574
3.031589
3.031604
3.031619
3.031634
3.031649
3.031664
3.031678
3.031693
3.031707
3.031721
3.031735
3.031749
3.031763
3.031776
3.031789
3.031803
3.031816
3.031828
3.031841
3.031854
3.031866
3.031878
3.031890
3.031902
3.031914
3.031926
3.031937
3.031948
3.031960
3.031970
3.031981
3.031992
3.032002
3.032013
3.032023
3.032033
3.032042
3.032052
3.032061
3.032071
3.032080
3.032089
3.032098
3.032106
3.032115
3.032123
3.032131
3.032139
3.032147
3.032154
3.032161
3.032169
3.032176
3.032183
3.032189
3.032196
3.032202
3.032208
3.032214
3.032220
3.032226
3.032231
3.032237
3.032242
3.032247
3.032251
3.032256
3.032260
3.032265
3.032269
3.032273
3.032277
3.032280
3.032283
3.032287
3.032290
3.032293
3.032295
3.032298
3.032300
3.032302
3.032305
3.032306
3.032308
3.032310
3.032311
3.032312
3.032313
3.032314
3.032315
3.032315
3.032316
3.032316
3.032316
3.032316
3.032315
3.032315
3.032314
3.032314
3.032313
3.032311
3.032310
3.032309
3.032307
3.032305
3.032304
3.032302
3.032299
3.032297
3.032294
3.032292
3.032289
3.032286
3.032283
3.032280
3.032276
3.032273
3.032269
3.032265
3.032261
3.032257
3.032252
3.032248
3.032243
3.032239
3.032239
3.032234
3.032229
3.032224
3.032218
3.032213
3.032207
3.032201
3.032196
3.032190
3.032183
3.032177
3.032171
3.032164
3.032158
3.032151
3.032144
3.032137
3.032130
3.032122
3.032115
3.032107
3.032100
3.032092
3.032084
3.032076
3.032068
3.032060
3.032051
3.032043
3.032034
3.032025
3.032017
3.032008
3.031999
3.031989
3.031980
3.031971
3.031961
3.031952
3.031942
3.031932
3.031922
3.031912
3.031902
3.031892
3.031881
3.031871
3.031860
3.031850
3.031839
3.031828
3.031817
3.031806
3.031795
3.031784
3.031773
3.031761
3.031750
3.031738
3.031727
3.031715
3.031703
3.031691
3.031679
3.031667
3.031655
3.031643
3.031630
3.031618
3.031606
3.031593
3.031581
3.031568
3.031555
3.031542
3.031529
3.031516
3.031503
3.031490
3.031477
3.031464
3.031450
3.031437
3.031424
3.031410
3.031397
3.031383
3.031369
3.031356
3.031342
3.031328
3.031314
3.031300
3.031286
3.031272
3.031258
3.031243
3.031229
3.031215
3.031200
3.031186
3.031172
3.031157
3.031142
3.031128
3.031113
3.031098
3.031084
3.031069
3.031054
3.031039
3.031024
3.031009
3.030994
3.030979
3.030964
3.030949
3.030934
3.030919
3.030903
3.030888
3.030873
3.030858
3.030842
3.030827
3.030811
3.030796
3.030780
3.030765
3.030749
3.030734
3.030718
3.030702
3.030687
3.030671
3.030655
3.030640
3.030624
3.030608
3.030592
3.030576
3.030560
3.030545
3.030529
3.030513
3.030497
3.030481
3.030465
3.030449
3.030433
3.030417
3.030401
3.030385
3.030369
3.030352
3.030336
3.030320
3.030304
3.030288
3.030272
3.030256
3.030239
3.030223
3.030207
3.030191
3.030175
3.030158
3.030142
3.030126
3.030110
3.030093
3.030077
3.030061
3.030045
3.030028
3.030012
3.029996
3.029979
3.029963
3.029947
3.029931
3.029914
3.029898
3.029882
3.029865
3.029849
3.029833
3.029816
3.029800
3.029784
3.029768
3.029751
3.029735
3.029719
3.029702
3.029686
3.029670
3.029654
3.029637
3.029621
3.029605
3.029589
3.029572
3.029556
3.029540
3.029524
3.029508
3.029491
3.029475
3.029459
3.029443
3.029427
3.029411
3.029395
3.029378
3.029362
3.029346
3.029330
3.029314
3.029298
3.029282
3.029266
3.029250
3.029234
3.029218
3.029202
3.029186
3.029170
3.029154
3.029139
3.029123
3.029107
3.029091
3.029075
3.029059
3.029044
3.029028
3.029012
3.028996
3.028981
3.028965
3.028949
3.028934
3.028918
3.028903
3.028887
3.028871
3.028856
3.028840
3.028825
3.028809
3.028794
3.028779
3.028763
3.028748
3.028733
3.028717
3.028702
3.028687
3.028671
3.028656
3.028641
3.028626
3.028611
3.028596
3.028581
3.028566
3.028551
3.028536
3.028521
3.028506
3.028491
3.028476
3.028461
3.028446
3.028432
3.028417
3.028402
3.028387
3.028373
3.028358
3.028344
3.028329
3.028314
3.028300
3.028285
3.028271
3.028257
3.028242
3.028228
3.028214
3.028199
3.028185
3.028171
3.028157
3.028143
3.028129
3.028115
3.028101
3.028087
3.028073
3.028059
3.028045
3.028031
3.028017
3.028004
3.027990
3.027976
3.027963
3.027949
3.027935
3.027922
3.027908
3.027895
3.027882
3.027868
3.027855
3.027842
3.027828
3.027815
3.027802
3.027789
3.027776
3.027763
3.027750
3.027737
3.027724
3.027711
3.027698
3.027685
3.027673
3.027660
3.027647
3.027635
3.027622
3.027610
3.027597
3.027585
3.027572
3.027560
3.027548
3.027536
3.027523
3.027511
3.027499
3.027487
3.027475
3.027463
3.027451
3.027439
3.027427
3.027416
3.027404
3.027392
3.027381
3.027369
3.027358
3.027346
3.027335
3.027323
3.027312
3.027301
3.027289
3.027278
3.027267
3.027256
3.027245
3.027234
3.027223
3.027212
3.027201
3.027190
3.027180
3.027169
3.027158
3.027148
3.027137
3.027127
3.027116
3.027106
3.027096
3.027085
3.027075
3.027065
3.027055
3.027045
3.027035
3.027025
3.027015
3.027005
3.026995
3.026986
3.026976
3.026966
3.026957
3.026947
3.026938
3.026928
3.026919
3.026910
3.026901
3.026891
3.026882
3.026873
3.026864
3.026855
3.026846
3.026838
3.026829
3.026820
3.026811
3.026803
3.026794
3.026786
3.026777
3.026769
3.026761
3.026752
3.026744
3.026736
3.026728
3.026720
3.026712
3.026704
3.026696
3.026688
3.026681
3.026673
3.026665
3.026658
3.026650
3.026643
3.026636
3.026628
3.026621
3.026614
3.026607
3.026600
3.026593
3.026586
3.026579
3.026572
3.026565
3.026559
3.026552
3.026545
3.026539
3.026532
3.026526
3.026520
3.026513
3.026507
3.026501
3.026495
3.026489
3.026483
3.026477
3.026471
3.026465
3.026460
3.026454
3.026448
3.026443
3.026437
3.026432
3.026427
3.026421
3.026416
3.026411
3.026406
3.026401
3.026396
3.026391
3.026386
3.026381
3.026377
3.026372
3.026367
3.026363
3.026358
3.026354
3.026350
3.026345
3.026341
3.026337
3.026333
3.026329
3.026325
3.026321
3.026317
3.026313
3.026310
3.026306
3.026302
3.026299
3.026295
3.026292
3.026289
3.026285
3.026285
3.026282
3.026279
3.026276
3.026273
3.026270
3.026267
3.026264
3.026262
3.026259
3.026256
3.026254
3.026251
3.026249
3.026246
3.026244
3.026242
3.026240
3.026238
3.026236
3.026234
3.026232
3.026230
3.026228
3.026226
3.026225
3.026223
3.026221
3.026220
3.026218
3.026217
3.026216
3.026215
3.026213
3.026212
3.026211
3.026210
3.026209
3.026208
3.026208
3.026207
3.026206
3.026206
3.026205
3.026204
3.026204
3.026204
3.026203
3.026203
3.026203
3.026203
3.026203
3.026203
3.026203
3.026203
3.026203
3.026203
3.026204
3.026204
3.026204
3.026205
3.026205
3.026206
3.026207
3.026207
3.026208
3.026209
3.026210
3.026211
3.026212
3.026213
3.026214
3.026215
3.026217
3.026218
3.026219
3.026221
3.026222
3.026224
3.026226
3.026227
3.026229
3.026231
3.026233
3.026234
3.026236
3.026238
3.026241
3.026243
3.026245
3.026247
3.026249
3.026252
3.026254
3.026257
3.026259
3.026262
3.026265
3.026267
3.026270
3.026273
3.026276
3.026279
3.026282
3.026285
3.026288
3.026291
3.026294
3.026297
3.026301
3.026304
3.026308
3.026311
3.026315
3.026318
3.026322
3.026326
3.026329
3.026333
3.026337
3.026341
3.026345
3.026349
3.026353
3.026357
3.026361
3.026366
3.026370
3.026374
3.026379
3.026383
3.026388
3.026392
3.026397
3.026402
3.026406
3.026411
3.026416
3.026421
3.026426
3.026431
3.026436
3.026441
3.026446
3.026451
3.026457
3.026462
3.026467
3.026473
3.026478
3.026484
3.026489
3.026495
3.026501
3.026507
3.026512
3.026518
3.026524
3.026530
3.026536
3.026542
3.026548
3.026555
3.026561
3.026567
3.026574
3.026580
3.026587
3.026593
3.026600
3.026606
3.026613
3.026620
3.026627
3.026634
3.026641
3.026648
3.026655
3.026662
3.026669
3.026676
3.026684
3.026691
3.026698
3.026706
3.026713
3.026721
3.026729
3.026737
3.026744
3.026752
3.026760
3.026768
3.026777
3.026785
3.026793
3.026801
3.026810
3.026818
3.026827
3.026835
3.026844
3.026853
3.026862
3.026871
3.026880
3.026889
3.026898
3.026907
3.026917
3.026926
3.026936
3.026945
3.026955
3.026965
3.026975
3.026985
3.026995
3.027005
3.027015
3.027026
3.027036
3.027047
3.027057
3.027068
3.027079
3.027090
3.027101
3.027112
3.027123
3.027135
3.027146
3.027158
3.027170
3.027181
3.027193
3.027205
3.027217
3.027230
3.027242
3.027255
3.027267
3.027280
3.027293
3.027306
3.027319
3.027332
3.027346
3.027359
3.027373
3.027387
3.027401
3.027415
3.027429
3.027443
3.027457
3.027472
3.027487
3.027502
3.027516
3.027532
3.027547
3.027562
3.027578
3.027593
3.027609
3.027625
3.027641
3.027657
3.027673
3.027690
3.027707
3.027723
3.027740
3.027757
3.027774
3.027792
3.027809
3.027827
3.027844
3.027862
3.027880
3.027898
3.027916
3.027935
3.027953
3.027972
3.027990
3.028009
3.028028
3.028047
3.028067
3.028086
3.028106
3.028125
3.028145
3.028165
3.028185
3.028205
3.028225
3.028246
3.028266
3.028287
3.028307
3.028328
3.028349
3.028370
3.028391
3.028412
3.028434
3.028455
3.028477
3.028498
3.028520
3.028542
3.028564
3.028586
3.028608
3.028630
3.028653
3.028675
3.028698
3.028720
3.028743
3.028766
3.028789
3.028812
3.028835
3.028858
3.028881
3.028904
3.028928
3.028951
3.028974
3.028998
3.029022
3.029045
3.029069
3.029093
3.029117
3.029141
3.029165
3.029189
3.029213
3.029237
3.029262
3.029286
3.029310
3.029335
3.029359
3.029384
3.029409
3.029433
3.029458
3.029483
3.029508
3.029532
3.029557
3.029582
3.029607
3.029632
3.029658
3.029683
3.029708
3.029733
3.029758
3.029784
3.029809
3.029834
3.029860
3.029885
3.029911
3.029936
3.029962
3.029988
3.030013
3.030039
3.030065
3.030090
3.030116
3.030142
3.030168
3.030194
3.030220
3.030246
3.030271
3.030297
3.030323
3.030349
3.030376
3.030402
3.030428
3.030454
3.030480
3.030506
3.030532
3.030559
3.030585
3.030611
3.030637
3.030664
3.030690
3.030716
3.030742
3.030769
3.030795
3.030821
3.030848
3.030874
3.030901
3.030927
3.030954
3.030980
3.031006
3.031033
3.031059
3.031086
3.031112
3.031139
3.031165
3.031192
3.031218
3.031245
3.031271
3.031298
3.031324
3.031351
3.031377
3.031404
3.031431
3.031457
3.031484
3.031510
3.031537
3.031563
3.031590
3.031616
3.031643
3.031669
3.031696
3.031722
3.031749
3.031775
3.031802
3.031828
3.031855
3.031881
3.031908
3.031934
3.031961
3.031987
3.032014
3.032040
3.032066
3.032093
3.032119
3.032146
3.032172
3.032198
3.032225
3.032251
3.032277
3.032304
3.032330
3.032356
3.032382
3.032409
3.032435
3.032461
3.032487
3.032513
3.032540
3.032566
3.032592
3.032618
3.032644
3.032670
3.032696
3.032722
3.032748
3.032774
3.032800
3.032826
3.032852
3.032878
3.032904
3.032929
3.032955
3.032981
3.033007
3.033032
3.033058
3.033084
3.033109
3.033135
3.033161
3.033186
3.033212
3.033237
3.033263
3.033263
3.033288
3.033314
3.033339
3.033364
3.033390
3.033415
3.033440
3.033466
3.033491
3.033516
3.033541
3.033566
3.033591
3.033616
3.033641
3.033666
3.033691
3.033716
3.033741
3.033766
3.033790
3.033815
3.033840
3.033865
3.033889
3.033914
3.033938
3.033963
3.033987
3.034012
3.034036
3.034060
3.034085
3.034109
3.034133
3.034157
3.034181
3.034205
3.034229
3.034253
3.034277
3.034301
3.034325
3.034349
3.034373
3.034396
3.034420
3.034444
3.034467
3.034491
3.034514
3.034537
3.034561
3.034584
3.034607
3.034630
3.034653
3.034677
3.034699
3.034723
3.034745
3.034768
3.034791
3.034814
3.034836
3.034860
3.034881
3.034906
3.034924
3.034953
3.034964
3.035006
3.034994
3.035075
3.034998
3.035194
3.034927
3.035494
3.034632
3.036551
3.033488
3.038411
3.033975
3.038297
3.033982
3.038401
3.034226
3.037144
3.033396
3.037389
3.033416
3.036844
3.033256
3.037194
3.033444
3.036993
3.033471
3.037329
3.033725
3.037347
3.033820
3.037477
3.033897
3.037416
3.033896
3.037463
3.033957
3.037484
3.034028
3.037557
3.034116
3.037605
3.034191
3.037664
3.034268
3.037719
3.034350
3.037793
3.034448
3.037879
3.034559
3.037978
3.034680
3.038084
3.034804
3.038194
3.034928
3.038303
3.035048
3.038409
3.035161
3.038508
3.035265
3.038599
3.035360
3.038684
3.035445
3.038763
3.035524
3.038836
3.035596
3.038906
3.035663
3.038972
3.035726
3.039035
3.035785
3.039097
3.035842
3.039156
3.035896
3.039215
3.035948
3.039272
3.036000
3.039329
3.036050
3.039385
3.036101
3.039442
3.036151
3.039498
3.036201
3.039555
3.036251
3.039612
3.036301
3.039670
3.036352
3.039727
3.036402
3.039785
3.036453
3.039843
3.036503
3.039900
3.036554
3.039958
3.036604
3.040015
3.036654
3.040073
3.036704
3.040130
3.036753
3.040187
3.036803
3.040244
3.036852
3.040300
3.036901
3.040357
3.036950
3.040414
3.036999
3.040471
3.037048
3.040527
3.037097
3.040584
3.037146
3.040641
3.037196
3.040699
3.037245
3.040756
3.037295
3.040814
3.037346
3.040872
3.037397
3.040931
3.037448
3.040990
3.037500
3.041049
3.037553
3.041109
3.037606
3.041170
3.037660
3.041230
3.037714
3.041291
3.037769
3.041353
3.037824
3.041415
3.037880
3.041477
3.037937
3.041540
3.037994
3.041603
3.038051
3.041666
3.038109
3.041729
3.038167
3.041793
3.038225
3.041856
3.038284
3.041920
3.038343
3.041984
3.038402
3.042048
3.038461
3.042112
3.038520
3.042176
3.038580
3.042240
3.038639
3.042303
3.038698
3.042367
3.038757
3.042430
3.038816
3.042493
3.038875
3.042556
3.038934
3.042619
3.038992
3.042681
3.039051
3.042744
3.039109
3.042806
3.039167
3.042867
3.039224
3.042929
3.039281
3.042990
3.039338
3.043051
3.039395
3.043111
3.039452
3.043172
3.039508
3.043232
3.039564
3.043292
3.039619
3.043352
3.039675
3.043411
3.039730
3.043470
3.039785
3.043529
3.039840
3.043588
3.039895
3.043647
3.039949
3.043706
3.040004
3.043764
3.040058
3.043823
3.040113
3.043881
3.040167
3.043939
3.040221
3.043997
3.040274
3.044056
3.040330
3.044113
3.040382
3.044173
3.040440
3.044229
3.040487
3.044292
3.040554
3.044341
3.040584
3.044416
3.040684
3.044444
3.040655
3.044557
3.040865
3.044505
3.040634
3.044733
3.041215
3.044337
3.040447
3.044828
3.041669
3.043032
3.041667
3.044464
3.039865
3.044742
3.042139
3.041923
3.044686
3.040719
3.045112
3.041774
3.042636
3.042762
3.043353
3.042202
3.044672
3.039469
3.042723
3.043171
3.038825
3.043275
3.042859
3.038860
3.044447
3.041639
3.041452
3.042819
3.041592
3.044241
3.040712
3.045936
3.043106
3.044732
3.043952
3.046535
3.041729
3.046062
3.044486
3.041704
3.046408
3.043918
3.042659
3.045174
3.041370
3.046250
3.043161
3.045078
3.043732
3.046976
3.042062
3.047008
3.044305
3.044205
3.046991
3.042740
3.047262
3.044171
3.043956
3.046798
3.042610
3.047232
3.044528
3.043589
3.047475
3.043371
3.047924
3.044488
3.046663
3.043612
3.047942
3.044637
3.046149
3.044247
3.048062
3.043385
3.048400
3.045074
3.047421
3.043971
3.048236
3.044960
3.045306
3.046164
3.045040
3.047954
3.042041
3.045403
3.045741
3.041209
3.045319
3.045195
3.041374
3.047058
3.044238
3.044237
3.045458
3.044576
3.047210
3.043464
3.048888
3.046386
3.046728
3.049333
3.045226
3.049474
3.047200
3.045297
3.049928
3.046746
3.048269
3.045094
3.049475
3.046081
3.048834
3.045083
3.049432
3.047605
3.045031
3.049959
3.047044
3.047221
3.047798
3.046933
3.049450
3.044032
3.047289
3.047849
3.043395
3.047444
3.047531
3.043750
3.049491
3.046754
3.046642
3.048040
3.046788
3.049810
3.045649
3.051088
3.048746
3.048554
3.051898
3.047342
3.051923
3.049398
3.047932
3.052044
3.048359
3.051582
3.046780
3.051736
3.048807
3.049243
3.050839
3.048090
3.052371
3.048814
3.051938
3.047150
3.050125
3.050125
3.050048
3.045394
3.050314
3.049563
3.045793
3.051736
3.049142
3.048210
3.050808
3.047900
3.052216
3.048936
3.052881
3.048754
3.053607
3.051025
3.050937
3.053210
3.048838
3.052984
3.051161
3.047995
3.052719
3.051170
3.047943
3.053191
3.050259
3.050066
3.052515
3.048702
3.053763
3.050995
3.050547
3.054130
3.049322
3.054097
3.051776
3.049705
3.054537
3.051612
3.052198
3.051675
3.053549
3.048662
3.052236
3.052121
3.047610
3.050411
3.051382
3.047450
3.053909
3.051332
3.049816
3.053296
3.050460
3.054139
3.050482
3.055423
3.052437
3.055342
3.051341
3.055564
3.054018
3.051192
3.056029
3.053766
3.052078
3.055783
3.051704
3.055952
3.052137
3.056455
3.052158
3.057092
3.053970
3.055069
3.053763
3.056907
3.051071
3.055023
3.054588
3.050120
3.053820
3.053726
3.049871
3.055975
3.053372
3.052478
3.055484
3.052490
3.056914
3.053693
3.057461
3.053081
3.057731
3.055954
3.053769
3.058498
3.055546
3.055978
3.055674
3.056846
3.053031
3.057582
3.055648
3.052980
3.057462
3.056282
3.052381
3.057693
3.056136
3.052073
3.057934
3.056316
3.052604
3.058342
3.055847
3.054181
3.058214
3.055041
3.058880
3.054681
3.059999
3.057116
3.057692
3.058382
3.057036
3.060178
3.053895
3.056199
3.057048
3.052647
3.055996
3.055995
3.052476
3.058485
3.055731
3.055734
3.057594
3.055760
3.059817
3.055809
3.061099
3.058244
3.060967
3.056803
3.060348
3.059452
3.055208
3.059245
3.058889
3.054714
3.060944
3.058719
3.055826
3.060839
3.058130
3.059126
3.059120
3.060643
3.057643
3.062689
3.059692
3.060684
3.061133
3.060995
3.061943
3.057313
3.059350
3.059737
3.054651
3.052944
3.058584
3.055264
3.060223
3.058120
3.059077
3.058483
3.060471
3.058317
3.063602
3.061015
3.063786
3.059769
3.062820
3.062523
3.058144
3.060989
3.061726
3.057836
3.064246
3.061920
3.059088
3.063717
3.061072
3.062593
3.061834
3.065107
3.060324
3.064989
3.064150
3.060144
3.063993
3.063723
3.059590
3.065719
3.063487
3.060839
3.065600
3.062818
3.063843
3.063382
3.065833
3.061214
3.065458
3.065107
3.060912
3.064203
3.064456
3.060580
3.066847
3.064294
3.062290
3.066307
3.063531
3.066359
3.062727
3.068084
3.065322
3.066087
3.067838
3.064285
3.068592
3.066496
3.063788
3.068380
3.066583
3.063413
3.068646
3.065885
3.064015
3.068771
3.065748
3.068246
3.063775
3.068175
3.066923
3.062579
3.066697
3.066292
3.062501
3.069260
3.066853
3.064066
3.069023
3.066171
3.067033
3.066924
3.068740
3.064691
3.069575
3.068256
3.064302
3.067234
3.067552
3.063439
3.070359
3.067930
3.064752
3.070160
3.067243
3.067544
3.068245
3.067633
3.070526
3.065255
3.069238
3.069142
3.065037
3.068707
3.068502
3.064976
3.071280
3.068472
3.067362
3.070631
3.067585
3.071852
3.068521
3.072855
3.068768
3.074014
3.071150
3.072010
3.071649
3.073492
3.067561
3.068507
3.069101
3.065199
3.067851
3.068673
3.065842
3.072280
3.069549
3.069528
3.071848
3.069445
3.074054
3.071057
3.074451
3.069705
3.073885
3.073102
3.068919
3.073384
3.072590
3.068808
3.075113
3.072561
3.070010
3.074557
3.071786
3.073256
3.071933
3.075805
3.071082
3.076774
3.074252
3.073134
3.077149
3.073509
3.076871
3.071331
3.075930
3.074418
3.070349
3.074962
3.073767
3.069843
3.076360
3.074140
3.071280
3.076785
3.073885
3.074173
3.075255
3.073077
3.077385
3.073862
3.078059
3.072826
3.077129
3.075954
3.071550
3.075721
3.074583
3.070848
3.077695
3.075165
3.072365
3.077506
3.074565
3.075209
3.075466
3.075777
3.076083
3.076556
3.075826
3.079812
3.073562
3.075951
3.075755
3.071613
3.072779
3.073799
3.070599
3.078492
3.075713
3.073882
3.078165
3.075662
3.077973
3.074961
3.080479
3.077589
3.078629
3.079045
3.080255
3.075885
3.079504
3.078167
3.073460
3.072340
3.076091
3.072523
3.080340
3.077662
3.075909
3.079531
3.077185
3.080156
3.076719
3.082346
3.079430
3.080367
3.080803
3.080549
3.082596
3.076268
3.074264
3.078167
3.074247
3.077160
3.077840
3.075565
3.080417
3.078075
3.079458
3.079922
3.081484
3.080228
3.084330
3.079992
3.085472
3.082711
3.083645
3.083802
3.084370
3.081133
3.085687
3.082291
3.083198
3.085265
3.078953
3.076835
3.079857
3.075996
3.077034
3.080339
3.078116
3.083545
3.081017
3.081622
3.082121
3.082726
3.083528
3.083841
3.086349
3.080872
3.080383
3.082677
3.079463
3.081849
3.082740
3.080159
3.086493
3.083604
3.083403
3.085945
3.083208
3.088051
3.085467
3.088166
3.084209
3.088357
3.087262
3.083373
3.087742
3.086522
3.082867
3.089220
3.086696
3.083876
3.089178
3.086345
3.086993
3.087805
3.087131
3.090279
3.084967
3.089461
3.088406
3.084527
3.088315
3.087244
3.083944
3.090589
3.087717
3.085795
3.090186
3.087532
3.089416
3.086541
3.091772
3.088822
3.089844
3.089957
3.092053
3.092053
3.086114
3.087087
3.087216
3.084170
3.088599
3.087488
3.084967
3.091321
3.088214
3.088108
3.090783
3.087595
3.093042
3.090048
3.091045
3.091094
3.093187
3.087486
3.089604
3.089202
3.086244
3.090978
3.089484
3.086716
3.093136
3.089952
3.089376
3.092648
3.089408
3.094300
3.091501
3.093999
3.089651
3.094537
3.092689
3.088819
3.093957
3.092051
3.088613
3.095322
3.092371
3.089625
3.094882
3.091842
3.092502
3.092816
3.093135
3.094473
3.089909
3.093772
3.092446
3.088948
3.091851
3.091322
3.088619
3.095889
3.092678
3.090935
3.095279
3.092712
3.094803
3.091583
3.097416
3.094109
3.095227
3.096766
3.092620
3.097404
3.094982
3.090927
3.093820
3.092874
3.090101
3.097569
3.094412
3.092001
3.097303
3.094398
3.095140
3.095420
3.095676
3.095854
3.097361
3.091792
3.090782
3.093112
3.090128
3.093399
3.093356
3.091280
3.097275
3.094304
3.094815
3.096245
3.095040
3.098939
3.094964
3.100737
3.097954
3.099237
3.098065
3.101672
3.096236
3.102010
3.098844
3.096711
3.101438
3.097887
3.098433
3.099344
3.095258
3.099998
3.097948
3.094288
3.096704
3.096268
3.093580
3.101205
3.098017
3.095587
3.101001
3.097955
3.098560
3.098701
3.099132
3.099883
3.096706
3.102638
3.099977
3.097095
3.101748
3.099710
3.095694
3.101703
3.098562
3.095624
3.102816
3.099684
3.097158
3.102406
3.099250
3.099880
3.100061
3.100591
3.101132
3.098635
3.104358
3.100755
3.101918
3.101966
3.102014
3.104127
3.096447
3.093976
3.104979
3.099132
3.102564
3.101822
3.100519
3.098830
3.098795
3.099338
3.102618
3.098434
3.103473
3.101953
3.098326
3.101908
3.101122
3.098644
3.105735
3.102866
3.100785
3.104906
3.102089
3.103442
3.100943
3.105994
3.103379
3.105271
3.101809
3.106404
3.104185
3.100437
3.105079
3.102815
3.099562
3.106549
3.103529
3.100509
3.106799
3.103734
3.102713
3.106259
3.103054
3.106933
3.102909
3.107949
3.105132
3.107098
3.102535
3.107064
3.104731
3.100968
3.105850
3.103645
3.101056
3.107925
3.104703
3.102746
3.107294
3.104636
3.106134
3.103487
3.108804
3.105612
3.106287
3.106371
3.108492
3.102384
3.103602
3.103371
3.101096
3.107455
3.104799
3.102330
3.108487
3.105087
3.105167
3.107760
3.103870
3.110358
3.106959
3.106035
3.110249
3.107181
3.110058
3.104636
3.110005
3.107290
3.103797
3.109621
3.106776
3.103728
3.110534
3.107336
3.105249
3.110284
3.107409
3.108030
3.107962
3.109800
3.104518
3.109059
3.106841
3.104449
3.110907
3.108139
3.104935
3.111654
3.108258
3.106073
3.111235
3.108220
3.108743
3.109129
3.110156
3.105954
3.111346
3.108801
3.105483
3.108526
3.107168
3.104922
3.112040
3.108471
3.106910
3.111110
3.108605
3.110855
3.106770
3.113431
3.110570
3.107349
3.113561
3.110935
3.107385
3.114241
3.110966
3.107659
3.113805
3.110462
3.108873
3.112782
3.110025
3.112603
3.107858
3.114083
3.111403
3.107961
3.114021
3.111172
3.107895
3.114575
3.111278
3.108729
3.114060
3.110767
3.111401
3.111473
3.111591
3.113261
3.107822
3.109671
3.109367
3.107580
3.114783
3.111700
3.108747
3.114951
3.111412
3.110858
3.114214
3.110395
3.115518
3.112640
3.114106
3.110737
3.116404
3.113505
3.110618
3.116575
3.113637
3.109851
3.116226
3.112874
3.109545
3.116576
3.113457
3.110480
3.116788
3.113466
3.112235
3.115826
3.112624
3.116177
3.111359
3.117772
3.114277
3.113127
3.117167
3.114109
3.116190
3.110792
3.115235
3.112676
3.110429
3.117302
3.114232
3.111071
3.117715
3.114335
3.112093
3.117604
3.114223
3.114893
3.114795
3.114579
3.116700
3.110980
3.113757
3.112638
3.111208
3.118242
3.114965
3.112028
3.118266
3.114621
3.114087
3.117805
3.113874
3.118694
3.115879
3.117499
3.112777
3.116897
3.114526
3.112321
3.119441
3.116097
3.112795
3.119592
3.116096
3.113333
3.119647
3.116294
3.115480
3.119030
3.115236
3.119575
3.116259
3.119833
3.114447
3.120335
3.117145
3.113648
3.119462
3.116243
3.113329
3.120403
3.117041
3.114261
3.120397
3.116883
3.116595
3.119536
3.114745
3.121317
3.117989
3.115374
3.121282
3.118337
3.115039
3.121349
3.118106
3.114709
3.121212
3.118139
3.114788
3.121519
3.118397
3.115183
3.121721
3.118599
3.115905
3.121750
3.118179
3.118195
3.120498
3.115353
3.121527
3.118303
3.115165
3.120974
3.118024
3.115292
3.122077
3.118645
3.116423
3.121640
3.118477
3.118910
3.119438
3.119926
3.116902
3.123081
3.119665
3.117873
3.123655
3.120193
3.118585
3.122878
3.120031
3.120926
3.115563
3.114421
3.115954
3.113437
3.119000
3.117051
3.115824
3.121140
3.118257
3.118867
3.119292
3.119469
3.120588
3.121481
3.116098
3.115191
3.119487
3.117003
3.124488
3.120937
3.120283
3.120550
3.117692
3.123390
3.120695
3.121968
3.122389
3.124592
3.118928
3.122308
3.120239
3.120091
3.125805
3.122440
3.122102
3.122102
3.122065
3.123080
3.117595
3.117365
3.119358
3.117559
3.124001
3.121168
3.119911
3.124423
3.121956
3.122997
3.121873
3.125825
3.121633
3.127230
3.124507
3.125804
3.122449
3.127971
3.124730
3.121631
3.127208
3.123749
3.121331
3.128037
3.124410
3.121895
3.128027
3.124335
3.125015
3.126842
3.121843
3.127892
3.124177
3.121922
3.128709
3.125486
3.122248
3.129104
3.125489
3.122592
3.128995
3.125616
3.123750
3.128560
3.125737
3.126445
3.124024
3.129491
3.126204
3.126509
3.126755
3.128847
3.122149
3.120618
3.122582
3.119587
3.121456
3.122986
3.120886
3.126704
3.123746
3.124389
3.125157
3.124787
3.128278
3.123731
3.131246
3.127992
3.125187
3.131223
3.128142
3.124669
3.131460
3.127841
3.124699
3.131264
3.127934
3.125386
3.131220
3.127729
3.128627
3.129863
3.125379
3.131087
3.127664
3.125137
3.131738
3.128445
3.125261
3.132108
3.128538
3.125851
3.132073
3.128566
3.128168
3.131236
3.126526
3.132944
3.129183
3.128863
3.132530
3.128122
3.132844
3.129946
3.130690
3.126235
3.130570
3.127027
3.127252
3.131459
3.128078
3.131545
3.126537
3.133554
3.129712
3.128584
3.133100
3.130449
3.130723
3.126048
3.129360
3.126783
3.126814
3.132018
3.129299
3.129900
3.125771
3.133005
3.128953
3.126790
3.134080
3.130501
3.127361
3.134400
3.130579
3.127538
3.134444
3.130913
3.128166
3.134376
3.130535
3.129404
3.133187
3.129933
3.133591
3.128331
3.135175
3.131513
3.128468
3.134547
3.131001
3.127754
3.134835
3.131078
3.128050
3.135012
3.131488
3.128490
3.135055
3.131531
3.129246
3.134907
3.131204
3.132295
3.132533
3.128798
3.134553
3.130781
3.128151
3.133644
3.129704
3.130312
3.133204
3.128602
3.135539
3.131360
3.131015
3.135048
3.131414
3.135497
3.130829
3.136337
3.133463
3.134123
3.130135
3.135500
3.131555
3.129058
3.135917
3.131952
3.129417
3.136572
3.132717
3.129884
3.136735
3.133105
3.130477
3.136953
3.133182
3.131234
3.136353
3.133244
3.133366
3.132680
3.136176
3.130400
3.137465
3.133269
3.130926
3.136922
3.133267
3.130036
3.137299
3.133101
3.130242
3.137375
3.133632
3.130505
3.137502
3.133784
3.130746
3.137664
3.134099
3.131078
3.137785
3.134156
3.131093
3.137725
3.134189
3.131228
3.137903
3.134432
3.131427
3.138058
3.134576
3.131483
3.138154
3.134627
3.131496
3.138243
3.134678
3.131549
3.138323
3.134769
3.131683
3.138411
3.134903
3.131905
3.138526
3.135058
3.132216
3.138666
3.135178
3.132748
3.138735
3.134861
3.135481
3.136929
3.131738
3.137198
3.132888
3.134954
3.136755
3.131999
3.139185
3.134523
3.132100
3.138830
3.135590
3.132812
3.139662
3.135818
3.133086
3.139463
3.135766
3.134921
3.138663
3.135120
3.138936
3.133739
3.140473
3.136411
3.136245
3.139683
3.134311
3.140751
3.136659
3.135163
3.140163
3.137210
3.137386
3.134288
3.140198
3.136443
3.134290
3.140541
3.136863
3.134036
3.140433
3.136275
3.133354
3.140313
3.135972
3.133837
3.140459
3.136434
3.135268
3.139188
3.136253
3.138738
3.133588
3.141054
3.135592
3.137579
3.138136
3.134221
3.140865
3.136178
3.133749
3.140573
3.135694
3.137412
3.137892
3.133508
3.141346
3.135598
3.137397
3.139496
3.134543
3.142076
3.136247
3.137177
3.140125
3.134920
3.142179
3.137613
3.135237
3.141753
3.138254
3.135291
3.142284
3.138335
3.135380
3.142178
3.138478
3.135540
3.142438
3.138594
3.135565
3.142433
3.138660
3.135706
3.142596
3.138844
3.135864
3.142661
3.138946
3.135997
3.142778
3.139104
3.136180
3.142912
3.139237
3.136301
3.143001
3.139316
3.136384
3.143089
3.139400
3.136471
3.143186
3.139492
3.136564
3.143286
3.139591
3.136666
3.143391
3.139698
3.136780
3.143497
3.139808
3.136902
3.143604
3.139920
3.137030
3.143710
3.140029
3.137160
3.143816
3.140137
3.137293
3.143922
3.140241
3.137429
3.144029
3.140343
3.137580
3.144139
3.140444
3.137780
3.144257
3.140525
3.138206
3.144301
3.140178
3.141179
3.142401
3.136240
3.134779
3.137029
3.134058
3.138661
3.137376
3.135906
3.140437
3.138011
3.138532
3.139544
3.140567
3.136578
3.142443
3.138808
3.141024
3.143358
3.138617
3.146397
3.141308
3.139154
3.145755
3.142386
3.140244
3.145579
3.142105
3.142363
3.143442
3.143583
3.140483
3.146535
3.142254
3.140188
3.147356
3.142029
3.142235
3.143488
3.144163
3.137689
3.138310
3.143353
3.140094
3.143898
3.141770
3.142314
3.138378
3.144028
3.141343
3.142430
3.144169
3.145857
3.138682
3.139181
3.149323
3.142698
3.144605
3.144945
3.142509
3.140766
3.140002
3.143050
3.139121
3.146930
3.143319
3.144673
3.147228
3.142118
3.148466
3.144420
3.143208
3.148369
3.145238
3.144686
3.145179
3.147161
3.139841
3.138838
3.152443
3.145384
3.146135
3.146979
3.143985
3.142473
3.141596
3.144823
3.140893
3.147776
3.145131
3.143949
3.149196
3.149196
3.146377
3.146447
3.147560
3.148378
3.142593
3.140759
3.144874
3.142483
3.148027
3.145289
3.145637
3.142813
3.148010
3.146040
3.147337
3.143993
3.150423
3.145808
3.146558
3.149628
3.144562
3.151551
3.147132
3.145800
3.150709
3.147906
3.147996
3.145112
3.151302
3.147237
3.149337
3.151139
3.143802
3.142749
3.153001
3.146018
3.148218
3.147366
3.145879
3.144687
3.144533
3.143479
3.149548
3.148177
3.149379
3.144349
3.141789
3.144774
3.141868
3.146598
3.145123
3.144525
3.147328
3.145475
3.147682
3.144132
3.152496
3.149155
3.147720
3.153931
3.150236
3.151308
3.150797
3.146594
3.151847
3.147389
3.148646
3.150105
3.150267
3.146124
3.155069
3.149176
3.151115
3.149079
3.154850
3.150436
3.151478
3.150605
3.147693
3.155420
3.150421
3.151232
3.147879
3.154866
3.149049
3.150584
3.150708
3.147385
3.154856
3.149824
3.149241
3.153848
3.151677
3.152349
3.146508
3.145728
3.148113
3.145375
3.155075
3.149653
3.148751
3.150047
3.146969
3.152426
3.150202
3.151221
3.148186
3.155710
3.151225
3.149031
3.156170
3.152176
3.150102
3.155501
3.151746
3.151808
3.152203
3.151699
3.152916
3.154928
3.147744
3.141449
3.153098
3.153677
3.151375
3.152513
3.149432
3.146966
3.146490
3.147852
3.149753
3.151562
3.152416
3.154201
3.154508
3.150306
3.145880
3.151170
3.148173
3.147689
3.151090
3.148272
3.153488
3.150931
3.151928
3.152668
3.153813
3.154525
3.155948
3.156477
3.154496
3.159829
3.156246
3.158036
3.158046
3.152303
3.148815
3.152570
3.149664
3.157901
3.153660
3.153761
3.154396
3.152664
3.157125
3.154932
3.158062
3.153583
3.160930
3.156432
3.155397
3.159346
3.156917
3.157784
3.153245
3.160915
3.155561
3.156862
3.155830
3.159706
3.155672
3.159613
3.156039
3.160566
3.156591
3.160916
3.157697
3.159454
3.154297
3.162095
3.156536
3.157714
3.155311
3.160473
3.157119
3.157014
3.154805
3.160837
3.157737
3.157745
3.158037
3.160199
3.154623
3.161450
3.156298
3.157856
3.155350
3.161235
3.156380
3.157465
3.156968
3.154411
3.162279
3.156840
3.159370
3.159522
3.153836
3.153211
3.155586
3.153014
3.160646
3.156359
3.156012
3.155642
3.152686
3.160920
3.156962
3.156847
3.161337
3.159130
3.159869
3.154131
3.153156
3.154407
3.152372
3.161409
3.155690
3.155994
3.156707
3.154710
3.159627
3.157788
3.158506
3.155382
3.164400
3.158336
3.159465
3.157167
3.162871
3.158964
3.158337
3.159816
3.161656
3.154778
3.154992
3.167969
3.161584
3.159568
3.161762
3.157721
3.155440
3.154662
3.155672
3.156721
3.159039
3.158964
3.156885
3.165522
3.160397
3.162482
3.158418
3.163080
3.158730
3.158997
3.159413
3.160610
3.156244
3.165684
3.159977
3.161600
3.159880
3.164938
3.161966
3.161037
3.157642
3.165767
3.160077
3.161134
3.157312
3.165337
3.159250
3.159659
3.160214
3.160095
3.161392
3.162502
3.155834
3.151531
3.162555
3.163356
3.160160
3.160821
3.157248
3.154422
3.153700
3.155114
3.157203
3.158870
3.160605
3.161195
3.161110
3.165552
3.161415
3.167289
3.164301
3.165436
3.165791
3.160115
3.158626
3.158114
3.159717
3.163933
3.159885
3.165741
3.162094
3.162517
3.163670
3.163985
3.160668
3.167410
3.162601
3.162822
3.166705
3.161615
3.167912
3.163102
3.164715
3.165143
3.159340
3.156743
3.159222
3.156603
3.162051
3.159650
3.159051
3.161408
3.159546
3.162200
3.158529
3.166658
3.162422
3.163345
3.165525
3.160952
3.169420
3.163556
3.164736
3.164374
3.165331
3.166380
3.159222
3.157803
3.168612
3.161881
3.167224
3.163910
3.162379
3.160871
3.161297
3.159903
3.166185
3.164489
3.165227
3.162146
3.169926
3.164961
3.166051
3.164118
3.169252
3.166330
3.166152
3.162743
3.169295
3.164732
3.166843
3.167134
3.162811
3.168127
3.163353
3.164191
3.165473
3.165476
3.161416
3.171073
3.164441
3.166188
3.162690
3.170732
3.164827
3.164775
3.165251
3.165278
3.164346
3.168156
3.163170
3.171069
3.166117
3.167969
3.168667
3.162247
3.161644
3.163939
3.161445
3.168029
3.164132
3.163240
3.162409
3.162839
3.163229
3.165731
3.164847
3.163497
3.172693
3.164624
3.170707
3.168036
3.168784
3.163814
3.171835
3.165668
3.166456
3.165045
3.169838
3.167001
3.167873
3.162490
3.161363
3.162707
3.160723
3.171000
3.164123
3.164119
3.163563
3.164625
3.165170
3.161746
3.171627
3.165738
3.167508
3.165159
3.171177
3.166651
3.166842
3.166136
3.167975
3.170019
3.163012
3.160483
3.175284
3.171577
3.167810
3.167966
3.164126
3.161186
3.160196
3.161291
3.163140
3.164726
3.166231
3.166539
3.168629
3.171166
3.164585
3.160901
3.172622
3.168977
3.166977
3.169633
3.165548
3.163543
3.163587
3.165454
3.167827
3.167656
3.172326
3.169656
3.173431
3.168827
3.173956
3.170663
3.171143
3.171973
3.167372
3.173171
3.168509
3.170931
3.167158
3.173243
3.169604
3.169604
3.168819
3.172221
3.168408
3.172808
3.170025
3.170899
3.166539
3.174239
3.168563
3.170521
3.166525
3.173554
3.168953
3.167940
3.171407
3.167765
3.172236
3.169383
3.171308
3.166767
3.175227
3.169455
3.170925
3.166956
3.173782
3.169041
3.168001
3.171573
3.167796
3.172322
3.169454
3.171157
3.166662
3.175186
3.169020
3.171100
3.166802
3.174097
3.168932
3.168449
3.171352
3.166705
3.174058
3.169379
3.170076
3.171824
3.167238
3.175816
3.169640
3.171373
3.167182
3.174575
3.168907
3.169715
3.170058
3.166743
3.174212
3.169197
3.170299
3.171897
3.167332
3.175720
3.169028
3.171427
3.167058
3.174646
3.169087
3.169328
3.170440
3.166389
3.175424
3.169667
3.170863
3.167421
3.174593
3.169658
3.169204
3.172287
3.167371
3.174989
3.169747
3.171075
3.171563
3.166625
3.170535
3.166925
3.168905
3.170310
3.166600
3.174162
3.168732
3.168972
3.172691
3.167892
3.175953
3.170285
3.171678
3.171243
3.168079
3.176486
3.169659
3.172785
3.168012
3.175843
3.170008
3.170604
3.170543
3.167594
3.174582
3.169730
3.171552
3.173315
3.166362
3.164904
3.172797
3.166823
3.172606
3.169048
3.167557
3.166428
3.166168
3.167845
3.170389
3.165528
3.165132
3.168200
3.165470
3.174939
3.169061
3.168721
3.168190
3.168926
3.169952
3.166698
3.176660
3.170743
3.173924
3.169765
3.176804
3.171847
3.171472
3.173385
3.168601
3.176339
3.170948
3.171619
3.171655
3.172640
3.172456
3.170188
3.176299
3.173611
3.173693
3.170945
3.177956
3.173341
3.173226
3.168232
3.165663
3.167331
3.165351
3.176089
3.169421
3.169301
3.169611
3.170268
3.167520
3.175028
3.170559
3.172721
3.172270
3.168353
3.172672
3.168785
3.170713
3.171702
3.169195
3.174212
3.171173
3.170849
3.169009
3.178661
3.172080
3.174906
3.170053
3.178369
3.172153
3.172196
3.171259
3.172348
3.174448
3.167408
3.167500
3.181502
3.175570
3.172834
3.172540
3.168706
3.166128
3.165525
3.166798
3.168722
3.170150
3.171930
3.172299
3.172087
3.177165
3.172727
3.179192
3.176297
3.176703
3.173038
3.177645
3.173317
3.174857
3.175999
3.170165
3.167348
3.171127
3.167968
3.177559
3.171553
3.170660
3.170170
3.168918
3.173261
3.169418
3.175466
3.173270
3.173712
3.170438
3.178932
3.172271
3.176056
3.171512
3.178330
3.173502
3.173728
3.174049
3.170194
3.178889
3.172414
3.175740
3.171180
3.178277
3.173066
3.172618
3.174157
3.169825
3.179016
3.173030
3.174641
3.170626
3.178658
3.173092
3.173069
3.173450
3.173291
3.173902
3.176797
3.169506
3.168179
3.182831
3.176560
3.173754
3.174286
3.170233
3.167910
3.167427
3.168586
3.171035
3.172759
3.170520
3.178927
3.174579
3.175217
3.176395
3.176880
3.173191
3.178689
3.172333
3.178458
3.175844
3.177575
3.172613
3.179371
3.174498
3.175660
3.176491
3.172526
3.180319
3.173857
3.176067
3.171455
3.179209
3.173857
3.173534
3.174052
3.174845
3.170482
3.178370
3.172604
3.175789
3.171675
3.179232
3.173878
3.173699
3.174901
3.170813
3.179787
3.173780
3.175539
3.171375
3.179379
3.173806
3.173808
3.173561
3.174468
3.174368
3.171807
3.178480
3.175055
3.175185
3.175766
3.179057
3.171520
3.170091
3.173123
3.169768
3.178357
3.173013
3.171666
3.172125
3.168959
3.177149
3.173017
3.174641
3.174965
3.171323
3.180098
3.172895
3.176873
3.172532
3.179083
3.174441
3.174659
3.174854
3.171969
3.179577
3.175042
3.176634
3.176391
3.173340
3.181050
3.173090
3.178769
3.175747
3.176738
3.171934
3.179592
3.174094
3.174178
3.175401
3.177489
3.170875
3.171076
3.173588
3.170617
3.177473
3.173346
3.172107
3.170937
3.172311
3.172810
3.170077
3.178645
3.173688
3.175652
3.172167
3.180356
3.174353
3.174625
3.175046
3.172008
3.179655
3.174689
3.176229
3.176116
3.173072
3.180920
3.173364
3.178681
3.175775
3.177164
3.171942
3.179929
3.174234
3.174394
3.175445
3.177496
3.171107
3.170905
3.171947
3.169255
3.178275
3.172498
3.172074
3.171574
3.172358
3.172993
3.171058
3.178262
3.175350
3.175828
3.175125
3.179854
3.174534
3.180488
3.177273
3.177368
3.174011
3.182173
3.175761
3.178176
3.173420
3.182357
3.176152
3.177065
3.172590
3.180706
3.175046
3.174776
3.174732
3.174531
3.175712
3.175337
3.170933
3.168709
3.172513
3.169052
3.171884
3.173524
3.170740
3.172196
3.170776
3.172718
3.169914
3.176278
3.174022
3.175134
3.173823
3.179031
3.176258
3.177448
3.172344
3.175438
3.173129
3.173368
3.177154
3.172779
3.177974
3.174950
3.175860
3.173910
3.180799
3.177374
3.177123
3.175585
3.180374
3.176061
3.180353
3.175095
3.181899
3.177764
3.177163
3.177451
3.180484
3.172861
3.172355
3.179360
3.173965
3.179083
3.175174
3.173291
3.172229
3.172616
3.171675
3.177933
3.175735
3.177707
3.173485
3.182605
3.175945
3.178451
3.174226
3.181607
3.176451
3.176192
3.177450
3.177450
3.173579
3.183267
3.176510
3.180014
3.175332
3.181893
3.177070
3.176977
3.177075
3.173528
3.182622
3.175642
3.179953
3.175614
3.181140
3.177743
3.177987
3.174398
3.181498
3.177201
3.178137
3.178407
3.175185
3.182713
3.178197
3.178371
3.174772
3.181328
3.174773
3.178670
3.174677
3.179159
3.175448
3.177802
3.172996
3.182591
3.176851
3.178357
3.174091
3.182559
3.176808
3.177092
3.174054
3.180468
3.176790
3.176295
3.176730
3.180343
3.172916
3.172607
3.178905
3.173932
3.178537
3.174888
3.173534
3.171953
3.174203
3.170874
3.181952
3.176000
3.179221
3.174724
3.181952
3.177101
3.177112
3.178175
3.174201
3.182515
3.175789
3.180195
3.176017
3.181271
3.178041
3.178633
3.174400
3.182837
3.176738
3.179817
3.174727
3.182217
3.177006
3.176891
3.176718
3.176748
3.179803
3.172915
3.172531
3.174476
3.171281
3.180566
3.174505
3.173905
3.173648
3.174613
3.173096
3.178352
3.174692
3.180031
3.176371
3.181240
3.176560
3.181388
3.178028
3.179724
3.174297
3.181671
3.175553
3.178691
3.174281
3.181591
3.176781
3.176634
3.177446
3.173655
3.183053
3.175687
3.179888
3.175868
3.180355
3.176491
3.178935
3.173762
3.182965
3.177251
3.179393
3.174760
3.182724
3.177426
3.177065
3.176766
3.179487
3.173692
3.181916
3.175368
3.178960
3.174475
3.181196
3.176468
3.176225
3.177013
3.173500
3.182568
3.176139
3.180040
3.175061
3.182008
3.177365
3.177227
3.177837
3.174174
3.182156
3.177407
3.178275
3.174344
3.181783
3.175031
3.179100
3.175159
3.179573
3.175159
3.179082
3.174022
3.180188
3.177156
3.178106
3.174397
3.182321
3.177538
3.178033
3.174425
3.182402
3.177307
3.177831
3.173607
3.181547
3.174719
3.178858
3.174745
3.179401
3.175473
3.178138
3.172891
3.182412
3.176215
3.178801
3.173850
3.182024
3.176536
3.176605
3.174628
3.179730
3.174887
3.179918
3.176308
3.179693
3.174191
3.182207
3.175051
3.179382
3.175554
3.179456
3.173808
3.179557
3.175918
3.176335
3.175351
3.179807
3.174103
3.183190
3.175852
3.180609
3.176508
3.180477
3.174542
3.180215
3.176514
3.176965
3.175625
3.180376
3.174543
3.182782
3.177154
3.179832
3.174112
3.180991
3.174265
3.177736
3.172887
3.179259
3.175405
3.174902
3.175291
3.178788
3.171465
3.171832
3.181339
3.173500
3.179155
3.175454
3.172989
3.171667
3.171631
3.174355
3.170706
3.178978
3.173919
3.178545
3.174842
3.179358
3.175407
3.178008
3.172717
3.181358
3.175909
3.179043
3.174163
3.181598
3.177003
3.176574
3.176824
3.177883
3.174298
3.180635
3.177121
3.177933
3.174739
3.182065
3.177504
3.179113
3.173033
3.173558
3.172974
3.172090
3.176923
3.171979
3.177489
3.174182
3.175355
3.172398
3.180848
3.176378
3.176432
3.174682
3.180082
3.174661
3.180245
3.176791
3.179441
3.172680
3.172934
3.173509
3.170302
3.181080
3.174541
3.173940
3.172748
3.175939
3.171127
3.181701
3.175028
3.178420
3.173641
3.181384
3.176358
3.175826
3.175705
3.175990
3.179953
3.172207
3.172580
3.183031
3.174702
3.180139
3.176456
3.173707
3.172293
3.171992
3.174719
3.171475
3.181824
3.176234
3.179712
3.174897
3.181659
3.177429
3.176974
3.177416
3.176309
3.180360
3.174631
3.182084
3.175657
3.181643
3.178517
3.179463
3.175145
3.179745
3.176350
3.177899
3.173383
3.180813
3.174364
3.179172
3.175962
3.178930
3.173403
3.180545
3.176019
3.176173
3.176680
3.176362
3.180081
3.172735
3.173020
3.175144
3.171182
3.181084
3.174524
3.173732
3.172472
3.175638
3.171413
3.180114
3.175976
3.176443
3.176916
3.176627
3.179768
3.172711
3.174014
3.174573
3.172045
3.180396
3.175879
3.174563
3.175755
3.172612
3.180281
3.176828
3.176971
3.177245
3.177078
3.177512
3.180114
3.173201
3.172457
3.180804
3.174439
3.180056
3.176140
3.173977
3.172842
3.173235
3.175310
3.173421
3.180712
3.177901
3.179028
3.175483
3.182754
3.178436
3.177928
3.178204
3.180007
3.174509
3.179930
3.175068
3.179950
3.176466
3.180390
3.175557
3.178989
3.174265
3.179598
3.176416
3.178864
3.173895
3.183818
3.176547
3.180077
3.175378
3.181251
3.177448
3.176739
3.176645
3.178652
3.173863
3.181435
3.175051
3.180667
3.177626
3.178527
3.174624
3.178920
3.175282
3.178697
3.173831
3.183849
3.176858
3.180355
3.175685
3.180826
3.177215
3.177980
3.174177
3.180849
3.177368
3.177224
3.177473
3.180176
3.173570
3.174945
3.174865
3.173186
3.179373
3.175755
3.176164
3.172259
3.180240
3.176532
3.176994
3.177233
3.177551
3.180224
3.173191
3.173835
3.177366
3.173008
3.181571
3.176400
3.174096
3.174383
3.172512
3.178282
3.174471
3.180131
3.176866
3.180548
3.175188
3.183307
3.178227
3.178632
3.176245
3.181119
3.176366
3.181093
3.176663
3.181895
3.177704
3.182193
3.176725
3.182095
3.178510
3.179459
3.175290
3.182071
3.177928
3.177420
3.177803
3.177803
3.179421
3.174213
3.180060
3.174387
3.180160
3.177169
3.178629
3.173880
3.179482
3.175897
3.176321
3.176022
3.180144
3.174077
3.183213
3.175461
3.180440
3.177304
3.178897
3.173939
3.179422
3.175878
3.176415
3.175931
3.180369
3.174443
3.183812
3.175736
3.181346
3.177995
3.178184
3.175384
3.179023
3.173248
3.182206
3.177375
3.179693
3.175129
3.182392
3.177606
3.176875
3.176701
3.179089
3.173393
3.180041
3.174009
3.179433
3.176539
3.178755
3.173600
3.179595
3.175790
3.175875
3.176410
3.176627
3.176973
3.179633
3.173051
3.172913
3.178260
3.173378
3.179885
3.175622
3.173344
3.173175
3.171947
3.177740
3.173069
3.182427
3.177907
3.178702
3.175853
3.180781
3.176589
3.179732
3.173958
3.182690
3.175723
3.180180
3.176572
3.180157
3.174578
3.180613
3.176852
3.176623
3.176741
3.176757
3.176476
3.180392
3.172848
3.173189
3.181573
3.174448
3.179520
3.175742
3.173228
3.172099
3.172191
3.175051
3.172445
3.181034
3.177524
3.177457
3.177723
3.178492
3.176150
3.181184
3.175642
3.182941
3.179238
3.180678
3.176477
3.182417
3.178600
3.177946
3.177908
3.179640
3.174210
3.180573
3.173672
3.181096
3.176981
3.176921
3.174794
3.177568
3.171898
3.181932
3.175372
3.179903
3.175477
3.180447
3.176711
3.178084
3.173427
3.181081
3.176961
3.176868
3.176301
3.179504
3.173167
3.179817
3.173854
3.178891
3.175782
3.178178
3.172829
3.178512
3.174977
3.175214
3.175809
3.177883
3.173466
3.182720
3.175300
3.180507
3.177104
3.179861
3.173917
3.180927
3.176325
3.176508
3.176018
3.179784
3.173500
3.181249
3.174247
3.179572
3.176477
3.177738
3.173501
3.178007
3.174218
3.178167
3.172986
3.182486
3.176030
3.179531
3.174590
3.179998
3.176348
3.176156
3.174671
3.178987
3.172963
3.181591
3.174523
3.179692
3.176482
3.178198
3.173458
3.178599
3.175179
3.176970
3.173329
3.180570
3.176830
3.176461
3.176125
3.179286
3.172543
3.177478
3.173495
3.176710
3.172451
3.179174
3.174767
3.173787
3.175137
3.172907
3.179031
3.174809
3.179465
3.173780
3.182023
3.176822
3.178397
3.173523
3.180531
3.176162
3.175576
3.175449
3.178085
3.172603
3.180010
3.173175
3.179785
3.176216
3.175962
3.174032
3.176439
3.170751
3.180619
3.173606
3.178848
3.175531
3.178516
3.172854
3.178886
3.175081
3.174889
3.175191
3.175399
3.175375
3.175176
3.179930
3.172253
3.172387
3.181691
3.173547
3.178618
3.174889
3.171866
3.171162
3.170202
3.174623
3.170610
3.180642
3.175926
3.177532
3.174092
3.179281
3.175785
3.177347
3.173105
3.180058
3.176807
3.176648
3.176804
3.178093
3.175482
3.180674
3.175367
3.181075
3.177422
3.179541
3.173582
3.180591
3.173749
3.178107
3.174198
3.178295
3.172718
3.178219
3.174672
3.175180
3.173790
3.178549
3.172337
3.181558
3.174428
3.178854
3.174768
3.178861
3.173497
3.178090
3.174307
3.177916
3.172479
3.180983
3.175437
3.177747
3.172776
3.179245
3.175276
3.174309
3.174531
3.174003
3.177536
3.170998
3.176091
3.172545
3.176203
3.171954
3.177553
3.173469
3.172670
3.172673
3.175362
3.171563
3.180046
3.175690
3.177380
3.173197
3.180166
3.175805
3.175488
3.173869
3.178628
3.172075
3.180665
3.173407
3.178722
3.175473
3.177020
3.172463
3.177242
3.173377
3.176415
3.171190
3.180516
3.173851
3.177615
3.172825
3.178005
3.174265
3.175966
3.171457
3.178535
3.175018
3.174859
3.174657
3.177220
3.171822
3.179742
3.172590
3.178611
3.175182
3.175877
3.172571
3.177052
3.171327
3.178209
3.174811
3.175763
3.173530
3.178472
3.172258
3.179325
3.175007
3.176570
3.172737
3.178499
3.174764
3.176130
3.171943
3.179270
3.175340
3.176290
3.172802
3.178556
3.174612
3.177112
3.170994
3.177236
3.171232
3.176116
3.172742
3.174944
3.170172
3.175854
3.172362
3.174148
3.170953
3.177742
3.174117
3.175715
3.171272
3.179340
3.174420
3.176417
3.171406
3.179563
3.174122
3.176292
3.171214
3.178965
3.174286
3.174695
3.171923
3.177319
3.171860
3.177222
3.173186
3.176955
3.170877
3.179258
3.172441
3.176530
3.171947
3.176877
3.172454
3.176203
3.170386
3.178416
3.173989
3.175075
3.172074
3.177285
3.172244
3.177139
3.171835
3.177685
3.173971
3.176818
3.171024
3.179039
3.172991
3.176750
3.171298
3.177827
3.173821
3.172863
3.172563
3.173478
3.171753
3.177099
3.169891
3.175223
3.170860
3.175081
3.170886
3.175180
3.170168
3.174345
3.169155
3.176386
3.173150
3.173869
3.171996
3.176858
3.170215
3.179178
3.172098
3.176604
3.172119
3.176564
3.171357
3.175951
3.171135
3.176609
3.172078
3.177200
3.172054
3.177026
3.172564
3.176757
3.170527
3.178166
3.173130
3.175074
3.170629
3.176745
3.173145
3.173181
3.171659
3.176637
3.169656
3.176111
3.170067
3.175333
3.172074
3.173718
3.169390
3.174359
3.169998
3.175181
3.169676
3.177902
3.173327
3.173327
