-0.643766
-0.612435
-0.615189
-0.619099
-0.623119
-0.626731
-0.629794
-0.632359
-0.634512
-0.636305
-0.637758
-0.638888
-0.639716
-0.640268
-0.640574
-0.640666
-0.640576
-0.640332
-0.639962
-0.639486
-0.638924
-0.638289
-0.637590
-0.636836
-0.636036
-0.635197
-0.634330
-0.633443
-0.632545
-0.631643
-0.630742
-0.629843
-0.628950
-0.628061
-0.627176
-0.626293
-0.625410
-0.624523
-0.623631
-0.622728
-0.621813
-0.620881
-0.619929
-0.618954
-0.617953
-0.616924
-0.615866
-0.614777
-0.613654
-0.612494
-0.611290
-0.610030
-0.608703
-0.607298
-0.605812
-0.604264
-0.602693
-0.601127
-0.599523
-0.597769
-0.595829
-0.593737
-0.591545
-0.589309
-0.587085
-0.584920
-0.582853
-0.580921
-0.579158
-0.577600
-0.576281
-0.575228
-0.574455
-0.573965
-0.573750
-0.573792
-0.574068
-0.574558
-0.575240
-0.576096
-0.577109
-0.578263
-0.579544
-0.580940
-0.582439
-0.584031
-0.585709
-0.587466
-0.589295
-0.591191
-0.593151
-0.595169
-0.597243
-0.599367
-0.601539
-0.603753
-0.606006
-0.608292
-0.610604
-0.612938
-0.615286
-0.617641
-0.619997
-0.622346
-0.624681
-0.626991
-0.629257
-0.631447
-0.633524
-0.635451
-0.637199
-0.638746
-0.640070
-0.641157
-0.642008
-0.642646
-0.643108
-0.643434
-0.643670
-0.643852
-0.644004
-0.644140
-0.644262
-0.644372
-0.644464
-0.644533
-0.644571
-0.644569
-0.644518
-0.644408
-0.644229
-0.643969
-0.643620
-0.643169
-0.642609
-0.641928
-0.641120
-0.640178
-0.639096
-0.637874
-0.636514
-0.635024
-0.633411
-0.631683
-0.629849
-0.627921
-0.625907
-0.623819
-0.621665
-0.619451
-0.617182
-0.614861
-0.612486
-0.610059
-0.607579
-0.605049
-0.602470
-0.599845
-0.597179
-0.594475
-0.591738
-0.588975
-0.586188
-0.583386
-0.580571
-0.577751
-0.574931
-0.572116
-0.569310
-0.566517
-0.563741
-0.560979
-0.558222
-0.555428
-0.552492
-0.549467
-0.546481
-0.543500
-0.540494
-0.537433
-0.534284
-0.531040
-0.527787
-0.524659
-0.521805
-0.519357
-0.516777
-0.514126
-0.511632
-0.509165
-0.506564
-0.504075
-0.501474
-0.499062
-0.496440
-0.493915
-0.491441
-0.488995
-0.486568
-0.484150
-0.481732
-0.479329
-0.476970
-0.474669
-0.472418
-0.470210
-0.468038
-0.465897
-0.463782
-0.461692
-0.459622
-0.457573
-0.455542
-0.453527
-0.451528
-0.449544
-0.447573
-0.445614
-0.443668
-0.441733
-0.439808
-0.437893
-0.435987
-0.434090
-0.432200
-0.430318
-0.428443
-0.426575
-0.424713
-0.422856
-0.421005
-0.419158
-0.417317
-0.415480
-0.413647
-0.411819
-0.409996
-0.408177
-0.406364
-0.404556
-0.402754
-0.400959
-0.399172
-0.397394
-0.395625
-0.393866
-0.392117
-0.390381
-0.388656
-0.386944
-0.385244
-0.383558
-0.381886
-0.380227
-0.378582
-0.376951
-0.375334
-0.373731
-0.372143
-0.370568
-0.369008
-0.367461
-0.365929
-0.364411
-0.362908
-0.361419
-0.359945
-0.358485
-0.357041
-0.355612
-0.354199
-0.352802
-0.351422
-0.350059
-0.348713
-0.347386
-0.346079
-0.344791
-0.343524
-0.342278
-0.341056
-0.339858
-0.338686
-0.337542
-0.336427
-0.335345
-0.334298
-0.333290
-0.332322
-0.331396
-0.330513
-0.329673
-0.328874
-0.328113
-0.327391
-0.326705
-0.326056
-0.325444
-0.324870
-0.324337
-0.323846
-0.323400
-0.323004
-0.322662
-0.322380
-0.322163
-0.322017
-0.321947
-0.321957
-0.322046
-0.322210
-0.322436
-0.322709
-0.323008
-0.323313
-0.323610
-0.323887
-0.324140
-0.324369
-0.324575
-0.324762
-0.324937
-0.325106
-0.325276
-0.325455
-0.325650
-0.325868
-0.326116
-0.326399
-0.326724
-0.327093
-0.327512
-0.327983
-0.328507
-0.329086
-0.329720
-0.330408
-0.331151
-0.331945
-0.332789
-0.333682
-0.334620
-0.335601
-0.336623
-0.337682
-0.338775
-0.339901
-0.341056
-0.342237
-0.343443
-0.344671
-0.345917
-0.347181
-0.348460
-0.349752
-0.351055
-0.352367
-0.353686
-0.355012
-0.356342
-0.357675
-0.359010
-0.360345
-0.361680
-0.363013
-0.364343
-0.365670
-0.366992
-0.368308
-0.369618
-0.370922
-0.372217
-0.373505
-0.374784
-0.376053
-0.377313
-0.378562
-0.379801
-0.381028
-0.382245
-0.383449
-0.384642
-0.385822
-0.386990
-0.388145
-0.389288
-0.390417
-0.391534
-0.392637
-0.393727
-0.394803
-0.395866
-0.396916
-0.397952
-0.398975
-0.399984
-0.400979
-0.401962
-0.402931
-0.403886
-0.404829
-0.405759
-0.406675
-0.407579
-0.408470
-0.409349
-0.410215
-0.411069
-0.411911
-0.412742
-0.413561
-0.414368
-0.415165
-0.415950
-0.416725
-0.417490
-0.418244
-0.418989
-0.419723
-0.420449
-0.421165
-0.421871
-0.422569
-0.423259
-0.423939
-0.424611
-0.425275
-0.425930
-0.426577
-0.427215
-0.427845
-0.428466
-0.429078
-0.429682
-0.430276
-0.430861
-0.431437
-0.432003
-0.432560
-0.433107
-0.433644
-0.434171
-0.434688
-0.435195
-0.435692
-0.436179
-0.436655
-0.437123
-0.437580
-0.438027
-0.438465
-0.438893
-0.439312
-0.439722
-0.440123
-0.440514
-0.440897
-0.441272
-0.441638
-0.441995
-0.442345
-0.442686
-0.443020
-0.443346
-0.443665
-0.443977
-0.444281
-0.444578
-0.444869
-0.445152
-0.445429
-0.445700
-0.445965
-0.446223
-0.446475
-0.446722
-0.446963
-0.447198
-0.447427
-0.447652
-0.447871
-0.448085
-0.448294
-0.448498
-0.448697
-0.448892
-0.449083
-0.449268
-0.449450
-0.449627
-0.449801
-0.449970
-0.450136
-0.450297
-0.450455
-0.450610
-0.450761
-0.450908
-0.451053
-0.451194
-0.451194
-0.451332
-0.451467
-0.451599
-0.451728
-0.451854
-0.451978
-0.452099
-0.452218
-0.452334
-0.452448
-0.452559
-0.452669
-0.452776
-0.452881
-0.452984
-0.453085
-0.453184
-0.453281
-0.453376
-0.453470
-0.453562
-0.453652
-0.453741
-0.453828
-0.453914
-0.453999
-0.454082
-0.454164
-0.454244
-0.454324
-0.454402
-0.454479
-0.454555
-0.454630
-0.454704
-0.454777
-0.454849
-0.454920
-0.454991
-0.455060
-0.455129
-0.455197
-0.455264
-0.455331
-0.455396
-0.455462
-0.455526
-0.455591
-0.455654
-0.455717
-0.455780
-0.455842
-0.455903
-0.455965
-0.456025
-0.456086
-0.456146
-0.456205
-0.456265
-0.456324
-0.456383
-0.456441
-0.456499
-0.456557
-0.456615
-0.456673
-0.456730
-0.456787
-0.456844
-0.456901
-0.456958
-0.457015
-0.457071
-0.457128
-0.457184
-0.457240
-0.457296
-0.457353
-0.457409
-0.457465
-0.457521
-0.457577
-0.457633
-0.457689
-0.457744
-0.457800
-0.457856
-0.457912
-0.457969
-0.458025
-0.458081
-0.458137
-0.458193
-0.458250
-0.458306
-0.458363
-0.458419
-0.458476
-0.458533
-0.458590
-0.458647
-0.458704
-0.458761
-0.458818
-0.458876
-0.458934
-0.458992
-0.459050
-0.459108
-0.459166
-0.459225
-0.459283
-0.459342
-0.459401
-0.459460
-0.459520
-0.459580
-0.459640
-0.459700
-0.459760
-0.459821
-0.459882
-0.459943
-0.460004
-0.460066
-0.460128
-0.460190
-0.460252
-0.460315
-0.460378
-0.460441
-0.460505
-0.460569
-0.460633
-0.460697
-0.460762
-0.460828
-0.460893
-0.460959
-0.461025
-0.461092
-0.461159
-0.461226
-0.461294
-0.461362
-0.461431
-0.461500
-0.461569
-0.461639
-0.461709
-0.461779
-0.461850
-0.461921
-0.461993
-0.462065
-0.462138
-0.462211
-0.462285
-0.462359
-0.462433
-0.462508
-0.462583
-0.462659
-0.462735
-0.462812
-0.462889
-0.462967
-0.463045
-0.463123
-0.463202
-0.463281
-0.463361
-0.463441
-0.463522
-0.463603
-0.463685
-0.463767
-0.463849
-0.463932
-0.464015
-0.464099
-0.464183
-0.464267
-0.464352
-0.464437
-0.464523
-0.464608
-0.464695
-0.464781
-0.464868
-0.464955
-0.465042
-0.465129
-0.465217
-0.465304
-0.465392
-0.465480
-0.465569
-0.465657
-0.465745
-0.465833
-0.465921
-0.466010
-0.466098
-0.466186
-0.466273
-0.466361
-0.466448
-0.466535
-0.466621
-0.466708
-0.466793
-0.466878
-0.466963
-0.467047
-0.467130
-0.467212
-0.467294
-0.467375
-0.467454
-0.467533
-0.467610
-0.467687
-0.467762
-0.467835
-0.467907
-0.467978
-0.468046
-0.468113
-0.468179
-0.468242
-0.468303
-0.468362
-0.468418
-0.468472
-0.468524
-0.468573
-0.468619
-0.468662
-0.468702
-0.468738
-0.468772
-0.468801
-0.468827
-0.468850
-0.468868
-0.468882
-0.468891
-0.468896
-0.468897
-0.468892
-0.468883
-0.468868
-0.468847
-0.468821
-0.468789
-0.468751
-0.468707
-0.468656
-0.468598
-0.468533
-0.468461
-0.468382
-0.468295
-0.468199
-0.468096
-0.467984
-0.467863
-0.467734
-0.467595
-0.467446
-0.467288
-0.467120
-0.466941
-0.466752
-0.466552
-0.466341
-0.466118
-0.465884
-0.465639
-0.465381
-0.465111
-0.464829
-0.464534
-0.464226
-0.463905
-0.463571
-0.463223
-0.462862
-0.462488
-0.462100
-0.461698
-0.461281
-0.460851
-0.460407
-0.459949
-0.459477
-0.458990
-0.458490
-0.457975
-0.457447
-0.456905
-0.456350
-0.455781
-0.455199
-0.454604
-0.453996
-0.453376
-0.452744
-0.452100
-0.451444
-0.450777
-0.450100
-0.449411
-0.448713
-0.448004
-0.447286
-0.446558
-0.445821
-0.445075
-0.444320
-0.443557
-0.442786
-0.442007
-0.441219
-0.440424
-0.439621
-0.438811
-0.437993
-0.437168
-0.436336
-0.435496
-0.434649
-0.433796
-0.432935
-0.432067
-0.431193
-0.430312
-0.429424
-0.428529
-0.427627
-0.426719
-0.425804
-0.424882
-0.423954
-0.423018
-0.422075
-0.421125
-0.420167
-0.419201
-0.418226
-0.417243
-0.416250
-0.415247
-0.414232
-0.413205
-0.412164
-0.411107
-0.410032
-0.408936
-0.407815
-0.406666
-0.405481
-0.404253
-0.402970
-0.401616
-0.400168
-0.398585
-0.396805
-0.394718
-0.392136
-0.388867
-0.385089
-0.381292
-0.377912
-0.376554
-0.373649
-0.379974
-0.380074
-0.380481
-0.380775
-0.380643
-0.380452
-0.380297
-0.380176
-0.380043
-0.379826
-0.379456
-0.378871
-0.378001
-0.376709
-0.374623
-0.370798
-0.365446
-0.370663
-0.369986
-0.369303
-0.366709
-0.361398
-0.369708
-0.366865
-0.366841
-0.365842
-0.362136
-0.356148
-0.366946
-0.362451
-0.362175
-0.359908
-0.353906
-0.363973
-0.359477
-0.358666
-0.355017
-0.353509
-0.348252
-0.359640
-0.355100
-0.353453
-0.348650
-0.358812
-0.353584
-0.351109
-0.346222
-0.356102
-0.351479
-0.348896
-0.343825
-0.353943
-0.349483
-0.346418
-0.340856
-0.351175
-0.347157
-0.343581
-0.339260
-0.349246
-0.345297
-0.341222
-0.340239
-0.333047
-0.344240
-0.340741
-0.335985
-0.346484
-0.341910
-0.336940
-0.345361
-0.341169
-0.336537
-0.342400
-0.339613
-0.334192
-0.341670
-0.338436
-0.333157
-0.340013
-0.336702
-0.330957
-0.338559
-0.335128
-0.329254
-0.337073
-0.333305
-0.327305
-0.335453
-0.331716
-0.325407
-0.333881
-0.329760
-0.323485
-0.332103
-0.328152
-0.321409
-0.330306
-0.325829
-0.319654
-0.328457
-0.324520
-0.317460
-0.326614
-0.321634
-0.315232
-0.323883
-0.320202
-0.311476
-0.320086
-0.313997
-0.321430
-0.316650
-0.316518
-0.310349
-0.318365
-0.315193
-0.308163
-0.317338
-0.311941
-0.311656
-0.304724
-0.304724
-0.313681
-0.308911
-0.314670
-0.311416
-0.302923
-0.311314
-0.305804
-0.312260
-0.307377
-0.312362
-0.308949
-0.300242
-0.307818
-0.303175
-0.307051
-0.301855
-0.308711
-0.304701
-0.296904
-0.304855
-0.298488
-0.305999
-0.300202
-0.305840
-0.301240
-0.297401
-0.299561
-0.292166
-0.300157
-0.294120
-0.301260
-0.295830
-0.300742
-0.295551
-0.295355
-0.288332
-0.295632
-0.290117
-0.296794
-0.291116
-0.296684
-0.290890
-0.295849
-0.290110
-0.294675
-0.288856
-0.293867
-0.288053
-0.292690
-0.286607
-0.291738
-0.285534
-0.290589
-0.284165
-0.289469
-0.282874
-0.288293
-0.281531
-0.287123
-0.280210
-0.285952
-0.278901
-0.284799
-0.277615
-0.283658
-0.276340
-0.282521
-0.275067
-0.281379
-0.273791
-0.280229
-0.272525
-0.279091
-0.271316
-0.278008
-0.270220
-0.277024
-0.269258
-0.276148
-0.268410
-0.275355
-0.267633
-0.274610
-0.266893
-0.273886
-0.266163
-0.273165
-0.265423
-0.272432
-0.264653
-0.271676
-0.263831
-0.270883
-0.262930
-0.270038
-0.261919
-0.269127
-0.260778
-0.268145
-0.259518
-0.267111
-0.258216
-0.266077
-0.257001
-0.265117
-0.256008
-0.264305
-0.255294
-0.263669
-0.254784
-0.263153
-0.254357
-0.262674
-0.253943
-0.262183
-0.253517
-0.261663
-0.253068
-0.261103
-0.252581
-0.260490
-0.252044
-0.259808
-0.251476
-0.259061
-0.250971
-0.258299
-0.250675
-0.257610
-0.250639
-0.257028
-0.250722
-0.256480
-0.250718
-0.255850
-0.250530
-0.255086
-0.250171
-0.254201
-0.249687
-0.253220
-0.249113
-0.252165
-0.248476
-0.251046
-0.247789
-0.249868
-0.247059
-0.248632
-0.246282
-0.247337
-0.245442
-0.245985
-0.244514
-0.244590
-0.243466
-0.243175
-0.242288
-0.241760
-0.240997
-0.240349
-0.239629
-0.238932
-0.238215
-0.237496
-0.236770
-0.236039
-0.235303
-0.234561
-0.233815
-0.233065
-0.232311
-0.231553
-0.230793
-0.230029
-0.229264
-0.228498
-0.227730
-0.226962
-0.226194
-0.225427
-0.224661
-0.223897
-0.223136
-0.222378
-0.221623
-0.220874
-0.220129
-0.219391
-0.218660
-0.217937
-0.217223
-0.216519
-0.215825
-0.215144
-0.214475
-0.213819
-0.213178
-0.212551
-0.211940
-0.211343
-0.210763
-0.210198
-0.209648
-0.209113
-0.208593
-0.208087
-0.207595
-0.207115
-0.206648
-0.206192
-0.205748
-0.205313
-0.204888
-0.204471
-0.204063
-0.203663
-0.203269
-0.202882
-0.202502
-0.202126
-0.201756
-0.201391
-0.201031
-0.200674
-0.200322
-0.199973
-0.199627
-0.199285
-0.198946
-0.198610
-0.198276
-0.197945
-0.197616
-0.197290
-0.196966
-0.196644
-0.196323
-0.196005
-0.195688
-0.195372
-0.195059
-0.194746
-0.194435
-0.194126
-0.193817
-0.193510
-0.193204
-0.192899
-0.192595
-0.192292
-0.191990
-0.191689
-0.191390
-0.191092
-0.190795
-0.190500
-0.190206
-0.189915
-0.189625
-0.189336
-0.189051
-0.188767
-0.188485
-0.188206
-0.187930
-0.187656
-0.187384
-0.187115
-0.186849
-0.186585
-0.186323
-0.186064
-0.185807
-0.185553
-0.185300
-0.185050
-0.184802
-0.184555
-0.184310
-0.184067
-0.183825
-0.183585
-0.183347
-0.183110
-0.182874
-0.182640
-0.182408
-0.182177
-0.181949
-0.181722
-0.181498
-0.181276
-0.181057
-0.180840
-0.180625
-0.180414
-0.180205
-0.179999
-0.179795
-0.179594
-0.179395
-0.179199
-0.179004
-0.178811
-0.178620
-0.178430
-0.178240
-0.178052
-0.177864
-0.177675
-0.177487
-0.177297
-0.177107
-0.176914
-0.176719
-0.176520
-0.176317
-0.176107
-0.175890
-0.175665
-0.175433
-0.175195
-0.174954
-0.174711
-0.174466
-0.174220
-0.173973
-0.173727
-0.173484
-0.173244
-0.173010
-0.172782
-0.172560
-0.172345
-0.172137
-0.171934
-0.171735
-0.171540
-0.171348
-0.171157
-0.170968
-0.170779
-0.170590
-0.170402
-0.170212
-0.170022
-0.169831
-0.169639
-0.169444
-0.169248
-0.169049
-0.168847
-0.168641
-0.168432
-0.168218
-0.167999
-0.167774
-0.167542
-0.167303
-0.167057
-0.166801
-0.166538
-0.166266
-0.165986
-0.165701
-0.165413
-0.165124
-0.164838
-0.164560
-0.164290
-0.164029
-0.163778
-0.163532
-0.163288
-0.163041
-0.162784
-0.162513
-0.162220
-0.161901
-0.161550
-0.161162
-0.160730
-0.160252
-0.159723
-0.159145
-0.158524
-0.157875
-0.157224
-0.156601
-0.156034
-0.155544
-0.155134
-0.154799
-0.154528
-0.154308
-0.154127
-0.153975
-0.153846
-0.153735
-0.153638
-0.153550
-0.153471
-0.153397
-0.153327
-0.153259
-0.153194
-0.153129
-0.153065
-0.153000
-0.152935
-0.152869
-0.152803
-0.152734
-0.152665
-0.152593
-0.152521
-0.152446
-0.152370
-0.152292
-0.152213
-0.152132
-0.152049
-0.151965
-0.151879
-0.151792
-0.151703
-0.151613
-0.151522
-0.151429
-0.151335
-0.151240
-0.151143
-0.151046
-0.150947
-0.150848
-0.150748
-0.150646
-0.150544
-0.150442
-0.150338
-0.150234
-0.150129
-0.150024
-0.149918
-0.149812
-0.149705
-0.149598
-0.149491
-0.149383
-0.149276
-0.149168
-0.149060
-0.148952
-0.148844
-0.148737
-0.148629
-0.148522
-0.148415
-0.148308
-0.148202
-0.148096
-0.147991
-0.147885
-0.147781
-0.147677
-0.147573
-0.147470
-0.147367
-0.147266
-0.147164
-0.147064
-0.146964
-0.146865
-0.146767
-0.146670
-0.146574
-0.146479
-0.146386
-0.146294
-0.146204
-0.146116
-0.146030
-0.145946
-0.145864
-0.145784
-0.145705
-0.145626
-0.145547
-0.145465
-0.145379
-0.145287
-0.145190
-0.145085
-0.144973
-0.144854
-0.144727
-0.144592
-0.144451
-0.144451
-0.144303
-0.144152
-0.143965
-0.143986
-0.142479
-0.142721
-0.142482
-0.142740
-0.141990
-0.141705
-0.141344
-0.140975
-0.140716
-0.140574
-0.140515
-0.140492
-0.140472
-0.140439
-0.140388
-0.140324
-0.140253
-0.140181
-0.140111
-0.140042
-0.139974
-0.139907
-0.139838
-0.139770
-0.139702
-0.139636
-0.139572
-0.139509
-0.139449
-0.139390
-0.139333
-0.139276
-0.139221
-0.139166
-0.139113
-0.139060
-0.139008
-0.138956
-0.138904
-0.138853
-0.138801
-0.138750
-0.138697
-0.138645
-0.138592
-0.138537
-0.138482
-0.138426
-0.138369
-0.138311
-0.138251
-0.138191
-0.138129
-0.138066
-0.138003
-0.137939
-0.137874
-0.137809
-0.137744
-0.137679
-0.137614
-0.137549
-0.137485
-0.137421
-0.137358
-0.137296
-0.137234
-0.137174
-0.137114
-0.137055
-0.136998
-0.136941
-0.136886
-0.136832
-0.136779
-0.136727
-0.136676
-0.136627
-0.136578
-0.136531
-0.136485
-0.136440
-0.136396
-0.136354
-0.136312
-0.136272
-0.136233
-0.136195
-0.136158
-0.136123
-0.136088
-0.136055
-0.136023
-0.135992
-0.135962
-0.135933
-0.135906
-0.135880
-0.135854
-0.135830
-0.135808
-0.135786
-0.135766
-0.135746
-0.135728
-0.135712
-0.135696
-0.135682
-0.135668
-0.135656
-0.135645
-0.135636
-0.135627
-0.135620
-0.135613
-0.135608
-0.135604
-0.135601
-0.135599
-0.135598
-0.135598
-0.135599
-0.135602
-0.135605
-0.135609
-0.135614
-0.135620
-0.135627
-0.135635
-0.135643
-0.135653
-0.135663
-0.135674
-0.135686
-0.135698
-0.135712
-0.135726
-0.135740
-0.135756
-0.135771
-0.135788
-0.135805
-0.135823
-0.135841
-0.135859
-0.135879
-0.135898
-0.135918
-0.135939
-0.135960
-0.135981
-0.136003
-0.136025
-0.136048
-0.136070
-0.136094
-0.136117
-0.136141
-0.136165
-0.136189
-0.136213
-0.136238
-0.136263
-0.136288
-0.136314
-0.136339
-0.136365
-0.136391
-0.136417
-0.136443
-0.136470
-0.136496
-0.136523
-0.136550
-0.136577
-0.136604
-0.136631
-0.136658
-0.136686
-0.136713
-0.136740
-0.136768
-0.136796
-0.136823
-0.136851
-0.136879
-0.136907
-0.136935
-0.136963
-0.136991
-0.137018
-0.137046
-0.137074
-0.137102
-0.137130
-0.137158
-0.137186
-0.137214
-0.137242
-0.137270
-0.137298
-0.137326
-0.137353
-0.137381
-0.137409
-0.137436
-0.137464
-0.137491
-0.137518
-0.137546
-0.137573
-0.137600
-0.137627
-0.137654
-0.137680
-0.137707
-0.137733
-0.137760
-0.137786
-0.137812
-0.137838
-0.137864
-0.137889
-0.137915
-0.137940
-0.137965
-0.137990
-0.138015
-0.138040
-0.138064
-0.138089
-0.138113
-0.138137
-0.138160
-0.138184
-0.138207
-0.138230
-0.138253
-0.138276
-0.138298
-0.138321
-0.138343
-0.138365
-0.138386
-0.138408
-0.138429
-0.138450
-0.138470
-0.138491
-0.138511
-0.138531
-0.138551
-0.138571
-0.138590
-0.138609
-0.138628
-0.138646
-0.138665
-0.138683
-0.138701
-0.138719
-0.138736
-0.138753
-0.138770
-0.138787
-0.138803
-0.138819
-0.138835
-0.138851
-0.138866
-0.138882
-0.138897
-0.138911
-0.138926
-0.138940
-0.138954
-0.138968
-0.138981
-0.138995
-0.139008
-0.139020
-0.139033
-0.139045
-0.139057
-0.139069
-0.139081
-0.139092
-0.139103
-0.139114
-0.139125
-0.139135
-0.139145
-0.139155
-0.139165
-0.139174
-0.139183
-0.139192
-0.139201
-0.139209
-0.139217
-0.139225
-0.139233
-0.139240
-0.139248
-0.139255
-0.139261
-0.139268
-0.139274
-0.139280
-0.139286
-0.139291
-0.139296
-0.139301
-0.139306
-0.139310
-0.139314
-0.139318
-0.139322
-0.139325
-0.139328
-0.139331
-0.139334
-0.139336
-0.139338
-0.139339
-0.139341
-0.139342
-0.139343
-0.139343
-0.139343
-0.139343
-0.139343
-0.139342
-0.139341
-0.139339
-0.139337
-0.139335
-0.139333
-0.139330
-0.139327
-0.139323
-0.139319
-0.139314
-0.139310
-0.139304
-0.139299
-0.139293
-0.139286
-0.139279
-0.139272
-0.139264
-0.139256
-0.139247
-0.139238
-0.139228
-0.139218
-0.139207
-0.139196
-0.139184
-0.139172
-0.139159
-0.139145
-0.139131
-0.139116
-0.139101
-0.139085
-0.139068
-0.139051
-0.139033
-0.139014
-0.138995
-0.138975
-0.138954
-0.138933
-0.138911
-0.138888
-0.138865
-0.138841
-0.138816
-0.138791
-0.138764
-0.138738
-0.138710
-0.138682
-0.138653
-0.138624
-0.138594
-0.138564
-0.138533
-0.138502
-0.138471
-0.138439
-0.138408
-0.138376
-0.138345
-0.138314
-0.138284
-0.138255
-0.138226
-0.138200
-0.138174
-0.138151
-0.138130
-0.138111
-0.138093
-0.138075
-0.138054
-0.138028
-0.137994
-0.137950
-0.137896
-0.137833
-0.137763
-0.137687
-0.137607
-0.137525
-0.137442
-0.137359
-0.137276
-0.137193
-0.137110
-0.137028
-0.136947
-0.136866
-0.136786
-0.136706
-0.136627
-0.136549
-0.136471
-0.136393
-0.136316
-0.136239
-0.136162
-0.136086
-0.136010
-0.135934
-0.135859
-0.135783
-0.135708
-0.135633
-0.135557
-0.135482
-0.135407
-0.135332
-0.135257
-0.135181
-0.135106
-0.135031
-0.134955
-0.134879
-0.134804
-0.134728
-0.134652
-0.134576
-0.134500
-0.134423
-0.134347
-0.134270
-0.134194
-0.134117
-0.134040
-0.133963
-0.133886
-0.133809
-0.133731
-0.133654
-0.133576
-0.133499
-0.133421
-0.133343
-0.133265
-0.133187
-0.133109
-0.133031
-0.132953
-0.132874
-0.132796
-0.132718
-0.132639
-0.132560
-0.132482
-0.132403
-0.132324
-0.132246
-0.132167
-0.132088
-0.132009
-0.131930
-0.131851
-0.131772
-0.131692
-0.131613
-0.131534
-0.131455
-0.131375
-0.131375
-0.131296
-0.131217
-0.131137
-0.131058
-0.130978
-0.130899
-0.130819
-0.130740
-0.130660
-0.130580
-0.130501
-0.130421
-0.130341
-0.130262
-0.130182
-0.130102
-0.130023
-0.129943
-0.129863
-0.129784
-0.129704
-0.129624
-0.129545
-0.129465
-0.129386
-0.129306
-0.129227
-0.129147
-0.129068
-0.128988
-0.128909
-0.128830
-0.128751
-0.128672
-0.128593
-0.128515
-0.128436
-0.128357
-0.128279
-0.128201
-0.128123
-0.128045
-0.127967
-0.127889
-0.127812
-0.127735
-0.127658
-0.127581
-0.127505
-0.127428
-0.127352
-0.127276
-0.127201
-0.127126
-0.127051
-0.126976
-0.126902
-0.126828
-0.126754
-0.126681
-0.126608
-0.126535
-0.126463
-0.126391
-0.126320
-0.126249
-0.126178
-0.126108
-0.126038
-0.125969
-0.125900
-0.125832
-0.125764
-0.125697
-0.125630
-0.125564
-0.125498
-0.125432
-0.125368
-0.125303
-0.125240
-0.125176
-0.125114
-0.125052
-0.124990
-0.124929
-0.124869
-0.124809
-0.124749
-0.124690
-0.124632
-0.124574
-0.124517
-0.124460
-0.124403
-0.124347
-0.124292
-0.124237
-0.124183
-0.124129
-0.124075
-0.124022
-0.123969
-0.123916
-0.123864
-0.123812
-0.123761
-0.123709
-0.123658
-0.123607
-0.123557
-0.123506
-0.123456
-0.123405
-0.123355
-0.123305
-0.123254
-0.123204
-0.123154
-0.123103
-0.123052
-0.123001
-0.122950
-0.122899
-0.122847
-0.122795
-0.122742
-0.122689
-0.122635
-0.122581
-0.122527
-0.122471
-0.122415
-0.122359
-0.122301
-0.122243
-0.122184
-0.122124
-0.122063
-0.122001
-0.121939
-0.121875
-0.121810
-0.121744
-0.121678
-0.121610
-0.121541
-0.121471
-0.121400
-0.121327
-0.121254
-0.121180
-0.121104
-0.121028
-0.120950
-0.120871
-0.120791
-0.120711
-0.120629
-0.120546
-0.120462
-0.120378
-0.120292
-0.120206
-0.120119
-0.120031
-0.119942
-0.119853
-0.119763
-0.119672
-0.119580
-0.119488
-0.119396
-0.119302
-0.119209
-0.119114
-0.119020
-0.118925
-0.118829
-0.118733
-0.118636
-0.118540
-0.118442
-0.118345
-0.118247
-0.118149
-0.118050
-0.117951
-0.117851
-0.117752
-0.117651
-0.117550
-0.117449
-0.117347
-0.117245
-0.117141
-0.117037
-0.116933
-0.116828
-0.116727
-0.116638
-0.116564
-0.116411
-0.116240
-0.116167
-0.116170
-0.116110
-0.116083
-0.115969
-0.115974
-0.115771
-0.115852
-0.115470
-0.115598
-0.115494
-0.115585
-0.115271
-0.115350
-0.115152
-0.115340
-0.114919
-0.115026
-0.115032
-0.114975
-0.115027
-0.114601
-0.114659
-0.114807
-0.114451
-0.114369
-0.114575
-0.114239
-0.114129
-0.114260
-0.114286
-0.114435
-0.113950
-0.113996
-0.114126
-0.114015
-0.114078
-0.114024
-0.114241
-0.113878
-0.113935
-0.113980
-0.113931
-0.114081
-0.113503
-0.113409
-0.113294
-0.113593
-0.113821
-0.113437
-0.113342
-0.113470
-0.113534
-0.113813
-0.113046
-0.112877
-0.112488
-0.112272
-0.111961
-0.111722
-0.111548
-0.111386
-0.111248
-0.111126
-0.111021
-0.110930
-0.110852
-0.110783
-0.110722
-0.110668
-0.110619
-0.110575
-0.110535
-0.110499
-0.110467
-0.110438
-0.110414
-0.110392
-0.110373
-0.110358
-0.110345
-0.110335
-0.110326
-0.110321
-0.110317
-0.110315
-0.110314
-0.110316
-0.110318
-0.110321
-0.110326
-0.110331
-0.110336
-0.110342
-0.110347
-0.110353
-0.110358
-0.110363
-0.110368
-0.110371
-0.110374
-0.110375
-0.110376
-0.110375
-0.110373
-0.110369
-0.110364
-0.110357
-0.110349
-0.110338
-0.110326
-0.110312
-0.110296
-0.110278
-0.110258
-0.110236
-0.110212
-0.110186
-0.110158
-0.110127
-0.110095
-0.110061
-0.110024
-0.109986
-0.109945
-0.109903
-0.109858
-0.109811
-0.109763
-0.109712
-0.109660
-0.109605
-0.109549
-0.109491
-0.109432
-0.109370
-0.109307
-0.109243
-0.109176
-0.109109
-0.109039
-0.108969
-0.108897
-0.108824
-0.108749
-0.108674
-0.108597
-0.108520
-0.108441
-0.108362
-0.108282
-0.108201
-0.108120
-0.108038
-0.107956
-0.107873
-0.107791
-0.107707
-0.107624
-0.107541
-0.107458
-0.107375
-0.107292
-0.107210
-0.107127
-0.107046
-0.106964
-0.106883
-0.106803
-0.106723
-0.106644
-0.106565
-0.106487
-0.106410
-0.106334
-0.106258
-0.106183
-0.106109
-0.106036
-0.105964
-0.105892
-0.105822
-0.105752
-0.105683
-0.105615
-0.105548
-0.105482
-0.105417
-0.105352
-0.105289
-0.105226
-0.105164
-0.105104
-0.105043
-0.104984
-0.104926
-0.104868
-0.104811
-0.104755
-0.104700
-0.104646
-0.104592
-0.104539
-0.104486
-0.104435
-0.104384
-0.104333
-0.104284
-0.104235
-0.104186
-0.104138
-0.104091
-0.104044
-0.103998
-0.103952
-0.103907
-0.103862
-0.103818
-0.103774
-0.103731
-0.103688
-0.103645
-0.103603
-0.103561
-0.103520
-0.103479
-0.103438
-0.103398
-0.103358
-0.103318
-0.103279
-0.103240
-0.103201
-0.103163
-0.103125
-0.103087
-0.103050
-0.103013
-0.102976
-0.102939
-0.102903
-0.102867
-0.102831
-0.102796
-0.102760
-0.102725
-0.102691
-0.102656
-0.102622
-0.102589
-0.102555
-0.102522
-0.102489
-0.102457
-0.102424
-0.102393
-0.102361
-0.102330
-0.102299
-0.102268
-0.102238
-0.102208
-0.102179
-0.102149
-0.102121
-0.102092
-0.102064
-0.102036
-0.102009
-0.101982
-0.101955
-0.101929
-0.101903
-0.101878
-0.101853
-0.101828
-0.101804
-0.101780
-0.101757
-0.101734
-0.101711
-0.101689
-0.101667
-0.101646
-0.101625
-0.101604
-0.101584
-0.101564
-0.101545
-0.101526
-0.101507
-0.101489
-0.101471
-0.101453
-0.101436
-0.101436
-0.101419
-0.101403
-0.101387
-0.101371
-0.101355
-0.101340
-0.101326
-0.101311
-0.101297
-0.101283
-0.101270
-0.101257
-0.101244
-0.101232
-0.101220
-0.101208
-0.101196
-0.101185
-0.101174
-0.101163
-0.101152
-0.101142
-0.101132
-0.101122
-0.101113
-0.101104
-0.101095
-0.101086
-0.101077
-0.101069
-0.101061
-0.101053
-0.101046
-0.101038
-0.101031
-0.101024
-0.101017
-0.101011
-0.101004
-0.100998
-0.100992
-0.100986
-0.100981
-0.100975
-0.100970
-0.100965
-0.100960
-0.100956
-0.100951
-0.100947
-0.100943
-0.100939
-0.100935
-0.100931
-0.100928
-0.100925
-0.100922
-0.100919
-0.100916
-0.100914
-0.100912
-0.100910
-0.100908
-0.100906
-0.100905
-0.100904
-0.100903
-0.100902
-0.100902
-0.100901
-0.100902
-0.100902
-0.100903
-0.100904
-0.100905
-0.100907
-0.100910
-0.100912
-0.100916
-0.100920
-0.100924
-0.100929
-0.100935
-0.100942
-0.100949
-0.100958
-0.100968
-0.100980
-0.100993
-0.101008
-0.101026
-0.101047
-0.101072
-0.101102
-0.101139
-0.101187
-0.101250
-0.101342
-0.101489
-0.101765
-0.102000
-0.101752
-0.101935
-0.101864
-0.102067
-0.101741
-0.101903
-0.101806
-0.101974
-0.101611
-0.101764
-0.101690
-0.101847
-0.101505
-0.101670
-0.101526
-0.101729
-0.101349
-0.101509
-0.101480
-0.101592
-0.101362
-0.101534
-0.101232
-0.101428
-0.101269
-0.101471
-0.101133
-0.101314
-0.101203
-0.101383
-0.101084
-0.101268
-0.101094
-0.101294
-0.101014
-0.101206
-0.101021
-0.101215
-0.100956
-0.101146
-0.100950
-0.101140
-0.100902
-0.101087
-0.100882
-0.101066
-0.100846
-0.101025
-0.100818
-0.100994
-0.100787
-0.100958
-0.100756
-0.100923
-0.100725
-0.100887
-0.100693
-0.100850
-0.100660
-0.100812
-0.100626
-0.100773
-0.100592
-0.100732
-0.100557
-0.100691
-0.100521
-0.100648
-0.100483
-0.100604
-0.100445
-0.100559
-0.100406
-0.100513
-0.100366
-0.100465
-0.100325
-0.100415
-0.100282
-0.100364
-0.100238
-0.100312
-0.100193
-0.100257
-0.100147
-0.100202
-0.100099
-0.100145
-0.100050
-0.100086
-0.100000
-0.100026
-0.099948
-0.099964
-0.099894
-0.099902
-0.099838
-0.099838
-0.099780
-0.099773
-0.099721
-0.099707
-0.099660
-0.099640
-0.099596
-0.099572
-0.099531
-0.099503
-0.099464
-0.099434
-0.099396
-0.099363
-0.099326
-0.099292
-0.099255
-0.099220
-0.099183
-0.099147
-0.099109
-0.099072
-0.099035
-0.098997
-0.098959
-0.098921
-0.098882
-0.098844
-0.098805
-0.098766
-0.098726
-0.098686
-0.098646
-0.098606
-0.098566
-0.098525
-0.098484
-0.098443
-0.098402
-0.098361
-0.098319
-0.098277
-0.098235
-0.098192
-0.098150
-0.098107
-0.098064
-0.098021
-0.097978
-0.097934
-0.097891
-0.097847
-0.097803
-0.097758
-0.097714
-0.097669
-0.097624
-0.097579
-0.097534
-0.097489
-0.097444
-0.097398
-0.097352
-0.097306
-0.097260
-0.097214
-0.097168
-0.097121
-0.097075
-0.097028
-0.096981
-0.096934
-0.096887
-0.096839
-0.096792
-0.096744
-0.096696
-0.096649
-0.096601
-0.096553
-0.096505
-0.096456
-0.096408
-0.096359
-0.096311
-0.096262
-0.096213
-0.096165
-0.096116
-0.096067
-0.096018
-0.095968
-0.095919
-0.095870
-0.095820
-0.095771
-0.095721
-0.095672
-0.095622
-0.095572
-0.095522
-0.095472
-0.095422
-0.095372
-0.095322
-0.095272
-0.095222
-0.095172
-0.095121
-0.095071
-0.095021
-0.094970
-0.094920
-0.094869
-0.094819
-0.094768
-0.094718
-0.094667
-0.094617
-0.094566
-0.094515
-0.094465
-0.094414
-0.094363
-0.094313
-0.094262
-0.094211
-0.094160
-0.094110
-0.094059
-0.094008
-0.093957
-0.093906
-0.093856
-0.093805
-0.093754
-0.093703
-0.093653
-0.093602
-0.093551
-0.093501
-0.093450
-0.093399
-0.093349
-0.093298
-0.093247
-0.093197
-0.093146
-0.093096
-0.093045
-0.092994
-0.092944
-0.092894
-0.092843
-0.092793
-0.092742
-0.092692
-0.092642
-0.092592
-0.092541
-0.092491
-0.092441
-0.092391
-0.092341
-0.092291
-0.092241
-0.092191
-0.092141
-0.092091
-0.092042
-0.091992
-0.091942
-0.091893
-0.091843
-0.091793
-0.091744
-0.091695
-0.091645
-0.091596
-0.091547
-0.091497
-0.091448
-0.091399
-0.091350
-0.091301
-0.091252
-0.091203
-0.091155
-0.091106
-0.091057
-0.091009
-0.090960
-0.090912
-0.090863
-0.090815
-0.090767
-0.090718
-0.090670
-0.090622
-0.090574
-0.090526
-0.090478
-0.090431
-0.090383
-0.090335
-0.090287
-0.090240
-0.090192
-0.090145
-0.090098
-0.090050
-0.090003
-0.089956
-0.089909
-0.089862
-0.089815
-0.089768
-0.089721
-0.089675
-0.089628
-0.089581
-0.089535
-0.089488
-0.089442
-0.089396
-0.089349
-0.089303
-0.089257
-0.089211
-0.089165
-0.089119
-0.089073
-0.089028
-0.088982
-0.088936
-0.088891
-0.088845
-0.088800
-0.088755
-0.088709
-0.088664
-0.088619
-0.088574
-0.088529
-0.088484
-0.088439
-0.088394
-0.088350
-0.088305
-0.088260
-0.088216
-0.088171
-0.088127
-0.088083
-0.088038
-0.087994
-0.087950
-0.087906
-0.087862
-0.087818
-0.087774
-0.087731
-0.087687
-0.087643
-0.087600
-0.087556
-0.087513
-0.087470
-0.087426
-0.087383
-0.087340
-0.087297
-0.087254
-0.087211
-0.087168
-0.087125
-0.087083
-0.087040
-0.086998
-0.086955
-0.086913
-0.086871
-0.086828
-0.086786
-0.086744
-0.086702
-0.086660
-0.086619
-0.086577
-0.086535
-0.086494
-0.086452
-0.086411
-0.086370
-0.086328
-0.086287
-0.086246
-0.086205
-0.086165
-0.086124
-0.086124
-0.086083
-0.086043
-0.086002
-0.085962
-0.085922
-0.085881
-0.085841
-0.085801
-0.085761
-0.085722
-0.085682
-0.085642
-0.085603
-0.085563
-0.085524
-0.085485
-0.085446
-0.085407
-0.085368
-0.085329
-0.085290
-0.085252
-0.085213
-0.085175
-0.085136
-0.085098
-0.085060
-0.085021
-0.084983
-0.084945
-0.084907
-0.084869
-0.084832
-0.084794
-0.084756
-0.084718
-0.084681
-0.084643
-0.084605
-0.084568
-0.084530
-0.084493
-0.084455
-0.084418
-0.084380
-0.084343
-0.084305
-0.084267
-0.084230
-0.084192
-0.084155
-0.084117
-0.084079
-0.084041
-0.084003
-0.083966
-0.083928
-0.083890
-0.083852
-0.083813
-0.083775
-0.083737
-0.083698
-0.083660
-0.083621
-0.083583
-0.083544
-0.083505
-0.083466
-0.083427
-0.083388
-0.083349
-0.083309
-0.083270
-0.083230
-0.083191
-0.083151
-0.083111
-0.083071
-0.083031
-0.082991
-0.082950
-0.082910
-0.082870
-0.082829
-0.082788
-0.082748
-0.082707
-0.082666
-0.082625
-0.082584
-0.082543
-0.082502
-0.082460
-0.082419
-0.082377
-0.082336
-0.082294
-0.082253
-0.082211
-0.082169
-0.082127
-0.082085
-0.082044
-0.082002
-0.081960
-0.081917
-0.081875
-0.081833
-0.081791
-0.081749
-0.081706
-0.081664
-0.081622
-0.081579
-0.081537
-0.081495
-0.081452
-0.081410
-0.081367
-0.081325
-0.081282
-0.081240
-0.081197
-0.081155
-0.081112
-0.081070
-0.081027
-0.080985
-0.080942
-0.080900
-0.080857
-0.080815
-0.080772
-0.080730
-0.080687
-0.080645
-0.080602
-0.080560
-0.080518
-0.080475
-0.080433
-0.080391
-0.080348
-0.080306
-0.080264
-0.080221
-0.080179
-0.080137
-0.080095
-0.080053
-0.080011
-0.079969
-0.079927
-0.079885
-0.079843
-0.079801
-0.079759
-0.079718
-0.079676
-0.079634
-0.079593
-0.079551
-0.079510
-0.079468
-0.079427
-0.079385
-0.079344
-0.079303
-0.079262
-0.079220
-0.079179
-0.079138
-0.079097
-0.079056
-0.079016
-0.078975
-0.078934
-0.078893
-0.078853
-0.078812
-0.078772
-0.078731
-0.078691
-0.078651
-0.078610
-0.078570
-0.078530
-0.078490
-0.078450
-0.078410
-0.078371
-0.078331
-0.078291
-0.078251
-0.078212
-0.078172
-0.078133
-0.078094
-0.078054
-0.078015
-0.077976
-0.077937
-0.077898
-0.077859
-0.077820
-0.077781
-0.077743
-0.077704
-0.077666
-0.077627
-0.077589
-0.077550
-0.077512
-0.077474
-0.077436
-0.077398
-0.077360
-0.077322
-0.077284
-0.077246
-0.077208
-0.077171
-0.077133
-0.077096
-0.077058
-0.077021
-0.076984
-0.076946
-0.076909
-0.076872
-0.076835
-0.076798
-0.076761
-0.076724
-0.076688
-0.076651
-0.076614
-0.076578
-0.076541
-0.076505
-0.076469
-0.076432
-0.076396
-0.076360
-0.076324
-0.076288
-0.076252
-0.076216
-0.076181
-0.076145
-0.076109
-0.076074
-0.076038
-0.076003
-0.075967
-0.075932
-0.075896
-0.075861
-0.075826
-0.075791
-0.075756
-0.075721
-0.075686
-0.075651
-0.075616
-0.075582
-0.075547
-0.075512
-0.075478
-0.075443
-0.075409
-0.075374
-0.075340
-0.075306
-0.075271
-0.075237
-0.075203
-0.075169
-0.075135
-0.075101
-0.075067
-0.075033
-0.075000
-0.074966
-0.074932
-0.074898
-0.074865
-0.074831
-0.074798
-0.074764
-0.074731
-0.074698
-0.074664
-0.074631
-0.074598
-0.074565
-0.074532
-0.074498
-0.074465
-0.074432
-0.074400
-0.074367
-0.074334
-0.074301
-0.074268
-0.074236
-0.074203
-0.074170
-0.074138
-0.074105
-0.074073
-0.074040
-0.074008
-0.073975
-0.073943
-0.073911
-0.073878
-0.073846
-0.073814
-0.073782
-0.073750
-0.073718
-0.073686
-0.073654
-0.073622
-0.073590
-0.073558
-0.073526
-0.073494
-0.073462
-0.073431
-0.073399
-0.073367
-0.073335
-0.073304
-0.073272
-0.073241
-0.073209
-0.073178
-0.073146
-0.073115
-0.073083
-0.073052
-0.073020
-0.072989
-0.072958
-0.072927
-0.072895
-0.072864
-0.072833
-0.072802
-0.072771
-0.072739
-0.072708
-0.072677
-0.072646
-0.072615
-0.072584
-0.072553
-0.072522
-0.072491
-0.072461
-0.072430
-0.072399
-0.072368
-0.072337
-0.072306
-0.072276
-0.072245
-0.072214
-0.072184
-0.072153
-0.072122
-0.072092
-0.072061
-0.072030
-0.072000
-0.071969
-0.071939
-0.071908
-0.071878
-0.071847
-0.071817
-0.071786
-0.071756
-0.071726
-0.071695
-0.071665
-0.071635
-0.071604
-0.071574
-0.071544
-0.071513
-0.071483
-0.071453
-0.071422
-0.071392
-0.071362
-0.071332
-0.071302
-0.071272
-0.071241
-0.071211
-0.071181
-0.071151
-0.071121
-0.071091
-0.071061
-0.071031
-0.071001
-0.070971
-0.070941
-0.070911
-0.070881
-0.070851
-0.070821
-0.070791
-0.070761
-0.070731
-0.070701
-0.070671
-0.070641
-0.070611
-0.070581
-0.070551
-0.070522
-0.070492
-0.070462
-0.070432
-0.070402
-0.070372
-0.070343
-0.070313
-0.070283
-0.070253
-0.070223
-0.070194
-0.070164
-0.070134
-0.070104
-0.070075
-0.070045
-0.070015
-0.069986
-0.069956
-0.069926
-0.069896
-0.069867
-0.069837
-0.069807
-0.069778
-0.069748
-0.069719
-0.069689
-0.069659
-0.069630
-0.069600
-0.069570
-0.069541
-0.069511
-0.069482
-0.069452
-0.069423
-0.069393
-0.069363
-0.069334
-0.069304
-0.069275
-0.069245
-0.069216
-0.069186
-0.069157
-0.069127
-0.069098
-0.069068
-0.069039
-0.069009
-0.068980
-0.068950
-0.068921
-0.068891
-0.068862
-0.068832
-0.068803
-0.068773
-0.068744
-0.068715
-0.068685
-0.068656
-0.068626
-0.068597
-0.068567
-0.068538
-0.068509
-0.068479
-0.068450
-0.068420
-0.068391
-0.068391
-0.068362
-0.068332
-0.068303
-0.068274
-0.068244
-0.068215
-0.068185
-0.068156
-0.068127
-0.068097
-0.068068
-0.068039
-0.068009
-0.067980
-0.067951
-0.067921
-0.067892
-0.067863
-0.067833
-0.067804
-0.067775
-0.067746
-0.067716
-0.067687
-0.067658
-0.067628
-0.067599
-0.067570
-0.067540
-0.067511
-0.067482
-0.067453
-0.067423
-0.067394
-0.067365
-0.067336
-0.067306
-0.067277
-0.067248
-0.067219
-0.067189
-0.067160
-0.067131
-0.067102
-0.067073
-0.067043
-0.067014
-0.066985
-0.066956
-0.066927
-0.066897
-0.066868
-0.066839
-0.066810
-0.066781
-0.066751
-0.066722
-0.066693
-0.066664
-0.066635
-0.066606
-0.066576
-0.066547
-0.066518
-0.066489
-0.066460
-0.066431
-0.066402
-0.066372
-0.066343
-0.066314
-0.066285
-0.066256
-0.066227
-0.066198
-0.066169
-0.066139
-0.066110
-0.066081
-0.066052
-0.066023
-0.065994
-0.065965
-0.065936
-0.065907
-0.065878
-0.065849
-0.065820
-0.065791
-0.065762
-0.065732
-0.065703
-0.065674
-0.065645
-0.065616
-0.065587
-0.065558
-0.065529
-0.065500
-0.065471
-0.065442
-0.065413
-0.065384
-0.065355
-0.065326
-0.065297
-0.065268
-0.065239
-0.065210
-0.065181
-0.065152
-0.065123
-0.065094
-0.065065
-0.065037
-0.065008
-0.064979
-0.064950
-0.064921
-0.064892
-0.064863
-0.064834
-0.064805
-0.064776
-0.064747
-0.064718
-0.064689
-0.064661
-0.064632
-0.064603
-0.064574
-0.064545
-0.064516
-0.064487
-0.064458
-0.064430
-0.064401
-0.064372
-0.064343
-0.064314
-0.064285
-0.064257
-0.064228
-0.064199
-0.064170
-0.064141
-0.064113
-0.064084
-0.064055
-0.064026
-0.063997
-0.063969
-0.063940
-0.063911
-0.063882
-0.063854
-0.063825
-0.063796
-0.063767
-0.063739
-0.063710
-0.063681
-0.063652
-0.063624
-0.063595
-0.063566
-0.063537
-0.063509
-0.063480
-0.063451
-0.063423
-0.063394
-0.063365
-0.063337
-0.063308
-0.063279
-0.063251
-0.063222
-0.063193
-0.063165
-0.063136
-0.063108
-0.063079
-0.063050
-0.063022
-0.062993
-0.062964
-0.062936
-0.062907
-0.062879
-0.062850
-0.062822
-0.062793
-0.062764
-0.062736
-0.062707
-0.062679
-0.062650
-0.062622
-0.062593
-0.062565
-0.062536
-0.062508
-0.062479
-0.062450
-0.062422
-0.062393
-0.062365
-0.062337
-0.062308
-0.062280
-0.062251
-0.062223
-0.062194
-0.062166
-0.062137
-0.062109
-0.062080
-0.062052
-0.062024
-0.061995
-0.061967
-0.061938
-0.061910
-0.061881
-0.061853
-0.061825
-0.061796
-0.061768
-0.061740
-0.061711
-0.061683
-0.061654
-0.061626
-0.061598
-0.061569
-0.061541
-0.061513
-0.061484
-0.061456
-0.061428
-0.061399
-0.061371
-0.061343
-0.061315
-0.061286
-0.061258
-0.061230
-0.061201
-0.061173
-0.061145
-0.061117
-0.061088
-0.061060
-0.061032
-0.061004
-0.060975
-0.060947
-0.060919
-0.060891
-0.060863
-0.060834
-0.060806
-0.060778
-0.060750
-0.060722
-0.060693
-0.060665
-0.060637
-0.060609
-0.060581
-0.060553
-0.060525
-0.060496
-0.060468
-0.060440
-0.060412
-0.060384
-0.060356
-0.060328
-0.060300
-0.060271
-0.060243
-0.060215
-0.060187
-0.060159
-0.060131
-0.060103
-0.060075
-0.060047
-0.060019
-0.059991
-0.059963
-0.059935
-0.059907
-0.059879
-0.059851
-0.059823
-0.059795
-0.059767
-0.059739
-0.059711
-0.059683
-0.059655
-0.059627
-0.059599
-0.059571
-0.059543
-0.059515
-0.059487
-0.059459
-0.059431
-0.059403
-0.059375
-0.059347
-0.059319
-0.059291
-0.059263
-0.059235
-0.059208
-0.059180
-0.059152
-0.059124
-0.059096
-0.059068
-0.059040
-0.059012
-0.058984
-0.058957
-0.058929
-0.058901
-0.058873
-0.058845
-0.058817
-0.058789
-0.058762
-0.058734
-0.058706
-0.058678
-0.058650
-0.058622
-0.058595
-0.058567
-0.058539
-0.058511
-0.058483
-0.058456
-0.058428
-0.058400
-0.058372
-0.058345
-0.058317
-0.058289
-0.058261
-0.058234
-0.058206
-0.058178
-0.058150
-0.058123
-0.058095
-0.058067
-0.058039
-0.058012
-0.057984
-0.057956
-0.057929
-0.057901
-0.057873
-0.057846
-0.057818
-0.057790
-0.057762
-0.057735
-0.057707
-0.057679
-0.057652
-0.057624
-0.057596
-0.057569
-0.057541
-0.057514
-0.057486
-0.057458
-0.057431
-0.057403
-0.057375
-0.057348
-0.057320
-0.057292
-0.057265
-0.057237
-0.057210
-0.057182
-0.057154
-0.057127
-0.057099
-0.057072
-0.057044
-0.057017
-0.056989
-0.056961
-0.056934
-0.056906
-0.056879
-0.056851
-0.056824
-0.056796
-0.056769
-0.056741
-0.056713
-0.056686
-0.056658
-0.056631
-0.056603
-0.056576
-0.056548
-0.056521
-0.056493
-0.056466
-0.056438
-0.056411
-0.056383
-0.056356
-0.056328
-0.056301
-0.056273
-0.056246
-0.056218
-0.056191
-0.056163
-0.056136
-0.056108
-0.056081
-0.056054
-0.056026
-0.055999
-0.055971
-0.055944
-0.055916
-0.055889
-0.055861
-0.055834
-0.055807
-0.055779
-0.055752
-0.055724
-0.055697
-0.055669
-0.055642
-0.055615
-0.055587
-0.055560
-0.055532
-0.055505
-0.055478
-0.055450
-0.055423
-0.055395
-0.055368
-0.055341
-0.055313
-0.055286
-0.055259
-0.055231
-0.055204
-0.055176
-0.055149
-0.055122
-0.055094
-0.055067
-0.055040
-0.055012
-0.054985
-0.054958
-0.054930
-0.054903
-0.054876
-0.054848
-0.054821
-0.054794
-0.054766
-0.054739
-0.054712
-0.054684
-0.054657
-0.054630
-0.054603
-0.054575
-0.054548
-0.054521
-0.054493
-0.054466
-0.054439
-0.054411
-0.054384
-0.054357
-0.054330
-0.054302
-0.054275
-0.054275
-0.054248
-0.054221
-0.054193
-0.054166
-0.054139
-0.054112
-0.054084
-0.054057
-0.054030
-0.054003
-0.053975
-0.053948
-0.053921
-0.053894
-0.053866
-0.053839
-0.053812
-0.053785
-0.053757
-0.053730
-0.053703
-0.053676
-0.053649
-0.053621
-0.053594
-0.053567
-0.053540
-0.053513
-0.053485
-0.053458
-0.053431
-0.053404
-0.053377
-0.053350
-0.053322
-0.053295
-0.053268
-0.053241
-0.053214
-0.053187
-0.053159
-0.053132
-0.053105
-0.053078
-0.053051
-0.053024
-0.052996
-0.052969
-0.052942
-0.052915
-0.052888
-0.052861
-0.052834
-0.052807
-0.052779
-0.052752
-0.052725
-0.052698
-0.052671
-0.052644
-0.052617
-0.052590
-0.052563
-0.052536
-0.052508
-0.052481
-0.052454
-0.052427
-0.052400
-0.052373
-0.052346
-0.052319
-0.052292
-0.052265
-0.052238
-0.052211
-0.052184
-0.052157
-0.052130
-0.052103
-0.052076
-0.052048
-0.052021
-0.051994
-0.051967
-0.051940
-0.051913
-0.051886
-0.051859
-0.051832
-0.051805
-0.051778
-0.051751
-0.051724
-0.051697
-0.051670
-0.051643
-0.051616
-0.051589
-0.051562
-0.051535
-0.051509
-0.051482
-0.051455
-0.051428
-0.051401
-0.051374
-0.051347
-0.051320
-0.051293
-0.051266
-0.051239
-0.051212
-0.051185
-0.051158
-0.051131
-0.051105
-0.051078
-0.051051
-0.051024
-0.050997
-0.050970
-0.050943
-0.050916
-0.050889
-0.050863
-0.050836
-0.050809
-0.050782
-0.050755
-0.050728
-0.050701
-0.050675
-0.050648
-0.050621
-0.050594
-0.050567
-0.050540
-0.050514
-0.050487
-0.050460
-0.050433
-0.050406
-0.050380
-0.050353
-0.050326
-0.050299
-0.050273
-0.050246
-0.050219
-0.050192
-0.050165
-0.050139
-0.050112
-0.050085
-0.050059
-0.050032
-0.050005
-0.049978
-0.049952
-0.049925
-0.049898
-0.049872
-0.049845
-0.049818
-0.049791
-0.049765
-0.049738
-0.049711
-0.049685
-0.049658
-0.049632
-0.049605
-0.049578
-0.049552
-0.049525
-0.049498
-0.049472
-0.049445
-0.049418
-0.049392
-0.049365
-0.049339
-0.049312
-0.049286
-0.049259
-0.049232
-0.049206
-0.049179
-0.049153
-0.049126
-0.049100
-0.049073
-0.049047
-0.049020
-0.048994
-0.048967
-0.048940
-0.048914
-0.048887
-0.048861
-0.048835
-0.048808
-0.048782
-0.048755
-0.048729
-0.048702
-0.048676
-0.048649
-0.048623
-0.048596
-0.048570
-0.048544
-0.048517
-0.048491
-0.048464
-0.048438
-0.048411
-0.048385
-0.048359
-0.048332
-0.048306
-0.048280
-0.048253
-0.048227
-0.048200
-0.048174
-0.048148
-0.048121
-0.048095
-0.048069
-0.048042
-0.048016
-0.047990
-0.047963
-0.047937
-0.047911
-0.047884
-0.047858
-0.047832
-0.047806
-0.047779
-0.047753
-0.047727
-0.047700
-0.047674
-0.047648
-0.047622
-0.047595
-0.047569
-0.047543
-0.047517
-0.047490
-0.047464
-0.047438
-0.047412
-0.047385
-0.047359
-0.047333
-0.047307
-0.047280
-0.047254
-0.047228
-0.047202
-0.047175
-0.047149
-0.047123
-0.047097
-0.047070
-0.047044
-0.047018
-0.046992
-0.046965
-0.046939
-0.046913
-0.046887
-0.046860
-0.046834
-0.046808
-0.046782
-0.046755
-0.046729
-0.046703
-0.046677
-0.046650
-0.046624
-0.046598
-0.046571
-0.046545
-0.046519
-0.046493
-0.046466
-0.046440
-0.046414
-0.046387
-0.046361
-0.046335
-0.046308
-0.046282
-0.046255
-0.046229
-0.046203
-0.046176
-0.046150
-0.046123
-0.046097
-0.046071
-0.046044
-0.046018
-0.045991
-0.045965
-0.045938
-0.045912
-0.045885
-0.045859
-0.045832
-0.045806
-0.045779
-0.045752
-0.045726
-0.045699
-0.045673
-0.045646
-0.045619
-0.045593
-0.045566
-0.045539
-0.045512
-0.045486
-0.045459
-0.045432
-0.045405
-0.045379
-0.045352
-0.045325
-0.045298
-0.045271
-0.045244
-0.045217
-0.045190
-0.045163
-0.045137
-0.045110
-0.045083
-0.045055
-0.045028
-0.045001
-0.044974
-0.044947
-0.044920
-0.044893
-0.044866
-0.044839
-0.044811
-0.044784
-0.044757
-0.044730
-0.044702
-0.044675
-0.044648
-0.044620
-0.044593
-0.044566
-0.044538
-0.044511
-0.044483
-0.044456
-0.044428
-0.044401
-0.044373
-0.044346
-0.044318
-0.044291
-0.044263
-0.044236
-0.044208
-0.044180
-0.044153
-0.044125
-0.044097
-0.044070
-0.044042
-0.044014
-0.043986
-0.043959
-0.043931
-0.043903
-0.043875
-0.043848
-0.043820
-0.043792
-0.043764
-0.043736
-0.043708
-0.043680
-0.043653
-0.043625
-0.043597
-0.043569
-0.043541
-0.043513
-0.043485
-0.043457
-0.043429
-0.043401
-0.043373
-0.043345
-0.043317
-0.043289
-0.043261
-0.043233
-0.043206
-0.043178
-0.043150
-0.043122
-0.043094
-0.043066
-0.043038
-0.043010
-0.042982
-0.042954
-0.042926
-0.042898
-0.042870
-0.042842
-0.042814
-0.042786
-0.042758
-0.042730
-0.042702
-0.042674
-0.042646
-0.042618
-0.042590
-0.042562
-0.042534
-0.042506
-0.042478
-0.042450
-0.042422
-0.042395
-0.042367
-0.042339
-0.042311
-0.042283
-0.042255
-0.042227
-0.042200
-0.042172
-0.042144
-0.042116
-0.042089
-0.042061
-0.042033
-0.042005
-0.041978
-0.041950
-0.041922
-0.041895
-0.041867
-0.041839
-0.041812
-0.041784
-0.041757
-0.041729
-0.041702
-0.041674
-0.041647
-0.041619
-0.041592
-0.041564
-0.041537
-0.041510
-0.041482
-0.041455
-0.041428
-0.041400
-0.041373
-0.041346
-0.041319
-0.041292
-0.041264
-0.041237
-0.041210
-0.041183
-0.041156
-0.041129
-0.041102
-0.041075
-0.041048
-0.041021
-0.040995
-0.040968
-0.040941
-0.040914
-0.040888
-0.040861
-0.040834
-0.040808
-0.040808
-0.040781
-0.040755
-0.040728
-0.040702
-0.040676
-0.040649
-0.040623
-0.040597
-0.040570
-0.040544
-0.040518
-0.040492
-0.040466
-0.040440
-0.040414
-0.040388
-0.040362
-0.040337
-0.040311
-0.040285
-0.040259
-0.040234
-0.040208
-0.040183
-0.040157
-0.040132
-0.040107
-0.040081
-0.040056
-0.040031
-0.040006
-0.039981
-0.039956
-0.039931
-0.039906
-0.039882
-0.039857
-0.039832
-0.039808
-0.039783
-0.039759
-0.039735
-0.039711
-0.039686
-0.039662
-0.039638
-0.039615
-0.039591
-0.039567
-0.039544
-0.039520
-0.039497
-0.039474
-0.039451
-0.039428
-0.039405
-0.039383
-0.039360
-0.039338
-0.039316
-0.039294
-0.039272
-0.039251
-0.039230
-0.039209
-0.039188
-0.039168
-0.039148
-0.039129
-0.039110
-0.039091
-0.039073
-0.039055
-0.039038
-0.039022
-0.039007
-0.038992
-0.038978
-0.038966
-0.038955
-0.038945
-0.038936
-0.038930
-0.038925
-0.038922
-0.038921
-0.038923
-0.038927
-0.038933
-0.038941
-0.038950
-0.038962
-0.038974
-0.038988
-0.039002
-0.039017
-0.039033
-0.039048
-0.039064
-0.039078
-0.039092
-0.039105
-0.039116
-0.039126
-0.039134
-0.039140
-0.039144
-0.039145
-0.039145
-0.039141
-0.039135
-0.039125
-0.039113
-0.039098
-0.039079
-0.039058
-0.039033
-0.039004
-0.038972
-0.038937
-0.038899
-0.038858
-0.038813
-0.038765
-0.038715
-0.038662
-0.038607
-0.038549
-0.038490
-0.038430
-0.038368
-0.038305
-0.038242
-0.038178
-0.038113
-0.038049
-0.037985
-0.037921
-0.037858
-0.037795
-0.037732
-0.037671
-0.037610
-0.037549
-0.037490
-0.037431
-0.037374
-0.037317
-0.037261
-0.037205
-0.037151
-0.037098
-0.037045
-0.036993
-0.036942
-0.036891
-0.036841
-0.036792
-0.036743
-0.036695
-0.036648
-0.036601
-0.036555
-0.036508
-0.036463
-0.036418
-0.036373
-0.036328
-0.036284
-0.036240
-0.036196
-0.036152
-0.036108
-0.036065
-0.036022
-0.035978
-0.035935
-0.035892
-0.035849
-0.035806
-0.035763
-0.035720
-0.035677
-0.035633
-0.035590
-0.035547
-0.035503
-0.035460
-0.035416
-0.035372
-0.035328
-0.035284
-0.035240
-0.035195
-0.035151
-0.035106
-0.035061
-0.035016
-0.034970
-0.034925
-0.034879
-0.034833
-0.034787
-0.034741
-0.034694
-0.034647
-0.034600
-0.034553
-0.034505
-0.034458
-0.034410
-0.034362
-0.034313
-0.034265
-0.034216
-0.034167
-0.034118
-0.034068
-0.034019
-0.033969
-0.033919
-0.033868
-0.033818
-0.033767
-0.033716
-0.033665
-0.033614
-0.033562
-0.033511
-0.033459
-0.033406
-0.033354
-0.033302
-0.033249
-0.033196
-0.033143
-0.033090
-0.033036
-0.032983
-0.032929
-0.032875
-0.032821
-0.032767
-0.032712
-0.032658
-0.032603
-0.032548
-0.032493
-0.032438
-0.032382
-0.032327
-0.032271
-0.032215
-0.032159
-0.032103
-0.032047
-0.031990
-0.031934
-0.031877
-0.031820
-0.031763
-0.031706
-0.031649
-0.031591
-0.031534
-0.031476
-0.031419
-0.031361
-0.031303
-0.031244
-0.031186
-0.031128
-0.031069
-0.031011
-0.030952
-0.030893
-0.030834
-0.030775
-0.030716
-0.030657
-0.030597
-0.030538
-0.030478
-0.030418
-0.030359
-0.030299
-0.030239
-0.030178
-0.030118
-0.030058
-0.029997
-0.029937
-0.029876
-0.029815
-0.029755
-0.029694
-0.029633
-0.029571
-0.029510
-0.029449
-0.029387
-0.029326
-0.029264
-0.029203
-0.029141
-0.029079
-0.029017
-0.028955
-0.028893
-0.028830
-0.028768
-0.028706
-0.028643
-0.028581
-0.028518
-0.028455
-0.028392
-0.028330
-0.028267
-0.028203
-0.028140
-0.028077
-0.028014
-0.027950
-0.027887
-0.027823
-0.027760
-0.027696
-0.027632
-0.027569
-0.027505
-0.027441
-0.027377
-0.027312
-0.027248
-0.027184
-0.027120
-0.027055
-0.026991
-0.026926
-0.026862
-0.026797
-0.026732
-0.026667
-0.026603
-0.026538
-0.026473
-0.026408
-0.026343
-0.026277
-0.026212
-0.026147
-0.026082
-0.026016
-0.025951
-0.025885
-0.025820
-0.025754
-0.025688
-0.025622
-0.025557
-0.025491
-0.025425
-0.025359
-0.025293
-0.025227
-0.025161
-0.025095
-0.025028
-0.024962
-0.024896
-0.024830
-0.024763
-0.024697
-0.024630
-0.024564
-0.024497
-0.024431
-0.024364
-0.024297
-0.024230
-0.024164
-0.024097
-0.024030
-0.023963
-0.023896
-0.023829
-0.023762
-0.023695
-0.023628
-0.023561
-0.023494
-0.023426
-0.023359
-0.023292
-0.023225
-0.023157
-0.023090
-0.023023
-0.022955
-0.022888
-0.022820
-0.022753
-0.022685
-0.022618
-0.022550
-0.022482
-0.022415
-0.022347
-0.022279
-0.022212
-0.022144
-0.022076
-0.022008
-0.021940
-0.021873
-0.021805
-0.021737
-0.021669
-0.021601
-0.021533
-0.021465
-0.021397
-0.021329
-0.021261
-0.021193
-0.021125
-0.021057
-0.020989
-0.020921
-0.020853
-0.020784
-0.020716
-0.020648
-0.020580
-0.020512
-0.020444
-0.020375
-0.020307
-0.020239
-0.020171
-0.020102
-0.020034
-0.019966
-0.019898
-0.019829
-0.019761
-0.019693
-0.019625
-0.019556
-0.019488
-0.019420
-0.019351
-0.019283
-0.019215
-0.019147
-0.019078
-0.019010
-0.018942
-0.018873
-0.018805
-0.018737
-0.018669
-0.018600
-0.018532
-0.018464
-0.018396
-0.018327
-0.018259
-0.018191
-0.018123
-0.018054
-0.017986
-0.017918
-0.017850
-0.017782
-0.017714
-0.017646
-0.017577
-0.017509
-0.017441
-0.017373
-0.017305
-0.017237
-0.017169
-0.017101
-0.017033
-0.016965
-0.016897
-0.016829
-0.016761
-0.016694
-0.016626
-0.016558
-0.016490
-0.016422
-0.016355
-0.016287
-0.016219
-0.016219
-0.016151
-0.016084
-0.016016
-0.015949
-0.015881
-0.015814
-0.015746
-0.015679
-0.015611
-0.015544
-0.015477
-0.015409
-0.015342
-0.015275
-0.015208
-0.015141
-0.015073
-0.015006
-0.014939
-0.014872
-0.014805
-0.014738
-0.014672
-0.014605
-0.014538
-0.014471
-0.014405
-0.014338
-0.014271
-0.014205
-0.014138
-0.014072
-0.014006
-0.013939
-0.013873
-0.013807
-0.013741
-0.013675
-0.013608
-0.013542
-0.013477
-0.013411
-0.013345
-0.013279
-0.013213
-0.013148
-0.013082
-0.013017
-0.012951
-0.012886
-0.012820
-0.012755
-0.012690
-0.012625
-0.012560
-0.012495
-0.012430
-0.012365
-0.012300
-0.012235
-0.012171
-0.012106
-0.012042
-0.011977
-0.011913
-0.011849
-0.011784
-0.011720
-0.011656
-0.011592
-0.011528
-0.011465
-0.011401
-0.011337
-0.011274
-0.011210
-0.011147
-0.011083
-0.011020
-0.010957
-0.010894
-0.010831
-0.010768
-0.010705
-0.010642
-0.010580
-0.010517
-0.010455
-0.010392
-0.010330
-0.010268
-0.010206
-0.010144
-0.010082
-0.010020
-0.009958
-0.009897
-0.009835
-0.009774
-0.009713
-0.009651
-0.009590
-0.009529
-0.009468
-0.009408
-0.009347
-0.009286
-0.009226
-0.009165
-0.009105
-0.009045
-0.008985
-0.008925
-0.008865
-0.008805
-0.008746
-0.008686
-0.008627
-0.008567
-0.008508
-0.008449
-0.008390
-0.008331
-0.008272
-0.008214
-0.008155
-0.008097
-0.008039
-0.007980
-0.007922
-0.007864
-0.007807
-0.007749
-0.007691
-0.007634
-0.007577
-0.007519
-0.007462
-0.007405
-0.007348
-0.007292
-0.007235
-0.007179
-0.007122
-0.007066
-0.007010
-0.006954
-0.006898
-0.006843
-0.006787
-0.006732
-0.006676
-0.006621
-0.006566
-0.006511
-0.006457
-0.006402
-0.006347
-0.006293
-0.006239
-0.006185
-0.006131
-0.006077
-0.006023
-0.005970
-0.005916
-0.005863
-0.005810
-0.005757
-0.005704
-0.005651
-0.005599
-0.005546
-0.005494
-0.005442
-0.005390
-0.005338
-0.005287
-0.005235
-0.005184
-0.005132
-0.005081
-0.005030
-0.004979
-0.004929
-0.004878
-0.004828
-0.004778
-0.004728
-0.004678
-0.004628
-0.004578
-0.004529
-0.004480
-0.004430
-0.004381
-0.004333
-0.004284
-0.004235
-0.004187
-0.004139
-0.004091
-0.004043
-0.003995
-0.003947
-0.003900
-0.003853
-0.003805
-0.003758
-0.003712
-0.003665
-0.003619
-0.003572
-0.003526
-0.003480
-0.003434
-0.003388
-0.003343
-0.003298
-0.003252
-0.003207
-0.003163
-0.003118
-0.003073
-0.003029
-0.002985
-0.002941
-0.002897
-0.002853
-0.002810
-0.002766
-0.002723
-0.002680
-0.002637
-0.002594
-0.002552
-0.002509
-0.002467
-0.002425
-0.002383
-0.002342
-0.002300
-0.002259
-0.002218
-0.002177
-0.002136
-0.002095
-0.002055
-0.002014
-0.001974
-0.001934
-0.001895
-0.001855
-0.001816
-0.001776
-0.001737
-0.001698
-0.001660
-0.001621
-0.001583
-0.001544
-0.001506
-0.001469
-0.001431
-0.001393
-0.001356
-0.001319
-0.001282
-0.001245
-0.001209
-0.001172
-0.001136
-0.001100
-0.001064
-0.001028
-0.000993
-0.000958
-0.000922
-0.000887
-0.000853
-0.000818
-0.000784
-0.000749
-0.000715
-0.000682
-0.000648
-0.000614
-0.000581
-0.000548
-0.000515
-0.000482
-0.000450
-0.000417
-0.000385
-0.000353
-0.000321
-0.000290
-0.000258
-0.000227
-0.000196
-0.000165
-0.000134
-0.000104
-0.000073
-0.000043
-0.000013
0.000017
0.000046
0.000076
0.000105
0.000134
0.000163
0.000191
0.000220
0.000248
0.000276
0.000304
0.000331
0.000359
0.000386
0.000413
0.000440
0.000467
0.000493
0.000520
0.000546
0.000572
0.000598
0.000623
0.000649
0.000674
0.000699
0.000723
0.000748
0.000772
0.000797
0.000821
0.000844
0.000868
0.000891
0.000915
0.000938
0.000960
0.000983
0.001006
0.001028
0.001050
0.001072
0.001093
0.001115
0.001136
0.001157
0.001178
0.001198
0.001219
0.001239
0.001259
0.001279
0.001299
0.001318
0.001337
0.001356
0.001375
0.001394
0.001412
0.001430
0.001449
0.001466
0.001484
0.001501
0.001519
0.001536
0.001552
0.001569
0.001585
0.001602
0.001618
0.001633
0.001649
0.001664
0.001680
0.001695
0.001709
0.001724
0.001738
0.001752
0.001766
0.001780
0.001793
0.001807
0.001820
0.001833
0.001845
0.001858
0.001870
0.001882
0.001894
0.001906
0.001917
0.001928
0.001939
0.001950
0.001961
0.001971
0.001981
0.001991
0.002001
0.002010
0.002020
0.002029
0.002038
0.002046
0.002055
0.002063
0.002071
0.002079
0.002087
0.002094
0.002101
0.002108
0.002115
0.002121
0.002127
0.002134
0.002139
0.002145
0.002150
0.002156
0.002161
0.002165
0.002170
0.002174
0.002178
0.002182
0.002186
0.002189
0.002192
0.002195
0.002198
0.002201
0.002203
0.002205
0.002207
0.002208
0.002210
0.002211
0.002212
0.002213
0.002213
0.002213
0.002213
0.002213
0.002213
0.002212
0.002211
0.002210
0.002209
0.002207
0.002205
0.002203
0.002201
0.002199
0.002196
0.002193
0.002190
0.002186
0.002183
0.002179
0.002175
0.002170
0.002165
0.002161
0.002156
0.002150
0.002145
0.002139
0.002133
0.002126
0.002120
0.002113
0.002106
0.002099
0.002091
0.002083
0.002075
0.002067
0.002059
0.002050
0.002041
0.002032
0.002022
0.002013
0.002003
0.001992
0.001982
0.001971
0.001960
0.001949
0.001937
0.001937
0.001926
0.001914
0.001901
0.001889
0.001876
0.001863
0.001850
0.001836
0.001823
0.001808
0.001794
0.001780
0.001765
0.001750
0.001734
0.001719
0.001703
0.001687
0.001670
0.001654
0.001637
0.001620
0.001602
0.001584
0.001566
0.001548
0.001530
0.001511
0.001492
0.001473
0.001453
0.001433
0.001413
0.001393
0.001372
0.001351
0.001330
0.001308
0.001286
0.001264
0.001242
0.001219
0.001196
0.001173
0.001150
0.001126
0.001102
0.001078
0.001053
0.001028
0.001003
0.000978
0.000952
0.000926
0.000900
0.000873
0.000847
0.000819
0.000792
0.000764
0.000736
0.000708
0.000680
0.000651
0.000622
0.000592
0.000562
0.000532
0.000502
0.000472
0.000441
0.000410
0.000378
0.000346
0.000314
0.000282
0.000249
0.000216
0.000183
0.000150
0.000116
0.000082
0.000048
0.000013
-0.000022
-0.000057
-0.000093
-0.000129
-0.000165
-0.000201
-0.000238
-0.000275
-0.000313
-0.000350
-0.000388
-0.000426
-0.000465
-0.000504
-0.000543
-0.000582
-0.000622
-0.000662
-0.000702
-0.000743
-0.000784
-0.000825
-0.000866
-0.000908
-0.000950
-0.000992
-0.001035
-0.001078
-0.001121
-0.001164
-0.001208
-0.001252
-0.001296
-0.001341
-0.001386
-0.001431
-0.001477
-0.001522
-0.001568
-0.001615
-0.001661
-0.001708
-0.001755
-0.001802
-0.001850
-0.001898
-0.001946
-0.001995
-0.002043
-0.002092
-0.002141
-0.002191
-0.002241
-0.002291
-0.002341
-0.002391
-0.002442
-0.002493
-0.002544
-0.002595
-0.002647
-0.002699
-0.002751
-0.002803
-0.002856
-0.002909
-0.002962
-0.003015
-0.003068
-0.003122
-0.003176
-0.003230
-0.003284
-0.003338
-0.003393
-0.003448
-0.003502
-0.003558
-0.003613
-0.003668
-0.003724
-0.003779
-0.003835
-0.003891
-0.003947
-0.004004
-0.004060
-0.004117
-0.004173
-0.004230
-0.004287
-0.004344
-0.004401
-0.004458
-0.004515
-0.004572
-0.004630
-0.004687
-0.004744
-0.004802
-0.004859
-0.004917
-0.004974
-0.005032
-0.005089
-0.005147
-0.005205
-0.005262
-0.005320
-0.005377
-0.005435
-0.005492
-0.005549
-0.005607
-0.005664
-0.005721
-0.005778
-0.005835
-0.005892
-0.005948
-0.006005
-0.006061
-0.006118
-0.006174
-0.006230
-0.006285
-0.006341
-0.006396
-0.006452
-0.006507
-0.006561
-0.006616
-0.006670
-0.006724
-0.006778
-0.006832
-0.006885
-0.006938
-0.006991
-0.007043
-0.007095
-0.007147
-0.007198
-0.007249
-0.007300
-0.007350
-0.007400
-0.007450
-0.007499
-0.007548
-0.007597
-0.007645
-0.007692
-0.007740
-0.007786
-0.007833
-0.007878
-0.007924
-0.007969
-0.008013
-0.008057
-0.008101
-0.008144
-0.008186
-0.008228
-0.008270
-0.008311
-0.008351
-0.008391
-0.008431
-0.008470
-0.008508
-0.008546
-0.008583
-0.008620
-0.008656
-0.008691
-0.008726
-0.008761
-0.008795
-0.008828
-0.008861
-0.008893
-0.008924
-0.008955
-0.008986
-0.009015
-0.009045
-0.009073
-0.009101
-0.009129
-0.009156
-0.009182
-0.009208
-0.009233
-0.009257
-0.009281
-0.009305
-0.009328
-0.009350
-0.009372
-0.009393
-0.009413
-0.009433
-0.009453
-0.009472
-0.009490
-0.009508
-0.009525
-0.009542
-0.009558
-0.009574
-0.009589
-0.009604
-0.009618
-0.009632
-0.009645
-0.009658
-0.009670
-0.009682
-0.009693
-0.009704
-0.009714
-0.009724
-0.009734
-0.009743
-0.009751
-0.009760
-0.009767
-0.009775
-0.009782
-0.009788
-0.009795
-0.009801
-0.009806
-0.009811
-0.009816
-0.009820
-0.009824
-0.009828
-0.009832
-0.009835
-0.009837
-0.009840
-0.009842
-0.009844
-0.009846
-0.009847
-0.009848
-0.009849
-0.009850
-0.009850
-0.009850
-0.009850
-0.009850
-0.009850
-0.009849
-0.009848
-0.009847
-0.009846
-0.009844
-0.009843
-0.009841
-0.009839
-0.009837
-0.009835
-0.009833
-0.009830
-0.009828
-0.009825
-0.009822
-0.009819
-0.009816
-0.009813
-0.009810
-0.009807
-0.009803
-0.009800
-0.009796
-0.009793
-0.009789
-0.009786
-0.009782
-0.009778
-0.009774
-0.009771
-0.009767
-0.009763
-0.009759
-0.009755
-0.009751
-0.009747
-0.009743
-0.009739
-0.009735
-0.009731
-0.009727
-0.009723
-0.009719
-0.009716
-0.009712
-0.009708
-0.009704
-0.009700
-0.009696
-0.009692
-0.009689
-0.009685
-0.009681
-0.009678
-0.009674
-0.009670
-0.009667
-0.009663
-0.009660
-0.009656
-0.009653
-0.009650
-0.009646
-0.009643
-0.009640
-0.009637
-0.009633
-0.009630
-0.009627
-0.009624
-0.009622
-0.009619
-0.009616
-0.009613
-0.009610
-0.009608
-0.009605
-0.009603
-0.009600
-0.009598
-0.009595
-0.009593
-0.009590
-0.009588
-0.009586
-0.009584
-0.009582
-0.009580
-0.009578
-0.009576
-0.009574
-0.009572
-0.009570
-0.009568
-0.009566
-0.009565
-0.009563
-0.009561
-0.009560
-0.009558
-0.009557
-0.009555
-0.009554
-0.009552
-0.009551
-0.009549
-0.009548
-0.009547
-0.009546
-0.009544
-0.009543
-0.009542
-0.009541
-0.009539
-0.009538
-0.009537
-0.009536
-0.009535
-0.009534
-0.009533
-0.009532
-0.009531
-0.009530
-0.009529
-0.009528
-0.009527
-0.009526
-0.009525
-0.009524
-0.009523
-0.009522
-0.009521
-0.009520
-0.009519
-0.009518
-0.009517
-0.009516
-0.009515
-0.009514
-0.009513
-0.009512
-0.009511
-0.009510
-0.009509
-0.009508
-0.009507
-0.009506
-0.009505
-0.009504
-0.009503
-0.009502
-0.009500
-0.009499
-0.009498
-0.009497
-0.009496
-0.009494
-0.009493
-0.009492
-0.009492
-0.009491
-0.009489
-0.009488
-0.009486
-0.009485
-0.009483
-0.009482
-0.009480
-0.009479
-0.009477
-0.009476
-0.009474
-0.009472
-0.009471
-0.009469
-0.009467
-0.009465
-0.009463
-0.009461
-0.009459
-0.009457
-0.009455
-0.009453
-0.009451
-0.009449
-0.009447
-0.009445
-0.009442
-0.009440
-0.009438
-0.009435
-0.009433
-0.009430
-0.009428
-0.009425
-0.009422
-0.009420
-0.009417
-0.009414
-0.009411
-0.009408
-0.009405
-0.009402
-0.009399
-0.009396
-0.009393
-0.009390
-0.009386
-0.009383
-0.009380
-0.009376
-0.009373
-0.009369
-0.009366
-0.009362
-0.009358
-0.009354
-0.009351
-0.009347
-0.009343
-0.009338
-0.009335
-0.009329
-0.009328
-0.009319
-0.009323
-0.009304
-0.009325
-0.009277
-0.009347
-0.009215
-0.009430
-0.009050
-0.009710
-0.008587
-0.010636
-0.007527
-0.013237
-0.007881
-0.013066
-0.008281
-0.014251
-0.009274
-0.013308
-0.009296
-0.014522
-0.009752
-0.013983
-0.009805
-0.014645
-0.010056
-0.014347
-0.010074
-0.014711
-0.010221
-0.014593
-0.010272
-0.014766
-0.010359
-0.014715
-0.010393
-0.014792
-0.010439
-0.014763
-0.010455
-0.014780
-0.010466
-0.014753
-0.010460
-0.014738
-0.010448
-0.014701
-0.010424
-0.014663
-0.010391
-0.014615
-0.010350
-0.014564
-0.010303
-0.014507
-0.010249
-0.014446
-0.010190
-0.014382
-0.010127
-0.014314
-0.010060
-0.014244
-0.009989
-0.014171
-0.009915
-0.014096
-0.009838
-0.014019
-0.009758
-0.013941
-0.009676
-0.013861
-0.009592
-0.013781
-0.009506
-0.013701
-0.009419
-0.013621
-0.009332
-0.013542
-0.009244
-0.013463
-0.009156
-0.013386
-0.009069
-0.013309
-0.008983
-0.013234
-0.008897
-0.013161
-0.008813
-0.013089
-0.008730
-0.013020
-0.008649
-0.012952
-0.008570
-0.012886
-0.008492
-0.012821
-0.008416
-0.012759
-0.008341
-0.012698
-0.008268
-0.012640
-0.008197
-0.012583
-0.008128
-0.012527
-0.008060
-0.012473
-0.007994
-0.012420
-0.007929
-0.012369
-0.007865
-0.012319
-0.007803
-0.012270
-0.007742
-0.012222
-0.007681
-0.012175
-0.007622
-0.012129
-0.007564
-0.012084
-0.007506
-0.012040
-0.007450
-0.011996
-0.007394
-0.011953
-0.007338
-0.011910
-0.007284
-0.011868
-0.007230
-0.011826
-0.007176
-0.011785
-0.007123
-0.011744
-0.007071
-0.011704
-0.007018
-0.011664
-0.006967
-0.011624
-0.006916
-0.011585
-0.006865
-0.011546
-0.006815
-0.011507
-0.006765
-0.011469
-0.006715
-0.011430
-0.006666
-0.011392
-0.006617
-0.011354
-0.006568
-0.011317
-0.006520
-0.011279
-0.006471
-0.011241
-0.006424
-0.011204
-0.006376
-0.011167
-0.006328
-0.011129
-0.006281
-0.011092
-0.006234
-0.011055
-0.006186
-0.011017
-0.006139
-0.010980
-0.006092
-0.010942
-0.006045
-0.010904
-0.005998
-0.010866
-0.005950
-0.010828
-0.005903
-0.010789
-0.005855
-0.010750
-0.005807
-0.010711
-0.005759
-0.010671
-0.005711
-0.010631
-0.005662
-0.010591
-0.005614
-0.010550
-0.005564
-0.010509
-0.005515
-0.010467
-0.005464
-0.010425
-0.005414
-0.010382
-0.005363
-0.010339
-0.005312
-0.010296
-0.005260
-0.010251
-0.005207
-0.010207
-0.005155
-0.010161
-0.005101
-0.010116
-0.005048
-0.010069
-0.004993
-0.010022
-0.004938
-0.009975
-0.004883
-0.009927
-0.004827
-0.009879
-0.004771
-0.009830
-0.004714
-0.009781
-0.004657
-0.009730
-0.004599
-0.009681
-0.004542
-0.009627
-0.004481
-0.009581
-0.004426
-0.009520
-0.004360
-0.009485
-0.004311
-0.009401
-0.004230
-0.009405
-0.004208
-0.009247
-0.004076
-0.009385
-0.004149
-0.008966
-0.003848
-0.009564
-0.004266
-0.008214
-0.003494
-0.010079
-0.004779
-0.006406
-0.004191
-0.007644
-0.002556
-0.010255
-0.005045
-0.004115
-0.007395
-0.002831
-0.009722
-0.004337
-0.005043
-0.004525
-0.005002
-0.003144
-0.005843
-0.000716
-0.011023
-0.005747
-0.001370
-0.013399
-0.008284
-0.004119
-0.011600
-0.006964
-0.006162
-0.007317
-0.004693
-0.007388
-0.002798
-0.009326
-0.003887
-0.005267
-0.003364
-0.006295
-0.001296
-0.009886
-0.004747
-0.001946
-0.010114
-0.005083
-0.003715
-0.006924
-0.002243
-0.008771
-0.003336
-0.005095
-0.002612
-0.006677
-0.001117
-0.008865
-0.003579
-0.002675
-0.005951
-0.001212
-0.008764
-0.003438
-0.002461
-0.005690
-0.000947
-0.008813
-0.003556
-0.001893
-0.006748
-0.001265
-0.007773
-0.002256
-0.004724
-0.001085
-0.007702
-0.002106
-0.003908
-0.001165
-0.006264
-0.000347
-0.007131
-0.001522
-0.004188
-0.000424
-0.007666
-0.002164
-0.002188
-0.002978
-0.000877
-0.004370
0.001477
-0.009740
-0.004079
0.000758
-0.012386
-0.006839
-0.002516
-0.009813
-0.005161
-0.004343
-0.005154
-0.002636
-0.005127
-0.000387
-0.007725
-0.002313
-0.001469
-0.004154
0.000447
-0.007603
-0.002279
-0.000038
-0.006736
-0.001206
-0.003477
0.000113
-0.006118
-0.000336
-0.003204
0.001057
-0.007314
-0.002070
0.000585
-0.006881
-0.001506
-0.001453
-0.001994
0.000031
-0.002771
0.002695
-0.008471
-0.002750
0.002198
-0.011037
-0.005360
-0.000959
-0.008410
-0.003713
-0.002696
-0.003794
-0.000874
-0.004020
0.001233
-0.006378
-0.001001
0.000399
-0.003530
0.001935
-0.006121
-0.000793
0.001227
-0.004577
0.001108
-0.003470
0.002102
-0.005416
0.000013
0.000407
-0.001170
0.002288
-0.003850
0.002172
-0.001333
0.003780
-0.006723
-0.001410
0.003333
-0.008769
-0.003453
-0.003453
0.001011
-0.007138
-0.002371
-0.000449
-0.003326
0.001229
-0.004053
0.001653
-0.002637
0.002852
-0.004767
0.000661
0.001609
-0.001024
0.003708
-0.004848
0.000454
0.003683
-0.005472
-0.000379
0.002843
-0.004819
0.000459
0.001629
-0.000948
0.003683
-0.003995
0.001479
0.003036
-0.001394
0.004414
-0.003953
0.001387
0.003923
-0.003264
0.002330
0.001445
0.003006
0.001012
0.005807
-0.004511
0.001013
0.006038
-0.008061
-0.001527
0.003083
-0.005897
-0.001232
0.001494
-0.002500
0.002515
-0.001715
0.003756
-0.002301
0.003464
0.000446
0.005208
-0.003231
0.002133
0.005165
-0.003222
0.002085
0.004184
-0.001008
0.004847
-0.000913
0.005014
-0.000293
0.005601
-0.001493
0.004213
0.002876
0.005246
0.001081
0.007376
-0.003373
0.002174
0.007130
-0.006182
-0.000189
0.004444
-0.003967
0.000845
0.003068
-0.000227
0.004697
-0.000749
0.005094
0.000937
0.006577
-0.001800
0.003588
0.006281
-0.000920
0.004755
0.004126
0.005335
0.004155
0.007987
-0.000234
0.005399
0.008208
-0.001151
0.004186
0.007840
-0.002263
0.002938
0.007344
-0.003208
0.001844
0.006201
-0.002343
0.002704
0.005422
0.000354
0.006033
0.001527
0.007325
-0.000069
0.005602
0.005787
0.005137
0.007649
0.003484
0.010194
-0.002209
0.004509
0.009642
-0.005072
0.001557
0.006135
-0.001650
0.003206
0.004668
0.003072
0.006875
0.002165
0.008285
0.001764
0.007752
0.004933
0.009632
0.000267
0.005707
0.010136
-0.002197
0.003700
0.008523
-0.001654
0.003245
0.007187
0.000607
0.005986
0.005486
0.007072
0.005945
0.009808
0.002733
0.008778
0.008546
0.008497
0.009611
0.008555
0.012672
0.001766
0.008074
0.013630
-0.004512
0.002551
0.007524
0.001488
0.005582
0.004927
0.007391
0.006046
0.010079
0.003753
0.009883
0.007238
0.011947
0.002322
0.007887
0.012701
-0.000966
0.005845
0.010634
0.000037
0.004943
0.008959
0.002785
0.008203
0.007007
0.009788
0.006314
0.012294
0.002681
0.008184
0.012812
0.000490
0.006431
0.011331
0.001352
0.006362
0.010135
0.003599
0.009103
0.008250
0.010488
0.008022
0.013438
0.003264
0.008960
0.014103
0.000423
0.007123
0.011907
0.002288
0.007248
0.010576
0.005285
0.010842
0.007646
0.012768
0.005361
0.011183
0.011913
0.010218
0.014397
0.006072
0.011880
0.014813
0.005660
0.011238
0.014355
0.005719
0.011315
0.013876
0.007201
0.013314
0.010331
0.015344
0.005308
0.010941
0.015890
0.002433
0.009150
0.014052
0.003561
0.008611
0.012671
0.005962
0.011519
0.010928
0.012752
0.011111
0.015785
0.006562
0.012286
0.016914
0.003309
0.010467
0.015433
0.003602
0.008945
0.013509
0.006069
0.011430
0.012160
0.011655
0.014344
0.011022
0.017358
0.005553
0.012215
0.017608
0.003029
0.010186
0.014892
0.005810
0.010894
0.013620
0.009482
0.015007
0.009583
0.015763
0.010541
0.016841
0.009421
0.015482
0.014615
0.016330
0.013687
0.019588
0.006057
0.014353
0.019590
0.003446
0.011236
0.015805
0.007412
0.012488
0.014428
0.012064
0.016650
0.010741
0.017051
0.013143
0.019120
0.008706
0.014511
0.019596
0.006388
0.013015
0.017910
0.007692
0.012875
0.016693
0.010228
0.015985
0.014511
0.017766
0.012959
0.019571
0.011091
0.016961
0.019173
0.012760
0.019242
0.014119
0.020694
0.010365
0.016111
0.020758
0.008058
0.014394
0.019428
0.008700
0.014011
0.018291
0.010539
0.016143
0.017109
0.015862
0.019577
0.013536
0.020261
0.015020
0.021741
0.010987
0.016893
0.021898
0.008246
0.015291
0.020235
0.009236
0.014533
0.018821
0.011597
0.017289
0.017343
0.018064
0.018644
0.019728
0.019602
0.022196
0.016869
0.024457
0.011462
0.019331
0.024309
0.007507
0.016138
0.021090
0.009961
0.015077
0.019074
0.013411
0.019094
0.016543
0.021301
0.014106
0.020361
0.019888
0.021107
0.019834
0.024227
0.013727
0.020105
0.025744
0.008059
0.016759
0.022398
0.010699
0.015748
0.019703
0.014839
0.020362
0.016915
0.022374
0.014896
0.021040
0.021300
0.021024
0.023169
0.019967
0.026857
0.010797
0.020163
0.026432
0.008822
0.016923
0.021293
0.014629
0.019854
0.019486
0.021239
0.020335
0.023884
0.018559
0.025534
0.017681
0.024026
0.023429
0.024220
0.023431
0.026832
0.018801
0.025312
0.026015
0.022369
0.028928
0.012836
0.022338
0.028647
0.009847
0.018337
0.023062
0.015630
0.020693
0.021285
0.021842
0.023157
0.023125
0.025518
0.022306
0.029159
0.014389
0.024196
0.029225
0.012388
0.021044
0.025489
0.016386
0.021755
0.024056
0.020855
0.026114
0.019598
0.026067
0.023128
0.028403
0.018181
0.024254
0.029208
0.015855
0.023018
0.027950
0.016595
0.022241
0.026676
0.018726
0.024561
0.025292
0.024512
0.027510
0.023182
0.030194
0.018526
0.025313
0.030627
0.015993
0.023861
0.028562
0.018082
0.023599
0.027326
0.020820
0.026895
0.024527
0.029034
0.021688
0.028174
0.027285
0.029256
0.025870
0.032605
0.017924
0.027744
0.032462
0.032462
0.016529
0.024787
0.029164
0.020101
0.025670
0.027922
0.024421
0.029978
0.022612
0.029027
0.028154
0.030238
0.026912
0.033589
0.019359
0.028889
0.033516
0.018069
0.026146
0.030583
0.021154
0.026769
0.029455
0.024892
0.030946
0.024163
0.030719
0.027524
0.033058
0.022342
0.028634
0.033819
0.019951
0.027570
0.032396
0.021123
0.026861
0.031206
0.023277
0.029285
0.029655
0.029538
0.031458
0.029480
0.035007
0.022514
0.030574
0.035855
0.019470
0.028856
0.033179
0.022293
0.027896
0.031711
0.025246
0.031409
0.028683
0.033602
0.025573
0.031985
0.032848
0.030689
0.035649
0.024967
0.031481
0.036878
0.021115
0.030574
0.034809
0.023087
0.028875
0.033265
0.025541
0.031616
0.031456
0.032371
0.032343
0.034545
0.031531
0.038442
0.022417
0.033096
0.038609
0.020406
0.029906
0.034249
0.025419
0.031010
0.032506
0.030842
0.034818
0.029544
0.036483
0.028765
0.035403
0.033920
0.036796
0.030877
0.038289
0.028723
0.035056
0.037774
0.028911
0.035363
0.035982
0.033998
0.038797
0.027697
0.034428
0.039801
0.023468
0.033358
0.037595
0.025503
0.031429
0.035931
0.027907
0.034018
0.034285
0.034422
0.035917
0.034973
0.039111
0.029954
0.036496
0.040182
0.027593
0.034890
0.040028
0.025161
0.033677
0.038240
0.026716
0.032637
0.036979
0.028951
0.035176
0.035406
0.035621
0.036959
0.036271
0.039938
0.031929
0.038869
0.038673
0.038109
0.040125
0.035759
0.044005
0.024163
0.028621
0.037594
0.032636
0.033239
0.033751
0.035839
0.035887
0.038472
0.034854
0.041427
0.028637
0.036621
0.042035
0.027063
0.035681
0.040105
0.029045
0.034949
0.038861
0.031707
0.038135
0.036070
0.040327
0.032982
0.039907
0.037639
0.042183
0.031889
0.038402
0.043129
0.029083
0.037424
0.042075
0.029360
0.035892
0.040778
0.030939
0.036973
0.040001
0.034117
0.040850
0.034830
0.041864
0.034267
0.041145
0.038011
0.043543
0.031699
0.038830
0.044280
0.029028
0.038040
0.042298
0.031391
0.037384
0.041256
0.033990
0.040557
0.038433
0.042763
0.034975
0.041862
0.040896
0.043128
0.038780
0.046469
0.030532
0.041693
0.045819
0.030328
0.038496
0.042896
0.033493
0.039589
0.041834
0.037843
0.044101
0.034945
0.041432
0.044180
0.037113
0.044247
0.039097
0.046343
0.033547
0.041311
0.046372
0.031920
0.039972
0.044684
0.033770
0.039879
0.043888
0.036013
0.042570
0.041647
0.044087
0.040548
0.047592
0.033510
0.043282
0.047403
0.033475
0.040914
0.045729
0.034975
0.041155
0.045131
0.036968
0.043530
0.043019
0.044665
0.042983
0.048241
0.036426
0.044063
0.049531
0.032647
0.043304
0.047022
0.035897
0.041998
0.045681
0.038734
0.045491
0.042086
0.047992
0.037361
0.043974
0.048851
0.035957
0.043272
0.048362
0.036043
0.042663
0.047557
0.037312
0.043564
0.046937
0.040061
0.047011
0.042748
0.049472
0.037654
0.044750
0.050026
0.036078
0.043975
0.048830
0.037501
0.043787
0.048072
0.039462
0.046004
0.046521
0.046044
0.048704
0.044748
0.052444
0.036434
0.048047
0.051561
0.037694
0.044751
0.049482
0.039650
0.045984
0.048753
0.043047
0.050042
0.042148
0.049178
0.047019
0.051537
0.041617
0.048357
0.052206
0.040432
0.047352
0.052264
0.038743
0.046480
0.051473
0.039128
0.045780
0.050608
0.040493
0.046862
0.050022
0.043493
0.050644
0.044706
0.052121
0.042359
0.049040
0.051733
0.044186
0.051526
0.046679
0.054075
0.039459
0.049397
0.053120
0.040501
0.047259
0.052012
0.041382
0.047846
0.051766
0.042939
0.049689
0.050148
0.049599
0.052488
0.047547
0.055845
0.039792
0.051547
0.054367
0.041909
0.048501
0.052884
0.043097
0.049693
0.052414
0.046014
0.053395
0.045528
0.052824
0.049266
0.055752
0.041192
0.051311
0.055034
0.042119
0.049134
0.053961
0.042780
0.049358
0.053797
0.043817
0.050419
0.053299
0.046831
0.054313
0.046939
0.054453
0.048440
0.056161
0.043878
0.051317
0.056393
0.041874
0.050580
0.055141
0.043254
0.049885
0.054493
0.044732
0.051361
0.053932
0.048536
0.056018
0.045688
0.052518
0.056449
0.045461
0.052277
0.056573
0.045055
0.051958
0.056748
0.044386
0.051501
0.056537
0.044416
0.051313
0.056267
0.045134
0.051782
0.056102
0.046498
0.053263
0.055477
0.050671
0.058187
0.045737
0.053572
0.058797
0.043957
0.052959
0.057346
0.046083
0.052680
0.056758
0.048137
0.055113
0.054882
0.056089
0.055329
0.059426
0.050093
0.057310
0.060080
0.049921
0.057001
0.059441
0.051048
0.058665
0.054758
0.061835
0.043874
0.055574
0.061399
0.042315
0.053153
0.057078
0.048345
0.054889
0.055067
0.056170
0.056408
0.058698
0.055853
0.063471
0.044555
0.053633
0.060931
0.048531
0.054597
0.056694
0.054451
0.059941
0.051566
0.058833
0.057684
0.060309
0.055412
0.063818
0.047812
0.060030
0.061770
0.052023
0.058981
0.058112
0.060575
0.056763
0.064709
0.046952
0.046952
0.058971
0.064195
0.046351
0.056638
0.060292
0.052227
0.059053
0.057430
0.061336
0.055046
0.062948
0.054438
0.061874
0.059846
0.064258
0.053503
0.060738
0.065309
0.050542
0.060290
0.063847
0.052256
0.059129
0.063188
0.053418
0.060417
0.062323
0.057805
0.065407
0.051200
0.061103
0.064946
0.052152
0.059417
0.064176
0.052636
0.059599
0.064138
0.053379
0.060276
0.063866
0.055371
0.062759
0.061171
0.065115
0.056483
0.064050
0.063049
0.065374
0.059890
0.068806
0.050446
0.062039
0.068997
0.046945
0.057444
0.063399
0.053347
0.059612
0.061360
0.060213
0.064336
0.058940
0.067012
0.055999
0.063243
0.067818
0.054804
0.062681
0.067692
0.054358
0.062126
0.067028
0.055257
0.062208
0.066612
0.056946
0.063997
0.065643
0.062334
0.069133
0.055420
0.064944
0.069190
0.055601
0.063465
0.068250
0.056452
0.063493
0.067996
0.057629
0.064613
0.067348
0.061204
0.069147
0.059012
0.066204
0.068726
0.061505
0.069576
0.060804
0.068479
0.065307
0.071529
0.055924
0.067705
0.069298
0.061266
0.068980
0.062119
0.070262
0.059679
0.066891
0.069749
0.061142
0.068884
0.065507
0.072353
0.055493
0.068310
0.069982
0.060793
0.068202
0.065170
0.071466
0.057959
0.067287
0.071574
0.057599
0.065936
0.070690
0.058559
0.065859
0.070660
0.059059
0.066235
0.070594
0.060160
0.067344
0.070432
0.062940
0.071003
0.064199
0.072564
0.060624
0.068226
0.072696
0.059330
0.067557
0.072416
0.059015
0.067052
0.071960
0.059637
0.066995
0.071783
0.060629
0.067812
0.071825
0.062280
0.069690
0.070599
0.068973
0.074185
0.062004
0.070485
0.075496
0.058531
0.070693
0.072035
0.065658
0.073443
0.063003
0.070355
0.073186
0.065581
0.073780
0.066129
0.074476
0.065243
0.073009
0.070678
0.075771
0.062273
0.071871
0.075842
0.061421
0.070616
0.074600
0.062602
0.070021
0.074475
0.063059
0.070441
0.074586
0.063778
0.071167
0.074615
0.065465
0.073235
0.072177
0.075217
0.068389
0.077368
0.064153
0.073227
0.076800
0.063470
0.071728
0.076364
0.062625
0.071255
0.075915
0.062933
0.070779
0.075691
0.063504
0.071094
0.075936
0.063926
0.071495
0.076202
0.064365
0.071917
0.076544
0.064732
0.072312
0.076892
0.064959
0.072583
0.077211
0.065066
0.072760
0.077494
0.065076
0.072866
0.077707
0.065140
0.072968
0.077852
0.065400
0.073153
0.078002
0.065844
0.073487
0.078207
0.066416
0.073977
0.078451
0.067144
0.074655
0.078633
0.068351
0.075934
0.078044
0.072754
0.081499
0.064625
0.077833
0.078089
0.073468
0.080640
0.066839
0.076358
0.080856
0.066998
0.075550
0.080004
0.068206
0.075745
0.080117
0.069326
0.076864
0.079884
0.072136
0.080575
0.073062
0.081742
0.070843
0.078515
0.080904
0.073433
0.082219
0.071053
0.078812
0.081733
0.072077
0.080090
0.078596
0.082552
0.071975
0.079905
0.083008
0.071293
0.079267
0.082922
0.070102
0.078575
0.082988
0.068375
0.078225
0.081759
0.070470
0.078131
0.081261
0.073105
0.081636
0.075045
0.084148
0.067741
0.080449
0.080196
0.077748
0.083209
0.071161
0.079634
0.084579
0.068131
0.080370
0.080916
0.077052
0.084453
0.068943
0.081054
0.082148
0.076464
0.084897
0.069346
0.081187
0.082770
0.076169
0.084849
0.071083
0.080499
0.084661
0.071733
0.079971
0.084485
0.072001
0.080122
0.084836
0.071997
0.080310
0.085013
0.072156
0.080452
0.085242
0.072384
0.080683
0.085446
0.072709
0.080924
0.085672
0.073119
0.081263
0.085964
0.073498
0.081621
0.086273
0.073848
0.081967
0.086585
0.074158
0.082291
0.086891
0.074426
0.082582
0.087180
0.074671
0.082849
0.087449
0.074916
0.083105
0.087703
0.075182
0.083366
0.087950
0.075475
0.083642
0.088200
0.075789
0.083938
0.088457
0.076116
0.084248
0.088717
0.076449
0.084567
0.088978
0.076787
0.084892
0.089234
0.077137
0.085226
0.089477
0.077529
0.085592
0.089690
0.078050
0.086067
0.089797
0.079083
0.087105
0.089078
0.083661
0.093085
0.073042
0.084443
0.093020
0.070424
0.082501
0.087533
0.078319
0.085787
0.085371
0.088584
0.084926
0.093484
0.075870
0.090122
0.090627
0.085118
0.093046
0.078990
0.088873
0.092954
0.080545
0.088526
0.092343
0.082438
0.090575
0.090540
0.091555
0.091009
0.095311
0.083432
0.092416
0.096330
0.080092
0.092730
0.091022
0.092414
0.089213
0.097481
0.075745
0.081240
0.091525
0.083560
0.088945
0.085265
0.092505
0.083393
0.091594
0.090914
0.093250
0.089199
0.098589
0.076305
0.078893
0.090531
0.087840
0.085151
0.089007
0.088946
0.093406
0.087909
0.097008
0.081942
0.093099
0.094927
0.088676
0.097513
0.083312
0.093379
0.096519
0.086129
0.094206
0.093535
0.096091
0.091535
0.101262
0.078335
0.080498
0.091571
0.090602
0.086019
0.091026
0.090707
0.095243
0.089958
0.098788
0.084677
0.094545
0.098092
0.088011
0.096130
0.095755
0.097537
0.094836
0.094836
0.102707
0.081785
0.090502
0.098620
0.087556
0.094769
0.092370
0.098146
0.089381
0.097759
0.095062
0.101155
0.086411
0.097805
0.099628
0.092419
0.101520
0.087349
0.097137
0.100260
0.090051
0.098297
0.096775
0.101067
0.090696
0.099009
0.100376
0.095508
0.104950
0.081835
0.084365
0.096746
0.091718
0.092551
0.093510
0.096381
0.096073
0.100821
0.092038
0.100681
0.096673
0.104925
0.084459
0.096130
0.105011
0.082061
0.094816
0.098540
0.091235
0.098788
0.094578
0.102338
0.090514
0.098721
0.102940
0.092300
0.100366
0.101823
0.098829
0.106369
0.088336
0.103259
0.100944
0.102015
0.099120
0.106418
0.089699
0.104005
0.100547
0.104638
0.093981
0.102191
0.103155
0.101413
0.107336
0.091423
0.105072
0.100927
0.106819
0.090679
0.102921
0.103150
0.100565
0.106560
0.092497
0.102939
0.105555
0.095945
0.104652
0.099685
0.108769
0.087424
0.097785
0.106715
0.088079
0.098112
0.101702
0.096559
0.104510
0.095339
0.103788
0.101591
0.107385
0.094259
0.103896
0.107861
0.094901
0.103554
0.107165
0.096557
0.104936
0.104903
0.105662
0.105849
0.108544
0.102698
0.113566
0.087935
0.090078
0.091570
0.098563
0.093213
0.096656
0.099687
0.101670
0.103252
0.104398
0.105747
0.106623
0.108739
0.107502
0.114369
0.094931
0.108138
0.115559
0.090334
0.101135
0.108547
0.097406
0.104647
0.105482
0.106494
0.107844
0.108803
0.110355
0.110081
0.114164
0.104096
0.112531
0.112946
0.109990
0.117292
0.096014
0.106125
0.115286
0.095084
0.106233
0.108216
0.104968
0.111212
0.103221
0.111870
0.105626
0.114522
0.100083
0.110192
0.113261
0.103983
0.112565
0.107344
0.116067
0.098488
0.112731
0.109564
0.113156
0.105196
0.114164
0.105636
0.114628
0.105867
0.114797
0.105429
0.114215
0.107482
0.116900
0.099653
0.113471
0.110068
0.114390
0.104379
0.112903
0.111594
0.115739
0.105596
0.114219
0.113156
0.115864
0.108772
0.118985
0.100027
0.115324
0.111162
0.115321
0.104273
0.112751
0.113626
0.112291
0.117602
0.103561
0.114648
0.115105
0.111232
0.119668
0.097798
0.106715
0.115538
0.101121
0.108808
0.111305
0.109254
0.115959
0.104277
0.112944
0.116165
0.107007
0.116061
0.110342
0.120119
0.099156
0.111970
0.119409
0.097651
0.111245
0.112936
0.109529
0.116227
0.107484
0.116341
0.112368
0.120675
0.102526
0.117712
0.114097
0.118627
0.108311
0.116896
0.116502
0.118843
0.114712
0.124508
0.100352
0.101057
0.107108
0.113298
0.104645
0.110310
0.112709
0.114396
0.116151
0.116998
0.119059
0.118004
0.124278
0.108644
0.123233
0.116449
0.125029
0.105385
0.120291
0.117872
0.120193
0.115746
0.124397
0.107602
0.121524
0.118361
0.122629
0.112840
0.121569
0.119083
0.125615
0.108755
0.123219
0.117818
0.125143
0.108102
0.121120
0.120305
0.120799
0.120970
0.123652
0.119433
0.129720
0.103997
0.104782
0.104601
0.114012
0.108389
0.111324
0.114891
0.117359
0.118983
0.120563
0.121605
0.123495
0.123655
0.127716
0.120084
0.129731
0.117495
0.126056
0.126933
0.122616
0.131095
0.111027
0.125968
0.126928
0.118622
0.127289
0.116514
0.124979
0.124864
0.126060
0.125084
0.130118
0.117037
0.127123
0.129100
0.120202
0.129731
0.117418
0.126100
0.127255
0.123151
0.131881
0.110390
0.122345
0.131405
0.107405
0.120915
0.124464
0.117365
0.125345
0.119690
0.128438
0.116781
0.125285
0.128029
0.121711
0.131229
0.115726
0.127705
0.127236
0.126461
0.129199
0.125058
0.134909
0.111323
0.114519
0.128768
0.115791
0.122115
0.122212
0.125775
0.124745
0.130430
0.121043
0.129837
0.126908
0.133776
0.117770
0.131129
0.128184
0.132271
0.121997
0.130753
0.128596
0.134200
0.119790
0.130749
0.131553
0.127214
0.135722
0.116054
0.131660
0.129155
0.130403
0.127312
0.135011
0.118091
0.132869
0.126988
0.134781
0.117508
0.130482
0.129662
0.130520
0.130188
0.134134
0.126038
0.135979
0.123100
0.132317
0.133416
0.128662
0.138157
0.115547
0.124246
0.133158
0.119630
0.127478
0.128409
0.129745
0.131317
0.132313
0.133919
0.133072
0.138836
0.121476
0.138183
0.125268
0.133777
0.129137
0.136968
0.120366
0.133692
0.131078
0.135101
0.125774
0.135084
0.129203
0.139260
0.117748
0.130932
0.137941
0.117048
0.130612
0.131081
0.130441
0.134288
0.130406
0.139669
0.120676
0.136552
0.132238
0.137322
0.126320
0.135064
0.135704
0.135673
0.138403
0.133745
0.144330
0.118478
0.118396
0.118130
0.128087
0.122396
0.125660
0.129226
0.131698
0.133509
0.135119
0.136403
0.138083
0.138861
0.141634
0.138060
0.147910
0.123238
0.124469
0.132493
0.137354
0.126294
0.132744
0.135528
0.136292
0.138956
0.137884
0.142827
0.134900
0.144112
0.136301
0.145672
0.133143
0.141702
0.143312
0.138406
0.147105
0.129441
0.144123
0.138470
0.145507
0.130864
0.140406
0.143717
0.135530
0.144676
0.134818
0.134818
0.143712
0.138754
0.147449
0.129281
0.144360
0.138575
0.145747
0.131286
0.140804
0.144237
0.135901
0.145179
0.135609
0.144707
0.138325
0.147845
0.130219
0.144553
0.139596
0.146281
0.132231
0.141716
0.145076
0.136542
0.145969
0.136228
0.145410
0.139023
0.148702
0.130212
0.145520
0.139115
0.146932
0.131933
0.142046
0.145087
0.137792
0.147361
0.134272
0.143471
0.145859
0.139521
0.149352
0.131869
0.146496
0.140465
0.148436
0.132198
0.143931
0.144819
0.142319
0.148871
0.135135
0.145414
0.147372
0.140934
0.150952
0.131997
0.147953
0.140574
0.149076
0.133319
0.144110
0.146414
0.141121
0.150424
0.133502
0.147391
0.143370
0.149684
0.135805
0.145656
0.148584
0.140806
0.150774
0.136725
0.146812
0.148352
0.143720
0.153075
0.132605
0.148079
0.147693
0.143988
0.150791
0.137624
0.147366
0.150201
0.142198
0.152286
0.137690
0.148401
0.149043
0.146651
0.153540
0.136591
0.151751
0.142847
0.152454
0.136315
0.147810
0.148472
0.146875
0.152555
0.140307
0.149855
0.151351
0.146540
0.156650
0.132502
0.136062
0.150056
0.135948
0.143410
0.144493
0.147095
0.147820
0.151582
0.146792
0.157166
0.135106
0.146060
0.155842
0.134309
0.147449
0.148287
0.147792
0.151773
0.148324
0.157253
0.139540
0.155130
0.147921
0.156507
0.141395
0.151715
0.154442
0.148172
0.157777
0.142193
0.154068
0.153681
0.153887
0.155397
0.155247
0.159519
0.148702
0.158023
0.155950
0.160594
0.145516
0.158043
0.153539
0.161478
0.139229
0.152924
0.159402
0.138865
0.152745
0.151715
0.153797
0.152815
0.158797
0.147311
0.156620
0.157598
0.154926
0.162730
0.142369
0.158185
0.156955
0.154306
0.159550
0.148935
0.158353
0.156242
0.162281
0.145423
0.160290
0.151257
0.161031
0.144890
0.156587
0.156645
0.156334
0.159473
0.154822
0.165663
0.140034
0.139327
0.141823
0.149264
0.144992
0.149253
0.152312
0.154684
0.156507
0.158118
0.159369
0.161094
0.161410
0.165277
0.156530
0.166599
0.154120
0.163320
0.160925
0.165665
0.152446
0.162370
0.163214
0.159432
0.168292
0.145342
0.155227
0.165195
0.144938
0.156621
0.158468
0.156848
0.162725
0.154817
0.164758
0.154143
0.163432
0.159839
0.167815
0.149074
0.165454
0.156145
0.165362
0.152012
0.161146
0.163486
0.159323
0.168505
0.149576
0.165933
0.157350
0.166390
0.152344
0.161846
0.164813
0.158763
0.168738
0.151525
0.165870
0.160152
0.168360
0.151975
0.164353
0.163870
0.164752
0.165017
0.168222
0.162757
0.174055
0.148301
0.147832
0.152161
0.159196
0.152650
0.158202
0.160547
0.163105
0.164237
0.166853
0.165544
0.172156
0.157839
0.169735
0.168596
0.169727
0.167716
0.174666
0.156603
0.173310
0.160330
0.169121
0.164562
0.172404
0.157581
0.168520
0.169688
0.166077
0.174056
0.156746
0.171770
0.164176
0.173469
0.156354
0.169009
0.167739
0.170095
0.166791
0.175619
0.155908
0.172676
0.164764
0.173403
0.157869
0.168365
0.170804
0.165761
0.175153
0.157764
0.172317
0.166261
0.174679
0.158335
0.170501
0.170294
0.170614
0.172253
0.172025
0.176611
0.165129
0.174729
0.173451
0.175965
0.168639
0.179931
0.156509
0.165201
0.175060
0.156853
0.166647
0.169886
0.166549
0.174653
0.162101
0.171611
0.173340
0.169710
0.178571
0.159241
0.176225
0.166382
0.175672
0.162784
0.171926
0.173368
0.171975
0.178053
0.164762
0.175098
0.175627
0.173394
0.180258
0.162623
0.179016
0.165784
0.174868
0.170999
0.178572
0.163153
0.175322
0.174142
0.176456
0.172374
0.182389
0.159087
0.167521
0.177128
0.162545
0.171108
0.172607
0.173530
0.176541
0.174560
0.182676
0.162663
0.179439
0.172935
0.180677
0.164548
0.176066
0.177109
0.175118
0.181547
0.168077
0.178492
0.179289
0.176760
0.184255
0.165349
0.182563
0.169548
0.178607
0.173695
0.182257
0.166541
0.178911
0.177615
0.180260
0.175646
0.185925
0.163506
0.175970
0.185225
0.161121
0.176294
0.176156
0.176533
0.179269
0.178791
0.184388
0.173431
0.182947
0.181661
0.185347
0.176262
0.186554
0.174236
0.183743
0.180982
0.187137
0.170433
0.184939
0.176378
0.186492
0.168283
0.182683
0.177288
0.185483
0.169535
0.181552
0.181323
0.182117
0.183075
0.184988
0.183882
0.190916
0.169358
0.181963
0.191634
0.162966
0.171108
0.180048
0.174099
0.181059
0.177244
0.185596
0.175218
0.184609
0.183210
0.188115
0.178377
0.188141
0.182191
0.192529
0.170306
0.185692
0.187054
0.178841
0.188342
0.177210
0.186628
0.184935
0.190212
0.178810
0.188307
0.187004
0.190959
0.181394
0.191507
0.181611
0.191841
0.178606
0.188265
0.187209
0.190018
0.184309
0.195553
0.170679
0.174709
0.188050
0.173897
0.181969
0.182844
0.185939
0.185739
0.191206
0.181561
0.191447
0.184871
0.195401
0.174531
0.191531
0.183836
0.192326
0.177674
0.187666
0.190293
0.185556
0.195142
0.177079
0.192748
0.183812
0.183812
0.193289
0.179929
0.189385
0.191191
0.188415
0.196417
0.178931
0.194607
0.184365
0.194013
0.182395
0.191779
0.189759
0.195778
0.182684
0.192771
0.193316
0.191763
0.197677
0.183018
0.195270
0.191247
0.198741
0.178651
0.195872
0.184731
0.194275
0.184218
0.194003
0.187007
0.197411
0.180465
0.194353
0.188939
0.197353
0.180624
0.193894
0.191120
0.196721
0.184929
0.194609
0.193949
0.196967
0.191181
0.202544
0.177864
0.182386
0.194764
0.181961
0.190199
0.189525
0.194786
0.189947
0.200113
0.182614
0.197647
0.190004
0.199338
0.184670
0.195116
0.196988
0.193396
0.202076
0.184089
0.200081
0.189831
0.199476
0.188350
0.197880
0.194464
0.202593
0.185217
0.200272
0.192071
0.201772
0.185997
0.197437
0.197884
0.197522
0.201288
0.195118
0.206399
0.183488
0.195554
0.205063
0.181164
0.196513
0.195271
0.197702
0.197067
0.202689
0.193882
0.204110
0.194255
0.204257
0.194482
0.204560
0.193528
0.203260
0.197159
0.207352
0.186485
0.203534
0.195056
0.204138
0.189946
0.199791
0.201938
0.198579
0.207244
0.189274
0.205317
0.194597
0.204215
0.194166
0.203946
0.197023
0.207387
0.190195
0.204299
0.198231
0.206999
0.190597
0.203165
0.201690
0.205057
0.199349
0.210015
0.189523
0.206651
0.197528
0.206783
0.192885
0.202602
0.204509
0.201968
0.209842
0.192851
0.207903
0.198543
0.208486
0.194180
0.204272
0.205511
0.203644
0.210420
0.195277
0.207953
0.203508
0.211559
0.192185
0.208948
0.197927
0.207536
0.198047
0.207991
0.199224
0.209539
0.197686
0.207382
0.204965
0.211375
0.196407
0.208642
0.205564
0.211875
0.196078
0.209029
0.204543
0.212797
0.193467
0.210161
0.199402
0.209122
0.199089
0.209020
0.202056
0.212591
0.195348
0.209789
0.202798
0.212282
0.195689
0.208538
0.206462
0.211225
0.202177
0.212602
0.201952
0.212029
0.204365
0.215166
0.195791
0.212415
0.201041
0.210671
0.202419
0.212602
0.200460
0.210295
0.209277
0.213329
0.205291
0.216329
0.199142
0.214249
0.202760
0.212600
0.203718
0.214093
0.201531
0.211477
0.210344
0.214440
0.205954
0.216922
0.201001
0.214261
0.206794
0.217057
0.197168
0.213699
0.204290
0.214135
0.201503
0.211303
0.211178
0.214074
0.210697
0.220915
0.196214
0.198731
0.214144
0.197717
0.206071
0.208927
0.209870
0.214091
0.211167
0.220490
0.201002
0.218160
0.207531
0.217011
0.206938
0.216743
0.210556
0.220757
0.203434
0.217881
0.211106
0.220322
0.204527
0.216341
0.215941
0.217492
0.216980
0.222310
0.210071
0.220343
0.218164
0.223384
0.208390
0.220805
0.215352
0.224802
0.202042
0.217276
0.219069
0.210400
0.220461
0.208747
0.218593
0.216567
0.222832
0.208761
0.220007
0.218351
0.222447
0.212967
0.223534
0.211613
0.221626
0.215849
0.226206
0.202946
0.216515
0.223637
0.203192
0.217324
0.215323
0.219948
0.214641
0.224982
0.207933
0.222621
0.214655
0.224434
0.209135
0.220320
0.220747
0.220844
0.224089
0.219732
0.230648
0.205437
0.207690
0.223562
0.206687
0.214890
0.217832
0.218703
0.222819
0.220419
0.228826
0.212201
0.226720
0.219027
0.228518
0.213117
0.224066
0.224598
0.223963
0.228196
0.221011
0.232027
0.213067
0.229893
0.216004
0.225174
0.222312
0.228654
0.217957
0.227761
0.223993
0.232427
0.213138
0.230137
0.217689
0.227035
0.221142
0.230408
0.215887
0.226690
0.227048
0.226744
0.230333
0.224535
0.235781
0.212491
0.224752
0.233844
0.210587
0.225809
0.223368
0.227716
0.223727
0.232738
0.218594
0.229252
0.229501
0.229160
0.232675
0.227238
0.238187
0.215352
0.229715
0.234201
0.217656
0.227763
0.229816
0.227557
0.234707
0.222139
0.231872
0.231671
0.232487
0.233121
0.235262
0.232605
0.241716
0.216922
0.221464
0.234159
0.218137
0.226598
0.228336
0.229552
0.232333
0.231627
0.237233
0.225947
0.235506
0.232954
0.238832
0.224472
0.235258
0.234097
0.235842
0.232912
0.241548
0.220565
0.238334
0.226182
0.235446
0.226131
0.235846
0.227152
0.237225
0.226395
0.236078
0.230476
0.240088
0.221850
0.237310
0.228033
0.237596
0.225083
0.234508
0.234184
0.236807
0.233931
0.242741
0.222738
0.240558
0.226273
0.235333
0.232358
0.238664
0.228961
0.238904
0.232281
0.242546
0.224037
0.239557
0.230016
0.239552
0.227976
0.237444
0.235189
0.241438
0.229118
0.238880
0.238128
0.240458
0.236820
0.246535
0.223906
0.238978
0.241327
0.228953
0.238392
0.235624
0.242845
0.229425
0.239658
0.239700
0.239673
0.242384
0.238856
0.248908
0.224728
0.233766
0.244058
0.224561
0.235344
0.237834
0.236278
0.242641
0.234176
0.244315
0.233994
0.243774
0.236468
0.246603
0.230447
0.242571
0.239945
0.244712
0.235539
0.245715
0.235736
0.245828
0.235496
0.245463
0.236068
0.246289
0.233920
0.243560
0.241058
0.247184
0.233595
0.244001
0.243279
0.244990
0.242800
0.250824
0.230263
0.248326
0.248326
0.233611
0.242877
0.239168
0.246451
0.234484
0.244298
0.243318
0.246819
0.240210
0.251293
0.230709
0.248495
0.234541
0.243771
0.240027
0.247559
0.235702
0.245499
0.244480
0.248158
0.241273
0.252294
0.232729
0.250071
0.235303
0.244619
0.242794
0.247774
0.240806
0.251515
0.235469
0.248149
0.243361
0.251154
0.235754
0.247354
0.246430
0.248762
0.245774
0.254720
0.234304
0.252192
0.238340
0.247594
0.243140
0.251242
0.238550
0.248456
0.248527
0.249500
0.250243
0.252409
0.250102
0.258961
0.234777
0.242250
0.252284
0.235722
0.244955
0.247225
0.246800
0.252160
0.244773
0.255420
0.239916
0.251633
0.248914
0.254082
0.243908
0.253919
0.246775
0.257368
0.238056
0.254477
0.242623
0.252095
0.245204
0.254909
0.241863
0.251698
0.251709
0.252826
0.253408
0.256116
0.252246
0.262808
0.237252
0.241188
0.254696
0.238537
0.247039
0.249204
0.250402
0.253661
0.252421
0.259036
0.245803
0.255964
0.255360
0.256417
0.256092
0.260216
0.251028
0.261617
0.246778
0.257454
0.254228
0.260167
0.246345
0.256662
0.255898
0.257546
0.255362
0.263185
0.243290
0.261565
0.243960
0.254542
0.252514
0.256755
0.251578
0.261822
0.244010
0.259188
0.249223
0.258915
0.247540
0.257160
0.254045
0.261588
0.246802
0.258044
0.256702
0.259573
0.255005
0.265196
0.244298
0.262162
0.248690
0.257901
0.252800
0.261376
0.248998
0.258763
0.258447
0.260428
0.258659
0.265916
0.248817
0.264360
0.251151
0.260641
0.255124
0.264184
0.248697
0.260356
0.258938
0.262052
0.257069
0.267351
0.247229
0.264871
0.250640
0.259862
0.256781
0.263385
0.253493
0.263529
0.257101
0.267310
0.248954
0.264099
0.255071
0.264658
0.252210
0.261798
0.260840
0.264742
0.258587
0.269334
0.250092
0.266899
0.253240
0.262522
0.258979
0.266210
0.254783
0.264566
0.262105
0.268388
0.254809
0.265168
0.264199
0.266529
0.262858
0.272482
0.250466
0.267657
0.259162
0.267829
0.253293
0.263353
0.264620
0.263661
0.269039
0.258966
0.269174
0.260343
0.270985
0.254507
0.266944
0.262599
0.270001
0.255077
0.266192
0.265390
0.267579
0.265016
0.273458
0.253839
0.271674
0.255269
0.265127
0.263746
0.267482
0.263649
0.273282
0.254794
0.271086
0.258416
0.267867
0.262274
0.271349
0.257920
0.267999
0.268066
0.268812
0.270191
0.270817
0.273293
0.269266
0.279920
0.253868
0.257371
0.271587
0.254077
0.262788
0.265646
0.265805
0.270504
0.266608
0.275836
0.259679
0.272286
0.268408
0.274597
0.263237
0.272784
0.269853
0.276580
0.262530
0.272875
0.272247
0.273425
0.272960
0.277381
0.267812
0.278201
0.265326
0.275039
0.270337
0.278863
0.260041
0.276082
0.264104
0.273721
0.265865
0.275785
0.263220
0.272962
0.271709
0.275657
0.268810
0.279597
0.261361
0.276807
0.265349
0.274993
0.266356
0.276348
0.265552
0.275435
0.269826
0.279405
0.262201
0.275800
0.270133
0.278450
0.263825
0.274330
0.274682
0.274741
0.277786
0.274025
0.283909
0.261824
0.279168
0.269722
0.278614
0.265460
0.275088
0.275135
0.277384
0.276063
0.282597
0.268039
0.279515
0.275880
0.282367
0.267434
0.278527
0.276854
0.280354
0.273514
0.284434
0.265100
0.281794
0.267726
0.277118
0.273916
0.280739
0.270035
0.279996
0.275162
0.284378
0.266031
0.281325
0.271590
0.281315
0.269602
0.279291
0.276288
0.283541
0.269904
0.280237
0.279487
0.281530
0.279293
0.287149
0.268941
0.285454
0.270193
0.279825
0.277522
0.282795
0.274820
0.285409
0.271747
0.281878
0.279985
0.284334
0.276073
0.286821
0.271698
0.282887
0.279806
0.285664
0.273318
0.283322
0.280760
0.287054
0.272584
0.283683
0.281193
0.286375
0.274701
0.284792
0.280032
0.289358
0.268713
0.286322
0.272353
0.281875
0.277964
0.285745
0.273908
0.283901
0.281735
0.287661
0.275470
0.285533
0.282615
0.289424
0.273867
0.286150
0.281690
0.289527
0.272802
0.285989
0.280912
0.289236
0.273228
0.285300
0.283013
0.287959
0.278855
0.289443
0.277653
0.287756
0.281599
0.291646
0.272758
0.288478
0.277959
0.287861
0.277426
0.287481
0.280905
0.291106
0.275261
0.287232
0.284614
0.289912
0.280359
0.290789
0.280992
0.291502
0.279145
0.289155
0.284600
0.293421
0.275850
0.290318
0.282132
0.291968
0.277003
0.287704
0.287639
0.289157
0.289414
0.293206
0.286314
0.297812
0.275564
0.293139
0.281264
0.290828
0.281087
0.291138
0.283416
0.293797
0.280415
0.290533
0.289090
0.293201
0.286398
0.297277
0.279106
0.294361
0.283045
0.292913
0.283525
0.293673
0.284139
0.294444
0.284394
0.294641
0.284898
0.295221
0.284262
0.294381
0.287014
0.297400
0.280807
0.293402
0.289356
0.296459
0.283206
0.293413
0.292335
0.295844
0.289971
0.300810
0.280279
0.297786
0.283223
0.292711
0.289568
0.296352
0.286584
0.296860
0.289132
0.299616
0.283515
0.295393
0.292572
0.298070
0.288128
0.298442
0.298442
