-0.107947
-0.155068
-0.153879
-0.151321
-0.147992
-0.144341
-0.140580
-0.136735
-0.132745
-0.128567
-0.124223
-0.119783
-0.115349
-0.111035
-0.106955
-0.103203
-0.099846
-0.096917
-0.094419
-0.092332
-0.090619
-0.089237
-0.088138
-0.087277
-0.086611
-0.086102
-0.085717
-0.085427
-0.085210
-0.085047
-0.084926
-0.084835
-0.084765
-0.084711
-0.084666
-0.084627
-0.084589
-0.084551
-0.084510
-0.084465
-0.084413
-0.084354
-0.084287
-0.084212
-0.084128
-0.084035
-0.083934
-0.083827
-0.083712
-0.083593
-0.083472
-0.083350
-0.083234
-0.083129
-0.083046
-0.083001
-0.083013
-0.083103
-0.083283
-0.083529
-0.083794
-0.084049
-0.084298
-0.084558
-0.084849
-0.085185
-0.085566
-0.085984
-0.086427
-0.086881
-0.087331
-0.087762
-0.088163
-0.088527
-0.088850
-0.089132
-0.089378
-0.089591
-0.089776
-0.089939
-0.090083
-0.090210
-0.090324
-0.090426
-0.090518
-0.090601
-0.090676
-0.090744
-0.090805
-0.090861
-0.090910
-0.090955
-0.090993
-0.091027
-0.091054
-0.091076
-0.091092
-0.091101
-0.091105
-0.091101
-0.091091
-0.091074
-0.091050
-0.091019
-0.090981
-0.090937
-0.090887
-0.090830
-0.090767
-0.090698
-0.090625
-0.090550
-0.090475
-0.090402
-0.090330
-0.090258
-0.090176
-0.090079
-0.089961
-0.089824
-0.089669
-0.089497
-0.089310
-0.089111
-0.088900
-0.088677
-0.088445
-0.088203
-0.087953
-0.087694
-0.087428
-0.087154
-0.086875
-0.086593
-0.086310
-0.086031
-0.085761
-0.085506
-0.085272
-0.085064
-0.084881
-0.084715
-0.084554
-0.084391
-0.084224
-0.084052
-0.083878
-0.083702
-0.083523
-0.083340
-0.083149
-0.082951
-0.082745
-0.082531
-0.082310
-0.082080
-0.081843
-0.081599
-0.081349
-0.081094
-0.080834
-0.080571
-0.080306
-0.080039
-0.079771
-0.079503
-0.079236
-0.078969
-0.078703
-0.078438
-0.078172
-0.077907
-0.077638
-0.077359
-0.077056
-0.076758
-0.076496
-0.076242
-0.075982
-0.075717
-0.075447
-0.075183
-0.074955
-0.074757
-0.074581
-0.074425
-0.074167
-0.073918
-0.073629
-0.073389
-0.073070
-0.072885
-0.072521
-0.072376
-0.072003
-0.071798
-0.071598
-0.071345
-0.071084
-0.070823
-0.070558
-0.070324
-0.070131
-0.069937
-0.069719
-0.069485
-0.069253
-0.069025
-0.068797
-0.068572
-0.068350
-0.068130
-0.067912
-0.067697
-0.067484
-0.067275
-0.067068
-0.066864
-0.066663
-0.066465
-0.066270
-0.066078
-0.065889
-0.065704
-0.065522
-0.065344
-0.065169
-0.064997
-0.064829
-0.064665
-0.064505
-0.064348
-0.064195
-0.064046
-0.063901
-0.063760
-0.063624
-0.063492
-0.063365
-0.063243
-0.063127
-0.063016
-0.062910
-0.062810
-0.062717
-0.062629
-0.062547
-0.062470
-0.062400
-0.062334
-0.062274
-0.062219
-0.062169
-0.062124
-0.062083
-0.062047
-0.062015
-0.061987
-0.061963
-0.061943
-0.061926
-0.061913
-0.061903
-0.061896
-0.061893
-0.061892
-0.061895
-0.061900
-0.061909
-0.061921
-0.061935
-0.061952
-0.061973
-0.061996
-0.062023
-0.062052
-0.062084
-0.062120
-0.062159
-0.062201
-0.062246
-0.062295
-0.062347
-0.062402
-0.062460
-0.062521
-0.062585
-0.062650
-0.062717
-0.062784
-0.062850
-0.062916
-0.062980
-0.063043
-0.063104
-0.063165
-0.063226
-0.063286
-0.063347
-0.063408
-0.063469
-0.063531
-0.063593
-0.063655
-0.063718
-0.063781
-0.063844
-0.063908
-0.063973
-0.064038
-0.064104
-0.064172
-0.064240
-0.064311
-0.064383
-0.064458
-0.064537
-0.064621
-0.064713
-0.064813
-0.064923
-0.065044
-0.065176
-0.065320
-0.065474
-0.065638
-0.065810
-0.065990
-0.066176
-0.066368
-0.066566
-0.066767
-0.066974
-0.067184
-0.067398
-0.067615
-0.067836
-0.068060
-0.068288
-0.068519
-0.068753
-0.068990
-0.069230
-0.069473
-0.069719
-0.069968
-0.070219
-0.070473
-0.070729
-0.070987
-0.071247
-0.071510
-0.071774
-0.072041
-0.072309
-0.072579
-0.072851
-0.073125
-0.073400
-0.073677
-0.073956
-0.074237
-0.074520
-0.074804
-0.075091
-0.075379
-0.075669
-0.075962
-0.076256
-0.076552
-0.076850
-0.077150
-0.077452
-0.077756
-0.078063
-0.078371
-0.078682
-0.078994
-0.079309
-0.079626
-0.079945
-0.080267
-0.080590
-0.080916
-0.081243
-0.081573
-0.081906
-0.082240
-0.082577
-0.082915
-0.083256
-0.083599
-0.083944
-0.084292
-0.084641
-0.084993
-0.085347
-0.085703
-0.086061
-0.086421
-0.086783
-0.087147
-0.087514
-0.087882
-0.088252
-0.088624
-0.088998
-0.089374
-0.089752
-0.090132
-0.090514
-0.090897
-0.091282
-0.091669
-0.092058
-0.092448
-0.092840
-0.093233
-0.093628
-0.094024
-0.094422
-0.094822
-0.095222
-0.095624
-0.096027
-0.096431
-0.096837
-0.097244
-0.097651
-0.098060
-0.098470
-0.098881
-0.099293
-0.099707
-0.100121
-0.100536
-0.100952
-0.101370
-0.101788
-0.102208
-0.102628
-0.103050
-0.103473
-0.103897
-0.104322
-0.104748
-0.105176
-0.105605
-0.106034
-0.106466
-0.106898
-0.107332
-0.107767
-0.108203
-0.108640
-0.109079
-0.109519
-0.109960
-0.110402
-0.110845
-0.111290
-0.111736
-0.112183
-0.112631
-0.113080
-0.113531
-0.113982
-0.114435
-0.114888
-0.115343
-0.115799
-0.116255
-0.116713
-0.117172
-0.117632
-0.118092
-0.118554
-0.119017
-0.119480
-0.119945
-0.120410
-0.120877
-0.121344
-0.121812
-0.122281
-0.122751
-0.123222
-0.123694
-0.124167
-0.124640
-0.125115
-0.125590
-0.126066
-0.126543
-0.127021
-0.127500
-0.127980
-0.128461
-0.128942
-0.129424
-0.129424
-0.129908
-0.130392
-0.130877
-0.131362
-0.131849
-0.132337
-0.132825
-0.133314
-0.133805
-0.134296
-0.134788
-0.135281
-0.135774
-0.136269
-0.136764
-0.137261
-0.137758
-0.138256
-0.138755
-0.139255
-0.139755
-0.140257
-0.140759
-0.141263
-0.141767
-0.142272
-0.142778
-0.143285
-0.143792
-0.144301
-0.144810
-0.145321
-0.145832
-0.146344
-0.146857
-0.147371
-0.147885
-0.148401
-0.148917
-0.149434
-0.149952
-0.150471
-0.150991
-0.151512
-0.152033
-0.152555
-0.153079
-0.153603
-0.154127
-0.154653
-0.155179
-0.155707
-0.156235
-0.156763
-0.157293
-0.157824
-0.158355
-0.158887
-0.159420
-0.159953
-0.160487
-0.161023
-0.161558
-0.162095
-0.162632
-0.163170
-0.163709
-0.164249
-0.164789
-0.165330
-0.165871
-0.166413
-0.166956
-0.167500
-0.168044
-0.168589
-0.169135
-0.169681
-0.170228
-0.170775
-0.171323
-0.171871
-0.172420
-0.172970
-0.173520
-0.174071
-0.174622
-0.175174
-0.175726
-0.176279
-0.176832
-0.177385
-0.177939
-0.178494
-0.179049
-0.179604
-0.180159
-0.180715
-0.181271
-0.181828
-0.182384
-0.182941
-0.183499
-0.184056
-0.184614
-0.185172
-0.185730
-0.186288
-0.186846
-0.187405
-0.187963
-0.188522
-0.189080
-0.189639
-0.190197
-0.190756
-0.191314
-0.191872
-0.192431
-0.192989
-0.193546
-0.194104
-0.194661
-0.195218
-0.195775
-0.196331
-0.196887
-0.197443
-0.197998
-0.198552
-0.199107
-0.199660
-0.200213
-0.200765
-0.201317
-0.201868
-0.202418
-0.202968
-0.203516
-0.204064
-0.204611
-0.205157
-0.205702
-0.206246
-0.206788
-0.207330
-0.207870
-0.208410
-0.208947
-0.209484
-0.210019
-0.210553
-0.211085
-0.211616
-0.212145
-0.212673
-0.213199
-0.213723
-0.214245
-0.214766
-0.215284
-0.215801
-0.216315
-0.216827
-0.217338
-0.217846
-0.218351
-0.218855
-0.219355
-0.219854
-0.220350
-0.220843
-0.221333
-0.221821
-0.222306
-0.222788
-0.223267
-0.223743
-0.224216
-0.224685
-0.225152
-0.225614
-0.226074
-0.226530
-0.226982
-0.227431
-0.227876
-0.228317
-0.228755
-0.229188
-0.229617
-0.230042
-0.230463
-0.230879
-0.231291
-0.231698
-0.232101
-0.232499
-0.232893
-0.233281
-0.233665
-0.234043
-0.234416
-0.234784
-0.235147
-0.235504
-0.235856
-0.236202
-0.236542
-0.236877
-0.237206
-0.237528
-0.237845
-0.238155
-0.238459
-0.238756
-0.239047
-0.239332
-0.239610
-0.239880
-0.240144
-0.240401
-0.240651
-0.240894
-0.241129
-0.241357
-0.241577
-0.241789
-0.241994
-0.242191
-0.242381
-0.242562
-0.242735
-0.242899
-0.243056
-0.243203
-0.243343
-0.243473
-0.243595
-0.243708
-0.243813
-0.243908
-0.243994
-0.244071
-0.244138
-0.244196
-0.244245
-0.244284
-0.244314
-0.244334
-0.244344
-0.244344
-0.244334
-0.244314
-0.244284
-0.244244
-0.244194
-0.244134
-0.244063
-0.243982
-0.243890
-0.243788
-0.243676
-0.243553
-0.243420
-0.243276
-0.243121
-0.242956
-0.242780
-0.242594
-0.242397
-0.242189
-0.241971
-0.241742
-0.241503
-0.241253
-0.240992
-0.240721
-0.240440
-0.240148
-0.239845
-0.239532
-0.239209
-0.238876
-0.238532
-0.238179
-0.237815
-0.237442
-0.237058
-0.236665
-0.236262
-0.235850
-0.235428
-0.234997
-0.234557
-0.234108
-0.233650
-0.233183
-0.232708
-0.232223
-0.231731
-0.231230
-0.230721
-0.230204
-0.229679
-0.229146
-0.228606
-0.228058
-0.227503
-0.226940
-0.226371
-0.225795
-0.225212
-0.224623
-0.224028
-0.223426
-0.222819
-0.222206
-0.221588
-0.220965
-0.220336
-0.219703
-0.219065
-0.218423
-0.217777
-0.217126
-0.216472
-0.215815
-0.215154
-0.214490
-0.213824
-0.213154
-0.212482
-0.211808
-0.211131
-0.210452
-0.209771
-0.209089
-0.208404
-0.207719
-0.207031
-0.206343
-0.205653
-0.204962
-0.204270
-0.203577
-0.202883
-0.202189
-0.201493
-0.200797
-0.200101
-0.199403
-0.198706
-0.198008
-0.197309
-0.196610
-0.195910
-0.195211
-0.194511
-0.193810
-0.193109
-0.192408
-0.191707
-0.191005
-0.190303
-0.189601
-0.188899
-0.188196
-0.187493
-0.186790
-0.186087
-0.185384
-0.184682
-0.183976
-0.183261
-0.182539
-0.181810
-0.181091
-0.180352
-0.179606
-0.178932
-0.178289
-0.177624
-0.176935
-0.176225
-0.175505
-0.174784
-0.174067
-0.173352
-0.172637
-0.171919
-0.171198
-0.170474
-0.169753
-0.169027
-0.168201
-0.167366
-0.166671
-0.166040
-0.165394
-0.164600
-0.163778
-0.163111
-0.162490
-0.161824
-0.161149
-0.160285
-0.159400
-0.158745
-0.158193
-0.157529
-0.156699
-0.155808
-0.155139
-0.154587
-0.153861
-0.153111
-0.152214
-0.151309
-0.150690
-0.150275
-0.149446
-0.148515
-0.147833
-0.147368
-0.146469
-0.145539
-0.144865
-0.144441
-0.143543
-0.142603
-0.141942
-0.141557
-0.140633
-0.139668
-0.139014
-0.138666
-0.137741
-0.136790
-0.136150
-0.135814
-0.134944
-0.134263
-0.133324
-0.132834
-0.132352
-0.131505
-0.130988
-0.130468
-0.129571
-0.129034
-0.128420
-0.127539
-0.126926
-0.126304
-0.125394
-0.124822
-0.124234
-0.123324
-0.122772
-0.122127
-0.121178
-0.120601
-0.119986
-0.119028
-0.118510
-0.117857
-0.116873
-0.116307
-0.115670
-0.114675
-0.114184
-0.113515
-0.112495
-0.111926
-0.111269
-0.110241
-0.109786
-0.109085
-0.108025
-0.107422
-0.106743
-0.105670
-0.105260
-0.104485
-0.103379
-0.102819
-0.102188
-0.101071
-0.100583
-0.099650
-0.099049
-0.098271
-0.097608
-0.096585
-0.095955
-0.095371
-0.094304
-0.093854
-0.093854
-0.093097
-0.092317
-0.091185
-0.090710
-0.089861
-0.089292
-0.088614
-0.087504
-0.086946
-0.085999
-0.085406
-0.084457
-0.083952
-0.083230
-0.082126
-0.081473
-0.080553
-0.080058
-0.079072
-0.078449
-0.077730
-0.076674
-0.076088
-0.075058
-0.074542
-0.073591
-0.072992
-0.072215
-0.071273
-0.070559
-0.069518
-0.068956
-0.067944
-0.067512
-0.066582
-0.065892
-0.065041
-0.064274
-0.063227
-0.062630
-0.061694
-0.061102
-0.060167
-0.059542
-0.058602
-0.057935
-0.056992
-0.056335
-0.055398
-0.054738
-0.053809
-0.053155
-0.052224
-0.051566
-0.050638
-0.049986
-0.049062
-0.048407
-0.047484
-0.046832
-0.045914
-0.045261
-0.044346
-0.043694
-0.042785
-0.042133
-0.041228
-0.040577
-0.039676
-0.039027
-0.038130
-0.037483
-0.036590
-0.035945
-0.035056
-0.034414
-0.033530
-0.032890
-0.032011
-0.031374
-0.030501
-0.029867
-0.029000
-0.028368
-0.027507
-0.026878
-0.026022
-0.025395
-0.024545
-0.023921
-0.023076
-0.022455
-0.021615
-0.020996
-0.020161
-0.019546
-0.018715
-0.018103
-0.017276
-0.016668
-0.015844
-0.015240
-0.014419
-0.013819
-0.013001
-0.012406
-0.011592
-0.011002
-0.010193
-0.009607
-0.008805
-0.008223
-0.007428
-0.006849
-0.006061
-0.005485
-0.004704
-0.004130
-0.003356
-0.002784
-0.002017
-0.001447
-0.000687
-0.000118
0.000635
0.001201
0.001947
0.002512
0.003248
0.003813
0.004539
0.005104
0.005819
0.006385
0.007088
0.007658
0.008349
0.008922
0.009602
0.010179
0.010849
0.011429
0.012090
0.012672
0.013323
0.013908
0.014549
0.015136
0.015767
0.016355
0.016976
0.017564
0.018175
0.018762
0.019364
0.019949
0.020541
0.021124
0.021707
0.022284
0.022858
0.023428
0.023994
0.024556
0.025113
0.025666
0.026214
0.026756
0.027294
0.027825
0.028351
0.028872
0.029385
0.029893
0.030394
0.030888
0.031375
0.031855
0.032327
0.032791
0.033248
0.033696
0.034136
0.034567
0.034989
0.035403
0.035807
0.036202
0.036587
0.036963
0.037329
0.037685
0.038031
0.038367
0.038693
0.039009
0.039315
0.039610
0.039895
0.040170
0.040435
0.040690
0.040935
0.041171
0.041396
0.041612
0.041819
0.042017
0.042206
0.042386
0.042558
0.042721
0.042877
0.043024
0.043164
0.043297
0.043423
0.043541
0.043653
0.043759
0.043858
0.043951
0.044038
0.044120
0.044195
0.044266
0.044331
0.044391
0.044445
0.044495
0.044540
0.044580
0.044615
0.044645
0.044671
0.044691
0.044707
0.044717
0.044723
0.044723
0.044718
0.044708
0.044692
0.044670
0.044643
0.044610
0.044570
0.044524
0.044472
0.044414
0.044349
0.044278
0.044200
0.044116
0.044026
0.043929
0.043827
0.043719
0.043605
0.043487
0.043363
0.043236
0.043105
0.042970
0.042833
0.042694
0.042553
0.042411
0.042270
0.042128
0.041988
0.041850
0.041714
0.041582
0.041454
0.041330
0.041210
0.041097
0.040990
0.040889
0.040795
0.040708
0.040628
0.040557
0.040493
0.040438
0.040390
0.040351
0.040321
0.040298
0.040284
0.040278
0.040280
0.040290
0.040308
0.040333
0.040365
0.040405
0.040451
0.040504
0.040564
0.040629
0.040701
0.040778
0.040861
0.040949
0.041042
0.041140
0.041243
0.041350
0.041462
0.041578
0.041697
0.041821
0.041949
0.042080
0.042214
0.042352
0.042493
0.042636
0.042781
0.042929
0.043077
0.043226
0.043376
0.043526
0.043675
0.043825
0.043975
0.044126
0.044278
0.044431
0.044585
0.044741
0.044899
0.045058
0.045219
0.045382
0.045546
0.045712
0.045879
0.046048
0.046218
0.046388
0.046560
0.046732
0.046905
0.047078
0.047252
0.047426
0.047600
0.047773
0.047947
0.048120
0.048294
0.048466
0.048638
0.048810
0.048980
0.049150
0.049319
0.049487
0.049653
0.049819
0.049983
0.050145
0.050307
0.050467
0.050626
0.050784
0.050941
0.051098
0.051255
0.051411
0.051568
0.051726
0.051883
0.052041
0.052199
0.052357
0.052515
0.052672
0.052829
0.052985
0.053141
0.053295
0.053448
0.053600
0.053751
0.053901
0.054050
0.054199
0.054348
0.054497
0.054645
0.054793
0.054941
0.055089
0.055237
0.055383
0.055530
0.055675
0.055820
0.055964
0.056108
0.056250
0.056392
0.056533
0.056674
0.056813
0.056952
0.057090
0.057227
0.057363
0.057498
0.057632
0.057766
0.057898
0.058030
0.058160
0.058290
0.058419
0.058547
0.058674
0.058800
0.058926
0.059051
0.059175
0.059298
0.059420
0.059542
0.059663
0.059784
0.059903
0.060023
0.060142
0.060260
0.060378
0.060496
0.060613
0.060730
0.060846
0.060963
0.061079
0.061196
0.061312
0.061428
0.061544
0.061661
0.061777
0.061894
0.062011
0.062129
0.062247
0.062365
0.062484
0.062603
0.062723
0.062844
0.062965
0.063087
0.063210
0.063334
0.063458
0.063584
0.063710
0.063837
0.063966
0.064095
0.064226
0.064357
0.064490
0.064623
0.064758
0.064894
0.065031
0.065169
0.065308
0.065449
0.065590
0.065733
0.065877
0.066023
0.066169
0.066317
0.066466
0.066617
0.066768
0.066921
0.067075
0.067230
0.067386
0.067544
0.067702
0.067860
0.068020
0.068180
0.068342
0.068503
0.068503
0.068666
0.068829
0.068992
0.069166
0.069237
0.069467
0.069640
0.069811
0.069957
0.070099
0.070253
0.070394
0.070537
0.070685
0.070834
0.070982
0.071129
0.071276
0.071423
0.071569
0.071716
0.071863
0.072011
0.072160
0.072310
0.072461
0.072613
0.072766
0.072920
0.073076
0.073232
0.073389
0.073548
0.073708
0.073868
0.074030
0.074193
0.074356
0.074521
0.074687
0.074853
0.075021
0.075189
0.075358
0.075527
0.075697
0.075868
0.076040
0.076212
0.076384
0.076557
0.076731
0.076904
0.077079
0.077254
0.077429
0.077605
0.077781
0.077958
0.078136
0.078314
0.078494
0.078674
0.078855
0.079037
0.079220
0.079404
0.079589
0.079775
0.079962
0.080150
0.080340
0.080530
0.080722
0.080915
0.081109
0.081304
0.081501
0.081698
0.081897
0.082097
0.082299
0.082501
0.082705
0.082910
0.083116
0.083324
0.083533
0.083743
0.083954
0.084167
0.084381
0.084596
0.084813
0.085031
0.085250
0.085470
0.085692
0.085915
0.086139
0.086365
0.086591
0.086819
0.087049
0.087279
0.087511
0.087743
0.087977
0.088212
0.088448
0.088685
0.088923
0.089162
0.089402
0.089643
0.089884
0.090127
0.090370
0.090614
0.090858
0.091104
0.091349
0.091596
0.091842
0.092090
0.092337
0.092585
0.092833
0.093082
0.093331
0.093579
0.093828
0.094077
0.094326
0.094575
0.094824
0.095073
0.095321
0.095569
0.095817
0.096065
0.096312
0.096559
0.096806
0.097052
0.097297
0.097542
0.097786
0.098030
0.098273
0.098515
0.098757
0.098997
0.099237
0.099476
0.099714
0.099951
0.100188
0.100423
0.100657
0.100891
0.101123
0.101354
0.101584
0.101813
0.102040
0.102267
0.102492
0.102716
0.102938
0.103160
0.103380
0.103599
0.103816
0.104032
0.104247
0.104460
0.104672
0.104882
0.105091
0.105299
0.105505
0.105710
0.105913
0.106114
0.106314
0.106513
0.106710
0.106906
0.107100
0.107293
0.107484
0.107673
0.107861
0.108048
0.108233
0.108416
0.108598
0.108779
0.108958
0.109136
0.109312
0.109486
0.109660
0.109831
0.110002
0.110171
0.110338
0.110504
0.110669
0.110832
0.110994
0.111155
0.111314
0.111472
0.111629
0.111784
0.111938
0.112091
0.112243
0.112393
0.112542
0.112690
0.112837
0.112982
0.113127
0.113270
0.113412
0.113553
0.113693
0.113832
0.113969
0.114106
0.114242
0.114376
0.114510
0.114643
0.114774
0.114905
0.115035
0.115163
0.115291
0.115418
0.115544
0.115670
0.115794
0.115917
0.116040
0.116162
0.116283
0.116403
0.116523
0.116641
0.116759
0.116876
0.116993
0.117108
0.117223
0.117337
0.117451
0.117564
0.117676
0.117787
0.117898
0.118008
0.118117
0.118226
0.118335
0.118442
0.118549
0.118656
0.118761
0.118867
0.118971
0.119075
0.119179
0.119282
0.119384
0.119486
0.119587
0.119688
0.119788
0.119888
0.119988
0.120086
0.120185
0.120282
0.120380
0.120476
0.120573
0.120669
0.120764
0.120859
0.120954
0.121048
0.121141
0.121235
0.121327
0.121420
0.121512
0.121603
0.121694
0.121785
0.121875
0.121965
0.122055
0.122144
0.122232
0.122321
0.122409
0.122496
0.122583
0.122670
0.122757
0.122843
0.122929
0.123014
0.123099
0.123184
0.123268
0.123352
0.123436
0.123519
0.123602
0.123685
0.123767
0.123849
0.123931
0.124012
0.124093
0.124174
0.124255
0.124335
0.124415
0.124494
0.124574
0.124653
0.124731
0.124810
0.124888
0.124966
0.125044
0.125121
0.125198
0.125275
0.125351
0.125428
0.125504
0.125579
0.125655
0.125730
0.125805
0.125880
0.125955
0.126029
0.126103
0.126177
0.126251
0.126324
0.126397
0.126470
0.126543
0.126616
0.126688
0.126760
0.126832
0.126904
0.126976
0.127047
0.127118
0.127189
0.127260
0.127331
0.127401
0.127471
0.127541
0.127611
0.127681
0.127750
0.127819
0.127888
0.127957
0.128026
0.128094
0.128162
0.128230
0.128298
0.128365
0.128432
0.128499
0.128565
0.128631
0.128696
0.128761
0.128825
0.128889
0.128952
0.129014
0.129075
0.129136
0.129195
0.129253
0.129309
0.129364
0.129417
0.129468
0.129517
0.129564
0.129608
0.129650
0.129691
0.129733
0.129777
0.129825
0.129879
0.129940
0.130006
0.130075
0.130146
0.130218
0.130288
0.130357
0.130423
0.130486
0.130546
0.130603
0.130658
0.130708
0.130756
0.130801
0.130842
0.130879
0.130914
0.130945
0.130973
0.130997
0.131017
0.131035
0.131048
0.131059
0.131065
0.131069
0.131069
0.131065
0.131058
0.131048
0.131034
0.131017
0.130996
0.130973
0.130946
0.130915
0.130882
0.130845
0.130805
0.130762
0.130716
0.130667
0.130615
0.130560
0.130502
0.130440
0.130376
0.130309
0.130239
0.130166
0.130091
0.130012
0.129931
0.129847
0.129760
0.129671
0.129578
0.129484
0.129386
0.129286
0.129183
0.129078
0.128970
0.128860
0.128747
0.128631
0.128513
0.128393
0.128270
0.128145
0.128018
0.127888
0.127756
0.127621
0.127485
0.127346
0.127204
0.127061
0.126916
0.126768
0.126618
0.126466
0.126312
0.126312
0.126156
0.125998
0.125837
0.125675
0.125511
0.125345
0.125177
0.125007
0.124835
0.124662
0.124486
0.124309
0.124130
0.123949
0.123766
0.123582
0.123395
0.123208
0.123018
0.122827
0.122634
0.122440
0.122244
0.122046
0.121847
0.121646
0.121444
0.121240
0.121035
0.120829
0.120621
0.120411
0.120200
0.119988
0.119774
0.119559
0.119343
0.119125
0.118906
0.118686
0.118465
0.118242
0.118018
0.117793
0.117566
0.117339
0.117110
0.116880
0.116649
0.116417
0.116183
0.115949
0.115713
0.115477
0.115239
0.115000
0.114761
0.114520
0.114278
0.114035
0.113791
0.113547
0.113301
0.113054
0.112806
0.112558
0.112308
0.112057
0.111806
0.111553
0.111300
0.111046
0.110790
0.110534
0.110277
0.110019
0.109760
0.109500
0.109239
0.108977
0.108715
0.108451
0.108186
0.107921
0.107654
0.107386
0.107118
0.106848
0.106578
0.106306
0.106033
0.105759
0.105485
0.105209
0.104932
0.104653
0.104374
0.104094
0.103812
0.103529
0.103245
0.102960
0.102673
0.102385
0.102096
0.101806
0.101514
0.101221
0.100927
0.100631
0.100334
0.100036
0.099736
0.099435
0.099132
0.098828
0.098523
0.098216
0.097908
0.097598
0.097287
0.096975
0.096661
0.096346
0.096030
0.095712
0.095393
0.095072
0.094750
0.094427
0.094103
0.093777
0.093450
0.093122
0.092792
0.092461
0.092130
0.091797
0.091462
0.091127
0.090791
0.090453
0.090115
0.089776
0.089435
0.089094
0.088751
0.088408
0.088064
0.087719
0.087373
0.087027
0.086679
0.086331
0.085982
0.085632
0.085282
0.084931
0.084579
0.084227
0.083874
0.083520
0.083166
0.082811
0.082455
0.082099
0.081743
0.081386
0.081028
0.080669
0.080310
0.079951
0.079591
0.079230
0.078869
0.078507
0.078145
0.077782
0.077419
0.077055
0.076690
0.076325
0.075959
0.075593
0.075226
0.074859
0.074491
0.074122
0.073753
0.073384
0.073014
0.072643
0.072272
0.071901
0.071529
0.071157
0.070785
0.070414
0.070043
0.069676
0.069312
0.068956
0.068617
0.068333
0.067820
0.067302
0.066767
0.066359
0.065838
0.065557
0.064856
0.064856
0.063885
0.064172
0.063531
0.063195
0.062372
0.062569
0.061723
0.061653
0.060655
0.060969
0.060447
0.059651
0.059607
0.058460
0.058923
0.058572
0.057187
0.057837
0.057531
0.055940
0.056628
0.056389
0.055100
0.055099
0.053781
0.054264
0.054058
0.052677
0.052916
0.052138
0.051626
0.050659
0.050976
0.050397
0.049447
0.049528
0.048126
0.048957
0.048850
0.048185
0.047395
0.046068
0.046614
0.046322
0.045067
0.044882
0.043241
0.044437
0.044366
0.043931
0.043992
0.043885
0.043662
0.043397
0.043069
0.042708
0.042318
0.041905
0.041479
0.041044
0.040600
0.040148
0.039690
0.039226
0.038757
0.038284
0.037809
0.037332
0.036854
0.036374
0.035892
0.035409
0.034923
0.034436
0.033947
0.033456
0.032963
0.032469
0.031973
0.031476
0.030977
0.030476
0.029974
0.029471
0.028966
0.028459
0.027951
0.027442
0.026932
0.026420
0.025907
0.025393
0.024878
0.024361
0.023843
0.023324
0.022804
0.022283
0.021761
0.021237
0.020712
0.020186
0.019659
0.019130
0.018600
0.018068
0.017535
0.017000
0.016464
0.015926
0.015386
0.014845
0.014301
0.013756
0.013208
0.012658
0.012107
0.011552
0.010996
0.010437
0.009875
0.009311
0.008743
0.008173
0.007601
0.007025
0.006445
0.005863
0.005277
0.004688
0.004095
0.003499
0.002899
0.002295
0.001687
0.001075
0.000459
-0.000161
-0.000786
-0.001415
-0.002049
-0.002687
-0.003330
-0.003978
-0.004631
-0.005289
-0.005952
-0.006620
-0.007294
-0.007973
-0.008658
-0.009348
-0.010043
-0.010745
-0.011452
-0.012164
-0.012883
-0.013608
-0.014338
-0.015075
-0.015817
-0.016566
-0.017320
-0.018081
-0.018848
-0.019621
-0.020400
-0.021185
-0.021976
-0.022774
-0.023577
-0.024387
-0.025203
-0.026025
-0.026853
-0.027687
-0.028527
-0.029373
-0.030224
-0.031082
-0.031946
-0.032815
-0.033690
-0.034571
-0.035457
-0.036349
-0.037246
-0.038148
-0.039056
-0.039969
-0.040887
-0.041810
-0.042738
-0.043671
-0.044608
-0.045551
-0.046497
-0.047448
-0.048403
-0.049363
-0.050326
-0.051294
-0.052265
-0.053240
-0.054218
-0.055200
-0.056185
-0.057173
-0.058164
-0.059159
-0.060156
-0.061155
-0.062157
-0.063161
-0.064168
-0.065176
-0.066187
-0.067199
-0.068213
-0.069228
-0.070245
-0.071263
-0.072282
-0.073301
-0.074322
-0.075343
-0.076365
-0.077387
-0.078409
-0.079431
-0.080453
-0.081475
-0.082497
-0.083518
-0.084538
-0.085558
-0.086577
-0.087595
-0.088611
-0.089627
-0.090641
-0.091654
-0.092665
-0.093674
-0.094682
-0.095687
-0.096691
-0.097692
-0.098692
-0.099689
-0.100683
-0.101675
-0.102665
-0.103651
-0.104635
-0.105617
-0.106595
-0.107570
-0.108543
-0.109512
-0.110478
-0.111440
-0.112400
-0.113356
-0.114308
-0.115258
-0.116203
-0.117145
-0.118083
-0.119018
-0.119949
-0.120876
-0.121799
-0.122718
-0.123633
-0.124544
-0.125451
-0.126354
-0.127253
-0.128147
-0.129038
-0.129924
-0.130805
-0.131683
-0.132555
-0.133424
-0.134287
-0.134287
-0.135147
-0.136001
-0.136851
-0.137696
-0.138537
-0.139373
-0.140204
-0.141030
-0.141851
-0.142667
-0.143479
-0.144285
-0.145087
-0.145883
-0.146674
-0.147460
-0.148241
-0.149017
-0.149788
-0.150554
-0.151314
-0.152069
-0.152819
-0.153563
-0.154302
-0.155036
-0.155765
-0.156488
-0.157206
-0.157919
-0.158626
-0.159328
-0.160024
-0.160715
-0.161401
-0.162082
-0.162757
-0.163427
-0.164091
-0.164750
-0.165404
-0.166052
-0.166696
-0.167333
-0.167966
-0.168593
-0.169216
-0.169833
-0.170444
-0.171051
-0.171652
-0.172249
-0.172840
-0.173426
-0.174007
-0.174583
-0.175154
-0.175721
-0.176282
-0.176838
-0.177389
-0.177936
-0.178477
-0.179014
-0.179546
-0.180074
-0.180596
-0.181114
-0.181627
-0.182136
-0.182640
-0.183139
-0.183634
-0.184124
-0.184610
-0.185091
-0.185567
-0.186039
-0.186507
-0.186969
-0.187428
-0.187881
-0.188331
-0.188775
-0.189215
-0.189650
-0.190080
-0.190505
-0.190924
-0.191339
-0.191748
-0.192150
-0.192546
-0.192935
-0.193315
-0.193685
-0.194041
-0.194375
-0.194671
-0.194876
-0.195217
-0.195994
-0.195934
-0.196622
-0.196793
-0.197680
-0.197584
-0.198223
-0.198363
-0.199230
-0.199120
-0.199747
-0.199938
-0.200762
-0.200655
-0.201352
-0.201420
-0.202327
-0.202199
-0.202745
-0.203009
-0.203626
-0.203595
-0.204418
-0.204339
-0.205018
-0.205044
-0.205846
-0.205721
-0.206315
-0.206409
-0.207133
-0.207029
-0.207679
-0.207689
-0.208413
-0.208319
-0.208955
-0.208950
-0.209637
-0.209559
-0.210194
-0.210177
-0.210834
-0.210773
-0.211401
-0.211373
-0.212003
-0.211959
-0.212573
-0.212544
-0.213151
-0.213120
-0.213717
-0.213693
-0.214280
-0.214260
-0.214837
-0.214822
-0.215389
-0.215379
-0.215936
-0.215932
-0.216478
-0.216480
-0.217015
-0.217024
-0.217547
-0.217564
-0.218075
-0.218100
-0.218599
-0.218632
-0.219118
-0.219160
-0.219632
-0.219684
-0.220143
-0.220204
-0.220648
-0.220721
-0.221150
-0.221234
-0.221647
-0.221743
-0.222141
-0.222249
-0.222630
-0.222751
-0.223115
-0.223250
-0.223597
-0.223745
-0.224075
-0.224236
-0.224550
-0.224722
-0.225021
-0.225205
-0.225490
-0.225684
-0.225955
-0.226158
-0.226418
-0.226627
-0.226877
-0.227092
-0.227334
-0.227552
-0.227788
-0.228007
-0.228238
-0.228458
-0.228685
-0.228905
-0.229129
-0.229348
-0.229569
-0.229786
-0.230005
-0.230221
-0.230437
-0.230652
-0.230866
-0.231078
-0.231291
-0.231502
-0.231712
-0.231921
-0.232129
-0.232336
-0.232543
-0.232748
-0.232953
-0.233157
-0.233360
-0.233562
-0.233763
-0.233963
-0.234162
-0.234360
-0.234558
-0.234755
-0.234950
-0.235145
-0.235339
-0.235533
-0.235725
-0.235916
-0.236107
-0.236297
-0.236486
-0.236674
-0.236861
-0.237048
-0.237233
-0.237418
-0.237602
-0.237785
-0.237968
-0.238149
-0.238330
-0.238510
-0.238689
-0.238867
-0.239045
-0.239221
-0.239397
-0.239572
-0.239746
-0.239920
-0.240093
-0.240265
-0.240436
-0.240606
-0.240776
-0.240944
-0.241112
-0.241280
-0.241446
-0.241612
-0.241777
-0.241941
-0.242104
-0.242267
-0.242428
-0.242589
-0.242750
-0.242909
-0.243068
-0.243226
-0.243383
-0.243540
-0.243696
-0.243851
-0.244005
-0.244159
-0.244312
-0.244464
-0.244615
-0.244766
-0.244916
-0.245065
-0.245213
-0.245361
-0.245508
-0.245654
-0.245800
-0.245945
-0.246089
-0.246232
-0.246375
-0.246517
-0.246658
-0.246799
-0.246939
-0.247078
-0.247216
-0.247354
-0.247491
-0.247627
-0.247763
-0.247898
-0.248032
-0.248166
-0.248299
-0.248431
-0.248563
-0.248694
-0.248824
-0.248954
-0.249083
-0.249211
-0.249338
-0.249465
-0.249592
-0.249717
-0.249842
-0.249966
-0.250090
-0.250213
-0.250335
-0.250457
-0.250578
-0.250698
-0.250818
-0.250937
-0.251055
-0.251173
-0.251291
-0.251407
-0.251523
-0.251638
-0.251753
-0.251867
-0.251980
-0.252093
-0.252205
-0.252317
-0.252428
-0.252538
-0.252648
-0.252757
-0.252866
-0.252974
-0.253081
-0.253188
-0.253294
-0.253400
-0.253505
-0.253609
-0.253713
-0.253816
-0.253919
-0.254021
-0.254122
-0.254223
-0.254324
-0.254424
-0.254523
-0.254621
-0.254720
-0.254817
-0.254914
-0.255011
-0.255106
-0.255202
-0.255297
-0.255391
-0.255485
-0.255578
-0.255670
-0.255762
-0.255854
-0.255945
-0.256036
-0.256126
-0.256215
-0.256304
-0.256392
-0.256480
-0.256568
-0.256655
-0.256741
-0.256827
-0.256912
-0.256997
-0.257082
-0.257166
-0.257249
-0.257332
-0.257414
-0.257496
-0.257578
-0.257659
-0.257739
-0.257820
-0.257899
-0.257978
-0.258057
-0.258135
-0.258213
-0.258290
-0.258367
-0.258443
-0.258519
-0.258595
-0.258670
-0.258744
-0.258819
-0.258892
-0.258966
-0.259038
-0.259111
-0.259183
-0.259254
-0.259326
-0.259396
-0.259467
-0.259537
-0.259606
-0.259675
-0.259744
-0.259812
-0.259880
-0.259947
-0.260014
-0.260081
-0.260147
-0.260213
-0.260279
-0.260344
-0.260409
-0.260473
-0.260537
-0.260600
-0.260664
-0.260726
-0.260789
-0.260851
-0.260913
-0.260974
-0.261035
-0.261096
-0.261156
-0.261216
-0.261275
-0.261334
-0.261393
-0.261452
-0.261510
-0.261568
-0.261625
-0.261682
-0.261739
-0.261795
-0.261851
-0.261907
-0.261962
-0.262017
-0.262072
-0.262126
-0.262180
-0.262234
-0.262287
-0.262340
-0.262393
-0.262445
-0.262497
-0.262549
-0.262600
-0.262651
-0.262702
-0.262752
-0.262802
-0.262852
-0.262902
-0.262951
-0.262999
-0.262999
-0.263048
-0.263096
-0.263144
-0.263191
-0.263238
-0.263285
-0.263332
-0.263378
-0.263424
-0.263470
-0.263515
-0.263560
-0.263604
-0.263649
-0.263693
-0.263736
-0.263780
-0.263823
-0.263866
-0.263908
-0.263950
-0.263992
-0.264034
-0.264075
-0.264116
-0.264156
-0.264197
-0.264237
-0.264276
-0.264316
-0.264355
-0.264394
-0.264432
-0.264471
-0.264509
-0.264546
-0.264584
-0.264621
-0.264658
-0.264694
-0.264731
-0.264767
-0.264803
-0.264838
-0.264873
-0.264908
-0.264943
-0.264978
-0.265012
-0.265046
-0.265080
-0.265113
-0.265147
-0.265180
-0.265213
-0.265245
-0.265278
-0.265310
-0.265342
-0.265374
-0.265405
-0.265437
-0.265468
-0.265499
-0.265529
-0.265560
-0.265590
-0.265620
-0.265650
-0.265679
-0.265709
-0.265738
-0.265767
-0.265796
-0.265824
-0.265853
-0.265881
-0.265909
-0.265937
-0.265964
-0.265991
-0.266018
-0.266045
-0.266072
-0.266098
-0.266125
-0.266151
-0.266176
-0.266202
-0.266227
-0.266252
-0.266277
-0.266302
-0.266326
-0.266350
-0.266374
-0.266398
-0.266422
-0.266445
-0.266468
-0.266491
-0.266514
-0.266536
-0.266558
-0.266580
-0.266602
-0.266624
-0.266645
-0.266666
-0.266687
-0.266708
-0.266728
-0.266748
-0.266768
-0.266788
-0.266808
-0.266827
-0.266846
-0.266865
-0.266884
-0.266902
-0.266921
-0.266939
-0.266957
-0.266974
-0.266992
-0.267009
-0.267026
-0.267043
-0.267060
-0.267076
-0.267092
-0.267108
-0.267124
-0.267140
-0.267155
-0.267170
-0.267185
-0.267200
-0.267215
-0.267229
-0.267244
-0.267258
-0.267272
-0.267285
-0.267299
-0.267312
-0.267325
-0.267338
-0.267351
-0.267363
-0.267376
-0.267388
-0.267400
-0.267412
-0.267423
-0.267435
-0.267446
-0.267457
-0.267468
-0.267479
-0.267490
-0.267500
-0.267510
-0.267520
-0.267530
-0.267540
-0.267550
-0.267559
-0.267568
-0.267577
-0.267586
-0.267595
-0.267603
-0.267612
-0.267620
-0.267628
-0.267636
-0.267644
-0.267651
-0.267659
-0.267666
-0.267673
-0.267680
-0.267687
-0.267694
-0.267700
-0.267706
-0.267713
-0.267719
-0.267724
-0.267730
-0.267736
-0.267741
-0.267746
-0.267751
-0.267756
-0.267761
-0.267766
-0.267770
-0.267775
-0.267779
-0.267783
-0.267787
-0.267791
-0.267795
-0.267798
-0.267801
-0.267805
-0.267808
-0.267811
-0.267814
-0.267816
-0.267819
-0.267821
-0.267823
-0.267826
-0.267827
-0.267829
-0.267831
-0.267833
-0.267834
-0.267835
-0.267837
-0.267838
-0.267839
-0.267839
-0.267840
-0.267841
-0.267841
-0.267841
-0.267841
-0.267841
-0.267841
-0.267841
-0.267841
-0.267840
-0.267840
-0.267839
-0.267838
-0.267837
-0.267836
-0.267835
-0.267834
-0.267832
-0.267830
-0.267829
-0.267827
-0.267825
-0.267823
-0.267821
-0.267819
-0.267816
-0.267814
-0.267811
-0.267808
-0.267805
-0.267802
-0.267799
-0.267796
-0.267793
-0.267789
-0.267786
-0.267782
-0.267778
-0.267775
-0.267771
-0.267767
-0.267762
-0.267758
-0.267754
-0.267749
-0.267745
-0.267740
-0.267735
-0.267730
-0.267725
-0.267720
-0.267715
-0.267709
-0.267704
-0.267698
-0.267693
-0.267687
-0.267681
-0.267675
-0.267669
-0.267663
-0.267657
-0.267650
-0.267644
-0.267637
-0.267631
-0.267624
-0.267617
-0.267610
-0.267603
-0.267596
-0.267589
-0.267581
-0.267574
-0.267566
-0.267559
-0.267551
-0.267543
-0.267535
-0.267527
-0.267519
-0.267511
-0.267503
-0.267495
-0.267486
-0.267478
-0.267469
-0.267460
-0.267452
-0.267443
-0.267434
-0.267425
-0.267416
-0.267406
-0.267397
-0.267388
-0.267378
-0.267369
-0.267359
-0.267349
-0.267340
-0.267330
-0.267320
-0.267310
-0.267300
-0.267289
-0.267279
-0.267269
-0.267258
-0.267248
-0.267237
-0.267226
-0.267216
-0.267205
-0.267194
-0.267183
-0.267172
-0.267161
-0.267149
-0.267138
-0.267127
-0.267115
-0.267104
-0.267092
-0.267080
-0.267068
-0.267057
-0.267045
-0.267033
-0.267021
-0.267009
-0.266996
-0.266984
-0.266972
-0.266959
-0.266947
-0.266934
-0.266921
-0.266909
-0.266896
-0.266883
-0.266870
-0.266857
-0.266844
-0.266831
-0.266818
-0.266804
-0.266791
-0.266778
-0.266764
-0.266751
-0.266737
-0.266723
-0.266710
-0.266696
-0.266682
-0.266668
-0.266654
-0.266640
-0.266626
-0.266612
-0.266597
-0.266583
-0.266569
-0.266554
-0.266540
-0.266525
-0.266511
-0.266496
-0.266481
-0.266466
-0.266451
-0.266436
-0.266421
-0.266406
-0.266391
-0.266376
-0.266361
-0.266345
-0.266330
-0.266315
-0.266299
-0.266284
-0.266268
-0.266252
-0.266237
-0.266221
-0.266205
-0.266189
-0.266173
-0.266157
-0.266141
-0.266125
-0.266109
-0.266093
-0.266076
-0.266060
-0.266044
-0.266027
-0.266011
-0.265994
-0.265978
-0.265961
-0.265944
-0.265928
-0.265911
-0.265894
-0.265877
-0.265860
-0.265843
-0.265826
-0.265809
-0.265792
-0.265775
-0.265757
-0.265740
-0.265723
-0.265705
-0.265688
-0.265670
-0.265653
-0.265635
-0.265617
-0.265600
-0.265582
-0.265564
-0.265546
-0.265528
-0.265510
-0.265493
-0.265474
-0.265456
-0.265438
-0.265420
-0.265402
-0.265384
-0.265365
-0.265347
-0.265329
-0.265310
-0.265292
-0.265273
-0.265255
-0.265236
-0.265217
-0.265199
-0.265180
-0.265161
-0.265142
-0.265124
-0.265105
-0.265086
-0.265067
-0.265048
-0.265029
-0.265010
-0.264991
-0.264971
-0.264952
-0.264933
-0.264914
-0.264894
-0.264875
-0.264855
-0.264836
-0.264817
-0.264797
-0.264778
-0.264758
-0.264738
-0.264719
-0.264699
-0.264699
-0.264679
-0.264659
-0.264640
-0.264620
-0.264600
-0.264580
-0.264560
-0.264540
-0.264520
-0.264500
-0.264480
-0.264460
-0.264440
-0.264420
-0.264399
-0.264379
-0.264359
-0.264339
-0.264318
-0.264298
-0.264278
-0.264257
-0.264237
-0.264216
-0.264196
-0.264175
-0.264155
-0.264134
-0.264114
-0.264093
-0.264072
-0.264052
-0.264031
-0.264010
-0.263989
-0.263968
-0.263948
-0.263927
-0.263906
-0.263885
-0.263864
-0.263843
-0.263822
-0.263801
-0.263780
-0.263759
-0.263738
-0.263717
-0.263696
-0.263675
-0.263653
-0.263632
-0.263611
-0.263590
-0.263569
-0.263547
-0.263526
-0.263505
-0.263483
-0.263462
-0.263441
-0.263419
-0.263398
-0.263376
-0.263355
-0.263334
-0.263312
-0.263291
-0.263269
-0.263248
-0.263226
-0.263205
-0.263183
-0.263161
-0.263140
-0.263118
-0.263097
-0.263075
-0.263053
-0.263032
-0.263010
-0.262988
-0.262966
-0.262945
-0.262923
-0.262901
-0.262880
-0.262858
-0.262836
-0.262814
-0.262792
-0.262771
-0.262749
-0.262727
-0.262705
-0.262683
-0.262662
-0.262640
-0.262618
-0.262596
-0.262574
-0.262552
-0.262530
-0.262508
-0.262487
-0.262465
-0.262443
-0.262421
-0.262399
-0.262377
-0.262355
-0.262333
-0.262311
-0.262289
-0.262268
-0.262246
-0.262224
-0.262202
-0.262180
-0.262158
-0.262136
-0.262114
-0.262092
-0.262070
-0.262048
-0.262026
-0.262005
-0.261983
-0.261961
-0.261939
-0.261917
-0.261895
-0.261873
-0.261851
-0.261830
-0.261808
-0.261786
-0.261764
-0.261742
-0.261720
-0.261699
-0.261677
-0.261655
-0.261633
-0.261611
-0.261590
-0.261568
-0.261546
-0.261525
-0.261503
-0.261481
-0.261459
-0.261438
-0.261416
-0.261394
-0.261373
-0.261351
-0.261330
-0.261308
-0.261287
-0.261265
-0.261244
-0.261222
-0.261201
-0.261179
-0.261158
-0.261136
-0.261115
-0.261093
-0.261072
-0.261051
-0.261029
-0.261008
-0.260987
-0.260966
-0.260944
-0.260923
-0.260902
-0.260881
-0.260860
-0.260839
-0.260818
-0.260797
-0.260776
-0.260755
-0.260734
-0.260713
-0.260692
-0.260671
-0.260650
-0.260630
-0.260609
-0.260588
-0.260567
-0.260547
-0.260526
-0.260506
-0.260485
-0.260465
-0.260444
-0.260424
-0.260403
-0.260383
-0.260363
-0.260342
-0.260322
-0.260302
-0.260282
-0.260262
-0.260242
-0.260222
-0.260202
-0.260182
-0.260162
-0.260142
-0.260122
-0.260102
-0.260083
-0.260063
-0.260043
-0.260024
-0.260004
-0.259985
-0.259965
-0.259946
-0.259927
-0.259907
-0.259888
-0.259869
-0.259850
-0.259831
-0.259812
-0.259793
-0.259774
-0.259755
-0.259737
-0.259718
-0.259699
-0.259681
-0.259662
-0.259644
-0.259625
-0.259607
-0.259589
-0.259570
-0.259552
-0.259534
-0.259516
-0.259498
-0.259480
-0.259463
-0.259445
-0.259427
-0.259410
-0.259392
-0.259375
-0.259357
-0.259340
-0.259323
-0.259305
-0.259288
-0.259271
-0.259254
-0.259237
-0.259221
-0.259204
-0.259187
-0.259171
-0.259154
-0.259138
-0.259121
-0.259105
-0.259089
-0.259073
-0.259057
-0.259041
-0.259025
-0.259009
-0.258994
-0.258978
-0.258963
-0.258947
-0.258932
-0.258917
-0.258902
-0.258887
-0.258872
-0.258857
-0.258842
-0.258827
-0.258813
-0.258798
-0.258784
-0.258770
-0.258756
-0.258742
-0.258728
-0.258714
-0.258700
-0.258686
-0.258673
-0.258659
-0.258646
-0.258633
-0.258619
-0.258606
-0.258593
-0.258581
-0.258568
-0.258555
-0.258543
-0.258530
-0.258518
-0.258506
-0.258494
-0.258482
-0.258470
-0.258459
-0.258447
-0.258435
-0.258424
-0.258413
-0.258402
-0.258391
-0.258380
-0.258369
-0.258359
-0.258348
-0.258338
-0.258327
-0.258317
-0.258307
-0.258298
-0.258288
-0.258278
-0.258269
-0.258259
-0.258250
-0.258241
-0.258232
-0.258223
-0.258215
-0.258206
-0.258198
-0.258190
-0.258181
-0.258173
-0.258166
-0.258158
-0.258150
-0.258143
-0.258136
-0.258129
-0.258122
-0.258115
-0.258108
-0.258102
-0.258095
-0.258089
-0.258083
-0.258077
-0.258071
-0.258066
-0.258060
-0.258055
-0.258050
-0.258045
-0.258040
-0.258035
-0.258031
-0.258026
-0.258022
-0.258018
-0.258014
-0.258010
-0.258007
-0.258003
-0.258000
-0.257997
-0.257994
-0.257992
-0.257989
-0.257987
-0.257984
-0.257982
-0.257981
-0.257979
-0.257977
-0.257976
-0.257975
-0.257974
-0.257973
-0.257973
-0.257972
-0.257972
-0.257972
-0.257972
-0.257972
-0.257973
-0.257973
-0.257974
-0.257975
-0.257977
-0.257978
-0.257980
-0.257981
-0.257983
-0.257986
-0.257988
-0.257991
-0.257993
-0.257996
-0.257999
-0.258003
-0.258006
-0.258010
-0.258014
-0.258018
-0.258023
-0.258027
-0.258032
-0.258037
-0.258042
-0.258048
-0.258053
-0.258059
-0.258065
-0.258071
-0.258078
-0.258084
-0.258091
-0.258098
-0.258106
-0.258113
-0.258121
-0.258129
-0.258137
-0.258145
-0.258154
-0.258163
-0.258172
-0.258181
-0.258190
-0.258200
-0.258210
-0.258220
-0.258231
-0.258241
-0.258252
-0.258263
-0.258274
-0.258286
-0.258298
-0.258310
-0.258322
-0.258334
-0.258347
-0.258360
-0.258373
-0.258387
-0.258400
-0.258414
-0.258428
-0.258443
-0.258457
-0.258472
-0.258487
-0.258502
-0.258518
-0.258534
-0.258550
-0.258566
-0.258583
-0.258600
-0.258617
-0.258634
-0.258652
-0.258669
-0.258687
-0.258706
-0.258724
-0.258743
-0.258762
-0.258782
-0.258801
-0.258821
-0.258841
-0.258861
-0.258882
-0.258903
-0.258924
-0.258945
-0.258967
-0.258989
-0.259011
-0.259034
-0.259056
-0.259079
-0.259103
-0.259103
-0.259126
-0.259150
-0.259174
-0.259198
-0.259223
-0.259248
-0.259273
-0.259299
-0.259324
-0.259350
-0.259376
-0.259403
-0.259430
-0.259457
-0.259484
-0.259512
-0.259540
-0.259568
-0.259596
-0.259625
-0.259654
-0.259683
-0.259713
-0.259743
-0.259773
-0.259804
-0.259834
-0.259865
-0.259897
-0.259928
-0.259960
-0.259992
-0.260025
-0.260057
-0.260090
-0.260124
-0.260157
-0.260191
-0.260226
-0.260260
-0.260295
-0.260330
-0.260365
-0.260401
-0.260437
-0.260473
-0.260510
-0.260547
-0.260584
-0.260621
-0.260659
-0.260697
-0.260735
-0.260774
-0.260813
-0.260852
-0.260892
-0.260932
-0.260972
-0.261012
-0.261053
-0.261094
-0.261135
-0.261177
-0.261219
-0.261261
-0.261304
-0.261347
-0.261390
-0.261434
-0.261478
-0.261522
-0.261566
-0.261611
-0.261656
-0.261701
-0.261747
-0.261793
-0.261840
-0.261886
-0.261933
-0.261980
-0.262028
-0.262076
-0.262124
-0.262173
-0.262222
-0.262271
-0.262320
-0.262370
-0.262420
-0.262471
-0.262521
-0.262572
-0.262624
-0.262675
-0.262727
-0.262780
-0.262833
-0.262885
-0.262939
-0.262992
-0.263046
-0.263101
-0.263155
-0.263210
-0.263265
-0.263321
-0.263377
-0.263433
-0.263490
-0.263547
-0.263604
-0.263661
-0.263719
-0.263777
-0.263836
-0.263895
-0.263954
-0.264013
-0.264073
-0.264133
-0.264194
-0.264254
-0.264316
-0.264377
-0.264439
-0.264501
-0.264563
-0.264626
-0.264689
-0.264753
-0.264816
-0.264880
-0.264945
-0.265010
-0.265075
-0.265140
-0.265206
-0.265272
-0.265338
-0.265405
-0.265472
-0.265539
-0.265607
-0.265675
-0.265744
-0.265812
-0.265881
-0.265951
-0.266020
-0.266091
-0.266161
-0.266232
-0.266303
-0.266374
-0.266446
-0.266518
-0.266590
-0.266663
-0.266736
-0.266809
-0.266883
-0.266957
-0.267032
-0.267106
-0.267181
-0.267257
-0.267333
-0.267409
-0.267485
-0.267562
-0.267639
-0.267716
-0.267794
-0.267872
-0.267951
-0.268029
-0.268108
-0.268188
-0.268268
-0.268348
-0.268428
-0.268509
-0.268590
-0.268671
-0.268753
-0.268835
-0.268918
-0.269000
-0.269084
-0.269167
-0.269251
-0.269335
-0.269419
-0.269504
-0.269589
-0.269675
-0.269760
-0.269846
-0.269933
-0.270020
-0.270107
-0.270194
-0.270282
-0.270370
-0.270458
-0.270547
-0.270636
-0.270725
-0.270815
-0.270905
-0.270996
-0.271086
-0.271177
-0.271269
-0.271360
-0.271452
-0.271544
-0.271637
-0.271730
-0.271823
-0.271917
-0.272011
-0.272105
-0.272200
-0.272294
-0.272390
-0.272485
-0.272581
-0.272677
-0.272773
-0.272870
-0.272967
-0.273065
-0.273162
-0.273260
-0.273359
-0.273457
-0.273556
-0.273655
-0.273755
-0.273855
-0.273955
-0.274055
-0.274156
-0.274257
-0.274358
-0.274460
-0.274562
-0.274664
-0.274766
-0.274869
-0.274972
-0.275075
-0.275179
-0.275283
-0.275387
-0.275491
-0.275596
-0.275701
-0.275806
-0.275911
-0.276017
-0.276123
-0.276229
-0.276336
-0.276443
-0.276550
-0.276657
-0.276764
-0.276872
-0.276980
-0.277088
-0.277197
-0.277305
-0.277414
-0.277524
-0.277633
-0.277743
-0.277852
-0.277962
-0.278073
-0.278183
-0.278294
-0.278405
-0.278516
-0.278627
-0.278738
-0.278850
-0.278962
-0.279074
-0.279186
-0.279298
-0.279411
-0.279523
-0.279636
-0.279749
-0.279862
-0.279975
-0.280089
-0.280202
-0.280316
-0.280430
-0.280544
-0.280658
-0.280772
-0.280886
-0.281000
-0.281115
-0.281229
-0.281344
-0.281459
-0.281574
-0.281689
-0.281804
-0.281919
-0.282034
-0.282149
-0.282264
-0.282379
-0.282495
-0.282610
-0.282725
-0.282841
-0.282956
-0.283072
-0.283187
-0.283302
-0.283418
-0.283533
-0.283649
-0.283764
-0.283880
-0.283995
-0.284110
-0.284226
-0.284341
-0.284456
-0.284572
-0.284687
-0.284802
-0.284917
-0.285032
-0.285147
-0.285262
-0.285377
-0.285491
-0.285606
-0.285720
-0.285835
-0.285949
-0.286063
-0.286178
-0.286292
-0.286406
-0.286519
-0.286633
-0.286747
-0.286860
-0.286973
-0.287087
-0.287200
-0.287313
-0.287426
-0.287538
-0.287651
-0.287763
-0.287875
-0.287988
-0.288100
-0.288211
-0.288323
-0.288435
-0.288546
-0.288657
-0.288768
-0.288879
-0.288990
-0.289101
-0.289211
-0.289321
-0.289432
-0.289542
-0.289652
-0.289761
-0.289871
-0.289980
-0.290090
-0.290199
-0.290308
-0.290417
-0.290526
-0.290634
-0.290743
-0.290851
-0.290959
-0.291067
-0.291175
-0.291283
-0.291391
-0.291498
-0.291606
-0.291713
-0.291821
-0.291928
-0.292035
-0.292142
-0.292249
-0.292356
-0.292463
-0.292569
-0.292676
-0.292782
-0.292889
-0.292995
-0.293102
-0.293208
-0.293314
-0.293421
-0.293527
-0.293633
-0.293739
-0.293846
-0.293952
-0.294058
-0.294164
-0.294270
-0.294377
-0.294483
-0.294589
-0.294695
-0.294802
-0.294908
-0.295015
-0.295121
-0.295228
-0.295334
-0.295441
-0.295548
-0.295655
-0.295762
-0.295869
-0.295976
-0.296084
-0.296191
-0.296299
-0.296407
-0.296514
-0.296623
-0.296731
-0.296839
-0.296948
-0.297057
-0.297166
-0.297275
-0.297384
-0.297494
-0.297604
-0.297714
-0.297824
-0.297935
-0.298046
-0.298157
-0.298268
-0.298380
-0.298491
-0.298604
-0.298716
-0.298829
-0.298942
-0.299055
-0.299169
-0.299283
-0.299398
-0.299512
-0.299628
-0.299743
-0.299859
-0.299975
-0.300092
-0.300209
-0.300326
-0.300444
-0.300562
-0.300681
-0.300800
-0.300919
-0.301039
-0.301159
-0.301280
-0.301402
-0.301523
-0.301646
-0.301768
-0.301891
-0.302015
-0.302139
-0.302264
-0.302264
-0.302389
-0.302515
-0.302641
-0.302768
-0.302896
-0.303023
-0.303152
-0.303281
-0.303411
-0.303541
-0.303672
-0.303803
-0.303935
-0.304068
-0.304201
-0.304335
-0.304469
-0.304605
-0.304740
-0.304877
-0.305014
-0.305152
-0.305290
-0.305430
-0.305570
-0.305710
-0.305852
-0.305994
-0.306137
-0.306280
-0.306425
-0.306570
-0.306716
-0.306863
-0.307010
-0.307159
-0.307308
-0.307458
-0.307609
-0.307761
-0.307914
-0.308068
-0.308223
-0.308379
-0.308536
-0.308694
-0.308853
-0.309013
-0.309174
-0.309337
-0.309500
-0.309665
-0.309831
-0.309999
-0.310168
-0.310338
-0.310510
-0.310683
-0.310858
-0.311035
-0.311214
-0.311394
-0.311576
-0.311761
-0.311948
-0.312137
-0.312328
-0.312523
-0.312720
-0.312921
-0.313124
-0.313332
-0.313544
-0.313760
-0.313981
-0.314207
-0.314439
-0.314679
-0.314926
-0.315181
-0.315447
-0.315725
-0.316016
-0.316323
-0.316648
-0.316995
-0.317366
-0.317766
-0.318196
-0.318659
-0.319154
-0.319680
-0.320233
-0.320809
-0.321402
-0.322006
-0.322617
-0.323228
-0.323836
-0.324437
-0.325029
-0.325609
-0.326176
-0.326729
-0.327266
-0.327788
-0.328293
-0.328781
-0.329252
-0.329707
-0.330145
-0.330566
-0.330970
-0.331357
-0.331728
-0.332083
-0.332421
-0.332744
-0.333050
-0.333342
-0.333619
-0.333881
-0.334129
-0.334363
-0.334584
-0.334792
-0.334988
-0.335172
-0.335345
-0.335507
-0.335659
-0.335801
-0.335933
-0.336057
-0.336173
-0.336280
-0.336381
-0.336474
-0.336560
-0.336640
-0.336714
-0.336783
-0.336846
-0.336904
-0.336958
-0.337007
-0.337052
-0.337093
-0.337130
-0.337164
-0.337195
-0.337224
-0.337249
-0.337272
-0.337293
-0.337312
-0.337329
-0.337344
-0.337358
-0.337370
-0.337382
-0.337392
-0.337401
-0.337410
-0.337418
-0.337426
-0.337433
-0.337440
-0.337447
-0.337454
-0.337460
-0.337467
-0.337473
-0.337480
-0.337487
-0.337495
-0.337502
-0.337510
-0.337518
-0.337527
-0.337536
-0.337545
-0.337555
-0.337565
-0.337576
-0.337587
-0.337599
-0.337611
-0.337624
-0.337637
-0.337651
-0.337665
-0.337680
-0.337695
-0.337711
-0.337727
-0.337744
-0.337761
-0.337779
-0.337797
-0.337816
-0.337835
-0.337855
-0.337875
-0.337896
-0.337917
-0.337938
-0.337960
-0.337982
-0.338005
-0.338028
-0.338052
-0.338076
-0.338100
-0.338125
-0.338150
-0.338175
-0.338201
-0.338227
-0.338254
-0.338281
-0.338308
-0.338335
-0.338363
-0.338391
-0.338420
-0.338449
-0.338478
-0.338508
-0.338537
-0.338567
-0.338598
-0.338629
-0.338660
-0.338691
-0.338723
-0.338755
-0.338787
-0.338820
-0.338853
-0.338886
-0.338919
-0.338953
-0.338987
-0.339022
-0.339056
-0.339091
-0.339127
-0.339162
-0.339198
-0.339235
-0.339271
-0.339308
-0.339345
-0.339383
-0.339421
-0.339459
-0.339497
-0.339536
-0.339575
-0.339615
-0.339655
-0.339695
-0.339735
-0.339776
-0.339817
-0.339859
-0.339900
-0.339943
-0.339985
-0.340028
-0.340071
-0.340115
-0.340159
-0.340203
-0.340247
-0.340292
-0.340338
-0.340383
-0.340429
-0.340476
-0.340522
-0.340569
-0.340617
-0.340665
-0.340713
-0.340761
-0.340810
-0.340859
-0.340909
-0.340959
-0.341009
-0.341060
-0.341111
-0.341162
-0.341214
-0.341266
-0.341318
-0.341371
-0.341424
-0.341477
-0.341531
-0.341585
-0.341640
-0.341695
-0.341750
-0.341806
-0.341862
-0.341918
-0.341974
-0.342031
-0.342089
-0.342146
-0.342204
-0.342263
-0.342321
-0.342380
-0.342440
-0.342499
-0.342559
-0.342619
-0.342680
-0.342741
-0.342802
-0.342864
-0.342926
-0.342988
-0.343051
-0.343114
-0.343177
-0.343241
-0.343305
-0.343369
-0.343433
-0.343498
-0.343563
-0.343629
-0.343695
-0.343761
-0.343827
-0.343894
-0.343961
-0.344028
-0.344096
-0.344164
-0.344232
-0.344301
-0.344370
-0.344439
-0.344509
-0.344578
-0.344648
-0.344719
-0.344790
-0.344861
-0.344932
-0.345004
-0.345076
-0.345148
-0.345220
-0.345293
-0.345366
-0.345440
-0.345514
-0.345588
-0.345662
-0.345737
-0.345812
-0.345887
-0.345963
-0.346039
-0.346115
-0.346191
-0.346268
-0.346345
-0.346423
-0.346500
-0.346578
-0.346657
-0.346735
-0.346814
-0.346894
-0.346973
-0.347053
-0.347133
-0.347214
-0.347294
-0.347375
-0.347457
-0.347539
-0.347621
-0.347703
-0.347786
-0.347869
-0.347952
-0.348035
-0.348119
-0.348204
-0.348288
-0.348373
-0.348458
-0.348544
-0.348629
-0.348715
-0.348802
-0.348889
-0.348976
-0.349063
-0.349151
-0.349239
-0.349327
-0.349416
-0.349505
-0.349594
-0.349684
-0.349774
-0.349864
-0.349954
-0.350045
-0.350137
-0.350228
-0.350320
-0.350412
-0.350505
-0.350598
-0.350691
-0.350784
-0.350878
-0.350972
-0.351067
-0.351162
-0.351257
-0.351352
-0.351448
-0.351544
-0.351641
-0.351738
-0.351835
-0.351932
-0.352030
-0.352128
-0.352227
-0.352325
-0.352424
-0.352524
-0.352624
-0.352724
-0.352824
-0.352925
-0.353026
-0.353128
-0.353229
-0.353331
-0.353434
-0.353537
-0.353640
-0.353743
-0.353847
-0.353951
-0.354055
-0.354160
-0.354265
-0.354370
-0.354476
-0.354582
-0.354688
-0.354795
-0.354902
-0.355009
-0.355117
-0.355225
-0.355333
-0.355442
-0.355551
-0.355660
-0.355769
-0.355879
-0.355989
-0.356100
-0.356211
-0.356322
-0.356433
-0.356545
-0.356657
-0.356770
-0.356882
-0.356995
-0.357109
-0.357222
-0.357336
-0.357450
-0.357565
-0.357680
-0.357795
-0.357910
-0.358026
-0.358142
-0.358258
-0.358375
-0.358375
-0.358492
-0.358609
-0.358727
-0.358844
-0.358962
-0.359081
-0.359199
-0.359318
-0.359438
-0.359557
-0.359677
-0.359797
-0.359917
-0.360038
-0.360159
-0.360280
-0.360401
-0.360523
-0.360645
-0.360767
-0.360890
-0.361012
-0.361135
-0.361259
-0.361382
-0.361506
-0.361630
-0.361754
-0.361879
-0.362004
-0.362129
-0.362254
-0.362379
-0.362505
-0.362631
-0.362757
-0.362884
-0.363011
-0.363137
-0.363265
-0.363392
-0.363520
-0.363647
-0.363776
-0.363904
-0.364032
-0.364161
-0.364290
-0.364419
-0.364548
-0.364678
-0.364808
-0.364938
-0.365068
-0.365198
-0.365329
-0.365459
-0.365590
-0.365721
-0.365853
-0.365984
-0.366116
-0.366248
-0.366380
-0.366512
-0.366645
-0.366777
-0.366910
-0.367043
-0.367176
-0.367309
-0.367443
-0.367576
-0.367710
-0.367844
-0.367978
-0.368112
-0.368246
-0.368381
-0.368515
-0.368650
-0.368785
-0.368920
-0.369055
-0.369191
-0.369326
-0.369462
-0.369598
-0.369734
-0.369869
-0.370006
-0.370142
-0.370278
-0.370415
-0.370551
-0.370688
-0.370825
-0.370962
-0.371099
-0.371236
-0.371373
-0.371510
-0.371648
-0.371785
-0.371923
-0.372061
-0.372198
-0.372336
-0.372474
-0.372612
-0.372751
-0.372889
-0.373027
-0.373165
-0.373304
-0.373442
-0.373581
-0.373720
-0.373858
-0.373997
-0.374136
-0.374275
-0.374414
-0.374553
-0.374692
-0.374831
-0.374970
-0.375110
-0.375249
-0.375388
-0.375528
-0.375667
-0.375807
-0.375946
-0.376086
-0.376225
-0.376365
-0.376505
-0.376644
-0.376784
-0.376924
-0.377064
-0.377203
-0.377343
-0.377483
-0.377623
-0.377763
-0.377903
-0.378043
-0.378183
-0.378322
-0.378462
-0.378602
-0.378742
-0.378882
-0.379022
-0.379162
-0.379302
-0.379442
-0.379582
-0.379722
-0.379862
-0.380002
-0.380142
-0.380282
-0.380422
-0.380562
-0.380702
-0.380842
-0.380982
-0.381121
-0.381261
-0.381401
-0.381541
-0.381681
-0.381820
-0.381960
-0.382100
-0.382240
-0.382379
-0.382519
-0.382659
-0.382798
-0.382938
-0.383077
-0.383217
-0.383356
-0.383496
-0.383635
-0.383774
-0.383913
-0.384053
-0.384192
-0.384331
-0.384470
-0.384609
-0.384748
-0.384887
-0.385026
-0.385165
-0.385304
-0.385443
-0.385581
-0.385720
-0.385859
-0.385997
-0.386136
-0.386274
-0.386413
-0.386551
-0.386689
-0.386828
-0.386966
-0.387104
-0.387242
-0.387380
-0.387518
-0.387656
-0.387793
-0.387931
-0.388069
-0.388206
-0.388344
-0.388481
-0.388619
-0.388756
-0.388893
-0.389030
-0.389168
-0.389305
-0.389442
-0.389578
-0.389715
-0.389852
-0.389989
-0.390125
-0.390262
-0.390398
-0.390535
-0.390671
-0.390807
-0.390943
-0.391079
-0.391215
-0.391351
-0.391487
-0.391623
-0.391758
-0.391894
-0.392029
-0.392165
-0.392300
-0.392435
-0.392571
-0.392706
-0.392841
-0.392976
-0.393110
-0.393245
-0.393380
-0.393514
-0.393649
-0.393783
-0.393918
-0.394052
-0.394186
-0.394320
-0.394454
-0.394588
-0.394722
-0.394855
-0.394989
-0.395123
-0.395256
-0.395389
-0.395523
-0.395656
-0.395789
-0.395922
-0.396055
-0.396188
-0.396321
-0.396453
-0.396586
-0.396718
-0.396851
-0.396983
-0.397115
-0.397247
-0.397379
-0.397511
-0.397643
-0.397775
-0.397906
-0.398038
-0.398169
-0.398301
-0.398432
-0.398563
-0.398695
-0.398826
-0.398956
-0.399087
-0.399218
-0.399349
-0.399479
-0.399610
-0.399740
-0.399871
-0.400001
-0.400131
-0.400261
-0.400391
-0.400521
-0.400651
-0.400780
-0.400910
-0.401040
-0.401169
-0.401298
-0.401428
-0.401557
-0.401686
-0.401815
-0.401944
-0.402073
-0.402201
-0.402330
-0.402459
-0.402587
-0.402716
-0.402844
-0.402972
-0.403100
-0.403228
-0.403356
-0.403484
-0.403612
-0.403740
-0.403868
-0.403995
-0.404123
-0.404250
-0.404377
-0.404505
-0.404632
-0.404759
-0.404886
-0.405013
-0.405140
-0.405266
-0.405393
-0.405520
-0.405646
-0.405773
-0.405899
-0.406025
-0.406152
-0.406278
-0.406404
-0.406530
-0.406656
-0.406782
-0.406908
-0.407033
-0.407159
-0.407284
-0.407410
-0.407535
-0.407661
-0.407786
-0.407911
-0.408036
-0.408162
-0.408287
-0.408412
-0.408536
-0.408661
-0.408786
-0.408911
-0.409035
-0.409160
-0.409284
-0.409409
-0.409533
-0.409657
-0.409782
-0.409906
-0.410030
-0.410154
-0.410278
-0.410402
-0.410526
-0.410650
-0.410774
-0.410897
-0.411021
-0.411145
-0.411268
-0.411392
-0.411515
-0.411638
-0.411762
-0.411885
-0.412008
-0.412132
-0.412255
-0.412378
-0.412501
-0.412624
-0.412747
-0.412870
-0.412993
-0.413115
-0.413238
-0.413361
-0.413484
-0.413606
-0.413729
-0.413851
-0.413974
-0.414096
-0.414219
-0.414341
-0.414464
-0.414586
-0.414708
-0.414831
-0.414953
-0.415075
-0.415197
-0.415320
-0.415442
-0.415564
-0.415686
-0.415808
-0.415930
-0.416052
-0.416174
-0.416296
-0.416418
-0.416540
-0.416661
-0.416783
-0.416905
-0.417027
-0.417149
-0.417271
-0.417392
-0.417514
-0.417636
-0.417757
-0.417879
-0.418001
-0.418123
-0.418244
-0.418366
-0.418487
-0.418609
-0.418731
-0.418852
-0.418974
-0.419096
-0.419217
-0.419339
-0.419460
-0.419582
-0.419704
-0.419825
-0.419947
-0.420069
-0.420190
-0.420312
-0.420433
-0.420555
-0.420677
-0.420798
-0.420920
-0.421042
-0.421163
-0.421285
-0.421407
-0.421529
-0.421650
-0.421772
-0.421894
-0.422016
-0.422137
-0.422259
-0.422381
-0.422503
-0.422625
-0.422747
-0.422869
-0.422991
-0.423113
-0.423235
-0.423357
-0.423479
-0.423479
-0.423601
-0.423724
-0.423846
-0.423968
-0.424090
-0.424213
-0.424335
-0.424457
-0.424580
-0.424702
-0.424825
-0.424947
-0.425070
-0.425193
-0.425316
-0.425438
-0.425561
-0.425684
-0.425807
-0.425930
-0.426053
-0.426176
-0.426299
-0.426423
-0.426546
-0.426669
-0.426793
-0.426916
-0.427040
-0.427163
-0.427287
-0.427411
-0.427534
-0.427658
-0.427782
-0.427906
-0.428030
-0.428155
-0.428279
-0.428403
-0.428528
-0.428652
-0.428777
-0.428902
-0.429026
-0.429151
-0.429276
-0.429401
-0.429526
-0.429651
-0.429777
-0.429902
-0.430028
-0.430153
-0.430279
-0.430405
-0.430531
-0.430657
-0.430783
-0.430909
-0.431035
-0.431162
-0.431288
-0.431415
-0.431542
-0.431669
-0.431796
-0.431923
-0.432050
-0.432178
-0.432305
-0.432433
-0.432561
-0.432688
-0.432816
-0.432945
-0.433073
-0.433201
-0.433330
-0.433459
-0.433587
-0.433716
-0.433845
-0.433975
-0.434104
-0.434234
-0.434363
-0.434493
-0.434623
-0.434753
-0.434884
-0.435014
-0.435145
-0.435276
-0.435407
-0.435538
-0.435669
-0.435800
-0.435932
-0.436064
-0.436196
-0.436328
-0.436460
-0.436593
-0.436725
-0.436858
-0.436991
-0.437125
-0.437258
-0.437392
-0.437525
-0.437659
-0.437794
-0.437928
-0.438062
-0.438197
-0.438332
-0.438467
-0.438603
-0.438738
-0.438874
-0.439010
-0.439146
-0.439283
-0.439420
-0.439556
-0.439694
-0.439831
-0.439969
-0.440106
-0.440244
-0.440383
-0.440521
-0.440660
-0.440799
-0.440938
-0.441077
-0.441217
-0.441357
-0.441497
-0.441638
-0.441778
-0.441919
-0.442061
-0.442202
-0.442344
-0.442486
-0.442628
-0.442771
-0.442913
-0.443056
-0.443200
-0.443343
-0.443487
-0.443631
-0.443776
-0.443921
-0.444066
-0.444211
-0.444357
-0.444503
-0.444649
-0.444795
-0.444942
-0.445089
-0.445237
-0.445384
-0.445532
-0.445681
-0.445829
-0.445978
-0.446128
-0.446277
-0.446427
-0.446577
-0.446728
-0.446879
-0.447030
-0.447182
-0.447333
-0.447486
-0.447638
-0.447791
-0.447944
-0.448098
-0.448252
-0.448406
-0.448561
-0.448716
-0.448871
-0.449027
-0.449183
-0.449339
-0.449496
-0.449653
-0.449810
-0.449968
-0.450126
-0.450285
-0.450444
-0.450603
-0.450762
-0.450922
-0.451083
-0.451244
-0.451405
-0.451566
-0.451728
-0.451890
-0.452053
-0.452216
-0.452379
-0.452543
-0.452707
-0.452872
-0.453036
-0.453202
-0.453367
-0.453533
-0.453700
-0.453867
-0.454034
-0.454201
-0.454369
-0.454538
-0.454706
-0.454875
-0.455045
-0.455215
-0.455385
-0.455556
-0.455727
-0.455898
-0.456070
-0.456242
-0.456414
-0.456587
-0.456760
-0.456934
-0.457108
-0.457282
-0.457457
-0.457632
-0.457808
-0.457984
-0.458160
-0.458336
-0.458513
-0.458691
-0.458868
-0.459046
-0.459225
-0.459404
-0.459583
-0.459762
-0.459942
-0.460122
-0.460303
-0.460483
-0.460665
-0.460846
-0.461028
-0.461210
-0.461393
-0.461575
-0.461759
-0.461942
-0.462126
-0.462310
-0.462495
-0.462679
-0.462864
-0.463050
-0.463235
-0.463421
-0.463608
-0.463794
-0.463981
-0.464168
-0.464356
-0.464544
-0.464732
-0.464920
-0.465109
-0.465297
-0.465487
-0.465676
-0.465866
-0.466056
-0.466246
-0.466436
-0.466627
-0.466818
-0.467009
-0.467201
-0.467392
-0.467584
-0.467777
-0.467969
-0.468162
-0.468355
-0.468548
-0.468741
-0.468935
-0.469129
-0.469323
-0.469517
-0.469711
-0.469906
-0.470101
-0.470296
-0.470491
-0.470687
-0.470882
-0.471078
-0.471274
-0.471471
-0.471667
-0.471864
-0.472061
-0.472258
-0.472455
-0.472652
-0.472850
-0.473048
-0.473246
-0.473444
-0.473642
-0.473841
-0.474039
-0.474238
-0.474437
-0.474636
-0.474835
-0.475035
-0.475234
-0.475434
-0.475634
-0.475834
-0.476034
-0.476235
-0.476435
-0.476636
-0.476837
-0.477038
-0.477239
-0.477440
-0.477641
-0.477843
-0.478045
-0.478246
-0.478448
-0.478650
-0.478853
-0.479055
-0.479258
-0.479460
-0.479663
-0.479866
-0.480069
-0.480272
-0.480475
-0.480679
-0.480882
-0.481086
-0.481290
-0.481494
-0.481698
-0.481902
-0.482106
-0.482311
-0.482515
-0.482720
-0.482925
-0.483130
-0.483335
-0.483540
-0.483745
-0.483951
-0.484156
-0.484362
-0.484568
-0.484773
-0.484979
-0.485186
-0.485392
-0.485598
-0.485805
-0.486011
-0.486218
-0.486425
-0.486632
-0.486839
-0.487047
-0.487254
-0.487461
-0.487669
-0.487877
-0.488085
-0.488293
-0.488501
-0.488709
-0.488918
-0.489126
-0.489335
-0.489543
-0.489752
-0.489961
-0.490171
-0.490380
-0.490589
-0.490799
-0.491009
-0.491219
-0.491429
-0.491639
-0.491849
-0.492059
-0.492270
-0.492481
-0.492691
-0.492902
-0.493114
-0.493325
-0.493536
-0.493748
-0.493960
-0.494172
-0.494384
-0.494596
-0.494808
-0.495021
-0.495233
-0.495446
-0.495659
-0.495872
-0.496086
-0.496299
-0.496513
-0.496727
-0.496941
-0.497155
-0.497370
-0.497584
-0.497799
-0.498014
-0.498229
-0.498444
-0.498660
-0.498875
-0.499091
-0.499307
-0.499524
-0.499740
-0.499957
-0.500174
-0.500391
-0.500608
-0.500826
-0.501043
-0.501261
-0.501480
-0.501698
-0.501917
-0.502135
-0.502354
-0.502574
-0.502793
-0.503013
-0.503233
-0.503453
-0.503674
-0.503894
-0.504115
-0.504336
-0.504558
-0.504779
-0.505001
-0.505224
-0.505446
-0.505669
-0.505892
-0.506115
-0.506338
-0.506562
-0.506786
-0.507010
-0.507235
-0.507460
-0.507685
-0.507910
-0.508136
-0.508362
-0.508588
-0.508814
-0.509041
-0.509268
-0.509496
-0.509723
-0.509723
-0.509951
-0.510179
-0.510408
-0.510637
-0.510866
-0.511095
-0.511325
-0.511555
-0.511785
-0.512016
-0.512247
-0.512478
-0.512710
-0.512942
-0.513174
-0.513407
-0.513640
-0.513873
-0.514106
-0.514340
-0.514574
-0.514809
-0.515044
-0.515279
-0.515514
-0.515750
-0.515986
-0.516223
-0.516460
-0.516697
-0.516934
-0.517172
-0.517410
-0.517649
-0.517888
-0.518127
-0.518366
-0.518606
-0.518846
-0.519087
-0.519328
-0.519569
-0.519811
-0.520052
-0.520295
-0.520537
-0.520780
-0.521024
-0.521267
-0.521511
-0.521755
-0.522000
-0.522245
-0.522491
-0.522736
-0.522982
-0.523229
-0.523475
-0.523722
-0.523970
-0.524218
-0.524466
-0.524714
-0.524963
-0.525212
-0.525463
-0.525710
-0.525964
-0.526209
-0.526469
-0.526705
-0.526983
-0.527190
-0.527519
-0.527639
-0.528124
-0.527982
-0.528944
-0.528040
-0.530318
-0.527557
-0.531333
-0.528860
-0.532090
-0.529348
-0.532915
-0.531063
-0.533738
-0.531187
-0.534466
-0.532429
-0.535170
-0.532858
-0.535923
-0.533892
-0.536639
-0.534421
-0.537358
-0.535320
-0.538140
-0.536051
-0.538937
-0.536904
-0.539704
-0.537627
-0.540441
-0.538396
-0.541160
-0.539109
-0.541862
-0.539830
-0.542551
-0.540522
-0.543226
-0.541210
-0.543887
-0.541876
-0.544534
-0.542533
-0.545170
-0.543178
-0.545798
-0.543815
-0.546419
-0.544445
-0.547036
-0.545072
-0.547652
-0.545697
-0.548269
-0.546323
-0.548887
-0.546950
-0.549509
-0.547579
-0.550134
-0.548210
-0.550762
-0.548844
-0.551393
-0.549479
-0.552027
-0.550117
-0.552665
-0.550757
-0.553304
-0.551398
-0.553945
-0.552040
-0.554588
-0.552683
-0.555232
-0.553326
-0.555877
-0.553969
-0.556522
-0.554612
-0.557167
-0.555255
-0.557811
-0.555897
-0.558455
-0.556537
-0.559099
-0.557177
-0.559741
-0.557816
-0.560383
-0.558454
-0.561024
-0.559091
-0.561664
-0.559727
-0.562304
-0.560362
-0.562943
-0.560997
-0.563581
-0.561631
-0.564219
-0.562265
-0.564856
-0.562898
-0.565494
-0.563531
-0.566132
-0.564165
-0.566769
-0.564799
-0.567408
-0.565433
-0.568046
-0.566067
-0.568685
-0.566703
-0.569325
-0.567339
-0.569965
-0.567976
-0.570606
-0.568613
-0.571248
-0.569252
-0.571891
-0.569892
-0.572535
-0.570533
-0.573180
-0.571174
-0.573826
-0.571817
-0.574472
-0.572461
-0.575119
-0.573106
-0.575768
-0.573751
-0.576416
-0.574398
-0.577066
-0.575045
-0.577716
-0.575693
-0.578366
-0.576341
-0.579017
-0.576990
-0.579669
-0.577640
-0.580320
-0.578289
-0.580971
-0.578939
-0.581623
-0.579588
-0.582274
-0.580238
-0.582925
-0.580887
-0.583575
-0.581536
-0.584225
-0.582185
-0.584875
-0.582833
-0.585524
-0.583480
-0.586172
-0.584127
-0.586819
-0.584772
-0.587465
-0.585417
-0.588110
-0.586061
-0.588754
-0.586704
-0.589397
-0.587346
-0.590039
-0.587986
-0.590680
-0.588626
-0.591320
-0.589264
-0.591958
-0.589901
-0.592595
-0.590537
-0.593230
-0.591171
-0.593865
-0.591805
-0.594498
-0.592436
-0.595129
-0.593067
-0.595760
-0.593696
-0.596389
-0.594325
-0.597017
-0.594951
-0.597644
-0.595577
-0.598269
-0.596201
-0.598893
-0.596824
-0.599516
-0.597446
-0.600138
-0.598067
-0.600759
-0.598687
-0.601379
-0.599306
-0.601997
-0.599923
-0.602615
-0.600540
-0.603231
-0.601155
-0.603847
-0.601770
-0.604461
-0.602383
-0.605075
-0.602995
-0.605687
-0.603607
-0.606299
-0.604217
-0.606910
-0.604828
-0.607520
-0.605435
-0.608128
-0.606047
-0.608739
-0.606647
-0.609342
-0.607267
-0.609956
-0.607849
-0.610548
-0.608498
-0.611179
-0.609022
-0.611734
-0.609776
-0.612422
-0.610108
-0.612848
-0.611242
-0.613672
-0.611010
-0.613781
-0.613144
-0.614202
-0.612699
-0.615516
-0.612428
-0.615136
-0.615620
-0.614138
-0.616620
-0.614095
-0.617000
-0.616607
-0.616579
-0.616261
-0.617465
-0.616466
-0.619317
-0.614824
-0.618154
-0.620555
-0.615624
-0.619390
-0.622123
-0.619219
-0.621184
-0.621575
-0.620962
-0.622038
-0.620841
-0.623063
-0.620329
-0.622835
-0.622221
-0.623110
-0.621947
-0.624825
-0.621469
-0.624310
-0.625807
-0.622495
-0.625340
-0.626587
-0.625308
-0.627401
-0.624549
-0.627074
-0.626249
-0.627429
-0.625793
-0.628824
-0.625787
-0.628309
-0.628705
-0.627231
-0.629781
-0.627106
-0.629977
-0.630440
-0.628785
-0.631096
-0.628211
-0.631150
-0.632061
-0.629819
-0.632373
-0.629998
-0.632902
-0.631920
-0.633602
-0.630891
-0.633760
-0.633151
-0.634477
-0.632336
-0.635435
-0.632830
-0.635566
-0.634467
-0.636391
-0.633630
-0.636571
-0.636726
-0.636181
-0.637083
-0.635725
-0.639051
-0.634440
-0.638095
-0.640572
-0.635208
-0.639176
-0.641969
-0.639300
-0.641090
-0.641440
-0.640932
-0.641843
-0.640705
-0.642920
-0.639996
-0.642409
-0.642864
-0.641661
-0.644007
-0.641128
-0.643998
-0.645203
-0.642382
-0.645063
-0.644529
-0.646502
-0.643921
-0.646492
-0.645128
-0.647072
-0.643788
-0.646634
-0.648215
-0.645201
-0.647559
-0.647844
-0.647607
-0.648455
-0.647232
-0.650043
-0.645445
-0.649012
-0.651566
-0.646291
-0.650117
-0.652848
-0.650158
-0.651883
-0.652344
-0.651759
-0.652849
-0.651494
-0.653889
-0.650941
-0.653249
-0.653972
-0.652330
-0.654984
-0.652212
-0.654927
-0.656001
-0.653594
-0.656265
-0.654822
-0.657697
-0.654783
-0.657045
-0.657152
-0.656310
-0.657948
-0.655697
-0.658585
-0.657111
-0.659415
-0.655325
-0.658601
-0.658601
-0.661283
-0.656618
-0.659601
-0.662056
-0.659145
-0.661017
-0.662040
-0.660837
-0.662554
-0.660430
-0.662807
-0.661091
-0.663492
-0.660698
-0.663176
-0.663825
-0.662704
-0.664931
-0.661868
-0.664616
-0.666339
-0.662770
-0.665175
-0.667180
-0.664418
-0.666543
-0.667125
-0.665857
-0.667787
-0.664943
-0.667458
-0.668289
-0.666377
-0.668954
-0.666060
-0.668660
-0.669956
-0.667064
-0.669394
-0.669368
-0.670186
-0.669244
-0.671547
-0.667456
-0.670454
-0.673036
-0.667450
-0.671737
-0.674468
-0.671323
-0.673088
-0.674467
-0.672941
-0.674761
-0.673089
-0.675346
-0.673066
-0.675396
-0.674232
-0.676339
-0.673264
-0.675765
-0.677437
-0.674319
-0.676660
-0.678101
-0.676246
-0.678754
-0.676596
-0.679111
-0.676985
-0.679517
-0.676932
-0.679434
-0.678990
-0.679955
-0.678191
-0.681237
-0.677266
-0.680287
-0.682743
-0.677693
-0.681260
-0.683919
-0.681044
-0.682659
-0.683677
-0.682326
-0.684110
-0.682056
-0.684393
-0.682799
-0.685144
-0.682153
-0.684485
-0.685941
-0.683284
-0.685589
-0.685665
-0.686259
-0.685632
-0.687450
-0.684325
-0.686822
-0.688287
-0.684702
-0.687138
-0.689393
-0.685808
-0.688085
-0.690316
-0.686519
-0.688756
-0.691053
-0.688195
-0.689979
-0.691282
-0.689328
-0.691306
-0.689637
-0.692050
-0.689441
-0.691691
-0.691922
-0.691571
-0.692629
-0.691101
-0.694404
-0.689587
-0.693534
-0.696065
-0.690477
-0.694741
-0.697505
-0.694883
-0.696272
-0.696800
-0.695998
-0.697292
-0.695445
-0.697865
-0.695491
-0.697705
-0.696623
-0.698686
-0.695429
-0.698039
-0.700383
-0.695817
-0.698878
-0.701519
-0.698175
-0.700136
-0.702051
-0.699703
-0.701267
-0.700967
-0.701393
-0.700675
-0.702263
-0.699665
-0.701969
-0.701923
-0.701710
-0.702109
-0.701820
-0.704072
-0.699838
-0.703218
-0.706117
-0.698538
-0.704949
-0.707827
-0.705630
-0.706743
-0.706630
-0.707594
-0.706715
-0.707859
-0.705306
-0.707514
-0.706696
-0.708780
-0.705484
-0.707888
-0.710315
-0.705238
-0.708907
-0.711574
-0.708248
-0.710273
-0.712321
-0.710253
-0.711719
-0.711062
-0.711902
-0.710389
-0.712800
-0.709555
-0.711790
-0.713982
-0.709684
-0.712514
-0.715176
-0.712049
-0.713796
-0.715582
-0.713399
-0.715094
-0.714767
-0.715465
-0.714219
-0.716332
-0.712709
-0.715100
-0.717512
-0.712627
-0.716046
-0.718675
-0.715694
-0.717320
-0.718890
-0.717089
-0.718795
-0.717568
-0.719445
-0.716835
-0.718752
-0.719092
-0.718224
-0.719821
-0.717067
-0.719447
-0.720989
-0.717737
-0.719814
-0.721721
-0.718980
-0.720958
-0.722234
-0.719749
-0.721759
-0.720774
-0.722950
-0.719527
-0.721811
-0.724192
-0.719423
-0.722517
-0.725058
-0.721855
-0.723562
-0.725537
-0.723479
-0.725064
-0.724858
-0.725418
-0.724561
-0.726436
-0.723320
-0.725493
-0.727755
-0.722907
-0.726470
-0.729219
-0.725512
-0.727609
-0.729863
-0.727605
-0.729084
-0.729399
-0.729025
-0.729752
-0.728319
-0.730808
-0.726651
-0.729634
-0.732144
-0.727101
-0.730666
-0.733319
-0.730657
-0.732075
-0.733264
-0.731804
-0.733507
-0.731610
-0.733706
-0.731857
-0.734007
-0.731529
-0.733570
-0.733379
-0.734008
-0.732923
-0.735692
-0.730821
-0.735314
-0.737692
-0.731695
-0.735764
-0.738434
-0.736051
-0.737248
-0.737922
-0.736893
-0.738230
-0.736220
-0.738354
-0.737078
-0.739269
-0.735888
-0.738077
-0.740502
-0.736172
-0.738969
-0.741488
-0.738558
-0.740188
-0.741993
-0.740022
-0.741541
-0.740936
-0.741958
-0.740096
-0.742429
-0.739796
-0.741710
-0.742785
-0.740628
-0.742940
-0.741559
-0.744310
-0.740993
-0.743073
-0.745214
-0.741058
-0.743638
-0.746117
-0.742881
-0.744305
-0.746132
-0.743824
-0.745286
-0.745788
-0.745242
-0.746402
-0.744326
-0.746639
-0.744953
-0.747459
-0.744084
-0.746505
-0.749026
-0.744562
-0.747542
-0.749981
-0.746700
-0.748303
-0.750286
-0.748208
-0.749628
-0.749621
-0.749640
-0.749475
-0.749648
-0.749389
-0.750340
-0.748374
-0.751486
-0.747100
-0.751045
-0.753603
-0.747587
-0.752280
-0.754985
-0.751686
-0.753013
-0.754742
-0.753118
-0.754544
-0.753562
-0.755014
-0.752636
-0.754393
-0.754332
-0.754655
-0.753989
-0.755904
-0.752636
-0.755259
-0.758036
-0.751543
-0.756715
-0.759559
-0.756175
-0.757545
-0.759407
-0.758125
-0.759413
-0.758018
-0.759605
-0.757304
-0.759095
-0.759365
-0.759083
-0.759611
-0.758445
-0.761462
-0.755618
-0.761162
-0.763803
-0.757816
-0.761709
-0.764477
-0.762968
-0.763931
-0.763404
-0.763539
-0.762861
-0.763991
-0.762285
-0.764520
-0.762154
-0.763865
-0.763731
-0.763971
-0.763609
-0.765163
-0.762716
-0.764849
-0.765300
-0.763856
-0.766557
-0.760899
-0.766443
-0.769041
-0.762245
-0.766070
-0.768739
-0.767201
-0.768395
-0.768591
-0.768512
-0.768499
-0.768134
-0.768797
-0.767668
-0.770291
-0.765317
-0.769816
-0.772091
-0.766511
-0.770353
-0.773086
-0.770984
-0.772189
-0.773033
-0.771893
-0.773218
-0.771201
-0.772964
-0.772026
-0.773672
-0.770584
-0.772393
-0.774646
-0.770704
-0.773157
-0.775523
-0.772562
-0.774049
-0.775961
-0.773856
-0.775020
-0.775268
-0.774803
-0.775488
-0.773948
-0.776277
-0.772822
-0.775062
-0.777319
-0.772906
-0.775800
-0.778197
-0.775535
-0.776723
-0.778248
-0.776499
-0.777930
-0.777211
-0.778610
-0.776349
-0.777964
-0.777750
-0.778310
-0.777005
-0.779645
-0.779645
-0.774964
-0.779379
-0.781456
-0.776302
-0.779376
-0.781921
-0.779913
-0.780988
-0.781720
-0.780471
-0.781857
-0.779810
-0.781554
-0.781422
-0.781974
-0.780639
-0.783061
-0.778644
-0.782615
-0.784689
-0.779880
-0.782773
-0.785328
-0.783269
-0.784354
-0.785268
-0.783778
-0.785226
-0.783359
-0.785199
-0.784336
-0.786078
-0.783003
-0.784754
-0.787038
-0.783103
-0.785507
-0.787807
-0.785056
-0.786392
-0.788245
-0.786287
-0.787447
-0.787612
-0.787411
-0.787733
-0.786884
-0.788807
-0.785007
-0.787741
-0.790067
-0.784990
-0.788571
-0.790956
-0.788349
-0.789478
-0.791042
-0.789411
-0.790743
-0.789920
-0.791381
-0.789103
-0.790547
-0.791010
-0.790180
-0.791675
-0.788779
-0.790876
-0.793366
-0.788554
-0.791912
-0.794053
-0.791130
-0.792408
-0.794307
-0.792475
-0.793562
-0.793496
-0.793633
-0.793339
-0.793948
-0.792907
-0.795396
-0.790113
-0.794791
-0.797167
-0.791575
-0.795251
-0.797903
-0.796172
-0.797128
-0.797575
-0.796920
-0.797805
-0.796227
-0.798120
-0.796133
-0.797647
-0.797243
-0.798123
-0.796360
-0.798773
-0.796507
-0.798266
-0.799514
-0.797108
-0.798691
-0.799388
-0.798775
-0.800104
-0.796791
-0.798610
-0.800941
-0.796048
-0.799495
-0.801603
-0.798649
-0.799787
-0.801705
-0.800001
-0.801131
-0.801321
-0.801279
-0.801517
-0.801058
-0.802393
-0.799866
-0.801390
-0.803087
-0.799610
-0.801771
-0.804386
-0.800430
-0.803046
-0.805112
-0.802291
-0.803377
-0.805180
-0.803416
-0.804538
-0.804653
-0.804532
-0.804614
-0.804182
-0.805379
-0.803192
-0.804920
-0.805165
-0.804919
-0.805526
-0.804298
-0.807749
-0.800688
-0.804909
-0.808700
-0.807296
-0.807453
-0.808477
-0.809992
-0.809869
-0.809641
-0.807574
-0.809220
-0.806181
-0.809059
-0.811509
-0.807407
-0.809263
-0.811122
-0.808709
-0.809983
-0.811770
-0.810303
-0.811638
-0.811107
-0.812260
-0.810159
-0.811606
-0.811040
-0.812438
-0.809700
-0.811339
-0.813503
-0.809767
-0.812085
-0.814210
-0.811171
-0.812538
-0.814536
-0.812378
-0.813274
-0.814357
-0.812860
-0.814301
-0.812815
-0.814661
-0.812809
-0.814409
-0.813659
-0.815439
-0.812387
-0.814335
-0.816627
-0.812478
-0.814942
-0.816936
-0.814540
-0.815560
-0.817102
-0.815452
-0.816622
-0.816031
-0.817245
-0.815198
-0.816718
-0.816664
-0.817337
-0.815879
-0.818400
-0.813780
-0.818104
-0.819915
-0.815575
-0.817691
-0.820121
-0.818466
-0.819392
-0.820036
-0.818769
-0.820149
-0.818041
-0.819468
-0.820656
-0.818824
-0.820244
-0.819107
-0.821445
-0.818291
-0.820395
-0.822480
-0.818840
-0.820827
-0.822985
-0.820721
-0.821600
-0.823013
-0.821221
-0.822340
-0.822226
-0.822948
-0.821783
-0.823830
-0.820032
-0.822942
-0.824713
-0.821148
-0.822827
-0.825213
-0.823208
-0.824203
-0.825551
-0.823607
-0.824702
-0.824769
-0.825283
-0.824517
-0.825940
-0.822799
-0.824634
-0.826889
-0.822278
-0.825585
-0.827627
-0.825281
-0.826222
-0.827733
-0.826277
-0.827521
-0.826613
-0.828180
-0.825615
-0.826879
-0.828744
-0.825691
-0.827075
-0.829175
-0.826617
-0.827860
-0.829799
-0.827742
-0.828691
-0.829983
-0.828457
-0.829786
-0.828759
-0.830600
-0.827740
-0.829242
-0.831275
-0.827982
-0.829694
-0.831799
-0.829537
-0.830504
-0.832096
-0.830301
-0.831335
-0.831677
-0.831494
-0.832005
-0.830750
-0.833027
-0.828489
-0.832323
-0.833893
-0.830399
-0.831832
-0.834278
-0.832686
-0.833596
-0.834393
-0.832822
-0.834243
-0.832584
-0.834228
-0.833803
-0.834954
-0.832396
-0.833635
-0.835334
-0.832682
-0.834020
-0.836140
-0.833147
-0.834774
-0.836769
-0.834110
-0.835070
-0.836851
-0.834874
-0.835764
-0.836938
-0.835492
-0.836879
-0.835570
-0.837481
-0.835390
-0.836674
-0.837835
-0.836103
-0.837647
-0.836704
-0.839031
-0.835238
-0.837931
-0.839528
-0.836548
-0.837671
-0.839770
-0.837810
-0.838701
-0.839974
-0.837986
-0.839016
-0.839481
-0.839411
-0.840061
-0.838616
-0.840935
-0.836536
-0.840319
-0.841736
-0.838750
-0.839917
-0.842163
-0.840530
-0.841453
-0.842240
-0.840522
-0.841993
-0.840425
-0.842202
-0.841458
-0.843212
-0.839355
-0.842006
-0.843753
-0.840854
-0.842083
-0.844264
-0.842290
-0.843269
-0.844751
-0.842603
-0.843440
-0.844596
-0.843241
-0.844762
-0.843173
-0.844863
-0.843528
-0.845516
-0.842798
-0.844528
-0.846592
-0.843231
-0.845017
-0.846949
-0.844578
-0.845502
-0.847189
-0.845301
-0.846178
-0.847136
-0.845880
-0.847445
-0.845268
-0.846552
-0.848060
-0.845670
-0.846694
-0.848484
-0.846183
-0.847321
-0.849122
-0.846480
-0.847593
-0.849475
-0.847035
-0.848035
-0.849790
-0.847584
-0.848427
-0.849953
-0.848084
-0.849046
-0.849996
-0.848907
-0.850623
-0.847854
-0.849553
-0.851547
-0.848107
-0.849895
-0.851834
-0.849737
-0.850612
-0.852084
-0.850370
-0.851384
-0.851491
-0.851797
-0.851277
-0.852290
-0.850070
-0.851354
-0.852581
-0.850245
-0.851444
-0.852828
-0.851108
-0.852640
-0.851819
-0.854047
-0.849012
-0.852988
-0.855272
-0.850471
-0.852933
-0.854991
-0.853702
-0.854545
-0.854668
-0.854873
-0.854660
-0.855131
-0.854297
-0.856625
-0.851289
-0.855046
-0.857377
-0.854799
-0.855690
-0.857402
-0.857755
-0.859012
-0.856661
-0.857337
-0.857071
-0.857925
-0.856743
-0.858981
-0.854867
-0.858038
-0.858931
-0.856601
-0.857811
-0.858472
-0.859756
-0.859756
-0.858613
-0.860368
-0.855316
-0.859027
-0.861065
-0.856902
-0.859010
-0.861020
-0.859880
-0.860731
-0.860259
-0.861114
-0.859642
-0.861329
-0.859768
-0.861161
-0.860776
-0.861893
-0.859444
-0.860735
-0.862654
-0.859305
-0.861329
-0.863025
-0.860826
-0.861718
-0.863257
-0.861415
-0.862194
-0.862888
-0.861807
-0.863500
-0.860362
-0.862618
-0.864230
-0.861557
-0.862430
-0.864382
-0.862524
-0.863483
-0.864982
-0.862897
-0.863670
-0.865004
-0.863464
-0.864577
-0.864338
-0.865353
-0.863331
-0.864585
-0.864643
-0.865402
-0.863912
-0.866355
-0.861591
-0.865741
-0.868192
-0.862690
-0.865553
-0.868205
-0.866954
-0.867593
-0.868048
-0.867724
-0.868408
-0.867089
-0.868701
-0.866633
-0.867749
-0.869376
-0.866834
-0.868057
-0.870064
-0.867633
-0.868820
-0.870603
-0.868508
-0.869312
-0.870782
-0.869027
-0.869750
-0.870324
-0.869493
-0.870920
-0.867920
-0.869875
-0.871578
-0.868826
-0.869884
-0.871825
-0.869937
-0.870786
-0.872213
-0.870276
-0.871002
-0.872037
-0.870871
-0.872328
-0.870392
-0.871454
-0.872411
-0.870874
-0.872319
-0.870797
-0.872456
-0.871943
-0.873616
-0.869792
-0.872572
-0.873706
-0.871942
-0.873104
-0.871990
-0.874098
-0.872149
-0.873071
-0.873999
-0.872256
-0.873544
-0.873148
-0.875235
-0.871080
-0.874151
-0.875203
-0.873237
-0.874337
-0.874255
-0.876372
-0.873471
-0.874835
-0.876252
-0.873421
-0.874696
-0.876742
-0.874840
-0.875639
-0.877116
-0.875004
-0.875784
-0.877349
-0.875661
-0.876553
-0.877697
-0.876247
-0.877511
-0.876203
-0.878085
-0.875835
-0.877124
-0.878768
-0.876153
-0.877356
-0.879199
-0.876714
-0.877754
-0.879438
-0.877257
-0.878081
-0.879686
-0.877791
-0.878536
-0.879846
-0.878147
-0.879031
-0.879568
-0.879209
-0.880365
-0.877753
-0.879261
-0.881214
-0.877321
-0.879867
-0.881105
-0.879945
-0.881299
-0.879423
-0.880639
-0.881709
-0.880070
-0.881277
-0.879902
-0.881763
-0.880137
-0.881423
-0.881007
-0.882394
-0.879464
-0.881426
-0.883191
-0.880220
-0.881559
-0.883276
-0.881300
-0.882164
-0.883682
-0.881664
-0.882415
-0.883827
-0.881991
-0.882850
-0.884133
-0.882525
-0.883551
-0.883544
-0.884426
-0.882824
-0.884698
-0.882131
-0.883970
-0.885464
-0.882810
-0.883973
-0.885888
-0.883402
-0.884579
-0.886186
-0.883827
-0.884734
-0.886463
-0.884467
-0.885273
-0.886807
-0.884729
-0.885524
-0.887121
-0.885172
-0.886067
-0.887665
-0.885652
-0.886495
-0.888043
-0.885962
-0.886824
-0.888398
-0.886264
-0.887141
-0.888740
-0.886548
-0.887442
-0.889072
-0.886869
-0.887765
-0.889403
-0.887252
-0.888114
-0.889723
-0.887649
-0.888470
-0.890026
-0.888021
-0.888819
-0.890301
-0.888374
-0.889165
-0.890518
-0.888744
-0.889586
-0.890470
-0.889399
-0.891235
-0.887410
-0.890530
-0.891319
-0.890157
-0.891423
-0.888928
-0.890993
-0.892749
-0.889923
-0.890626
-0.892238
-0.890533
-0.891500
-0.892952
-0.891051
-0.891661
-0.892701
-0.891367
-0.892791
-0.891542
-0.893331
-0.891415
-0.892493
-0.893469
-0.892030
-0.893593
-0.891703
-0.893011
-0.894136
-0.892235
-0.893232
-0.893207
-0.894418
-0.892209
-0.893203
-0.894413
-0.892156
-0.893160
-0.894718
-0.892432
-0.893601
-0.895275
-0.892449
-0.893893
-0.895404
-0.893563
-0.894363
-0.895569
-0.894178
-0.895449
-0.894246
-0.896297
-0.892851
-0.895604
-0.896351
-0.895810
-0.896805
-0.894608
-0.896151
-0.898045
-0.894437
-0.896458
-0.897408
-0.896838
-0.898423
-0.895184
-0.897574
-0.898477
-0.897173
-0.898615
-0.895661
-0.898428
-0.899627
-0.898136
-0.899249
-0.896747
-0.898722
-0.900476
-0.898117
-0.898782
-0.900314
-0.898357
-0.899360
-0.900928
-0.898685
-0.899523
-0.901089
-0.898982
-0.899948
-0.901569
-0.899424
-0.900296
-0.901860
-0.899760
-0.900657
-0.902243
-0.900189
-0.901043
-0.902579
-0.900518
-0.901360
-0.902887
-0.900834
-0.901684
-0.903209
-0.901152
-0.902003
-0.903524
-0.901456
-0.902310
-0.903833
-0.901757
-0.902612
-0.904135
-0.902058
-0.902910
-0.904431
-0.902363
-0.903209
-0.904724
-0.902671
-0.903510
-0.905016
-0.902980
-0.903811
-0.905306
-0.903285
-0.904112
-0.905595
-0.903587
-0.904411
-0.905881
-0.903885
-0.904706
-0.906160
-0.904179
-0.904997
-0.906428
-0.904471
-0.905284
-0.906677
-0.904770
-0.905575
-0.906874
-0.905111
-0.905947
-0.906817
-0.905778
-0.907749
-0.903217
-0.906518
-0.909111
-0.904611
-0.906784
-0.909006
-0.908160
-0.908899
-0.908741
-0.909265
-0.908252
-0.909996
-0.906269
-0.909262
-0.910167
-0.908967
-0.910242
-0.907999
-0.910021
-0.911654
-0.909367
-0.909783
-0.911090
-0.909741
-0.910749
-0.910866
-0.910871
-0.910181
-0.910974
-0.908664
-0.910098
-0.911749
-0.908382
-0.910522
-0.910995
-0.911641
-0.910627
-0.912537
-0.907344
-0.909565
-0.912382
-0.911297
-0.911830
-0.911665
-0.913707
-0.912407
-0.912913
-0.912426
-0.912752
-0.911938
-0.914564
-0.909570
-0.910592
-0.914162
-0.914151
-0.913673
-0.914877
-0.915868
-0.917103
-0.915428
-0.916066
-0.912882
-0.914811
-0.916154
-0.915241
-0.916552
-0.913958
-0.915442
-0.916622
-0.914875
-0.915770
-0.916108
-0.917028
-0.915874
-0.917755
-0.911968
-0.912920
-0.916666
-0.917284
-0.916747
-0.917870
-0.918586
-0.919654
-0.918085
-0.918731
-0.916038
-0.917638
-0.919256
-0.917912
-0.918611
-0.918611
-0.918628
-0.918984
-0.918090
-0.919881
-0.915064
-0.918100
-0.920284
-0.918558
-0.919148
-0.919219
-0.920914
-0.919424
-0.919979
-0.919166
-0.920383
-0.917771
-0.919776
-0.920941
-0.919593
-0.920659
-0.918237
-0.919925
-0.921321
-0.919726
-0.920509
-0.920469
-0.921607
-0.919703
-0.920426
-0.920978
-0.919967
-0.921979
-0.916757
-0.918167
-0.922114
-0.921908
-0.921812
-0.922246
-0.923504
-0.923613
-0.924034
-0.921865
-0.922527
-0.922074
-0.924380
-0.920338
-0.923253
-0.925605
-0.921222
-0.923224
-0.925166
-0.924752
-0.925768
-0.924930
-0.925997
-0.923965
-0.924571
-0.925722
-0.924188
-0.924872
-0.925572
-0.925109
-0.926610
-0.922812
-0.925816
-0.926115
-0.926333
-0.925416
-0.927052
-0.923878
-0.926447
-0.926169
-0.926707
-0.924694
-0.925821
-0.926770
-0.926539
-0.927401
-0.923912
-0.926129
-0.926088
-0.927636
-0.924715
-0.926695
-0.927592
-0.927150
-0.927900
-0.925330
-0.926870
-0.928177
-0.926736
-0.927581
-0.926894
-0.929065
-0.924794
-0.927383
-0.929600
-0.926785
-0.927776
-0.929517
-0.929476
-0.930561
-0.928899
-0.929514
-0.929181
-0.930475
-0.928412
-0.929615
-0.931023
-0.929037
-0.929695
-0.930962
-0.929580
-0.930523
-0.930822
-0.930989
-0.930632
-0.930954
-0.929622
-0.932030
-0.924978
-0.926693
-0.930124
-0.931909
-0.932084
-0.933598
-0.935156
-0.935669
-0.935101
-0.934214
-0.933845
-0.933992
-0.934662
-0.934449
-0.935758
-0.931337
-0.934064
-0.936186
-0.931404
-0.934063
-0.936845
-0.936014
-0.936447
-0.936423
-0.936369
-0.936211
-0.935992
-0.935954
-0.935579
-0.936206
-0.934503
-0.935423
-0.935975
-0.935496
-0.937110
-0.932557
-0.935614
-0.937954
-0.934605
-0.935618
-0.936926
-0.937072
-0.937872
-0.936306
-0.936885
-0.935878
-0.937361
-0.935394
-0.936688
-0.937856
-0.936621
-0.937447
-0.936792
-0.938630
-0.935585
-0.937836
-0.937880
-0.938586
-0.937146
-0.938348
-0.937300
-0.938588
-0.937181
-0.938239
-0.936941
-0.938341
-0.937565
-0.939301
-0.936272
-0.938341
-0.938317
-0.939214
-0.937611
-0.938616
-0.938765
-0.939664
-0.937806
-0.938458
-0.938501
-0.939253
-0.937950
-0.939682
-0.936084
-0.939097
-0.939067
-0.939825
-0.938074
-0.939182
-0.940005
-0.939791
-0.940366
-0.937663
-0.939006
-0.939866
-0.939383
-0.940949
-0.936598
-0.939112
-0.941295
-0.939436
-0.939872
-0.941099
-0.941460
-0.942571
-0.940524
-0.940749
-0.941561
-0.940444
-0.941670
-0.941127
-0.943126
-0.939174
-0.941783
-0.943798
-0.940294
-0.942189
-0.943714
-0.943743
-0.944441
-0.942836
-0.943532
-0.942945
-0.944540
-0.941375
-0.943773
-0.943936
-0.944870
-0.943229
-0.944156
-0.944554
-0.945201
-0.944119
-0.945785
-0.940422
-0.940708
-0.943734
-0.945387
-0.944878
-0.945785
-0.946902
-0.947432
-0.947137
-0.946420
-0.946255
-0.945969
-0.947438
-0.944813
-0.946899
-0.946203
-0.947670
-0.944216
-0.947129
-0.947750
-0.948316
-0.947139
-0.948309
-0.945483
-0.947490
-0.947416
-0.948005
-0.946334
-0.947263
-0.947268
-0.948753
-0.945713
-0.947619
-0.947356
-0.948914
-0.946292
-0.948136
-0.948747
-0.948919
-0.948436
-0.948649
-0.947870
-0.950106
-0.944086
-0.944109
-0.946701
-0.948907
-0.949319
-0.950805
-0.952392
-0.953026
-0.952510
-0.951683
-0.951212
-0.951509
-0.951733
-0.952552
-0.951187
-0.952006
-0.950049
-0.950970
-0.951670
-0.951178
-0.952844
-0.949041
-0.952025
-0.952610
-0.950821
-0.951375
-0.950142
-0.951399
-0.951655
-0.951602
-0.950842
-0.951503
-0.949565
-0.950869
-0.951825
-0.950492
-0.951483
-0.949962
-0.951181
-0.951904
-0.951186
-0.952462
-0.948459
-0.951152
-0.953382
-0.949620
-0.951251
-0.952871
-0.952516
-0.953364
-0.952515
-0.953573
-0.952108
-0.952825
-0.953730
-0.952961
-0.954239
-0.951985
-0.953568
-0.954096
-0.954035
-0.954296
-0.953551
-0.955536
-0.950663
-0.951591
-0.954820
-0.953753
-0.954382
-0.955096
-0.956340
-0.956088
-0.956266
-0.954358
-0.954938
-0.954836
-0.956445
-0.954047
-0.955710
-0.955654
-0.956321
-0.954662
-0.955683
-0.955802
-0.957036
-0.954590
-0.955541
-0.956073
-0.955375
-0.956642
-0.953218
-0.955944
-0.956280
-0.956435
-0.955600
-0.957027
-0.954555
-0.956818
-0.956408
-0.957526
-0.954844
-0.956625
-0.957427
-0.957854
-0.957372
-0.957706
-0.956434
-0.957811
-0.956227
-0.957241
-0.957920
-0.957283
-0.958867
-0.954717
-0.956991
-0.958952
-0.957385
-0.957854
-0.958672
-0.959485
-0.959631
-0.959216
-0.958894
-0.958362
-0.959559
-0.956549
-0.959448
-0.958389
-0.959525
-0.959057
-0.960677
-0.958277
-0.960122
-0.960108
-0.960646
-0.959026
-0.959975
-0.959423
-0.961193
-0.957463
-0.959699
-0.961448
-0.958545
-0.960117
-0.961344
-0.961828
-0.962165
-0.961142
-0.962279
-0.959129
-0.961546
-0.961695
-0.962590
-0.961107
-0.961975
-0.962599
-0.962655
-0.962752
-0.961637
-0.963516
-0.957886
-0.957731
-0.960136
-0.962635
-0.963126
-0.964337
-0.965625
-0.966161
-0.965752
-0.965053
-0.964650
-0.964826
-0.965071
-0.965602
-0.964816
-0.966217
-0.960786
-0.961143
-0.964710
-0.966387
-0.965792
-0.966952
-0.968157
-0.968327
-0.967834
-0.966628
-0.966693
-0.965635
-0.966842
-0.966086
-0.967162
-0.965512
-0.966168
-0.966799
-0.966224
-0.967503
-0.964800
-0.966889
-0.966537
-0.967404
-0.965315
-0.966090
-0.967107
-0.967107
-0.966155
-0.966854
-0.965614
-0.966606
-0.966170
-0.967606
-0.964888
-0.966837
-0.966626
-0.967747
-0.965892
-0.966756
-0.967902
-0.967015
-0.967762
-0.966543
-0.967561
-0.966901
-0.968326
-0.965748
-0.967544
-0.967420
-0.968540
-0.966711
-0.967556
-0.968658
-0.967700
-0.968465
-0.967231
-0.968287
-0.967624
-0.969094
-0.966276
-0.968323
-0.968058
-0.969284
-0.967351
-0.968330
-0.969426
-0.968608
-0.969424
-0.967725
-0.968546
-0.969412
-0.968644
-0.969791
-0.967210
-0.969216
-0.968988
-0.970247
-0.968015
-0.969317
-0.970170
-0.969933
-0.970542
-0.968520
-0.969444
-0.970328
-0.969538
-0.970754
-0.967860
-0.970321
-0.970045
-0.971272
-0.969195
-0.970312
-0.971399
-0.970868
-0.971814
-0.969277
-0.970913
-0.970971
-0.972085
-0.970277
-0.971108
-0.972153
-0.971294
-0.972243
-0.970459
-0.971524
-0.972356
-0.971807
-0.973020
-0.969720
-0.972220
-0.972936
-0.972264
-0.972894
-0.971401
-0.972589
-0.973612
-0.972475
-0.973205
-0.971339
-0.972652
-0.973454
-0.973186
-0.973984
-0.971291
-0.973334
-0.972820
-0.974225
-0.972180
-0.973459
-0.974267
-0.974170
-0.974654
-0.972856
-0.973592
-0.974346
-0.973771
-0.975218
-0.970951
-0.972132
-0.975191
-0.974169
-0.974637
-0.975345
-0.976318
-0.976381
-0.976424
-0.975149
-0.976269
-0.972830
-0.975279
-0.977553
-0.974923
-0.976055
-0.977159
-0.977682
-0.978078
-0.977163
-0.978041
-0.975297
-0.977239
-0.976902
-0.978057
-0.976177
-0.977097
-0.978095
-0.977396
-0.978305
-0.976199
-0.977508
-0.978035
-0.978135
-0.978013
-0.977656
-0.978161
-0.976598
-0.977332
-0.977251
-0.978149
-0.975931
-0.977481
-0.977406
-0.978810
-0.975085
-0.977363
-0.979058
-0.976344
-0.977515
-0.978230
-0.979009
-0.978677
-0.979155
-0.977606
-0.978250
-0.978860
-0.978600
-0.979793
-0.976530
-0.979113
-0.979794
-0.979293
-0.979731
-0.978545
-0.979749
-0.979747
-0.980538
-0.977664
-0.979210
-0.978731
-0.980321
-0.978423
-0.979577
-0.980162
-0.980238
-0.980456
-0.979593
-0.981237
-0.976327
-0.975790
-0.978079
-0.980069
-0.980660
-0.981746
-0.982723
-0.983045
-0.982624
-0.982015
-0.981683
-0.981889
-0.982040
-0.982703
-0.981356
-0.982136
-0.980504
-0.981587
-0.981733
-0.982783
-0.980928
-0.981810
-0.982223
-0.981448
-0.982344
-0.978299
-0.980411
-0.982382
-0.980025
-0.980807
-0.981966
-0.982394
-0.983070
-0.981828
-0.982462
-0.981328
-0.982342
-0.982238
-0.983592
-0.980847
-0.982891
-0.982378
-0.983581
-0.982161
-0.983036
-0.983969
-0.983536
-0.984462
-0.981477
-0.983443
-0.983057
-0.984309
-0.982846
-0.983711
-0.984736
-0.984105
-0.985025
-0.982595
-0.984246
-0.984163
-0.985468
-0.983407
-0.984568
-0.985076
-0.985324
-0.985007
-0.985261
-0.984425
-0.986128
-0.981160
-0.980813
-0.983374
-0.985340
-0.985608
-0.986659
-0.987519
-0.987863
-0.987379
-0.986959
-0.986296
-0.987180
-0.985555
-0.986841
-0.987165
-0.987313
-0.986676
-0.987667
-0.984892
-0.987438
-0.986374
-0.987122
-0.986626
-0.987765
-0.986001
-0.986820
-0.987196
-0.986543
-0.987334
-0.985060
-0.987069
-0.986821
-0.988027
-0.985859
-0.987110
-0.987630
-0.988235
-0.987554
-0.988545
-0.985613
-0.987923
-0.987649
-0.988684
-0.986928
-0.987932
-0.989008
-0.988543
-0.989356
-0.986902
-0.988507
-0.988426
-0.989728
-0.987765
-0.988860
-0.989423
-0.989599
-0.989541
-0.989221
-0.989796
-0.988325
-0.989101
-0.989219
-0.989683
-0.988563
-0.990024
-0.986196
-0.988359
-0.990276
-0.988355
-0.988922
-0.990202
-0.990355
-0.991118
-0.989375
-0.989581
-0.990129
-0.989877
-0.991153
-0.988473
-0.990690
-0.990215
-0.991298
-0.989990
-0.990894
-0.991703
-0.991615
-0.992027
-0.990042
-0.990662
-0.991221
-0.991044
-0.991936
-0.989319
-0.991405
-0.990483
-0.991471
-0.991215
-0.992400
-0.990608
-0.991749
-0.991944
-0.992219
-0.991357
-0.992606
-0.989046
-0.990926
-0.992769
-0.991425
-0.991866
-0.992770
-0.993467
-0.993808
-0.993011
-0.993598
-0.990484
-0.992868
-0.993035
-0.994198
-0.992330
-0.993393
-0.994272
-0.994152
-0.994623
-0.992783
-0.993561
-0.994231
-0.993968
-0.994779
-0.991877
-0.994045
-0.993264
-0.994252
-0.993898
-0.995174
-0.993470
-0.994622
-0.994796
-0.995089
-0.994186
-0.995401
-0.992259
-0.994475
-0.996351
-0.993338
-0.994707
-0.995849
-0.996510
-0.996720
-0.996228
-0.996561
-0.995177
-0.995840
-0.996010
-0.996657
-0.995472
-0.996395
-0.995170
-0.996155
-0.996087
-0.997038
-0.994700
-0.996268
-0.995789
-0.997049
-0.994724
-0.996148
-0.996123
-0.997322
-0.995448
-0.996337
-0.996846
-0.997143
-0.997054
-0.997140
-0.996830
-0.997827
-0.994285
-0.996530
-0.998586
-0.994560
-0.995935
-0.998364
-0.998571
-0.999124
-0.998476
-0.999136
-0.998039
-0.998600
-0.998560
-0.999168
-0.998026
-0.998848
-0.998421
-0.999910
-0.996689
-0.999002
-1.000078
-0.999132
-0.999800
-0.998794
-0.999713
-0.999629
-1.000019
-0.998408
-0.998905
-0.999111
-0.999876
-0.998672
-0.999413
-0.998444
-0.999577
-0.998304
-0.999192
-0.999462
-0.999996
-0.999089
-1.000266
-0.996188
-0.997178
-0.999691
-0.998916
-0.999523
-1.000243
-1.001136
-1.000998
-1.001132
-0.999633
-1.000232
-0.999847
-1.001520
-0.998868
-1.001032
-1.000879
-1.001893
-1.000327
-1.001160
-1.002181
-1.001756
-1.002488
-1.002488
-0.999926
-1.001390
-1.001002
-1.002165
-1.000919
-1.001620
-1.002353
-1.002108
-1.002864
-1.000427
-1.002032
-1.001545
-1.002684
-1.001635
-1.002422
-1.002464
-1.003247
-1.001592
-1.002086
-1.002548
-1.002465
-1.003132
-1.001261
-1.002345
-1.002281
-1.003403
-1.000569
-1.002744
-1.002346
-1.003416
-1.002456
-1.003322
-1.002784
-1.003964
-1.001965
-1.003126
-1.002995
-1.004190
-1.002361
-1.003609
-1.003886
-1.004723
-1.003308
-1.003854
-1.004145
-1.004778
-1.003927
-1.005075
-1.001069
-1.002229
-1.004687
-1.004027
-1.004714
-1.005187
-1.006262
-1.005592
-1.006126
-1.003658
-1.004942
-1.004840
-1.006233
-1.004917
-1.005671
-1.006367
-1.005949
-1.006712
-1.004291
-1.006098
-1.005658
-1.006679
-1.005595
-1.006334
-1.006160
-1.007188
-1.004888
-1.006227
-1.005855
-1.007079
-1.005526
-1.006505
-1.007120
-1.007118
-1.007284
-1.006304
-1.007508
-1.004342
-1.006431
-1.008343
-1.005598
-1.006922
-1.007863
-1.008682
-1.008403
-1.008625
-1.007425
-1.008169
-1.007348
-1.008326
-1.007510
-1.008475
-1.007521
-1.008458
-1.007998
-1.009279
-1.006494
-1.008589
-1.008384
-1.009323
-1.007876
-1.008495
-1.009297
-1.008993
-1.009711
-1.007304
-1.008904
-1.008505
-1.009649
-1.008837
-1.009750
-1.009243
-1.010371
-1.008315
-1.009524
-1.009368
-1.010533
-1.008785
-1.009830
-1.010185
-1.010708
-1.009779
-1.010745
-1.008073
-1.010360
-1.010172
-1.011115
-1.009775
-1.010522
-1.011368
-1.011147
-1.011716
-1.009366
-1.010740
-1.010395
-1.011617
-1.010315
-1.011049
-1.011707
-1.011537
-1.012070
-1.010110
-1.011190
-1.011214
-1.012400
-1.009876
-1.011681
-1.011234
-1.012226
-1.011359
-1.012251
-1.011598
-1.012615
-1.011498
-1.012099
-1.011999
-1.012829
-1.011096
-1.012105
-1.012253
-1.013175
-1.011229
-1.012353
-1.012434
-1.013677
-1.011129
-1.012814
-1.012364
-1.013388
-1.012513
-1.013379
-1.012884
-1.014021
-1.012019
-1.013259
-1.013050
-1.014265
-1.012573
-1.013726
-1.014088
-1.014781
-1.013602
-1.014264
-1.013356
-1.014390
-1.013796
-1.014940
-1.012525
-1.014430
-1.013971
-1.014950
-1.014239
-1.015229
-1.014213
-1.014951
-1.015022
-1.015437
-1.014344
-1.015287
-1.013376
-1.015104
-1.014541
-1.015555
-1.014847
-1.015933
-1.014879
-1.015639
-1.015698
-1.016112
-1.014976
-1.015859
-1.014201
-1.015614
-1.015318
-1.016569
-1.014188
-1.016172
-1.015977
-1.016987
-1.015766
-1.016381
-1.016759
-1.017267
-1.016620
-1.017523
-1.013549
-1.014099
-1.017241
-1.016660
-1.017328
-1.018377
-1.019009
-1.019392
-1.018491
-1.018873
-1.016180
-1.018237
-1.018101
-1.019147
-1.018331
-1.019217
-1.018808
-1.019893
-1.017774
-1.018999
-1.018788
-1.019846
-1.018198
-1.018993
-1.019381
-1.019580
-1.019175
-1.019558
-1.018178
-1.019013
-1.019160
-1.019843
-1.017922
-1.018941
-1.018864
-1.020161
-1.017085
-1.019075
-1.020150
-1.019175
-1.019707
-1.018794
-1.019751
-1.019836
-1.020422
-1.018704
-1.019377
-1.019778
-1.020582
-1.019512
-1.020226
-1.019191
-1.020165
-1.019846
-1.021093
-1.018002
-1.019945
-1.021610
-1.019354
-1.020177
-1.020814
-1.021863
-1.021220
-1.021853
-1.019801
-1.021079
-1.020944
-1.022153
-1.020765
-1.021608
-1.022270
-1.022384
-1.022531
-1.021736
-1.022812
-1.018744
-1.019161
-1.022274
-1.021671
-1.022285
-1.023297
-1.023897
-1.024230
-1.023394
-1.023619
-1.021523
-1.022879
-1.022899
-1.024116
-1.022655
-1.023380
-1.023976
-1.023995
-1.024277
-1.023291
-1.024209
-1.021869
-1.023631
-1.022830
-1.023486
-1.023447
-1.024305
-1.023339
-1.023971
-1.023675
-1.024552
-1.022131
-1.023891
-1.023453
-1.024327
-1.023919
-1.024865
-1.023576
-1.024327
-1.024809
-1.024765
-1.024980
-1.024210
-1.025327
-1.022236
-1.024034
-1.025886
-1.023472
-1.024731
-1.025645
-1.026710
-1.026152
-1.026491
-1.024886
-1.025441
-1.026025
-1.026146
-1.026460
-1.025727
-1.026789
-1.023725
-1.025794
-1.027186
-1.025580
-1.026012
-1.027063
-1.027206
-1.027665
-1.026030
-1.026181
-1.026485
-1.026795
-1.026825
-1.027005
-1.026514
-1.027408
-1.023295
-1.024239
-1.026855
-1.026199
-1.026870
-1.027775
-1.028328
-1.028436
-1.027763
-1.027741
-1.026442
-1.027097
-1.027343
-1.028228
-1.026698
-1.027331
-1.027727
-1.028186
-1.027724
-1.028560
-1.025679
-1.027738
-1.027210
-1.027839
-1.027099
-1.028075
-1.027615
-1.028470
-1.027463
-1.027969
-1.027581
-1.028690
-1.026824
-1.028216
-1.027974
-1.028931
-1.027919
-1.028559
-1.028991
-1.029472
-1.028923
-1.029551
-1.026898
-1.028808
-1.028265
-1.029067
-1.029138
-1.030028
-1.029212
-1.029840
-1.029192
-1.030009
-1.027938
-1.029364
-1.029217
-1.030248
-1.029320
-1.029908
-1.029958
-1.030681
-1.029404
-1.029824
-1.030085
-1.030527
-1.029988
-1.030851
-1.027788
-1.029799
-1.030952
-1.029753
-1.030228
-1.030497
-1.031655
-1.030295
-1.030449
-1.030616
-1.030646
-1.030964
-1.030536
-1.031554
-1.028052
-1.029404
-1.031362
-1.029947
-1.030686
-1.032003
-1.032394
-1.032799
-1.031543
-1.031753
-1.030875
-1.031758
-1.031439
-1.032463
-1.030950
-1.031826
-1.032110
-1.032818
-1.031871
-1.032539
-1.031779
-1.032578
-1.031696
-1.032353
-1.031612
-1.032483
-1.031544
-1.032246
-1.032275
-1.032947
-1.031536
-1.032106
-1.032491
-1.032859
-1.032421
-1.032421
-1.033139
-1.030401
-1.032505
-1.031892
-1.032598
-1.032578
-1.033579
-1.032661
-1.033172
-1.033188
-1.033462
-1.032575
-1.033532
-1.031215
-1.033262
-1.032821
-1.033593
-1.033517
-1.034469
-1.033562
-1.034114
-1.034156
-1.034451
-1.033523
-1.034401
-1.032242
-1.034120
-1.033535
-1.034302
-1.034494
-1.035272
-1.034647
-1.035388
-1.033658
-1.034428
-1.034384
-1.035319
-1.033905
-1.034717
-1.035177
-1.035574
-1.034992
-1.035719
-1.033151
-1.035213
-1.034719
-1.035395
-1.035201
-1.036158
-1.035181
-1.035707
-1.035931
-1.035935
-1.035768
-1.035943
-1.035620
-1.036506
-1.032744
-1.033960
-1.036005
-1.035083
-1.035794
-1.036956
-1.037371
-1.037687
-1.036439
-1.036660
-1.035156
-1.036127
-1.036572
-1.037361
-1.036358
-1.036951
-1.036499
-1.037623
-1.035520
-1.037043
-1.036669
-1.037530
-1.037048
-1.037834
-1.036758
-1.037263
-1.037560
-1.037699
-1.037591
-1.037845
-1.037344
-1.038327
-1.034335
-1.034967
-1.037667
-1.037224
-1.037978
-1.038976
-1.039541
-1.039693
-1.038961
-1.038939
-1.037473
-1.038081
-1.038699
-1.039113
-1.038956
-1.039237
-1.038186
-1.038937
-1.037606
-1.038497
-1.038658
-1.039359
-1.037895
-1.038351
-1.038603
-1.038848
-1.038379
-1.039063
-1.036605
-1.038610
-1.037693
-1.038477
-1.038809
-1.039607
-1.039206
-1.040012
-1.038039
-1.039059
-1.038706
-1.039659
-1.038970
-1.039753
-1.039785
-1.040516
-1.038958
-1.039499
-1.039880
-1.040486
-1.039958
-1.040814
-1.038232
-1.040127
-1.039659
-1.040389
-1.040219
-1.041245
-1.040361
-1.040829
-1.040920
-1.041003
-1.040541
-1.041178
-1.039280
-1.040652
-1.040073
-1.040918
-1.040703
-1.041715
-1.040382
-1.041138
-1.041359
-1.041664
-1.040904
-1.041697
-1.039440
-1.041263
-1.040734
-1.041384
-1.041404
-1.042297
-1.041597
-1.042236
-1.041661
-1.042368
-1.040423
-1.041712
-1.041650
-1.042663
-1.041729
-1.042276
-1.042540
-1.043081
-1.042309
-1.043003
-1.040851
-1.042471
-1.042020
-1.042801
-1.042763
-1.043578
-1.042656
-1.043188
-1.043094
-1.043602
-1.042204
-1.042746
-1.043169
-1.043644
-1.043077
-1.043821
-1.041011
-1.043138
-1.043228
-1.043959
-1.042740
-1.043427
-1.044257
-1.044237
-1.044370
-1.043096
-1.043614
-1.043122
-1.044197
-1.042805
-1.043768
-1.043917
-1.044793
-1.043385
-1.044026
-1.044479
-1.044883
-1.044372
-1.044956
-1.042549
-1.044327
-1.043599
-1.044339
-1.044714
-1.045444
-1.045123
-1.045869
-1.043673
-1.044797
-1.044290
-1.045158
-1.045006
-1.045965
-1.044932
-1.045416
-1.045716
-1.045776
-1.045769
-1.045724
-1.046009
-1.045432
-1.046235
-1.042127
-1.042712
-1.045690
-1.045271
-1.045988
-1.047044
-1.047496
-1.047781
-1.046878
-1.047016
-1.045341
-1.046242
-1.046635
-1.047516
-1.046557
-1.047087
-1.047136
-1.047881
-1.046488
-1.046943
-1.047307
-1.047538
-1.047256
-1.047440
-1.046340
-1.046936
-1.045941
-1.046728
-1.046685
-1.047694
-1.045700
-1.047057
-1.046606
-1.047345
-1.046806
-1.047618
-1.046797
-1.047404
-1.047548
-1.047925
-1.047112
-1.047876
-1.046147
-1.047603
-1.047324
-1.048204
-1.047678
-1.048537
-1.047857
-1.048543
-1.048123
-1.048808
-1.047100
-1.048114
-1.048223
-1.049127
-1.047853
-1.048397
-1.048996
-1.049152
-1.049340
-1.048714
-1.049476
-1.046716
-1.048724
-1.048716
-1.049432
-1.048458
-1.049212
-1.049823
-1.050162
-1.049621
-1.049744
-1.048150
-1.048911
-1.049153
-1.049952
-1.048501
-1.049151
-1.049575
-1.050180
-1.049368
-1.050043
-1.047969
-1.049496
-1.048976
-1.049642
-1.049610
-1.050360
-1.049550
-1.050144
-1.049839
-1.050593
-1.048698
-1.049927
-1.049832
-1.050811
-1.050004
-1.050622
-1.050663
-1.051390
-1.050092
-1.050482
-1.050804
-1.051187
-1.050812
-1.051414
-1.049307
-1.050759
-1.050088
-1.050871
-1.051112
-1.051870
-1.051172
-1.051741
-1.050499
-1.050945
-1.051087
-1.051658
-1.050880
-1.051597
-1.050359
-1.051153
-1.051311
-1.051955
-1.050839
-1.051439
-1.051579
-1.052219
-1.050696
-1.051199
-1.051420
-1.052110
-1.051024
-1.051593
-1.051452
-1.052459
-1.050119
-1.051775
-1.051363
-1.052107
-1.052037
-1.052846
-1.051962
-1.052479
-1.052459
-1.052927
-1.051736
-1.052288
-1.052457
-1.053291
-1.051720
-1.052473
-1.052587
-1.053513
-1.051865
-1.052769
-1.052857
-1.053704
-1.052145
-1.052781
-1.053093
-1.053751
-1.052825
-1.053369
-1.052544
-1.053360
-1.053083
-1.053996
-1.052087
-1.053434
-1.053229
-1.054098
-1.053359
-1.054061
-1.053731
-1.054569
-1.053130
-1.053758
-1.053976
-1.054645
-1.053782
-1.054434
-1.053806
-1.054617
-1.053707
-1.054379
-1.054265
-1.055168
-1.053401
-1.054459
-1.054255
-1.055102
-1.053890
-1.054531
-1.055101
-1.055410
-1.055188
-1.055331
-1.054487
-1.055375
-1.052817
-1.054951
-1.054851
-1.055637
-1.055029
-1.055958
-1.055613
-1.056332
-1.055110
-1.055406
-1.055553
-1.056119
-1.055437
-1.056183
-1.054401
-1.055721
-1.055447
-1.056379
-1.055849
-1.056698
-1.056113
-1.056774
-1.055929
-1.056462
-1.055762
-1.056553
-1.055885
-1.056655
-1.056215
-1.057037
-1.055574
-1.056498
-1.056695
-1.057444
-1.056245
-1.056722
-1.057026
-1.057513
-1.056738
-1.057413
-1.055140
-1.056998
-1.056590
-1.057260
-1.057270
-1.058061
-1.057328
-1.057912
-1.057261
-1.057870
-1.056453
-1.057276
-1.057647
-1.057647
