0.281436
0.282942
0.285771
0.288523
0.291154
0.293669
0.296093
0.298465
0.300815
0.303152
0.305462
0.307724
0.309918
0.312026
0.314029
0.315913
0.317667
0.319284
0.320764
0.322110
0.323329
0.324433
0.325436
0.326349
0.327185
0.327949
0.328648
0.329283
0.329859
0.330375
0.330833
0.331232
0.331572
0.331852
0.332069
0.332222
0.332309
0.332330
0.332282
0.332166
0.331981
0.331726
0.331400
0.331004
0.330537
0.329998
0.329389
0.328713
0.327976
0.327193
0.326389
0.325602
0.324883
0.324300
0.323932
0.323850
0.324071
0.324510
0.324964
0.325241
0.325301
0.325197
0.325012
0.324835
0.324748
0.324806
0.325035
0.325444
0.326029
0.326776
0.327668
0.328678
0.329782
0.330953
0.332167
0.333403
0.334644
0.335876
0.337091
0.338282
0.339446
0.340581
0.341687
0.342764
0.343813
0.344837
0.345836
0.346811
0.347765
0.348699
0.349614
0.350511
0.351392
0.352255
0.353104
0.353936
0.354754
0.355557
0.356344
0.357115
0.357870
0.358607
0.359327
0.360028
0.360709
0.361368
0.362001
0.362602
0.363164
0.363679
0.364144
0.364555
0.364912
0.365212
0.365461
0.365663
0.365826
0.365955
0.366054
0.366123
0.366161
0.366169
0.366144
0.366086
0.365993
0.365862
0.365693
0.365485
0.365235
0.364943
0.364609
0.364230
0.363807
0.363339
0.362825
0.362266
0.361663
0.361021
0.360347
0.359656
0.358966
0.358296
0.357667
0.357089
0.356569
0.356111
0.355713
0.355377
0.355102
0.354888
0.354735
0.354640
0.354600
0.354608
0.354660
0.354749
0.354872
0.355024
0.355201
0.355398
0.355612
0.355838
0.356072
0.356310
0.356546
0.356777
0.356997
0.357202
0.357388
0.357551
0.357688
0.357799
0.357893
0.358005
0.358217
0.358495
0.358748
0.359002
0.359281
0.359618
0.360048
0.360587
0.361159
0.361646
0.361901
0.361781
0.361783
0.361781
0.361649
0.361450
0.361406
0.361184
0.361151
0.360843
0.360861
0.360781
0.360667
0.360560
0.360458
0.360372
0.360312
0.360258
0.360169
0.360025
0.359832
0.359599
0.359328
0.359025
0.358693
0.358335
0.357954
0.357552
0.357130
0.356691
0.356235
0.355765
0.355280
0.354783
0.354274
0.353754
0.353224
0.352685
0.352138
0.351584
0.351023
0.350457
0.349886
0.349310
0.348731
0.348149
0.347565
0.346979
0.346394
0.345808
0.345224
0.344642
0.344064
0.343490
0.342921
0.342360
0.341808
0.341265
0.340735
0.340218
0.339716
0.339230
0.338761
0.338309
0.337876
0.337461
0.337065
0.336689
0.336332
0.335994
0.335675
0.335374
0.335092
0.334828
0.334582
0.334353
0.334141
0.333945
0.333765
0.333602
0.333453
0.333321
0.333203
0.333100
0.333012
0.332938
0.332880
0.332835
0.332806
0.332791
0.332791
0.332806
0.332836
0.332881
0.332942
0.333019
0.333112
0.333223
0.333353
0.333502
0.333673
0.333868
0.334092
0.334348
0.334640
0.334972
0.335345
0.335760
0.336216
0.336711
0.337242
0.337809
0.338410
0.339043
0.339710
0.340409
0.341143
0.341913
0.342719
0.343564
0.344450
0.345380
0.346355
0.347378
0.348448
0.349563
0.350718
0.351901
0.353101
0.354303
0.355493
0.356660
0.357796
0.358898
0.359964
0.360997
0.362000
0.362977
0.363934
0.364876
0.365809
0.366739
0.367670
0.368606
0.369550
0.370506
0.371475
0.372458
0.373457
0.374470
0.375498
0.376539
0.377594
0.378660
0.379735
0.380820
0.381912
0.383009
0.384111
0.385215
0.386321
0.387427
0.388533
0.389636
0.390737
0.391834
0.392926
0.394013
0.395095
0.396169
0.397237
0.398297
0.399349
0.400392
0.401427
0.402452
0.403468
0.404473
0.405469
0.406455
0.407431
0.408396
0.409350
0.410294
0.411227
0.412149
0.413060
0.413961
0.414850
0.415729
0.416597
0.417454
0.418300
0.419135
0.419960
0.420774
0.421577
0.422370
0.423152
0.423924
0.424686
0.425437
0.426178
0.426909
0.427631
0.428342
0.429043
0.429735
0.430417
0.431089
0.431752
0.432405
0.433049
0.433684
0.434310
0.434927
0.435535
0.436134
0.436724
0.437306
0.437879
0.438443
0.438999
0.439547
0.440087
0.440619
0.441142
0.441658
0.442166
0.442667
0.443160
0.443645
0.444123
0.444594
0.445058
0.445515
0.445965
0.446408
0.446844
0.447273
0.447696
0.448113
0.448523
0.448926
0.449323
0.449714
0.450099
0.450477
0.450849
0.451215
0.451574
0.451928
0.452275
0.452616
0.452950
0.453279
0.453601
0.453917
0.454227
0.454530
0.454828
0.455120
0.455405
0.455685
0.455958
0.456226
0.456488
0.456745
0.456995
0.457240
0.457480
0.457714
0.457943
0.458166
0.458384
0.458597
0.458805
0.459008
0.459205
0.459398
0.459586
0.459770
0.459948
0.460122
0.460291
0.460456
0.460616
0.460772
0.460924
0.461071
0.461214
0.461353
0.461487
0.461618
0.461744
0.461867
0.461985
0.462100
0.462211
0.462318
0.462421
0.462521
0.462617
0.462709
0.462798
0.462883
0.462964
0.463043
0.463117
0.463189
0.463257
0.463322
0.463384
0.463442
0.463497
0.463549
0.463549
0.463598
0.463644
0.463687
0.463727
0.463764
0.463798
0.463829
0.463857
0.463883
0.463906
0.463925
0.463943
0.463957
0.463969
0.463978
0.463984
0.463988
0.463989
0.463988
0.463984
0.463978
0.463969
0.463958
0.463944
0.463928
0.463910
0.463889
0.463866
0.463840
0.463812
0.463782
0.463750
0.463715
0.463678
0.463639
0.463598
0.463555
0.463509
0.463461
0.463411
0.463359
0.463305
0.463249
0.463191
0.463131
0.463068
0.463004
0.462937
0.462869
0.462798
0.462726
0.462652
0.462575
0.462497
0.462417
0.462335
0.462251
0.462165
0.462077
0.461987
0.461895
0.461802
0.461706
0.461609
0.461510
0.461409
0.461306
0.461201
0.461095
0.460987
0.460876
0.460765
0.460651
0.460535
0.460418
0.460299
0.460178
0.460056
0.459931
0.459805
0.459677
0.459548
0.459416
0.459283
0.459149
0.459012
0.458874
0.458734
0.458592
0.458449
0.458304
0.458157
0.458008
0.457858
0.457706
0.457553
0.457398
0.457241
0.457082
0.456922
0.456760
0.456596
0.456431
0.456264
0.456096
0.455926
0.455754
0.455580
0.455405
0.455229
0.455050
0.454871
0.454689
0.454506
0.454321
0.454135
0.453947
0.453757
0.453566
0.453373
0.453179
0.452983
0.452786
0.452587
0.452386
0.452184
0.451980
0.451775
0.451568
0.451360
0.451150
0.450939
0.450726
0.450511
0.450296
0.450078
0.449859
0.449639
0.449417
0.449193
0.448968
0.448742
0.448514
0.448285
0.448054
0.447822
0.447588
0.447353
0.447117
0.446879
0.446639
0.446399
0.446156
0.445913
0.445668
0.445421
0.445173
0.444924
0.444674
0.444422
0.444168
0.443914
0.443658
0.443401
0.443142
0.442882
0.442621
0.442358
0.442094
0.441829
0.441562
0.441295
0.441026
0.440755
0.440484
0.440211
0.439937
0.439661
0.439385
0.439107
0.438828
0.438547
0.438266
0.437983
0.437699
0.437414
0.437128
0.436840
0.436552
0.436262
0.435971
0.435679
0.435386
0.435091
0.434796
0.434499
0.434201
0.433902
0.433602
0.433301
0.432999
0.432696
0.432391
0.432086
0.431779
0.431472
0.431163
0.430853
0.430542
0.430230
0.429918
0.429604
0.429289
0.428973
0.428656
0.428338
0.428018
0.427698
0.427377
0.427055
0.426732
0.426408
0.426083
0.425757
0.425430
0.425102
0.424773
0.424443
0.424113
0.423781
0.423448
0.423114
0.422780
0.422444
0.422108
0.421771
0.421433
0.421094
0.420754
0.420413
0.420071
0.419729
0.419386
0.419042
0.418697
0.418351
0.418004
0.417657
0.417309
0.416960
0.416611
0.416261
0.415910
0.415558
0.415206
0.414853
0.414499
0.414145
0.413790
0.413435
0.413079
0.412723
0.412366
0.412009
0.411651
0.411293
0.410934
0.410575
0.410215
0.409856
0.409496
0.409135
0.408775
0.408414
0.408053
0.407692
0.407331
0.406969
0.406608
0.406246
0.405885
0.405524
0.405162
0.404801
0.404441
0.404080
0.403719
0.403359
0.403000
0.402640
0.402282
0.401923
0.401565
0.401208
0.400852
0.400496
0.400141
0.399786
0.399433
0.399081
0.398729
0.398379
0.398029
0.397681
0.397334
0.396988
0.396644
0.396301
0.395960
0.395620
0.395282
0.394945
0.394610
0.394277
0.393946
0.393617
0.393290
0.392965
0.392642
0.392321
0.392002
0.391686
0.391371
0.391060
0.390750
0.390443
0.390138
0.389836
0.389537
0.389239
0.388945
0.388653
0.388363
0.388077
0.387793
0.387511
0.387232
0.386956
0.386683
0.386412
0.386144
0.385879
0.385617
0.385357
0.385101
0.384847
0.384596
0.384347
0.384102
0.383860
0.383620
0.383384
0.383150
0.382920
0.382692
0.382467
0.382246
0.382027
0.381811
0.381599
0.381390
0.381183
0.380980
0.380780
0.380583
0.380389
0.380198
0.380010
0.379826
0.379646
0.379477
0.379346
0.379288
0.379267
0.379251
0.379209
0.379125
0.379449
0.379020
0.378709
0.378478
0.378235
0.378003
0.377772
0.377534
0.377291
0.377041
0.376788
0.376532
0.376272
0.376007
0.375730
0.375480
0.375475
0.375929
0.375425
0.375079
0.374761
0.374669
0.375444
0.374615
0.374302
0.374022
0.373654
0.373663
0.374693
0.373597
0.373254
0.372973
0.372869
0.373897
0.372818
0.372460
0.372191
0.372244
0.372100
0.373160
0.372000
0.371535
0.371483
0.372578
0.371376
0.370872
0.370907
0.371943
0.370794
0.370274
0.370347
0.371402
0.370234
0.369679
0.369831
0.370880
0.369725
0.369123
0.369306
0.370338
0.369179
0.368556
0.368849
0.368532
0.369674
0.368501
0.368170
0.369366
0.368090
0.367688
0.368799
0.367655
0.367308
0.368138
0.367290
0.366932
0.367931
0.366944
0.366594
0.367556
0.366586
0.366314
0.367330
0.366298
0.365993
0.367053
0.365960
0.365741
0.366801
0.365696
0.365434
0.366548
0.365371
0.365206
0.366289
0.365135
0.364905
0.366041
0.364801
0.364743
0.365795
0.364640
0.364399
0.365558
0.364232
0.364309
0.365264
0.364170
0.363847
0.365010
0.363699
0.364701
0.363619
0.363811
0.363582
0.364447
0.363444
0.363083
0.364269
0.362898
0.363199
0.362895
0.362895
0.363868
0.362713
0.363374
0.362560
0.362217
0.363397
0.362095
0.362976
0.361968
0.362663
0.361872
0.361490
0.362677
0.361542
0.362068
0.361383
0.362240
0.361240
0.361027
0.362064
0.360807
0.361846
0.360745
0.361532
0.360625
0.360462
0.360970
0.360259
0.361254
0.360165
0.361060
0.360054
0.360719
0.359792
0.360036
0.359723
0.360545
0.359534
0.360328
0.359341
0.360097
0.359149
0.359866
0.358961
0.359639
0.358794
0.359510
0.358634
0.359316
0.358488
0.359218
0.358344
0.359072
0.358220
0.358966
0.358097
0.358854
0.357991
0.358756
0.357889
0.358663
0.357795
0.358578
0.357706
0.358498
0.357624
0.358424
0.357546
0.358356
0.357475
0.358296
0.357410
0.358243
0.357353
0.358198
0.357303
0.358158
0.357259
0.358122
0.357217
0.358087
0.357177
0.358053
0.357140
0.358021
0.357105
0.357992
0.357075
0.357967
0.357050
0.357947
0.357030
0.357935
0.357015
0.357934
0.357009
0.357945
0.357012
0.357975
0.357030
0.358025
0.357065
0.358094
0.357117
0.358173
0.357182
0.358251
0.357251
0.358319
0.357316
0.358376
0.357372
0.358427
0.357424
0.358474
0.357475
0.358518
0.357525
0.358560
0.357573
0.358602
0.357619
0.358642
0.357662
0.358681
0.357706
0.358708
0.357750
0.358713
0.357790
0.358690
0.357821
0.358645
0.357841
0.358590
0.357851
0.358534
0.357859
0.358478
0.357868
0.358424
0.357878
0.358370
0.357889
0.358317
0.357902
0.358264
0.357918
0.358212
0.357936
0.358162
0.357958
0.358117
0.357980
0.358081
0.358003
0.358058
0.358024
0.358050
0.358042
0.358057
0.358061
0.358072
0.358082
0.358094
0.358107
0.358121
0.358135
0.358151
0.358168
0.358185
0.358204
0.358223
0.358244
0.358265
0.358287
0.358310
0.358334
0.358359
0.358384
0.358411
0.358439
0.358467
0.358496
0.358527
0.358558
0.358590
0.358623
0.358657
0.358693
0.358728
0.358765
0.358803
0.358841
0.358881
0.358920
0.358961
0.359002
0.359043
0.359085
0.359127
0.359169
0.359212
0.359254
0.359297
0.359339
0.359381
0.359424
0.359466
0.359508
0.359551
0.359593
0.359635
0.359677
0.359719
0.359762
0.359804
0.359847
0.359890
0.359933
0.359976
0.360020
0.360065
0.360110
0.360155
0.360201
0.360248
0.360296
0.360344
0.360392
0.360442
0.360492
0.360543
0.360595
0.360647
0.360701
0.360755
0.360809
0.360865
0.360921
0.360977
0.361035
0.361092
0.361150
0.361209
0.361268
0.361327
0.361387
0.361447
0.361507
0.361567
0.361628
0.361688
0.361749
0.361810
0.361870
0.361931
0.361992
0.362053
0.362114
0.362176
0.362237
0.362299
0.362361
0.362423
0.362485
0.362547
0.362610
0.362673
0.362736
0.362799
0.362862
0.362925
0.362989
0.363052
0.363115
0.363178
0.363240
0.363302
0.363364
0.363425
0.363485
0.363545
0.363603
0.363661
0.363718
0.363773
0.363828
0.363882
0.363935
0.363987
0.364038
0.364089
0.364139
0.364189
0.364238
0.364287
0.364337
0.364386
0.364436
0.364486
0.364537
0.364589
0.364641
0.364695
0.364749
0.364805
0.364862
0.364920
0.364979
0.365040
0.365102
0.365165
0.365229
0.365294
0.365359
0.365425
0.365492
0.365557
0.365622
0.365686
0.365749
0.365811
0.365873
0.365935
0.365997
0.366059
0.366122
0.366186
0.366250
0.366314
0.366380
0.366446
0.366513
0.366581
0.366649
0.366719
0.366789
0.366859
0.366930
0.367001
0.367072
0.367143
0.367213
0.367284
0.367354
0.367424
0.367493
0.367563
0.367632
0.367700
0.367769
0.367837
0.367904
0.367972
0.368039
0.368106
0.368172
0.368238
0.368303
0.368368
0.368433
0.368497
0.368562
0.368626
0.368691
0.368758
0.368826
0.368897
0.368972
0.369051
0.369135
0.369223
0.369315
0.369411
0.369511
0.369614
0.369719
0.369827
0.369938
0.370052
0.370168
0.370288
0.370413
0.370541
0.370675
0.370815
0.370960
0.371111
0.371267
0.371424
0.371580
0.371732
0.371878
0.372018
0.372150
0.372277
0.372397
0.372511
0.372620
0.372725
0.372827
0.372924
0.373018
0.373110
0.373199
0.373286
0.373371
0.373453
0.373534
0.373613
0.373691
0.373767
0.373842
0.373915
0.373987
0.374058
0.374128
0.374197
0.374264
0.374331
0.374396
0.374461
0.374525
0.374587
0.374649
0.374710
0.374771
0.374830
0.374889
0.374946
0.375003
0.375060
0.375115
0.375170
0.375224
0.375277
0.375329
0.375381
0.375432
0.375482
0.375532
0.375580
0.375628
0.375676
0.375722
0.375768
0.375813
0.375858
0.375901
0.375944
0.375987
0.376028
0.376069
0.376110
0.376149
0.376188
0.376226
0.376264
0.376301
0.376338
0.376373
0.376409
0.376443
0.376477
0.376511
0.376544
0.376577
0.376609
0.376640
0.376672
0.376702
0.376733
0.376762
0.376792
0.376821
0.376850
0.376879
0.376907
0.376935
0.376963
0.376991
0.377019
0.377047
0.377075
0.377103
0.377131
0.377160
0.377188
0.377217
0.377246
0.377275
0.377305
0.377335
0.377365
0.377396
0.377428
0.377460
0.377492
0.377492
0.377525
0.377559
0.377589
0.377653
0.377512
0.377635
0.377594
0.377670
0.377564
0.377609
0.377610
0.377604
0.377613
0.377630
0.377651
0.377673
0.377695
0.377718
0.377740
0.377762
0.377784
0.377805
0.377826
0.377845
0.377864
0.377882
0.377899
0.377915
0.377930
0.377945
0.377959
0.377973
0.377986
0.377998
0.378010
0.378022
0.378034
0.378045
0.378056
0.378066
0.378077
0.378088
0.378099
0.378109
0.378120
0.378131
0.378143
0.378154
0.378166
0.378178
0.378191
0.378204
0.378217
0.378230
0.378244
0.378258
0.378272
0.378286
0.378300
0.378315
0.378329
0.378344
0.378359
0.378373
0.378388
0.378402
0.378417
0.378431
0.378445
0.378459
0.378473
0.378487
0.378501
0.378514
0.378528
0.378541
0.378554
0.378566
0.378579
0.378591
0.378603
0.378615
0.378626
0.378637
0.378648
0.378658
0.378668
0.378677
0.378686
0.378695
0.378703
0.378711
0.378718
0.378725
0.378731
0.378737
0.378742
0.378747
0.378751
0.378755
0.378758
0.378760
0.378762
0.378764
0.378765
0.378765
0.378765
0.378764
0.378763
0.378762
0.378759
0.378757
0.378754
0.378750
0.378746
0.378742
0.378737
0.378732
0.378727
0.378721
0.378715
0.378708
0.378702
0.378695
0.378687
0.378680
0.378673
0.378665
0.378657
0.378649
0.378641
0.378633
0.378625
0.378617
0.378609
0.378601
0.378593
0.378585
0.378577
0.378569
0.378561
0.378554
0.378547
0.378540
0.378533
0.378526
0.378520
0.378514
0.378508
0.378502
0.378497
0.378492
0.378488
0.378484
0.378480
0.378476
0.378473
0.378470
0.378468
0.378466
0.378464
0.378463
0.378462
0.378462
0.378462
0.378462
0.378463
0.378464
0.378466
0.378468
0.378470
0.378473
0.378476
0.378480
0.378484
0.378488
0.378493
0.378498
0.378503
0.378509
0.378515
0.378522
0.378529
0.378536
0.378543
0.378551
0.378559
0.378568
0.378576
0.378585
0.378595
0.378604
0.378614
0.378624
0.378634
0.378644
0.378655
0.378666
0.378677
0.378688
0.378699
0.378711
0.378722
0.378734
0.378746
0.378758
0.378771
0.378783
0.378795
0.378808
0.378820
0.378833
0.378846
0.378858
0.378871
0.378884
0.378897
0.378910
0.378923
0.378936
0.378949
0.378962
0.378975
0.378988
0.379001
0.379013
0.379026
0.379039
0.379052
0.379065
0.379077
0.379090
0.379103
0.379115
0.379128
0.379140
0.379152
0.379165
0.379177
0.379189
0.379201
0.379213
0.379225
0.379236
0.379248
0.379259
0.379271
0.379282
0.379293
0.379304
0.379315
0.379326
0.379337
0.379347
0.379358
0.379368
0.379378
0.379389
0.379399
0.379408
0.379418
0.379428
0.379437
0.379447
0.379456
0.379465
0.379474
0.379483
0.379491
0.379500
0.379508
0.379517
0.379525
0.379533
0.379541
0.379549
0.379556
0.379564
0.379571
0.379578
0.379585
0.379592
0.379599
0.379606
0.379613
0.379619
0.379625
0.379632
0.379638
0.379644
0.379650
0.379655
0.379661
0.379666
0.379672
0.379677
0.379682
0.379687
0.379692
0.379696
0.379701
0.379705
0.379710
0.379714
0.379718
0.379722
0.379726
0.379730
0.379733
0.379737
0.379740
0.379743
0.379747
0.379750
0.379752
0.379755
0.379758
0.379761
0.379763
0.379765
0.379768
0.379770
0.379772
0.379774
0.379775
0.379777
0.379779
0.379780
0.379781
0.379783
0.379784
0.379785
0.379786
0.379787
0.379787
0.379788
0.379788
0.379789
0.379789
0.379789
0.379789
0.379789
0.379789
0.379789
0.379789
0.379788
0.379788
0.379787
0.379786
0.379785
0.379784
0.379783
0.379782
0.379781
0.379779
0.379778
0.379776
0.379775
0.379773
0.379771
0.379769
0.379767
0.379765
0.379763
0.379761
0.379758
0.379756
0.379753
0.379750
0.379748
0.379745
0.379742
0.379739
0.379736
0.379732
0.379729
0.379726
0.379722
0.379719
0.379715
0.379711
0.379708
0.379704
0.379700
0.379696
0.379692
0.379688
0.379684
0.379680
0.379675
0.379671
0.379667
0.379662
0.379658
0.379653
0.379649
0.379644
0.379640
0.379636
0.379631
0.379627
0.379622
0.379618
0.379614
0.379610
0.379606
0.379602
0.379598
0.379595
0.379591
0.379587
0.379583
0.379579
0.379574
0.379568
0.379561
0.379554
0.379547
0.379540
0.379532
0.379524
0.379516
0.379507
0.379499
0.379491
0.379482
0.379474
0.379465
0.379456
0.379447
0.379438
0.379429
0.379420
0.379411
0.379402
0.379392
0.379382
0.379373
0.379363
0.379353
0.379343
0.379333
0.379323
0.379312
0.379302
0.379291
0.379281
0.379270
0.379259
0.379248
0.379237
0.379226
0.379215
0.379204
0.379192
0.379181
0.379169
0.379158
0.379146
0.379134
0.379122
0.379110
0.379098
0.379086
0.379074
0.379061
0.379049
0.379037
0.379024
0.379012
0.378999
0.378986
0.378974
0.378961
0.378948
0.378935
0.378922
0.378909
0.378896
0.378883
0.378870
0.378857
0.378843
0.378830
0.378817
0.378804
0.378790
0.378777
0.378763
0.378750
0.378736
0.378723
0.378709
0.378696
0.378682
0.378668
0.378655
0.378641
0.378627
0.378627
0.378614
0.378600
0.378586
0.378573
0.378559
0.378545
0.378531
0.378518
0.378504
0.378490
0.378476
0.378462
0.378449
0.378435
0.378421
0.378407
0.378394
0.378380
0.378366
0.378352
0.378339
0.378325
0.378311
0.378297
0.378284
0.378270
0.378256
0.378242
0.378229
0.378215
0.378201
0.378188
0.378174
0.378160
0.378147
0.378133
0.378120
0.378106
0.378092
0.378079
0.378065
0.378052
0.378038
0.378025
0.378011
0.377998
0.377984
0.377971
0.377958
0.377944
0.377931
0.377917
0.377904
0.377891
0.377877
0.377864
0.377851
0.377837
0.377824
0.377811
0.377797
0.377784
0.377771
0.377757
0.377744
0.377731
0.377718
0.377704
0.377691
0.377678
0.377665
0.377651
0.377638
0.377625
0.377612
0.377599
0.377585
0.377572
0.377559
0.377546
0.377533
0.377519
0.377506
0.377493
0.377480
0.377467
0.377454
0.377440
0.377427
0.377414
0.377401
0.377388
0.377375
0.377362
0.377349
0.377336
0.377322
0.377309
0.377296
0.377283
0.377270
0.377257
0.377244
0.377231
0.377218
0.377205
0.377192
0.377179
0.377167
0.377154
0.377141
0.377128
0.377115
0.377102
0.377090
0.377077
0.377064
0.377052
0.377039
0.377026
0.377014
0.377001
0.376989
0.376976
0.376964
0.376952
0.376939
0.376927
0.376915
0.376903
0.376891
0.376879
0.376867
0.376855
0.376843
0.376831
0.376819
0.376808
0.376796
0.376785
0.376773
0.376762
0.376750
0.376739
0.376728
0.376717
0.376706
0.376695
0.376684
0.376673
0.376663
0.376652
0.376642
0.376631
0.376621
0.376610
0.376600
0.376590
0.376580
0.376570
0.376560
0.376550
0.376540
0.376531
0.376521
0.376511
0.376502
0.376493
0.376483
0.376474
0.376465
0.376456
0.376447
0.376437
0.376429
0.376420
0.376411
0.376402
0.376393
0.376385
0.376376
0.376368
0.376359
0.376351
0.376342
0.376334
0.376326
0.376318
0.376310
0.376302
0.376294
0.376286
0.376278
0.376271
0.376263
0.376256
0.376249
0.376243
0.376237
0.376232
0.376230
0.376232
0.376230
0.376218
0.376207
0.376192
0.376185
0.376172
0.376169
0.376150
0.376156
0.376128
0.376144
0.376123
0.376124
0.376099
0.376113
0.376084
0.376094
0.376060
0.376082
0.376058
0.376050
0.376045
0.376017
0.376037
0.376018
0.375995
0.376015
0.375999
0.375970
0.375990
0.375978
0.375954
0.375950
0.375916
0.375942
0.375923
0.375899
0.375906
0.375878
0.375876
0.375843
0.375865
0.375838
0.375824
0.375821
0.375790
0.375825
0.375813
0.375808
0.375776
0.375750
0.375772
0.375758
0.375732
0.375722
0.375687
0.375734
0.375727
0.375743
0.375748
0.375758
0.375764
0.375765
0.375767
0.375766
0.375764
0.375762
0.375758
0.375754
0.375750
0.375745
0.375740
0.375734
0.375728
0.375722
0.375715
0.375708
0.375701
0.375693
0.375686
0.375678
0.375670
0.375662
0.375653
0.375645
0.375636
0.375627
0.375618
0.375610
0.375601
0.375592
0.375582
0.375573
0.375564
0.375555
0.375546
0.375537
0.375528
0.375519
0.375511
0.375502
0.375493
0.375485
0.375477
0.375468
0.375460
0.375452
0.375444
0.375437
0.375429
0.375422
0.375415
0.375408
0.375401
0.375395
0.375388
0.375382
0.375376
0.375371
0.375365
0.375360
0.375355
0.375350
0.375345
0.375341
0.375336
0.375332
0.375329
0.375325
0.375322
0.375319
0.375316
0.375313
0.375310
0.375308
0.375306
0.375304
0.375303
0.375301
0.375300
0.375299
0.375298
0.375298
0.375298
0.375297
0.375297
0.375298
0.375298
0.375299
0.375300
0.375301
0.375302
0.375303
0.375305
0.375306
0.375308
0.375310
0.375312
0.375315
0.375317
0.375320
0.375322
0.375325
0.375328
0.375331
0.375334
0.375338
0.375341
0.375344
0.375348
0.375352
0.375355
0.375359
0.375363
0.375367
0.375371
0.375375
0.375379
0.375384
0.375388
0.375392
0.375397
0.375401
0.375406
0.375410
0.375415
0.375420
0.375425
0.375430
0.375435
0.375440
0.375445
0.375450
0.375455
0.375460
0.375465
0.375471
0.375476
0.375482
0.375487
0.375493
0.375499
0.375504
0.375510
0.375516
0.375522
0.375528
0.375534
0.375541
0.375547
0.375553
0.375560
0.375566
0.375573
0.375580
0.375586
0.375593
0.375600
0.375607
0.375614
0.375622
0.375629
0.375637
0.375644
0.375652
0.375660
0.375668
0.375676
0.375684
0.375692
0.375700
0.375709
0.375717
0.375726
0.375734
0.375743
0.375752
0.375761
0.375770
0.375780
0.375789
0.375799
0.375808
0.375818
0.375827
0.375837
0.375847
0.375857
0.375867
0.375877
0.375888
0.375898
0.375908
0.375919
0.375929
0.375940
0.375951
0.375961
0.375972
0.375983
0.375994
0.376004
0.376015
0.376026
0.376037
0.376048
0.376059
0.376070
0.376081
0.376092
0.376103
0.376115
0.376126
0.376137
0.376148
0.376159
0.376170
0.376180
0.376191
0.376202
0.376213
0.376224
0.376235
0.376245
0.376256
0.376267
0.376277
0.376288
0.376298
0.376308
0.376319
0.376329
0.376339
0.376349
0.376359
0.376369
0.376379
0.376379
0.376389
0.376398
0.376408
0.376417
0.376427
0.376436
0.376445
0.376454
0.376463
0.376472
0.376481
0.376490
0.376498
0.376507
0.376515
0.376524
0.376532
0.376540
0.376548
0.376556
0.376564
0.376572
0.376579
0.376587
0.376594
0.376602
0.376609
0.376616
0.376623
0.376630
0.376637
0.376643
0.376650
0.376657
0.376663
0.376669
0.376675
0.376682
0.376688
0.376694
0.376699
0.376705
0.376711
0.376716
0.376722
0.376727
0.376733
0.376738
0.376743
0.376748
0.376753
0.376758
0.376763
0.376767
0.376772
0.376776
0.376781
0.376785
0.376789
0.376793
0.376797
0.376801
0.376805
0.376809
0.376813
0.376817
0.376820
0.376824
0.376827
0.376830
0.376834
0.376837
0.376840
0.376843
0.376846
0.376848
0.376851
0.376854
0.376856
0.376858
0.376861
0.376863
0.376865
0.376866
0.376868
0.376870
0.376871
0.376872
0.376873
0.376874
0.376874
0.376874
0.376874
0.376873
0.376871
0.376868
0.376864
0.376857
0.376845
0.376820
0.376799
0.376816
0.376790
0.376797
0.376779
0.376813
0.376796
0.376811
0.376797
0.376832
0.376814
0.376826
0.376814
0.376846
0.376827
0.376844
0.376827
0.376863
0.376844
0.376852
0.376844
0.376865
0.376847
0.376874
0.376854
0.376873
0.376855
0.376886
0.376867
0.376880
0.376864
0.376891
0.376871
0.376889
0.376870
0.376896
0.376876
0.376895
0.376876
0.376900
0.376880
0.376899
0.376881
0.376902
0.376883
0.376902
0.376884
0.376904
0.376886
0.376904
0.376887
0.376905
0.376888
0.376905
0.376889
0.376906
0.376889
0.376906
0.376890
0.376906
0.376891
0.376906
0.376891
0.376906
0.376891
0.376906
0.376892
0.376905
0.376892
0.376905
0.376892
0.376904
0.376892
0.376904
0.376892
0.376903
0.376892
0.376903
0.376892
0.376902
0.376892
0.376901
0.376892
0.376900
0.376892
0.376900
0.376892
0.376899
0.376892
0.376898
0.376892
0.376897
0.376892
0.376896
0.376891
0.376895
0.376891
0.376894
0.376891
0.376893
0.376890
0.376892
0.376890
0.376891
0.376889
0.376890
0.376889
0.376889
0.376888
0.376888
0.376887
0.376887
0.376887
0.376886
0.376886
0.376885
0.376885
0.376884
0.376884
0.376884
0.376883
0.376883
0.376882
0.376882
0.376881
0.376880
0.376880
0.376879
0.376879
0.376878
0.376878
0.376877
0.376876
0.376876
0.376875
0.376875
0.376874
0.376873
0.376873
0.376872
0.376871
0.376871
0.376870
0.376869
0.376869
0.376868
0.376867
0.376867
0.376866
0.376865
0.376864
0.376864
0.376863
0.376862
0.376861
0.376861
0.376860
0.376859
0.376858
0.376857
0.376857
0.376856
0.376855
0.376854
0.376853
0.376852
0.376852
0.376851
0.376850
0.376849
0.376848
0.376847
0.376846
0.376845
0.376844
0.376843
0.376843
0.376842
0.376841
0.376840
0.376839
0.376838
0.376837
0.376836
0.376835
0.376834
0.376833
0.376832
0.376831
0.376830
0.376829
0.376828
0.376826
0.376825
0.376824
0.376823
0.376822
0.376821
0.376820
0.376819
0.376818
0.376817
0.376816
0.376814
0.376813
0.376812
0.376811
0.376810
0.376809
0.376807
0.376806
0.376805
0.376804
0.376803
0.376802
0.376800
0.376799
0.376798
0.376797
0.376795
0.376794
0.376793
0.376792
0.376790
0.376789
0.376788
0.376787
0.376785
0.376784
0.376783
0.376781
0.376780
0.376779
0.376777
0.376776
0.376775
0.376773
0.376772
0.376771
0.376769
0.376768
0.376767
0.376765
0.376764
0.376763
0.376761
0.376760
0.376758
0.376757
0.376756
0.376754
0.376753
0.376751
0.376750
0.376748
0.376747
0.376746
0.376744
0.376743
0.376741
0.376740
0.376738
0.376737
0.376735
0.376734
0.376732
0.376731
0.376729
0.376728
0.376726
0.376725
0.376723
0.376722
0.376720
0.376719
0.376717
0.376716
0.376714
0.376713
0.376711
0.376710
0.376708
0.376706
0.376705
0.376703
0.376702
0.376700
0.376699
0.376697
0.376695
0.376694
0.376692
0.376691
0.376689
0.376687
0.376686
0.376684
0.376683
0.376681
0.376679
0.376678
0.376676
0.376674
0.376673
0.376671
0.376669
0.376668
0.376666
0.376665
0.376663
0.376661
0.376660
0.376658
0.376656
0.376655
0.376653
0.376651
0.376650
0.376648
0.376646
0.376645
0.376643
0.376641
0.376639
0.376638
0.376636
0.376634
0.376633
0.376631
0.376629
0.376628
0.376626
0.376624
0.376622
0.376621
0.376619
0.376617
0.376616
0.376614
0.376612
0.376610
0.376609
0.376607
0.376605
0.376604
0.376602
0.376600
0.376598
0.376597
0.376595
0.376593
0.376592
0.376590
0.376588
0.376586
0.376585
0.376583
0.376581
0.376579
0.376578
0.376576
0.376574
0.376572
0.376571
0.376569
0.376567
0.376565
0.376564
0.376562
0.376560
0.376558
0.376557
0.376555
0.376553
0.376551
0.376550
0.376548
0.376546
0.376544
0.376543
0.376541
0.376539
0.376537
0.376536
0.376534
0.376532
0.376530
0.376528
0.376527
0.376525
0.376523
0.376521
0.376519
0.376518
0.376516
0.376514
0.376512
0.376510
0.376509
0.376509
0.376507
0.376505
0.376503
0.376501
0.376500
0.376498
0.376496
0.376494
0.376492
0.376490
0.376489
0.376487
0.376485
0.376483
0.376481
0.376479
0.376477
0.376475
0.376474
0.376472
0.376470
0.376468
0.376466
0.376464
0.376462
0.376460
0.376458
0.376457
0.376455
0.376453
0.376451
0.376449
0.376447
0.376445
0.376443
0.376441
0.376439
0.376438
0.376436
0.376434
0.376432
0.376430
0.376428
0.376426
0.376424
0.376422
0.376420
0.376419
0.376417
0.376415
0.376413
0.376411
0.376409
0.376407
0.376406
0.376404
0.376402
0.376400
0.376398
0.376397
0.376395
0.376393
0.376391
0.376390
0.376388
0.376386
0.376384
0.376383
0.376381
0.376379
0.376378
0.376376
0.376374
0.376373
0.376371
0.376369
0.376368
0.376366
0.376365
0.376363
0.376361
0.376360
0.376358
0.376357
0.376355
0.376354
0.376352
0.376351
0.376349
0.376348
0.376346
0.376345
0.376343
0.376342
0.376340
0.376339
0.376338
0.376336
0.376335
0.376333
0.376332
0.376330
0.376329
0.376328
0.376326
0.376325
0.376324
0.376322
0.376321
0.376320
0.376318
0.376317
0.376316
0.376314
0.376313
0.376312
0.376310
0.376309
0.376308
0.376307
0.376305
0.376304
0.376303
0.376302
0.376300
0.376299
0.376298
0.376297
0.376295
0.376294
0.376293
0.376292
0.376290
0.376289
0.376288
0.376287
0.376286
0.376284
0.376283
0.376282
0.376281
0.376280
0.376278
0.376277
0.376276
0.376275
0.376274
0.376272
0.376271
0.376270
0.376269
0.376268
0.376267
0.376265
0.376264
0.376263
0.376262
0.376261
0.376260
0.376259
0.376257
0.376256
0.376255
0.376254
0.376253
0.376252
0.376251
0.376250
0.376248
0.376247
0.376246
0.376245
0.376244
0.376243
0.376242
0.376241
0.376240
0.376238
0.376237
0.376236
0.376235
0.376234
0.376233
0.376232
0.376231
0.376230
0.376229
0.376228
0.376227
0.376225
0.376224
0.376223
0.376222
0.376221
0.376220
0.376219
0.376218
0.376217
0.376216
0.376215
0.376214
0.376213
0.376212
0.376211
0.376210
0.376209
0.376207
0.376206
0.376205
0.376204
0.376203
0.376202
0.376201
0.376200
0.376199
0.376198
0.376197
0.376196
0.376195
0.376194
0.376193
0.376192
0.376191
0.376190
0.376189
0.376188
0.376187
0.376186
0.376185
0.376184
0.376183
0.376182
0.376181
0.376180
0.376179
0.376178
0.376177
0.376176
0.376175
0.376174
0.376173
0.376172
0.376171
0.376170
0.376169
0.376168
0.376167
0.376166
0.376165
0.376164
0.376163
0.376163
0.376162
0.376161
0.376160
0.376159
0.376158
0.376157
0.376156
0.376155
0.376154
0.376153
0.376152
0.376151
0.376150
0.376149
0.376148
0.376147
0.376147
0.376146
0.376145
0.376144
0.376143
0.376142
0.376141
0.376140
0.376139
0.376138
0.376137
0.376137
0.376136
0.376135
0.376134
0.376133
0.376132
0.376131
0.376130
0.376129
0.376129
0.376128
0.376127
0.376126
0.376125
0.376124
0.376123
0.376122
0.376122
0.376121
0.376120
0.376119
0.376118
0.376117
0.376116
0.376116
0.376115
0.376114
0.376113
0.376112
0.376111
0.376111
0.376110
0.376109
0.376108
0.376107
0.376106
0.376106
0.376105
0.376104
0.376103
0.376102
0.376102
0.376101
0.376100
0.376099
0.376098
0.376097
0.376097
0.376096
0.376095
0.376094
0.376094
0.376093
0.376092
0.376091
0.376090
0.376090
0.376089
0.376088
0.376087
0.376087
0.376086
0.376085
0.376084
0.376083
0.376083
0.376082
0.376081
0.376080
0.376080
0.376079
0.376078
0.376078
0.376077
0.376076
0.376075
0.376075
0.376074
0.376073
0.376072
0.376072
0.376071
0.376070
0.376070
0.376069
0.376068
0.376067
0.376067
0.376066
0.376065
0.376065
0.376064
0.376063
0.376063
0.376062
0.376061
0.376061
0.376060
0.376059
0.376058
0.376058
0.376057
0.376056
0.376056
0.376055
0.376055
0.376054
0.376053
0.376053
0.376052
0.376051
0.376051
0.376050
0.376049
0.376049
0.376048
0.376047
0.376047
0.376046
0.376046
0.376045
0.376044
0.376044
0.376043
0.376043
0.376042
0.376041
0.376041
0.376040
0.376040
0.376039
0.376038
0.376038
0.376037
0.376037
0.376036
0.376035
0.376035
0.376034
0.376034
0.376033
0.376033
0.376032
0.376031
0.376031
0.376030
0.376030
0.376029
0.376029
0.376028
0.376028
0.376027
0.376027
0.376026
0.376025
0.376025
0.376024
0.376024
0.376023
0.376023
0.376022
0.376022
0.376021
0.376021
0.376020
0.376020
0.376019
0.376019
0.376018
0.376018
0.376017
0.376017
0.376016
0.376016
0.376015
0.376015
0.376015
0.376014
0.376014
0.376013
0.376013
0.376012
0.376012
0.376011
0.376011
0.376010
0.376010
0.376010
0.376009
0.376009
0.376008
0.376008
0.376007
0.376007
0.376007
0.376006
0.376006
0.376005
0.376005
0.376005
0.376004
0.376004
0.376003
0.376003
0.376003
0.376002
0.376002
0.376001
0.376001
0.376001
0.376000
0.376000
0.376000
0.375999
0.375999
0.375998
0.375998
0.375998
0.375997
0.375997
0.375997
0.375997
0.375996
0.375996
0.375996
0.375995
0.375995
0.375995
0.375994
0.375994
0.375994
0.375994
0.375993
0.375993
0.375993
0.375992
0.375992
0.375992
0.375991
0.375991
0.375991
0.375991
0.375990
0.375990
0.375990
0.375989
0.375989
0.375989
0.375989
0.375988
0.375988
0.375988
0.375988
0.375987
0.375987
0.375987
0.375987
0.375986
0.375986
0.375986
0.375986
0.375986
0.375985
0.375985
0.375985
0.375985
0.375984
0.375984
0.375984
0.375984
0.375984
0.375984
0.375983
0.375983
0.375983
0.375983
0.375983
0.375982
0.375982
0.375982
0.375982
0.375982
0.375982
0.375981
0.375981
0.375981
0.375981
0.375981
0.375981
0.375981
0.375981
0.375980
0.375980
0.375980
0.375980
0.375980
0.375980
0.375980
0.375980
0.375979
0.375979
0.375979
0.375979
0.375979
0.375979
0.375979
0.375979
0.375979
0.375979
0.375979
0.375979
0.375979
0.375978
0.375978
0.375978
0.375978
0.375978
0.375978
0.375978
0.375978
0.375978
0.375978
0.375978
0.375978
0.375978
0.375978
0.375978
0.375978
0.375978
0.375978
0.375978
0.375978
0.375978
0.375978
0.375978
0.375978
0.375978
0.375978
0.375978
0.375978
0.375978
0.375978
0.375978
0.375978
0.375978
0.375978
0.375979
0.375979
0.375979
0.375979
0.375979
0.375979
0.375979
0.375979
0.375979
0.375979
0.375979
0.375979
0.375979
0.375980
0.375980
0.375980
0.375980
0.375980
0.375980
0.375980
0.375980
0.375980
0.375981
0.375981
0.375981
0.375981
0.375981
0.375981
0.375981
0.375982
0.375982
0.375982
0.375982
0.375982
0.375982
0.375983
0.375983
0.375983
0.375983
0.375983
0.375984
0.375984
0.375984
0.375984
0.375984
0.375985
0.375985
0.375985
0.375985
0.375986
0.375986
0.375986
0.375986
0.375986
0.375987
0.375987
0.375987
0.375988
0.375988
0.375988
0.375988
0.375989
0.375989
0.375989
0.375989
0.375990
0.375990
0.375990
0.375991
0.375991
0.375991
0.375992
0.375992
0.375992
0.375992
0.375993
0.375993
0.375993
0.375994
0.375994
0.375994
0.375995
0.375995
0.375995
0.375996
0.375996
0.375997
0.375997
0.375997
0.375998
0.375998
0.375998
0.375999
0.375999
0.376000
0.376000
0.376000
0.376001
0.376001
0.376002
0.376002
0.376003
0.376003
0.376003
0.376004
0.376004
0.376005
0.376005
0.376006
0.376006
0.376006
0.376007
0.376007
0.376008
0.376008
0.376009
0.376009
0.376010
0.376010
0.376011
0.376011
0.376012
0.376012
0.376013
0.376013
0.376014
0.376014
0.376015
0.376015
0.376016
0.376016
0.376017
0.376017
0.376018
0.376019
0.376019
0.376020
0.376020
0.376021
0.376021
0.376022
0.376023
0.376023
0.376024
0.376024
0.376025
0.376025
0.376026
0.376027
0.376027
0.376028
0.376029
0.376029
0.376030
0.376030
0.376031
0.376032
0.376032
0.376033
0.376034
0.376034
0.376035
0.376036
0.376036
0.376037
0.376038
0.376038
0.376039
0.376040
0.376040
0.376041
0.376042
0.376042
0.376043
0.376044
0.376045
0.376045
0.376046
0.376047
0.376047
0.376048
0.376049
0.376050
0.376050
0.376051
0.376052
0.376053
0.376053
0.376054
0.376055
0.376056
0.376056
0.376057
0.376058
0.376059
0.376060
0.376060
0.376061
0.376062
0.376063
0.376064
0.376064
0.376065
0.376066
0.376067
0.376068
0.376069
0.376069
0.376070
0.376071
0.376072
0.376073
0.376074
0.376075
0.376076
0.376076
0.376077
0.376078
0.376079
0.376080
0.376081
0.376082
0.376083
0.376084
0.376085
0.376085
0.376086
0.376087
0.376088
0.376089
0.376090
0.376091
0.376092
0.376093
0.376094
0.376095
0.376096
0.376097
0.376098
0.376099
0.376100
0.376101
0.376102
0.376103
0.376104
0.376105
0.376106
0.376107
0.376108
0.376109
0.376110
0.376111
0.376112
0.376113
0.376114
0.376115
0.376116
0.376117
0.376118
0.376119
0.376120
0.376121
0.376123
0.376124
0.376125
0.376126
0.376127
0.376128
0.376129
0.376130
0.376131
0.376132
0.376134
0.376135
0.376136
0.376137
0.376138
0.376139
0.376140
0.376142
0.376143
0.376144
0.376145
0.376146
0.376147
0.376149
0.376150
0.376151
0.376152
0.376153
0.376155
0.376156
0.376157
0.376158
0.376160
0.376161
0.376162
0.376163
0.376164
0.376166
0.376167
0.376168
0.376169
0.376171
0.376172
0.376173
0.376175
0.376176
0.376177
0.376178
0.376180
0.376181
0.376182
0.376184
0.376185
0.376186
0.376188
0.376189
0.376190
0.376192
0.376193
0.376194
0.376196
0.376197
0.376198
0.376200
0.376201
0.376202
0.376204
0.376205
0.376207
0.376208
0.376209
0.376211
0.376212
0.376214
0.376215
0.376217
0.376218
0.376219
0.376221
0.376222
0.376224
0.376225
0.376227
0.376228
0.376230
0.376231
0.376232
0.376234
0.376235
0.376237
0.376238
0.376240
0.376241
0.376243
0.376244
0.376246
0.376247
0.376249
0.376251
0.376252
0.376254
0.376255
0.376257
0.376258
0.376260
0.376261
0.376263
0.376265
0.376266
0.376268
0.376269
0.376271
0.376271
0.376273
0.376274
0.376276
0.376277
0.376279
0.376281
0.376282
0.376284
0.376285
0.376287
0.376289
0.376290
0.376292
0.376294
0.376295
0.376297
0.376299
0.376300
0.376302
0.376304
0.376306
0.376307
0.376309
0.376311
0.376312
0.376314
0.376316
0.376318
0.376319
0.376321
0.376323
0.376325
0.376326
0.376328
0.376330
0.376332
0.376333
0.376335
0.376337
0.376339
0.376341
0.376342
0.376344
0.376346
0.376348
0.376350
0.376351
0.376353
0.376355
0.376357
0.376359
0.376361
0.376363
0.376364
0.376366
0.376368
0.376370
0.376372
0.376374
0.376376
0.376378
0.376380
0.376381
0.376383
0.376385
0.376387
0.376389
0.376391
0.376393
0.376395
0.376397
0.376399
0.376401
0.376403
0.376405
0.376407
0.376409
0.376411
0.376413
0.376415
0.376417
0.376419
0.376421
0.376423
0.376425
0.376427
0.376429
0.376431
0.376433
0.376435
0.376437
0.376439
0.376441
0.376443
0.376445
0.376447
0.376449
0.376452
0.376454
0.376456
0.376458
0.376460
0.376462
0.376464
0.376466
0.376468
0.376471
0.376473
0.376475
0.376477
0.376479
0.376481
0.376484
0.376486
0.376488
0.376490
0.376492
0.376494
0.376497
0.376499
0.376501
0.376503
0.376506
0.376508
0.376510
0.376512
0.376515
0.376517
0.376519
0.376521
0.376524
0.376526
0.376528
0.376530
0.376533
0.376535
0.376537
0.376540
0.376542
0.376544
0.376547
0.376549
0.376551
0.376554
0.376556
0.376558
0.376561
0.376563
0.376565
0.376568
0.376570
0.376572
0.376575
0.376577
0.376580
0.376582
0.376584
0.376587
0.376589
0.376592
0.376594
0.376596
0.376599
0.376601
0.376604
0.376606
0.376609
0.376611
0.376614
0.376616
0.376619
0.376621
0.376624
0.376626
0.376629
0.376631
0.376634
0.376636
0.376639
0.376641
0.376644
0.376646
0.376649
0.376651
0.376654
0.376657
0.376659
0.376662
0.376664
0.376667
0.376669
0.376672
0.376675
0.376677
0.376680
0.376682
0.376685
0.376688
0.376690
0.376693
0.376696
0.376698
0.376701
0.376704
0.376706
0.376709
0.376712
0.376714
0.376717
0.376720
0.376722
0.376725
0.376728
0.376731
0.376733
0.376736
0.376739
0.376741
0.376744
0.376747
0.376750
0.376752
0.376755
0.376758
0.376761
0.376764
0.376766
0.376769
0.376772
0.376775
0.376778
0.376780
0.376783
0.376786
0.376789
0.376792
0.376795
0.376797
0.376800
0.376803
0.376806
0.376809
0.376812
0.376815
0.376818
0.376821
0.376823
0.376826
0.376829
0.376832
0.376835
0.376838
0.376841
0.376844
0.376847
0.376850
0.376853
0.376856
0.376859
0.376862
0.376865
0.376868
0.376871
0.376874
0.376877
0.376880
0.376883
0.376886
0.376889
0.376892
0.376895
0.376898
0.376901
0.376904
0.376908
0.376911
0.376914
0.376917
0.376920
0.376923
0.376926
0.376929
0.376933
0.376936
0.376939
0.376942
0.376945
0.376948
0.376952
0.376955
0.376958
0.376961
0.376965
0.376968
0.376971
0.376974
0.376978
0.376981
0.376984
0.376987
0.376991
0.376994
0.376997
0.377001
0.377004
0.377007
0.377011
0.377014
0.377017
0.377021
0.377024
0.377028
0.377031
0.377034
0.377038
0.377041
0.377045
0.377048
0.377052
0.377055
0.377059
0.377062
0.377066
0.377069
0.377073
0.377076
0.377080
0.377083
0.377087
0.377090
0.377094
0.377098
0.377101
0.377105
0.377108
0.377112
0.377116
0.377119
0.377123
0.377127
0.377131
0.377134
0.377138
0.377142
0.377145
0.377149
0.377153
0.377157
0.377161
0.377164
0.377168
0.377172
0.377176
0.377180
0.377184
0.377187
0.377191
0.377195
0.377199
0.377203
0.377207
0.377211
0.377215
0.377219
0.377223
0.377227
0.377231
0.377235
0.377239
0.377243
0.377247
0.377251
0.377255
0.377259
0.377263
0.377267
0.377272
0.377276
0.377280
0.377284
0.377288
0.377292
0.377297
0.377301
0.377305
0.377309
0.377313
0.377318
0.377322
0.377326
0.377330
0.377335
0.377339
0.377343
0.377348
0.377352
0.377356
0.377361
0.377365
0.377369
0.377374
0.377378
0.377383
0.377387
0.377391
0.377396
0.377400
0.377405
0.377409
0.377414
0.377418
0.377422
0.377427
0.377431
0.377436
0.377440
0.377445
0.377449
0.377454
0.377459
0.377463
0.377468
0.377472
0.377477
0.377481
0.377486
0.377490
0.377495
0.377500
0.377504
0.377509
0.377513
0.377518
0.377522
0.377527
0.377532
0.377536
0.377541
0.377546
0.377550
0.377555
0.377559
0.377564
0.377569
0.377573
0.377578
0.377583
0.377587
0.377592
0.377596
0.377601
0.377606
0.377610
0.377615
0.377620
0.377624
0.377629
0.377633
0.377638
0.377643
0.377647
0.377652
0.377657
0.377661
0.377666
0.377670
0.377675
0.377680
0.377684
0.377689
0.377693
0.377698
0.377702
0.377707
0.377711
0.377716
0.377721
0.377725
0.377730
0.377734
0.377739
0.377743
0.377748
0.377752
0.377756
0.377761
0.377765
0.377770
0.377774
0.377779
0.377783
0.377787
0.377792
0.377796
0.377800
0.377805
0.377809
0.377813
0.377817
0.377817
0.377822
0.377826
0.377830
0.377834
0.377839
0.377843
0.377847
0.377851
0.377855
0.377859
0.377863
0.377867
0.377871
0.377875
0.377879
0.377883
0.377887
0.377891
0.377895
0.377899
0.377903
0.377906
0.377910
0.377914
0.377918
0.377921
0.377925
0.377929
0.377932
0.377936
0.377940
0.377943
0.377947
0.377950
0.377954
0.377957
0.377960
0.377964
0.377967
0.377970
0.377974
0.377977
0.377980
0.377983
0.377986
0.377989
0.377992
0.377995
0.377998
0.378001
0.378004
0.378007
0.378009
0.378012
0.378015
0.378017
0.378020
0.378022
0.378025
0.378027
0.378029
0.378031
0.378034
0.378036
0.378038
0.378039
0.378041
0.378043
0.378045
0.378046
0.378047
0.378048
0.378049
0.378050
0.378051
0.378051
0.378052
0.378052
0.378052
0.378051
0.378050
0.378049
0.378047
0.378045
0.378042
0.378039
0.378035
0.378031
0.378026
0.378020
0.378013
0.378005
0.377997
0.377989
0.377980
0.377971
0.377963
0.377954
0.377947
0.377939
0.377933
0.377926
0.377921
0.377916
0.377911
0.377908
0.377904
0.377902
0.377899
0.377898
0.377897
0.377896
0.377897
0.377897
0.377899
0.377900
0.377903
0.377906
0.377910
0.377914
0.377919
0.377924
0.377930
0.377936
0.377943
0.377950
0.377958
0.377966
0.377974
0.377983
0.377991
0.378000
0.378009
0.378018
0.378027
0.378036
0.378045
0.378053
0.378062
0.378070
0.378078
0.378087
0.378094
0.378102
0.378110
0.378117
0.378124
0.378131
0.378138
0.378145
0.378151
0.378157
0.378163
0.378169
0.378175
0.378180
0.378186
0.378191
0.378196
0.378201
0.378206
0.378210
0.378215
0.378219
0.378224
0.378228
0.378232
0.378236
0.378240
0.378244
0.378248
0.378252
0.378256
0.378259
0.378263
0.378267
0.378270
0.378274
0.378277
0.378281
0.378284
0.378287
0.378291
0.378294
0.378297
0.378301
0.378304
0.378307
0.378311
0.378314
0.378317
0.378320
0.378324
0.378327
0.378330
0.378333
0.378337
0.378340
0.378343
0.378346
0.378350
0.378353
0.378356
0.378359
0.378363
0.378366
0.378369
0.378372
0.378376
0.378379
0.378382
0.378385
0.378389
0.378392
0.378395
0.378398
0.378402
0.378405
0.378408
0.378411
0.378415
0.378418
0.378421
0.378424
0.378428
0.378431
0.378434
0.378437
0.378440
0.378443
0.378447
0.378450
0.378453
0.378456
0.378459
0.378462
0.378465
0.378468
0.378472
0.378475
0.378478
0.378481
0.378484
0.378487
0.378490
0.378493
0.378495
0.378498
0.378501
0.378504
0.378507
0.378510
0.378513
0.378516
0.378518
0.378521
0.378524
0.378527
0.378529
0.378532
0.378535
0.378537
0.378540
0.378543
0.378545
0.378548
0.378550
0.378553
0.378555
0.378558
0.378560
0.378563
0.378565
0.378567
0.378570
0.378572
0.378574
0.378577
0.378579
0.378581
0.378583
0.378586
0.378588
0.378590
0.378592
0.378594
0.378596
0.378598
0.378600
0.378602
0.378604
0.378606
0.378608
0.378610
0.378612
0.378614
0.378616
0.378617
0.378619
0.378621
0.378623
0.378625
0.378626
0.378628
0.378630
0.378631
0.378633
0.378634
0.378636
0.378638
0.378639
0.378641
0.378642
0.378643
0.378645
0.378646
0.378648
0.378649
0.378650
0.378652
0.378653
0.378654
0.378656
0.378657
0.378658
0.378659
0.378660
0.378662
0.378663
0.378664
0.378665
0.378666
0.378667
0.378668
0.378669
0.378670
0.378671
0.378672
0.378673
0.378674
0.378675
0.378676
0.378676
0.378677
0.378678
0.378679
0.378680
0.378680
0.378681
0.378682
0.378682
0.378683
0.378684
0.378684
0.378685
0.378685
0.378686
0.378687
0.378687
0.378688
0.378688
0.378689
0.378689
0.378689
0.378690
0.378690
0.378691
0.378691
0.378691
0.378692
0.378692
0.378692
0.378693
0.378693
0.378693
0.378693
0.378693
0.378694
0.378694
0.378694
0.378694
0.378694
0.378694
0.378694
0.378694
0.378694
0.378694
0.378695
0.378695
0.378694
0.378694
0.378694
0.378694
0.378694
0.378694
0.378694
0.378694
0.378694
0.378694
0.378693
0.378693
0.378693
0.378693
0.378692
0.378692
0.378692
0.378692
0.378691
0.378691
0.378691
0.378690
0.378690
0.378690
0.378689
0.378689
0.378688
0.378688
0.378687
0.378687
0.378687
0.378686
0.378686
0.378685
0.378684
0.378684
0.378683
0.378683
0.378682
0.378682
0.378681
0.378680
0.378680
0.378679
0.378678
0.378678
0.378677
0.378676
0.378676
0.378675
0.378674
0.378674
0.378673
0.378672
0.378671
0.378671
0.378670
0.378669
0.378668
0.378667
0.378666
0.378666
0.378665
0.378664
0.378663
0.378662
0.378661
0.378660
0.378659
0.378659
0.378658
0.378657
0.378656
0.378655
0.378654
0.378653
0.378652
0.378651
0.378650
0.378649
0.378648
0.378647
0.378646
0.378645
0.378644
0.378643
0.378642
0.378641
0.378640
0.378639
0.378638
0.378636
0.378635
0.378634
0.378633
0.378632
0.378631
0.378630
0.378629
0.378628
0.378626
0.378625
0.378624
0.378623
0.378622
0.378621
0.378620
0.378618
0.378617
0.378616
0.378616
0.378615
0.378614
0.378613
0.378611
0.378610
0.378609
0.378608
0.378607
0.378606
0.378604
0.378603
0.378602
0.378601
0.378600
0.378598
0.378597
0.378596
0.378595
0.378594
0.378592
0.378591
0.378590
0.378589
0.378588
0.378586
0.378585
0.378584
0.378583
0.378582
0.378580
0.378579
0.378578
0.378577
0.378576
0.378574
0.378573
0.378572
0.378571
0.378570
0.378568
0.378567
0.378566
0.378565
0.378564
0.378563
0.378561
0.378560
0.378559
0.378558
0.378557
0.378556
0.378554
0.378553
0.378552
0.378551
0.378550
0.378549
0.378548
0.378547
0.378546
0.378544
0.378543
0.378542
0.378541
0.378540
0.378539
0.378538
0.378537
0.378536
0.378535
0.378534
0.378533
0.378532
0.378531
0.378530
0.378529
0.378528
0.378527
0.378526
0.378525
0.378524
0.378523
0.378522
0.378521
0.378520
0.378519
0.378518
0.378517
0.378516
0.378516
0.378515
0.378514
0.378513
0.378512
0.378511
0.378511
0.378510
0.378509
0.378508
0.378507
0.378507
0.378506
0.378505
0.378504
0.378504
0.378503
0.378502
0.378502
0.378501
0.378500
0.378500
0.378499
0.378498
0.378498
0.378497
0.378497
0.378496
0.378496
0.378495
0.378495
0.378494
0.378494
0.378493
0.378493
0.378492
0.378492
0.378491
0.378491
0.378490
0.378490
0.378490
0.378489
0.378489
0.378489
0.378488
0.378488
0.378488
0.378488
0.378487
0.378487
0.378487
0.378487
0.378487
0.378486
0.378486
0.378486
0.378486
0.378486
0.378486
0.378486
0.378486
0.378486
0.378486
0.378486
0.378486
0.378486
0.378486
0.378486
0.378486
0.378486
0.378486
0.378487
0.378487
0.378487
0.378487
0.378487
0.378488
0.378488
0.378488
0.378489
0.378489
0.378489
0.378490
0.378490
0.378490
0.378491
0.378491
0.378492
0.378492
0.378493
0.378493
0.378494
0.378494
0.378495
0.378495
0.378496
0.378497
0.378497
0.378498
0.378499
0.378500
0.378500
0.378501
0.378502
0.378503
0.378503
0.378504
0.378505
0.378506
0.378507
0.378508
0.378509
0.378510
0.378511
0.378512
0.378513
0.378514
0.378515
0.378516
0.378517
0.378518
0.378519
0.378520
0.378522
0.378523
0.378524
0.378525
0.378527
0.378528
0.378529
0.378531
0.378532
0.378533
0.378535
0.378536
0.378538
0.378539
0.378541
0.378542
0.378544
0.378545
0.378547
0.378548
0.378550
0.378552
0.378553
0.378555
0.378557
0.378558
0.378560
0.378562
0.378564
0.378565
0.378567
0.378569
0.378571
0.378573
0.378575
0.378577
0.378578
0.378580
0.378582
0.378584
0.378586
0.378589
0.378591
0.378593
0.378595
0.378597
0.378599
0.378601
0.378603
0.378606
0.378608
0.378610
0.378612
0.378615
0.378617
0.378619
0.378622
0.378624
0.378626
0.378629
0.378631
0.378634
0.378636
0.378639
0.378641
0.378644
0.378646
0.378649
0.378651
0.378654
0.378656
0.378659
0.378662
0.378664
0.378667
0.378670
0.378673
0.378675
0.378678
0.378681
0.378684
0.378686
0.378689
0.378692
0.378695
0.378698
0.378701
0.378704
0.378707
0.378710
0.378713
0.378716
0.378719
0.378722
0.378725
0.378728
0.378731
0.378734
0.378737
0.378740
0.378743
0.378747
0.378750
0.378753
0.378756
0.378759
0.378763
0.378766
0.378769
0.378773
0.378776
0.378779
0.378783
0.378786
0.378789
0.378793
0.378796
0.378800
0.378803
0.378806
0.378810
0.378813
0.378817
0.378820
0.378824
0.378828
0.378831
0.378835
0.378838
0.378842
0.378845
0.378849
0.378853
0.378856
0.378860
0.378864
0.378868
0.378871
0.378875
0.378879
0.378883
0.378886
0.378890
0.378894
0.378898
0.378902
0.378906
0.378909
0.378913
0.378917
0.378921
0.378925
0.378929
0.378933
0.378937
0.378941
0.378945
0.378949
0.378953
0.378957
0.378961
0.378965
0.378969
0.378973
0.378977
0.378981
0.378986
0.378990
0.378994
0.378998
0.379002
0.379006
0.379011
0.379015
0.379019
0.379023
0.379028
0.379032
0.379036
0.379040
0.379045
0.379049
0.379053
0.379058
0.379062
0.379067
0.379071
0.379075
0.379080
0.379084
0.379089
0.379093
0.379098
0.379102
0.379107
0.379111
0.379116
0.379120
0.379125
0.379129
0.379134
0.379138
0.379143
0.379148
0.379152
0.379157
0.379162
0.379166
0.379171
0.379176
0.379180
0.379185
0.379190
0.379195
0.379199
0.379204
0.379209
0.379214
0.379219
0.379224
0.379229
0.379233
0.379238
0.379243
0.379248
0.379253
0.379258
0.379263
0.379268
0.379273
0.379278
0.379283
0.379288
0.379293
0.379298
0.379304
0.379309
0.379314
0.379319
0.379324
0.379329
0.379335
0.379340
0.379345
0.379350
0.379356
0.379361
0.379366
0.379372
0.379377
0.379383
0.379388
0.379393
0.379399
0.379404
0.379410
0.379415
0.379421
0.379426
0.379432
0.379438
0.379443
0.379449
0.379455
0.379460
0.379466
0.379472
0.379478
0.379483
0.379489
0.379495
0.379501
0.379507
0.379513
0.379519
0.379525
0.379531
0.379537
0.379543
0.379549
0.379555
0.379561
0.379567
0.379574
0.379580
0.379586
0.379586
0.379592
0.379599
0.379605
0.379611
0.379618
0.379624
0.379631
0.379637
0.379644
0.379650
0.379657
0.379664
0.379670
0.379677
0.379684
0.379691
0.379698
0.379704
0.379711
0.379718
0.379725
0.379732
0.379739
0.379746
0.379754
0.379761
0.379768
0.379775
0.379783
0.379790
0.379797
0.379805
0.379812
0.379820
0.379828
0.379835
0.379843
0.379851
0.379858
0.379866
0.379874
0.379882
0.379890
0.379898
0.379906
0.379914
0.379922
0.379931
0.379939
0.379947
0.379956
0.379964
0.379973
0.379981
0.379990
0.379999
0.380007
0.380016
0.380025
0.380034
0.380043
0.380052
0.380061
0.380071
0.380080
0.380089
0.380099
0.380108
0.380118
0.380127
0.380137
0.380147
0.380157
0.380166
0.380176
0.380186
0.380197
0.380207
0.380217
0.380227
0.380238
0.380248
0.380259
0.380270
0.380280
0.380291
0.380302
0.380313
0.380324
0.380336
0.380347
0.380358
0.380370
0.380381
0.380393
0.380405
0.380416
0.380428
0.380440
0.380452
0.380465
0.380477
0.380489
0.380502
0.380514
0.380527
0.380540
0.380553
0.380566
0.380579
0.380592
0.380606
0.380619
0.380633
0.380646
0.380660
0.380674
0.380688
0.380702
0.380716
0.380731
0.380745
0.380760
0.380774
0.380789
0.380804
0.380819
0.380834
0.380850
0.380865
0.380881
0.380896
0.380912
0.380928
0.380944
0.380960
0.380977
0.380993
0.381010
0.381027
0.381043
0.381060
0.381078
0.381095
0.381112
0.381130
0.381147
0.381165
0.381183
0.381201
0.381220
0.381238
0.381256
0.381275
0.381294
0.381313
0.381332
0.381351
0.381371
0.381390
0.381410
0.381430
0.381450
0.381470
0.381490
0.381510
0.381531
0.381552
0.381573
0.381594
0.381615
0.381636
0.381657
0.381679
0.381701
0.381723
0.381745
0.381767
0.381789
0.381812
0.381834
0.381857
0.381880
0.381903
0.381926
0.381949
0.381973
0.381996
0.382020
0.382044
0.382068
0.382092
0.382116
0.382141
0.382165
0.382190
0.382215
0.382240
0.382265
0.382290
0.382315
0.382341
0.382366
0.382392
0.382418
0.382444
0.382470
0.382496
0.382522
0.382548
0.382575
0.382601
0.382628
0.382654
0.382681
0.382708
0.382735
0.382762
0.382789
0.382816
0.382844
0.382871
0.382898
0.382926
0.382953
0.382981
0.383009
0.383036
0.383064
0.383092
0.383120
0.383148
0.383175
0.383203
0.383231
0.383259
0.383287
0.383315
0.383343
0.383371
0.383399
0.383427
0.383455
0.383483
0.383511
0.383539
0.383567
0.383595
0.383623
0.383651
0.383678
0.383706
0.383734
0.383761
0.383789
0.383816
0.383844
0.383871
0.383899
0.383926
0.383953
0.383980
0.384007
0.384034
0.384061
0.384088
0.384114
0.384141
0.384167
0.384193
0.384219
0.384245
0.384271
0.384297
0.384323
0.384348
0.384374
0.384399
0.384424
0.384449
0.384474
0.384499
0.384523
0.384547
0.384572
0.384596
0.384620
0.384643
0.384667
0.384690
0.384714
0.384737
0.384759
0.384782
0.384805
0.384827
0.384849
0.384871
0.384893
0.384915
0.384936
0.384957
0.384978
0.384999
0.385020
0.385041
0.385061
0.385081
0.385101
0.385121
0.385140
0.385160
0.385179
0.385198
0.385217
0.385235
0.385254
0.385272
0.385290
0.385308
0.385325
0.385343
0.385360
0.385377
0.385394
0.385411
0.385428
0.385444
0.385460
0.385476
0.385492
0.385508
0.385523
0.385538
0.385553
0.385568
0.385583
0.385598
0.385612
0.385626
0.385640
0.385654
0.385668
0.385682
0.385695
0.385708
0.385721
0.385734
0.385747
0.385760
0.385772
0.385784
0.385796
0.385808
0.385820
0.385832
0.385844
0.385855
0.385866
0.385877
0.385888
0.385899
0.385910
0.385920
0.385931
0.385941
0.385951
0.385961
0.385971
0.385981
0.385991
0.386000
0.386010
0.386019
0.386028
0.386037
0.386046
0.386055
0.386064
0.386072
0.386081
0.386089
0.386098
0.386106
0.386114
0.386122
0.386130
0.386138
0.386145
0.386153
0.386161
0.386168
0.386175
0.386183
0.386190
0.386197
0.386204
0.386211
0.386218
0.386224
0.386231
0.386238
0.386244
0.386251
0.386257
0.386263
0.386270
0.386276
0.386282
0.386288
0.386294
0.386300
0.386306
0.386311
0.386317
0.386323
0.386328
0.386334
0.386339
0.386345
0.386350
0.386356
0.386361
0.386366
0.386371
0.386376
0.386381
0.386386
0.386391
0.386396
0.386401
0.386406
0.386411
0.386416
0.386420
0.386425
0.386430
0.386434
0.386439
0.386443
0.386448
0.386452
0.386457
0.386461
0.386465
0.386470
0.386474
0.386478
0.386483
0.386487
0.386491
0.386495
0.386499
0.386504
0.386508
0.386512
0.386516
0.386520
0.386524
0.386528
0.386532
0.386536
0.386540
0.386544
0.386548
0.386551
0.386555
0.386559
0.386563
0.386567
0.386571
0.386575
0.386578
0.386582
0.386586
0.386590
0.386594
0.386597
0.386601
0.386605
0.386609
0.386613
0.386616
0.386620
0.386624
0.386628
0.386631
0.386635
0.386639
0.386643
0.386647
0.386650
0.386654
0.386658
0.386662
0.386665
0.386669
0.386673
0.386677
0.386677
0.386681
0.386685
0.386688
0.386692
0.386696
0.386700
0.386704
0.386708
0.386712
0.386716
0.386720
0.386724
0.386728
0.386732
0.386736
0.386740
0.386744
0.386748
0.386752
0.386756
0.386760
0.386764
0.386768
0.386773
0.386777
0.386781
0.386785
0.386789
0.386794
0.386798
0.386802
0.386807
0.386811
0.386816
0.386820
0.386824
0.386829
0.386833
0.386838
0.386843
0.386847
0.386852
0.386856
0.386861
0.386866
0.386871
0.386875
0.386880
0.386885
0.386890
0.386895
0.386900
0.386904
0.386909
0.386914
0.386919
0.386925
0.386930
0.386935
0.386940
0.386945
0.386950
0.386956
0.386960
0.386967
0.386970
0.386979
0.386979
0.386995
0.386982
0.387019
0.386971
0.387068
0.386914
0.387194
0.386711
0.387518
0.386158
0.387923
0.386314
0.387821
0.386196
0.387929
0.386594
0.387798
0.386404
0.387980
0.386634
0.387902
0.386548
0.388032
0.386713
0.388026
0.386691
0.388115
0.386791
0.388127
0.386806
0.388188
0.386878
0.388217
0.386910
0.388266
0.386966
0.388297
0.387001
0.388334
0.387043
0.388363
0.387076
0.388393
0.387110
0.388419
0.387140
0.388445
0.387169
0.388468
0.387196
0.388491
0.387221
0.388512
0.387244
0.388532
0.387265
0.388550
0.387284
0.388567
0.387301
0.388582
0.387317
0.388596
0.387331
0.388609
0.387343
0.388621
0.387354
0.388633
0.387364
0.388643
0.387373
0.388653
0.387380
0.388662
0.387387
0.388671
0.387393
0.388680
0.387398
0.388688
0.387403
0.388695
0.387406
0.388702
0.387410
0.388709
0.387412
0.388716
0.387415
0.388722
0.387416
0.388728
0.387418
0.388733
0.387419
0.388738
0.387420
0.388743
0.387420
0.388748
0.387420
0.388752
0.387420
0.388757
0.387420
0.388761
0.387419
0.388764
0.387418
0.388768
0.387417
0.388771
0.387416
0.388774
0.387415
0.388778
0.387413
0.388781
0.387412
0.388783
0.387410
0.388786
0.387409
0.388789
0.387407
0.388792
0.387406
0.388795
0.387404
0.388798
0.387403
0.388800
0.387402
0.388803
0.387400
0.388807
0.387399
0.388810
0.387399
0.388813
0.387398
0.388817
0.387397
0.388820
0.387397
0.388824
0.387397
0.388828
0.387397
0.388832
0.387397
0.388837
0.387398
0.388841
0.387398
0.388846
0.387399
0.388851
0.387400
0.388856
0.387402
0.388861
0.387404
0.388867
0.387405
0.388873
0.387408
0.388878
0.387410
0.388884
0.387412
0.388891
0.387415
0.388897
0.387418
0.388903
0.387421
0.388910
0.387424
0.388916
0.387427
0.388923
0.387431
0.388930
0.387434
0.388937
0.387438
0.388943
0.387441
0.388950
0.387445
0.388957
0.387449
0.388964
0.387453
0.388971
0.387456
0.388978
0.387460
0.388984
0.387464
0.388991
0.387468
0.388998
0.387471
0.389004
0.387475
0.389011
0.387479
0.389017
0.387482
0.389024
0.387486
0.389030
0.387489
0.389036
0.387492
0.389042
0.387496
0.389048
0.387499
0.389054
0.387502
0.389060
0.387504
0.389065
0.387507
0.389071
0.387510
0.389076
0.387512
0.389081
0.387514
0.389086
0.387517
0.389091
0.387518
0.389095
0.387520
0.389100
0.387522
0.389104
0.387524
0.389108
0.387524
0.389113
0.387527
0.389116
0.387524
0.389121
0.387533
0.389122
0.387520
0.389130
0.387545
0.389124
0.387500
0.389144
0.387586
0.389112
0.387432
0.389171
0.387735
0.389029
0.387273
0.389210
0.388127
0.388602
0.387708
0.389097
0.387121
0.389241
0.388524
0.387726
0.389002
0.387309
0.389325
0.388336
0.388367
0.388191
0.388592
0.387885
0.389107
0.386663
0.389433
0.389179
0.386465
0.389614
0.389521
0.387591
0.389577
0.389058
0.388640
0.389209
0.388402
0.389548
0.387808
0.389776
0.388702
0.389098
0.388349
0.389654
0.387545
0.389862
0.389417
0.387547
0.389825
0.389349
0.388528
0.389788
0.388073
0.390013
0.388847
0.389372
0.388340
0.389936
0.387880
0.390021
0.389280
0.388477
0.389776
0.387944
0.390090
0.389362
0.388536
0.389814
0.387924
0.390137
0.389537
0.388360
0.390057
0.388267
0.390191
0.388919
0.389758
0.388139
0.390196
0.389036
0.389602
0.388352
0.390191
0.388221
0.390187
0.388855
0.389762
0.388048
0.390232
0.389351
0.389060
0.389491
0.388651
0.390157
0.387458
0.390533
0.390239
0.387235
0.390766
0.390608
0.388649
0.390609
0.390093
0.389720
0.390210
0.389431
0.390573
0.388669
0.390829
0.390094
0.389397
0.390591
0.388681
0.390964
0.390414
0.388826
0.390885
0.389739
0.390558
0.388997
0.391023
0.389641
0.390626
0.388608
0.390992
0.390567
0.388821
0.391009
0.390231
0.389988
0.390359
0.389614
0.390920
0.388278
0.391374
0.391108
0.388073
0.391654
0.391490
0.389485
0.391469
0.390972
0.390508
0.391097
0.390148
0.391481
0.389451
0.391646
0.391005
0.390022
0.391574
0.389532
0.391778
0.391197
0.389783
0.391689
0.390155
0.391713
0.389638
0.391798
0.390974
0.390501
0.391290
0.389826
0.391848
0.390310
0.391526
0.389027
0.391911
0.391773
0.388965
0.392176
0.392176
0.392073
0.389934
0.392083
0.391731
0.390845
0.392005
0.390483
0.392248
0.390654
0.392140
0.390069
0.392274
0.391566
0.390842
0.392011
0.389963
0.392357
0.391971
0.389835
0.392360
0.392147
0.390305
0.392517
0.391917
0.391154
0.392277
0.390361
0.392593
0.391934
0.390806
0.392493
0.390341
0.392664
0.392176
0.390470
0.392642
0.391688
0.391920
0.391311
0.392407
0.390003
0.392890
0.392708
0.389489
0.393508
0.393153
0.390820
0.393122
0.392928
0.391727
0.393142
0.391707
0.393213
0.391371
0.393295
0.391905
0.393050
0.390952
0.393373
0.392984
0.390999
0.393370
0.392926
0.391621
0.393441
0.391654
0.393500
0.391683
0.393429
0.391359
0.393465
0.392337
0.392770
0.391690
0.393418
0.390719
0.393633
0.393426
0.390357
0.394036
0.393841
0.391608
0.393807
0.393492
0.392470
0.393749
0.392129
0.393941
0.392339
0.393827
0.391599
0.393978
0.393549
0.391821
0.394008
0.393067
0.393181
0.392734
0.393531
0.391595
0.394024
0.393523
0.391406
0.394069
0.393884
0.391569
0.394321
0.394225
0.391679
0.394459
0.394420
0.392227
0.394546
0.394272
0.392890
0.394634
0.393065
0.394642
0.392524
0.394692
0.393811
0.393510
0.393987
0.392954
0.394732
0.391666
0.395266
0.394796
0.391424
0.395602
0.395271
0.393106
0.395171
0.394715
0.394067
0.394863
0.393500
0.395258
0.393238
0.395261
0.393851
0.394936
0.392695
0.395355
0.395171
0.392324
0.395730
0.395566
0.393014
0.395643
0.395616
0.393799
0.395748
0.394862
0.395023
0.394511
0.395288
0.393522
0.395753
0.394726
0.394544
0.394685
0.394364
0.395167
0.392738
0.395964
0.395691
0.391667
0.397156
0.396510
0.394388
0.395902
0.395318
0.395763
0.395077
0.395846
0.394128
0.396193
0.394813
0.395857
0.393584
0.396358
0.396238
0.393123
0.397024
0.396631
0.393990
0.396680
0.396689
0.394935
0.396802
0.395803
0.396281
0.395211
0.396736
0.394255
0.396913
0.396751
0.393890
0.397300
0.397195
0.394669
0.397220
0.397130
0.395335
0.397275
0.396326
0.396655
0.395834
0.397094
0.394607
0.397466
0.397337
0.394160
0.398034
0.397737
0.395265
0.397695
0.397553
0.396024
0.397723
0.396375
0.397584
0.395559
0.397779
0.396979
0.396396
0.397285
0.395340
0.397779
0.397295
0.395169
0.397737
0.397439
0.395434
0.397884
0.397477
0.395829
0.397936
0.396553
0.397664
0.395230
0.398050
0.397939
0.394836
0.398653
0.398364
0.395732
0.398391
0.398375
0.396516
0.398477
0.397566
0.397773
0.397142
0.398140
0.395920
0.398582
0.398401
0.395314
0.399324
0.398960
0.396096
0.399141
0.399140
0.397058
0.399113
0.398462
0.398089
0.398516
0.397540
0.399078
0.396172
0.399604
0.399307
0.395926
0.400081
0.399717
0.397334
0.399638
0.399379
0.398117
0.399597
0.397896
0.399713
0.397896
0.399671
0.397491
0.399684
0.398592
0.398802
0.398029
0.399389
0.396301
0.400514
0.399762
0.396091
0.400776
0.400252
0.397994
0.400140
0.399756
0.398891
0.399890
0.398224
0.400180
0.398571
0.400017
0.397408
0.400308
0.400221
0.397164
0.400817
0.400581
0.398006
0.400579
0.400510
0.398732
0.400667
0.399589
0.400163
0.398805
0.400656
0.398283
0.400642
0.400056
0.398511
0.400634
0.398909
0.400653
0.397952
0.400731
0.400554
0.397654
0.401153
0.401028
0.398367
0.401096
0.401062
0.398993
0.401128
0.400478
0.399931
0.400626
0.399085
0.401171
0.399291
0.401073
0.398295
0.401237
0.401119
0.398028
0.401891
0.401572
0.398847
0.401614
0.401605
0.399627
0.401681
0.400870
0.400779
0.400648
0.400683
0.400423
0.400779
0.399462
0.401580
0.398338
0.402211
0.401581
0.397937
0.403016
0.402311
0.399528
0.402220
0.402211
0.400531
0.402270
0.401031
0.402044
0.400102
0.402316
0.401277
0.401325
0.400844
0.401737
0.399386
0.402428
0.402276
0.398377
0.403856
0.403137
0.400145
0.402906
0.402964
0.401451
0.402987
0.401597
0.402866
0.400784
0.402997
0.402106
0.401823
0.402129
0.401290
0.402866
0.399216
0.404403
0.403468
0.399404
0.404302
0.403805
0.401903
0.403664
0.402850
0.402985
0.402435
0.403059
0.401628
0.403601
0.401314
0.403569
0.402495
0.402511
0.402186
0.402823
0.401009
0.403427
0.402509
0.401592
0.403189
0.399729
0.404916
0.403998
0.399729
0.405062
0.404399
0.402272
0.404098
0.403525
0.403359
0.403348
0.403063
0.403362
0.402436
0.404008
0.400635
0.405420
0.404388
0.400695
0.405534
0.404903
0.402604
0.404845
0.404507
0.403474
0.404697
0.402889
0.404931
0.403485
0.404596
0.402133
0.404956
0.404838
0.401825
0.405478
0.405197
0.402503
0.405310
0.405297
0.403237
0.405364
0.404682
0.404248
0.404718
0.403564
0.405311
0.402425
0.405624
0.405378
0.402121
0.406204
0.405784
0.403255
0.405793
0.405670
0.403923
0.405809
0.404588
0.405479
0.403583
0.405811
0.404714
0.404926
0.403994
0.405578
0.402277
0.406897
0.405834
0.405834
0.402339
0.406784
0.406279
0.404032
0.406280
0.405904
0.404819
0.406104
0.404138
0.406290
0.405198
0.405444
0.404521
0.406089
0.402874
0.407283
0.406300
0.402914
0.407187
0.406743
0.404447
0.406780
0.406479
0.405174
0.406716
0.404791
0.406818
0.405337
0.406516
0.403967
0.406895
0.406790
0.403687
0.407491
0.407138
0.404486
0.407241
0.407218
0.405188
0.407309
0.406555
0.406273
0.406463
0.405830
0.406932
0.404121
0.407829
0.407338
0.403772
0.408584
0.407804
0.405257
0.407853
0.407764
0.406026
0.407883
0.406606
0.407609
0.405568
0.407886
0.407098
0.406412
0.407414
0.405062
0.407998
0.407866
0.404431
0.409089
0.408258
0.405595
0.408430
0.408431
0.406439
0.408496
0.407646
0.407595
0.407325
0.407619
0.406767
0.408251
0.404688
0.409891
0.408758
0.404826
0.409976
0.409244
0.407047
0.409152
0.408670
0.407996
0.408713
0.407296
0.409148
0.406956
0.409137
0.407938
0.408401
0.406992
0.409080
0.406569
0.409023
0.408488
0.406569
0.409028
0.408319
0.407731
0.408662
0.406258
0.409299
0.409112
0.405608
0.410459
0.409548
0.406838
0.409726
0.409719
0.407683
0.409763
0.408996
0.408773
0.408861
0.408465
0.409183
0.407133
0.409732
0.409360
0.406707
0.410183
0.409998
0.406829
0.410949
0.410393
0.407740
0.410511
0.410487
0.408478
0.410609
0.409826
0.409613
0.409648
0.409297
0.409884
0.408068
0.410464
0.409443
0.409156
0.409467
0.408545
0.410489
0.406141
0.411786
0.412366
0.409399
0.409686
0.409973
0.410409
0.410039
0.410212
0.409086
0.410513
0.407622
0.411216
0.410887
0.407688
0.411817
0.411276
0.408770
0.411329
0.411207
0.409411
0.411388
0.410246
0.411019
0.409213
0.411433
0.410120
0.410915
0.408603
0.411386
0.411212
0.408239
0.412105
0.411624
0.408849
0.411968
0.411915
0.409579
0.411961
0.411675
0.410174
0.411978
0.410174
0.412014
0.409842
0.411951
0.410497
0.411603
0.408975
0.412169
0.411978
0.408724
0.412929
0.412273
0.409813
0.412396
0.412285
0.410477
0.412468
0.411272
0.412022
0.410131
0.412401
0.411304
0.411544
0.410454
0.412283
0.408793
0.413744
0.412388
0.409154
0.413202
0.412835
0.410648
0.412917
0.412490
0.411357
0.412756
0.410521
0.412920
0.412435
0.410793
0.412918
0.411246
0.412931
0.409939
0.413355
0.412962
0.409897
0.413693
0.413346
0.410875
0.413462
0.413340
0.411419
0.413503
0.412510
0.412789
0.411785
0.413344
0.410220
0.414376
0.413415
0.410477
0.414033
0.413861
0.411443
0.413996
0.413839
0.411875
0.414013
0.413100
0.413208
0.412596
0.413591
0.411040
0.414299
0.413989
0.410479
0.415407
0.414366
0.411936
0.414519
0.414374
0.412657
0.414589
0.413194
0.414381
0.411895
0.414650
0.414497
0.411725
0.415024
0.414863
0.412165
0.415108
0.415041
0.412680
0.415122
0.414883
0.413222
0.415197
0.413670
0.415116
0.412353
0.415408
0.415212
0.412230
0.415822
0.415534
0.413007
0.415657
0.415559
0.413519
0.415696
0.414951
0.414591
0.414912
0.413921
0.415605
0.412111
0.417077
0.415621
0.412749
0.416120
0.416051
0.413830
0.416166
0.415788
0.414347
0.416103
0.414035
0.416178
0.414883
0.415650
0.413458
0.416093
0.415766
0.413308
0.416271
0.416153
0.413343
0.416792
0.416541
0.413857
0.416785
0.416719
0.414406
0.416815
0.416522
0.414939
0.416857
0.415065
0.416877
0.414381
0.416829
0.416323
0.414667
0.416853
0.415243
0.416858
0.413606
0.417786
0.416792
0.414151
0.417198
0.417146
0.414794
0.417337
0.417125
0.415091
0.417342
0.416571
0.416208
0.416575
0.415427
0.417355
0.413820
0.418722
0.417150
0.414604
0.417582
0.417551
0.415410
0.417800
0.417368
0.415834
0.417769
0.415686
0.417836
0.416301
0.417572
0.414450
0.418669
0.417661
0.414981
0.418101
0.418010
0.415589
0.418256
0.418128
0.415887
0.418325
0.417955
0.416431
0.418398
0.416375
0.418442
0.416504
0.418348
0.415461
0.418575
0.418294
0.415322
0.419137
0.418657
0.416099
0.418882
0.418790
0.416571
0.418942
0.418514
0.417173
0.418948
0.416480
0.419043
0.418685
0.416369
0.419103
0.418936
0.416530
0.419352
0.419216
0.416603
0.419619
0.419496
0.416890
0.419787
0.419696
0.417242
0.419870
0.419714
0.417561
0.419917
0.419421
0.418217
0.419894
0.417122
0.420322
0.419983
0.416931
0.420823
0.420297
0.417875
0.420481
0.420316
0.418337
0.420525
0.419625
0.419597
0.419171
0.419821
0.417861
0.420400
0.419826
0.417767
0.420399
0.419927
0.418221
0.420548
0.419046
0.420395
0.416704
0.422150
0.420996
0.417151
0.422245
0.421292
0.419245
0.421268
0.420501
0.420407
0.420115
0.420329
0.419530
0.420991
0.417140
0.422734
0.422134
0.418997
0.421446
0.421236
0.420567
0.421498
0.419490
0.421710
0.420552
0.420843
0.419680
0.421649
0.418232
0.423047
0.421281
0.419251
0.421605
0.420750
0.421032
0.420014
0.421659
0.417977
0.417977
0.423320
0.422006
0.418460
0.423075
0.422293
0.420435
0.422364
0.421283
0.421822
0.420264
0.422258
0.420027
0.422242
0.420961
0.421665
0.419454
0.422238
0.421960
0.419063
0.423024
0.422226
0.419885
0.422599
0.422426
0.420340
0.422712
0.422138
0.421017
0.422617
0.419633
0.423504
0.422600
0.420014
0.423037
0.422926
0.420538
0.423214
0.423049
0.420752
0.423282
0.423005
0.421160
0.423375
0.422266
0.422810
0.420928
0.423309
0.422195
0.422398
0.421174
0.423266
0.419475
0.424886
0.423811
0.419476
0.425213
0.424550
0.422133
0.424167
0.423685
0.423088
0.423635
0.422263
0.424108
0.421491
0.424165
0.423877
0.421299
0.424500
0.424296
0.421622
0.424756
0.424527
0.422068
0.424749
0.424610
0.422521
0.424833
0.424238
0.423332
0.424592
0.421786
0.425435
0.424692
0.421991
0.425222
0.425021
0.422617
0.425290
0.425124
0.422918
0.425316
0.424904
0.423503
0.425367
0.422994
0.425408
0.424816
0.423277
0.425352
0.423197
0.425396
0.423934
0.425010
0.421908
0.426435
0.424925
0.423237
0.425348
0.423544
0.425498
0.422914
0.425406
0.424846
0.423084
0.425369
0.424015
0.425218
0.421838
0.426892
0.425117
0.423211
0.425465
0.424263
0.425378
0.422560
0.426165
0.425456
0.422693
0.426110
0.425828
0.423374
0.426187
0.426023
0.423601
0.426271
0.426061
0.423876
0.426363
0.425982
0.424352
0.426462
0.424546
0.426498
0.423698
0.426545
0.426177
0.423584
0.426872
0.426581
0.423917
0.427099
0.426822
0.424290
0.427117
0.426955
0.424622
0.427199
0.426939
0.424916
0.427241
0.426498
0.425922
0.426713
0.424349
0.427535
0.427107
0.423898
0.428679
0.427189
0.425790
0.427602
0.425269
0.427733
0.427151
0.425506
0.427649
0.425646
0.427732
0.425350
0.427625
0.426277
0.427058
0.424427
0.428067
0.427312
0.424578
0.428208
0.427640
0.425291
0.428068
0.427854
0.425537
0.428199
0.427924
0.425728
0.428295
0.427933
0.426050
0.428377
0.427321
0.427632
0.426154
0.428386
0.425449
0.428761
0.427969
0.425481
0.428758
0.428468
0.425829
0.429162
0.428735
0.426144
0.429172
0.428961
0.426495
0.429323
0.429126
0.426683
0.429465
0.429249
0.426858
0.429612
0.429398
0.427029
0.429794
0.429567
0.427183
0.429978
0.429748
0.427327
0.430170
0.429943
0.427469
0.430372
0.430143
0.427636
0.430559
0.430332
0.427837
0.430712
0.430494
0.428049
0.430841
0.430623
0.428248
0.430956
0.430716
0.428438
0.431051
0.430748
0.428667
0.431106
0.430530
0.429326
0.431126
0.427770
0.432610
0.430635
0.429517
0.430955
0.428312
0.431813
0.431130
0.428411
0.431685
0.431321
0.428998
0.431670
0.431431
0.429236
0.431732
0.431280
0.429646
0.431764
0.429776
0.431823
0.429218
0.431744
0.431089
0.429591
0.431756
0.429255
0.431833
0.431207
0.429334
0.431768
0.430670
0.431150
0.429066
0.431783
0.431218
0.429027
0.431874
0.431460
0.429104
0.432236
0.431831
0.429116
0.432799
0.432046
0.429843
0.432455
0.432045
0.430361
0.432570
0.430679
0.432623
0.429183
0.433760
0.431847
0.431122
0.432023
0.429797
0.432843
0.432409
0.429319
0.433880
0.432309
0.431347
0.432718
0.429764
0.434104
0.432473
0.431135
0.432910
0.429892
0.434132
0.432640
0.431166
0.433114
0.430308
0.433689
0.432967
0.430469
0.433512
0.433212
0.430811
0.433716
0.433416
0.430917
0.433927
0.433602
0.431112
0.434112
0.433810
0.431313
0.434306
0.433996
0.431518
0.434463
0.434168
0.431722
0.434621
0.434332
0.431905
0.434782
0.434487
0.432072
0.434938
0.434640
0.432231
0.435098
0.434796
0.432386
0.435261
0.434955
0.432542
0.435424
0.435116
0.432702
0.435585
0.435276
0.432866
0.435740
0.435431
0.433031
0.435890
0.435581
0.433195
0.436036
0.435725
0.433355
0.436179
0.435865
0.433512
0.436320
0.436000
0.433666
0.436457
0.436131
0.433818
0.436590
0.436254
0.433972
0.436713
0.436360
0.434137
0.436815
0.436419
0.434359
0.436869
0.436236
0.435052
0.436914
0.433129
0.438542
0.437797
0.433527
0.438923
0.437991
0.435905
0.437819
0.436895
0.437125
0.436047
0.437585
0.434156
0.439300
0.437238
0.435977
0.437587
0.434933
0.438352
0.437587
0.435181
0.437936
0.437624
0.435710
0.438059
0.437146
0.437017
0.436617
0.437170
0.435016
0.438016
0.437396
0.434585
0.438990
0.437192
0.437167
0.436358
0.437860
0.433957
0.439191
0.439728
0.436846
0.437960
0.436982
0.438376
0.436252
0.438387
0.437208
0.437301
0.436341
0.438128
0.434045
0.439243
0.440929
0.438085
0.437261
0.438152
0.437912
0.438357
0.436892
0.438659
0.435526
0.439303
0.438072
0.436768
0.438629
0.435855
0.439200
0.438257
0.436258
0.438576
0.437673
0.437875
0.436829
0.438668
0.434412
0.439544
0.441176
0.438635
0.437423
0.438662
0.438292
0.438734
0.437286
0.438915
0.436004
0.439291
0.438536
0.436657
0.438966
0.438094
0.438110
0.437345
0.437345
0.438595
0.434910
0.440174
0.439790
0.437084
0.439034
0.438080
0.438978
0.437031
0.439121
0.437729
0.438562
0.435843
0.439656
0.438474
0.437048
0.438993
0.436247
0.439446
0.438585
0.436691
0.439000
0.437985
0.438495
0.436531
0.439031
0.438236
0.437208
0.438914
0.434840
0.439958
0.441606
0.438585
0.438496
0.438586
0.438967
0.438480
0.438908
0.437059
0.439270
0.437772
0.439108
0.435442
0.440844
0.440164
0.436054
0.441207
0.440036
0.438413
0.440009
0.438641
0.439980
0.437472
0.440069
0.439637
0.437616
0.439958
0.439322
0.438567
0.439716
0.436571
0.441561
0.439171
0.439043
0.438340
0.439672
0.436769
0.441301
0.438859
0.439235
0.437204
0.439715
0.438992
0.438423
0.439177
0.436465
0.440772
0.438464
0.439201
0.436321
0.440434
0.438972
0.438255
0.439093
0.436689
0.440092
0.439128
0.437366
0.439623
0.438142
0.439701
0.435843
0.441123
0.440562
0.437012
0.440676
0.440090
0.438860
0.440265
0.438204
0.440328
0.439034
0.439777
0.437332
0.440511
0.439885
0.437614
0.440445
0.439999
0.438103
0.440456
0.439577
0.439444
0.439214
0.439485
0.438372
0.440455
0.435759
0.441987
0.442344
0.441403
0.439169
0.440234
0.440544
0.440372
0.440046
0.439747
0.439603
0.439445
0.439527
0.439082
0.440012
0.436790
0.441929
0.440796
0.436754
0.442135
0.441667
0.439404
0.441275
0.440647
0.440488
0.440332
0.440172
0.440120
0.439792
0.440204
0.438467
0.440767
0.439900
0.439282
0.440385
0.437037
0.442156
0.441641
0.438070
0.441972
0.441075
0.440277
0.441157
0.439483
0.441362
0.439633
0.441210
0.438438
0.441574
0.440784
0.439158
0.441189
0.439758
0.441208
0.438062
0.442445
0.440230
0.440568
0.439027
0.441126
0.439183
0.441102
0.438955
0.440916
0.438769
0.440832
0.439038
0.440807
0.437613
0.441856
0.439640
0.440091
0.438211
0.440541
0.439503
0.439900
0.438034
0.440400
0.439334
0.439531
0.438227
0.440372
0.436956
0.441884
0.439153
0.439587
0.437620
0.440145
0.439383
0.438876
0.439486
0.437161
0.440600
0.439296
0.438469
0.439843
0.436296
0.441455
0.441025
0.438037
0.440436
0.440100
0.439484
0.440368
0.438141
0.440712
0.440098
0.438428
0.440606
0.439025
0.440723
0.436976
0.442178
0.441099
0.437485
0.442375
0.440941
0.440016
0.440990
0.439189
0.441272
0.439757
0.440988
0.437713
0.442540
0.440065
0.440502
0.438539
0.440921
0.439987
0.440053
0.439095
0.440773
0.436644
0.441619
0.442971
0.441684
0.439389
0.440940
0.440937
0.440734
0.440456
0.440147
0.440149
0.439702
0.440508
0.437935
0.442141
0.439512
0.440796
0.437393
0.442145
0.439979
0.440041
0.439027
0.440591
0.437669
0.441790
0.439559
0.439942
0.438109
0.440373
0.439191
0.439970
0.437097
0.441404
0.438950
0.439948
0.436973
0.441042
0.439395
0.439155
0.438878
0.439164
0.438323
0.439981
0.435586
0.441223
0.441901
0.441491
0.438909
0.439770
0.440211
0.440095
0.439732
0.439486
0.439261
0.439255
0.438990
0.439379
0.438014
0.440011
0.437585
0.439880
0.438998
0.438233
0.439606
0.436452
0.441438
0.439426
0.437979
0.439795
0.437759
0.439875
0.438882
0.438765
0.438342
0.438980
0.436915
0.439793
0.438858
0.437424
0.439495
0.437242
0.439605
0.438759
0.437977
0.439354
0.435987
0.441000
0.440218
0.436396
0.441418
0.440189
0.438754
0.440231
0.438761
0.440267
0.437916
0.440232
0.439619
0.438428
0.440191
0.437478
0.440919
0.439393
0.439016
0.439252
0.438533
0.440143
0.436225
0.441000
0.442395
0.438807
0.440334
0.439907
0.440325
0.439670
0.440256
0.438429
0.440472
0.439204
0.440100
0.437464
0.441292
0.439380
0.439736
0.437955
0.440183
0.439084
0.439725
0.437350
0.440592
0.439440
0.438595
0.439915
0.436826
0.441672
0.439254
0.439132
0.438436
0.439716
0.437029
0.441156
0.438583
0.439636
0.436671
0.440595
0.439021
0.438845
0.438487
0.438966
0.437598
0.439642
0.437106
0.439641
0.438708
0.437889
0.439469
0.435926
0.440815
0.440366
0.437657
0.439808
0.439297
0.439255
0.439115
0.438947
0.438901
0.438526
0.439196
0.436537
0.441291
0.437663
0.439608
0.438079
0.439397
0.436706
0.440525
0.438568
0.438903
0.437216
0.439458
0.437856
0.439447
0.435751
0.440731
0.439567
0.436368
0.440716
0.439253
0.438814
0.439093
0.438240
0.439693
0.436505
0.441238
0.438573
0.439091
0.437149
0.439515
0.438740
0.438425
0.438537
0.437678
0.439410
0.435188
0.440365
0.441158
0.440835
0.438346
0.439170
0.439563
0.439449
0.439130
0.438890
0.438704
0.438649
0.438479
0.438631
0.437888
0.439301
0.435435
0.439959
0.441132
0.439625
0.437579
0.439478
0.439502
0.439183
0.439122
0.438554
0.439066
0.437633
0.439407
0.437647
0.439296
0.436991
0.439173
0.438472
0.437636
0.438960
0.436277
0.440198
0.437861
0.438758
0.436329
0.439097
0.438504
0.437120
0.438819
0.436905
0.436905
0.438777
0.437319
0.438581
0.435663
0.439785
0.437360
0.438267
0.435828
0.438597
0.438034
0.436629
0.438421
0.436520
0.438425
0.436771
0.438312
0.435343
0.439260
0.436991
0.437808
0.435439
0.438201
0.437620
0.436181
0.438043
0.436091
0.438041
0.436359
0.437930
0.434826
0.439078
0.436463
0.437518
0.434916
0.437883
0.437169
0.435869
0.437596
0.435247
0.437717
0.436970
0.435845
0.437542
0.434693
0.438640
0.436159
0.437220
0.434463
0.437866
0.436675
0.436029
0.436849
0.434703
0.437551
0.436618
0.435477
0.437207
0.434182
0.438638
0.435759
0.436952
0.434185
0.437352
0.436461
0.435424
0.436892
0.434124
0.437912
0.435763
0.436458
0.434118
0.436957
0.436268
0.434932
0.436781
0.434291
0.437022
0.436048
0.435174
0.436640
0.433490
0.438331
0.436107
0.435300
0.436313
0.434291
0.436959
0.436195
0.434807
0.436749
0.434210
0.437105
0.435937
0.435362
0.436267
0.433775
0.437845
0.435010
0.436547
0.433650
0.436943
0.435757
0.435256
0.435889
0.433996
0.436524
0.435648
0.434745
0.436322
0.432648
0.437221
0.438286
0.434936
0.436723
0.436301
0.436461
0.436124
0.436332
0.435290
0.436911
0.433366
0.438096
0.437465
0.434141
0.438156
0.436893
0.436486
0.436746
0.435939
0.437246
0.434361
0.438546
0.435787
0.436988
0.434352
0.437245
0.436470
0.435320
0.436874
0.434300
0.437461
0.436059
0.435824
0.435811
0.435650
0.436054
0.434398
0.436592
0.435383
0.435843
0.433686
0.437051
0.435203
0.436150
0.432783
0.437713
0.436508
0.433606
0.437696
0.436058
0.436045
0.435516
0.436258
0.434402
0.436686
0.435796
0.435193
0.436234
0.433319
0.438177
0.435863
0.435251
0.435970
0.434434
0.436667
0.435458
0.436074
0.433486
0.437498
0.434778
0.436341
0.433480
0.436696
0.435422
0.435108
0.435311
0.434513
0.436184
0.432205
0.436737
0.437723
0.436890
0.435191
0.436054
0.436247
0.436134
0.435865
0.435661
0.435492
0.435452
0.435234
0.435539
0.434187
0.436167
0.433873
0.436009
0.434785
0.435326
0.433425
0.436089
0.435162
0.434458
0.435688
0.432369
0.437001
0.436469
0.433348
0.436724
0.435821
0.435284
0.435871
0.434463
0.436280
0.434197
0.436126
0.434791
0.435805
0.433016
0.437302
0.434373
0.435753
0.433326
0.435717
0.435106
0.434282
0.435578
0.432685
0.437024
0.434063
0.435356
0.432849
0.435406
0.434804
0.433715
0.435287
0.432540
0.436206
0.433900
0.434937
0.432270
0.435608
0.434220
0.434040
0.433787
0.434090
0.433162
0.434898
0.430905
0.435335
0.436375
0.435346
0.433597
0.434825
0.434839
0.434794
0.434444
0.434434
0.433917
0.434656
0.432505
0.435446
0.434046
0.433967
0.433520
0.434438
0.431945
0.436070
0.432723
0.434480
0.433078
0.434249
0.431949
0.434725
0.433641
0.432891
0.433940
0.431470
0.435193
0.432695
0.433952
0.431181
0.434489
0.433026
0.433077
0.432343
0.433608
0.430736
0.435185
0.432214
0.433332
0.430781
0.433626
0.432859
0.431911
0.433270
0.430612
0.434280
0.431956
0.433013
0.430375
0.433599
0.432294
0.432049
0.432010
0.431824
0.432275
0.430601
0.432869
0.431742
0.431889
0.430803
0.432797
0.429261
0.433653
0.433167
0.430326
0.433162
0.432733
0.431975
0.433000
0.430904
0.433206
0.432408
0.431665
0.432858
0.430085
0.434478
0.431373
0.432745
0.430417
0.432695
0.432018
0.431569
0.432210
0.430251
0.432843
0.431801
0.431271
0.432098
0.429681
0.433736
0.430446
0.432246
0.430854
0.431922
0.429617
0.432690
0.431220
0.431248
0.430449
0.431946
0.428579
0.432964
0.432523
0.430004
0.432131
0.431687
0.431550
0.431617
0.431039
0.432016
0.429119
0.433713
0.430849
0.431716
0.429238
0.432302
0.431268
0.430710
0.431419
0.429470
0.432091
0.431097
0.430526
0.431452
0.428852
0.433198
0.429776
0.431442
0.429963
0.431243
0.428857
0.431926
0.430420
0.430491
0.429617
0.431186
0.427929
0.432401
0.431506
0.428223
0.432740
0.431076
0.430804
0.430856
0.430535
0.431104
0.429400
0.431492
0.430400
0.430665
0.429314
0.431325
0.429149
0.431215
0.429944
0.430644
0.428316
0.431937
0.429469
0.430933
0.427986
0.431618
0.429475
0.430432
0.427908
0.430955
0.429688
0.429508
0.429374
0.429481
0.429146
0.429896
0.426965
0.431532
0.430651
0.426926
0.431744
0.431650
0.430072
0.431047
0.430025
0.431202
0.429295
0.431194
0.430091
0.430500
0.428972
0.430942
0.429447
0.430845
0.427544
0.432144
0.430238
0.429021
0.430755
0.428886
0.430865
0.429726
0.430185
0.428420
0.430576
0.429543
0.429823
0.428386
0.430391
0.428487
0.430291
0.427962
0.430186
0.429140
0.429343
0.428429
0.430169
0.426554
0.430702
0.431358
0.428475
0.430236
0.429816
0.430019
0.429579
0.430041
0.428480
0.430405
0.428808
0.430304
0.427184
0.431606
0.428743
0.429771
0.427421
0.429979
0.429338
0.428453
0.429795
0.427113
0.430887
0.428169
0.428169
0.429495
0.427166
0.429424
0.428744
0.428131
0.429090
0.426639
0.430365
0.427568
0.429059
0.426914
0.428935
0.427890
0.428480
0.426520
0.428914
0.427977
0.427556
0.428196
0.426248
0.429148
0.427452
0.428231
0.425428
0.429839
0.426726
0.428201
0.426203
0.428091
0.426506
0.428065
0.425329
0.428598
0.426500
0.427491
0.424954
0.428209
0.426541
0.427011
0.425185
0.427404
0.426451
0.426591
0.425611
0.427361
0.423776
0.427907
0.428346
0.425690
0.427375
0.426764
0.427317
0.426232
0.427650
0.424878
0.428410
0.425917
0.427149
0.424766
0.427305
0.426503
0.425781
0.426879
0.424356
0.428144
0.425297
0.426767
0.424677
0.426631
0.425424
0.426346
0.423784
0.427323
0.424832
0.426142
0.423601
0.426392
0.425305
0.424982
0.425247
0.424304
0.426008
0.422669
0.426968
0.426151
0.423031
0.427305
0.425580
0.425583
0.425113
0.425720
0.424314
0.426131
0.424182
0.425925
0.424004
0.425773
0.423775
0.425637
0.424124
0.425531
0.422500
0.426844
0.423913
0.425064
0.422742
0.425128
0.424447
0.423735
0.424798
0.422280
0.426012
0.423147
0.424621
0.422680
0.424523
0.422995
0.424496
0.421811
0.425056
0.422908
0.423972
0.421491
0.424519
0.423096
0.423243
0.422237
0.423861
0.420908
0.425130
0.422060
0.423259
0.420994
0.423318
0.422651
0.422047
0.422951
0.420601
0.424069
0.421491
0.422902
0.420527
0.422899
0.422094
0.421614
0.422348
0.420305
0.423219
0.421453
0.422313
0.419611
0.423673
0.420721
0.422155
0.420264
0.422036
0.420308
0.421993
0.419850
0.421809
0.420635
0.421282
0.419202
0.422026
0.420479
0.421052
0.418872
0.421939
0.420198
0.421082
0.418359
0.422405
0.419464
0.420899
0.418944
0.420775
0.419215
0.420732
0.418042
0.421302
0.419020
0.420208
0.417679
0.420700
0.419190
0.419522
0.418101
0.420011
0.418069
0.419874
0.418142
0.419743
0.416864
0.420728
0.417688
0.419171
0.417428
0.419106
0.417032
0.419034
0.417961
0.418229
0.417004
0.418859
0.416229
0.419474
0.416655
0.418266
0.416492
0.418235
0.416124
0.418170
0.417081
0.417366
0.416107
0.417999
0.415503
0.418317
0.416146
0.417495
0.414640
0.418573
0.415782
0.417098
0.414913
0.417016
0.416124
0.416211
0.415507
0.416825
0.413494
0.417337
0.418497
0.415273
0.417108
0.416931
0.416781
0.416997
0.416249
0.417363
0.414621
0.418632
0.415546
0.416838
0.415020
0.416780
0.415368
0.416716
0.414114
0.417329
0.415120
0.416240
0.413867
0.416561
0.415366
0.415256
0.414932
0.415467
0.413860
0.416003
0.414806
0.415240
0.413342
0.416137
0.414426
0.415473
0.412431
0.416746
0.414995
0.413794
0.415511
0.413645
0.415533
0.414401
0.414956
0.413035
0.415539
0.414317
0.414574
0.413263
0.415180
0.413191
0.415052
0.413560
0.414897
0.411774
0.416025
0.414911
0.412403
0.415900
0.414354
0.414655
0.413619
0.415112
0.412625
0.415761
0.413404
0.414630
0.412307
0.414825
0.413846
0.413592
0.413784
0.413110
0.414547
0.411167
0.414931
0.416171
0.412954
0.414721
0.414586
0.414434
0.414635
0.413970
0.414896
0.412597
0.415654
0.413428
0.414560
0.412324
0.414730
0.413812
0.413495
0.413842
0.412857
0.414515
0.411828
0.415367
0.412203
0.413758
0.412688
0.413394
0.411888
0.413693
0.412493
0.413387
0.410861
0.414609
0.411639
0.413042
0.411670
0.412926
0.410869
0.413141
0.412164
0.411890
0.412170
0.411377
0.412913
0.409806
0.413728
0.412886
0.410137
0.413908
0.412267
0.412550
0.411704
0.412902
0.410869
0.413090
0.412092
0.411809
0.412081
0.411336
0.412791
0.409782
0.413778
0.412301
0.410388
0.412867
0.412365
0.411863
0.412613
0.410886
0.412886
0.412004
0.411878
0.411779
0.411917
0.411475
0.412478
0.409393
0.413172
0.413557
0.410958
0.412803
0.412565
0.412537
0.412605
0.412245
0.412737
0.411224
0.413020
0.411969
0.412487
0.410719
0.413034
0.412005
0.412028
0.411565
0.412650
0.410090
0.414157
0.410976
0.412234
0.410634
0.412228
0.410716
0.412199
0.410366
0.412019
0.410706
0.411884
0.409464
0.412673
0.410296
0.411503
0.409577
0.411445
0.410692
0.410790
0.410239
0.411278
0.408774
0.412604
0.409326
0.410776
0.409753
0.410495
0.409155
0.410841
0.409415
0.410713
0.408169
0.411407
0.408987
0.410212
0.408376
0.410132
0.409194
0.409762
0.408113
0.410067
0.409184
0.409253
0.408672
0.409871
0.407072
0.411054
0.409332
0.407891
0.409816
0.408979
0.409729
0.407891
0.410005
0.409113
0.408903
0.409076
0.408565
0.409750
0.406738
0.410541
0.410089
0.407613
0.410191
0.409729
0.409310
0.409929
0.408672
0.410244
0.408493
0.410027
0.408553
0.409886
0.407671
0.410142
0.408809
0.409179
0.407957
0.409674
0.408026
0.409580
0.407809
0.409398
0.407763
0.409290
0.407381
0.409144
0.408121
0.408695
0.406997
0.409151
0.408205
0.408198
0.407799
0.408724
0.406302
0.410245
0.410245
0.406878
0.408329
0.407254
0.408149
0.406574
0.408441
0.407526
0.407708
0.406782
0.408346
0.405670
0.409379
0.406159
0.407574
0.406507
0.407432
0.405849
0.407688
0.406772
0.406978
0.406018
0.407589
0.405015
0.408478
0.405316
0.406858
0.405943
0.406463
0.405484
0.407005
0.404741
0.407223
0.405576
0.406359
0.404392
0.406809
0.405733
0.405761
0.405237
0.406311
0.403860
0.407664
0.404440
0.405807
0.404680
0.405693
0.404006
0.405895
0.405061
0.404942
0.404859
0.404991
0.404592
0.405508
0.402637
0.406323
0.405987
0.403764
0.405804
0.405542
0.405297
0.405743
0.404662
0.406171
0.403969
0.406209
0.404894
0.405300
0.404027
0.405739
0.404391
0.405691
0.403171
0.406483
0.403827
0.405162
0.403813
0.405129
0.403287
0.405107
0.404278
0.404185
0.404086
0.404277
0.403717
0.404915
0.401807
0.405338
0.405862
0.403313
0.405032
0.404872
0.404834
0.404966
0.404551
0.405159
0.403486
0.405412
0.404491
0.404414
0.404260
0.404657
0.403598
0.405199
0.403123
0.405162
0.403981
0.404560
0.402954
0.405043
0.404147
0.404129
0.403745
0.404613
0.402365
0.406039
0.402598
0.404386
0.403334
0.403751
0.403031
0.404349
0.402081
0.404971
0.402649
0.403858
0.402159
0.403807
0.402855
0.403576
0.401735
0.403944
0.402883
0.403003
0.402356
0.403641
0.401132
0.404772
0.401675
0.402950
0.401827
0.402920
0.401280
0.403054
0.402231
0.402232
0.401864
0.402627
0.400663
0.403586
0.400984
0.402403
0.401205
0.402335
0.400418
0.402695
0.401568
0.401701
0.400994
0.402307
0.399875
0.403306
0.400254
0.401605
0.400650
0.401387
0.400113
0.401704
0.400387
0.401577
0.399236
0.402150
0.399978
0.401088
0.399319
0.401048
0.400276
0.400513
0.399651
0.401057
0.398652
0.401839
0.399001
0.400365
0.399369
0.400180
0.398730
0.400415
0.399442
0.399968
0.398337
0.400339
0.399433
0.399488
0.398955
0.400091
0.397565
0.401308
0.398633
0.399470
0.397660
0.399716
0.399111
0.398771
0.399229
0.398018
0.399648
0.398132
0.399498
0.397319
0.399672
0.398257
0.398958
0.397182
0.399391
0.398448
0.398479
0.398046
0.398996
0.396775
0.400218
0.397007
0.398578
0.397697
0.398036
0.397475
0.398613
0.396371
0.399438
0.396774
0.398077
0.396906
0.398024
0.396306
0.398132
0.397332
0.397205
0.397214
0.397179
0.397311
0.396753
0.397924
0.394895
0.398280
0.398906
0.396306
0.398059
0.397979
0.397825
0.398168
0.397468
0.398488
0.396463
0.398754
0.397326
0.397823
0.396471
0.398116
0.397235
0.397828
0.396189
0.398179
0.397339
0.397296
0.397124
0.397529
0.396444
0.397963
0.396141
0.397744
0.396625
0.397536
0.395432
0.398488
0.396055
0.397310
0.395961
0.397294
0.395612
0.397262
0.396419
0.396663
0.395799
0.397213
0.394997
0.397751
0.395391
0.396640
0.395267
0.396672
0.395135
0.396628
0.395426
0.396483
0.394390
0.396915
0.395270
0.396055
0.394269
0.396275
0.395528
0.395332
0.395524
0.395026
0.396133
0.393618
0.397230
0.394538
0.395411
0.393776
0.395567
0.394938
0.394964
0.394628
0.395268
0.393639
0.395727
0.394461
0.394988
0.393337
0.395477
0.394507
0.394698
0.393871
0.395343
0.393044
0.396076
0.393324
0.394676
0.393748
0.394470
0.393174
0.394744
0.393622
0.394557
0.392412
0.395243
0.393101
0.394207
0.392576
0.394167
0.393275
0.393940
0.392316
0.394201
0.393350
0.393373
0.393004
0.393833
0.391859
0.394832
0.392050
0.393523
0.392636
0.393162
0.392197
0.393657
0.391809
0.393521
0.392558
0.392865
0.391899
0.393401
0.391471
0.393404
0.392234
0.392725
0.391357
0.393136
0.392227
0.392733
0.391121
0.393187
0.392130
0.392500
0.391199
0.392924
0.391839
0.392766
0.390446
0.393839
0.391010
0.392288
0.391303
0.392164
0.390718
0.392369
0.391445
0.391896
0.390487
0.392221
0.391255
0.391820
0.390103
0.392384
0.391044
0.391745
0.389862
0.392358
0.390876
0.391637
0.389758
0.392028
0.390893
0.391209
0.390108
0.391658
0.390008
0.391511
0.390255
0.391371
0.389188
0.392066
0.389818
0.390973
0.389441
0.390945
0.389748
0.390915
0.388920
0.391042
0.389852
0.390225
0.389093
0.390643
0.389165
0.390533
0.388787
0.390360
0.389282
0.390187
0.388200
0.390828
0.388923
0.389957
0.388078
0.390029
0.389249
0.389198
0.389064
0.389361
0.388554
0.389956
0.387367
0.390801
0.387989
0.389061
0.387706
0.389197
0.387941
0.389214
0.387394
0.389087
0.388211
0.388461
0.387621
0.388996
0.386850
0.389465
0.387201
0.388417
0.387022
0.388453
0.387052
0.388423
0.386892
0.388275
0.386785
0.388147
0.386575
0.388011
0.386726
0.387937
0.385940
0.388156
0.386815
0.387419
0.385909
0.387710
0.386910
0.387073
0.386335
0.387661
0.385344
0.388501
0.385634
0.386907
0.386035
0.386749
0.385573
0.387054
0.385717
0.386934
0.384937
0.387007
0.385850
0.386251
0.385115
0.386652
0.386652
