0.868810
0.828427
0.823420
0.818553
0.814476
0.811254
0.808599
0.806158
0.803693
0.801124
0.798456
0.795699
0.792852
0.789911
0.786887
0.783812
0.780737
0.777730
0.774860
0.772186
0.769748
0.767566
0.765639
0.763947
0.762465
0.761164
0.760012
0.758982
0.758047
0.757183
0.756372
0.755599
0.754855
0.754130
0.753418
0.752716
0.752021
0.751332
0.750648
0.749969
0.749293
0.748621
0.747950
0.747279
0.746607
0.745930
0.745246
0.744553
0.743852
0.743142
0.742427
0.741706
0.740979
0.740244
0.739495
0.738730
0.737954
0.737156
0.736282
0.735358
0.734475
0.733666
0.732893
0.732091
0.731221
0.730296
0.729354
0.728438
0.727577
0.726788
0.726081
0.725460
0.724925
0.724473
0.724102
0.723809
0.723590
0.723436
0.723337
0.723285
0.723268
0.723279
0.723311
0.723359
0.723419
0.723489
0.723568
0.723653
0.723746
0.723846
0.723954
0.724070
0.724196
0.724332
0.724478
0.724637
0.724807
0.724990
0.725185
0.725390
0.725606
0.725828
0.726055
0.726281
0.726500
0.726706
0.726894
0.727065
0.727216
0.727337
0.727416
0.727439
0.727397
0.727283
0.727099
0.726857
0.726590
0.726340
0.726126
0.725950
0.725808
0.725692
0.725595
0.725510
0.725430
0.725348
0.725259
0.725157
0.725038
0.724895
0.724724
0.724518
0.724269
0.723968
0.723602
0.723157
0.722615
0.721962
0.721186
0.720292
0.719308
0.718291
0.717306
0.716403
0.715605
0.714913
0.714317
0.713805
0.713367
0.712991
0.712669
0.712392
0.712155
0.711954
0.711787
0.711651
0.711542
0.711455
0.711389
0.711341
0.711309
0.711290
0.711284
0.711288
0.711302
0.711324
0.711354
0.711392
0.711436
0.711488
0.711546
0.711613
0.711691
0.711788
0.711926
0.712068
0.712158
0.712241
0.712338
0.712445
0.712559
0.712664
0.712706
0.712708
0.712709
0.712715
0.712828
0.712896
0.713088
0.713176
0.713397
0.713382
0.713714
0.713659
0.714005
0.714057
0.714102
0.714253
0.714431
0.714618
0.714820
0.714967
0.715031
0.715093
0.715200
0.715341
0.715481
0.715619
0.715759
0.715899
0.716039
0.716182
0.716325
0.716470
0.716617
0.716765
0.716914
0.717064
0.717215
0.717367
0.717520
0.717673
0.717827
0.717981
0.718135
0.718290
0.718444
0.718599
0.718753
0.718907
0.719061
0.719214
0.719367
0.719519
0.719670
0.719819
0.719968
0.720115
0.720260
0.720402
0.720542
0.720679
0.720812
0.720942
0.721068
0.721190
0.721308
0.721423
0.721534
0.721642
0.721746
0.721847
0.721945
0.722041
0.722134
0.722224
0.722312
0.722398
0.722482
0.722565
0.722646
0.722725
0.722803
0.722880
0.722955
0.723030
0.723103
0.723175
0.723245
0.723315
0.723383
0.723449
0.723514
0.723577
0.723638
0.723698
0.723755
0.723810
0.723863
0.723912
0.723959
0.724003
0.724044
0.724081
0.724115
0.724146
0.724174
0.724199
0.724222
0.724243
0.724263
0.724284
0.724305
0.724326
0.724347
0.724366
0.724384
0.724399
0.724409
0.724415
0.724417
0.724413
0.724404
0.724389
0.724366
0.724335
0.724295
0.724243
0.724178
0.724098
0.724001
0.723886
0.723753
0.723605
0.723445
0.723279
0.723111
0.722948
0.722793
0.722649
0.722517
0.722396
0.722284
0.722180
0.722084
0.721995
0.721910
0.721831
0.721755
0.721683
0.721613
0.721545
0.721478
0.721412
0.721347
0.721282
0.721217
0.721152
0.721087
0.721022
0.720957
0.720891
0.720826
0.720761
0.720695
0.720630
0.720565
0.720501
0.720437
0.720374
0.720312
0.720251
0.720190
0.720131
0.720073
0.720016
0.719960
0.719905
0.719851
0.719799
0.719747
0.719697
0.719648
0.719600
0.719553
0.719507
0.719462
0.719418
0.719376
0.719334
0.719293
0.719253
0.719215
0.719177
0.719139
0.719103
0.719067
0.719033
0.718999
0.718965
0.718933
0.718901
0.718869
0.718839
0.718809
0.718779
0.718750
0.718722
0.718694
0.718667
0.718640
0.718613
0.718587
0.718562
0.718537
0.718512
0.718488
0.718464
0.718441
0.718418
0.718395
0.718373
0.718351
0.718329
0.718308
0.718287
0.718266
0.718246
0.718226
0.718206
0.718187
0.718168
0.718149
0.718131
0.718113
0.718095
0.718078
0.718060
0.718044
0.718027
0.718011
0.717995
0.717980
0.717964
0.717949
0.717935
0.717920
0.717906
0.717893
0.717879
0.717866
0.717853
0.717840
0.717827
0.717815
0.717803
0.717790
0.717778
0.717766
0.717755
0.717743
0.717731
0.717719
0.717707
0.717696
0.717684
0.717672
0.717660
0.717648
0.717636
0.717624
0.717612
0.717600
0.717588
0.717576
0.717563
0.717551
0.717539
0.717526
0.717514
0.717501
0.717488
0.717476
0.717463
0.717450
0.717438
0.717425
0.717412
0.717399
0.717386
0.717373
0.717360
0.717347
0.717334
0.717321
0.717307
0.717294
0.717281
0.717268
0.717254
0.717241
0.717227
0.717214
0.717200
0.717186
0.717172
0.717158
0.717145
0.717131
0.717116
0.717102
0.717088
0.717073
0.717059
0.717044
0.717030
0.717015
0.717000
0.716985
0.716970
0.716970
0.716955
0.716939
0.716924
0.716908
0.716892
0.716877
0.716860
0.716844
0.716828
0.716812
0.716795
0.716778
0.716761
0.716744
0.716727
0.716710
0.716692
0.716675
0.716657
0.716639
0.716621
0.716602
0.716584
0.716565
0.716546
0.716527
0.716508
0.716488
0.716469
0.716449
0.716429
0.716409
0.716388
0.716368
0.716347
0.716326
0.716304
0.716283
0.716261
0.716239
0.716217
0.716195
0.716172
0.716149
0.716126
0.716103
0.716079
0.716055
0.716031
0.716007
0.715982
0.715957
0.715932
0.715906
0.715881
0.715855
0.715828
0.715802
0.715775
0.715748
0.715720
0.715692
0.715664
0.715635
0.715607
0.715577
0.715548
0.715518
0.715488
0.715457
0.715426
0.715395
0.715363
0.715331
0.715299
0.715266
0.715233
0.715199
0.715165
0.715131
0.715096
0.715060
0.715025
0.714988
0.714952
0.714914
0.714877
0.714839
0.714800
0.714761
0.714721
0.714681
0.714640
0.714599
0.714557
0.714515
0.714472
0.714428
0.714384
0.714339
0.714294
0.714248
0.714201
0.714154
0.714106
0.714057
0.714008
0.713958
0.713908
0.713856
0.713804
0.713751
0.713697
0.713643
0.713588
0.713532
0.713475
0.713417
0.713359
0.713299
0.713239
0.713178
0.713116
0.713053
0.712989
0.712924
0.712858
0.712791
0.712723
0.712654
0.712584
0.712513
0.712441
0.712368
0.712294
0.712218
0.712142
0.712064
0.711985
0.711905
0.711824
0.711741
0.711657
0.711572
0.711485
0.711398
0.711308
0.711218
0.711126
0.711032
0.710938
0.710841
0.710744
0.710644
0.710543
0.710441
0.710337
0.710232
0.710124
0.710016
0.709905
0.709793
0.709679
0.709563
0.709446
0.709327
0.709206
0.709083
0.708958
0.708832
0.708703
0.708573
0.708440
0.708306
0.708169
0.708031
0.707890
0.707747
0.707602
0.707455
0.707306
0.707155
0.707001
0.706845
0.706687
0.706527
0.706364
0.706199
0.706031
0.705861
0.705689
0.705514
0.705336
0.705156
0.704974
0.704789
0.704601
0.704411
0.704218
0.704022
0.703824
0.703623
0.703419
0.703212
0.703003
0.702791
0.702575
0.702357
0.702136
0.701913
0.701686
0.701456
0.701223
0.700987
0.700749
0.700507
0.700262
0.700014
0.699763
0.699508
0.699251
0.698990
0.698727
0.698460
0.698190
0.697916
0.697640
0.697360
0.697077
0.696791
0.696501
0.696208
0.695912
0.695613
0.695310
0.695005
0.694696
0.694383
0.694068
0.693749
0.693427
0.693102
0.692773
0.692442
0.692107
0.691769
0.691428
0.691084
0.690737
0.690387
0.690034
0.689678
0.689318
0.688957
0.688592
0.688224
0.687854
0.687481
0.687106
0.686728
0.686347
0.685964
0.685579
0.685191
0.684801
0.684409
0.684015
0.683619
0.683222
0.682822
0.682421
0.682018
0.681614
0.681209
0.680802
0.680395
0.679986
0.679577
0.679167
0.678756
0.678345
0.677934
0.677522
0.677111
0.676700
0.676289
0.675879
0.675470
0.675061
0.674653
0.674247
0.673841
0.673438
0.673036
0.672636
0.672237
0.671841
0.671448
0.671057
0.670668
0.670282
0.669900
0.669520
0.669144
0.668771
0.668402
0.668036
0.667675
0.667317
0.666963
0.666614
0.666268
0.665928
0.665591
0.665259
0.664932
0.664609
0.664290
0.663977
0.663668
0.663364
0.663065
0.662770
0.662481
0.662196
0.661916
0.661641
0.661370
0.661105
0.660844
0.660588
0.660337
0.660090
0.659848
0.659611
0.659378
0.659149
0.658925
0.658706
0.658490
0.658279
0.658071
0.657868
0.657669
0.657473
0.657281
0.657092
0.656907
0.656725
0.656546
0.656370
0.656197
0.656026
0.655858
0.655693
0.655530
0.655369
0.655211
0.655054
0.654899
0.654746
0.654594
0.654444
0.654295
0.654148
0.654001
0.653856
0.653711
0.653567
0.653423
0.653277
0.653124
0.652959
0.652787
0.652578
0.652354
0.652071
0.651783
0.651683
0.651318
0.651286
0.651495
0.651686
0.651823
0.651890
0.651903
0.651895
0.651886
0.651883
0.651876
0.651854
0.651807
0.651717
0.651555
0.651398
0.651210
0.650490
0.650296
0.650245
0.650165
0.650271
0.649335
0.649248
0.649219
0.649062
0.648775
0.648838
0.647874
0.647727
0.647548
0.647348
0.647426
0.646543
0.646367
0.646272
0.646112
0.645617
0.645588
0.644752
0.644486
0.644431
0.644644
0.644000
0.643602
0.643554
0.643471
0.642728
0.642252
0.642229
0.642115
0.641364
0.640856
0.640905
0.640723
0.639946
0.639411
0.639437
0.639223
0.638449
0.637932
0.638029
0.637171
0.637099
0.635848
0.635453
0.635990
0.635114
0.634871
0.635427
0.634475
0.634240
0.634540
0.633768
0.633418
0.633795
0.632929
0.632659
0.633140
0.632235
0.632059
0.632476
0.631549
0.631314
0.631909
0.630835
0.630723
0.631189
0.630136
0.629949
0.630608
0.629384
0.629324
0.629817
0.628646
0.628508
0.629223
0.627845
0.627849
0.628309
0.627106
0.627047
0.627841
0.626391
0.626566
0.626905
0.625638
0.625668
0.626406
0.624780
0.625448
0.624269
0.624575
0.624191
0.624764
0.623355
0.623192
0.624028
0.622514
0.622927
0.622927
0.622417
0.622882
0.621165
0.622122
0.621138
0.621349
0.622112
0.620324
0.621160
0.619833
0.620843
0.619634
0.619952
0.620695
0.618783
0.619455
0.618273
0.619611
0.618156
0.618334
0.619090
0.617290
0.618507
0.616716
0.618212
0.616770
0.617288
0.617400
0.616235
0.617142
0.615151
0.616817
0.614970
0.616650
0.615471
0.616023
0.615175
0.616185
0.613979
0.615536
0.613793
0.615463
0.613758
0.615320
0.613608
0.614983
0.613237
0.614707
0.612926
0.614372
0.612631
0.614190
0.612361
0.613925
0.612091
0.613729
0.611858
0.613514
0.611611
0.613317
0.611396
0.613128
0.611178
0.612948
0.610976
0.612778
0.610782
0.612619
0.610596
0.612468
0.610417
0.612326
0.610244
0.612192
0.610077
0.612064
0.609919
0.611942
0.609772
0.611829
0.609642
0.611729
0.609528
0.611639
0.609425
0.611557
0.609331
0.611479
0.609242
0.611405
0.609157
0.611335
0.609074
0.611273
0.608993
0.611219
0.608913
0.611176
0.608833
0.611147
0.608752
0.611128
0.608670
0.611114
0.608594
0.611098
0.608532
0.611077
0.608491
0.611052
0.608473
0.611036
0.608474
0.611037
0.608491
0.611048
0.608519
0.611067
0.608557
0.611097
0.608605
0.611142
0.608666
0.611208
0.608741
0.611293
0.608839
0.611383
0.608968
0.611460
0.609140
0.611521
0.609354
0.611582
0.609600
0.611666
0.609866
0.611776
0.610142
0.611898
0.610423
0.612024
0.610708
0.612153
0.611000
0.612286
0.611302
0.612426
0.611619
0.612576
0.611955
0.612742
0.612313
0.612932
0.612691
0.613156
0.613084
0.613427
0.613487
0.613752
0.613900
0.614130
0.614328
0.614556
0.614783
0.615023
0.615271
0.615528
0.615795
0.616071
0.616356
0.616650
0.616953
0.617265
0.617586
0.617916
0.618254
0.618601
0.618957
0.619321
0.619694
0.620075
0.620464
0.620862
0.621269
0.621684
0.622108
0.622540
0.622981
0.623431
0.623890
0.624357
0.624835
0.625322
0.625818
0.626325
0.626841
0.627369
0.627906
0.628455
0.629015
0.629586
0.630169
0.630763
0.631369
0.631987
0.632617
0.633259
0.633913
0.634578
0.635256
0.635945
0.636645
0.637357
0.638080
0.638814
0.639559
0.640314
0.641080
0.641856
0.642641
0.643436
0.644241
0.645055
0.645877
0.646709
0.647549
0.648397
0.649254
0.650120
0.650993
0.651874
0.652764
0.653661
0.654567
0.655481
0.656403
0.657333
0.658271
0.659217
0.660172
0.661136
0.662108
0.663089
0.664078
0.665076
0.666084
0.667100
0.668125
0.669159
0.670202
0.671254
0.672315
0.673384
0.674462
0.675548
0.676641
0.677743
0.678851
0.679967
0.681089
0.682218
0.683353
0.684493
0.685639
0.686790
0.687945
0.689105
0.690268
0.691434
0.692604
0.693776
0.694950
0.696125
0.697302
0.698479
0.699656
0.700833
0.702009
0.703183
0.704355
0.705524
0.706690
0.707851
0.709008
0.710160
0.711307
0.712447
0.713581
0.714708
0.715828
0.716941
0.718046
0.719143
0.720232
0.721314
0.722387
0.723453
0.724511
0.725562
0.726606
0.727642
0.728672
0.729695
0.730713
0.731724
0.732731
0.733732
0.734730
0.735723
0.736713
0.737701
0.738687
0.739672
0.740658
0.741645
0.742636
0.743631
0.744633
0.745642
0.746658
0.747681
0.748708
0.749733
0.750750
0.751756
0.752745
0.753715
0.754667
0.755598
0.756509
0.757400
0.758270
0.759120
0.759951
0.760765
0.761562
0.762346
0.763118
0.763882
0.764639
0.765392
0.766143
0.766894
0.767645
0.768397
0.769152
0.769909
0.770668
0.771430
0.772194
0.772961
0.773730
0.774500
0.775271
0.776043
0.776814
0.777584
0.778352
0.779117
0.779878
0.780632
0.781380
0.782118
0.782846
0.783562
0.784263
0.784948
0.785617
0.786269
0.786905
0.787527
0.788138
0.788741
0.789340
0.789939
0.790541
0.791148
0.791761
0.792379
0.793003
0.793631
0.794258
0.794884
0.795503
0.796111
0.796705
0.797280
0.797836
0.798371
0.798888
0.799394
0.799893
0.800393
0.800900
0.801415
0.801938
0.802465
0.802994
0.803520
0.804042
0.804558
0.805066
0.805564
0.806052
0.806528
0.806993
0.807445
0.807884
0.808311
0.808726
0.809129
0.809522
0.809903
0.810275
0.810637
0.810990
0.811335
0.811672
0.812002
0.812325
0.812642
0.812953
0.813258
0.813559
0.813854
0.814146
0.814433
0.814717
0.814997
0.815274
0.815548
0.815819
0.816088
0.816354
0.816618
0.816880
0.817140
0.817398
0.817655
0.817910
0.818164
0.818417
0.818668
0.818919
0.819168
0.819417
0.819665
0.819913
0.820160
0.820407
0.820654
0.820901
0.821148
0.821396
0.821643
0.821891
0.822140
0.822390
0.822640
0.822892
0.823144
0.823399
0.823654
0.823911
0.824170
0.824431
0.824695
0.824960
0.825228
0.825499
0.825772
0.826049
0.826329
0.826612
0.826900
0.827192
0.827488
0.827789
0.828096
0.828408
0.828727
0.829052
0.829383
0.829722
0.830067
0.830418
0.830774
0.831134
0.831497
0.831862
0.832226
0.832590
0.832952
0.833312
0.833668
0.834022
0.834374
0.834722
0.834722
0.835067
0.835415
0.835723
0.836272
0.834525
0.837220
0.837559
0.837616
0.837473
0.837484
0.838102
0.838097
0.838124
0.838278
0.838391
0.838494
0.838602
0.838714
0.838823
0.838925
0.839021
0.839119
0.839227
0.839349
0.839490
0.839650
0.839827
0.840017
0.840217
0.840426
0.840643
0.840866
0.841095
0.841330
0.841571
0.841816
0.842065
0.842317
0.842571
0.842827
0.843085
0.843344
0.843603
0.843863
0.844122
0.844381
0.844639
0.844897
0.845152
0.845406
0.845658
0.845909
0.846157
0.846404
0.846649
0.846893
0.847135
0.847375
0.847615
0.847853
0.848091
0.848327
0.848562
0.848797
0.849030
0.849261
0.849492
0.849720
0.849947
0.850172
0.850395
0.850616
0.850834
0.851049
0.851262
0.851471
0.851678
0.851881
0.852080
0.852276
0.852468
0.852657
0.852841
0.853022
0.853198
0.853370
0.853538
0.853702
0.853861
0.854016
0.854167
0.854313
0.854454
0.854591
0.854723
0.854850
0.854973
0.855090
0.855203
0.855311
0.855414
0.855512
0.855605
0.855692
0.855775
0.855852
0.855924
0.855991
0.856052
0.856108
0.856158
0.856203
0.856243
0.856277
0.856305
0.856327
0.856344
0.856355
0.856361
0.856361
0.856355
0.856343
0.856326
0.856303
0.856274
0.856239
0.856199
0.856153
0.856101
0.856043
0.855980
0.855912
0.855837
0.855757
0.855672
0.855581
0.855485
0.855383
0.855276
0.855164
0.855046
0.854924
0.854796
0.854663
0.854525
0.854383
0.854235
0.854083
0.853925
0.853764
0.853597
0.853426
0.853251
0.853072
0.852888
0.852699
0.852507
0.852311
0.852110
0.851906
0.851698
0.851486
0.851270
0.851051
0.850828
0.850602
0.850373
0.850140
0.849904
0.849665
0.849423
0.849178
0.848930
0.848679
0.848426
0.848170
0.847911
0.847651
0.847388
0.847122
0.846855
0.846585
0.846314
0.846041
0.845766
0.845490
0.845212
0.844933
0.844652
0.844370
0.844087
0.843803
0.843519
0.843233
0.842947
0.842660
0.842373
0.842085
0.841798
0.841510
0.841222
0.840934
0.840646
0.840358
0.840071
0.839784
0.839497
0.839211
0.838926
0.838642
0.838358
0.838075
0.837793
0.837513
0.837233
0.836954
0.836677
0.836401
0.836126
0.835853
0.835581
0.835310
0.835041
0.834774
0.834508
0.834244
0.833982
0.833721
0.833462
0.833204
0.832949
0.832695
0.832443
0.832193
0.831945
0.831698
0.831454
0.831211
0.830970
0.830731
0.830494
0.830259
0.830026
0.829795
0.829565
0.829338
0.829112
0.828888
0.828666
0.828446
0.828228
0.828012
0.827797
0.827585
0.827374
0.827165
0.826958
0.826752
0.826549
0.826347
0.826147
0.825948
0.825752
0.825557
0.825363
0.825172
0.824982
0.824794
0.824607
0.824422
0.824239
0.824057
0.823877
0.823699
0.823522
0.823346
0.823172
0.823000
0.822829
0.822660
0.822492
0.822326
0.822161
0.821997
0.821836
0.821675
0.821516
0.821358
0.821202
0.821048
0.820894
0.820742
0.820592
0.820443
0.820295
0.820149
0.820004
0.819861
0.819719
0.819578
0.819439
0.819301
0.819165
0.819030
0.818896
0.818764
0.818633
0.818504
0.818376
0.818250
0.818125
0.818002
0.817880
0.817760
0.817641
0.817524
0.817408
0.817294
0.817181
0.817071
0.816961
0.816854
0.816748
0.816644
0.816541
0.816441
0.816342
0.816245
0.816150
0.816056
0.815965
0.815876
0.815788
0.815703
0.815620
0.815539
0.815460
0.815384
0.815309
0.815237
0.815168
0.815101
0.815036
0.814974
0.814915
0.814858
0.814804
0.814753
0.814705
0.814660
0.814618
0.814579
0.814543
0.814511
0.814482
0.814456
0.814435
0.814416
0.814402
0.814392
0.814386
0.814383
0.814385
0.814392
0.814403
0.814418
0.814439
0.814464
0.814494
0.814529
0.814569
0.814615
0.814667
0.814724
0.814787
0.814855
0.814930
0.815011
0.815098
0.815192
0.815292
0.815398
0.815512
0.815632
0.815758
0.815892
0.816033
0.816180
0.816335
0.816496
0.816664
0.816840
0.817021
0.817210
0.817404
0.817605
0.817812
0.818024
0.818242
0.818465
0.818693
0.818924
0.819159
0.819397
0.819638
0.819881
0.820124
0.820369
0.820615
0.820862
0.821112
0.821368
0.821635
0.821916
0.822214
0.822527
0.822851
0.823179
0.823505
0.823822
0.824127
0.824415
0.824685
0.824936
0.825169
0.825382
0.825577
0.825754
0.825915
0.826060
0.826189
0.826303
0.826403
0.826489
0.826561
0.826620
0.826667
0.826701
0.826723
0.826733
0.826731
0.826719
0.826696
0.826662
0.826618
0.826564
0.826501
0.826428
0.826347
0.826256
0.826157
0.826050
0.825935
0.825812
0.825682
0.825545
0.825400
0.825250
0.825092
0.824929
0.824759
0.824584
0.824403
0.824216
0.824024
0.823828
0.823626
0.823420
0.823209
0.822993
0.822774
0.822550
0.822322
0.822090
0.821855
0.821615
0.821373
0.821126
0.820876
0.820623
0.820367
0.820108
0.819845
0.819580
0.819311
0.819040
0.818766
0.818489
0.818210
0.817928
0.817643
0.817356
0.817067
0.816775
0.816482
0.816185
0.815887
0.815587
0.815285
0.815285
0.814980
0.814674
0.814366
0.814057
0.813745
0.813432
0.813117
0.812801
0.812483
0.812164
0.811844
0.811522
0.811200
0.810876
0.810551
0.810225
0.809898
0.809570
0.809241
0.808912
0.808582
0.808252
0.807921
0.807589
0.807257
0.806925
0.806593
0.806261
0.805928
0.805596
0.805263
0.804931
0.804599
0.804267
0.803935
0.803604
0.803274
0.802944
0.802615
0.802286
0.801958
0.801631
0.801305
0.800980
0.800656
0.800333
0.800011
0.799691
0.799371
0.799053
0.798737
0.798421
0.798108
0.797795
0.797485
0.797175
0.796868
0.796562
0.796258
0.795955
0.795655
0.795356
0.795059
0.794763
0.794470
0.794178
0.793888
0.793600
0.793313
0.793029
0.792746
0.792465
0.792185
0.791908
0.791632
0.791358
0.791085
0.790814
0.790544
0.790276
0.790009
0.789744
0.789480
0.789217
0.788956
0.788695
0.788436
0.788178
0.787921
0.787665
0.787409
0.787155
0.786901
0.786648
0.786395
0.786143
0.785892
0.785641
0.785390
0.785139
0.784889
0.784640
0.784390
0.784140
0.783891
0.783641
0.783391
0.783142
0.782892
0.782642
0.782391
0.782141
0.781890
0.781638
0.781386
0.781134
0.780881
0.780627
0.780372
0.780117
0.779861
0.779604
0.779346
0.779087
0.778827
0.778565
0.778303
0.778038
0.777773
0.777506
0.777237
0.776967
0.776695
0.776422
0.776146
0.775868
0.775589
0.775307
0.775023
0.774737
0.774449
0.774158
0.773865
0.773569
0.773271
0.772970
0.772666
0.772360
0.772051
0.771739
0.771424
0.771107
0.770787
0.770464
0.770138
0.769809
0.769478
0.769144
0.768806
0.768467
0.768124
0.767779
0.767431
0.767080
0.766727
0.766371
0.766013
0.765653
0.765290
0.764925
0.764557
0.764188
0.763816
0.763442
0.763066
0.762689
0.762309
0.761928
0.761544
0.761159
0.760772
0.760384
0.759994
0.759603
0.759210
0.758816
0.758420
0.758023
0.757626
0.757227
0.756827
0.756427
0.756027
0.755627
0.755227
0.754828
0.754431
0.754037
0.753644
0.753250
0.752841
0.752394
0.751993
0.751951
0.751728
0.751157
0.750526
0.749874
0.749226
0.748673
0.747853
0.747411
0.746437
0.745947
0.745150
0.744535
0.743844
0.743599
0.742902
0.742325
0.741500
0.741083
0.740638
0.739643
0.739632
0.738658
0.738352
0.738024
0.736532
0.736573
0.736484
0.734845
0.734857
0.734736
0.733466
0.733455
0.732484
0.732162
0.732011
0.730665
0.730661
0.730248
0.729630
0.728871
0.728684
0.728326
0.727186
0.727219
0.725894
0.725746
0.725416
0.724593
0.724095
0.722854
0.722918
0.722757
0.721548
0.721426
0.719838
0.719858
0.719320
0.718175
0.717570
0.716813
0.716029
0.715256
0.714450
0.713657
0.712866
0.712079
0.711304
0.710545
0.709797
0.709057
0.708316
0.707571
0.706817
0.706054
0.705281
0.704498
0.703705
0.702903
0.702093
0.701273
0.700445
0.699608
0.698764
0.697913
0.697056
0.696194
0.695329
0.694461
0.693590
0.692717
0.691843
0.690969
0.690094
0.689221
0.688348
0.687476
0.686606
0.685737
0.684871
0.684006
0.683144
0.682284
0.681426
0.680570
0.679716
0.678864
0.678014
0.677166
0.676319
0.675474
0.674630
0.673787
0.672946
0.672105
0.671266
0.670427
0.669590
0.668753
0.667917
0.667082
0.666248
0.665415
0.664584
0.663753
0.662924
0.662097
0.661272
0.660449
0.659628
0.658810
0.657995
0.657183
0.656375
0.655571
0.654772
0.653977
0.653187
0.652402
0.651624
0.650852
0.650086
0.649328
0.648577
0.647834
0.647100
0.646374
0.645657
0.644950
0.644253
0.643567
0.642891
0.642227
0.641574
0.640933
0.640304
0.639688
0.639084
0.638495
0.637918
0.637356
0.636807
0.636273
0.635753
0.635248
0.634758
0.634283
0.633823
0.633379
0.632949
0.632535
0.632136
0.631752
0.631384
0.631031
0.630693
0.630370
0.630061
0.629768
0.629489
0.629225
0.628975
0.628739
0.628517
0.628309
0.628114
0.627933
0.627765
0.627609
0.627466
0.627336
0.627218
0.627111
0.627016
0.626932
0.626860
0.626798
0.626746
0.626705
0.626673
0.626651
0.626639
0.626635
0.626640
0.626654
0.626676
0.626705
0.626742
0.626787
0.626838
0.626896
0.626960
0.627030
0.627106
0.627188
0.627275
0.627366
0.627463
0.627564
0.627668
0.627777
0.627889
0.628005
0.628123
0.628245
0.628369
0.628495
0.628623
0.628753
0.628885
0.629018
0.629152
0.629287
0.629423
0.629559
0.629696
0.629832
0.629969
0.630105
0.630241
0.630377
0.630511
0.630645
0.630778
0.630909
0.631040
0.631168
0.631296
0.631421
0.631545
0.631667
0.631788
0.631906
0.632022
0.632136
0.632248
0.632358
0.632466
0.632571
0.632675
0.632776
0.632874
0.632971
0.633065
0.633157
0.633247
0.633334
0.633419
0.633503
0.633584
0.633663
0.633740
0.633816
0.633889
0.633960
0.634030
0.634098
0.634165
0.634229
0.634293
0.634355
0.634415
0.634474
0.634532
0.634588
0.634643
0.634697
0.634751
0.634803
0.634854
0.634904
0.634953
0.635001
0.635049
0.635096
0.635142
0.635142
0.635187
0.635232
0.635276
0.635319
0.635362
0.635404
0.635446
0.635487
0.635527
0.635567
0.635607
0.635646
0.635684
0.635722
0.635760
0.635797
0.635833
0.635869
0.635904
0.635938
0.635972
0.636006
0.636038
0.636071
0.636102
0.636133
0.636163
0.636192
0.636220
0.636248
0.636275
0.636301
0.636326
0.636350
0.636373
0.636395
0.636416
0.636436
0.636455
0.636473
0.636490
0.636505
0.636519
0.636532
0.636544
0.636554
0.636563
0.636571
0.636577
0.636581
0.636584
0.636586
0.636586
0.636585
0.636582
0.636577
0.636571
0.636563
0.636553
0.636542
0.636529
0.636514
0.636497
0.636479
0.636459
0.636437
0.636413
0.636388
0.636360
0.636331
0.636300
0.636267
0.636232
0.636195
0.636156
0.636115
0.636072
0.636027
0.635980
0.635931
0.635880
0.635827
0.635771
0.635713
0.635653
0.635590
0.635525
0.635457
0.635386
0.635311
0.635233
0.635151
0.635063
0.634970
0.634869
0.634757
0.634629
0.634476
0.634270
0.633943
0.633761
0.634058
0.633324
0.633700
0.633425
0.633979
0.633281
0.633591
0.633269
0.633789
0.633095
0.633431
0.633209
0.633684
0.633008
0.633425
0.633055
0.633667
0.632980
0.633231
0.633117
0.633341
0.632795
0.633353
0.632786
0.633195
0.632782
0.633274
0.632616
0.632918
0.632608
0.633001
0.632381
0.632745
0.632326
0.632740
0.632150
0.632485
0.632041
0.632409
0.631848
0.632175
0.631716
0.632051
0.631520
0.631829
0.631353
0.631655
0.631153
0.631438
0.630960
0.631234
0.630752
0.631012
0.630541
0.630786
0.630320
0.630552
0.630094
0.630312
0.629861
0.630065
0.629621
0.629811
0.629376
0.629551
0.629124
0.629285
0.628867
0.629012
0.628604
0.628734
0.628336
0.628450
0.628062
0.628160
0.627783
0.627864
0.627499
0.627562
0.627210
0.627256
0.626917
0.626944
0.626618
0.626626
0.626315
0.626304
0.626007
0.625978
0.625695
0.625646
0.625379
0.625311
0.625058
0.624972
0.624733
0.624630
0.624403
0.624284
0.624068
0.623936
0.623730
0.623585
0.623386
0.623232
0.623038
0.622875
0.622686
0.622517
0.622330
0.622156
0.621970
0.621792
0.621607
0.621426
0.621241
0.621057
0.620871
0.620686
0.620499
0.620312
0.620124
0.619936
0.619747
0.619557
0.619367
0.619177
0.618986
0.618795
0.618603
0.618411
0.618219
0.618026
0.617833
0.617639
0.617445
0.617251
0.617057
0.616863
0.616668
0.616473
0.616278
0.616083
0.615888
0.615693
0.615497
0.615302
0.615106
0.614911
0.614716
0.614520
0.614325
0.614130
0.613934
0.613739
0.613544
0.613350
0.613155
0.612961
0.612767
0.612573
0.612379
0.612185
0.611992
0.611799
0.611607
0.611415
0.611223
0.611031
0.610840
0.610649
0.610459
0.610269
0.610080
0.609891
0.609702
0.609514
0.609327
0.609140
0.608953
0.608767
0.608582
0.608397
0.608213
0.608029
0.607846
0.607663
0.607482
0.607300
0.607120
0.606940
0.606761
0.606582
0.606405
0.606227
0.606051
0.605875
0.605700
0.605526
0.605353
0.605180
0.605008
0.604837
0.604666
0.604497
0.604328
0.604160
0.603993
0.603826
0.603660
0.603496
0.603332
0.603169
0.603006
0.602845
0.602684
0.602524
0.602365
0.602207
0.602050
0.601894
0.601738
0.601584
0.601430
0.601277
0.601125
0.600974
0.600824
0.600675
0.600526
0.600379
0.600232
0.600086
0.599941
0.599797
0.599654
0.599512
0.599371
0.599230
0.599091
0.598952
0.598814
0.598677
0.598541
0.598406
0.598272
0.598139
0.598006
0.597875
0.597744
0.597614
0.597485
0.597357
0.597230
0.597104
0.596978
0.596854
0.596730
0.596607
0.596485
0.596364
0.596243
0.596124
0.596005
0.595888
0.595771
0.595655
0.595539
0.595425
0.595311
0.595199
0.595087
0.594975
0.594865
0.594755
0.594647
0.594539
0.594432
0.594325
0.594220
0.594115
0.594011
0.593908
0.593805
0.593703
0.593602
0.593502
0.593403
0.593304
0.593206
0.593109
0.593012
0.592917
0.592822
0.592727
0.592634
0.592541
0.592448
0.592357
0.592266
0.592176
0.592087
0.591998
0.591910
0.591822
0.591735
0.591649
0.591564
0.591479
0.591395
0.591311
0.591229
0.591146
0.591065
0.590984
0.590903
0.590823
0.590744
0.590666
0.590588
0.590510
0.590433
0.590357
0.590281
0.590206
0.590132
0.590058
0.589984
0.589912
0.589839
0.589767
0.589696
0.589625
0.589555
0.589486
0.589416
0.589348
0.589280
0.589212
0.589145
0.589078
0.589012
0.588946
0.588881
0.588817
0.588752
0.588689
0.588625
0.588562
0.588500
0.588438
0.588377
0.588316
0.588255
0.588195
0.588135
0.588076
0.588017
0.587959
0.587901
0.587843
0.587786
0.587729
0.587673
0.587617
0.587562
0.587507
0.587452
0.587398
0.587344
0.587290
0.587237
0.587184
0.587132
0.587080
0.587028
0.586977
0.586926
0.586876
0.586825
0.586776
0.586726
0.586677
0.586629
0.586580
0.586532
0.586485
0.586438
0.586391
0.586344
0.586298
0.586253
0.586207
0.586162
0.586117
0.586073
0.586029
0.585985
0.585985
0.585942
0.585899
0.585857
0.585815
0.585773
0.585731
0.585690
0.585649
0.585609
0.585569
0.585529
0.585490
0.585450
0.585412
0.585373
0.585335
0.585298
0.585260
0.585223
0.585187
0.585151
0.585115
0.585079
0.585044
0.585009
0.584974
0.584940
0.584906
0.584872
0.584839
0.584806
0.584773
0.584741
0.584709
0.584677
0.584645
0.584614
0.584583
0.584552
0.584522
0.584492
0.584462
0.584432
0.584403
0.584374
0.584345
0.584316
0.584288
0.584260
0.584231
0.584204
0.584176
0.584148
0.584121
0.584094
0.584067
0.584040
0.584013
0.583987
0.583960
0.583934
0.583908
0.583882
0.583856
0.583830
0.583804
0.583779
0.583753
0.583727
0.583702
0.583677
0.583651
0.583626
0.583601
0.583575
0.583550
0.583525
0.583500
0.583475
0.583450
0.583425
0.583400
0.583375
0.583350
0.583325
0.583299
0.583274
0.583249
0.583224
0.583199
0.583174
0.583149
0.583124
0.583099
0.583074
0.583049
0.583024
0.582998
0.582973
0.582948
0.582923
0.582897
0.582872
0.582847
0.582821
0.582796
0.582771
0.582745
0.582720
0.582694
0.582669
0.582643
0.582618
0.582592
0.582566
0.582541
0.582515
0.582489
0.582463
0.582438
0.582412
0.582386
0.582360
0.582334
0.582308
0.582282
0.582256
0.582230
0.582204
0.582178
0.582152
0.582126
0.582100
0.582073
0.582047
0.582021
0.581995
0.581968
0.581942
0.581916
0.581890
0.581863
0.581837
0.581810
0.581784
0.581758
0.581731
0.581705
0.581678
0.581652
0.581625
0.581599
0.581572
0.581546
0.581519
0.581492
0.581466
0.581439
0.581413
0.581386
0.581359
0.581333
0.581306
0.581279
0.581253
0.581226
0.581199
0.581173
0.581146
0.581119
0.581093
0.581066
0.581039
0.581012
0.580986
0.580959
0.580932
0.580905
0.580879
0.580852
0.580825
0.580799
0.580772
0.580745
0.580718
0.580692
0.580665
0.580638
0.580611
0.580585
0.580558
0.580531
0.580504
0.580478
0.580451
0.580424
0.580398
0.580371
0.580344
0.580317
0.580291
0.580264
0.580237
0.580211
0.580184
0.580157
0.580131
0.580104
0.580078
0.580051
0.580024
0.579998
0.579971
0.579945
0.579918
0.579892
0.579865
0.579838
0.579812
0.579785
0.579759
0.579733
0.579706
0.579680
0.579653
0.579627
0.579600
0.579574
0.579548
0.579521
0.579495
0.579469
0.579442
0.579416
0.579390
0.579364
0.579337
0.579311
0.579285
0.579259
0.579233
0.579206
0.579180
0.579154
0.579128
0.579102
0.579076
0.579050
0.579024
0.578998
0.578972
0.578946
0.578920
0.578894
0.578868
0.578842
0.578817
0.578791
0.578765
0.578739
0.578714
0.578688
0.578662
0.578637
0.578611
0.578585
0.578560
0.578534
0.578509
0.578483
0.578458
0.578432
0.578407
0.578381
0.578356
0.578331
0.578305
0.578280
0.578255
0.578229
0.578204
0.578179
0.578154
0.578129
0.578104
0.578079
0.578054
0.578029
0.578004
0.577979
0.577954
0.577929
0.577904
0.577879
0.577854
0.577830
0.577805
0.577780
0.577755
0.577731
0.577706
0.577682
0.577657
0.577633
0.577608
0.577584
0.577559
0.577535
0.577511
0.577486
0.577462
0.577438
0.577414
0.577389
0.577365
0.577341
0.577317
0.577293
0.577269
0.577245
0.577221
0.577197
0.577174
0.577150
0.577126
0.577102
0.577079
0.577055
0.577031
0.577008
0.576984
0.576961
0.576937
0.576914
0.576890
0.576867
0.576844
0.576820
0.576797
0.576774
0.576751
0.576728
0.576705
0.576682
0.576659
0.576636
0.576613
0.576590
0.576567
0.576544
0.576522
0.576499
0.576476
0.576454
0.576431
0.576408
0.576386
0.576364
0.576341
0.576319
0.576296
0.576274
0.576252
0.576230
0.576208
0.576185
0.576163
0.576141
0.576119
0.576097
0.576076
0.576054
0.576032
0.576010
0.575988
0.575967
0.575945
0.575924
0.575902
0.575881
0.575859
0.575838
0.575816
0.575795
0.575774
0.575753
0.575731
0.575710
0.575689
0.575668
0.575647
0.575626
0.575605
0.575585
0.575564
0.575543
0.575522
0.575502
0.575481
0.575461
0.575440
0.575420
0.575399
0.575379
0.575359
0.575338
0.575318
0.575298
0.575278
0.575258
0.575238
0.575218
0.575198
0.575178
0.575158
0.575138
0.575119
0.575099
0.575079
0.575060
0.575040
0.575021
0.575001
0.574982
0.574963
0.574943
0.574924
0.574905
0.574886
0.574867
0.574848
0.574829
0.574810
0.574791
0.574772
0.574753
0.574735
0.574716
0.574697
0.574679
0.574660
0.574642
0.574623
0.574605
0.574587
0.574569
0.574550
0.574532
0.574514
0.574496
0.574478
0.574460
0.574442
0.574424
0.574407
0.574389
0.574371
0.574354
0.574336
0.574318
0.574301
0.574284
0.574266
0.574249
0.574232
0.574214
0.574197
0.574180
0.574163
0.574146
0.574129
0.574112
0.574096
0.574079
0.574062
0.574045
0.574029
0.574012
0.573996
0.573979
0.573963
0.573947
0.573930
0.573914
0.573898
0.573882
0.573866
0.573850
0.573834
0.573818
0.573802
0.573786
0.573770
0.573755
0.573739
0.573723
0.573708
0.573692
0.573677
0.573677
0.573662
0.573646
0.573631
0.573616
0.573601
0.573586
0.573571
0.573556
0.573541
0.573526
0.573511
0.573496
0.573481
0.573467
0.573452
0.573438
0.573423
0.573409
0.573394
0.573380
0.573366
0.573352
0.573337
0.573323
0.573309
0.573295
0.573281
0.573267
0.573253
0.573240
0.573226
0.573212
0.573199
0.573185
0.573172
0.573158
0.573145
0.573131
0.573118
0.573105
0.573092
0.573079
0.573065
0.573052
0.573040
0.573027
0.573014
0.573001
0.572988
0.572976
0.572963
0.572950
0.572938
0.572925
0.572913
0.572901
0.572888
0.572876
0.572864
0.572852
0.572840
0.572828
0.572816
0.572804
0.572792
0.572780
0.572768
0.572756
0.572745
0.572733
0.572722
0.572710
0.572699
0.572687
0.572676
0.572665
0.572654
0.572642
0.572631
0.572620
0.572609
0.572598
0.572587
0.572577
0.572566
0.572555
0.572544
0.572534
0.572523
0.572513
0.572502
0.572492
0.572481
0.572471
0.572461
0.572451
0.572440
0.572430
0.572420
0.572410
0.572400
0.572391
0.572381
0.572371
0.572361
0.572352
0.572342
0.572332
0.572323
0.572313
0.572304
0.572295
0.572285
0.572276
0.572267
0.572258
0.572249
0.572240
0.572231
0.572222
0.572213
0.572204
0.572195
0.572186
0.572178
0.572169
0.572161
0.572152
0.572144
0.572135
0.572127
0.572119
0.572110
0.572102
0.572094
0.572086
0.572078
0.572070
0.572062
0.572054
0.572046
0.572038
0.572031
0.572023
0.572015
0.572008
0.572000
0.571993
0.571985
0.571978
0.571970
0.571963
0.571956
0.571949
0.571941
0.571934
0.571927
0.571920
0.571913
0.571906
0.571900
0.571893
0.571886
0.571879
0.571873
0.571866
0.571860
0.571853
0.571847
0.571840
0.571834
0.571828
0.571821
0.571815
0.571809
0.571803
0.571797
0.571791
0.571785
0.571779
0.571773
0.571767
0.571761
0.571756
0.571750
0.571744
0.571739
0.571733
0.571728
0.571722
0.571717
0.571711
0.571706
0.571701
0.571696
0.571690
0.571685
0.571680
0.571675
0.571670
0.571665
0.571660
0.571655
0.571651
0.571646
0.571641
0.571636
0.571632
0.571627
0.571623
0.571618
0.571614
0.571609
0.571605
0.571601
0.571596
0.571592
0.571588
0.571584
0.571580
0.571576
0.571572
0.571568
0.571564
0.571560
0.571556
0.571552
0.571549
0.571545
0.571541
0.571538
0.571534
0.571531
0.571527
0.571524
0.571520
0.571517
0.571514
0.571510
0.571507
0.571504
0.571501
0.571498
0.571495
0.571492
0.571489
0.571486
0.571483
0.571480
0.571477
0.571474
0.571471
0.571469
0.571466
0.571463
0.571461
0.571458
0.571456
0.571453
0.571451
0.571449
0.571446
0.571444
0.571442
0.571440
0.571437
0.571435
0.571433
0.571431
0.571429
0.571427
0.571425
0.571423
0.571421
0.571419
0.571418
0.571416
0.571414
0.571412
0.571411
0.571409
0.571408
0.571406
0.571405
0.571403
0.571402
0.571400
0.571399
0.571398
0.571396
0.571395
0.571394
0.571393
0.571392
0.571391
0.571389
0.571388
0.571387
0.571387
0.571386
0.571385
0.571384
0.571383
0.571382
0.571382
0.571381
0.571380
0.571379
0.571379
0.571378
0.571378
0.571377
0.571377
0.571376
0.571376
0.571376
0.571375
0.571375
0.571375
0.571374
0.571374
0.571374
0.571374
0.571374
0.571374
0.571374
0.571374
0.571374
0.571374
0.571374
0.571374
0.571374
0.571374
0.571375
0.571375
0.571375
0.571375
0.571376
0.571376
0.571376
0.571377
0.571377
0.571378
0.571378
0.571379
0.571380
0.571380
0.571381
0.571381
0.571382
0.571383
0.571384
0.571384
0.571385
0.571386
0.571387
0.571388
0.571389
0.571390
0.571391
0.571392
0.571393
0.571394
0.571395
0.571396
0.571397
0.571399
0.571400
0.571401
0.571402
0.571404
0.571405
0.571406
0.571408
0.571409
0.571411
0.571412
0.571414
0.571415
0.571417
0.571418
0.571420
0.571421
0.571423
0.571425
0.571426
0.571428
0.571430
0.571432
0.571434
0.571435
0.571437
0.571439
0.571441
0.571443
0.571445
0.571447
0.571449
0.571451
0.571453
0.571455
0.571457
0.571459
0.571462
0.571464
0.571466
0.571468
0.571471
0.571473
0.571475
0.571477
0.571480
0.571482
0.571485
0.571487
0.571490
0.571492
0.571494
0.571497
0.571500
0.571502
0.571505
0.571507
0.571510
0.571513
0.571515
0.571518
0.571521
0.571524
0.571526
0.571529
0.571532
0.571535
0.571538
0.571541
0.571543
0.571546
0.571549
0.571552
0.571555
0.571558
0.571561
0.571564
0.571568
0.571571
0.571574
0.571577
0.571580
0.571583
0.571587
0.571590
0.571593
0.571596
0.571600
0.571603
0.571606
0.571610
0.571613
0.571616
0.571620
0.571623
0.571627
0.571630
0.571634
0.571637
0.571641
0.571644
0.571648
0.571652
0.571655
0.571659
0.571663
0.571666
0.571670
0.571674
0.571677
0.571681
0.571685
0.571689
0.571693
0.571697
0.571700
0.571704
0.571708
0.571712
0.571716
0.571720
0.571724
0.571728
0.571732
0.571736
0.571740
0.571744
0.571748
0.571752
0.571757
0.571761
0.571765
0.571769
0.571769
0.571773
0.571778
0.571782
0.571786
0.571790
0.571795
0.571799
0.571804
0.571808
0.571812
0.571817
0.571821
0.571826
0.571830
0.571835
0.571839
0.571844
0.571848
0.571853
0.571857
0.571862
0.571866
0.571871
0.571876
0.571880
0.571885
0.571890
0.571895
0.571899
0.571904
0.571909
0.571914
0.571919
0.571923
0.571928
0.571933
0.571938
0.571943
0.571948
0.571953
0.571958
0.571963
0.571968
0.571973
0.571978
0.571983
0.571988
0.571993
0.571998
0.572004
0.572009
0.572014
0.572019
0.572024
0.572030
0.572035
0.572040
0.572046
0.572051
0.572056
0.572062
0.572067
0.572072
0.572078
0.572083
0.572089
0.572094
0.572100
0.572105
0.572111
0.572116
0.572122
0.572128
0.572133
0.572139
0.572145
0.572150
0.572156
0.572162
0.572167
0.572173
0.572179
0.572185
0.572191
0.572196
0.572202
0.572208
0.572214
0.572220
0.572226
0.572232
0.572238
0.572244
0.572250
0.572256
0.572262
0.572268
0.572274
0.572281
0.572287
0.572293
0.572299
0.572305
0.572312
0.572318
0.572324
0.572331
0.572337
0.572343
0.572350
0.572356
0.572363
0.572369
0.572375
0.572382
0.572388
0.572395
0.572402
0.572408
0.572415
0.572421
0.572428
0.572435
0.572442
0.572448
0.572455
0.572462
0.572469
0.572475
0.572482
0.572489
0.572496
0.572503
0.572510
0.572517
0.572524
0.572531
0.572538
0.572545
0.572552
0.572559
0.572567
0.572574
0.572581
0.572588
0.572595
0.572603
0.572610
0.572617
0.572625
0.572632
0.572639
0.572647
0.572654
0.572662
0.572669
0.572677
0.572685
0.572692
0.572700
0.572707
0.572715
0.572723
0.572731
0.572738
0.572746
0.572754
0.572762
0.572770
0.572778
0.572785
0.572793
0.572801
0.572809
0.572818
0.572826
0.572834
0.572842
0.572850
0.572858
0.572866
0.572875
0.572883
0.572891
0.572900
0.572908
0.572916
0.572925
0.572933
0.572942
0.572950
0.572959
0.572967
0.572976
0.572985
0.572993
0.573002
0.573011
0.573019
0.573028
0.573037
0.573046
0.573055
0.573064
0.573073
0.573082
0.573091
0.573100
0.573109
0.573118
0.573127
0.573136
0.573145
0.573155
0.573164
0.573173
0.573182
0.573192
0.573201
0.573211
0.573220
0.573229
0.573239
0.573248
0.573258
0.573268
0.573277
0.573287
0.573297
0.573306
0.573316
0.573326
0.573335
0.573345
0.573355
0.573365
0.573375
0.573385
0.573395
0.573405
0.573415
0.573425
0.573435
0.573445
0.573455
0.573465
0.573475
0.573486
0.573496
0.573506
0.573516
0.573527
0.573537
0.573547
0.573558
0.573568
0.573579
0.573589
0.573599
0.573610
0.573620
0.573631
0.573642
0.573652
0.573663
0.573673
0.573684
0.573695
0.573705
0.573716
0.573727
0.573737
0.573748
0.573759
0.573769
0.573780
0.573791
0.573802
0.573812
0.573823
0.573834
0.573845
0.573856
0.573866
0.573877
0.573888
0.573899
0.573910
0.573921
0.573931
0.573942
0.573953
0.573964
0.573975
0.573986
0.573997
0.574007
0.574018
0.574029
0.574040
0.574051
0.574061
0.574072
0.574083
0.574094
0.574104
0.574115
0.574126
0.574136
0.574147
0.574158
0.574168
0.574179
0.574190
0.574200
0.574211
0.574221
0.574232
0.574242
0.574252
0.574263
0.574273
0.574284
0.574294
0.574304
0.574314
0.574324
0.574335
0.574345
0.574355
0.574365
0.574375
0.574385
0.574394
0.574404
0.574414
0.574424
0.574433
0.574443
0.574453
0.574462
0.574472
0.574481
0.574490
0.574500
0.574509
0.574518
0.574527
0.574536
0.574545
0.574554
0.574563
0.574572
0.574581
0.574589
0.574598
0.574606
0.574615
0.574623
0.574631
0.574640
0.574648
0.574656
0.574664
0.574672
0.574680
0.574688
0.574695
0.574703
0.574710
0.574718
0.574725
0.574733
0.574740
0.574747
0.574754
0.574761
0.574768
0.574775
0.574782
0.574788
0.574795
0.574802
0.574808
0.574814
0.574821
0.574827
0.574833
0.574839
0.574845
0.574851
0.574857
0.574862
0.574868
0.574873
0.574879
0.574884
0.574889
0.574895
0.574900
0.574905
0.574910
0.574914
0.574919
0.574924
0.574929
0.574933
0.574937
0.574942
0.574946
0.574950
0.574954
0.574958
0.574962
0.574966
0.574970
0.574974
0.574977
0.574981
0.574984
0.574988
0.574991
0.574994
0.574997
0.575000
0.575003
0.575006
0.575009
0.575012
0.575015
0.575017
0.575020
0.575022
0.575025
0.575027
0.575029
0.575031
0.575033
0.575035
0.575037
0.575039
0.575041
0.575043
0.575044
0.575046
0.575048
0.575049
0.575050
0.575052
0.575053
0.575054
0.575055
0.575056
0.575057
0.575058
0.575059
0.575060
0.575061
0.575061
0.575062
0.575063
0.575063
0.575064
0.575064
0.575064
0.575065
0.575065
0.575065
0.575065
0.575065
0.575065
0.575065
0.575065
0.575065
0.575065
0.575065
0.575065
0.575064
0.575064
0.575064
0.575063
0.575063
0.575063
0.575062
0.575062
0.575061
0.575060
0.575060
0.575059
0.575058
0.575058
0.575057
0.575056
0.575056
0.575055
0.575054
0.575053
0.575052
0.575052
0.575052
0.575051
0.575050
0.575049
0.575048
0.575048
0.575047
0.575046
0.575045
0.575044
0.575044
0.575043
0.575042
0.575041
0.575041
0.575040
0.575039
0.575039
0.575038
0.575038
0.575037
0.575037
0.575036
0.575036
0.575036
0.575036
0.575036
0.575036
0.575036
0.575036
0.575036
0.575036
0.575037
0.575037
0.575038
0.575038
0.575039
0.575040
0.575041
0.575043
0.575044
0.575046
0.575047
0.575049
0.575051
0.575054
0.575056
0.575059
0.575062
0.575065
0.575068
0.575072
0.575076
0.575080
0.575085
0.575090
0.575095
0.575101
0.575107
0.575114
0.575121
0.575128
0.575136
0.575145
0.575154
0.575164
0.575175
0.575186
0.575198
0.575212
0.575226
0.575242
0.575259
0.575277
0.575297
0.575319
0.575343
0.575369
0.575398
0.575430
0.575466
0.575506
0.575550
0.575601
0.575658
0.575722
0.575795
0.575878
0.575972
0.576075
0.576189
0.576310
0.576436
0.576561
0.576683
0.576798
0.576906
0.577004
0.577095
0.577177
0.577251
0.577319
0.577379
0.577434
0.577482
0.577525
0.577563
0.577596
0.577624
0.577647
0.577665
0.577679
0.577688
0.577693
0.577694
0.577691
0.577684
0.577674
0.577660
0.577643
0.577623
0.577601
0.577577
0.577551
0.577525
0.577498
0.577471
0.577445
0.577419
0.577394
0.577370
0.577347
0.577326
0.577305
0.577285
0.577267
0.577250
0.577233
0.577217
0.577202
0.577188
0.577174
0.577161
0.577148
0.577136
0.577123
0.577112
0.577100
0.577089
0.577078
0.577067
0.577056
0.577045
0.577034
0.577024
0.577013
0.577002
0.576991
0.576980
0.576969
0.576958
0.576947
0.576936
0.576924
0.576913
0.576901
0.576889
0.576877
0.576865
0.576853
0.576841
0.576828
0.576816
0.576803
0.576790
0.576777
0.576764
0.576751
0.576738
0.576724
0.576711
0.576697
0.576683
0.576670
0.576656
0.576642
0.576628
0.576614
0.576600
0.576585
0.576571
0.576557
0.576543
0.576528
0.576514
0.576499
0.576485
0.576470
0.576456
0.576441
0.576427
0.576412
0.576397
0.576383
0.576368
0.576353
0.576339
0.576324
0.576309
0.576295
0.576280
0.576265
0.576250
0.576236
0.576221
0.576206
0.576191
0.576176
0.576162
0.576147
0.576132
0.576117
0.576103
0.576088
0.576073
0.576058
0.576043
0.576029
0.576014
0.575999
0.575984
0.575969
0.575955
0.575940
0.575925
0.575910
0.575895
0.575881
0.575866
0.575851
0.575836
0.575821
0.575807
0.575792
0.575777
0.575762
0.575747
0.575733
0.575718
0.575703
0.575688
0.575673
0.575658
0.575644
0.575629
0.575614
0.575599
0.575584
0.575570
0.575555
0.575540
0.575525
0.575510
0.575495
0.575481
0.575466
0.575451
0.575436
0.575421
0.575406
0.575392
0.575377
0.575362
0.575347
0.575332
0.575318
0.575303
0.575288
0.575273
0.575258
0.575244
0.575229
0.575214
0.575199
0.575185
0.575170
0.575155
0.575140
0.575126
0.575111
0.575096
0.575081
0.575067
0.575052
0.575037
0.575023
0.575008
0.574993
0.574979
0.574964
0.574949
0.574935
0.574920
0.574906
0.574891
0.574876
0.574862
0.574847
0.574833
0.574818
0.574804
0.574789
0.574775
0.574760
0.574746
0.574731
0.574717
0.574703
0.574688
0.574674
0.574660
0.574645
0.574631
0.574617
0.574602
0.574588
0.574574
0.574560
0.574545
0.574531
0.574517
0.574503
0.574489
0.574475
0.574460
0.574446
0.574432
0.574418
0.574404
0.574390
0.574376
0.574362
0.574348
0.574334
0.574321
0.574307
0.574293
0.574279
0.574265
0.574251
0.574238
0.574224
0.574210
0.574196
0.574183
0.574169
0.574156
0.574142
0.574128
0.574115
0.574101
0.574088
0.574074
0.574061
0.574047
0.574034
0.574021
0.574007
0.573994
0.573981
0.573968
0.573954
0.573941
0.573928
0.573915
0.573902
0.573889
0.573876
0.573863
0.573850
0.573837
0.573824
0.573811
0.573798
0.573785
0.573772
0.573760
0.573747
0.573734
0.573722
0.573709
0.573696
0.573684
0.573671
0.573659
0.573646
0.573634
0.573621
0.573609
0.573597
0.573584
0.573572
0.573560
0.573548
0.573536
0.573524
0.573512
0.573499
0.573487
0.573476
0.573464
0.573452
0.573440
0.573428
0.573416
0.573405
0.573393
0.573381
0.573370
0.573358
0.573347
0.573335
0.573324
0.573312
0.573301
0.573290
0.573279
0.573267
0.573256
0.573245
0.573234
0.573223
0.573212
0.573201
0.573190
0.573179
0.573168
0.573158
0.573147
0.573136
0.573125
0.573115
0.573104
0.573094
0.573083
0.573073
0.573063
0.573052
0.573042
0.573032
0.573022
0.573012
0.573001
0.572991
0.572981
0.572972
0.572962
0.572952
0.572942
0.572932
0.572923
0.572913
0.572903
0.572894
0.572884
0.572875
0.572866
0.572856
0.572847
0.572838
0.572829
0.572819
0.572810
0.572801
0.572792
0.572783
0.572775
0.572766
0.572757
0.572748
0.572740
0.572731
0.572723
0.572714
0.572706
0.572697
0.572689
0.572681
0.572672
0.572664
0.572656
0.572648
0.572640
0.572632
0.572624
0.572616
0.572608
0.572601
0.572593
0.572585
0.572585
0.572578
0.572570
0.572563
0.572555
0.572548
0.572541
0.572533
0.572526
0.572519
0.572512
0.572505
0.572498
0.572491
0.572484
0.572477
0.572471
0.572464
0.572457
0.572451
0.572444
0.572438
0.572431
0.572425
0.572419
0.572412
0.572406
0.572400
0.572394
0.572388
0.572382
0.572376
0.572370
0.572364
0.572358
0.572353
0.572347
0.572341
0.572336
0.572330
0.572325
0.572320
0.572314
0.572309
0.572304
0.572299
0.572294
0.572288
0.572283
0.572279
0.572274
0.572269
0.572264
0.572259
0.572255
0.572250
0.572246
0.572241
0.572237
0.572232
0.572228
0.572224
0.572219
0.572215
0.572211
0.572207
0.572203
0.572199
0.572195
0.572191
0.572188
0.572184
0.572180
0.572177
0.572173
0.572169
0.572166
0.572163
0.572159
0.572156
0.572153
0.572149
0.572146
0.572143
0.572140
0.572137
0.572134
0.572131
0.572129
0.572126
0.572123
0.572120
0.572118
0.572115
0.572113
0.572110
0.572108
0.572105
0.572103
0.572101
0.572099
0.572097
0.572094
0.572092
0.572090
0.572088
0.572087
0.572085
0.572083
0.572081
0.572079
0.572078
0.572076
0.572075
0.572073
0.572072
0.572070
0.572069
0.572068
0.572067
0.572065
0.572064
0.572063
0.572062
0.572061
0.572060
0.572059
0.572058
0.572058
0.572057
0.572056
0.572056
0.572055
0.572054
0.572054
0.572053
0.572053
0.572053
0.572052
0.572052
0.572052
0.572052
0.572052
0.572052
0.572051
0.572052
0.572052
0.572052
0.572052
0.572052
0.572052
0.572053
0.572053
0.572053
0.572054
0.572054
0.572055
0.572055
0.572056
0.572057
0.572057
0.572058
0.572059
0.572060
0.572061
0.572062
0.572063
0.572064
0.572065
0.572066
0.572067
0.572068
0.572070
0.572071
0.572072
0.572074
0.572075
0.572077
0.572078
0.572080
0.572081
0.572083
0.572085
0.572086
0.572088
0.572090
0.572092
0.572094
0.572096
0.572098
0.572100
0.572102
0.572104
0.572106
0.572108
0.572111
0.572113
0.572115
0.572118
0.572120
0.572122
0.572125
0.572127
0.572130
0.572133
0.572135
0.572138
0.572141
0.572144
0.572146
0.572149
0.572152
0.572155
0.572158
0.572161
0.572164
0.572167
0.572171
0.572174
0.572177
0.572180
0.572184
0.572187
0.572190
0.572194
0.572197
0.572201
0.572204
0.572208
0.572212
0.572215
0.572219
0.572223
0.572227
0.572231
0.572234
0.572238
0.572242
0.572246
0.572250
0.572254
0.572258
0.572263
0.572267
0.572271
0.572275
0.572280
0.572284
0.572288
0.572293
0.572297
0.572302
0.572306
0.572311
0.572315
0.572320
0.572325
0.572330
0.572334
0.572339
0.572344
0.572349
0.572354
0.572359
0.572364
0.572369
0.572374
0.572379
0.572384
0.572389
0.572394
0.572400
0.572405
0.572410
0.572416
0.572421
0.572426
0.572432
0.572437
0.572443
0.572449
0.572454
0.572460
0.572466
0.572471
0.572477
0.572483
0.572489
0.572495
0.572501
0.572506
0.572512
0.572518
0.572525
0.572531
0.572537
0.572543
0.572549
0.572555
0.572562
0.572568
0.572574
0.572581
0.572587
0.572594
0.572600
0.572607
0.572613
0.572620
0.572626
0.572633
0.572640
0.572646
0.572653
0.572660
0.572667
0.572674
0.572681
0.572688
0.572695
0.572702
0.572709
0.572716
0.572723
0.572730
0.572737
0.572745
0.572752
0.572759
0.572766
0.572774
0.572781
0.572789
0.572796
0.572804
0.572811
0.572819
0.572826
0.572834
0.572842
0.572849
0.572857
0.572865
0.572873
0.572881
0.572889
0.572897
0.572905
0.572913
0.572921
0.572929
0.572937
0.572945
0.572953
0.572961
0.572969
0.572978
0.572986
0.572994
0.573003
0.573011
0.573020
0.573028
0.573037
0.573045
0.573054
0.573062
0.573071
0.573080
0.573088
0.573097
0.573106
0.573115
0.573123
0.573132
0.573141
0.573150
0.573159
0.573168
0.573177
0.573186
0.573195
0.573205
0.573214
0.573223
0.573232
0.573241
0.573251
0.573260
0.573270
0.573279
0.573288
0.573298
0.573307
0.573317
0.573326
0.573336
0.573346
0.573355
0.573365
0.573375
0.573385
0.573394
0.573404
0.573414
0.573424
0.573434
0.573444
0.573454
0.573464
0.573474
0.573484
0.573494
0.573504
0.573514
0.573525
0.573535
0.573545
0.573555
0.573566
0.573576
0.573587
0.573597
0.573607
0.573618
0.573628
0.573639
0.573650
0.573660
0.573671
0.573682
0.573692
0.573703
0.573714
0.573725
0.573735
0.573746
0.573757
0.573768
0.573779
0.573790
0.573801
0.573812
0.573823
0.573834
0.573845
0.573857
0.573868
0.573879
0.573890
0.573902
0.573913
0.573924
0.573936
0.573947
0.573958
0.573970
0.573981
0.573993
0.574004
0.574016
0.574028
0.574039
0.574051
0.574062
0.574074
0.574086
0.574098
0.574109
0.574121
0.574133
0.574145
0.574157
0.574169
0.574181
0.574193
0.574205
0.574217
0.574229
0.574241
0.574253
0.574265
0.574277
0.574290
0.574302
0.574314
0.574326
0.574339
0.574351
0.574363
0.574376
0.574388
0.574401
0.574413
0.574426
0.574438
0.574451
0.574463
0.574476
0.574488
0.574488
0.574501
0.574514
0.574526
0.574539
0.574552
0.574565
0.574577
0.574590
0.574603
0.574616
0.574629
0.574642
0.574655
0.574668
0.574681
0.574694
0.574707
0.574720
0.574733
0.574746
0.574759
0.574772
0.574785
0.574798
0.574812
0.574825
0.574838
0.574851
0.574865
0.574878
0.574891
0.574905
0.574918
0.574931
0.574945
0.574958
0.574972
0.574985
0.574999
0.575012
0.575026
0.575039
0.575053
0.575066
0.575080
0.575093
0.575107
0.575121
0.575134
0.575148
0.575162
0.575176
0.575189
0.575203
0.575217
0.575231
0.575245
0.575258
0.575272
0.575286
0.575300
0.575314
0.575328
0.575342
0.575356
0.575370
0.575384
0.575398
0.575412
0.575426
0.575440
0.575454
0.575468
0.575482
0.575496
0.575511
0.575525
0.575539
0.575553
0.575567
0.575581
0.575596
0.575610
0.575624
0.575638
0.575653
0.575667
0.575681
0.575696
0.575710
0.575724
0.575739
0.575753
0.575767
0.575782
0.575796
0.575811
0.575825
0.575839
0.575854
0.575868
0.575883
0.575897
0.575912
0.575926
0.575941
0.575955
0.575970
0.575984
0.575999
0.576013
0.576028
0.576043
0.576057
0.576072
0.576086
0.576101
0.576116
0.576130
0.576145
0.576159
0.576174
0.576189
0.576203
0.576218
0.576233
0.576247
0.576262
0.576277
0.576292
0.576306
0.576321
0.576336
0.576351
0.576365
0.576380
0.576395
0.576410
0.576424
0.576439
0.576454
0.576469
0.576483
0.576498
0.576513
0.576528
0.576543
0.576557
0.576572
0.576587
0.576602
0.576617
0.576632
0.576646
0.576661
0.576676
0.576691
0.576706
0.576721
0.576736
0.576750
0.576765
0.576780
0.576795
0.576810
0.576825
0.576840
0.576855
0.576870
0.576884
0.576899
0.576914
0.576929
0.576944
0.576959
0.576974
0.576989
0.577004
0.577019
0.577034
0.577049
0.577064
0.577079
0.577094
0.577109
0.577124
0.577139
0.577154
0.577169
0.577184
0.577199
0.577214
0.577229
0.577244
0.577259
0.577274
0.577289
0.577304
0.577319
0.577334
0.577349
0.577364
0.577379
0.577394
0.577410
0.577425
0.577440
0.577455
0.577470
0.577485
0.577501
0.577516
0.577531
0.577546
0.577561
0.577577
0.577592
0.577607
0.577623
0.577638
0.577653
0.577669
0.577684
0.577700
0.577715
0.577730
0.577746
0.577761
0.577777
0.577792
0.577808
0.577824
0.577839
0.577855
0.577871
0.577886
0.577902
0.577918
0.577934
0.577949
0.577965
0.577981
0.577997
0.578013
0.578029
0.578045
0.578061
0.578077
0.578093
0.578110
0.578126
0.578142
0.578158
0.578175
0.578191
0.578208
0.578224
0.578241
0.578257
0.578274
0.578291
0.578307
0.578324
0.578341
0.578358
0.578375
0.578392
0.578409
0.578426
0.578443
0.578460
0.578478
0.578495
0.578513
0.578530
0.578548
0.578565
0.578583
0.578601
0.578618
0.578636
0.578654
0.578672
0.578690
0.578708
0.578727
0.578745
0.578763
0.578782
0.578800
0.578819
0.578837
0.578856
0.578875
0.578894
0.578913
0.578932
0.578951
0.578970
0.578989
0.579009
0.579028
0.579048
0.579067
0.579087
0.579107
0.579126
0.579146
0.579166
0.579186
0.579206
0.579227
0.579247
0.579267
0.579288
0.579308
0.579329
0.579349
0.579370
0.579391
0.579412
0.579433
0.579454
0.579475
0.579496
0.579517
0.579539
0.579560
0.579582
0.579603
0.579625
0.579647
0.579668
0.579690
0.579712
0.579734
0.579756
0.579778
0.579800
0.579823
0.579845
0.579867
0.579890
0.579912
0.579935
0.579957
0.579980
0.580003
0.580026
0.580048
0.580071
0.580094
0.580117
0.580140
0.580164
0.580187
0.580210
0.580233
0.580256
0.580280
0.580303
0.580327
0.580350
0.580374
0.580397
0.580421
0.580444
0.580468
0.580492
0.580515
0.580539
0.580563
0.580587
0.580611
0.580635
0.580659
0.580682
0.580706
0.580730
0.580754
0.580778
0.580802
0.580827
0.580851
0.580875
0.580899
0.580923
0.580947
0.580971
0.580995
0.581020
0.581044
0.581068
0.581092
0.581116
0.581141
0.581165
0.581189
0.581213
0.581237
0.581262
0.581286
0.581310
0.581334
0.581359
0.581383
0.581407
0.581431
0.581455
0.581479
0.581504
0.581528
0.581552
0.581576
0.581600
0.581624
0.581648
0.581672
0.581696
0.581720
0.581744
0.581768
0.581792
0.581816
0.581840
0.581864
0.581888
0.581912
0.581936
0.581959
0.581983
0.582007
0.582031
0.582054
0.582078
0.582101
0.582125
0.582149
0.582172
0.582196
0.582219
0.582242
0.582266
0.582289
0.582312
0.582336
0.582359
0.582382
0.582405
0.582428
0.582451
0.582474
0.582497
0.582520
0.582543
0.582566
0.582589
0.582611
0.582634
0.582657
0.582679
0.582702
0.582724
0.582747
0.582769
0.582792
0.582814
0.582836
0.582858
0.582881
0.582903
0.582925
0.582947
0.582969
0.582990
0.583012
0.583034
0.583056
0.583077
0.583099
0.583120
0.583142
0.583163
0.583185
0.583206
0.583227
0.583248
0.583269
0.583290
0.583311
0.583332
0.583353
0.583374
0.583395
0.583415
0.583436
0.583456
0.583477
0.583497
0.583497
0.583518
0.583538
0.583558
0.583578
0.583598
0.583618
0.583638
0.583658
0.583678
0.583698
0.583717
0.583737
0.583756
0.583776
0.583795
0.583814
0.583833
0.583853
0.583872
0.583891
0.583910
0.583928
0.583947
0.583966
0.583984
0.584003
0.584021
0.584040
0.584058
0.584076
0.584095
0.584113
0.584131
0.584149
0.584167
0.584184
0.584202
0.584220
0.584237
0.584255
0.584272
0.584289
0.584307
0.584324
0.584341
0.584358
0.584375
0.584392
0.584409
0.584425
0.584442
0.584459
0.584475
0.584491
0.584508
0.584524
0.584540
0.584556
0.584572
0.584588
0.584604
0.584620
0.584635
0.584651
0.584666
0.584683
0.584697
0.584714
0.584726
0.584747
0.584753
0.584783
0.584772
0.584831
0.584771
0.584918
0.584712
0.585138
0.584521
0.585741
0.584176
0.586205
0.584632
0.586383
0.584720
0.586616
0.585361
0.586838
0.585321
0.587109
0.585760
0.587257
0.585804
0.587491
0.586148
0.587682
0.586268
0.587901
0.586548
0.588105
0.586731
0.588327
0.586979
0.588536
0.587174
0.588742
0.587393
0.588935
0.587582
0.589121
0.587775
0.589299
0.587953
0.589472
0.588130
0.589639
0.588298
0.589801
0.588463
0.589958
0.588622
0.590113
0.588779
0.590266
0.588934
0.590420
0.589089
0.590574
0.589244
0.590729
0.589399
0.590885
0.589556
0.591044
0.589714
0.591205
0.589874
0.591367
0.590034
0.591531
0.590196
0.591697
0.590359
0.591864
0.590522
0.592033
0.590687
0.592203
0.590853
0.592374
0.591019
0.592546
0.591186
0.592719
0.591354
0.592893
0.591522
0.593067
0.591691
0.593242
0.591861
0.593418
0.592032
0.593595
0.592203
0.593773
0.592375
0.593951
0.592547
0.594130
0.592721
0.594310
0.592895
0.594491
0.593070
0.594672
0.593247
0.594854
0.593424
0.595038
0.593602
0.595222
0.593780
0.595407
0.593960
0.595592
0.594141
0.595779
0.594322
0.595966
0.594504
0.596155
0.594687
0.596344
0.594871
0.596533
0.595055
0.596724
0.595241
0.596915
0.595426
0.597106
0.595613
0.597298
0.595800
0.597491
0.595987
0.597684
0.596175
0.597878
0.596364
0.598072
0.596552
0.598266
0.596741
0.598461
0.596931
0.598656
0.597121
0.598851
0.597310
0.599046
0.597501
0.599242
0.597691
0.599437
0.597881
0.599633
0.598072
0.599829
0.598262
0.600024
0.598453
0.600220
0.598643
0.600416
0.598834
0.600611
0.599024
0.600807
0.599215
0.601002
0.599405
0.601197
0.599596
0.601392
0.599786
0.601587
0.599976
0.601782
0.600166
0.601977
0.600356
0.602171
0.600546
0.602366
0.600736
0.602560
0.600925
0.602754
0.601115
0.602948
0.601304
0.603142
0.601493
0.603335
0.601682
0.603528
0.601871
0.603722
0.602060
0.603915
0.602249
0.604108
0.602438
0.604300
0.602626
0.604493
0.602815
0.604686
0.603003
0.604878
0.603192
0.605071
0.603380
0.605263
0.603568
0.605455
0.603757
0.605648
0.603945
0.605840
0.604133
0.606032
0.604321
0.606224
0.604509
0.606417
0.604698
0.606609
0.604886
0.606801
0.605074
0.606993
0.605262
0.607185
0.605451
0.607378
0.605639
0.607570
0.605827
0.607763
0.606015
0.607955
0.606205
0.608148
0.606392
0.608339
0.606583
0.608534
0.606767
0.608723
0.606963
0.608922
0.607139
0.609104
0.607353
0.609316
0.607496
0.609472
0.607770
0.609725
0.607803
0.609778
0.608286
0.610106
0.607980
0.609880
0.609013
0.609715
0.608468
0.610630
0.608195
0.609895
0.609896
0.608610
0.610463
0.608422
0.610396
0.609735
0.609611
0.609216
0.609974
0.609005
0.611316
0.607952
0.609685
0.611407
0.607626
0.609630
0.611386
0.608922
0.610364
0.610315
0.609608
0.610341
0.609192
0.610958
0.608671
0.610525
0.609634
0.610221
0.609147
0.611466
0.608755
0.610448
0.611334
0.608635
0.610372
0.610901
0.609702
0.611532
0.609274
0.611193
0.610107
0.610889
0.609414
0.611869
0.609306
0.611073
0.611044
0.609709
0.611727
0.609424
0.611348
0.611364
0.609944
0.611877
0.609432
0.611320
0.611704
0.609829
0.612001
0.609869
0.612036
0.610804
0.612202
0.609952
0.612118
0.611150
0.612166
0.610353
0.612933
0.610574
0.612679
0.611353
0.612913
0.610569
0.612673
0.612367
0.611752
0.612475
0.611222
0.614114
0.610289
0.612320
0.614308
0.609887
0.612214
0.614127
0.611585
0.613054
0.612975
0.612308
0.612977
0.611780
0.613707
0.611061
0.612858
0.612836
0.611630
0.613709
0.611175
0.613108
0.613809
0.611336
0.613392
0.612399
0.613991
0.611764
0.614030
0.612564
0.614305
0.611436
0.613281
0.614313
0.611659
0.613529
0.613321
0.612877
0.613553
0.612378
0.615033
0.611090
0.613154
0.615266
0.610688
0.613087
0.615085
0.612438
0.613944
0.613953
0.613169
0.614043
0.612608
0.614811
0.611990
0.613772
0.614018
0.612407
0.614889
0.612250
0.614205
0.614775
0.612519
0.614801
0.613083
0.615623
0.612857
0.614758
0.614482
0.613559
0.615044
0.612928
0.615470
0.613773
0.616032
0.612360
0.614372
0.614372
0.616614
0.612372
0.614466
0.616321
0.613382
0.614923
0.615405
0.614042
0.615732
0.613606
0.615850
0.613903
0.616203
0.613415
0.615393
0.615549
0.614333
0.616521
0.613628
0.615530
0.616791
0.613446
0.615161
0.616621
0.613915
0.615755
0.615932
0.614619
0.616560
0.613787
0.615722
0.616032
0.614119
0.616709
0.613827
0.615790
0.616677
0.613938
0.615992
0.615388
0.615947
0.614905
0.617342
0.613579
0.615555
0.617913
0.612714
0.615542
0.617781
0.614533
0.616123
0.616976
0.615199
0.617004
0.615068
0.617298
0.614784
0.617034
0.615470
0.617658
0.614623
0.616570
0.617868
0.614766
0.616595
0.617465
0.615454
0.617971
0.615660
0.618184
0.615850
0.618391
0.615632
0.617877
0.616925
0.617870
0.616139
0.619361
0.615412
0.617432
0.619662
0.614772
0.617312
0.619494
0.616402
0.617969
0.618557
0.616967
0.618831
0.616540
0.618876
0.616877
0.619365
0.616222
0.618139
0.619255
0.616544
0.618690
0.618169
0.618530
0.617716
0.619628
0.616552
0.618483
0.619631
0.616102
0.617950
0.619904
0.616297
0.618153
0.620122
0.616184
0.617939
0.619742
0.616532
0.618186
0.619122
0.616968
0.619216
0.617188
0.619760
0.616804
0.618869
0.618529
0.617944
0.619049
0.617418
0.621131
0.616279
0.618908
0.621414
0.615879
0.618958
0.621249
0.618273
0.619815
0.619942
0.618837
0.620172
0.618035
0.620662
0.617869
0.620210
0.618625
0.620948
0.617561
0.619586
0.621849
0.617179
0.619462
0.621727
0.617995
0.619736
0.621297
0.618642
0.620435
0.619684
0.620013
0.619069
0.620849
0.618049
0.620320
0.619714
0.619320
0.619650
0.619102
0.621619
0.617429
0.619736
0.622946
0.615731
0.619956
0.622336
0.619571
0.620871
0.620321
0.621191
0.620034
0.621469
0.618605
0.620909
0.619349
0.621696
0.618147
0.620228
0.622906
0.617631
0.620425
0.622765
0.618858
0.620646
0.622261
0.619734
0.621577
0.620497
0.621448
0.619658
0.622543
0.618806
0.620672
0.622859
0.618178
0.620551
0.623015
0.619352
0.621071
0.622514
0.619854
0.621739
0.620862
0.621584
0.620144
0.622853
0.618888
0.620869
0.623395
0.618095
0.620884
0.623308
0.619772
0.621463
0.622655
0.620380
0.622399
0.620642
0.622876
0.619817
0.621878
0.621759
0.620675
0.622696
0.619645
0.621771
0.623088
0.619512
0.621367
0.622964
0.619805
0.621781
0.622839
0.620102
0.622510
0.620891
0.623426
0.619548
0.621555
0.624086
0.618816
0.621540
0.623933
0.620024
0.621794
0.623425
0.620722
0.622615
0.621818
0.622326
0.621171
0.623540
0.619940
0.621885
0.624287
0.618912
0.621874
0.624605
0.620227
0.622300
0.624167
0.621192
0.622901
0.622706
0.622055
0.622965
0.621264
0.624596
0.619801
0.622304
0.625035
0.619327
0.622436
0.624877
0.621506
0.623161
0.623977
0.622005
0.624144
0.621660
0.624265
0.621776
0.624590
0.621505
0.623885
0.623071
0.623750
0.622400
0.625963
0.620554
0.624016
0.626789
0.620303
0.623757
0.626161
0.623035
0.624629
0.624981
0.623539
0.625234
0.622609
0.625158
0.623102
0.626006
0.621957
0.624048
0.626733
0.621679
0.624268
0.626625
0.622851
0.624564
0.626061
0.623444
0.625456
0.624276
0.625581
0.623326
0.626428
0.623009
0.624993
0.625767
0.623187
0.626075
0.623967
0.627374
0.623330
0.625265
0.627505
0.622671
0.625082
0.627563
0.623572
0.625300
0.627001
0.623955
0.625728
0.625706
0.624788
0.626337
0.623815
0.626801
0.624358
0.627635
0.623450
0.625580
0.628331
0.623162
0.625976
0.628398
0.624303
0.626036
0.627725
0.624879
0.626734
0.626211
0.626128
0.625871
0.626024
0.625544
0.626733
0.624430
0.628567
0.623302
0.626391
0.629417
0.622862
0.626827
0.629548
0.625406
0.626963
0.628281
0.625855
0.627780
0.626163
0.628203
0.625153
0.627408
0.626653
0.626938
0.626009
0.628556
0.624611
0.626846
0.630196
0.622973
0.627116
0.630096
0.625754
0.627425
0.628893
0.626843
0.628730
0.626733
0.628962
0.625785
0.627899
0.627525
0.627047
0.627881
0.626427
0.630767
0.624063
0.628276
0.631539
0.624587
0.628080
0.630461
0.628097
0.629728
0.628855
0.629020
0.627905
0.629223
0.626843
0.629967
0.626743
0.629053
0.628342
0.628575
0.627973
0.629924
0.626915
0.629231
0.629189
0.627419
0.631342
0.624984
0.629381
0.633062
0.625415
0.628993
0.631304
0.628600
0.630128
0.629846
0.629580
0.629493
0.628842
0.629588
0.627918
0.631833
0.625829
0.629809
0.632782
0.626278
0.629828
0.632295
0.629167
0.630729
0.631219
0.629531
0.631466
0.628683
0.631114
0.629384
0.631887
0.628004
0.629959
0.632573
0.627620
0.630125
0.632499
0.628509
0.630263
0.632035
0.629092
0.630817
0.630631
0.629902
0.630950
0.628989
0.632451
0.627938
0.630157
0.632811
0.627376
0.630354
0.632765
0.629159
0.630772
0.632071
0.629514
0.631526
0.630060
0.632029
0.629063
0.631377
0.630481
0.631230
0.629576
0.633514
0.633514
0.627771
0.631692
0.634240
0.628125
0.631227
0.633482
0.630464
0.632077
0.632572
0.630803
0.632882
0.629913
0.632138
0.631213
0.631984
0.630332
0.634165
0.628642
0.632332
0.634779
0.628921
0.631871
0.634144
0.631045
0.632665
0.633405
0.631336
0.633568
0.630771
0.633246
0.631493
0.634162
0.630173
0.632175
0.634850
0.629775
0.632387
0.634664
0.630812
0.632509
0.634222
0.631361
0.633129
0.632778
0.632359
0.632830
0.631647
0.634607
0.629776
0.632508
0.635383
0.629158
0.632770
0.635143
0.631511
0.633113
0.634426
0.631920
0.633888
0.632271
0.634392
0.631249
0.633320
0.633313
0.632127
0.634512
0.630716
0.632826
0.635774
0.629776
0.633247
0.635428
0.631439
0.633174
0.634908
0.632129
0.633881
0.633222
0.633249
0.632704
0.633521
0.632018
0.636055
0.629525
0.633747
0.636919
0.630022
0.633743
0.636114
0.633265
0.634793
0.634839
0.633688
0.634946
0.632602
0.635465
0.632390
0.634708
0.633579
0.634930
0.632626
0.636148
0.632690
0.634650
0.635681
0.632535
0.634631
0.634810
0.633872
0.636215
0.632112
0.634107
0.636977
0.630778
0.634414
0.636694
0.632604
0.634332
0.636084
0.633274
0.634976
0.634536
0.634216
0.634443
0.633658
0.635701
0.632306
0.634211
0.636073
0.631544
0.633867
0.636869
0.631653
0.634708
0.636729
0.632747
0.634306
0.635931
0.633112
0.634942
0.634525
0.634257
0.634385
0.633675
0.635417
0.632392
0.634758
0.634265
0.633773
0.634673
0.633042
0.638423
0.630030
0.633635
0.637395
0.634186
0.634121
0.634631
0.636101
0.635876
0.636293
0.633871
0.636485
0.631690
0.634380
0.637403
0.632008
0.634962
0.637172
0.633529
0.635098
0.636495
0.633914
0.635951
0.634630
0.636493
0.633602
0.636089
0.634695
0.636893
0.633163
0.635093
0.637638
0.632632
0.635370
0.637646
0.633369
0.635282
0.637263
0.633953
0.635467
0.636400
0.634112
0.636572
0.634108
0.637036
0.634062
0.636586
0.634924
0.637712
0.633510
0.635764
0.638588
0.633098
0.636106
0.638060
0.634507
0.636101
0.637547
0.634965
0.636997
0.635610
0.637450
0.634470
0.636804
0.635933
0.636887
0.634968
0.639263
0.633184
0.637478
0.639670
0.634083
0.636703
0.638846
0.635997
0.637602
0.638056
0.636187
0.638522
0.635191
0.637045
0.638016
0.635412
0.638049
0.635974
0.639604
0.635017
0.637452
0.639830
0.634825
0.637345
0.639503
0.636045
0.637597
0.639028
0.636254
0.638140
0.637248
0.638174
0.636446
0.640046
0.634791
0.638163
0.640142
0.635301
0.637519
0.639848
0.636584
0.638174
0.639528
0.636606
0.638407
0.637701
0.638253
0.637127
0.639758
0.635474
0.637695
0.640567
0.634425
0.638204
0.640233
0.636730
0.638307
0.639626
0.637179
0.639283
0.637481
0.640048
0.636227
0.638004
0.640209
0.635827
0.637878
0.640229
0.636295
0.638093
0.640041
0.636720
0.638241
0.639399
0.636960
0.639338
0.637402
0.640514
0.636282
0.638287
0.640690
0.635945
0.638299
0.640498
0.636948
0.638546
0.640136
0.637240
0.638986
0.638734
0.638232
0.639098
0.637339
0.641453
0.635300
0.639550
0.641342
0.636579
0.638599
0.640877
0.638012
0.639601
0.640285
0.637951
0.640405
0.637500
0.639974
0.638657
0.640777
0.637254
0.639115
0.640960
0.637047
0.638830
0.641232
0.636808
0.639076
0.641266
0.637260
0.638918
0.640784
0.637528
0.639073
0.640143
0.637793
0.640335
0.637956
0.641118
0.637633
0.639516
0.640495
0.637911
0.640598
0.638648
0.642490
0.637154
0.640486
0.642180
0.637971
0.639703
0.641863
0.638632
0.640212
0.641584
0.638530
0.640287
0.640072
0.639612
0.640689
0.638695
0.643020
0.636933
0.641218
0.642618
0.638465
0.640199
0.642354
0.639504
0.641141
0.641843
0.639327
0.641912
0.639063
0.641791
0.640066
0.643414
0.638121
0.641504
0.643359
0.639106
0.640877
0.643040
0.639689
0.641284
0.642929
0.639613
0.641109
0.642073
0.639803
0.642579
0.639873
0.642782
0.640327
0.643747
0.639506
0.641645
0.644105
0.639303
0.641848
0.643902
0.640212
0.641765
0.643514
0.640400
0.641946
0.642703
0.640658
0.643574
0.640050
0.641871
0.643472
0.639893
0.641517
0.643525
0.639944
0.641655
0.643743
0.639749
0.641473
0.643590
0.639753
0.641424
0.643430
0.639907
0.641434
0.643081
0.639993
0.641656
0.642330
0.640484
0.643673
0.639392
0.641624
0.644033
0.639016
0.641634
0.643652
0.640242
0.641809
0.643311
0.640466
0.642309
0.641689
0.641967
0.641117
0.643004
0.639758
0.641712
0.642913
0.639524
0.641382
0.642635
0.640002
0.642711
0.640930
0.644917
0.638137
0.642305
0.645640
0.638914
0.642435
0.644276
0.641672
0.643313
0.642812
0.642837
0.642239
0.642844
0.641346
0.645660
0.638367
0.642647
0.645561
0.641355
0.642860
0.643863
0.643373
0.645539
0.642256
0.643960
0.642674
0.643647
0.641692
0.646150
0.640379
0.644842
0.645590
0.642257
0.644175
0.643742
0.645095
0.645095
0.643384
0.647379
0.640594
0.644557
0.647303
0.641315
0.644481
0.646298
0.644026
0.645841
0.644611
0.645920
0.643387
0.646248
0.643275
0.645678
0.644449
0.646603
0.643093
0.644954
0.647328
0.642476
0.645216
0.646846
0.643402
0.644972
0.646642
0.643681
0.645284
0.645718
0.643925
0.647180
0.642372
0.645430
0.647137
0.643111
0.644734
0.646864
0.643593
0.645178
0.646869
0.643502
0.644923
0.646225
0.643581
0.645726
0.644709
0.646501
0.643501
0.645785
0.644956
0.646016
0.643887
0.648606
0.641955
0.646055
0.649905
0.642348
0.645814
0.648567
0.645837
0.647145
0.647208
0.646317
0.647425
0.645162
0.648187
0.644507
0.646213
0.648196
0.644249
0.646197
0.648593
0.644668
0.646487
0.648354
0.644853
0.646278
0.647895
0.644988
0.646604
0.646937
0.645530
0.648409
0.643825
0.646531
0.648422
0.644182
0.646005
0.648138
0.644847
0.646402
0.648026
0.644831
0.646252
0.647091
0.645017
0.647928
0.644645
0.646501
0.647315
0.644910
0.647762
0.644928
0.647615
0.646062
0.649256
0.643862
0.647791
0.648566
0.645911
0.648406
0.646120
0.649573
0.646138
0.647816
0.648654
0.645895
0.648268
0.646839
0.650650
0.644764
0.649118
0.649912
0.646890
0.648966
0.647759
0.651054
0.646616
0.648976
0.650629
0.646224
0.648117
0.650312
0.646996
0.648602
0.650451
0.646974
0.648346
0.649956
0.646909
0.648471
0.649619
0.647243
0.649909
0.647470
0.650873
0.647019
0.648853
0.650787
0.646790
0.648724
0.650967
0.647041
0.648840
0.650767
0.647154
0.648631
0.650460
0.647219
0.648676
0.650154
0.647284
0.649019
0.649057
0.648202
0.650427
0.646492
0.648587
0.651209
0.645622
0.649440
0.650176
0.648175
0.650960
0.647743
0.649566
0.650402
0.647799
0.650392
0.647782
0.651075
0.648059
0.650512
0.649168
0.651717
0.647314
0.649961
0.651999
0.647520
0.649729
0.651524
0.648169
0.649720
0.651495
0.648121
0.649545
0.651108
0.647915
0.649462
0.650826
0.648081
0.650162
0.649331
0.650711
0.648245
0.651971
0.647661
0.650154
0.651750
0.647761
0.649672
0.652016
0.648025
0.650031
0.651871
0.647983
0.649563
0.651544
0.648046
0.649615
0.651537
0.647999
0.649508
0.651372
0.647927
0.649477
0.651361
0.647915
0.649471
0.651340
0.647837
0.649406
0.651311
0.647740
0.649338
0.651299
0.647642
0.649278
0.651275
0.647576
0.649223
0.651211
0.647556
0.649167
0.651107
0.647545
0.649109
0.650976
0.647518
0.649057
0.650817
0.647492
0.649035
0.650580
0.647524
0.649216
0.649891
0.648016
0.651954
0.646182
0.650869
0.650877
0.649025
0.651860
0.647701
0.650507
0.652499
0.648096
0.649737
0.651509
0.648260
0.649917
0.651679
0.648468
0.649955
0.650952
0.648491
0.651292
0.648725
0.652148
0.648624
0.650539
0.651358
0.649007
0.652248
0.648816
0.650829
0.651919
0.648944
0.651098
0.650177
0.652215
0.648801
0.650668
0.652078
0.648507
0.650227
0.652065
0.648331
0.650310
0.652475
0.647991
0.650475
0.651956
0.648702
0.650301
0.651511
0.649013
0.651774
0.649344
0.653509
0.647969
0.652381
0.652112
0.651024
0.653212
0.649644
0.651799
0.654293
0.648863
0.652426
0.652566
0.651211
0.654539
0.649573
0.653535
0.653736
0.651547
0.654772
0.649906
0.653887
0.654547
0.652245
0.655260
0.651025
0.653607
0.655443
0.651614
0.653128
0.655028
0.651563
0.653253
0.655225
0.651475
0.653090
0.655012
0.651332
0.653026
0.655041
0.651357
0.653021
0.654965
0.651312
0.652943
0.654879
0.651290
0.652899
0.654812
0.651235
0.652837
0.654733
0.651165
0.652770
0.654662
0.651090
0.652705
0.654596
0.651008
0.652634
0.654527
0.650923
0.652557
0.654452
0.650840
0.652479
0.654371
0.650762
0.652400
0.654283
0.650687
0.652321
0.654192
0.650613
0.652244
0.654099
0.650539
0.652169
0.654005
0.650464
0.652095
0.653911
0.650390
0.652022
0.653813
0.650316
0.651951
0.653705
0.650249
0.651885
0.653573
0.650203
0.651845
0.653355
0.650234
0.652007
0.652667
0.650783
0.655245
0.648242
0.652063
0.656369
0.649131
0.652606
0.654843
0.652511
0.654163
0.653289
0.654122
0.652173
0.655975
0.649849
0.654700
0.655002
0.653000
0.656081
0.652074
0.654907
0.656532
0.652751
0.653943
0.655314
0.652642
0.654731
0.654343
0.654539
0.653623
0.655495
0.651729
0.653839
0.656015
0.650929
0.655048
0.654348
0.655186
0.653614
0.657974
0.650341
0.653301
0.656747
0.653781
0.655059
0.653938
0.657284
0.654589
0.656318
0.654963
0.655365
0.653545
0.658649
0.650814
0.652997
0.657663
0.655826
0.654694
0.655891
0.656186
0.658073
0.655572
0.658293
0.653014
0.655865
0.656703
0.654922
0.658469
0.654321
0.656982
0.658064
0.654977
0.656638
0.656049
0.657316
0.655532
0.660437
0.652091
0.653815
0.658020
0.656853
0.655470
0.656993
0.657170
0.658998
0.656565
0.659005
0.654234
0.656366
0.657926
0.655383
0.657467
0.657467
0.657139
0.657867
0.656386
0.660183
0.653097
0.656650
0.659459
0.656205
0.657939
0.657149
0.659845
0.657167
0.659009
0.657169
0.659520
0.654972
0.658181
0.659218
0.657118
0.660289
0.656197
0.658646
0.659812
0.656961
0.658763
0.657864
0.659889
0.656817
0.658637
0.659001
0.657287
0.661773
0.653989
0.655926
0.660890
0.658746
0.658519
0.658550
0.659855
0.659477
0.660818
0.657486
0.659308
0.657530
0.661828
0.655430
0.659090
0.663677
0.656976
0.660056
0.661523
0.659740
0.661578
0.659779
0.662303
0.658719
0.660073
0.661446
0.658638
0.660236
0.660741
0.659699
0.663087
0.657475
0.662328
0.661385
0.661675
0.660224
0.663697
0.658861
0.663682
0.662079
0.663401
0.660196
0.662092
0.662563
0.661909
0.664395
0.659464
0.663729
0.662162
0.664926
0.660333
0.663797
0.664043
0.663096
0.665119
0.661078
0.663433
0.664520
0.661961
0.664110
0.662405
0.666923
0.660421
0.663519
0.667019
0.662128
0.663985
0.665192
0.664087
0.666416
0.663593
0.665301
0.663907
0.666176
0.662518
0.664551
0.666402
0.663179
0.664615
0.666025
0.663447
0.665132
0.664773
0.664880
0.664338
0.665268
0.663329
0.668983
0.659973
0.662610
0.664922
0.665617
0.664112
0.665244
0.666642
0.667250
0.666726
0.665616
0.664787
0.664272
0.664796
0.664112
0.667828
0.661714
0.665004
0.669030
0.662103
0.664719
0.667606
0.665343
0.666475
0.666069
0.665902
0.665609
0.665261
0.665267
0.664612
0.666125
0.663401
0.665233
0.665454
0.664447
0.667972
0.661679
0.664799
0.668555
0.663319
0.665399
0.666070
0.665440
0.667205
0.664716
0.666659
0.664454
0.667422
0.663611
0.665822
0.667079
0.664886
0.666969
0.665290
0.668901
0.663997
0.668058
0.666810
0.668112
0.665766
0.668484
0.666302
0.669064
0.666487
0.668938
0.666333
0.668907
0.666975
0.670802
0.666135
0.670143
0.668879
0.670499
0.667808
0.669737
0.669079
0.670805
0.667985
0.669670
0.668956
0.670158
0.668095
0.672264
0.667067
0.671976
0.670653
0.672174
0.669353
0.671116
0.671458
0.670845
0.672661
0.668762
0.671114
0.671377
0.670204
0.673930
0.667914
0.670844
0.673914
0.670513
0.671302
0.671920
0.671461
0.673738
0.670590
0.671594
0.672398
0.670108
0.672387
0.670807
0.675291
0.669478
0.672335
0.675784
0.670337
0.673169
0.673874
0.673122
0.674856
0.672365
0.674190
0.672532
0.675855
0.670903
0.675288
0.674226
0.676037
0.673412
0.675130
0.674753
0.675631
0.673891
0.678041
0.670899
0.671937
0.674828
0.675511
0.673784
0.674834
0.675672
0.676181
0.675892
0.674914
0.674538
0.673429
0.676151
0.672106
0.676726
0.674964
0.678506
0.673492
0.677348
0.676770
0.677558
0.675721
0.678676
0.674346
0.678030
0.676877
0.678335
0.675759
0.677687
0.676796
0.679854
0.675391
0.679157
0.677464
0.680367
0.676178
0.679249
0.679087
0.679271
0.678596
0.679189
0.677654
0.682599
0.674980
0.676219
0.677965
0.679136
0.677793
0.678730
0.680117
0.680998
0.680644
0.679697
0.678643
0.678361
0.677904
0.679456
0.677626
0.680568
0.677823
0.679286
0.679602
0.678318
0.681662
0.676596
0.680092
0.680985
0.678768
0.680665
0.678368
0.680190
0.680005
0.680196
0.679187
0.680882
0.677818
0.679630
0.680649
0.678635
0.681074
0.678429
0.680051
0.680466
0.679166
0.682481
0.676980
0.679329
0.683518
0.678038
0.680329
0.681760
0.680428
0.682103
0.680349
0.682588
0.679822
0.680857
0.681645
0.680067
0.683085
0.679587
0.682248
0.682076
0.681675
0.682150
0.680728
0.684999
0.678730
0.679536
0.684074
0.681315
0.682062
0.681970
0.683402
0.682866
0.684190
0.681409
0.682584
0.681316
0.684164
0.680551
0.683933
0.683174
0.684708
0.682180
0.683686
0.682755
0.685000
0.681562
0.683391
0.683766
0.682546
0.685798
0.681093
0.685111
0.684621
0.684956
0.683489
0.686349
0.682473
0.686501
0.684843
0.687491
0.683399
0.686034
0.685979
0.686438
0.685718
0.686774
0.684665
0.687367
0.684532
0.685998
0.686448
0.685180
0.689023
0.683611
0.685830
0.688575
0.685776
0.686402
0.686404
0.686944
0.687153
0.686870
0.686745
0.685726
0.688268
0.684039
0.689280
0.686886
0.688857
0.687381
0.690329
0.686662
0.689586
0.688534
0.689749
0.687301
0.689324
0.687830
0.692091
0.686983
0.689141
0.692407
0.688014
0.690205
0.690422
0.690375
0.691132
0.689542
0.692657
0.688000
0.691774
0.690692
0.692423
0.690105
0.691512
0.691740
0.691575
0.692066
0.690286
0.694652
0.688049
0.688812
0.690608
0.691937
0.690865
0.691474
0.692465
0.693207
0.692989
0.692186
0.691273
0.690891
0.690628
0.691628
0.690583
0.695066
0.688992
0.689457
0.691814
0.692537
0.690490
0.691171
0.692032
0.692332
0.692444
0.691086
0.691698
0.689618
0.691733
0.690157
0.692930
0.690584
0.691765
0.692318
0.690982
0.693643
0.689713
0.692968
0.691578
0.693762
0.690762
0.691898
0.693185
0.693185
0.691590
0.693498
0.691338
0.693081
0.691643
0.694796
0.690843
0.694324
0.693013
0.695314
0.692402
0.693442
0.694646
0.692992
0.694864
0.692742
0.694653
0.693022
0.696246
0.692510
0.695700
0.694506
0.696746
0.693950
0.694989
0.696224
0.694551
0.696482
0.694375
0.696327
0.694714
0.698107
0.694182
0.697740
0.696334
0.698806
0.695857
0.697025
0.698147
0.696645
0.698839
0.696245
0.697279
0.698139
0.696694
0.699696
0.696069
0.699427
0.698037
0.700650
0.697340
0.699001
0.699453
0.698731
0.700589
0.697780
0.698997
0.699851
0.698353
0.701535
0.697547
0.701442
0.699963
0.702559
0.699415
0.700645
0.701523
0.700288
0.702995
0.699402
0.702092
0.701017
0.703202
0.700507
0.701539
0.702748
0.701170
0.703533
0.700738
0.701930
0.702526
0.701266
0.704595
0.700207
0.703161
0.703759
0.702588
0.704187
0.701660
0.702824
0.704068
0.702314
0.704597
0.701662
0.703198
0.703635
0.702878
0.705367
0.701735
0.705246
0.703432
0.706210
0.703002
0.704545
0.704908
0.704390
0.706026
0.703542
0.704494
0.705126
0.703766
0.707539
0.702479
0.702910
0.707175
0.704974
0.705253
0.704951
0.705599
0.705423
0.706255
0.704386
0.707681
0.702889
0.704360
0.708617
0.705037
0.706644
0.706864
0.706681
0.707259
0.705625
0.708169
0.704206
0.707533
0.706150
0.708938
0.706346
0.707572
0.708701
0.707281
0.709573
0.706330
0.707852
0.707727
0.707760
0.707882
0.707417
0.708987
0.706902
0.708225
0.707339
0.709291
0.706230
0.708674
0.707610
0.711266
0.706656
0.708062
0.711375
0.707625
0.709330
0.708991
0.709709
0.708915
0.710554
0.708293
0.709181
0.709525
0.708533
0.711676
0.707429
0.710391
0.710883
0.709943
0.711002
0.708851
0.710337
0.709556
0.712133
0.708537
0.711603
0.709900
0.712967
0.710140
0.711796
0.711927
0.711723
0.712375
0.710768
0.714956
0.709788
0.709931
0.711680
0.712337
0.711499
0.711863
0.712549
0.713163
0.713076
0.712479
0.711695
0.711432
0.711025
0.712639
0.711152
0.713846
0.711778
0.713081
0.712090
0.713683
0.711142
0.712115
0.712650
0.711522
0.714947
0.710480
0.711690
0.715550
0.712426
0.713301
0.713692
0.713368
0.714844
0.713007
0.714775
0.712619
0.713958
0.712793
0.715961
0.712321
0.715850
0.714199
0.716340
0.713856
0.714380
0.715054
0.713924
0.717040
0.713219
0.716618
0.715087
0.717515
0.715186
0.715978
0.717127
0.715829
0.718615
0.715189
0.717670
0.716312
0.719021
0.716095
0.717746
0.717777
0.718090
0.717543
0.718303
0.716639
0.720964
0.716045
0.716074
0.717877
0.718767
0.717668
0.718036
0.718477
0.719130
0.718869
0.718758
0.717343
0.719084
0.716501
0.718430
0.718675
0.719458
0.718482
0.721069
0.717336
0.720711
0.718612
0.719769
0.718326
0.720779
0.718520
0.719938
0.720643
0.719549
0.721914
0.718592
0.721552
0.720244
0.723209
0.720211
0.721716
0.721371
0.722162
0.720771
0.723752
0.719828
0.723115
0.721776
0.724159
0.721578
0.722363
0.723386
0.722258
0.724945
0.721584
0.723936
0.722597
0.725307
0.722568
0.724021
0.724191
0.724299
0.724349
0.723600
0.725035
0.723005
0.724164
0.723792
0.725004
0.723306
0.727292
0.723196
0.724038
0.727298
0.724704
0.724767
0.725383
0.724689
0.726966
0.724970
0.725471
0.725912
0.724737
0.727923
0.724373
0.727987
0.726533
0.728601
0.726321
0.726695
0.726935
0.726262
0.728092
0.725759
0.726616
0.727032
0.726287
0.729097
0.725846
0.729491
0.727737
0.729060
0.727666
0.729917
0.727300
0.728873
0.728607
0.729455
0.727896
0.731472
0.727467
0.728362
0.731420
0.729499
0.729523
0.729372
0.729401
0.730144
0.728967
0.731866
0.727802
0.730705
0.729763
0.732456
0.729987
0.730995
0.731465
0.730636
0.732180
0.729620
0.730233
0.730718
0.729945
0.733156
0.729718
0.733484
0.731881
0.733238
0.731651
0.733964
0.731340
0.732893
0.732575
0.733494
0.731850
0.735385
0.731530
0.732351
0.736847
0.733159
0.734198
0.734172
0.734202
0.734521
0.733660
0.735033
0.733056
0.733959
0.733473
0.735024
0.733407
0.735758
0.733951
0.735210
0.734108
0.736403
0.733250
0.735745
0.734218
0.737495
0.734477
0.736664
0.735539
0.738280
0.735754
0.736808
0.736757
0.736916
0.736671
0.736974
0.736021
0.739397
0.735539
0.735975
0.740912
0.736857
0.736701
0.738385
0.737571
0.738474
0.737051
0.738618
0.736875
0.737836
0.737255
0.738952
0.737441
0.739250
0.737923
0.741810
0.737871
0.739057
0.740271
0.738560
0.740015
0.738183
0.739355
0.738787
0.740592
0.738741
0.739597
0.739108
0.740828
0.739268
0.741311
0.739606
0.741856
0.739810
0.740582
0.740026
0.741063
0.739413
0.743396
0.739606
0.739324
0.742731
0.741118
0.741137
0.740698
0.741410
0.741017
0.742550
0.740599
0.741780
0.740050
0.743754
0.740312
0.743458
0.742376
0.744559
0.742112
0.742028
0.742633
0.741318
0.744299
0.744299
0.741183
0.743947
0.742656
0.745125
0.743374
0.743900
0.744586
0.743627
0.746342
0.743121
0.745676
0.744074
0.746136
0.744407
0.745430
0.744652
0.746766
0.744776
0.745252
0.745418
0.744593
0.746701
0.744390
0.746218
0.745254
0.748624
0.744977
0.747748
0.746229
0.748120
0.746313
0.747756
0.746137
0.749158
0.746475
0.748423
0.747147
0.749864
0.747224
0.748742
0.748043
0.749983
0.748091
0.748600
0.748017
0.749128
0.747452
0.751488
0.747939
0.747714
0.750931
0.749464
0.749619
0.748710
0.750062
0.748823
0.751941
0.748855
0.750880
0.749441
0.752023
0.750275
0.751010
0.751941
0.750743
0.753299
0.749810
0.752090
0.750487
0.752534
0.750932
0.752221
0.751192
0.754319
0.751409
0.753581
0.751974
0.754463
0.752191
0.753003
0.753427
0.753235
0.754314
0.752482
0.756143
0.752528
0.752592
0.757122
0.753928
0.754834
0.754525
0.755127
0.754342
0.755575
0.753705
0.755367
0.753741
0.755769
0.754340
0.756561
0.755040
0.756577
0.754893
0.758242
0.754489
0.756851
0.755538
0.757854
0.756006
0.756309
0.757215
0.756248
0.759294
0.756171
0.758674
0.757194
0.759112
0.757492
0.759013
0.757449
0.760427
0.757654
0.759308
0.757808
0.760341
0.757929
0.759081
0.758860
0.760271
0.758644
0.762054
0.758454
0.761126
0.759905
0.762136
0.760253
0.760406
0.761098
0.760166
0.762920
0.759962
0.762100
0.760587
0.763043
0.761308
0.761796
0.762415
0.761585
0.763801
0.761257
0.762573
0.761323
0.764704
0.761537
0.764223
0.762964
0.764861
0.763104
0.764486
0.762693
0.764717
0.763138
0.764161
0.763233
0.765672
0.763512
0.764853
0.763991
0.766534
0.763997
0.765268
0.763941
0.767297
0.764049
0.766482
0.765060
0.766942
0.765265
0.766687
0.765082
0.768215
0.765620
0.767593
0.766169
0.768903
0.766503
0.767576
0.766993
0.768664
0.766906
0.768529
0.766723
0.768351
0.766699
0.770213
0.767080
0.769732
0.768386
0.770051
0.768276
0.770102
0.768422
0.769222
0.768722
0.770224
0.768490
0.771532
0.768846
0.771514
0.770096
0.771781
0.769925
0.771775
0.769995
0.770699
0.770054
0.771477
0.769678
0.772412
0.770133
0.772316
0.770906
0.774446
0.771154
0.773269
0.771809
0.773882
0.772082
0.772347
0.771920
0.772976
0.771564
0.775674
0.772907
0.771608
0.775569
0.774367
0.773804
0.773404
0.772945
0.773964
0.772593
0.775833
0.772358
0.774774
0.773836
0.776101
0.774852
0.776340
0.774669
0.777341
0.774295
0.775511
0.773855
0.776390
0.774526
0.775543
0.775920
0.776673
0.775881
0.777509
0.775611
0.776408
0.775660
0.778161
0.776025
0.777551
0.776171
0.780111
0.776675
0.776875
0.778642
0.777143
0.778733
0.777055
0.777977
0.777256
0.779645
0.777758
0.778446
0.777854
0.779551
0.777951
0.779889
0.778194
0.779472
0.777698
0.781387
0.778098
0.777739
0.781727
0.779391
0.780018
0.779227
0.780532
0.779112
0.782101
0.779557
0.781548
0.780249
0.782856
0.781069
0.781477
0.781697
0.781348
0.782109
0.780183
0.783981
0.781340
0.779897
0.783929
0.782985
0.782510
0.782209
0.781853
0.782869
0.781754
0.784404
0.781760
0.783556
0.782529
0.785516
0.784090
0.784530
0.784672
0.783753
0.784363
0.782145
0.785070
0.782071
0.784952
0.784072
0.785186
0.784236
0.785863
0.784353
0.785360
0.784004
0.787259
0.784160
0.786570
0.785562
0.787099
0.785691
0.787754
0.785853
0.786024
0.786107
0.785539
0.786490
0.784758
0.788866
0.786151
0.785770
0.790294
0.787543
0.787775
0.786809
0.787728
0.786421
0.788543
0.786821
0.787178
0.787593
0.787459
0.788821
0.787378
0.791523
0.788472
0.788321
0.791019
0.789231
0.788570
0.788746
0.787832
0.789975
0.788665
0.789024
0.789014
0.789253
0.789235
0.790271
0.789163
0.793423
0.790778
0.789576
0.792680
0.791319
0.790603
0.790010
0.789768
0.790421
0.789811
0.791515
0.790103
0.790969
0.790403
0.793082
0.791727
0.792376
0.791997
0.792318
0.790414
0.793386
0.789862
0.792292
0.791402
0.793122
0.791598
0.792988
0.791584
0.793576
0.792292
0.793490
0.791959
0.794979
0.792496
0.794659
0.793543
0.795548
0.793963
0.793923
0.793297
0.793944
0.792539
0.796000
0.792867
0.795580
0.794668
0.795508
0.794361
0.795669
0.794125
0.795461
0.793860
0.796853
0.794133
0.796037
0.794929
0.797105
0.795909
0.796601
0.795553
0.797317
0.795761
0.796015
0.795639
0.796600
0.795206
0.799267
0.796331
0.796591
0.798973
0.797510
0.797560
0.795957
0.797935
0.796614
0.797039
0.797216
0.796886
0.797735
0.796340
0.800699
0.798286
0.797691
0.801246
0.799415
0.798447
0.798212
0.797269
0.798853
0.797516
0.799185
0.797782
0.799303
0.798064
0.800983
0.799331
0.800252
0.799421
0.800594
0.798654
0.799822
0.798121
0.799858
0.798490
0.800216
0.798759
0.800753
0.799422
0.800227
0.799269
0.801314
0.799722
0.800115
0.799981
0.800744
0.799454
0.799454
0.803067
0.799792
0.802511
0.801539
0.802282
0.800748
0.802137
0.800647
0.801205
0.800798
0.802102
0.800343
0.803953
0.800940
0.803809
0.803007
0.803931
0.802395
0.803662
0.801999
0.802365
0.801810
0.803117
0.801418
0.804911
0.802101
0.805017
0.804115
0.804685
0.803554
0.804387
0.802530
0.805045
0.803084
0.804334
0.803193
0.805606
0.803909
0.804515
0.804452
0.805414
0.803869
0.807182
0.803820
0.806267
0.805375
0.806405
0.804931
0.806548
0.805089
0.805386
0.805407
0.805442
0.805041
0.805677
0.804414
0.808788
0.806541
0.805914
0.809081
0.807614
0.806519
0.805963
0.805000
0.806460
0.805044
0.807520
0.805838
0.806847
0.806488
0.808586
0.807408
0.808810
0.806997
0.809918
0.806791
0.808383
0.806964
0.808193
0.806695
0.808631
0.807372
0.807758
0.807791
0.807918
0.807487
0.808432
0.806937
0.811347
0.809323
0.808046
0.811228
0.809983
0.808951
0.808088
0.807502
0.808150
0.807384
0.809486
0.808203
0.808784
0.809209
0.810039
0.809712
0.811231
0.809422
0.811192
0.809090
0.809348
0.808049
0.809901
0.808450
0.808941
0.808952
0.809739
0.808445
0.811850
0.808763
0.811926
0.810971
0.811725
0.810920
0.811653
0.809886
0.812678
0.810243
0.812050
0.810753
0.812432
0.811108
0.811918
0.810885
0.813264
0.811624
0.811889
0.811280
0.812141
0.810511
0.814208
0.811259
0.813767
0.812861
0.813674
0.811909
0.813241
0.811854
0.812299
0.812296
0.812992
0.811825
0.814661
0.812323
0.814852
0.813937
0.815119
0.813446
0.815294
0.813304
0.813648
0.813184
0.814210
0.812546
0.815977
0.813179
0.815906
0.815255
0.816068
0.814750
0.815835
0.814246
0.815489
0.813999
0.816987
0.814561
0.816194
0.815041
0.817063
0.815825
0.816070
0.815342
0.816424
0.814683
0.817802
0.815050
0.817375
0.816531
0.817458
0.816213
0.817629
0.816158
0.816726
0.815689
0.817627
0.816177
0.816581
0.816500
0.817708
0.816313
0.820097
0.816933
0.818561
0.817567
0.819454
0.817730
0.817283
0.817588
0.816982
0.818645
0.817225
0.818714
0.817263
0.820031
0.818423
0.819579
0.818492
0.820559
0.818718
0.818671
0.818196
0.818853
0.817473
0.820874
0.818032
0.820852
0.820044
0.820524
0.819715
0.820217
0.818509
0.821528
0.818979
0.821082
0.820037
0.821125
0.819716
0.821615
0.820415
0.820720
0.820774
0.820591
0.820403
0.819898
0.820935
0.819501
0.823853
0.822014
0.820419
0.823628
0.822485
0.821314
0.820528
0.819571
0.820519
0.819399
0.822060
0.820522
0.821791
0.821485
0.823746
0.822812
0.823465
0.822142
0.823657
0.821776
0.821495
0.821120
0.821355
0.820719
0.822306
0.820980
0.822978
0.821721
0.822650
0.821212
0.824105
0.821529
0.823390
0.822294
0.823613
0.821997
0.823461
0.822171
0.822724
0.822405
0.823891
0.822417
0.825346
0.823048
0.825030
0.823952
0.825275
0.823589
0.824737
0.823199
0.824182
0.822725
0.825266
0.823281
0.824495
0.823535
0.825847
0.824560
0.824573
0.824678
0.824265
0.825007
0.823357
0.827036
0.824186
0.826126
0.825449
0.827273
0.825719
0.825365
0.824850
0.825289
0.824236
0.826249
0.824703
0.825745
0.825147
0.827692
0.826339
0.826708
0.826048
0.827069
0.825148
0.827874
0.825139
0.827266
0.826468
0.827313
0.826210
0.827555
0.826202
0.827232
0.825936
0.828879
0.826631
0.828296
0.827255
0.829115
0.827884
0.828350
0.827033
0.828747
0.827335
0.827515
0.827316
0.828069
0.826921
0.829967
0.827490
0.829800
0.828789
0.829165
0.828011
0.828904
0.827236
0.829106
0.827916
0.828487
0.827890
0.829274
0.827817
0.830087
0.828777
0.829665
0.828810
0.830365
0.828843
0.829207
0.828167
0.830287
0.828858
0.829418
0.828641
0.830332
0.829010
0.829944
0.828508
0.831952
0.829162
0.831103
0.830204
0.830990
0.829634
0.830980
0.829662
0.830273
0.829514
0.831353
0.830166
0.830910
0.830008
0.832484
0.830871
0.831733
0.830426
0.832639
0.830518
0.831230
0.829933
0.832212
0.830574
0.831050
0.830384
0.831925
0.830530
0.832175
0.830930
0.832225
0.830827
0.833762
0.831360
0.832924
0.831726
0.833202
0.831716
0.832585
0.830999
0.833252
0.831786
0.832503
0.831871
0.833417
0.832057
0.833534
0.832155
0.833927
0.832631
0.833385
0.831874
0.834324
0.832169
0.833553
0.832312
0.834344
0.832904
0.832858
0.832737
0.833027
0.832527
0.833797
0.832157
0.835946
0.833246
0.835250
0.834488
0.835834
0.834084
0.834702
0.832911
0.834519
0.833300
0.833692
0.833225
0.834667
0.833384
0.836463
0.834455
0.836323
0.835162
0.836344
0.834656
0.835647
0.834134
0.835574
0.834287
0.835709
0.834348
0.835894
0.834727
0.836131
0.834795
0.837160
0.835448
0.836164
0.835113
0.836812
0.835497
0.835686
0.835219
0.836437
0.834881
0.838083
0.835416
0.837480
0.836803
0.837482
0.836261
0.837262
0.835753
0.836935
0.835536
0.837757
0.836309
0.836999
0.836455
0.836455
