-0.587944
-0.588934
-0.589039
-0.589148
-0.589267
-0.589403
-0.589565
-0.589760
-0.589990
-0.590252
-0.590540
-0.590850
-0.591181
-0.591530
-0.591898
-0.592283
-0.592684
-0.593103
-0.593537
-0.593988
-0.594454
-0.594936
-0.595433
-0.595944
-0.596469
-0.597005
-0.597550
-0.598104
-0.598666
-0.599233
-0.599805
-0.600381
-0.600961
-0.601546
-0.602134
-0.602726
-0.603324
-0.603926
-0.604533
-0.605146
-0.605765
-0.606391
-0.607023
-0.607664
-0.608314
-0.608972
-0.609641
-0.610320
-0.611011
-0.611714
-0.612429
-0.613157
-0.613899
-0.614656
-0.615427
-0.616211
-0.617001
-0.617795
-0.618605
-0.619439
-0.620288
-0.621151
-0.622042
-0.622979
-0.623974
-0.625031
-0.626153
-0.627339
-0.628592
-0.629915
-0.631311
-0.632784
-0.634335
-0.635966
-0.637673
-0.639455
-0.641308
-0.643230
-0.645221
-0.647283
-0.649419
-0.651636
-0.653938
-0.656334
-0.658831
-0.661441
-0.664173
-0.667042
-0.670060
-0.673244
-0.676614
-0.680190
-0.683998
-0.688065
-0.692424
-0.697115
-0.702181
-0.707672
-0.713646
-0.720163
-0.727287
-0.735072
-0.743547
-0.752685
-0.762357
-0.772274
-0.781971
-0.790871
-0.798509
-0.804712
-0.809569
-0.813285
-0.816080
-0.818149
-0.819650
-0.820715
-0.821465
-0.822001
-0.822387
-0.822657
-0.822838
-0.822951
-0.823010
-0.823026
-0.823005
-0.822952
-0.822868
-0.822754
-0.822610
-0.822434
-0.822225
-0.821979
-0.821691
-0.821354
-0.820959
-0.820494
-0.819943
-0.819292
-0.818531
-0.817660
-0.816705
-0.815714
-0.814746
-0.813840
-0.813010
-0.812246
-0.811531
-0.810851
-0.810192
-0.809548
-0.808916
-0.808299
-0.807703
-0.807138
-0.806608
-0.806119
-0.805670
-0.805257
-0.804878
-0.804526
-0.804198
-0.803891
-0.803600
-0.803323
-0.803057
-0.802800
-0.802550
-0.802306
-0.802067
-0.801833
-0.801605
-0.801384
-0.801174
-0.800993
-0.800871
-0.800760
-0.800598
-0.800419
-0.800244
-0.800083
-0.799938
-0.799797
-0.799603
-0.799334
-0.798983
-0.798539
-0.798247
-0.798014
-0.797794
-0.797562
-0.797441
-0.797202
-0.797116
-0.796834
-0.796762
-0.796568
-0.796340
-0.796133
-0.795933
-0.795737
-0.795546
-0.795335
-0.795092
-0.794836
-0.794584
-0.794338
-0.794092
-0.793847
-0.793603
-0.793359
-0.793116
-0.792874
-0.792631
-0.792388
-0.792145
-0.791901
-0.791657
-0.791412
-0.791166
-0.790919
-0.790672
-0.790423
-0.790174
-0.789923
-0.789671
-0.789419
-0.789165
-0.788910
-0.788654
-0.788398
-0.788140
-0.787881
-0.787622
-0.787361
-0.787100
-0.786838
-0.786575
-0.786312
-0.786048
-0.785785
-0.785520
-0.785256
-0.784993
-0.784729
-0.784466
-0.784204
-0.783942
-0.783682
-0.783422
-0.783164
-0.782906
-0.782650
-0.782395
-0.782141
-0.781889
-0.781639
-0.781389
-0.781142
-0.780896
-0.780651
-0.780409
-0.780168
-0.779929
-0.779691
-0.779455
-0.779222
-0.778990
-0.778760
-0.778533
-0.778308
-0.778085
-0.777864
-0.777647
-0.777432
-0.777220
-0.777011
-0.776805
-0.776603
-0.776405
-0.776211
-0.776021
-0.775835
-0.775655
-0.775479
-0.775310
-0.775145
-0.774987
-0.774833
-0.774686
-0.774543
-0.774403
-0.774266
-0.774130
-0.773995
-0.773861
-0.773728
-0.773597
-0.773469
-0.773344
-0.773222
-0.773104
-0.772991
-0.772881
-0.772776
-0.772675
-0.772581
-0.772494
-0.772415
-0.772347
-0.772291
-0.772250
-0.772226
-0.772219
-0.772230
-0.772258
-0.772298
-0.772347
-0.772399
-0.772449
-0.772492
-0.772526
-0.772551
-0.772567
-0.772574
-0.772574
-0.772567
-0.772554
-0.772536
-0.772512
-0.772486
-0.772457
-0.772427
-0.772397
-0.772368
-0.772340
-0.772314
-0.772292
-0.772273
-0.772257
-0.772246
-0.772239
-0.772237
-0.772238
-0.772243
-0.772252
-0.772263
-0.772278
-0.772294
-0.772312
-0.772331
-0.772351
-0.772371
-0.772391
-0.772410
-0.772429
-0.772448
-0.772465
-0.772481
-0.772496
-0.772509
-0.772521
-0.772532
-0.772541
-0.772548
-0.772554
-0.772558
-0.772560
-0.772561
-0.772560
-0.772557
-0.772553
-0.772546
-0.772538
-0.772528
-0.772516
-0.772503
-0.772487
-0.772470
-0.772450
-0.772429
-0.772405
-0.772380
-0.772353
-0.772323
-0.772292
-0.772258
-0.772222
-0.772184
-0.772144
-0.772102
-0.772057
-0.772011
-0.771961
-0.771910
-0.771856
-0.771800
-0.771741
-0.771680
-0.771617
-0.771551
-0.771483
-0.771412
-0.771338
-0.771262
-0.771183
-0.771102
-0.771018
-0.770932
-0.770843
-0.770751
-0.770657
-0.770559
-0.770459
-0.770357
-0.770251
-0.770143
-0.770032
-0.769919
-0.769802
-0.769683
-0.769561
-0.769436
-0.769308
-0.769177
-0.769044
-0.768908
-0.768769
-0.768627
-0.768482
-0.768335
-0.768186
-0.768034
-0.767880
-0.767723
-0.767564
-0.767403
-0.767240
-0.767075
-0.766908
-0.766739
-0.766569
-0.766397
-0.766224
-0.766049
-0.765872
-0.765694
-0.765515
-0.765334
-0.765152
-0.764968
-0.764783
-0.764597
-0.764409
-0.764219
-0.764029
-0.763836
-0.763642
-0.763447
-0.763249
-0.763051
-0.762850
-0.762648
-0.762444
-0.762238
-0.762031
-0.761822
-0.761611
-0.761398
-0.761183
-0.760967
-0.760749
-0.760529
-0.760307
-0.760083
-0.759858
-0.759631
-0.759402
-0.759171
-0.758939
-0.758704
-0.758469
-0.758231
-0.757992
-0.757751
-0.757508
-0.757263
-0.757018
-0.756770
-0.756521
-0.756270
-0.756018
-0.755764
-0.755508
-0.755251
-0.754993
-0.754733
-0.754471
-0.754208
-0.753943
-0.753677
-0.753677
-0.753410
-0.753141
-0.752871
-0.752599
-0.752325
-0.752051
-0.751775
-0.751497
-0.751218
-0.750938
-0.750656
-0.750373
-0.750088
-0.749802
-0.749515
-0.749226
-0.748936
-0.748644
-0.748351
-0.748057
-0.747761
-0.747464
-0.747166
-0.746866
-0.746564
-0.746262
-0.745958
-0.745652
-0.745345
-0.745037
-0.744727
-0.744416
-0.744103
-0.743789
-0.743474
-0.743157
-0.742838
-0.742518
-0.742197
-0.741874
-0.741550
-0.741225
-0.740897
-0.740569
-0.740239
-0.739907
-0.739574
-0.739239
-0.738903
-0.738565
-0.738226
-0.737885
-0.737543
-0.737199
-0.736853
-0.736506
-0.736157
-0.735807
-0.735455
-0.735101
-0.734746
-0.734389
-0.734030
-0.733670
-0.733308
-0.732944
-0.732579
-0.732212
-0.731843
-0.731472
-0.731100
-0.730726
-0.730350
-0.729972
-0.729592
-0.729211
-0.728827
-0.728442
-0.728055
-0.727666
-0.727275
-0.726882
-0.726488
-0.726091
-0.725692
-0.725291
-0.724889
-0.724484
-0.724077
-0.723668
-0.723258
-0.722845
-0.722430
-0.722012
-0.721593
-0.721172
-0.720748
-0.720322
-0.719894
-0.719464
-0.719032
-0.718597
-0.718160
-0.717721
-0.717280
-0.716836
-0.716390
-0.715941
-0.715491
-0.715037
-0.714582
-0.714124
-0.713664
-0.713201
-0.712736
-0.712268
-0.711798
-0.711325
-0.710850
-0.710372
-0.709892
-0.709410
-0.708924
-0.708436
-0.707946
-0.707453
-0.706957
-0.706459
-0.705958
-0.705454
-0.704948
-0.704439
-0.703928
-0.703413
-0.702896
-0.702376
-0.701854
-0.701329
-0.700801
-0.700270
-0.699737
-0.699200
-0.698661
-0.698119
-0.697575
-0.697027
-0.696477
-0.695924
-0.695368
-0.694809
-0.694248
-0.693683
-0.693116
-0.692546
-0.691973
-0.691397
-0.690819
-0.690237
-0.689653
-0.689065
-0.688475
-0.687882
-0.687286
-0.686687
-0.686086
-0.685481
-0.684874
-0.684264
-0.683651
-0.683035
-0.682416
-0.681795
-0.681170
-0.680543
-0.679913
-0.679280
-0.678644
-0.678006
-0.677365
-0.676720
-0.676074
-0.675424
-0.674772
-0.674117
-0.673459
-0.672799
-0.672136
-0.671470
-0.670801
-0.670130
-0.669457
-0.668780
-0.668101
-0.667420
-0.666736
-0.666049
-0.665360
-0.664669
-0.663975
-0.663279
-0.662580
-0.661879
-0.661175
-0.660470
-0.659762
-0.659051
-0.658339
-0.657624
-0.656907
-0.656188
-0.655467
-0.654744
-0.654018
-0.653291
-0.652562
-0.651831
-0.651098
-0.650363
-0.649627
-0.648889
-0.648149
-0.647407
-0.646664
-0.645919
-0.645173
-0.644425
-0.643676
-0.642925
-0.642174
-0.641421
-0.640666
-0.639911
-0.639155
-0.638397
-0.637639
-0.636879
-0.636119
-0.635358
-0.634597
-0.633834
-0.633072
-0.632308
-0.631544
-0.630780
-0.630016
-0.629251
-0.628487
-0.627722
-0.626957
-0.626193
-0.625428
-0.624664
-0.623901
-0.623138
-0.622375
-0.621613
-0.620852
-0.620092
-0.619332
-0.618574
-0.617817
-0.617061
-0.616307
-0.615554
-0.614803
-0.614053
-0.613305
-0.612559
-0.611815
-0.611074
-0.610334
-0.609597
-0.608862
-0.608129
-0.607399
-0.606672
-0.605947
-0.605225
-0.604506
-0.603790
-0.603077
-0.602366
-0.601659
-0.600955
-0.600254
-0.599556
-0.598861
-0.598169
-0.597481
-0.596796
-0.596115
-0.595436
-0.594761
-0.594089
-0.593420
-0.592755
-0.592092
-0.591432
-0.590774
-0.590119
-0.589466
-0.588815
-0.588166
-0.587518
-0.586871
-0.586225
-0.585580
-0.584935
-0.584290
-0.583646
-0.583000
-0.582355
-0.581709
-0.581062
-0.580415
-0.579766
-0.579117
-0.578468
-0.577818
-0.577167
-0.576516
-0.575864
-0.575213
-0.574561
-0.573911
-0.573260
-0.572611
-0.571963
-0.571317
-0.570672
-0.570029
-0.569389
-0.568752
-0.568117
-0.567486
-0.566859
-0.566235
-0.565615
-0.565000
-0.564389
-0.563783
-0.563182
-0.562586
-0.561996
-0.561411
-0.560832
-0.560260
-0.559693
-0.559134
-0.558580
-0.558035
-0.557496
-0.556965
-0.556442
-0.555927
-0.555420
-0.554923
-0.554435
-0.553957
-0.553488
-0.553031
-0.552584
-0.552148
-0.551724
-0.551311
-0.550909
-0.550518
-0.550137
-0.549762
-0.549388
-0.548996
-0.548526
-0.547921
-0.547268
-0.546628
-0.546101
-0.545567
-0.544655
-0.544765
-0.545271
-0.545329
-0.545806
-0.546272
-0.546698
-0.547100
-0.547480
-0.547864
-0.548263
-0.548669
-0.549059
-0.549407
-0.549687
-0.549788
-0.549359
-0.548429
-0.548504
-0.548450
-0.548513
-0.548662
-0.547363
-0.547851
-0.547475
-0.547154
-0.547648
-0.546652
-0.544249
-0.544639
-0.545054
-0.544100
-0.544128
-0.541221
-0.541559
-0.541687
-0.540503
-0.540712
-0.538767
-0.536647
-0.536348
-0.537520
-0.535193
-0.534429
-0.533803
-0.534730
-0.531315
-0.530290
-0.528968
-0.529747
-0.526138
-0.525054
-0.523747
-0.524662
-0.520705
-0.519664
-0.518176
-0.519154
-0.515034
-0.513800
-0.512257
-0.513215
-0.508944
-0.509725
-0.502695
-0.504622
-0.502384
-0.498068
-0.500986
-0.499363
-0.494663
-0.497117
-0.494417
-0.490797
-0.491652
-0.489618
-0.485211
-0.486776
-0.484649
-0.480460
-0.482238
-0.479552
-0.475565
-0.477033
-0.474493
-0.470008
-0.472117
-0.468884
-0.464963
-0.466635
-0.463677
-0.459081
-0.461355
-0.457605
-0.453773
-0.455515
-0.452341
-0.447581
-0.450152
-0.445658
-0.442215
-0.443627
-0.440943
-0.435835
-0.439019
-0.433408
-0.430201
-0.430814
-0.430354
-0.426177
-0.427888
-0.419266
-0.421059
-0.416929
-0.415513
-0.413082
-0.416916
-0.411408
-0.405351
-0.407033
-0.400489
-0.399506
-0.399506
-0.393723
-0.395089
-0.391887
-0.396608
-0.392449
-0.387390
-0.386827
-0.378123
-0.379513
-0.375103
-0.378113
-0.375034
-0.373263
-0.370363
-0.362809
-0.363989
-0.358564
-0.366924
-0.358317
-0.352205
-0.352727
-0.344917
-0.347078
-0.341764
-0.348811
-0.342360
-0.341616
-0.337460
-0.329648
-0.330630
-0.324292
-0.331205
-0.321923
-0.333251
-0.321960
-0.318786
-0.311428
-0.317104
-0.307251
-0.315169
-0.304489
-0.310604
-0.299743
-0.306150
-0.295237
-0.300258
-0.289642
-0.296652
-0.285681
-0.291595
-0.280520
-0.288032
-0.276485
-0.283276
-0.271542
-0.279511
-0.267413
-0.275046
-0.262703
-0.271098
-0.258467
-0.266886
-0.254001
-0.262858
-0.249713
-0.258811
-0.245413
-0.254827
-0.241176
-0.250888
-0.236984
-0.247001
-0.232842
-0.243165
-0.228761
-0.239377
-0.224757
-0.235637
-0.220842
-0.231941
-0.217014
-0.228291
-0.213268
-0.224687
-0.209600
-0.221133
-0.206011
-0.217635
-0.202501
-0.214201
-0.199065
-0.210837
-0.195698
-0.207552
-0.192390
-0.204352
-0.189127
-0.201246
-0.185897
-0.198236
-0.182695
-0.195317
-0.179545
-0.192474
-0.176503
-0.189683
-0.173631
-0.186917
-0.170968
-0.184165
-0.168491
-0.181435
-0.166128
-0.178734
-0.163833
-0.176061
-0.161601
-0.173416
-0.159427
-0.170802
-0.157296
-0.168221
-0.155191
-0.165667
-0.153104
-0.163115
-0.151048
-0.160522
-0.149061
-0.157840
-0.147158
-0.155042
-0.145277
-0.152133
-0.143303
-0.149138
-0.141151
-0.146068
-0.138821
-0.142930
-0.136353
-0.139740
-0.133791
-0.136512
-0.131166
-0.133261
-0.128507
-0.130002
-0.125833
-0.126751
-0.123162
-0.123524
-0.120501
-0.120342
-0.117845
-0.117231
-0.115180
-0.114212
-0.112493
-0.111295
-0.109781
-0.108469
-0.107056
-0.105705
-0.104331
-0.102972
-0.101609
-0.100246
-0.098879
-0.097507
-0.096129
-0.094743
-0.093347
-0.091941
-0.090524
-0.089095
-0.087656
-0.086205
-0.084743
-0.083271
-0.081788
-0.080296
-0.078794
-0.077284
-0.075765
-0.074237
-0.072701
-0.071156
-0.069602
-0.068040
-0.066468
-0.064887
-0.063297
-0.061698
-0.060088
-0.058469
-0.056840
-0.055201
-0.053552
-0.051893
-0.050223
-0.048544
-0.046854
-0.045154
-0.043444
-0.041724
-0.039995
-0.038256
-0.036507
-0.034750
-0.032984
-0.031210
-0.029428
-0.027638
-0.025842
-0.024039
-0.022231
-0.020417
-0.018598
-0.016776
-0.014950
-0.013121
-0.011290
-0.009458
-0.007625
-0.005792
-0.003960
-0.002129
-0.000301
0.001523
0.003344
0.005160
0.006971
0.008776
0.010575
0.012366
0.014150
0.015926
0.017695
0.019456
0.021209
0.022956
0.024695
0.026429
0.028159
0.029884
0.031607
0.033328
0.035050
0.036774
0.038500
0.040231
0.041968
0.043711
0.045463
0.047223
0.048992
0.050772
0.052562
0.054363
0.056175
0.057998
0.059832
0.061677
0.063533
0.065399
0.067275
0.069161
0.071055
0.072958
0.074869
0.076786
0.078710
0.080638
0.082571
0.084508
0.086448
0.088391
0.090336
0.092284
0.094234
0.096187
0.098144
0.100106
0.102074
0.104049
0.106032
0.108024
0.110026
0.112039
0.114063
0.116099
0.118146
0.120205
0.122274
0.124355
0.126445
0.128545
0.130654
0.132771
0.134895
0.137025
0.139161
0.141301
0.143444
0.145590
0.147736
0.149881
0.152023
0.154161
0.156294
0.158419
0.160539
0.162656
0.164777
0.166917
0.169095
0.171343
0.173696
0.176184
0.178822
0.181589
0.184439
0.187329
0.190237
0.193157
0.196084
0.198994
0.201847
0.204599
0.207209
0.209648
0.211901
0.213966
0.215853
0.217581
0.219172
0.220651
0.222042
0.223366
0.224639
0.225872
0.227076
0.228257
0.229421
0.230576
0.231727
0.232879
0.234041
0.235216
0.236414
0.237642
0.238909
0.240226
0.241603
0.243056
0.244598
0.246245
0.248016
0.249926
0.251992
0.254225
0.256628
0.259193
0.261897
0.264694
0.267517
0.270283
0.272898
0.275272
0.277336
0.279051
0.280410
0.281441
0.282196
0.282745
0.283164
0.283528
0.283907
0.284359
0.284941
0.285708
0.286714
0.288015
0.289667
0.291707
0.294145
0.296936
0.299980
0.303127
0.306218
0.309130
0.311801
0.314226
0.316448
0.318528
0.320527
0.322491
0.324454
0.326432
0.328436
0.330472
0.332540
0.334640
0.336771
0.338929
0.341110
0.343310
0.345528
0.347761
0.350007
0.352267
0.354538
0.356821
0.359114
0.361417
0.363729
0.366049
0.368376
0.370709
0.373047
0.375389
0.377734
0.380082
0.382431
0.384781
0.387131
0.389480
0.391828
0.394173
0.396516
0.398855
0.401189
0.403519
0.405842
0.408160
0.410469
0.412771
0.415065
0.417349
0.419622
0.421885
0.424135
0.426373
0.428597
0.430806
0.432999
0.435176
0.437334
0.439473
0.441591
0.443687
0.445759
0.447806
0.449826
0.451817
0.453778
0.455707
0.457602
0.459461
0.461282
0.463063
0.464802
0.466496
0.468144
0.469743
0.471290
0.472783
0.474220
0.475597
0.476910
0.478157
0.479332
0.480431
0.481448
0.482376
0.483208
0.483935
0.484546
0.485030
0.485374
0.485563
0.485586
0.485429
0.485087
0.484558
0.483852
0.482991
0.482009
0.480948
0.479852
0.478758
0.477698
0.476692
0.475751
0.474882
0.474085
0.473359
0.472695
0.472695
0.472121
0.471437
0.471949
0.464507
0.517991
0.490659
0.494456
0.483467
0.505093
0.512255
0.519180
0.527745
0.534246
0.537385
0.538601
0.538942
0.539069
0.539340
0.539876
0.540659
0.541607
0.542645
0.543725
0.544833
0.545964
0.547116
0.548278
0.549434
0.550567
0.551659
0.552700
0.553684
0.554608
0.555471
0.556271
0.557006
0.557675
0.558276
0.558807
0.559267
0.559656
0.559973
0.560220
0.560398
0.560510
0.560558
0.560546
0.560480
0.560363
0.560202
0.560002
0.559770
0.559511
0.559230
0.558934
0.558627
0.558313
0.557995
0.557677
0.557360
0.557046
0.556736
0.556431
0.556132
0.555839
0.555551
0.555270
0.554994
0.554724
0.554460
0.554201
0.553947
0.553698
0.553455
0.553216
0.552982
0.552754
0.552531
0.552313
0.552101
0.551895
0.551694
0.551500
0.551312
0.551131
0.550957
0.550791
0.550631
0.550479
0.550335
0.550200
0.550072
0.549952
0.549841
0.549739
0.549645
0.549559
0.549482
0.549414
0.549354
0.549302
0.549258
0.549223
0.549195
0.549175
0.549163
0.549157
0.549159
0.549168
0.549183
0.549204
0.549232
0.549265
0.549303
0.549347
0.549396
0.549449
0.549507
0.549569
0.549635
0.549704
0.549777
0.549853
0.549931
0.550012
0.550096
0.550182
0.550270
0.550359
0.550450
0.550543
0.550637
0.550732
0.550828
0.550925
0.551022
0.551120
0.551219
0.551318
0.551418
0.551518
0.551618
0.551718
0.551818
0.551918
0.552019
0.552119
0.552220
0.552321
0.552422
0.552522
0.552623
0.552724
0.552825
0.552927
0.553028
0.553130
0.553232
0.553334
0.553437
0.553539
0.553643
0.553746
0.553851
0.553955
0.554061
0.554166
0.554273
0.554380
0.554488
0.554596
0.554706
0.554816
0.554927
0.555038
0.555151
0.555264
0.555378
0.555494
0.555610
0.555727
0.555845
0.555963
0.556083
0.556204
0.556325
0.556447
0.556571
0.556695
0.556820
0.556945
0.557072
0.557199
0.557327
0.557456
0.557586
0.557716
0.557847
0.557978
0.558111
0.558243
0.558376
0.558510
0.558644
0.558778
0.558913
0.559048
0.559184
0.559319
0.559455
0.559591
0.559727
0.559863
0.560000
0.560136
0.560272
0.560408
0.560544
0.560680
0.560815
0.560950
0.561085
0.561220
0.561354
0.561488
0.561621
0.561754
0.561886
0.562018
0.562149
0.562280
0.562410
0.562539
0.562667
0.562795
0.562922
0.563048
0.563173
0.563298
0.563421
0.563544
0.563666
0.563786
0.563906
0.564025
0.564142
0.564259
0.564374
0.564489
0.564602
0.564714
0.564825
0.564935
0.565043
0.565151
0.565257
0.565362
0.565465
0.565568
0.565669
0.565769
0.565867
0.565964
0.566060
0.566155
0.566248
0.566339
0.566430
0.566519
0.566606
0.566692
0.566777
0.566860
0.566942
0.567022
0.567101
0.567178
0.567254
0.567328
0.567401
0.567472
0.567541
0.567609
0.567676
0.567741
0.567804
0.567865
0.567925
0.567984
0.568040
0.568096
0.568149
0.568201
0.568251
0.568299
0.568345
0.568390
0.568433
0.568474
0.568514
0.568552
0.568587
0.568622
0.568654
0.568684
0.568713
0.568739
0.568764
0.568787
0.568807
0.568826
0.568843
0.568858
0.568871
0.568882
0.568891
0.568897
0.568902
0.568905
0.568905
0.568903
0.568900
0.568894
0.568885
0.568875
0.568862
0.568847
0.568829
0.568810
0.568788
0.568763
0.568736
0.568707
0.568675
0.568641
0.568604
0.568565
0.568523
0.568478
0.568431
0.568381
0.568328
0.568272
0.568214
0.568153
0.568089
0.568022
0.567952
0.567878
0.567802
0.567723
0.567640
0.567555
0.567465
0.567373
0.567277
0.567177
0.567074
0.566968
0.566857
0.566743
0.566624
0.566502
0.566375
0.566245
0.566110
0.565970
0.565826
0.565676
0.565522
0.565363
0.565199
0.565028
0.564853
0.564671
0.564483
0.564288
0.564087
0.563878
0.563662
0.563438
0.563205
0.562964
0.562712
0.562451
0.562179
0.561895
0.561599
0.561288
0.560963
0.560622
0.560263
0.559885
0.559485
0.559060
0.558610
0.558129
0.557614
0.557061
0.556465
0.555820
0.555118
0.554352
0.553515
0.552597
0.551591
0.550496
0.549315
0.548066
0.546784
0.545522
0.544342
0.543296
0.542402
0.541649
0.541005
0.540434
0.539912
0.539422
0.538953
0.538499
0.538055
0.537618
0.537186
0.536761
0.536341
0.535928
0.535520
0.535118
0.534722
0.534332
0.533948
0.533569
0.533195
0.532828
0.532465
0.532109
0.531758
0.531413
0.531074
0.530741
0.530414
0.530093
0.529778
0.529468
0.529165
0.528868
0.528577
0.528292
0.528012
0.527739
0.527472
0.527211
0.526956
0.526706
0.526463
0.526225
0.525993
0.525766
0.525545
0.525330
0.525120
0.524915
0.524716
0.524522
0.524333
0.524149
0.523970
0.523796
0.523627
0.523462
0.523302
0.523147
0.522996
0.522849
0.522707
0.522570
0.522436
0.522307
0.522182
0.522061
0.521943
0.521830
0.521721
0.521615
0.521514
0.521416
0.521322
0.521231
0.521144
0.521061
0.520981
0.520905
0.520833
0.520764
0.520698
0.520636
0.520577
0.520522
0.520522
0.520470
0.520421
0.520376
0.520334
0.520295
0.520260
0.520228
0.520199
0.520173
0.520151
0.520132
0.520116
0.520104
0.520095
0.520088
0.520085
0.520086
0.520089
0.520096
0.520105
0.520118
0.520134
0.520153
0.520175
0.520201
0.520229
0.520260
0.520295
0.520332
0.520373
0.520416
0.520463
0.520512
0.520565
0.520620
0.520679
0.520740
0.520804
0.520871
0.520941
0.521014
0.521090
0.521169
0.521250
0.521334
0.521421
0.521511
0.521603
0.521698
0.521796
0.521897
0.522000
0.522106
0.522215
0.522326
0.522440
0.522556
0.522675
0.522797
0.522921
0.523047
0.523177
0.523308
0.523442
0.523579
0.523718
0.523860
0.524003
0.524150
0.524298
0.524449
0.524603
0.524758
0.524916
0.525077
0.525239
0.525404
0.525571
0.525740
0.525911
0.526085
0.526260
0.526438
0.526617
0.526799
0.526983
0.527168
0.527356
0.527545
0.527736
0.527929
0.528123
0.528319
0.528517
0.528716
0.528917
0.529119
0.529323
0.529528
0.529734
0.529941
0.530149
0.530359
0.530569
0.530780
0.530992
0.531205
0.531418
0.531632
0.531847
0.532062
0.532277
0.532493
0.532709
0.532926
0.533142
0.533359
0.533576
0.533794
0.534011
0.534228
0.534446
0.534663
0.534881
0.535098
0.535316
0.535533
0.535750
0.535967
0.536185
0.536402
0.536619
0.536836
0.537053
0.537270
0.537487
0.537703
0.537920
0.538137
0.538353
0.538569
0.538786
0.539002
0.539218
0.539434
0.539649
0.539865
0.540081
0.540296
0.540512
0.540727
0.540942
0.541158
0.541373
0.541588
0.541803
0.542018
0.542234
0.542449
0.542664
0.542879
0.543095
0.543310
0.543526
0.543742
0.543958
0.544174
0.544390
0.544606
0.544822
0.545038
0.545254
0.545471
0.545687
0.545903
0.546119
0.546336
0.546552
0.546768
0.546984
0.547200
0.547416
0.547632
0.547848
0.548064
0.548279
0.548495
0.548711
0.548928
0.549144
0.549362
0.549580
0.549801
0.550023
0.550251
0.550484
0.550730
0.550992
0.551296
0.551666
0.552211
0.553078
0.554255
0.553071
0.553502
0.551966
0.552928
0.550986
0.553964
0.549103
0.557769
0.546623
0.563471
0.551170
0.554505
0.548051
0.561925
0.549435
0.559472
0.547113
0.565316
0.553523
0.551363
0.557266
0.547210
0.568066
0.556967
0.546914
0.569771
0.559211
0.547058
0.571899
0.562153
0.551516
0.561389
0.548189
0.571646
0.562148
0.550662
0.565734
0.554179
0.557425
0.550580
0.567049
0.555953
0.553181
0.561020
0.548235
0.576015
0.567273
0.563604
0.556386
0.550503
0.571858
0.564194
0.554565
0.560966
0.547875
0.582583
0.573814
0.578581
0.587144
0.591620
0.595341
0.598638
0.601434
0.604011
0.606400
0.608617
0.610724
0.612720
0.614623
0.616448
0.618206
0.619907
0.621556
0.623157
0.624710
0.626216
0.627674
0.629084
0.630447
0.631764
0.633037
0.634266
0.635454
0.636601
0.637708
0.638776
0.639807
0.640802
0.641761
0.642685
0.643577
0.644438
0.645267
0.646068
0.646840
0.647585
0.648305
0.649000
0.649672
0.650323
0.650954
0.651565
0.652160
0.652739
0.653304
0.653855
0.654396
0.654926
0.655448
0.655962
0.656471
0.656975
0.657475
0.657972
0.658469
0.658964
0.659460
0.659958
0.660458
0.660960
0.661466
0.661977
0.662492
0.663012
0.663538
0.664071
0.664609
0.665155
0.665707
0.666267
0.666834
0.667408
0.667990
0.668579
0.669176
0.669781
0.670392
0.671011
0.671638
0.672271
0.672911
0.673558
0.674211
0.674871
0.675536
0.676207
0.676883
0.677565
0.678251
0.678941
0.679635
0.680333
0.681035
0.681739
0.682445
0.683154
0.683864
0.684576
0.685288
0.686001
0.686714
0.687427
0.688139
0.688850
0.689560
0.690268
0.690974
0.691678
0.692379
0.693078
0.693773
0.694466
0.695155
0.695840
0.696522
0.697200
0.697874
0.698544
0.699210
0.699871
0.700528
0.701181
0.701829
0.702473
0.703112
0.703747
0.704377
0.705002
0.705623
0.706239
0.706850
0.707457
0.708060
0.708657
0.709250
0.709839
0.710423
0.711002
0.711577
0.712148
0.712714
0.713276
0.713833
0.714387
0.714936
0.715481
0.716022
0.716558
0.717091
0.717620
0.718144
0.718665
0.719182
0.719695
0.720205
0.720711
0.721213
0.721711
0.722206
0.722697
0.723185
0.723670
0.724150
0.724628
0.725102
0.725573
0.726040
0.726504
0.726964
0.727422
0.727876
0.728326
0.728774
0.729218
0.729659
0.730096
0.730531
0.730962
0.731390
0.731814
0.732235
0.732653
0.733068
0.733479
0.733887
0.734292
0.734693
0.735090
0.735485
0.735875
0.736263
0.736646
0.737027
0.737403
0.737776
0.738145
0.738511
0.738873
0.739231
0.739585
0.739936
0.740282
0.740625
0.740963
0.741298
0.741629
0.741955
0.742277
0.742595
0.742909
0.743219
0.743524
0.743825
0.744122
0.744414
0.744701
0.744984
0.745262
0.745536
0.745805
0.746069
0.746329
0.746583
0.746833
0.747078
0.747318
0.747552
0.747782
0.748007
0.748226
0.748441
0.748650
0.748853
0.749052
0.749245
0.749433
0.749433
0.749615
0.749792
0.749963
0.750129
0.750289
0.750444
0.750593
0.750736
0.750873
0.751005
0.751131
0.751251
0.751366
0.751474
0.751577
0.751674
0.751764
0.751849
0.751928
0.752001
0.752068
0.752129
0.752183
0.752232
0.752274
0.752311
0.752341
0.752365
0.752383
0.752395
0.752400
0.752400
0.752393
0.752379
0.752360
0.752334
0.752302
0.752263
0.752218
0.752167
0.752109
0.752045
0.751974
0.751896
0.751813
0.751722
0.751625
0.751521
0.751410
0.751293
0.751168
0.751037
0.750899
0.750753
0.750600
0.750440
0.750273
0.750098
0.749915
0.749724
0.749526
0.749319
0.749104
0.748881
0.748648
0.748407
0.748156
0.747896
0.747625
0.747344
0.747053
0.746750
0.746435
0.746108
0.745767
0.745413
0.745044
0.744659
0.744258
0.743838
0.743398
0.742937
0.742452
0.741941
0.741400
0.740827
0.740216
0.739561
0.738856
0.738092
0.737254
0.736326
0.735284
0.734091
0.732689
0.730983
0.728798
0.725766
0.720981
0.711963
0.705661
0.717186
0.706258
0.710804
0.701865
0.715567
0.703912
0.708243
0.699711
0.714161
0.702401
0.705868
0.698202
0.711568
0.699709
0.706161
0.695900
0.711479
0.699578
0.701325
0.696216
0.704596
0.694187
0.706987
0.695214
0.702387
0.692170
0.705999
0.694322
0.699517
0.691015
0.703026
0.691765
0.699536
0.689547
0.701127
0.690020
0.698052
0.688184
0.698923
0.688224
0.696653
0.686833
0.696720
0.686472
0.695168
0.685464
0.694610
0.684845
0.693486
0.684037
0.692638
0.683325
0.691673
0.682588
0.690747
0.681868
0.689811
0.681154
0.688876
0.680450
0.687941
0.679755
0.687005
0.679071
0.686068
0.678397
0.685129
0.677734
0.684188
0.677082
0.683245
0.676442
0.682299
0.675815
0.681352
0.675202
0.680402
0.674602
0.679450
0.674015
0.678497
0.673444
0.677543
0.672886
0.676591
0.672342
0.675642
0.671811
0.674699
0.671291
0.673765
0.670779
0.672845
0.670273
0.671943
0.669766
0.671065
0.669256
0.670214
0.668736
0.669393
0.668203
0.668604
0.667654
0.667846
0.667088
0.667119
0.666506
0.666417
0.665911
0.665737
0.665305
0.665075
0.664691
0.664426
0.664074
0.663788
0.663455
0.663157
0.662836
0.662532
0.662218
0.661912
0.661602
0.661296
0.660989
0.660684
0.660378
0.660074
0.659770
0.659468
0.659165
0.658864
0.658563
0.658263
0.657963
0.657664
0.657366
0.657068
0.656771
0.656475
0.656179
0.655884
0.655589
0.655295
0.655002
0.654709
0.654417
0.654126
0.653835
0.653544
0.653254
0.652965
0.652676
0.652388
0.652101
0.651813
0.651527
0.651241
0.650956
0.650671
0.650386
0.650103
0.649819
0.649536
0.649254
0.648972
0.648691
0.648411
0.648130
0.647851
0.647572
0.647293
0.647015
0.646737
0.646460
0.646183
0.645907
0.645631
0.645356
0.645082
0.644807
0.644534
0.644260
0.643988
0.643715
0.643444
0.643172
0.642902
0.642631
0.642361
0.642092
0.641823
0.641555
0.641287
0.641019
0.640753
0.640486
0.640220
0.639955
0.639689
0.639425
0.639161
0.638897
0.638634
0.638371
0.638109
0.637848
0.637586
0.637326
0.637065
0.636806
0.636547
0.636288
0.636029
0.635772
0.635514
0.635258
0.635001
0.634746
0.634490
0.634235
0.633981
0.633727
0.633474
0.633221
0.632969
0.632717
0.632466
0.632215
0.631965
0.631715
0.631466
0.631218
0.630969
0.630722
0.630475
0.630228
0.629982
0.629737
0.629492
0.629248
0.629004
0.628760
0.628518
0.628276
0.628034
0.627793
0.627553
0.627313
0.627073
0.626835
0.626596
0.626359
0.626122
0.625885
0.625649
0.625414
0.625180
0.624945
0.624712
0.624479
0.624247
0.624015
0.623784
0.623554
0.623324
0.623095
0.622866
0.622639
0.622411
0.622185
0.621959
0.621733
0.621509
0.621285
0.621061
0.620839
0.620616
0.620395
0.620174
0.619954
0.619735
0.619516
0.619298
0.619081
0.618864
0.618648
0.618433
0.618219
0.618005
0.617792
0.617579
0.617367
0.617156
0.616946
0.616737
0.616528
0.616320
0.616112
0.615906
0.615700
0.615495
0.615290
0.615087
0.614884
0.614682
0.614480
0.614280
0.614080
0.613881
0.613682
0.613485
0.613288
0.613092
0.612897
0.612702
0.612509
0.612316
0.612124
0.611933
0.611742
0.611553
0.611364
0.611176
0.610989
0.610802
0.610617
0.610432
0.610248
0.610065
0.609883
0.609702
0.609521
0.609342
0.609163
0.608985
0.608808
0.608632
0.608457
0.608282
0.608109
0.607936
0.607764
0.607593
0.607423
0.607254
0.607086
0.606919
0.606753
0.606588
0.606423
0.606260
0.606097
0.605936
0.605775
0.605616
0.605457
0.605300
0.605143
0.604987
0.604833
0.604679
0.604527
0.604375
0.604225
0.604076
0.603927
0.603780
0.603634
0.603489
0.603345
0.603203
0.603061
0.602921
0.602781
0.602643
0.602507
0.602371
0.602237
0.602104
0.601972
0.601841
0.601712
0.601584
0.601457
0.601332
0.601208
0.601085
0.600964
0.600845
0.600726
0.600609
0.600494
0.600380
0.600268
0.600157
0.600048
0.600048
0.599940
0.599834
0.599730
0.599627
0.599526
0.599427
0.599329
0.599234
0.599139
0.599047
0.598957
0.598868
0.598781
0.598696
0.598613
0.598531
0.598452
0.598374
0.598298
0.598224
0.598153
0.598083
0.598014
0.597948
0.597884
0.597822
0.597761
0.597702
0.597645
0.597590
0.597537
0.597486
0.597436
0.597388
0.597342
0.597297
0.597254
0.597213
0.597173
0.597134
0.597097
0.597062
0.597027
0.596994
0.596963
0.596932
0.596903
0.596875
0.596848
0.596821
0.596796
0.596772
0.596748
0.596725
0.596703
0.596682
0.596662
0.596642
0.596622
0.596603
0.596585
0.596567
0.596549
0.596532
0.596516
0.596499
0.596483
0.596467
0.596452
0.596436
0.596421
0.596406
0.596392
0.596377
0.596362
0.596348
0.596334
0.596320
0.596306
0.596292
0.596278
0.596264
0.596250
0.596237
0.596223
0.596209
0.596196
0.596182
0.596169
0.596155
0.596142
0.596128
0.596115
0.596102
0.596088
0.596075
0.596062
0.596049
0.596035
0.596022
0.596009
0.595996
0.595983
0.595970
0.595957
0.595944
0.595931
0.595918
0.595906
0.595893
0.595880
0.595868
0.595855
0.595843
0.595830
0.595818
0.595806
0.595794
0.595782
0.595770
0.595758
0.595746
0.595734
0.595723
0.595711
0.595700
0.595689
0.595677
0.595666
0.595655
0.595645
0.595634
0.595623
0.595613
0.595603
0.595592
0.595582
0.595572
0.595563
0.595553
0.595543
0.595534
0.595525
0.595516
0.595507
0.595498
0.595489
0.595481
0.595472
0.595464
0.595456
0.595448
0.595440
0.595432
0.595425
0.595418
0.595410
0.595403
0.595396
0.595389
0.595383
0.595376
0.595370
0.595364
0.595358
0.595352
0.595346
0.595340
0.595335
0.595329
0.595324
0.595319
0.595314
0.595309
0.595304
0.595300
0.595295
0.595291
0.595287
0.595283
0.595279
0.595275
0.595271
0.595268
0.595264
0.595261
0.595258
0.595255
0.595252
0.595249
0.595246
0.595244
0.595241
0.595239
0.595237
0.595234
0.595232
0.595230
0.595228
0.595227
0.595225
0.595223
0.595222
0.595221
0.595219
0.595218
0.595217
0.595216
0.595215
0.595214
0.595213
0.595213
0.595212
0.595212
0.595211
0.595211
0.595211
0.595211
0.595211
0.595211
0.595211
0.595211
0.595211
0.595211
0.595212
0.595212
0.595213
0.595213
0.595214
0.595214
0.595215
0.595216
0.595217
0.595218
0.595219
0.595220
0.595221
0.595222
0.595224
0.595225
0.595226
0.595228
0.595229
0.595231
0.595233
0.595234
0.595236
0.595238
0.595240
0.595241
0.595243
0.595245
0.595247
0.595249
0.595252
0.595254
0.595256
0.595258
0.595261
0.595263
0.595265
0.595268
0.595270
0.595273
0.595276
0.595278
0.595281
0.595284
0.595286
0.595289
0.595292
0.595295
0.595298
0.595301
0.595304
0.595307
0.595310
0.595313
0.595317
0.595320
0.595323
0.595326
0.595330
0.595333
0.595337
0.595340
0.595344
0.595347
0.595351
0.595355
0.595358
0.595362
0.595366
0.595369
0.595373
0.595377
0.595381
0.595385
0.595389
0.595393
0.595397
0.595401
0.595405
0.595410
0.595414
0.595418
0.595422
0.595427
0.595431
0.595435
0.595440
0.595444
0.595449
0.595453
0.595458
0.595462
0.595467
0.595472
0.595476
0.595481
0.595486
0.595491
0.595496
0.595501
0.595506
0.595511
0.595516
0.595521
0.595526
0.595531
0.595536
0.595541
0.595546
0.595552
0.595557
0.595562
0.595568
0.595573
0.595578
0.595584
0.595589
0.595595
0.595601
0.595606
0.595612
0.595617
0.595623
0.595629
0.595635
0.595641
0.595646
0.595652
0.595658
0.595664
0.595670
0.595676
0.595682
0.595689
0.595695
0.595701
0.595707
0.595713
0.595720
0.595726
0.595732
0.595739
0.595745
0.595752
0.595758
0.595765
0.595772
0.595778
0.595785
0.595792
0.595798
0.595805
0.595812
0.595819
0.595826
0.595833
0.595839
0.595846
0.595854
0.595861
0.595868
0.595875
0.595882
0.595889
0.595897
0.595904
0.595911
0.595919
0.595926
0.595933
0.595941
0.595948
0.595956
0.595964
0.595971
0.595979
0.595987
0.595994
0.596002
0.596010
0.596018
0.596026
0.596034
0.596042
0.596050
0.596058
0.596066
0.596074
0.596082
0.596090
0.596099
0.596107
0.596115
0.596123
0.596132
0.596140
0.596149
0.596157
0.596166
0.596174
0.596183
0.596192
0.596200
0.596209
0.596218
0.596227
0.596236
0.596244
0.596253
0.596262
0.596271
0.596280
0.596290
0.596299
0.596308
0.596317
0.596326
0.596336
0.596345
0.596354
0.596364
0.596373
0.596383
0.596392
0.596402
0.596411
0.596421
0.596430
0.596440
0.596450
0.596460
0.596470
0.596479
0.596489
0.596499
0.596509
0.596519
0.596529
0.596539
0.596550
0.596560
0.596570
0.596580
0.596591
0.596601
0.596611
0.596622
0.596632
0.596643
0.596653
0.596664
0.596674
0.596685
0.596696
0.596706
0.596717
0.596728
0.596739
0.596750
0.596761
0.596772
0.596783
0.596794
0.596805
0.596816
0.596827
0.596838
0.596849
0.596861
0.596872
0.596883
0.596895
0.596906
0.596918
0.596929
0.596929
0.596941
0.596952
0.596964
0.596976
0.596987
0.596999
0.597011
0.597023
0.597035
0.597047
0.597058
0.597070
0.597082
0.597095
0.597107
0.597119
0.597131
0.597143
0.597155
0.597168
0.597180
0.597192
0.597205
0.597217
0.597230
0.597242
0.597255
0.597267
0.597280
0.597293
0.597305
0.597318
0.597331
0.597344
0.597357
0.597370
0.597383
0.597396
0.597409
0.597422
0.597435
0.597448
0.597461
0.597474
0.597487
0.597501
0.597514
0.597527
0.597541
0.597554
0.597568
0.597581
0.597595
0.597608
0.597622
0.597636
0.597649
0.597663
0.597677
0.597691
0.597704
0.597718
0.597732
0.597746
0.597760
0.597774
0.597788
0.597802
0.597816
0.597831
0.597845
0.597859
0.597873
0.597888
0.597902
0.597916
0.597931
0.597945
0.597960
0.597974
0.597989
0.598003
0.598018
0.598033
0.598047
0.598062
0.598077
0.598091
0.598106
0.598121
0.598136
0.598151
0.598166
0.598181
0.598196
0.598211
0.598226
0.598241
0.598256
0.598271
0.598287
0.598302
0.598317
0.598333
0.598348
0.598363
0.598379
0.598394
0.598410
0.598425
0.598441
0.598456
0.598472
0.598487
0.598503
0.598519
0.598535
0.598550
0.598566
0.598582
0.598598
0.598614
0.598629
0.598645
0.598661
0.598677
0.598693
0.598709
0.598726
0.598742
0.598758
0.598774
0.598790
0.598806
0.598823
0.598839
0.598855
0.598871
0.598888
0.598904
0.598921
0.598937
0.598954
0.598970
0.598987
0.599003
0.599020
0.599036
0.599053
0.599070
0.599086
0.599103
0.599120
0.599136
0.599153
0.599170
0.599187
0.599204
0.599221
0.599238
0.599254
0.599271
0.599288
0.599305
0.599322
0.599339
0.599357
0.599374
0.599391
0.599408
0.599425
0.599442
0.599459
0.599477
0.599494
0.599511
0.599528
0.599546
0.599563
0.599580
0.599598
0.599615
0.599633
0.599650
0.599668
0.599685
0.599703
0.599720
0.599738
0.599755
0.599773
0.599790
0.599808
0.599826
0.599843
0.599861
0.599879
0.599896
0.599914
0.599932
0.599950
0.599967
0.599985
0.600003
0.600021
0.600039
0.600057
0.600074
0.600092
0.600110
0.600128
0.600146
0.600164
0.600182
0.600200
0.600218
0.600236
0.600254
0.600272
0.600290
0.600308
0.600326
0.600344
0.600362
0.600381
0.600399
0.600417
0.600435
0.600453
0.600471
0.600490
0.600508
0.600526
0.600544
0.600563
0.600581
0.600599
0.600617
0.600636
0.600654
0.600672
0.600691
0.600709
0.600727
0.600746
0.600764
0.600782
0.600801
0.600819
0.600838
0.600856
0.600874
0.600893
0.600911
0.600930
0.600948
0.600967
0.600985
0.601003
0.601022
0.601040
0.601059
0.601077
0.601096
0.601114
0.601133
0.601151
0.601170
0.601188
0.601207
0.601225
0.601244
0.601263
0.601281
0.601300
0.601318
0.601337
0.601355
0.601374
0.601392
0.601411
0.601430
0.601448
0.601467
0.601485
0.601504
0.601522
0.601541
0.601560
0.601578
0.601597
0.601615
0.601634
0.601653
0.601671
0.601690
0.601708
0.601727
0.601745
0.601764
0.601783
0.601801
0.601820
0.601838
0.601857
0.601876
0.601894
0.601913
0.601931
0.601950
0.601968
0.601987
0.602006
0.602024
0.602043
0.602061
0.602080
0.602098
0.602117
0.602135
0.602154
0.602172
0.602191
0.602209
0.602228
0.602246
0.602265
0.602283
0.602302
0.602320
0.602339
0.602357
0.602376
0.602394
0.602413
0.602431
0.602450
0.602468
0.602486
0.602505
0.602523
0.602542
0.602560
0.602578
0.602597
0.602615
0.602634
0.602652
0.602670
0.602689
0.602707
0.602725
0.602743
0.602762
0.602780
0.602798
0.602816
0.602835
0.602853
0.602871
0.602889
0.602908
0.602926
0.602944
0.602962
0.602980
0.602998
0.603016
0.603035
0.603053
0.603071
0.603089
0.603107
0.603125
0.603143
0.603161
0.603179
0.603197
0.603215
0.603233
0.603251
0.603269
0.603287
0.603305
0.603322
0.603340
0.603358
0.603376
0.603394
0.603412
0.603429
0.603447
0.603465
0.603483
0.603500
0.603518
0.603536
0.603553
0.603571
0.603589
0.603606
0.603624
0.603641
0.603659
0.603676
0.603694
0.603712
0.603729
0.603746
0.603764
0.603781
0.603799
0.603816
0.603833
0.603851
0.603868
0.603885
0.603903
0.603920
0.603937
0.603954
0.603971
0.603989
0.604006
0.604023
0.604040
0.604057
0.604074
0.604091
0.604108
0.604125
0.604142
0.604159
0.604176
0.604193
0.604210
0.604227
0.604243
0.604260
0.604277
0.604294
0.604310
0.604327
0.604344
0.604360
0.604377
0.604394
0.604410
0.604427
0.604443
0.604460
0.604476
0.604493
0.604509
0.604525
0.604542
0.604558
0.604574
0.604591
0.604607
0.604623
0.604639
0.604655
0.604672
0.604688
0.604704
0.604720
0.604736
0.604752
0.604768
0.604784
0.604799
0.604815
0.604831
0.604847
0.604863
0.604878
0.604894
0.604910
0.604926
0.604941
0.604957
0.604972
0.604988
0.605003
0.605019
0.605034
0.605050
0.605065
0.605080
0.605096
0.605111
0.605126
0.605141
0.605156
0.605172
0.605187
0.605202
0.605217
0.605217
0.605232
0.605247
0.605262
0.605277
0.605291
0.605306
0.605321
0.605336
0.605350
0.605365
0.605380
0.605394
0.605409
0.605424
0.605438
0.605453
0.605467
0.605481
0.605496
0.605510
0.605524
0.605539
0.605553
0.605567
0.605581
0.605595
0.605609
0.605623
0.605637
0.605651
0.605665
0.605679
0.605693
0.605707
0.605720
0.605734
0.605748
0.605761
0.605775
0.605788
0.605802
0.605815
0.605829
0.605842
0.605856
0.605869
0.605882
0.605895
0.605909
0.605922
0.605935
0.605948
0.605961
0.605974
0.605987
0.606000
0.606013
0.606026
0.606038
0.606051
0.606064
0.606076
0.606089
0.606102
0.606114
0.606127
0.606139
0.606151
0.606164
0.606176
0.606188
0.606201
0.606213
0.606225
0.606237
0.606249
0.606261
0.606273
0.606285
0.606297
0.606309
0.606320
0.606332
0.606344
0.606356
0.606367
0.606379
0.606390
0.606402
0.606413
0.606425
0.606436
0.606447
0.606458
0.606470
0.606481
0.606492
0.606503
0.606514
0.606525
0.606536
0.606547
0.606558
0.606569
0.606579
0.606590
0.606601
0.606611
0.606622
0.606632
0.606643
0.606653
0.606664
0.606674
0.606685
0.606695
0.606705
0.606715
0.606725
0.606735
0.606745
0.606755
0.606765
0.606775
0.606785
0.606795
0.606805
0.606815
0.606824
0.606834
0.606844
0.606853
0.606863
0.606872
0.606882
0.606891
0.606900
0.606910
0.606919
0.606928
0.606937
0.606947
0.606956
0.606965
0.606974
0.606983
0.606992
0.607001
0.607009
0.607018
0.607027
0.607036
0.607045
0.607053
0.607062
0.607070
0.607079
0.607088
0.607096
0.607104
0.607113
0.607121
0.607130
0.607138
0.607146
0.607154
0.607163
0.607171
0.607179
0.607187
0.607195
0.607203
0.607211
0.607219
0.607227
0.607235
0.607243
0.607251
0.607258
0.607266
0.607274
0.607282
0.607290
0.607297
0.607305
0.607313
0.607320
0.607328
0.607335
0.607343
0.607350
0.607358
0.607366
0.607373
0.607380
0.607388
0.607395
0.607403
0.607410
0.607418
0.607425
0.607432
0.607440
0.607447
0.607454
0.607462
0.607469
0.607477
0.607484
0.607491
0.607499
0.607506
0.607513
0.607521
0.607528
0.607535
0.607543
0.607550
0.607557
0.607565
0.607572
0.607579
0.607587
0.607594
0.607602
0.607609
0.607617
0.607624
0.607632
0.607639
0.607647
0.607655
0.607662
0.607670
0.607678
0.607685
0.607693
0.607701
0.607709
0.607717
0.607725
0.607733
0.607741
0.607749
0.607757
0.607765
0.607774
0.607782
0.607790
0.607799
0.607807
0.607816
0.607824
0.607833
0.607842
0.607851
0.607860
0.607869
0.607878
0.607887
0.607896
0.607906
0.607915
0.607925
0.607934
0.607944
0.607954
0.607964
0.607974
0.607984
0.607994
0.608005
0.608015
0.608026
0.608037
0.608048
0.608059
0.608070
0.608081
0.608092
0.608104
0.608116
0.608127
0.608139
0.608152
0.608164
0.608176
0.608189
0.608202
0.608214
0.608228
0.608241
0.608254
0.608268
0.608281
0.608295
0.608310
0.608324
0.608338
0.608353
0.608368
0.608383
0.608398
0.608414
0.608429
0.608445
0.608461
0.608477
0.608494
0.608510
0.608527
0.608544
0.608562
0.608579
0.608597
0.608615
0.608633
0.608651
0.608670
0.608689
0.608708
0.608727
0.608747
0.608766
0.608786
0.608807
0.608827
0.608848
0.608869
0.608890
0.608911
0.608933
0.608955
0.608977
0.608999
0.609021
0.609044
0.609067
0.609090
0.609114
0.609138
0.609161
0.609186
0.609210
0.609235
0.609259
0.609284
0.609310
0.609335
0.609361
0.609387
0.609413
0.609439
0.609466
0.609492
0.609519
0.609546
0.609574
0.609601
0.609629
0.609656
0.609685
0.609713
0.609741
0.609770
0.609798
0.609827
0.609856
0.609885
0.609915
0.609944
0.609973
0.610003
0.610033
0.610063
0.610093
0.610123
0.610153
0.610184
0.610214
0.610245
0.610275
0.610306
0.610336
0.610367
0.610398
0.610429
0.610460
0.610491
0.610522
0.610553
0.610584
0.610615
0.610646
0.610677
0.610708
0.610739
0.610770
0.610801
0.610832
0.610862
0.610893
0.610924
0.610955
0.610985
0.611016
0.611046
0.611077
0.611107
0.611137
0.611167
0.611197
0.611227
0.611257
0.611287
0.611316
0.611345
0.611375
0.611404
0.611433
0.611461
0.611490
0.611518
0.611547
0.611575
0.611602
0.611630
0.611658
0.611685
0.611712
0.611739
0.611765
0.611792
0.611818
0.611844
0.611870
0.611895
0.611920
0.611945
0.611970
0.611995
0.612019
0.612043
0.612066
0.612090
0.612113
0.612136
0.612159
0.612181
0.612203
0.612225
0.612246
0.612267
0.612288
0.612309
0.612329
0.612349
0.612369
0.612388
0.612407
0.612426
0.612445
0.612463
0.612481
0.612498
0.612515
0.612532
0.612549
0.612565
0.612581
0.612596
0.612611
0.612626
0.612640
0.612655
0.612668
0.612682
0.612695
0.612708
0.612720
0.612732
0.612744
0.612755
0.612766
0.612777
0.612787
0.612797
0.612806
0.612816
0.612824
0.612833
0.612841
0.612848
0.612856
0.612863
0.612869
0.612875
0.612881
0.612886
0.612886
0.612891
0.612896
0.612900
0.612903
0.612907
0.612910
0.612912
0.612914
0.612916
0.612917
0.612918
0.612919
0.612918
0.612918
0.612917
0.612916
0.612914
0.612912
0.612909
0.612906
0.612902
0.612898
0.612893
0.612888
0.612883
0.612877
0.612870
0.612863
0.612855
0.612847
0.612838
0.612829
0.612819
0.612808
0.612797
0.612785
0.612773
0.612760
0.612746
0.612732
0.612716
0.612700
0.612684
0.612666
0.612648
0.612629
0.612608
0.612587
0.612565
0.612542
0.612518
0.612492
0.612466
0.612438
0.612409
0.612378
0.612346
0.612313
0.612277
0.612240
0.612201
0.612160
0.612117
0.612072
0.612024
0.611973
0.611920
0.611863
0.611804
0.611740
0.611674
0.611603
0.611527
0.611447
0.611363
0.611273
0.611178
0.611078
0.610973
0.610862
0.610748
0.610630
0.610511
0.610395
0.610284
0.610186
0.610107
0.610054
0.610034
0.610051
0.610101
0.610177
0.610267
0.610360
0.610448
0.610528
0.610598
0.610660
0.610714
0.610762
0.610806
0.610847
0.610887
0.610925
0.610962
0.611000
0.611040
0.611081
0.611126
0.611175
0.611229
0.611292
0.611363
0.611446
0.611542
0.611654
0.611785
0.611938
0.612114
0.612317
0.612548
0.612810
0.613103
0.613427
0.613782
0.614165
0.614573
0.615005
0.615456
0.615922
0.616400
0.616886
0.617375
0.617867
0.618356
0.618841
0.619319
0.619788
0.620247
0.620694
0.621129
0.621549
0.621955
0.622345
0.622720
0.623079
0.623421
0.623747
0.624057
0.624351
0.624628
0.624890
0.625136
0.625367
0.625584
0.625786
0.625975
0.626150
0.626312
0.626463
0.626601
0.626729
0.626845
0.626952
0.627050
0.627139
0.627219
0.627291
0.627357
0.627415
0.627467
0.627513
0.627554
0.627590
0.627622
0.627649
0.627673
0.627693
0.627710
0.627725
0.627737
0.627746
0.627754
0.627761
0.627765
0.627769
0.627772
0.627774
0.627775
0.627775
0.627776
0.627776
0.627776
0.627776
0.627777
0.627777
0.627778
0.627779
0.627781
0.627783
0.627786
0.627789
0.627793
0.627797
0.627803
0.627809
0.627816
0.627823
0.627832
0.627841
0.627851
0.627861
0.627873
0.627885
0.627898
0.627911
0.627926
0.627941
0.627957
0.627973
0.627990
0.628008
0.628027
0.628046
0.628065
0.628086
0.628106
0.628128
0.628150
0.628172
0.628195
0.628218
0.628241
0.628265
0.628290
0.628314
0.628339
0.628365
0.628391
0.628416
0.628443
0.628469
0.628496
0.628523
0.628550
0.628577
0.628605
0.628633
0.628661
0.628689
0.628717
0.628745
0.628773
0.628802
0.628831
0.628859
0.628888
0.628917
0.628946
0.628975
0.629005
0.629034
0.629063
0.629093
0.629122
0.629152
0.629182
0.629212
0.629241
0.629271
0.629301
0.629332
0.629362
0.629392
0.629423
0.629453
0.629484
0.629514
0.629545
0.629576
0.629607
0.629638
0.629670
0.629701
0.629733
0.629764
0.629796
0.629828
0.629860
0.629893
0.629925
0.629958
0.629991
0.630024
0.630057
0.630090
0.630124
0.630157
0.630191
0.630225
0.630260
0.630294
0.630329
0.630364
0.630399
0.630434
0.630470
0.630506
0.630542
0.630578
0.630615
0.630651
0.630688
0.630726
0.630763
0.630801
0.630839
0.630877
0.630915
0.630954
0.630993
0.631032
0.631072
0.631111
0.631151
0.631191
0.631232
0.631273
0.631313
0.631355
0.631396
0.631438
0.631480
0.631522
0.631564
0.631607
0.631650
0.631693
0.631736
0.631780
0.631824
0.631868
0.631912
0.631957
0.632002
0.632047
0.632092
0.632137
0.632183
0.632229
0.632275
0.632322
0.632368
0.632415
0.632462
0.632509
0.632557
0.632604
0.632652
0.632700
0.632749
0.632797
0.632846
0.632895
0.632944
0.632993
0.633042
0.633092
0.633142
0.633192
0.633242
0.633292
0.633343
0.633393
0.633444
0.633495
0.633546
0.633597
0.633649
0.633701
0.633752
0.633804
0.633856
0.633909
0.633961
0.634013
0.634066
0.634119
0.634172
0.634225
0.634278
0.634331
0.634385
0.634438
0.634492
0.634546
0.634600
0.634654
0.634708
0.634762
0.634817
0.634871
0.634926
0.634980
0.635035
0.635090
0.635145
0.635200
0.635255
0.635311
0.635366
0.635422
0.635477
0.635533
0.635589
0.635644
0.635700
0.635756
0.635812
0.635868
0.635925
0.635981
0.636037
0.636094
0.636150
0.636207
0.636263
0.636320
0.636377
0.636434
0.636490
0.636547
0.636604
0.636661
0.636718
0.636776
0.636833
0.636890
0.636947
0.637005
0.637062
0.637119
0.637177
0.637234
0.637292
0.637349
0.637407
0.637465
0.637522
0.637580
0.637638
0.637696
0.637754
0.637811
0.637869
0.637927
0.637985
0.638043
0.638101
0.638159
0.638217
0.638275
0.638333
0.638392
0.638450
0.638508
0.638566
0.638624
0.638682
0.638741
0.638799
0.638857
0.638915
0.638974
0.639032
0.639090
0.639148
0.639207
0.639265
0.639323
0.639382
0.639440
0.639498
0.639557
0.639615
0.639673
0.639732
0.639790
0.639849
0.639907
0.639965
0.640024
0.640082
0.640140
0.640199
0.640257
0.640315
0.640374
0.640432
0.640432
0.640490
0.640549
0.640607
0.640665
0.640724
0.640782
0.640840
0.640898
0.640957
0.641015
0.641073
0.641131
0.641190
0.641248
0.641306
0.641364
0.641422
0.641480
0.641538
0.641597
0.641655
0.641713
0.641771
0.641829
0.641887
0.641945
0.642003
0.642061
0.642119
0.642177
0.642235
0.642292
0.642350
0.642408
0.642466
0.642524
0.642581
0.642639
0.642697
0.642755
0.642812
0.642870
0.642928
0.642985
0.643043
0.643100
0.643158
0.643215
0.643273
0.643330
0.643387
0.643445
0.643502
0.643559
0.643617
0.643674
0.643731
0.643788
0.643845
0.643903
0.643960
0.644017
0.644074
0.644131
0.644188
0.644245
0.644301
0.644358
0.644415
0.644472
0.644529
0.644585
0.644642
0.644699
0.644755
0.644812
0.644868
0.644925
0.644981
0.645037
0.645094
0.645150
0.645206
0.645263
0.645319
0.645375
0.645431
0.645487
0.645543
0.645599
0.645655
0.645711
0.645767
0.645823
0.645878
0.645934
0.645990
0.646045
0.646101
0.646156
0.646212
0.646267
0.646323
0.646378
0.646433
0.646489
0.646544
0.646599
0.646654
0.646709
0.646764
0.646819
0.646874
0.646929
0.646984
0.647039
0.647093
0.647148
0.647202
0.647257
0.647312
0.647366
0.647420
0.647475
0.647529
0.647583
0.647637
0.647691
0.647746
0.647800
0.647854
0.647907
0.647961
0.648015
0.648069
0.648122
0.648176
0.648230
0.648283
0.648337
0.648390
0.648443
0.648497
0.648550
0.648603
0.648656
0.648709
0.648762
0.648815
0.648868
0.648921
0.648973
0.649026
0.649079
0.649131
0.649184
0.649236
0.649289
0.649341
0.649393
0.649445
0.649498
0.649550
0.649602
0.649654
0.649705
0.649757
0.649809
0.649861
0.649912
0.649964
0.650015
0.650067
0.650118
0.650170
0.650221
0.650272
0.650323
0.650374
0.650425
0.650476
0.650527
0.650578
0.650628
0.650679
0.650730
0.650780
0.650831
0.650881
0.650931
0.650982
0.651032
0.651082
0.651132
0.651182
0.651232
0.651282
0.651332
0.651381
0.651431
0.651481
0.651530
0.651580
0.651629
0.651678
0.651728
0.651777
0.651826
0.651875
0.651924
0.651973
0.652022
0.652071
0.652119
0.652168
0.652217
0.652265
0.652314
0.652362
0.652410
0.652459
0.652507
0.652555
0.652603
0.652651
0.652699
0.652747
0.652795
0.652842
0.652890
0.652938
0.652985
0.653033
0.653080
0.653127
0.653175
0.653222
0.653269
0.653316
0.653363
0.653410
0.653457
0.653504
0.653550
0.653597
0.653644
0.653690
0.653737
0.653783
0.653829
0.653876
0.653922
0.653968
0.654014
0.654060
0.654106
0.654152
0.654198
0.654243
0.654289
0.654335
0.654380
0.654426
0.654471
0.654517
0.654562
0.654607
0.654652
0.654698
0.654743
0.654788
0.654833
0.654877
0.654922
0.654967
0.655012
0.655056
0.655101
0.655145
0.655190
0.655234
0.655279
0.655323
0.655367
0.655411
0.655455
0.655499
0.655543
0.655587
0.655631
0.655675
0.655719
0.655762
0.655806
0.655849
0.655893
0.655936
0.655980
0.656023
0.656066
0.656110
0.656153
0.656196
0.656239
0.656282
0.656325
0.656368
0.656411
0.656453
0.656496
0.656539
0.656581
0.656624
0.656666
0.656709
0.656751
0.656794
0.656836
0.656878
0.656920
0.656963
0.657005
0.657047
0.657089
0.657131
0.657173
0.657214
0.657256
0.657298
0.657340
0.657381
0.657423
0.657465
0.657506
0.657548
0.657589
0.657630
0.657672
0.657713
0.657754
0.657795
0.657837
0.657878
0.657919
0.657960
0.658001
0.658042
0.658083
0.658123
0.658164
0.658205
0.658246
0.658286
0.658327
0.658368
0.658408
0.658449
0.658489
0.658530
0.658570
0.658610
0.658651
0.658691
0.658731
0.658772
0.658812
0.658852
0.658892
0.658932
0.658972
0.659012
0.659052
0.659092
0.659132
0.659172
0.659212
0.659252
0.659291
0.659331
0.659371
0.659410
0.659450
0.659490
0.659529
0.659569
0.659608
0.659648
0.659687
0.659727
0.659766
0.659806
0.659845
0.659885
0.659924
0.659963
0.660002
0.660042
0.660081
0.660120
0.660159
0.660198
0.660238
0.660277
0.660316
0.660355
0.660394
0.660433
0.660472
0.660511
0.660550
0.660589
0.660628
0.660667
0.660706
0.660745
0.660784
0.660823
0.660861
0.660900
0.660939
0.660978
0.661017
0.661055
0.661094
0.661133
0.661172
0.661211
0.661249
0.661288
0.661327
0.661365
0.661404
0.661443
0.661482
0.661520
0.661559
0.661598
0.661636
0.661675
0.661714
0.661752
0.661791
0.661830
0.661868
0.661907
0.661946
0.661984
0.662023
0.662062
0.662100
0.662139
0.662178
0.662216
0.662255
0.662294
0.662332
0.662371
0.662410
0.662449
0.662487
0.662526
0.662565
0.662603
0.662642
0.662681
0.662720
0.662759
0.662797
0.662836
0.662875
0.662914
0.662953
0.662992
0.663031
0.663069
0.663108
0.663147
0.663186
0.663225
0.663264
0.663303
0.663343
0.663382
0.663421
0.663460
0.663499
0.663538
0.663577
0.663617
0.663656
0.663695
0.663735
0.663774
0.663813
0.663853
0.663892
0.663932
0.663971
0.664011
0.664011
0.664050
0.664090
0.664130
0.664170
0.664209
0.664249
0.664289
0.664329
0.664369
0.664409
0.664449
0.664489
0.664529
0.664569
0.664609
0.664650
0.664690
0.664730
0.664771
0.664811
0.664852
0.664892
0.664933
0.664973
0.665014
0.665055
0.665096
0.665137
0.665178
0.665219
0.665260
0.665301
0.665342
0.665384
0.665425
0.665467
0.665508
0.665550
0.665591
0.665633
0.665675
0.665717
0.665759
0.665801
0.665843
0.665885
0.665928
0.665970
0.666012
0.666055
0.666098
0.666140
0.666183
0.666226
0.666269
0.666312
0.666355
0.666399
0.666442
0.666486
0.666529
0.666573
0.666617
0.666661
0.666705
0.666749
0.666793
0.666837
0.666882
0.666926
0.666971
0.667016
0.667061
0.667106
0.667151
0.667196
0.667242
0.667287
0.667333
0.667379
0.667424
0.667471
0.667517
0.667563
0.667610
0.667656
0.667703
0.667750
0.667797
0.667844
0.667891
0.667939
0.667987
0.668034
0.668082
0.668130
0.668179
0.668227
0.668276
0.668325
0.668374
0.668423
0.668472
0.668521
0.668571
0.668621
0.668671
0.668721
0.668771
0.668822
0.668873
0.668924
0.668975
0.669026
0.669078
0.669130
0.669182
0.669234
0.669286
0.669339
0.669391
0.669444
0.669498
0.669551
0.669605
0.669659
0.669713
0.669767
0.669822
0.669877
0.669932
0.669987
0.670043
0.670099
0.670155
0.670211
0.670268
0.670325
0.670382
0.670439
0.670497
0.670555
0.670613
0.670671
0.670730
0.670789
0.670849
0.670908
0.670968
0.671028
0.671089
0.671150
0.671211
0.671272
0.671334
0.671396
0.671459
0.671521
0.671584
0.671648
0.671711
0.671775
0.671840
0.671905
0.671970
0.672035
0.672101
0.672167
0.672233
0.672300
0.672367
0.672435
0.672503
0.672571
0.672640
0.672709
0.672779
0.672849
0.672919
0.672989
0.673060
0.673132
0.673204
0.673276
0.673349
0.673422
0.673495
0.673569
0.673644
0.673718
0.673794
0.673869
0.673945
0.674022
0.674099
0.674176
0.674254
0.674332
0.674411
0.674490
0.674570
0.674650
0.674731
0.674812
0.674893
0.674975
0.675058
0.675141
0.675224
0.675308
0.675393
0.675477
0.675563
0.675649
0.675735
0.675822
0.675909
0.675997
0.676085
0.676174
0.676263
0.676353
0.676443
0.676534
0.676625
0.676716
0.676809
0.676901
0.676994
0.677088
0.677182
0.677277
0.677372
0.677468
0.677564
0.677660
0.677757
0.677855
0.677953
0.678051
0.678150
0.678250
0.678349
0.678450
0.678550
0.678652
0.678753
0.678855
0.678958
0.679061
0.679164
0.679268
0.679373
0.679477
0.679582
0.679688
0.679794
0.679900
0.680007
0.680114
0.680221
0.680329
0.680438
0.680546
0.680655
0.680764
0.680874
0.680984
0.681094
0.681205
0.681315
0.681426
0.681538
0.681650
0.681762
0.681874
0.681986
0.682099
0.682212
0.682325
0.682439
0.682552
0.682666
0.682780
0.682894
0.683008
0.683123
0.683237
0.683352
0.683467
0.683582
0.683697
0.683812
0.683928
0.684043
0.684159
0.684274
0.684390
0.684505
0.684621
0.684736
0.684852
0.684968
0.685083
0.685199
0.685314
0.685430
0.685545
0.685661
0.685776
0.685891
0.686006
0.686121
0.686236
0.686351
0.686465
0.686580
0.686694
0.686809
0.686923
0.687036
0.687150
0.687264
0.687377
0.687490
0.687603
0.687715
0.687828
0.687940
0.688052
0.688164
0.688275
0.688386
0.688497
0.688607
0.688718
0.688828
0.688937
0.689047
0.689156
0.689265
0.689373
0.689481
0.689589
0.689696
0.689803
0.689910
0.690016
0.690122
0.690228
0.690333
0.690438
0.690542
0.690646
0.690750
0.690853
0.690956
0.691058
0.691160
0.691262
0.691363
0.691464
0.691564
0.691664
0.691763
0.691862
0.691961
0.692059
0.692157
0.692254
0.692351
0.692447
0.692543
0.692639
0.692733
0.692828
0.692922
0.693016
0.693109
0.693201
0.693293
0.693385
0.693476
0.693567
0.693657
0.693747
0.693836
0.693925
0.694013
0.694101
0.694188
0.694275
0.694361
0.694447
0.694532
0.694617
0.694701
0.694785
0.694869
0.694951
0.695034
0.695115
0.695197
0.695277
0.695358
0.695437
0.695517
0.695595
0.695674
0.695751
0.695828
0.695905
0.695981
0.696057
0.696132
0.696207
0.696281
0.696354
0.696427
0.696500
0.696572
0.696644
0.696715
0.696785
0.696855
0.696925
0.696994
0.697062
0.697130
0.697197
0.697264
0.697331
0.697397
0.697462
0.697527
0.697591
0.697655
0.697718
0.697781
0.697843
0.697905
0.697967
0.698027
0.698088
0.698148
0.698207
0.698266
0.698324
0.698382
0.698439
0.698496
0.698552
0.698608
0.698664
0.698718
0.698773
0.698827
0.698880
0.698933
0.698986
0.699038
0.699089
0.699140
0.699191
0.699241
0.699291
0.699340
0.699389
0.699437
0.699485
0.699532
0.699579
0.699626
0.699672
0.699717
0.699763
0.699807
0.699852
0.699895
0.699939
0.699982
0.700024
0.700067
0.700108
0.700150
0.700191
0.700231
0.700271
0.700311
0.700350
0.700389
0.700428
0.700466
0.700504
0.700541
0.700578
0.700614
0.700651
0.700686
0.700686
0.700722
0.700757
0.700792
0.700826
0.700860
0.700894
0.700927
0.700960
0.700993
0.701025
0.701057
0.701088
0.701120
0.701150
0.701181
0.701211
0.701241
0.701271
0.701300
0.701329
0.701358
0.701386
0.701414
0.701442
0.701469
0.701496
0.701523
0.701549
0.701576
0.701602
0.701627
0.701652
0.701678
0.701702
0.701727
0.701751
0.701775
0.701799
0.701822
0.701845
0.701868
0.701891
0.701913
0.701935
0.701957
0.701978
0.702000
0.702021
0.702042
0.702062
0.702082
0.702102
0.702122
0.702142
0.702161
0.702180
0.702199
0.702218
0.702236
0.702254
0.702272
0.702290
0.702307
0.702325
0.702341
0.702360
0.702372
0.702396
0.702399
0.702437
0.702416
0.702494
0.702403
0.702602
0.702300
0.702865
0.701935
0.703575
0.700958
0.704829
0.699362
0.705938
0.699830
0.704294
0.698030
0.703867
0.698548
0.702715
0.697172
0.703675
0.698647
0.703467
0.698240
0.704105
0.699153
0.704126
0.699046
0.704546
0.699593
0.704511
0.699438
0.704541
0.699555
0.704521
0.699566
0.704677
0.699794
0.704784
0.699907
0.704901
0.700063
0.705006
0.700198
0.705146
0.700380
0.705305
0.700573
0.705486
0.700786
0.705671
0.700991
0.705849
0.701186
0.706015
0.701361
0.706164
0.701516
0.706293
0.701647
0.706402
0.701756
0.706494
0.701845
0.706572
0.701919
0.706640
0.701982
0.706701
0.702037
0.706757
0.702085
0.706809
0.702128
0.706860
0.702168
0.706909
0.702207
0.706958
0.702244
0.707008
0.702281
0.707058
0.702319
0.707109
0.702357
0.707162
0.702395
0.707215
0.702434
0.707268
0.702472
0.707322
0.702510
0.707374
0.702546
0.707425
0.702581
0.707474
0.702613
0.707521
0.702642
0.707564
0.702668
0.707605
0.702691
0.707642
0.702710
0.707675
0.702725
0.707705
0.702737
0.707731
0.702745
0.707754
0.702750
0.707773
0.702751
0.707790
0.702750
0.707804
0.702745
0.707815
0.702739
0.707825
0.702731
0.707833
0.702722
0.707840
0.702711
0.707847
0.702700
0.707852
0.702689
0.707858
0.702678
0.707865
0.702668
0.707872
0.702658
0.707880
0.702650
0.707889
0.702644
0.707900
0.702639
0.707912
0.702636
0.707927
0.702635
0.707943
0.702637
0.707961
0.702640
0.707982
0.702646
0.708004
0.702654
0.708029
0.702665
0.708055
0.702678
0.708084
0.702692
0.708114
0.702709
0.708146
0.702728
0.708180
0.702748
0.708215
0.702770
0.708252
0.702794
0.708289
0.702818
0.708328
0.702844
0.708367
0.702871
0.708407
0.702898
0.708447
0.702925
0.708487
0.702953
0.708528
0.702981
0.708568
0.703009
0.708608
0.703036
0.708647
0.703064
0.708686
0.703090
0.708725
0.703116
0.708762
0.703141
0.708799
0.703165
0.708834
0.703189
0.708868
0.703211
0.708902
0.703232
0.708934
0.703252
0.708964
0.703270
0.708994
0.703287
0.709021
0.703303
0.709048
0.703318
0.709073
0.703331
0.709097
0.703343
0.709119
0.703353
0.709140
0.703362
0.709160
0.703369
0.709178
0.703376
0.709195
0.703380
0.709210
0.703384
0.709224
0.703386
0.709237
0.703387
0.709248
0.703386
0.709259
0.703385
0.709267
0.703381
0.709276
0.703379
0.709281
0.703370
0.709289
0.703370
0.709288
0.703352
0.709300
0.703362
0.709286
0.703320
0.709316
0.703369
0.709262
0.703251
0.709354
0.703444
0.709156
0.703078
0.709423
0.703822
0.708685
0.702714
0.709128
0.705267
0.706996
0.702797
0.709331
0.703447
0.708645
0.707536
0.702237
0.707906
0.702824
0.709053
0.705664
0.704854
0.704078
0.707741
0.704055
0.709688
0.702453
0.706081
0.707503
0.697475
0.703206
0.705587
0.697281
0.703394
0.703886
0.701853
0.705583
0.702745
0.708793
0.703275
0.710099
0.706328
0.707660
0.703617
0.709519
0.703229
0.707157
0.707067
0.699379
0.705005
0.705673
0.700400
0.705951
0.700898
0.708536
0.704615
0.706663
0.701856
0.708742
0.702449
0.707587
0.706557
0.701384
0.707275
0.702076
0.707453
0.706083
0.700569
0.706725
0.702003
0.707450
0.706677
0.699845
0.707037
0.701801
0.708625
0.703078
0.705940
0.700364
0.707976
0.703779
0.705868
0.700469
0.708460
0.701931
0.708405
0.702721
0.705945
0.700348
0.706815
0.704710
0.701576
0.704819
0.701085
0.708539
0.700711
0.704222
0.705215
0.694205
0.700801
0.703422
0.695174
0.701452
0.702024
0.700393
0.704059
0.701323
0.707496
0.701972
0.707919
0.706894
0.701794
0.707075
0.701776
0.706332
0.705690
0.698116
0.705461
0.701645
0.704854
0.698852
0.706871
0.701790
0.705927
0.700170
0.705041
0.705300
0.697669
0.704156
0.703299
0.701015
0.703767
0.700122
0.707097
0.699863
0.703746
0.704940
0.693769
0.700082
0.702620
0.694326
0.700581
0.701301
0.699092
0.703057
0.699625
0.706358
0.700585
0.706164
0.705679
0.699669
0.706101
0.700418
0.704955
0.704135
0.696870
0.704551
0.699266
0.705173
0.698302
0.704140
0.702960
0.699480
0.704127
0.699226
0.707196
0.700399
0.704869
0.697994
0.701984
0.701984
0.703677
0.693386
0.699582
0.702247
0.694114
0.700276
0.701688
0.697216
0.703019
0.698373
0.706287
0.700313
0.706078
0.699645
0.704921
0.703824
0.698484
0.703791
0.698500
0.702962
0.703084
0.694950
0.700085
0.702214
0.695062
0.701164
0.701377
0.696820
0.702608
0.697674
0.703569
0.702938
0.696299
0.703559
0.698159
0.703003
0.702663
0.695126
0.702372
0.699964
0.700879
0.696934
0.703010
0.696961
0.700933
0.702643
0.690926
0.696648
0.698631
0.689862
0.696859
0.699256
0.693888
0.700354
0.695777
0.702855
0.696902
0.704322
0.698716
0.703218
0.697203
0.701688
0.702038
0.694196
0.699419
0.700420
0.693729
0.701174
0.695168
0.702735
0.695973
0.702745
0.696030
0.702592
0.698143
0.700001
0.694876
0.703118
0.695983
0.699456
0.700456
0.689398
0.695671
0.698119
0.689653
0.696257
0.698202
0.693518
0.699844
0.694859
0.702741
0.696536
0.702366
0.695998
0.700629
0.700852
0.693376
0.700162
0.697583
0.697683
0.694591
0.699615
0.694569
0.699597
0.699654
0.691889
0.696596
0.698666
0.690486
0.695567
0.697825
0.689148
0.695186
0.697696
0.689729
0.695705
0.697662
0.691662
0.699536
0.694363
0.701084
0.694394
0.700308
0.698068
0.694924
0.698484
0.693643
0.702049
0.693038
0.696028
0.696466
0.684354
0.691774
0.693960
0.685371
0.692413
0.693867
0.691100
0.696223
0.691729
0.699957
0.693384
0.700790
0.694854
0.699140
0.692950
0.696600
0.697831
0.687627
0.692983
0.695207
0.686151
0.692633
0.695249
0.688167
0.695224
0.693561
0.695046
0.692625
0.697701
0.692384
0.699327
0.696199
0.693854
0.695495
0.693100
0.697995
0.690931
0.693403
0.695153
0.680569
0.687486
0.689684
0.680485
0.687626
0.687895
0.691443
0.688765
0.694183
0.689501
0.698535
0.692969
0.696840
0.690322
0.693630
0.695683
0.684691
0.690030
0.691593
0.682106
0.689080
0.691780
0.684668
0.691887
0.689616
0.693276
0.688956
0.696377
0.689864
0.693487
0.694559
0.684511
0.689876
0.692184
0.683067
0.689237
0.691617
0.684596
0.691700
0.689326
0.691740
0.687936
0.694932
0.688794
0.692631
0.694010
0.682557
0.688106
0.689866
0.680781
0.687531
0.689904
0.683476
0.690837
0.686435
0.692415
0.686621
0.693268
0.692016
0.687566
0.692390
0.687324
0.691990
0.691524
0.683304
0.688332
0.689976
0.682519
0.688231
0.689253
0.682182
0.691095
0.685981
0.690717
0.683831
0.688075
0.690082
0.679283
0.685691
0.687643
0.678368
0.685419
0.688050
0.680653
0.687645
0.685570
0.687464
0.684484
0.690556
0.685083
0.689245
0.690557
0.679477
0.684694
0.686294
0.676165
0.683966
0.686423
0.678228
0.684847
0.684741
0.682857
0.686863
0.682910
0.691143
0.683371
0.687459
0.688253
0.676030
0.682873
0.684626
0.675662
0.682662
0.684747
0.679231
0.686436
0.681206
0.689434
0.682807
0.689939
0.682978
0.689754
0.685560
0.686345
0.681437
0.689198
0.680040
0.683760
0.683493
0.670552
0.679312
0.681808
0.673352
0.680614
0.682248
0.678469
0.684379
0.679435
0.688162
0.681640
0.687449
0.680386
0.684513
0.686228
0.675352
0.681379
0.683026
0.673696
0.680352
0.682738
0.675642
0.683241
0.680180
0.684020
0.678813
0.687352
0.680644
0.685465
0.684718
0.677162
0.686025
0.679362
0.685800
0.677656
0.681525
0.683028
0.673177
0.679541
0.681680
0.672378
0.679287
0.681966
0.674422
0.681093
0.680870
0.677473
0.682143
0.677099
0.686574
0.678999
0.685586
0.677546
0.681029
0.682312
0.671114
0.677563
0.679160
0.669696
0.677244
0.679817
0.672147
0.679211
0.677920
0.677888
0.678202
0.680121
0.679064
0.682743
0.676506
0.686072
0.676200
0.678854
0.678407
0.664936
0.672623
0.674299
0.664933
0.674004
0.677013
0.670181
0.677515
0.673656
0.679438
0.674009
0.682103
0.678761
0.678782
0.675521
0.681156
0.674887
0.677909
0.679317
0.665040
0.671118
0.672850
0.662850
0.672390
0.675640
0.668903
0.675399
0.671048
0.678155
0.672661
0.679920
0.677556
0.674789
0.678033
0.673478
0.682221
0.670694
0.673898
0.673258
0.659004
0.669104
0.671940
0.663955
0.670795
0.670123
0.673041
0.671861
0.676959
0.671605
0.679969
0.672577
0.679136
0.675350
0.675024
0.672471
0.676802
0.670793
0.676904
0.675132
0.668256
0.677357
0.667269
0.670857
0.670401
0.655568
0.665049
0.668651
0.660650
0.667336
0.667454
0.667877
0.670021
0.670282
0.674521
0.669882
0.678208
0.667701
0.671252
0.670490
0.657471
0.666174
0.668077
0.659263
0.666484
0.668135
0.663765
0.670706
0.665826
0.674667
0.668799
0.673484
0.666860
0.671042
0.672593
0.661814
0.667795
0.669240
0.659841
0.667102
0.669581
0.661930
0.669064
0.668857
0.666561
0.670639
0.665976
0.674429
0.666266
0.669927
0.670504
0.658684
0.665723
0.666942
0.657801
0.665261
0.667575
0.660584
0.668424
0.664333
0.669127
0.663280
0.671703
0.667827
0.669098
0.663719
0.672560
0.672560
0.662217
0.666447
0.664650
0.652336
0.662387
0.664411
0.655780
0.662885
0.664355
0.659690
0.666785
0.661582
0.669634
0.665399
0.666814
0.661885
0.670984
0.661345
0.666021
0.664193
0.651955
0.661509
0.663348
0.654568
0.661652
0.663407
0.657953
0.665843
0.660335
0.668737
0.662284
0.667121
0.660199
0.665157
0.666696
0.655464
0.662363
0.663367
0.653907
0.661380
0.663684
0.655971
0.663279
0.662415
0.660988
0.663680
0.660616
0.667337
0.659276
0.663807
0.663980
0.650778
0.658843
0.659417
0.650423
0.658795
0.661213
0.654156
0.662010
0.657777
0.663144
0.657336
0.664991
0.663758
0.658729
0.664131
0.658137
0.662394
0.663369
0.650241
0.657568
0.657883
0.649030
0.657946
0.660495
0.652607
0.659835
0.658227
0.658680
0.657925
0.661764
0.657147
0.665370
0.654125
0.658161
0.657171
0.643480
0.653930
0.655548
0.646949
0.654376
0.655487
0.653010
0.658374
0.653953
0.662768
0.655834
0.663332
0.658303
0.660663
0.654574
0.663649
0.655742
0.660072
0.658881
0.651089
0.659031
0.658483
0.653621
0.658916
0.653099
0.658000
0.659557
0.646421
0.653497
0.653554
0.644683
0.653939
0.656666
0.648721
0.655650
0.654486
0.653612
0.655759
0.654195
0.659248
0.653691
0.659007
0.659120
0.649311
0.654367
0.656053
0.644166
0.652807
0.653096
0.643845
0.652163
0.654696
0.647037
0.654342
0.653116
0.652298
0.654141
0.652888
0.657429
0.651550
0.659384
0.655931
0.652516
0.655902
0.650444
0.659721
0.645534
0.651292
0.654204
0.639579
0.643850
0.646958
0.649472
0.647047
0.650804
0.648374
0.658609
0.651562
0.655848
0.655025
0.642793
0.650596
0.652701
0.644337
0.651289
0.652574
0.644644
0.652446
0.648717
0.653537
0.648005
0.657431
0.652008
0.655177
0.648264
0.652645
0.653850
0.642767
0.649570
0.650379
0.640853
0.649176
0.651333
0.642909
0.649734
0.651402
0.644927
0.653264
0.647153
0.655038
0.647388
0.655439
0.648878
0.653687
0.645988
0.650799
0.651969
0.639870
0.648197
0.648605
0.639899
0.647678
0.649821
0.642437
0.650475
0.646399
0.650711
0.644722
0.653484
0.649222
0.650665
0.644631
0.654765
0.643573
0.648696
0.645691
0.634557
0.645530
0.647581
0.638783
0.645412
0.646544
0.641624
0.649254
0.643924
0.650541
0.650031
0.642171
0.651660
0.645236
0.652234
0.642705
0.647873
0.647983
0.636910
0.645493
0.646786
0.637915
0.645219
0.647357
0.640103
0.648018
0.645029
0.647294
0.642128
0.650899
0.641726
0.648273
0.646297
0.635707
0.644583
0.646534
0.637318
0.643812
0.645466
0.638331
0.646670
0.644424
0.645566
0.642010
0.648540
0.642013
0.647058
0.647752
0.634169
0.642233
0.641498
0.632999
0.641662
0.644050
0.636882
0.645020
0.639993
0.646099
0.639704
0.645881
0.646909
0.636951
0.643579
0.645094
0.635389
0.642397
0.643980
0.635430
0.642241
0.643925
0.636977
0.645688
0.639962
0.646617
0.638818
0.644476
0.645263
0.634364
0.641904
0.642997
0.633831
0.640917
0.642873
0.635267
0.642749
0.641789
0.639575
0.643116
0.638429
0.647855
0.636554
0.642596
0.639308
0.629573
0.639622
0.642110
0.633038
0.639055
0.640153
0.634223
0.643103
0.637211
0.645379
0.639316
0.642746
0.636781
0.643075
0.643590
0.634372
0.639847
0.641565
0.631492
0.638995
0.640214
0.630942
0.638653
0.640809
0.632609
0.639230
0.640571
0.633576
0.642188
0.635818
0.643495
0.635868
0.641858
0.641451
0.633669
0.643187
0.636306
0.643375
0.632582
0.639614
0.637904
0.628804
0.637247
0.639661
0.631004
0.637269
0.638708
0.631468
0.639485
0.638410
0.635619
0.639115
0.633767
0.644156
0.632685
0.639402
0.635343
0.626497
0.635794
0.638460
0.629874
0.635956
0.636826
0.630433
0.639859
0.633499
0.641854
0.634173
0.640081
0.630501
0.637991
0.636325
0.626639
0.634957
0.637114
0.628310
0.634820
0.636535
0.629116
0.636458
0.637807
0.630650
0.639102
0.632195
0.640873
0.632678
0.640157
0.631611
0.636773
0.637158
0.626156
0.634372
0.635212
0.626343
0.633863
0.635901
0.628041
0.634939
0.636021
0.629494
0.637669
0.631428
0.637360
0.637166
0.628699
0.634781
0.636523
0.628049
0.634038
0.635600
0.626687
0.633523
0.635360
0.626443
0.633267
0.635130
0.626742
0.633336
0.635070
0.627342
0.634168
0.634847
0.628256
0.636289
0.629070
0.635003
0.635248
0.623922
0.632235
0.632944
0.624240
0.631417
0.633266
0.625765
0.633656
0.631454
0.632017
0.629721
0.634975
0.629808
0.636185
0.635301
0.626963
0.633482
0.633853
0.625578
0.635155
0.627858
0.634691
0.622685
0.627315
0.627213
0.614795
0.626803
0.627855
0.619885
0.627326
0.626653
0.627587
0.627297
0.631339
0.627260
0.635468
0.623357
0.629301
0.627978
0.616083
0.626120
0.628572
0.623254
0.626892
0.621455
0.632103
0.629608
0.632192
0.625895
0.635673
0.624143
0.631985
0.627432
0.619189
0.629557
0.627299
0.628386
0.628386
0.621513
0.631459
0.621504
0.627152
0.626049
0.614003
0.625782
0.626659
0.618395
0.625697
0.622906
0.627496
0.622235
0.631642
0.624574
0.632578
0.626685
0.630110
0.623936
0.629331
0.630119
0.618684
0.626622
0.626011
0.617622
0.625274
0.627248
0.619703
0.626894
0.627460
0.621192
0.629330
0.620754
0.628498
0.626477
0.617028
0.624915
0.627338
0.618760
0.624926
0.626238
0.618510
0.625590
0.627172
0.619750
0.628048
0.623843
0.627000
0.620774
0.630045
0.625585
0.626864
0.619905
0.630831
0.618858
0.621617
0.620272
0.606472
0.616162
0.618639
0.610453
0.617829
0.619483
0.617944
0.622895
0.618666
0.627783
0.621107
0.626779
0.626897
0.617450
0.623646
0.625002
0.615190
0.622319
0.623547
0.615050
0.622093
0.624105
0.616721
0.623946
0.624344
0.618980
0.625784
0.617800
0.624808
0.623467
0.613503
0.621407
0.623380
0.614750
0.621282
0.622811
0.615237
0.622400
0.623624
0.616751
0.624853
0.618388
0.624907
0.624238
0.616468
0.625510
0.618440
0.626594
0.618802
0.624184
0.613741
0.623605
0.620403
0.612046
0.622427
0.616730
0.624527
0.615974
0.622208
0.622091
0.614755
0.624464
0.618169
0.624000
0.611914
0.621429
0.617950
0.610096
0.620924
0.616791
0.621576
0.612481
0.620877
0.621057
0.611711
0.619849
0.620971
0.611819
0.618443
0.620208
0.612327
0.619262
0.620765
0.612939
0.619571
0.620659
0.613436
0.622752
0.615798
0.623870
0.615354
0.620781
0.620793
0.611400
0.618313
0.619769
0.610447
0.617916
0.619261
0.610641
0.617634
0.619418
0.611465
0.618093
0.619596
0.612214
0.619748
0.619099
0.614857
0.619881
0.613780
0.619641
0.620379
0.607414
0.618402
0.616050
0.608212
0.616838
0.611569
0.618920
0.618195
0.610275
0.620077
0.613458
0.621887
0.613089
0.621211
0.614737
0.618954
0.610808
0.618007
0.617265
0.606977
0.615891
0.616751
0.608396
0.615358
0.616911
0.609062
0.615881
0.617343
0.609730
0.616407
0.617435
0.609891
0.618455
0.614679
0.617127
0.610449
0.621078
0.612375
0.618672
0.616659
0.607250
0.614374
0.616175
0.606660
0.614307
0.615169
0.606438
0.613909
0.615736
0.607381
0.614131
0.615911
0.607867
0.614580
0.616196
0.608004
0.614397
0.615938
0.607890
0.614417
0.616052
0.607965
0.614378
0.615887
0.607557
0.613930
0.615475
0.606993
0.613500
0.615069
0.606485
0.613137
0.614732
0.606224
0.612907
0.614560
0.606256
0.612858
0.614514
0.606437
0.612935
0.614493
0.606646
0.613119
0.614434
0.606858
0.613898
0.614502
0.607297
0.616489
0.605289
0.616459
0.611026
0.603727
0.612594
0.606594
0.614522
0.612743
0.602302
0.610469
0.612737
0.604786
0.611068
0.612172
0.604506
0.611696
0.613076
0.605726
0.614717
0.607268
0.615594
0.607379
0.613827
0.613263
0.605456
0.614840
0.607736
0.613588
0.612337
0.604278
0.613832
0.609706
0.612297
0.605630
0.612427
0.612679
0.604622
0.610869
0.611795
0.603121
0.609505
0.610734
0.600833
0.609754
0.609643
0.601521
0.608912
0.610376
0.602892
0.612426
0.604871
0.613924
0.602009
0.614170
0.608560
0.602535
0.608758
0.604175
0.610783
0.611111
0.598369
0.610516
0.608200
0.601369
0.608917
0.600286
0.612699
0.608899
0.600389
0.609936
0.601667
0.612831
0.608515
0.599448
0.609563
0.603524
0.611295
0.609236
0.599432
0.606720
0.609209
0.601305
0.607764
0.608873
0.600320
0.607286
0.608935
0.600484
0.607223
0.608611
0.600061
0.606960
0.608524
0.600120
0.606886
0.608355
0.599994
0.606684
0.608250
0.600022
0.606664
0.608164
0.599907
0.606470
0.607940
0.599687
0.606257
0.607730
0.599473
0.606065
0.607531
0.599250
0.605860
0.607325
0.599031
0.605657
0.607123
0.598839
0.605465
0.606932
0.598675
0.605287
0.606750
0.598533
0.605122
0.606574
0.598399
0.604964
0.606396
0.598262
0.604805
0.606210
0.598118
0.604645
0.606017
0.597974
0.604493
0.605820
0.597849
0.604374
0.605626
0.597783
0.604381
0.605461
0.597828
0.605075
0.605629
0.598185
0.607407
0.596020
0.599042
0.599245
0.585307
0.596464
0.598102
0.590562
0.597850
0.596884
0.601091
0.597030
0.606437
0.595592
0.607010
0.601850
0.594229
0.603374
0.597062
0.605294
0.602781
0.593175
0.600914
0.603620
0.596507
0.604018
0.601301
0.601516
0.599586
0.605124
0.599152
0.604565
0.604091
0.591538
0.605314
0.599540
0.599161
0.593687
0.603071
0.592082
0.598495
0.598973
0.585668
0.593180
0.592415
0.599522
0.592697
0.600871
0.598432
0.601989
0.597428
0.606020
0.593152
0.598495
0.602590
0.588504
0.587477
0.594120
0.593903
0.597023
0.591348
0.602801
0.596595
0.606836
0.603663
0.594828
0.603178
0.595502
0.603143
0.600907
0.592144
0.600798
0.598425
0.600706
0.594416
0.604222
0.592178
0.597292
0.602348
0.588588
0.585062
0.592452
0.592494
0.596186
0.590968
0.601707
0.596164
0.603948
0.602350
0.593638
0.601463
0.601463
0.599447
0.600893
0.595571
0.603426
0.591154
0.595816
0.594598
0.583601
0.593776
0.592818
0.597465
0.590137
0.599191
0.594617
0.600687
0.592178
0.601470
0.598843
0.590400
0.600042
0.592989
0.600600
0.598035
0.589075
0.598207
0.595172
0.598602
0.592217
0.600173
0.600000
0.592860
0.600776
0.588201
0.592188
0.596856
0.581788
0.584309
0.587969
0.592149
0.589846
0.594371
0.590768
0.602855
0.597013
0.602610
0.589388
0.591086
0.591846
0.578086
0.589442
0.590198
0.583237
0.590169
0.586830
0.595093
0.590151
0.598024
0.598356
0.590266
0.596896
0.596656
0.590697
0.597497
0.585915
0.599416
0.591105
0.590665
0.587687
0.597329
0.587102
0.602204
0.592074
0.593022
0.587373
0.596649
0.595422
0.589547
0.594853
0.585760
0.601644
0.591982
0.594042
0.583475
0.595975
0.592732
0.586685
0.592341
0.586599
0.596559
0.594585
0.585552
0.595128
0.588962
0.596302
0.583525
0.587109
0.587200
0.575914
0.588392
0.590294
0.583328
0.588693
0.583954
0.594298
0.590447
0.594649
0.587233
0.594956
0.594466
0.585600
0.592767
0.593669
0.585752
0.593226
0.590818
0.590500
0.589671
0.594596
0.589045
0.598987
0.581393
0.587202
0.585001
0.574017
0.572792
0.577746
0.580415
0.581519
0.584098
0.588885
0.594150
0.596335
0.598397
0.593855
0.600007
0.589088
0.590075
0.589760
0.574802
0.581307
0.583673
0.575556
0.583040
0.584799
0.586903
0.588651
0.589942
0.591959
0.590596
0.594373
0.588524
0.594995
0.592900
0.586423
0.593020
0.581595
0.584148
0.584123
0.571296
0.583951
0.585328
0.580473
0.584565
0.580194
0.590515
0.585090
0.592383
0.583176
0.590544
0.588999
0.581005
0.589887
0.584134
0.591553
0.579359
0.593216
0.585077
0.586481
0.580984
0.591372
0.584507
0.591774
0.582952
0.591195
0.583489
0.591866
0.583220
0.591038
0.579041
0.593050
0.584627
0.586075
0.579957
0.589817
0.585891
0.588033
0.581714
0.591475
0.587937
0.589488
0.582117
0.592951
0.579831
0.593630
0.582225
0.583346
0.578137
0.587777
0.586656
0.581785
0.586452
0.580357
0.591881
0.589026
0.581185
0.587785
0.576876
0.581953
0.580818
0.570096
0.579375
0.582312
0.578314
0.582448
0.577855
0.587466
0.588923
0.581538
0.589742
0.581868
0.589110
0.576723
0.579774
0.579959
0.568057
0.582530
0.581603
0.575584
0.580357
0.576889
0.587570
0.582110
0.588290
0.576154
0.591679
0.582455
0.583086
0.576903
0.586722
0.583887
0.584868
0.579093
0.588617
0.576484
0.583397
0.586744
0.574662
0.566700
0.573639
0.576378
0.576897
0.578365
0.581304
0.586805
0.586191
0.592110
0.581294
0.596352
0.584747
0.589459
0.576058
0.588085
0.579889
0.579948
0.575858
0.586699
0.578165
0.592697
0.583567
0.584139
0.577939
0.588049
0.582463
0.586324
0.574518
0.590356
0.581178
0.585147
0.574524
0.587823
0.582980
0.580755
0.579898
0.585340
0.581214
0.589609
0.573413
0.579344
0.578407
0.568517
0.562998
0.568217
0.571179
0.572736
0.575264
0.580570
0.585654
0.589573
0.588451
0.591283
0.585144
0.594287
0.586525
0.591121
0.588157
0.580357
0.588171
0.576274
0.582523
0.578342
0.572592
0.583513
0.579583
0.586399
0.581435
0.580828
0.578979
0.585635
0.579724
0.587156
0.584824
0.576234
0.585547
0.579096
0.585730
0.583320
0.576252
0.584467
0.574512
0.576155
0.576292
0.563088
0.574197
0.574813
0.568380
0.574771
0.571217
0.579602
0.574667
0.582468
0.582385
0.575216
0.583281
0.574613
0.585836
0.580544
0.576475
0.579553
0.575723
0.584422
0.572748
0.574216
0.579797
0.564192
0.570381
0.571293
0.574054
0.571155
0.576968
0.574453
0.585506
0.580618
0.584647
0.573647
0.586432
0.578992
0.580204
0.573827
0.583391
0.578302
0.581470
0.572971
0.582732
0.581298
0.574590
0.581955
0.570246
0.582697
0.573788
0.573040
0.570189
0.579626
0.570168
0.585865
0.574889
0.578838
0.568992
0.582106
0.577121
0.574678
0.572611
0.578567
0.574421
0.583947
0.575459
0.582293
0.580132
0.572931
0.580887
0.569600
0.573910
0.572389
0.562150
0.571035
0.572679
0.572583
0.572410
0.573728
0.577814
0.577237
0.583634
0.571671
0.588402
0.574949
0.579933
0.571783
0.578498
0.568451
0.581947
0.574686
0.576408
0.570995
0.582164
0.575089
0.581644
0.568845
0.571242
0.571261
0.560300
0.575183
0.573584
0.569499
0.571951
0.569404
0.579821
0.569858
0.585658
0.575141
0.575490
0.569329
0.578389
0.576900
0.573784
0.576428
0.572319
0.582416
0.567724
0.573375
0.575438
0.564021
0.555350
0.560552
0.563482
0.565478
0.568225
0.573175
0.578117
0.581610
0.581465
0.583717
0.578441
0.586373
0.572959
0.575566
0.575117
0.563420
0.558276
0.565735
0.569022
0.569150
0.572453
0.574335
0.581979
0.577981
0.585176
0.576385
0.582359
0.574213
0.579374
0.578476
0.571792
0.579628
0.569257
0.582347
0.572749
0.576737
0.569614
0.577051
0.577000
0.577000
0.569003
0.576456
0.570562
0.578937
0.571648
0.578168
0.566437
0.580900
0.571463
0.574730
0.567140
0.575345
0.575742
0.567973
0.575799
0.570150
0.578917
0.571213
0.578419
0.566839
0.580718
0.571564
0.574219
0.566668
0.574758
0.575273
0.567519
0.575601
0.569782
0.578586
0.570618
0.578040
0.565768
0.580667
0.570396
0.573863
0.565661
0.574491
0.574561
0.566831
0.574653
0.569060
0.576814
0.576010
0.568090
0.576551
0.566349
0.580985
0.570466
0.573991
0.564598
0.575280
0.573256
0.567563
0.572784
0.567679
0.576952
0.575858
0.567359
0.575982
0.564646
0.580271
0.568518
0.572184
0.563610
0.573473
0.573060
0.565513
0.573179
0.564761
0.579440
0.571008
0.572886
0.565247
0.573725
0.574192
0.566138
0.574297
0.567603
0.576105
0.574403
0.566837
0.574962
0.564240
0.574522
0.568879
0.562870
0.569957
0.566255
0.574665
0.573570
0.565128
0.574382
0.567877
0.577226
0.573669
0.567004
0.573246
0.564176
0.580412
0.569195
0.574004
0.563893
0.574280
0.571937
0.566843
0.571304
0.567072
0.575996
0.575443
0.567642
0.575018
0.564708
0.566259
0.570020
0.555765
0.562188
0.563933
0.565859
0.564789
0.569768
0.567231
0.578194
0.568576
0.569830
0.568787
0.555279
0.568388
0.567914
0.564374
0.566637
0.564072
0.574437
0.565632
0.581507
0.570433
0.573599
0.564518
0.572461
0.571946
0.564037
0.571923
0.564750
0.575878
0.571727
0.569053
0.570161
0.570084
0.574991
0.569212
0.577744
0.571557
0.574226
0.564878
0.577898
0.568804
0.572719
0.560518
0.562831
0.563550
0.553155
0.568293
0.565970
0.565096
0.561541
0.567799
0.564475
0.573468
0.572373
0.566042
0.572317
0.561293
0.572337
0.565983
0.560527
0.566385
0.563283
0.572560
0.566206
0.570056
0.560228
0.576957
0.566897
0.571198
0.560059
0.570457
0.567425
0.564032
0.567232
0.563385
0.573315
0.560710
0.566158
0.569950
0.558418
0.550332
0.554286
0.557219
0.559626
0.562678
0.567307
0.571375
0.574363
0.573030
0.575746
0.569232
0.578502
0.570028
0.576686
0.569185
0.571173
0.563678
0.571126
0.570461
0.564047
0.571944
0.561721
0.562466
0.562125
0.550044
0.561768
0.562883
0.558663
0.562140
0.558459
0.569243
0.564460
0.572740
0.565417
0.570726
0.558573
0.574328
0.563495
0.567815
0.559786
0.567202
0.567411
0.560633
0.568483
0.558061
0.574143
0.563159
0.566774
0.558541
0.566184
0.566760
0.559265
0.567677
0.558980
0.573895
0.564650
0.568231
0.558524
0.569950
0.566413
0.564544
0.563087
0.568387
0.563702
0.573060
0.559476
0.563125
0.566662
0.555540
0.547697
0.552629
0.555376
0.558085
0.560290
0.566155
0.567040
0.574182
0.566521
0.575733
0.569752
0.568394
0.564079
0.572439
0.561087
0.574333
0.561936
0.567901
0.561739
0.568373
0.560499
0.568463
0.566558
0.560287
0.567698
0.558393
0.572735
0.561921
0.566592
0.556692
0.568423
0.564054
0.564030
0.558782
0.568562
0.558042
0.573332
0.561442
0.564966
0.556962
0.565853
0.565584
0.557805
0.565437
0.556851
0.571858
0.562631
0.566197
0.556483
0.567418
0.564410
0.561693
0.562574
0.562358
0.567940
0.562664
0.571255
0.566355
0.567500
0.560180
0.570902
0.559136
0.559793
0.558349
0.547420
0.557301
0.560367
0.555175
0.560188
0.556145
0.566009
0.567017
0.560577
0.567198
0.555269
0.571379
0.559974
0.564173
0.556675
0.564417
0.563901
0.559339
0.564292
0.559415
0.569030
0.567214
0.560587
0.566084
0.555129
0.570477
0.559286
0.564434
0.557158
0.563331
0.555546
0.566827
0.562189
0.562922
0.557586
0.567494
0.557246
0.560054
0.558460
0.547832
0.556005
0.557990
0.556896
0.558762
0.556299
0.566156
0.556673
0.572030
0.559934
0.561511
0.552827
0.563511
0.562273
0.556516
0.561411
0.556874
0.566870
0.565585
0.558872
0.565182
0.553850
0.569668
0.557990
0.562466
0.554852
0.561923
0.554097
0.565591
0.560873
0.561874
0.556424
0.566749
0.556926
0.557876
0.557543
0.543998
0.557915
0.556553
0.553565
0.554583
0.554718
0.561876
0.558497
0.567488
0.562679
0.563707
0.556691
0.566421
0.558916
0.566209
0.558864
0.563154
0.553109
0.568060
0.558163
0.563849
0.551895
0.565725
0.557394
0.560999
0.551823
0.562904
0.560449
0.558532
0.557910
0.561446
0.559186
0.566174
0.556583
0.556223
0.556269
0.542535
0.550240
0.552457
0.544544
0.548745
0.547805
0.556692
0.553788
0.562268
0.558436
0.561101
0.555180
0.564597
0.556998
0.563949
0.551143
0.558736
0.555266
0.547801
0.557030
0.553548
0.561459
0.556291
0.559189
0.553906
0.563494
0.559565
0.560669
0.553344
0.563166
0.555956
0.563685
0.554991
0.562420
0.557919
0.559509
0.553107
0.563476
0.553310
0.554124
0.556107
0.542756
0.548423
0.549512
0.551756
0.550086
0.556188
0.553753
0.565041
0.557909
0.564643
0.550297
0.565082
0.553908
0.557028
0.549723
0.558326
0.559156
0.551898
0.559870
0.559870
0.550579
0.566263
0.556205
0.559740
0.551156
0.558072
0.558205
0.552409
0.559555
0.550451
0.566206
0.556315
0.560833
0.552479
0.560255
0.555668
0.559462
0.552877
0.561558
0.560771
0.555758
0.560543
0.553131
0.565225
0.556912
0.561137
0.547645
0.562343
0.551801
0.556689
0.549227
0.558259
0.551920
0.560104
0.550135
0.563597
0.555253
0.559458
0.549324
0.561672
0.555611
0.557541
0.551062
0.560409
0.558011
0.559786
0.552632
0.562896
0.552658
0.553790
0.554980
0.541870
0.547802
0.547842
0.552620
0.547830
0.558017
0.550691
0.566682
0.557265
0.560451
0.551093
0.558541
0.558612
0.552047
0.560025
0.550389
0.565401
0.555047
0.559692
0.551669
0.559918
0.554037
0.560080
0.549152
0.563349
0.554127
0.559418
0.550165
0.559178
0.557088
0.553286
0.557097
0.552170
0.563445
0.552954
0.552779
0.552918
0.538982
0.552769
0.550701
0.549848
0.547007
0.553711
0.550942
0.561376
0.554442
0.561552
0.552830
0.560148
0.552128
0.559930
0.551608
0.559905
0.546913
0.561427
0.550731
0.554844
0.547893
0.556065
0.556651
0.549754
0.557112
0.547451
0.563269
0.553395
0.557705
0.549221
0.557598
0.550782
0.559162
0.548942
0.562357
0.553806
0.558396
0.548608
0.559453
0.554844
0.555712
0.548879
0.560374
0.548791
0.563377
0.551153
0.554842
0.547854
0.555793
0.556272
0.549970
0.557038
0.548456
0.563703
0.553986
0.558514
0.549451
0.556635
0.556151
0.550652
0.556805
0.549870
0.562751
0.554570
0.559181
0.545912
0.560340
0.550421
0.555364
0.547506
0.556256
0.549889
0.557970
0.550821
0.558846
0.553422
0.557999
0.549472
0.560932
0.554055
0.557240
0.547637
0.560522
0.552928
0.558036
0.544920
0.559807
0.550310
0.555420
0.547502
0.556217
0.549332
0.557944
0.547453
0.561260
0.552166
0.557336
0.547219
0.558505
0.553201
0.555018
0.548314
0.558974
0.552855
0.561014
0.551453
0.560296
0.547295
0.561258
0.550370
0.555319
0.547392
0.556074
0.549973
0.557603
0.553399
0.556400
0.549768
0.561494
0.550540
0.563556
0.552012
0.557300
0.548739
0.557358
0.550494
0.558053
0.553641
0.556772
0.550107
0.561476
0.551700
0.563100
0.551687
0.558489
0.545072
0.558927
0.548841
0.554110
0.547250
0.555800
0.553808
0.555553
0.549284
0.559083
0.550788
0.550604
0.556017
0.540304
0.544415
0.546869
0.546357
0.550316
0.547456
0.559534
0.550018
0.564293
0.552297
0.555509
0.547388
0.555974
0.549256
0.557898
0.547559
0.560984
0.552402
0.557723
0.548437
0.557518
0.554275
0.553046
0.549913
0.556652
0.551572
0.560795
0.554457
0.557618
0.548494
0.560830
0.551911
0.557975
0.544547
0.549565
0.548079
0.540228
0.550388
0.546941
0.555126
0.549150
0.553157
0.546473
0.557749
0.553323
0.554415
0.546492
0.556894
0.550134
0.558485
0.548911
0.556795
0.545243
0.546965
0.547881
0.535875
0.549815
0.547643
0.549009
0.541829
0.552294
0.544637
0.559796
0.550165
0.554361
0.545011
0.553701
0.552172
0.548608
0.552135
0.547380
0.558149
0.548831
0.547496
0.553154
0.536956
0.540629
0.543030
0.542575
0.546206
0.544133
0.554997
0.548052
0.562109
0.551665
0.554939
0.545105
0.552746
0.551744
0.547814
0.552248
0.546914
0.559123
0.546670
0.558802
0.546935
0.550983
0.545168
0.549855
0.543755
0.552579
0.546611
0.554453
0.542182
0.556035
0.545861
0.550316
0.542759
0.550428
0.543861
0.552150
0.550527
0.546996
0.551171
0.545578
0.556807
0.545764
0.545217
0.546032
0.531585
0.545173
0.542828
0.543744
0.538266
0.547622
0.543989
0.553632
0.551452
0.546623
0.549377
0.543449
0.554673
0.543332
0.546096
0.544229
0.534813
0.544165
0.546967
0.541575
0.546380
0.541813
0.551238
0.550061
0.547990
0.546019
0.549028
0.544360
0.553193
0.542819
0.542720
0.545916
0.531883
0.536788
0.538709
0.538800
0.541241
0.541106
0.548917
0.545448
0.553975
0.547517
0.549622
0.540980
0.549912
0.546878
0.546844
0.541032
0.551356
0.539004
0.551918
0.539974
0.544060
0.537081
0.545133
0.538564
0.545750
0.539077
0.547549
0.541227
0.549111
0.537709
0.551676
0.542250
0.546511
0.538970
0.546201
0.544256
0.545528
0.540186
0.550485
0.538684
0.552677
0.541230
0.544308
0.538505
0.543261
0.537702
0.546880
0.540424
0.549535
0.538452
0.552326
0.542441
0.546076
0.538038
0.545606
0.541735
0.546291
0.540189
0.548552
0.546246
0.547240
0.540549
0.550745
0.539400
0.543491
0.540619
0.531740
0.541148
0.539046
0.544124
0.537251
0.545861
0.545510
0.542943
0.545423
0.539721
0.549239
0.538622
0.539557
0.540490
0.528096
0.536607
0.539025
0.534707
0.539263
0.535777
0.546977
0.542089
0.549288
0.540297
0.546767
0.537249
0.547217
0.541818
0.543725
0.537003
0.546916
0.540733
0.548393
0.540103
0.547582
0.539637
0.547049
0.539240
0.545968
0.540360
0.544693
0.537949
0.546648
0.544045
0.543890
0.538316
0.538316
0.548347
0.535717
0.549083
0.537343
0.541314
0.535590
0.541355
0.535769
0.543626
0.540870
0.543848
0.537244
0.549181
0.535937
0.549943
0.537946
0.541109
0.535093
0.541388
0.536150
0.544086
0.541215
0.544254
0.537602
0.549457
0.536611
0.550321
0.538535
0.541658
0.536829
0.541070
0.535165
0.545654
0.537758
0.549253
0.541449
0.545343
0.536206
0.545115
0.541780
0.541990
0.536147
0.547348
0.535344
0.548900
0.537373
0.541174
0.535000
0.541681
0.535931
0.543180
0.541708
0.540929
0.540773
0.544763
0.539914
0.548501
0.537429
0.537888
0.538880
0.526506
0.532661
0.535298
0.532699
0.537585
0.533793
0.545991
0.539653
0.548863
0.541175
0.541700
0.534149
0.544001
0.537294
0.546574
0.533692
0.547125
0.537423
0.541954
0.534241
0.541959
0.535833
0.542585
0.540546
0.539461
0.538572
0.543208
0.537545
0.547294
0.536677
0.535975
0.539846
0.525321
0.529334
0.531575
0.531770
0.535039
0.534421
0.543398
0.539439
0.547524
0.543410
0.540271
0.536766
0.542412
0.536857
0.547081
0.538553
0.546187
0.538964
0.542107
0.534429
0.542184
0.539594
0.539492
0.533914
0.544025
0.531201
0.545144
0.532926
0.538022
0.533276
0.536110
0.530274
0.540907
0.531747
0.546056
0.537017
0.541433
0.533241
0.540154
0.534636
0.540320
0.532951
0.542507
0.539313
0.540095
0.532708
0.543974
0.531098
0.544105
0.532786
0.536614
0.530435
0.537519
0.532003
0.539138
0.537309
0.538477
0.534626
0.543577
0.533094
0.546596
0.536105
0.540378
0.532302
0.539768
0.532122
0.541287
0.537517
0.539029
0.532496
0.544314
0.531675
0.544685
0.533228
0.536610
0.531359
0.536923
0.531332
0.540392
0.533688
0.542987
0.532030
0.544982
0.535191
0.539031
0.531035
0.538090
0.535627
0.538650
0.531708
0.543580
0.531959
0.545177
0.534251
0.537557
0.531205
0.537008
0.531490
0.539768
0.535311
0.540306
0.533611
0.541941
0.538647
0.538770
0.531432
0.542822
0.530222
0.541946
0.530306
0.533846
0.527753
0.535943
0.536480
0.531487
0.536439
0.531938
0.542796
0.534994
0.542418
0.531426
0.541177
0.533669
0.537925
0.529907
0.538991
0.536686
0.536982
0.531083
0.541863
0.529547
0.543325
0.531737
0.535276
0.530923
0.533529
0.528011
0.538788
0.528536
0.543353
0.534031
0.538032
0.529956
0.536649
0.530188
0.537265
0.536026
0.534569
0.535506
0.535820
0.540170
0.533374
0.543211
0.532490
0.530661
0.535375
0.519779
0.523290
0.526212
0.525498
0.530301
0.527769
0.539053
0.532785
0.543575
0.535600
0.536478
0.528734
0.536961
0.532876
0.538253
0.531141
0.539027
0.537031
0.535684
0.532375
0.537910
0.531698
0.540855
0.532559
0.539075
0.530541
0.537704
0.525211
0.538044
0.528942
0.534214
0.526731
0.534937
0.529009
0.535756
0.532015
0.534903
0.528107
0.539757
0.528869
0.541469
0.530839
0.535179
0.527219
0.535424
0.529202
0.536966
0.529722
0.537991
0.528240
0.539641
0.531304
0.535144
0.526978
0.534492
0.534087
0.530837
0.534115
0.528969
0.541071
0.527803
0.538761
0.526790
0.530223
0.524195
0.531905
0.530739
0.531247
0.527766
0.536435
0.530701
0.541001
0.533181
0.535578
0.526473
0.535472
0.532003
0.533796
0.525933
0.538375
0.526860
0.539978
0.529059
0.532338
0.526225
0.531705
0.525936
0.534751
0.528290
0.536668
0.525466
0.538748
0.529343
0.533542
0.525527
0.533123
0.528530
0.534282
0.527533
0.535641
0.533333
0.533371
0.527395
0.537107
0.525542
0.538885
0.528342
0.532188
0.526747
0.530864
0.524496
0.534534
0.528455
0.536007
0.531217
0.533631
0.525858
0.536025
0.528275
0.536499
0.529760
0.533104
0.526305
0.535043
0.530073
0.534613
0.526471
0.535904
0.530964
0.533590
0.525822
0.535077
0.527911
0.536521
0.522023
0.534573
0.524764
0.529061
0.523132
0.529683
0.524329
0.532599
0.528307
0.532826
0.526427
0.535391
0.529537
0.534129
0.524526
0.535579
0.528566
0.533779
0.523374
0.535014
0.527713
0.532719
0.523386
0.533344
0.528889
0.531227
0.523532
0.533688
0.527473
0.535311
0.526272
0.534912
0.522785
0.535825
0.526318
0.531259
0.523466
0.532046
0.525380
0.533813
0.525169
0.534579
0.529200
0.531768
0.524172
0.533930
0.526886
0.534897
0.526749
0.534254
0.526781
0.534429
0.523313
0.535554
0.526421
0.532081
0.523779
0.531109
0.529411
0.528221
0.526132
0.532468
0.525929
0.539027
0.524118
0.534632
0.522117
0.526242
0.519709
0.528944
0.522816
0.531208
0.524701
0.532589
0.528995
0.531351
0.523007
0.534329
0.523250
0.535993
0.525721
0.530634
0.522526
0.531017
0.524294
0.532589
0.525151
0.533509
0.525834
0.533597
0.525407
0.532829
0.524289
0.533011
0.523685
0.533745
0.526673
0.530639
0.523379
0.531425
0.528649
0.530909
0.522714
0.535476
0.522443
0.534460
0.523078
0.526573
0.521286
0.527402
0.521649
0.531213
0.524173
0.533313
0.524581
0.533471
0.527037
0.527037
