0.367431
0.386192
0.388635
0.390259
0.391365
0.392120
0.392611
0.392877
0.392942
0.392824
0.392544
0.392124
0.391584
0.390945
0.390223
0.389435
0.388596
0.387718
0.386816
0.385898
0.384975
0.384054
0.383141
0.382243
0.381367
0.380520
0.379706
0.378930
0.378195
0.377500
0.376846
0.376232
0.375654
0.375111
0.374599
0.374117
0.373662
0.373231
0.372822
0.372432
0.372061
0.371707
0.371367
0.371041
0.370729
0.370430
0.370144
0.369870
0.369610
0.369359
0.369114
0.368864
0.368597
0.368294
0.367934
0.367499
0.366988
0.366421
0.365839
0.365276
0.364744
0.364238
0.363743
0.363239
0.362713
0.362162
0.361591
0.361010
0.360431
0.359867
0.359324
0.358811
0.358331
0.357885
0.357472
0.357089
0.356732
0.356398
0.356082
0.355782
0.355493
0.355214
0.354941
0.354675
0.354412
0.354152
0.353894
0.353637
0.353380
0.353123
0.352866
0.352609
0.352350
0.352091
0.351830
0.351568
0.351306
0.351042
0.350777
0.350510
0.350243
0.349974
0.349705
0.349434
0.349163
0.348891
0.348618
0.348342
0.348060
0.347767
0.347459
0.347130
0.346778
0.346398
0.345990
0.345559
0.345112
0.344658
0.344200
0.343741
0.343284
0.342827
0.342371
0.341915
0.341456
0.340993
0.340523
0.340044
0.339553
0.339045
0.338519
0.337969
0.337392
0.336784
0.336140
0.335457
0.334732
0.333962
0.333147
0.332290
0.331398
0.330483
0.329555
0.328626
0.327701
0.326788
0.325891
0.325013
0.324158
0.323328
0.322526
0.321753
0.321009
0.320294
0.319608
0.318949
0.318316
0.317708
0.317124
0.316561
0.316018
0.315493
0.314985
0.314491
0.314009
0.313538
0.313076
0.312622
0.312174
0.311730
0.311289
0.310850
0.310411
0.309973
0.309535
0.309102
0.308675
0.308253
0.307834
0.307422
0.307018
0.306625
0.306239
0.305858
0.305468
0.305048
0.304620
0.304185
0.303740
0.303280
0.302831
0.302361
0.301916
0.301438
0.301008
0.300567
0.300122
0.299683
0.299250
0.298827
0.298414
0.298005
0.297589
0.297162
0.296725
0.296277
0.295819
0.295351
0.294874
0.294389
0.293897
0.293398
0.292894
0.292384
0.291871
0.291354
0.290833
0.290310
0.289784
0.289257
0.288728
0.288198
0.287667
0.287136
0.286604
0.286072
0.285541
0.285010
0.284479
0.283950
0.283421
0.282894
0.282369
0.281845
0.281324
0.280805
0.280289
0.279776
0.279267
0.278761
0.278261
0.277766
0.277277
0.276794
0.276318
0.275850
0.275389
0.274937
0.274493
0.274057
0.273630
0.273211
0.272800
0.272398
0.272004
0.271618
0.271240
0.270870
0.270507
0.270152
0.269804
0.269463
0.269128
0.268800
0.268479
0.268165
0.267857
0.267555
0.267259
0.266970
0.266688
0.266411
0.266141
0.265878
0.265621
0.265371
0.265128
0.264892
0.264663
0.264441
0.264228
0.264022
0.263826
0.263639
0.263462
0.263298
0.263147
0.263012
0.262894
0.262796
0.262718
0.262661
0.262623
0.262605
0.262604
0.262619
0.262651
0.262698
0.262760
0.262838
0.262931
0.263042
0.263170
0.263317
0.263485
0.263676
0.263892
0.264133
0.264401
0.264695
0.265010
0.265340
0.265675
0.266004
0.266315
0.266601
0.266854
0.267072
0.267256
0.267406
0.267525
0.267618
0.267688
0.267741
0.267779
0.267808
0.267831
0.267850
0.267870
0.267891
0.267917
0.267948
0.267985
0.268030
0.268083
0.268143
0.268211
0.268286
0.268369
0.268457
0.268552
0.268652
0.268756
0.268864
0.268974
0.269087
0.269202
0.269318
0.269434
0.269550
0.269665
0.269779
0.269891
0.270001
0.270108
0.270212
0.270313
0.270409
0.270502
0.270591
0.270675
0.270754
0.270829
0.270898
0.270962
0.271020
0.271073
0.271120
0.271161
0.271197
0.271226
0.271249
0.271267
0.271278
0.271283
0.271283
0.271276
0.271262
0.271243
0.271218
0.271186
0.271149
0.271105
0.271056
0.271000
0.270939
0.270871
0.270798
0.270719
0.270635
0.270544
0.270448
0.270347
0.270240
0.270128
0.270010
0.269887
0.269759
0.269626
0.269488
0.269345
0.269197
0.269044
0.268887
0.268725
0.268558
0.268388
0.268213
0.268033
0.267850
0.267663
0.267472
0.267278
0.267080
0.266878
0.266673
0.266466
0.266255
0.266041
0.265824
0.265605
0.265383
0.265159
0.264932
0.264703
0.264472
0.264238
0.264002
0.263764
0.263524
0.263281
0.263036
0.262788
0.262537
0.262283
0.262027
0.261767
0.261505
0.261238
0.260969
0.260695
0.260418
0.260138
0.259853
0.259564
0.259271
0.258974
0.258673
0.258368
0.258059
0.257746
0.257428
0.257107
0.256781
0.256452
0.256118
0.255781
0.255439
0.255094
0.254745
0.254392
0.254036
0.253676
0.253312
0.252945
0.252574
0.252200
0.251823
0.251442
0.251058
0.250671
0.250281
0.249887
0.249491
0.249091
0.248689
0.248283
0.247875
0.247464
0.247050
0.246634
0.246214
0.245793
0.245368
0.244941
0.244512
0.244080
0.243646
0.243209
0.242771
0.242329
0.241886
0.241441
0.240993
0.240543
0.240092
0.239638
0.239182
0.238725
0.238265
0.238265
0.237804
0.237341
0.236876
0.236409
0.235941
0.235471
0.234999
0.234526
0.234052
0.233576
0.233098
0.232619
0.232139
0.231657
0.231174
0.230689
0.230203
0.229717
0.229228
0.228739
0.228249
0.227757
0.227264
0.226770
0.226276
0.225780
0.225283
0.224785
0.224286
0.223787
0.223286
0.222785
0.222283
0.221779
0.221276
0.220771
0.220265
0.219759
0.219252
0.218745
0.218236
0.217727
0.217218
0.216707
0.216196
0.215685
0.215173
0.214660
0.214147
0.213633
0.213118
0.212603
0.212088
0.211572
0.211056
0.210539
0.210021
0.209503
0.208985
0.208466
0.207947
0.207427
0.206907
0.206387
0.205866
0.205345
0.204823
0.204301
0.203779
0.203256
0.202733
0.202209
0.201685
0.201161
0.200637
0.200112
0.199586
0.199061
0.198535
0.198009
0.197482
0.196955
0.196428
0.195900
0.195372
0.194844
0.194316
0.193787
0.193257
0.192728
0.192198
0.191668
0.191137
0.190607
0.190076
0.189544
0.189012
0.188480
0.187948
0.187415
0.186882
0.186349
0.185815
0.185281
0.184747
0.184212
0.183677
0.183142
0.182606
0.182070
0.181534
0.180997
0.180460
0.179923
0.179385
0.178847
0.178309
0.177770
0.177231
0.176692
0.176152
0.175612
0.175072
0.174531
0.173990
0.173448
0.172907
0.172364
0.171822
0.171279
0.170736
0.170192
0.169648
0.169103
0.168559
0.168014
0.167468
0.166922
0.166376
0.165829
0.165282
0.164735
0.164187
0.163639
0.163090
0.162541
0.161992
0.161442
0.160892
0.160341
0.159790
0.159239
0.158687
0.158135
0.157582
0.157029
0.156476
0.155922
0.155368
0.154813
0.154258
0.153702
0.153146
0.152590
0.152033
0.151476
0.150919
0.150361
0.149802
0.149243
0.148684
0.148124
0.147564
0.147003
0.146442
0.145880
0.145318
0.144756
0.144193
0.143629
0.143066
0.142501
0.141936
0.141371
0.140805
0.140239
0.139673
0.139105
0.138538
0.137970
0.137401
0.136832
0.136262
0.135692
0.135121
0.134550
0.133978
0.133406
0.132833
0.132260
0.131686
0.131112
0.130537
0.129961
0.129385
0.128809
0.128232
0.127654
0.127076
0.126497
0.125918
0.125337
0.124757
0.124176
0.123594
0.123012
0.122429
0.121845
0.121261
0.120676
0.120091
0.119505
0.118918
0.118331
0.117743
0.117154
0.116565
0.115975
0.115385
0.114794
0.114202
0.113610
0.113017
0.112423
0.111829
0.111235
0.110639
0.110044
0.109447
0.108850
0.108253
0.107655
0.107056
0.106457
0.105857
0.105257
0.104657
0.104056
0.103455
0.102853
0.102251
0.101649
0.101046
0.100443
0.099840
0.099237
0.098634
0.098030
0.097427
0.096823
0.096220
0.095616
0.095013
0.094410
0.093807
0.093205
0.092603
0.092001
0.091399
0.090799
0.090199
0.089599
0.089001
0.088403
0.087806
0.087210
0.086615
0.086022
0.085429
0.084839
0.084249
0.083661
0.083075
0.082491
0.081908
0.081328
0.080750
0.080174
0.079600
0.079029
0.078461
0.077895
0.077332
0.076773
0.076216
0.075663
0.075113
0.074567
0.074024
0.073485
0.072951
0.072420
0.071894
0.071372
0.070854
0.070341
0.069833
0.069330
0.068832
0.068339
0.067852
0.067370
0.066893
0.066422
0.065957
0.065497
0.065044
0.064596
0.064154
0.063718
0.063289
0.062865
0.062447
0.062036
0.061630
0.061231
0.060837
0.060450
0.060069
0.059693
0.059324
0.058960
0.058602
0.058250
0.057903
0.057562
0.057227
0.056897
0.056572
0.056253
0.055939
0.055630
0.055326
0.055026
0.054732
0.054443
0.054158
0.053877
0.053602
0.053330
0.053063
0.052800
0.052541
0.052286
0.052036
0.051789
0.051545
0.051306
0.051070
0.050838
0.050609
0.050383
0.050161
0.049943
0.049727
0.049515
0.049306
0.049101
0.048900
0.048704
0.048520
0.048375
0.048303
0.048271
0.048245
0.048192
0.048100
0.048384
0.047917
0.047542
0.047244
0.046939
0.046649
0.046365
0.046078
0.045787
0.045492
0.045195
0.044897
0.044600
0.044301
0.043996
0.043725
0.043697
0.044106
0.043585
0.043182
0.042810
0.042683
0.043444
0.042565
0.042175
0.041828
0.041393
0.041377
0.042500
0.041279
0.040834
0.040471
0.040321
0.041538
0.040262
0.039784
0.039427
0.039488
0.039312
0.040755
0.039250
0.038574
0.038476
0.040019
0.038428
0.037684
0.037719
0.039280
0.037681
0.036881
0.036981
0.038666
0.036967
0.036073
0.036304
0.038076
0.036322
0.035308
0.035608
0.037437
0.035605
0.034516
0.035036
0.034521
0.036629
0.034636
0.034025
0.036242
0.034086
0.033355
0.035349
0.033450
0.032837
0.034360
0.032959
0.032326
0.034177
0.032516
0.031885
0.033666
0.032024
0.031529
0.033424
0.031662
0.031098
0.033077
0.031190
0.030776
0.032776
0.030853
0.030352
0.032457
0.030382
0.030056
0.032130
0.030082
0.029623
0.031801
0.029560
0.029426
0.031491
0.029399
0.028899
0.031148
0.028678
0.028801
0.030735
0.028716
0.028023
0.030317
0.027802
0.029855
0.027779
0.028169
0.027736
0.029555
0.027658
0.026896
0.029286
0.026611
0.027210
0.026622
0.026622
0.028662
0.026394
0.027811
0.026227
0.025483
0.027831
0.025289
0.027121
0.025145
0.026579
0.025068
0.024243
0.026607
0.024429
0.025542
0.024195
0.025988
0.024053
0.023585
0.025662
0.023187
0.025320
0.023167
0.024778
0.023037
0.022678
0.023675
0.022291
0.024327
0.022193
0.024034
0.022100
0.023417
0.021648
0.022100
0.021515
0.023147
0.021229
0.022835
0.020950
0.022412
0.020653
0.022003
0.020348
0.021615
0.020080
0.021416
0.019835
0.021093
0.019612
0.020945
0.019398
0.020709
0.019218
0.020545
0.019043
0.020372
0.018897
0.020221
0.018757
0.020080
0.018633
0.019950
0.018518
0.019830
0.018412
0.019719
0.018316
0.019620
0.018231
0.019533
0.018159
0.019460
0.018101
0.019402
0.018057
0.019354
0.018021
0.019310
0.017990
0.019269
0.017962
0.019229
0.017937
0.019192
0.017917
0.019159
0.017903
0.019134
0.017895
0.019118
0.017895
0.019114
0.017906
0.019129
0.017931
0.019167
0.017976
0.019237
0.018048
0.019346
0.018154
0.019492
0.018295
0.019664
0.018460
0.019840
0.018634
0.020002
0.018799
0.020144
0.018949
0.020272
0.019088
0.020389
0.019221
0.020498
0.019347
0.020600
0.019466
0.020695
0.019577
0.020785
0.019682
0.020867
0.019782
0.020928
0.019871
0.020946
0.019936
0.020906
0.019962
0.020810
0.019941
0.020675
0.019884
0.020516
0.019800
0.020341
0.019697
0.020153
0.019578
0.019954
0.019446
0.019745
0.019303
0.019527
0.019150
0.019304
0.018991
0.019077
0.018825
0.018852
0.018656
0.018634
0.018485
0.018429
0.018313
0.018237
0.018141
0.018059
0.017972
0.017889
0.017807
0.017727
0.017647
0.017569
0.017491
0.017415
0.017340
0.017266
0.017193
0.017121
0.017049
0.016979
0.016909
0.016840
0.016771
0.016703
0.016636
0.016569
0.016503
0.016436
0.016370
0.016304
0.016238
0.016171
0.016104
0.016037
0.015969
0.015900
0.015831
0.015760
0.015689
0.015616
0.015541
0.015466
0.015389
0.015311
0.015231
0.015150
0.015067
0.014984
0.014899
0.014813
0.014726
0.014637
0.014548
0.014458
0.014367
0.014275
0.014182
0.014088
0.013993
0.013897
0.013800
0.013702
0.013602
0.013501
0.013399
0.013294
0.013188
0.013080
0.012970
0.012858
0.012743
0.012626
0.012506
0.012384
0.012259
0.012131
0.012001
0.011867
0.011731
0.011591
0.011449
0.011304
0.011156
0.011005
0.010852
0.010696
0.010537
0.010375
0.010211
0.010045
0.009876
0.009705
0.009532
0.009358
0.009181
0.009002
0.008821
0.008638
0.008453
0.008266
0.008077
0.007886
0.007693
0.007497
0.007298
0.007096
0.006892
0.006684
0.006473
0.006258
0.006039
0.005817
0.005590
0.005360
0.005125
0.004887
0.004645
0.004399
0.004150
0.003898
0.003643
0.003386
0.003127
0.002868
0.002608
0.002348
0.002090
0.001834
0.001580
0.001331
0.001086
0.000846
0.000612
0.000385
0.000165
-0.000047
-0.000251
-0.000446
-0.000633
-0.000811
-0.000980
-0.001140
-0.001291
-0.001434
-0.001567
-0.001692
-0.001808
-0.001916
-0.002016
-0.002107
-0.002190
-0.002264
-0.002331
-0.002388
-0.002437
-0.002476
-0.002505
-0.002524
-0.002530
-0.002524
-0.002502
-0.002462
-0.002401
-0.002316
-0.002203
-0.002061
-0.001894
-0.001705
-0.001502
-0.001292
-0.001078
-0.000864
-0.000653
-0.000448
-0.000253
-0.000070
0.000100
0.000253
0.000390
0.000512
0.000619
0.000713
0.000796
0.000870
0.000938
0.001002
0.001064
0.001125
0.001187
0.001250
0.001315
0.001383
0.001453
0.001528
0.001605
0.001687
0.001772
0.001860
0.001953
0.002049
0.002150
0.002254
0.002362
0.002475
0.002592
0.002712
0.002836
0.002961
0.003085
0.003204
0.003311
0.003399
0.003457
0.003475
0.003444
0.003354
0.003201
0.002983
0.002702
0.002360
0.001963
0.001515
0.001019
0.000477
-0.000111
-0.000749
-0.001441
-0.002195
-0.003018
-0.003920
-0.004914
-0.006009
-0.007216
-0.008537
-0.009961
-0.011465
-0.013014
-0.014569
-0.016099
-0.017581
-0.019002
-0.020357
-0.021648
-0.022879
-0.024057
-0.025187
-0.026276
-0.027330
-0.028354
-0.029353
-0.030330
-0.031288
-0.032231
-0.033162
-0.034081
-0.034991
-0.035893
-0.036788
-0.037677
-0.038560
-0.039439
-0.040313
-0.041183
-0.042050
-0.042914
-0.043775
-0.044633
-0.045488
-0.046341
-0.047191
-0.048039
-0.048884
-0.049726
-0.050566
-0.051403
-0.052237
-0.053069
-0.053897
-0.054723
-0.055546
-0.056365
-0.057181
-0.057994
-0.058803
-0.059609
-0.060411
-0.061210
-0.062005
-0.062796
-0.063584
-0.064367
-0.065146
-0.065922
-0.066693
-0.067461
-0.068224
-0.068983
-0.069739
-0.070490
-0.071237
-0.071980
-0.072719
-0.073454
-0.074185
-0.074912
-0.075635
-0.076354
-0.077070
-0.077782
-0.078491
-0.079196
-0.079898
-0.080597
-0.081293
-0.081986
-0.082676
-0.083364
-0.084049
-0.084732
-0.085413
-0.086092
-0.086770
-0.087447
-0.088124
-0.088800
-0.089477
-0.090155
-0.090835
-0.091517
-0.092201
-0.092887
-0.093575
-0.094265
-0.094954
-0.095642
-0.096327
-0.097008
-0.097686
-0.098360
-0.099032
-0.099702
-0.100373
-0.101044
-0.101718
-0.101718
-0.102392
-0.103081
-0.103699
-0.104856
-0.102431
-0.104430
-0.104542
-0.106141
-0.105014
-0.105619
-0.105831
-0.105999
-0.106462
-0.107149
-0.107981
-0.108873
-0.109770
-0.110651
-0.111513
-0.112365
-0.113218
-0.114076
-0.114941
-0.115808
-0.116672
-0.117531
-0.118384
-0.119232
-0.120078
-0.120923
-0.121768
-0.122616
-0.123465
-0.124316
-0.125169
-0.126025
-0.126884
-0.127746
-0.128613
-0.129485
-0.130363
-0.131248
-0.132139
-0.133037
-0.133944
-0.134859
-0.135783
-0.136716
-0.137659
-0.138612
-0.139575
-0.140548
-0.141531
-0.142524
-0.143528
-0.144542
-0.145566
-0.146600
-0.147644
-0.148698
-0.149763
-0.150838
-0.151923
-0.153018
-0.154124
-0.155240
-0.156367
-0.157505
-0.158653
-0.159811
-0.160980
-0.162160
-0.163350
-0.164551
-0.165762
-0.166983
-0.168215
-0.169456
-0.170707
-0.171967
-0.173237
-0.174516
-0.175803
-0.177100
-0.178404
-0.179717
-0.181038
-0.182366
-0.183701
-0.185044
-0.186393
-0.187749
-0.189111
-0.190479
-0.191853
-0.193233
-0.194618
-0.196007
-0.197402
-0.198801
-0.200205
-0.201613
-0.203026
-0.204442
-0.205862
-0.207286
-0.208713
-0.210144
-0.211578
-0.213015
-0.214456
-0.215899
-0.217345
-0.218794
-0.220246
-0.221701
-0.223158
-0.224618
-0.226080
-0.227545
-0.229012
-0.230481
-0.231953
-0.233427
-0.234903
-0.236382
-0.237862
-0.239345
-0.240829
-0.242316
-0.243804
-0.245295
-0.246787
-0.248280
-0.249776
-0.251273
-0.252772
-0.254272
-0.255773
-0.257276
-0.258780
-0.260286
-0.261792
-0.263299
-0.264808
-0.266317
-0.267827
-0.269338
-0.270849
-0.272361
-0.273873
-0.275385
-0.276898
-0.278410
-0.279923
-0.281435
-0.282947
-0.284459
-0.285971
-0.287482
-0.288992
-0.290502
-0.292010
-0.293518
-0.295025
-0.296531
-0.298035
-0.299538
-0.301040
-0.302540
-0.304039
-0.305536
-0.307031
-0.308524
-0.310016
-0.311505
-0.312992
-0.314477
-0.315960
-0.317441
-0.318919
-0.320395
-0.321868
-0.323338
-0.324806
-0.326271
-0.327733
-0.329193
-0.330649
-0.332103
-0.333554
-0.335001
-0.336445
-0.337886
-0.339324
-0.340759
-0.342190
-0.343618
-0.345042
-0.346463
-0.347881
-0.349295
-0.350705
-0.352112
-0.353515
-0.354914
-0.356310
-0.357701
-0.359089
-0.360474
-0.361854
-0.363230
-0.364603
-0.365971
-0.367336
-0.368697
-0.370053
-0.371406
-0.372755
-0.374099
-0.375440
-0.376776
-0.378108
-0.379436
-0.380760
-0.382080
-0.383395
-0.384706
-0.386014
-0.387317
-0.388615
-0.389910
-0.391200
-0.392486
-0.393768
-0.395045
-0.396318
-0.397587
-0.398852
-0.400112
-0.401368
-0.402620
-0.403867
-0.405111
-0.406350
-0.407584
-0.408815
-0.410041
-0.411263
-0.412480
-0.413693
-0.414902
-0.416107
-0.417308
-0.418504
-0.419696
-0.420884
-0.422067
-0.423246
-0.424421
-0.425592
-0.426759
-0.427921
-0.429080
-0.430234
-0.431384
-0.432529
-0.433671
-0.434808
-0.435942
-0.437071
-0.438196
-0.439317
-0.440434
-0.441547
-0.442655
-0.443760
-0.444861
-0.445958
-0.447050
-0.448139
-0.449223
-0.450304
-0.451381
-0.452454
-0.453522
-0.454587
-0.455648
-0.456705
-0.457758
-0.458807
-0.459853
-0.460894
-0.461932
-0.462966
-0.463996
-0.465022
-0.466044
-0.467063
-0.468078
-0.469089
-0.470096
-0.471100
-0.472099
-0.473096
-0.474088
-0.475077
-0.476062
-0.477043
-0.478021
-0.478995
-0.479965
-0.480932
-0.481895
-0.482855
-0.483811
-0.484763
-0.485712
-0.486657
-0.487599
-0.488537
-0.489472
-0.490403
-0.491331
-0.492255
-0.493175
-0.494092
-0.495006
-0.495916
-0.496823
-0.497727
-0.498627
-0.499523
-0.500416
-0.501306
-0.502193
-0.503076
-0.503955
-0.504832
-0.505705
-0.506574
-0.507441
-0.508304
-0.509164
-0.510020
-0.510874
-0.511724
-0.512571
-0.513414
-0.514255
-0.515092
-0.515926
-0.516757
-0.517585
-0.518410
-0.519231
-0.520050
-0.520865
-0.521678
-0.522487
-0.523293
-0.524097
-0.524898
-0.525695
-0.526490
-0.527282
-0.528071
-0.528857
-0.529641
-0.530421
-0.531199
-0.531975
-0.532748
-0.533518
-0.534286
-0.535051
-0.535814
-0.536575
-0.537333
-0.538090
-0.538844
-0.539596
-0.540346
-0.541094
-0.541841
-0.542586
-0.543329
-0.544072
-0.544812
-0.545552
-0.546291
-0.547029
-0.547767
-0.548505
-0.549242
-0.549980
-0.550719
-0.551459
-0.552200
-0.552943
-0.553689
-0.554439
-0.555192
-0.555951
-0.556715
-0.557485
-0.558263
-0.559048
-0.559839
-0.560633
-0.561426
-0.562212
-0.562985
-0.563737
-0.564468
-0.565178
-0.565872
-0.566553
-0.567226
-0.567894
-0.568558
-0.569220
-0.569882
-0.570543
-0.571204
-0.571865
-0.572527
-0.573190
-0.573854
-0.574518
-0.575182
-0.575847
-0.576512
-0.577176
-0.577841
-0.578505
-0.579169
-0.579833
-0.580496
-0.581158
-0.581819
-0.582479
-0.583139
-0.583797
-0.584454
-0.585110
-0.585765
-0.586419
-0.587071
-0.587722
-0.588372
-0.589020
-0.589667
-0.590313
-0.590957
-0.591600
-0.592242
-0.592882
-0.593521
-0.594159
-0.594795
-0.595431
-0.596065
-0.596697
-0.597329
-0.597959
-0.598588
-0.599216
-0.599843
-0.600469
-0.601093
-0.601717
-0.602339
-0.602961
-0.603581
-0.604201
-0.604819
-0.605437
-0.606053
-0.606669
-0.607284
-0.607898
-0.608512
-0.609124
-0.609736
-0.610347
-0.610957
-0.611566
-0.612175
-0.612783
-0.613390
-0.613997
-0.614603
-0.615208
-0.615813
-0.616418
-0.617021
-0.617625
-0.618227
-0.618227
-0.618830
-0.619431
-0.620033
-0.620634
-0.621234
-0.621834
-0.622434
-0.623033
-0.623632
-0.624231
-0.624829
-0.625427
-0.626025
-0.626623
-0.627220
-0.627817
-0.628414
-0.629011
-0.629608
-0.630205
-0.630802
-0.631398
-0.631995
-0.632591
-0.633188
-0.633785
-0.634381
-0.634978
-0.635575
-0.636172
-0.636769
-0.637366
-0.637964
-0.638562
-0.639160
-0.639758
-0.640357
-0.640956
-0.641555
-0.642155
-0.642755
-0.643355
-0.643956
-0.644558
-0.645159
-0.645762
-0.646364
-0.646967
-0.647571
-0.648175
-0.648780
-0.649386
-0.649991
-0.650598
-0.651205
-0.651812
-0.652421
-0.653029
-0.653638
-0.654248
-0.654859
-0.655469
-0.656081
-0.656693
-0.657305
-0.657918
-0.658531
-0.659145
-0.659759
-0.660374
-0.660989
-0.661604
-0.662220
-0.662835
-0.663451
-0.664067
-0.664684
-0.665300
-0.665916
-0.666532
-0.667148
-0.667764
-0.668380
-0.668995
-0.669610
-0.670225
-0.670839
-0.671453
-0.672065
-0.672678
-0.673289
-0.673900
-0.674509
-0.675118
-0.675726
-0.676332
-0.676938
-0.677542
-0.678145
-0.678746
-0.679346
-0.679944
-0.680541
-0.681136
-0.681730
-0.682321
-0.682911
-0.683499
-0.684085
-0.684668
-0.685250
-0.685830
-0.686407
-0.686983
-0.687556
-0.688127
-0.688695
-0.689261
-0.689824
-0.690386
-0.690944
-0.691500
-0.692054
-0.692604
-0.693153
-0.693698
-0.694241
-0.694781
-0.695319
-0.695853
-0.696385
-0.696915
-0.697441
-0.697965
-0.698486
-0.699004
-0.699520
-0.700032
-0.700543
-0.701050
-0.701555
-0.702058
-0.702558
-0.703055
-0.703550
-0.704043
-0.704533
-0.705021
-0.705507
-0.705991
-0.706472
-0.706952
-0.707430
-0.707906
-0.708380
-0.708852
-0.709322
-0.709791
-0.710258
-0.710724
-0.711188
-0.711651
-0.712113
-0.712573
-0.713032
-0.713489
-0.713945
-0.714400
-0.714854
-0.715307
-0.715759
-0.716210
-0.716659
-0.717108
-0.717555
-0.718002
-0.718447
-0.718892
-0.719335
-0.719778
-0.720219
-0.720659
-0.721098
-0.721536
-0.721973
-0.722408
-0.722841
-0.723273
-0.723703
-0.724130
-0.724555
-0.724976
-0.725392
-0.725803
-0.726206
-0.726599
-0.726975
-0.727324
-0.727628
-0.727846
-0.727888
-0.727655
-0.727633
-0.728189
-0.728734
-0.729345
-0.729702
-0.730273
-0.730557
-0.731318
-0.731330
-0.732413
-0.732294
-0.733034
-0.733151
-0.734053
-0.733887
-0.735015
-0.734926
-0.736070
-0.735768
-0.736574
-0.736990
-0.737194
-0.738286
-0.738053
-0.738725
-0.739585
-0.739163
-0.739892
-0.740941
-0.740476
-0.741081
-0.742005
-0.742065
-0.743261
-0.742912
-0.743520
-0.744432
-0.744245
-0.745251
-0.745534
-0.746504
-0.746122
-0.747070
-0.747643
-0.747813
-0.748824
-0.748235
-0.748769
-0.749213
-0.750107
-0.750884
-0.750491
-0.751093
-0.751990
-0.752308
-0.753266
-0.752480
-0.752894
-0.752926
-0.752996
-0.753031
-0.753169
-0.753335
-0.753488
-0.753673
-0.753887
-0.754128
-0.754390
-0.754668
-0.754957
-0.755254
-0.755555
-0.755857
-0.756161
-0.756466
-0.756774
-0.757084
-0.757397
-0.757711
-0.758027
-0.758343
-0.758660
-0.758978
-0.759296
-0.759615
-0.759934
-0.760253
-0.760572
-0.760892
-0.761211
-0.761529
-0.761846
-0.762161
-0.762476
-0.762788
-0.763099
-0.763407
-0.763713
-0.764017
-0.764317
-0.764615
-0.764909
-0.765199
-0.765486
-0.765770
-0.766049
-0.766324
-0.766596
-0.766863
-0.767125
-0.767384
-0.767638
-0.767887
-0.768132
-0.768373
-0.768609
-0.768840
-0.769067
-0.769289
-0.769507
-0.769720
-0.769929
-0.770133
-0.770333
-0.770529
-0.770720
-0.770907
-0.771090
-0.771269
-0.771443
-0.771614
-0.771781
-0.771944
-0.772103
-0.772258
-0.772410
-0.772559
-0.772704
-0.772846
-0.772985
-0.773120
-0.773253
-0.773383
-0.773511
-0.773635
-0.773758
-0.773878
-0.773996
-0.774113
-0.774227
-0.774340
-0.774452
-0.774563
-0.774672
-0.774780
-0.774888
-0.774996
-0.775103
-0.775209
-0.775316
-0.775423
-0.775530
-0.775638
-0.775746
-0.775854
-0.775964
-0.776075
-0.776186
-0.776299
-0.776412
-0.776527
-0.776644
-0.776761
-0.776880
-0.777001
-0.777123
-0.777247
-0.777372
-0.777499
-0.777628
-0.777759
-0.777891
-0.778025
-0.778161
-0.778299
-0.778438
-0.778580
-0.778723
-0.778868
-0.779015
-0.779164
-0.779314
-0.779467
-0.779621
-0.779778
-0.779936
-0.780096
-0.780257
-0.780421
-0.780586
-0.780753
-0.780922
-0.781092
-0.781264
-0.781438
-0.781614
-0.781791
-0.781969
-0.782149
-0.782331
-0.782514
-0.782699
-0.782885
-0.783072
-0.783261
-0.783451
-0.783643
-0.783835
-0.784029
-0.784225
-0.784422
-0.784619
-0.784819
-0.785019
-0.785220
-0.785423
-0.785627
-0.785832
-0.786038
-0.786245
-0.786454
-0.786663
-0.786874
-0.787085
-0.787298
-0.787512
-0.787727
-0.787943
-0.788160
-0.788379
-0.788598
-0.788819
-0.789040
-0.789263
-0.789487
-0.789711
-0.789938
-0.790165
-0.790393
-0.790622
-0.790853
-0.791085
-0.791318
-0.791552
-0.791787
-0.792024
-0.792261
-0.792500
-0.792740
-0.792981
-0.793224
-0.793468
-0.793713
-0.793959
-0.794207
-0.794455
-0.794705
-0.794957
-0.795209
-0.795463
-0.795718
-0.795975
-0.796233
-0.796492
-0.796752
-0.797014
-0.797277
-0.797541
-0.797807
-0.798074
-0.798342
-0.798612
-0.798882
-0.799155
-0.799428
-0.799703
-0.799979
-0.800257
-0.800536
-0.800816
-0.801098
-0.801380
-0.801664
-0.801950
-0.802237
-0.802524
-0.802814
-0.802814
-0.803104
-0.803396
-0.803689
-0.803983
-0.804278
-0.804575
-0.804873
-0.805172
-0.805472
-0.805773
-0.806075
-0.806379
-0.806683
-0.806989
-0.807295
-0.807603
-0.807912
-0.808221
-0.808531
-0.808843
-0.809155
-0.809468
-0.809782
-0.810096
-0.810412
-0.810728
-0.811045
-0.811362
-0.811680
-0.811999
-0.812319
-0.812638
-0.812959
-0.813280
-0.813601
-0.813922
-0.814244
-0.814567
-0.814889
-0.815212
-0.815536
-0.815859
-0.816183
-0.816506
-0.816830
-0.817154
-0.817478
-0.817802
-0.818126
-0.818450
-0.818773
-0.819097
-0.819421
-0.819744
-0.820067
-0.820391
-0.820713
-0.821036
-0.821358
-0.821680
-0.822002
-0.822323
-0.822644
-0.822965
-0.823285
-0.823605
-0.823925
-0.824244
-0.824563
-0.824881
-0.825199
-0.825516
-0.825833
-0.826150
-0.826466
-0.826782
-0.827097
-0.827412
-0.827727
-0.828041
-0.828355
-0.828669
-0.828982
-0.829295
-0.829609
-0.829922
-0.830235
-0.830549
-0.830863
-0.831178
-0.831493
-0.831810
-0.832128
-0.832448
-0.832772
-0.833101
-0.833436
-0.833784
-0.834155
-0.834581
-0.834986
-0.835270
-0.835884
-0.836160
-0.836563
-0.836643
-0.837090
-0.837224
-0.837550
-0.837602
-0.838058
-0.838201
-0.838510
-0.838574
-0.839040
-0.839171
-0.839547
-0.839587
-0.840064
-0.840223
-0.840504
-0.840626
-0.841064
-0.841157
-0.841610
-0.841701
-0.842072
-0.842114
-0.842582
-0.842704
-0.843049
-0.843109
-0.843564
-0.843665
-0.844047
-0.844097
-0.844533
-0.844619
-0.845002
-0.845059
-0.845482
-0.845561
-0.845945
-0.846004
-0.846411
-0.846483
-0.846868
-0.846932
-0.847323
-0.847393
-0.847773
-0.847840
-0.848217
-0.848286
-0.848657
-0.848727
-0.849093
-0.849164
-0.849524
-0.849596
-0.849950
-0.850024
-0.850371
-0.850447
-0.850788
-0.850865
-0.851200
-0.851280
-0.851607
-0.851689
-0.852009
-0.852095
-0.852407
-0.852495
-0.852800
-0.852892
-0.853188
-0.853284
-0.853572
-0.853671
-0.853951
-0.854054
-0.854325
-0.854433
-0.854695
-0.854808
-0.855060
-0.855178
-0.855421
-0.855544
-0.855777
-0.855905
-0.856130
-0.856263
-0.856478
-0.856616
-0.856822
-0.856965
-0.857163
-0.857310
-0.857500
-0.857651
-0.857834
-0.857987
-0.858164
-0.858320
-0.858492
-0.858648
-0.858816
-0.858973
-0.859137
-0.859293
-0.859454
-0.859611
-0.859769
-0.859924
-0.860081
-0.860235
-0.860389
-0.860542
-0.860694
-0.860846
-0.860997
-0.861147
-0.861296
-0.861445
-0.861593
-0.861740
-0.861886
-0.862032
-0.862177
-0.862322
-0.862466
-0.862609
-0.862751
-0.862893
-0.863035
-0.863175
-0.863315
-0.863455
-0.863594
-0.863732
-0.863870
-0.864007
-0.864144
-0.864280
-0.864416
-0.864551
-0.864686
-0.864820
-0.864954
-0.865087
-0.865220
-0.865352
-0.865484
-0.865615
-0.865746
-0.865877
-0.866007
-0.866136
-0.866266
-0.866394
-0.866523
-0.866651
-0.866779
-0.866906
-0.867033
-0.867160
-0.867286
-0.867412
-0.867538
-0.867663
-0.867788
-0.867913
-0.868037
-0.868161
-0.868285
-0.868409
-0.868532
-0.868655
-0.868778
-0.868900
-0.869023
-0.869145
-0.869267
-0.869388
-0.869510
-0.869631
-0.869752
-0.869872
-0.869993
-0.870113
-0.870234
-0.870354
-0.870473
-0.870593
-0.870713
-0.870832
-0.870951
-0.871070
-0.871189
-0.871308
-0.871427
-0.871545
-0.871664
-0.871782
-0.871900
-0.872018
-0.872136
-0.872254
-0.872372
-0.872490
-0.872608
-0.872725
-0.872843
-0.872960
-0.873078
-0.873195
-0.873313
-0.873430
-0.873547
-0.873665
-0.873782
-0.873899
-0.874016
-0.874133
-0.874250
-0.874367
-0.874485
-0.874602
-0.874719
-0.874836
-0.874953
-0.875070
-0.875187
-0.875304
-0.875421
-0.875539
-0.875656
-0.875773
-0.875890
-0.876008
-0.876125
-0.876242
-0.876360
-0.876477
-0.876595
-0.876712
-0.876830
-0.876948
-0.877065
-0.877183
-0.877301
-0.877419
-0.877537
-0.877655
-0.877773
-0.877891
-0.878009
-0.878128
-0.878246
-0.878365
-0.878483
-0.878602
-0.878721
-0.878840
-0.878959
-0.879078
-0.879197
-0.879316
-0.879435
-0.879555
-0.879674
-0.879794
-0.879914
-0.880034
-0.880154
-0.880274
-0.880394
-0.880514
-0.880635
-0.880755
-0.880876
-0.880996
-0.881117
-0.881238
-0.881359
-0.881480
-0.881602
-0.881723
-0.881845
-0.881966
-0.882088
-0.882210
-0.882332
-0.882454
-0.882576
-0.882699
-0.882821
-0.882944
-0.883066
-0.883189
-0.883312
-0.883435
-0.883559
-0.883682
-0.883805
-0.883929
-0.884053
-0.884177
-0.884301
-0.884425
-0.884549
-0.884673
-0.884798
-0.884922
-0.885047
-0.885172
-0.885297
-0.885422
-0.885547
-0.885672
-0.885798
-0.885923
-0.886049
-0.886175
-0.886301
-0.886427
-0.886553
-0.886679
-0.886805
-0.886932
-0.887059
-0.887185
-0.887312
-0.887439
-0.887566
-0.887693
-0.887821
-0.887948
-0.888076
-0.888203
-0.888331
-0.888459
-0.888587
-0.888715
-0.888843
-0.888972
-0.889100
-0.889229
-0.889357
-0.889486
-0.889615
-0.889744
-0.889873
-0.890002
-0.890131
-0.890261
-0.890390
-0.890520
-0.890650
-0.890780
-0.890910
-0.891040
-0.891170
-0.891300
-0.891430
-0.891561
-0.891691
-0.891822
-0.891953
-0.892084
-0.892215
-0.892346
-0.892477
-0.892609
-0.892740
-0.892872
-0.893003
-0.893135
-0.893267
-0.893399
-0.893531
-0.893663
-0.893796
-0.893928
-0.894061
-0.894194
-0.894326
-0.894459
-0.894592
-0.894726
-0.894859
-0.894992
-0.895126
-0.895260
-0.895393
-0.895527
-0.895661
-0.895661
-0.895796
-0.895930
-0.896064
-0.896199
-0.896334
-0.896468
-0.896603
-0.896738
-0.896874
-0.897009
-0.897144
-0.897280
-0.897416
-0.897552
-0.897688
-0.897824
-0.897960
-0.898096
-0.898233
-0.898369
-0.898506
-0.898643
-0.898780
-0.898917
-0.899054
-0.899191
-0.899329
-0.899466
-0.899603
-0.899741
-0.899879
-0.900016
-0.900154
-0.900292
-0.900430
-0.900568
-0.900706
-0.900844
-0.900982
-0.901120
-0.901258
-0.901396
-0.901534
-0.901672
-0.901810
-0.901948
-0.902086
-0.902224
-0.902362
-0.902499
-0.902637
-0.902774
-0.902912
-0.903049
-0.903186
-0.903323
-0.903460
-0.903597
-0.903734
-0.903870
-0.904006
-0.904143
-0.904279
-0.904414
-0.904550
-0.904686
-0.904821
-0.904956
-0.905091
-0.905226
-0.905360
-0.905494
-0.905628
-0.905762
-0.905896
-0.906030
-0.906163
-0.906296
-0.906429
-0.906562
-0.906694
-0.906827
-0.906959
-0.907091
-0.907222
-0.907354
-0.907485
-0.907617
-0.907748
-0.907879
-0.908009
-0.908140
-0.908270
-0.908401
-0.908531
-0.908661
-0.908790
-0.908920
-0.909050
-0.909179
-0.909308
-0.909437
-0.909566
-0.909695
-0.909824
-0.909953
-0.910081
-0.910210
-0.910338
-0.910467
-0.910595
-0.910723
-0.910851
-0.910979
-0.911107
-0.911235
-0.911363
-0.911491
-0.911618
-0.911746
-0.911874
-0.912001
-0.912129
-0.912256
-0.912384
-0.912511
-0.912639
-0.912766
-0.912893
-0.913021
-0.913148
-0.913275
-0.913403
-0.913530
-0.913657
-0.913784
-0.913912
-0.914039
-0.914166
-0.914294
-0.914421
-0.914548
-0.914676
-0.914803
-0.914930
-0.915058
-0.915185
-0.915313
-0.915440
-0.915568
-0.915695
-0.915823
-0.915950
-0.916078
-0.916206
-0.916333
-0.916461
-0.916589
-0.916717
-0.916844
-0.916972
-0.917100
-0.917228
-0.917356
-0.917484
-0.917612
-0.917741
-0.917869
-0.917997
-0.918125
-0.918254
-0.918382
-0.918510
-0.918639
-0.918767
-0.918896
-0.919025
-0.919153
-0.919282
-0.919411
-0.919540
-0.919669
-0.919798
-0.919927
-0.920056
-0.920185
-0.920314
-0.920443
-0.920573
-0.920702
-0.920831
-0.920961
-0.921090
-0.921220
-0.921350
-0.921479
-0.921609
-0.921739
-0.921869
-0.921999
-0.922129
-0.922259
-0.922389
-0.922519
-0.922649
-0.922779
-0.922909
-0.923040
-0.923170
-0.923301
-0.923431
-0.923562
-0.923692
-0.923823
-0.923954
-0.924084
-0.924215
-0.924346
-0.924477
-0.924608
-0.924739
-0.924870
-0.925001
-0.925132
-0.925263
-0.925394
-0.925525
-0.925657
-0.925788
-0.925919
-0.926051
-0.926182
-0.926314
-0.926445
-0.926577
-0.926708
-0.926840
-0.926971
-0.927103
-0.927235
-0.927367
-0.927498
-0.927630
-0.927762
-0.927894
-0.928026
-0.928158
-0.928290
-0.928421
-0.928553
-0.928685
-0.928817
-0.928950
-0.929082
-0.929214
-0.929346
-0.929478
-0.929610
-0.929742
-0.929874
-0.930007
-0.930139
-0.930271
-0.930403
-0.930535
-0.930668
-0.930800
-0.930932
-0.931065
-0.931197
-0.931329
-0.931461
-0.931594
-0.931726
-0.931858
-0.931991
-0.932123
-0.932255
-0.932387
-0.932520
-0.932652
-0.932784
-0.932917
-0.933049
-0.933181
-0.933313
-0.933446
-0.933578
-0.933710
-0.933842
-0.933975
-0.934107
-0.934239
-0.934371
-0.934503
-0.934635
-0.934768
-0.934900
-0.935032
-0.935164
-0.935296
-0.935428
-0.935560
-0.935692
-0.935824
-0.935956
-0.936088
-0.936220
-0.936351
-0.936483
-0.936615
-0.936747
-0.936879
-0.937010
-0.937142
-0.937274
-0.937405
-0.937537
-0.937668
-0.937800
-0.937931
-0.938063
-0.938194
-0.938326
-0.938457
-0.938588
-0.938720
-0.938851
-0.938982
-0.939113
-0.939244
-0.939375
-0.939506
-0.939637
-0.939768
-0.939899
-0.940030
-0.940161
-0.940292
-0.940422
-0.940553
-0.940683
-0.940814
-0.940945
-0.941075
-0.941205
-0.941336
-0.941466
-0.941596
-0.941727
-0.941857
-0.941987
-0.942117
-0.942247
-0.942377
-0.942507
-0.942636
-0.942766
-0.942896
-0.943026
-0.943155
-0.943285
-0.943414
-0.943544
-0.943673
-0.943802
-0.943931
-0.944061
-0.944190
-0.944319
-0.944448
-0.944577
-0.944706
-0.944834
-0.944963
-0.945092
-0.945220
-0.945349
-0.945477
-0.945606
-0.945734
-0.945862
-0.945991
-0.946119
-0.946247
-0.946375
-0.946503
-0.946631
-0.946759
-0.946886
-0.947014
-0.947142
-0.947269
-0.947397
-0.947524
-0.947651
-0.947779
-0.947906
-0.948033
-0.948160
-0.948287
-0.948414
-0.948541
-0.948667
-0.948794
-0.948921
-0.949047
-0.949174
-0.949300
-0.949426
-0.949553
-0.949679
-0.949805
-0.949931
-0.950057
-0.950183
-0.950309
-0.950434
-0.950560
-0.950686
-0.950811
-0.950937
-0.951062
-0.951187
-0.951313
-0.951438
-0.951563
-0.951688
-0.951813
-0.951937
-0.952062
-0.952187
-0.952311
-0.952436
-0.952560
-0.952685
-0.952809
-0.952933
-0.953058
-0.953182
-0.953306
-0.953429
-0.953553
-0.953677
-0.953801
-0.953924
-0.954048
-0.954171
-0.954295
-0.954418
-0.954541
-0.954664
-0.954787
-0.954910
-0.955033
-0.955156
-0.955279
-0.955402
-0.955524
-0.955647
-0.955769
-0.955892
-0.956014
-0.956136
-0.956258
-0.956380
-0.956502
-0.956624
-0.956746
-0.956868
-0.956989
-0.957111
-0.957232
-0.957354
-0.957475
-0.957597
-0.957718
-0.957839
-0.957960
-0.958081
-0.958202
-0.958323
-0.958443
-0.958564
-0.958685
-0.958805
-0.958925
-0.959046
-0.959166
-0.959286
-0.959406
-0.959526
-0.959646
-0.959766
-0.959886
-0.960006
-0.960125
-0.960245
-0.960364
-0.960364
-0.960484
-0.960603
-0.960722
-0.960842
-0.960961
-0.961080
-0.961199
-0.961318
-0.961436
-0.961555
-0.961674
-0.961792
-0.961911
-0.962029
-0.962148
-0.962266
-0.962384
-0.962502
-0.962620
-0.962738
-0.962856
-0.962974
-0.963092
-0.963209
-0.963327
-0.963444
-0.963562
-0.963679
-0.963797
-0.963914
-0.964031
-0.964148
-0.964265
-0.964382
-0.964499
-0.964615
-0.964732
-0.964849
-0.964965
-0.965082
-0.965198
-0.965314
-0.965431
-0.965547
-0.965663
-0.965779
-0.965895
-0.966011
-0.966127
-0.966242
-0.966358
-0.966474
-0.966589
-0.966704
-0.966820
-0.966935
-0.967050
-0.967165
-0.967280
-0.967395
-0.967510
-0.967625
-0.967740
-0.967855
-0.967969
-0.968084
-0.968198
-0.968313
-0.968427
-0.968541
-0.968656
-0.968770
-0.968884
-0.968998
-0.969112
-0.969225
-0.969339
-0.969453
-0.969567
-0.969680
-0.969794
-0.969907
-0.970020
-0.970134
-0.970247
-0.970360
-0.970473
-0.970586
-0.970699
-0.970812
-0.970924
-0.971037
-0.971150
-0.971262
-0.971375
-0.971487
-0.971600
-0.971712
-0.971824
-0.971936
-0.972048
-0.972160
-0.972272
-0.972384
-0.972496
-0.972607
-0.972719
-0.972831
-0.972942
-0.973054
-0.973165
-0.973276
-0.973388
-0.973499
-0.973610
-0.973721
-0.973832
-0.973943
-0.974053
-0.974164
-0.974275
-0.974385
-0.974496
-0.974607
-0.974717
-0.974827
-0.974938
-0.975048
-0.975158
-0.975268
-0.975378
-0.975488
-0.975598
-0.975707
-0.975817
-0.975927
-0.976036
-0.976146
-0.976255
-0.976365
-0.976474
-0.976583
-0.976693
-0.976802
-0.976911
-0.977020
-0.977129
-0.977237
-0.977346
-0.977455
-0.977564
-0.977672
-0.977781
-0.977889
-0.977997
-0.978106
-0.978214
-0.978322
-0.978430
-0.978538
-0.978646
-0.978754
-0.978862
-0.978970
-0.979078
-0.979185
-0.979293
-0.979400
-0.979508
-0.979615
-0.979722
-0.979830
-0.979937
-0.980044
-0.980151
-0.980258
-0.980365
-0.980472
-0.980579
-0.980685
-0.980792
-0.980898
-0.981005
-0.981111
-0.981218
-0.981324
-0.981430
-0.981537
-0.981643
-0.981749
-0.981855
-0.981961
-0.982067
-0.982172
-0.982278
-0.982384
-0.982489
-0.982595
-0.982700
-0.982806
-0.982911
-0.983016
-0.983122
-0.983227
-0.983332
-0.983437
-0.983542
-0.983647
-0.983751
-0.983856
-0.983961
-0.984065
-0.984170
-0.984274
-0.984379
-0.984483
-0.984587
-0.984692
-0.984796
-0.984900
-0.985004
-0.985108
-0.985212
-0.985316
-0.985419
-0.985523
-0.985627
-0.985730
-0.985834
-0.985937
-0.986041
-0.986144
-0.986247
-0.986350
-0.986454
-0.986557
-0.986660
-0.986763
-0.986865
-0.986968
-0.987071
-0.987174
-0.987276
-0.987379
-0.987481
-0.987584
-0.987686
-0.987788
-0.987890
-0.987993
-0.988095
-0.988197
-0.988299
-0.988400
-0.988502
-0.988604
-0.988706
-0.988807
-0.988909
-0.989010
-0.989112
-0.989213
-0.989315
-0.989416
-0.989517
-0.989618
-0.989719
-0.989820
-0.989921
-0.990022
-0.990123
-0.990223
-0.990324
-0.990425
-0.990525
-0.990626
-0.990726
-0.990826
-0.990927
-0.991027
-0.991127
-0.991227
-0.991327
-0.991427
-0.991527
-0.991627
-0.991727
-0.991826
-0.991926
-0.992025
-0.992125
-0.992224
-0.992324
-0.992423
-0.992522
-0.992621
-0.992721
-0.992820
-0.992919
-0.993018
-0.993116
-0.993215
-0.993314
-0.993413
-0.993511
-0.993610
-0.993708
-0.993807
-0.993905
-0.994003
-0.994101
-0.994200
-0.994298
-0.994396
-0.994494
-0.994592
-0.994689
-0.994787
-0.994885
-0.994982
-0.995080
-0.995178
-0.995275
-0.995372
-0.995470
-0.995567
-0.995664
-0.995761
-0.995858
-0.995955
-0.996052
-0.996149
-0.996246
-0.996343
-0.996439
-0.996536
-0.996632
-0.996729
-0.996825
-0.996922
-0.997018
-0.997114
-0.997210
-0.997307
-0.997403
-0.997499
-0.997594
-0.997690
-0.997786
-0.997882
-0.997977
-0.998073
-0.998169
-0.998264
-0.998359
-0.998455
-0.998550
-0.998645
-0.998740
-0.998835
-0.998931
-0.999025
-0.999120
-0.999215
-0.999310
-0.999405
-0.999499
-0.999594
-0.999688
-0.999783
-0.999877
-0.999972
-1.000066
-1.000160
-1.000254
-1.000348
-1.000442
-1.000536
-1.000630
-1.000724
-1.000818
-1.000911
-1.001005
-1.001098
-1.001192
-1.001285
-1.001379
-1.001472
-1.001565
-1.001658
-1.001752
-1.001845
-1.001938
-1.002031
-1.002123
-1.002216
-1.002309
-1.002402
-1.002494
-1.002587
-1.002679
-1.002772
-1.002864
-1.002956
-1.003049
-1.003141
-1.003233
-1.003325
-1.003417
-1.003509
-1.003601
-1.003693
-1.003784
-1.003876
-1.003968
-1.004059
-1.004151
-1.004242
-1.004333
-1.004425
-1.004516
-1.004607
-1.004698
-1.004789
-1.004880
-1.004971
-1.005062
-1.005153
-1.005244
-1.005334
-1.005425
-1.005516
-1.005606
-1.005696
-1.005787
-1.005877
-1.005967
-1.006058
-1.006148
-1.006238
-1.006328
-1.006418
-1.006508
-1.006597
-1.006687
-1.006777
-1.006867
-1.006956
-1.007046
-1.007135
-1.007224
-1.007314
-1.007403
-1.007492
-1.007581
-1.007671
-1.007760
-1.007849
-1.007937
-1.008026
-1.008115
-1.008204
-1.008292
-1.008381
-1.008470
-1.008558
-1.008647
-1.008735
-1.008823
-1.008911
-1.009000
-1.009088
-1.009176
-1.009264
-1.009352
-1.009440
-1.009527
-1.009615
-1.009703
-1.009791
-1.009878
-1.009966
-1.010053
-1.010140
-1.010228
-1.010315
-1.010402
-1.010489
-1.010577
-1.010664
-1.010751
-1.010838
-1.010924
-1.011011
-1.011098
-1.011185
-1.011271
-1.011358
-1.011444
-1.011444
-1.011531
-1.011617
-1.011704
-1.011790
-1.011876
-1.011962
-1.012048
-1.012134
-1.012220
-1.012306
-1.012392
-1.012478
-1.012564
-1.012649
-1.012735
-1.012821
-1.012906
-1.012992
-1.013077
-1.013162
-1.013248
-1.013333
-1.013418
-1.013503
-1.013588
-1.013673
-1.013758
-1.013843
-1.013928
-1.014013
-1.014097
-1.014182
-1.014267
-1.014351
-1.014436
-1.014520
-1.014605
-1.014689
-1.014773
-1.014857
-1.014942
-1.015026
-1.015110
-1.015194
-1.015278
-1.015361
-1.015445
-1.015529
-1.015613
-1.015696
-1.015780
-1.015864
-1.015947
-1.016030
-1.016114
-1.016197
-1.016280
-1.016364
-1.016447
-1.016530
-1.016613
-1.016696
-1.016779
-1.016862
-1.016945
-1.017027
-1.017110
-1.017193
-1.017275
-1.017358
-1.017440
-1.017523
-1.017605
-1.017688
-1.017770
-1.017852
-1.017934
-1.018016
-1.018098
-1.018180
-1.018262
-1.018344
-1.018426
-1.018508
-1.018590
-1.018671
-1.018753
-1.018835
-1.018916
-1.018998
-1.019079
-1.019160
-1.019242
-1.019323
-1.019404
-1.019485
-1.019567
-1.019648
-1.019729
-1.019810
-1.019891
-1.019971
-1.020052
-1.020133
-1.020214
-1.020294
-1.020375
-1.020456
-1.020536
-1.020617
-1.020697
-1.020777
-1.020858
-1.020938
-1.021018
-1.021098
-1.021178
-1.021258
-1.021338
-1.021418
-1.021498
-1.021578
-1.021658
-1.021738
-1.021817
-1.021897
-1.021977
-1.022056
-1.022136
-1.022215
-1.022295
-1.022374
-1.022453
-1.022533
-1.022612
-1.022691
-1.022770
-1.022849
-1.022928
-1.023007
-1.023086
-1.023165
-1.023244
-1.023323
-1.023402
-1.023480
-1.023559
-1.023638
-1.023716
-1.023795
-1.023873
-1.023952
-1.024030
-1.024108
-1.024187
-1.024265
-1.024343
-1.024421
-1.024499
-1.024577
-1.024655
-1.024733
-1.024811
-1.024889
-1.024967
-1.025045
-1.025123
-1.025200
-1.025278
-1.025356
-1.025433
-1.025511
-1.025588
-1.025666
-1.025743
-1.025821
-1.025898
-1.025975
-1.026052
-1.026130
-1.026207
-1.026284
-1.026361
-1.026438
-1.026515
-1.026592
-1.026669
-1.026746
-1.026823
-1.026899
-1.026976
-1.027053
-1.027129
-1.027206
-1.027283
-1.027359
-1.027436
-1.027512
-1.027589
-1.027665
-1.027741
-1.027818
-1.027894
-1.027970
-1.028046
-1.028123
-1.028199
-1.028275
-1.028351
-1.028427
-1.028503
-1.028579
-1.028655
-1.028731
-1.028806
-1.028882
-1.028958
-1.029034
-1.029109
-1.029185
-1.029261
-1.029336
-1.029412
-1.029487
-1.029563
-1.029638
-1.029714
-1.029789
-1.029864
-1.029940
-1.030015
-1.030090
-1.030165
-1.030241
-1.030316
-1.030391
-1.030466
-1.030541
-1.030616
-1.030691
-1.030766
-1.030841
-1.030916
-1.030990
-1.031065
-1.031140
-1.031215
-1.031289
-1.031364
-1.031439
-1.031513
-1.031588
-1.031663
-1.031737
-1.031812
-1.031886
-1.031961
-1.032035
-1.032109
-1.032184
-1.032258
-1.032332
-1.032407
-1.032481
-1.032555
-1.032629
-1.032703
-1.032778
-1.032852
-1.032926
-1.033000
-1.033074
-1.033148
-1.033222
-1.033296
-1.033370
-1.033443
-1.033517
-1.033591
-1.033665
-1.033739
-1.033812
-1.033886
-1.033960
-1.034033
-1.034107
-1.034181
-1.034254
-1.034328
-1.034401
-1.034475
-1.034548
-1.034622
-1.034695
-1.034769
-1.034842
-1.034915
-1.034989
-1.035062
-1.035135
-1.035208
-1.035281
-1.035355
-1.035428
-1.035501
-1.035574
-1.035647
-1.035720
-1.035793
-1.035866
-1.035939
-1.036012
-1.036085
-1.036158
-1.036231
-1.036303
-1.036376
-1.036449
-1.036522
-1.036594
-1.036667
-1.036740
-1.036812
-1.036885
-1.036958
-1.037030
-1.037103
-1.037175
-1.037248
-1.037320
-1.037392
-1.037465
-1.037537
-1.037609
-1.037682
-1.037754
-1.037826
-1.037898
-1.037970
-1.038042
-1.038114
-1.038187
-1.038259
-1.038331
-1.038402
-1.038474
-1.038546
-1.038618
-1.038690
-1.038762
-1.038833
-1.038905
-1.038977
-1.039048
-1.039120
-1.039192
-1.039263
-1.039335
-1.039406
-1.039478
-1.039549
-1.039620
-1.039692
-1.039763
-1.039834
-1.039905
-1.039977
-1.040048
-1.040119
-1.040190
-1.040261
-1.040332
-1.040403
-1.040474
-1.040545
-1.040616
-1.040686
-1.040757
-1.040828
-1.040899
-1.040969
-1.041040
-1.041111
-1.041181
-1.041252
-1.041322
-1.041393
-1.041463
-1.041533
-1.041604
-1.041674
-1.041744
-1.041814
-1.041885
-1.041955
-1.042025
-1.042095
-1.042165
-1.042235
-1.042305
-1.042375
-1.042445
-1.042515
-1.042584
-1.042654
-1.042724
-1.042794
-1.042863
-1.042933
-1.043003
-1.043072
-1.043142
-1.043211
-1.043281
-1.043350
-1.043420
-1.043489
-1.043558
-1.043628
-1.043697
-1.043766
-1.043835
-1.043905
-1.043974
-1.044043
-1.044112
-1.044181
-1.044250
-1.044319
-1.044388
-1.044457
-1.044526
-1.044595
-1.044664
-1.044733
-1.044801
-1.044870
-1.044939
-1.045008
-1.045077
-1.045145
-1.045214
-1.045283
-1.045351
-1.045420
-1.045488
-1.045557
-1.045626
-1.045694
-1.045763
-1.045831
-1.045900
-1.045968
-1.046037
-1.046105
-1.046173
-1.046242
-1.046310
-1.046379
-1.046447
-1.046515
-1.046584
-1.046652
-1.046720
-1.046789
-1.046857
-1.046925
-1.046994
-1.047062
-1.047130
-1.047198
-1.047267
-1.047335
-1.047403
-1.047472
-1.047540
-1.047608
-1.047676
-1.047745
-1.047813
-1.047881
-1.047949
-1.048018
-1.048086
-1.048154
-1.048223
-1.048291
-1.048359
-1.048428
-1.048496
-1.048564
-1.048633
-1.048701
-1.048769
-1.048838
-1.048906
-1.048975
-1.049043
-1.049112
-1.049112
-1.049180
-1.049249
-1.049317
-1.049386
-1.049454
-1.049523
-1.049592
-1.049660
-1.049729
-1.049798
-1.049866
-1.049935
-1.050004
-1.050073
-1.050142
-1.050211
-1.050280
-1.050349
-1.050418
-1.050487
-1.050556
-1.050625
-1.050694
-1.050763
-1.050832
-1.050902
-1.050971
-1.051040
-1.051110
-1.051179
-1.051248
-1.051318
-1.051387
-1.051457
-1.051526
-1.051596
-1.051666
-1.051735
-1.051805
-1.051875
-1.051945
-1.052014
-1.052084
-1.052154
-1.052224
-1.052294
-1.052364
-1.052434
-1.052504
-1.052574
-1.052644
-1.052715
-1.052785
-1.052855
-1.052925
-1.052995
-1.053065
-1.053136
-1.053206
-1.053276
-1.053347
-1.053417
-1.053487
-1.053557
-1.053628
-1.053698
-1.053768
-1.053838
-1.053908
-1.053978
-1.054048
-1.054118
-1.054188
-1.054258
-1.054327
-1.054396
-1.054465
-1.054534
-1.054602
-1.054670
-1.054737
-1.054804
-1.054870
-1.054935
-1.054999
-1.055062
-1.055124
-1.055185
-1.055246
-1.055309
-1.055374
-1.055442
-1.055517
-1.055597
-1.055685
-1.055779
-1.055880
-1.055986
-1.056096
-1.056211
-1.056329
-1.056450
-1.056572
-1.056696
-1.056822
-1.056948
-1.057075
-1.057202
-1.057329
-1.057456
-1.057582
-1.057707
-1.057830
-1.057952
-1.058071
-1.058189
-1.058304
-1.058416
-1.058525
-1.058632
-1.058734
-1.058834
-1.058929
-1.059021
-1.059109
-1.059193
-1.059273
-1.059350
-1.059422
-1.059491
-1.059556
-1.059618
-1.059678
-1.059734
-1.059789
-1.059841
-1.059891
-1.059939
-1.059986
-1.060032
-1.060077
-1.060121
-1.060164
-1.060206
-1.060249
-1.060291
-1.060333
-1.060374
-1.060416
-1.060458
-1.060500
-1.060542
-1.060585
-1.060628
-1.060671
-1.060714
-1.060758
-1.060803
-1.060847
-1.060892
-1.060938
-1.060984
-1.061030
-1.061077
-1.061124
-1.061171
-1.061218
-1.061266
-1.061314
-1.061363
-1.061411
-1.061460
-1.061509
-1.061558
-1.061608
-1.061657
-1.061706
-1.061756
-1.061805
-1.061855
-1.061904
-1.061954
-1.062003
-1.062053
-1.062102
-1.062151
-1.062200
-1.062249
-1.062298
-1.062347
-1.062395
-1.062444
-1.062492
-1.062540
-1.062588
-1.062635
-1.062683
-1.062730
-1.062777
-1.062824
-1.062870
-1.062916
-1.062962
-1.063008
-1.063053
-1.063099
-1.063143
-1.063188
-1.063233
-1.063277
-1.063321
-1.063364
-1.063408
-1.063451
-1.063493
-1.063536
-1.063578
-1.063620
-1.063662
-1.063704
-1.063745
-1.063786
-1.063827
-1.063867
-1.063907
-1.063947
-1.063987
-1.064027
-1.064066
-1.064105
-1.064144
-1.064183
-1.064221
-1.064259
-1.064297
-1.064335
-1.064373
-1.064410
-1.064448
-1.064485
-1.064521
-1.064558
-1.064595
-1.064631
-1.064667
-1.064703
-1.064739
-1.064775
-1.064810
-1.064846
-1.064881
-1.064916
-1.064951
-1.064986
-1.065021
-1.065055
-1.065090
-1.065124
-1.065158
-1.065193
-1.065227
-1.065261
-1.065294
-1.065328
-1.065362
-1.065395
-1.065429
-1.065462
-1.065496
-1.065529
-1.065562
-1.065595
-1.065628
-1.065661
-1.065694
-1.065727
-1.065760
-1.065793
-1.065825
-1.065858
-1.065891
-1.065923
-1.065956
-1.065988
-1.066021
-1.066053
-1.066086
-1.066118
-1.066150
-1.066182
-1.066215
-1.066247
-1.066279
-1.066311
-1.066344
-1.066376
-1.066408
-1.066440
-1.066472
-1.066504
-1.066536
-1.066568
-1.066600
-1.066632
-1.066664
-1.066697
-1.066729
-1.066761
-1.066793
-1.066825
-1.066857
-1.066889
-1.066921
-1.066953
-1.066985
-1.067017
-1.067049
-1.067081
-1.067113
-1.067145
-1.067177
-1.067209
-1.067241
-1.067273
-1.067306
-1.067338
-1.067370
-1.067402
-1.067434
-1.067466
-1.067499
-1.067531
-1.067563
-1.067595
-1.067628
-1.067660
-1.067692
-1.067725
-1.067757
-1.067789
-1.067822
-1.067854
-1.067887
-1.067919
-1.067952
-1.067984
-1.068017
-1.068049
-1.068082
-1.068115
-1.068148
-1.068180
-1.068213
-1.068246
-1.068279
-1.068312
-1.068344
-1.068377
-1.068410
-1.068443
-1.068477
-1.068510
-1.068543
-1.068576
-1.068609
-1.068643
-1.068676
-1.068709
-1.068743
-1.068776
-1.068810
-1.068843
-1.068877
-1.068910
-1.068944
-1.068978
-1.069012
-1.069045
-1.069079
-1.069113
-1.069147
-1.069181
-1.069215
-1.069250
-1.069284
-1.069318
-1.069352
-1.069387
-1.069421
-1.069456
-1.069490
-1.069525
-1.069560
-1.069594
-1.069629
-1.069664
-1.069699
-1.069734
-1.069769
-1.069804
-1.069840
-1.069875
-1.069910
-1.069946
-1.069981
-1.070017
-1.070052
-1.070088
-1.070124
-1.070160
-1.070196
-1.070232
-1.070268
-1.070304
-1.070340
-1.070376
-1.070413
-1.070449
-1.070486
-1.070522
-1.070559
-1.070596
-1.070633
-1.070670
-1.070707
-1.070744
-1.070781
-1.070818
-1.070856
-1.070893
-1.070931
-1.070968
-1.071006
-1.071044
-1.071082
-1.071120
-1.071158
-1.071196
-1.071235
-1.071273
-1.071311
-1.071350
-1.071389
-1.071427
-1.071466
-1.071505
-1.071544
-1.071584
-1.071623
-1.071662
-1.071702
-1.071741
-1.071781
-1.071821
-1.071861
-1.071901
-1.071941
-1.071981
-1.072021
-1.072062
-1.072102
-1.072143
-1.072184
-1.072225
-1.072266
-1.072307
-1.072348
-1.072390
-1.072431
-1.072473
-1.072515
-1.072557
-1.072599
-1.072641
-1.072683
-1.072725
-1.072768
-1.072810
-1.072853
-1.072896
-1.072939
-1.072982
-1.073025
-1.073069
-1.073112
-1.073156
-1.073200
-1.073244
-1.073288
-1.073332
-1.073377
-1.073421
-1.073466
-1.073511
-1.073556
-1.073601
-1.073646
-1.073691
-1.073737
-1.073737
-1.073783
-1.073829
-1.073875
-1.073921
-1.073967
-1.074014
-1.074060
-1.074107
-1.074154
-1.074201
-1.074248
-1.074296
-1.074343
-1.074391
-1.074439
-1.074487
-1.074535
-1.074584
-1.074632
-1.074681
-1.074730
-1.074779
-1.074829
-1.074878
-1.074928
-1.074978
-1.075028
-1.075078
-1.075128
-1.075179
-1.075230
-1.075281
-1.075332
-1.075383
-1.075435
-1.075486
-1.075538
-1.075590
-1.075643
-1.075695
-1.075748
-1.075801
-1.075854
-1.075907
-1.075961
-1.076014
-1.076068
-1.076122
-1.076177
-1.076231
-1.076286
-1.076341
-1.076396
-1.076451
-1.076507
-1.076563
-1.076619
-1.076675
-1.076732
-1.076788
-1.076845
-1.076903
-1.076960
-1.077018
-1.077075
-1.077133
-1.077192
-1.077250
-1.077309
-1.077368
-1.077427
-1.077487
-1.077547
-1.077607
-1.077667
-1.077727
-1.077788
-1.077849
-1.077910
-1.077971
-1.078033
-1.078095
-1.078157
-1.078220
-1.078282
-1.078345
-1.078409
-1.078472
-1.078536
-1.078600
-1.078664
-1.078729
-1.078794
-1.078859
-1.078924
-1.078990
-1.079055
-1.079122
-1.079188
-1.079255
-1.079322
-1.079389
-1.079457
-1.079524
-1.079592
-1.079661
-1.079730
-1.079798
-1.079868
-1.079937
-1.080007
-1.080077
-1.080148
-1.080218
-1.080289
-1.080361
-1.080432
-1.080504
-1.080576
-1.080649
-1.080721
-1.080795
-1.080868
-1.080942
-1.081016
-1.081090
-1.081164
-1.081239
-1.081315
-1.081390
-1.081466
-1.081542
-1.081619
-1.081695
-1.081773
-1.081850
-1.081928
-1.082006
-1.082084
-1.082163
-1.082242
-1.082321
-1.082401
-1.082481
-1.082561
-1.082642
-1.082723
-1.082804
-1.082886
-1.082968
-1.083050
-1.083133
-1.083216
-1.083299
-1.083383
-1.083467
-1.083551
-1.083636
-1.083721
-1.083807
-1.083892
-1.083978
-1.084065
-1.084151
-1.084239
-1.084326
-1.084414
-1.084502
-1.084590
-1.084679
-1.084769
-1.084858
-1.084948
-1.085038
-1.085129
-1.085220
-1.085311
-1.085403
-1.085495
-1.085587
-1.085680
-1.085773
-1.085867
-1.085960
-1.086055
-1.086149
-1.086244
-1.086339
-1.086435
-1.086531
-1.086627
-1.086724
-1.086821
-1.086919
-1.087016
-1.087115
-1.087213
-1.087312
-1.087412
-1.087511
-1.087611
-1.087712
-1.087812
-1.087914
-1.088015
-1.088117
-1.088219
-1.088322
-1.088425
-1.088528
-1.088632
-1.088736
-1.088841
-1.088946
-1.089051
-1.089157
-1.089263
-1.089369
-1.089476
-1.089583
-1.089691
-1.089799
-1.089907
-1.090016
-1.090125
-1.090234
-1.090344
-1.090454
-1.090565
-1.090675
-1.090787
-1.090898
-1.091011
-1.091123
-1.091236
-1.091349
-1.091463
-1.091577
-1.091691
-1.091806
-1.091921
-1.092036
-1.092152
-1.092268
-1.092385
-1.092502
-1.092619
-1.092737
-1.092855
-1.092974
-1.093093
-1.093212
-1.093331
-1.093451
-1.093572
-1.093693
-1.093814
-1.093935
-1.094057
-1.094179
-1.094302
-1.094425
-1.094548
-1.094672
-1.094796
-1.094921
-1.095046
-1.095171
-1.095297
-1.095423
-1.095549
-1.095676
-1.095803
-1.095930
-1.096058
-1.096186
-1.096315
-1.096444
-1.096573
-1.096703
-1.096833
-1.096963
-1.097094
-1.097225
-1.097357
-1.097489
-1.097621
-1.097754
-1.097887
-1.098020
-1.098154
-1.098288
-1.098422
-1.098557
-1.098692
-1.098827
-1.098963
-1.099099
-1.099236
-1.099373
-1.099510
-1.099648
-1.099786
-1.099924
-1.100063
-1.100201
-1.100341
-1.100481
-1.100621
-1.100761
-1.100902
-1.101043
-1.101184
-1.101326
-1.101468
-1.101610
-1.101753
-1.101896
-1.102040
-1.102183
-1.102327
-1.102472
-1.102617
-1.102762
-1.102907
-1.103053
-1.103199
-1.103345
-1.103492
-1.103639
-1.103787
-1.103934
-1.104082
-1.104231
-1.104379
-1.104528
-1.104677
-1.104827
-1.104977
-1.105127
-1.105278
-1.105429
-1.105580
-1.105731
-1.105883
-1.106035
-1.106187
-1.106340
-1.106493
-1.106646
-1.106800
-1.106954
-1.107108
-1.107262
-1.107417
-1.107572
-1.107727
-1.107883
-1.108039
-1.108195
-1.108351
-1.108508
-1.108665
-1.108822
-1.108980
-1.109138
-1.109296
-1.109454
-1.109613
-1.109772
-1.109931
-1.110090
-1.110250
-1.110410
-1.110570
-1.110731
-1.110891
-1.111052
-1.111214
-1.111375
-1.111537
-1.111699
-1.111861
-1.112024
-1.112186
-1.112349
-1.112513
-1.112676
-1.112840
-1.113004
-1.113168
-1.113332
-1.113497
-1.113662
-1.113827
-1.113992
-1.114158
-1.114323
-1.114489
-1.114656
-1.114822
-1.114989
-1.115155
-1.115322
-1.115490
-1.115657
-1.115825
-1.115993
-1.116161
-1.116329
-1.116497
-1.116666
-1.116835
-1.117004
-1.117173
-1.117343
-1.117512
-1.117682
-1.117852
-1.118022
-1.118192
-1.118363
-1.118533
-1.118704
-1.118875
-1.119046
-1.119218
-1.119389
-1.119561
-1.119733
-1.119905
-1.120077
-1.120249
-1.120421
-1.120594
-1.120767
-1.120940
-1.121113
-1.121286
-1.121459
-1.121632
-1.121806
-1.121980
-1.122153
-1.122327
-1.122501
-1.122675
-1.122850
-1.123024
-1.123199
-1.123373
-1.123548
-1.123723
-1.123898
-1.124073
-1.124248
-1.124423
-1.124599
-1.124774
-1.124950
-1.125125
-1.125301
-1.125477
-1.125653
-1.125828
-1.126005
-1.126181
-1.126357
-1.126533
-1.126709
-1.126886
-1.127062
-1.127239
-1.127415
-1.127592
-1.127769
-1.127945
-1.128122
-1.128299
-1.128476
-1.128653
-1.128829
-1.129006
-1.129183
-1.129360
-1.129537
-1.129715
-1.129892
-1.130069
-1.130246
-1.130423
-1.130600
-1.130777
-1.130955
-1.131132
-1.131309
-1.131486
-1.131663
-1.131840
-1.131840
-1.132017
-1.132195
-1.132372
-1.132549
-1.132726
-1.132903
-1.133080
-1.133257
-1.133434
-1.133611
-1.133788
-1.133964
-1.134141
-1.134318
-1.134495
-1.134671
-1.134848
-1.135024
-1.135201
-1.135377
-1.135553
-1.135729
-1.135906
-1.136082
-1.136258
-1.136433
-1.136609
-1.136785
-1.136961
-1.137136
-1.137311
-1.137487
-1.137662
-1.137837
-1.138012
-1.138187
-1.138361
-1.138536
-1.138710
-1.138885
-1.139059
-1.139233
-1.139407
-1.139580
-1.139754
-1.139927
-1.140100
-1.140274
-1.140446
-1.140619
-1.140792
-1.140964
-1.141136
-1.141308
-1.141480
-1.141652
-1.141823
-1.141994
-1.142165
-1.142336
-1.142506
-1.142677
-1.142847
-1.143017
-1.143186
-1.143356
-1.143525
-1.143693
-1.143862
-1.144030
-1.144198
-1.144366
-1.144534
-1.144701
-1.144868
-1.145035
-1.145201
-1.145367
-1.145533
-1.145698
-1.145864
-1.146028
-1.146193
-1.146357
-1.146521
-1.146684
-1.146847
-1.147010
-1.147173
-1.147335
-1.147496
-1.147658
-1.147819
-1.147979
-1.148139
-1.148299
-1.148458
-1.148617
-1.148776
-1.148934
-1.149091
-1.149249
-1.149405
-1.149562
-1.149717
-1.149873
-1.150028
-1.150182
-1.150336
-1.150489
-1.150642
-1.150795
-1.150947
-1.151098
-1.151249
-1.151399
-1.151549
-1.151698
-1.151846
-1.151995
-1.152142
-1.152289
-1.152435
-1.152581
-1.152726
-1.152870
-1.153014
-1.153157
-1.153300
-1.153442
-1.153583
-1.153723
-1.153863
-1.154002
-1.154141
-1.154278
-1.154415
-1.154552
-1.154687
-1.154822
-1.154956
-1.155089
-1.155221
-1.155353
-1.155484
-1.155614
-1.155743
-1.155871
-1.155999
-1.156126
-1.156251
-1.156376
-1.156500
-1.156624
-1.156746
-1.156867
-1.156987
-1.157107
-1.157225
-1.157343
-1.157459
-1.157575
-1.157689
-1.157803
-1.157915
-1.158027
-1.158137
-1.158246
-1.158355
-1.158462
-1.158568
-1.158673
-1.158776
-1.158879
-1.158981
-1.159081
-1.159180
-1.159278
-1.159375
-1.159470
-1.159565
-1.159658
-1.159750
-1.159840
-1.159930
-1.160018
-1.160104
-1.160190
-1.160274
-1.160357
-1.160438
-1.160518
-1.160597
-1.160674
-1.160750
-1.160824
-1.160897
-1.160969
-1.161039
-1.161108
-1.161175
-1.161241
-1.161305
-1.161368
-1.161429
-1.161489
-1.161547
-1.161604
-1.161659
-1.161713
-1.161765
-1.161815
-1.161864
-1.161911
-1.161957
-1.162001
-1.162043
-1.162084
-1.162123
-1.162161
-1.162197
-1.162231
-1.162264
-1.162295
-1.162324
-1.162352
-1.162378
-1.162402
-1.162425
-1.162445
-1.162465
-1.162482
-1.162498
-1.162512
-1.162525
-1.162535
-1.162545
-1.162552
-1.162558
-1.162562
-1.162564
-1.162565
-1.162564
-1.162561
-1.162557
-1.162551
-1.162543
-1.162534
-1.162523
-1.162510
-1.162496
-1.162480
-1.162462
-1.162443
-1.162422
-1.162400
-1.162376
-1.162350
-1.162323
-1.162295
-1.162264
-1.162233
-1.162199
-1.162165
-1.162128
-1.162091
-1.162051
-1.162011
-1.161969
-1.161925
-1.161880
-1.161834
-1.161786
-1.161737
-1.161687
-1.161635
-1.161582
-1.161527
-1.161472
-1.161415
-1.161357
-1.161298
-1.161237
-1.161175
-1.161112
-1.161048
-1.160983
-1.160917
-1.160850
-1.160781
-1.160712
-1.160641
-1.160570
-1.160498
-1.160424
-1.160350
-1.160275
-1.160199
-1.160122
-1.160044
-1.159965
-1.159886
-1.159805
-1.159724
-1.159642
-1.159560
-1.159477
-1.159393
-1.159308
-1.159223
-1.159137
-1.159051
-1.158964
-1.158876
-1.158788
-1.158699
-1.158610
-1.158520
-1.158430
-1.158340
-1.158249
-1.158158
-1.158066
-1.157974
-1.157881
-1.157789
-1.157696
-1.157602
-1.157509
-1.157415
-1.157321
-1.157226
-1.157132
-1.157037
-1.156942
-1.156847
-1.156752
-1.156657
-1.156561
-1.156466
-1.156371
-1.156275
-1.156179
-1.156084
-1.155988
-1.155893
-1.155797
-1.155701
-1.155606
-1.155510
-1.155415
-1.155320
-1.155225
-1.155130
-1.155035
-1.154940
-1.154845
-1.154751
-1.154657
-1.154563
-1.154469
-1.154375
-1.154282
-1.154188
-1.154095
-1.154003
-1.153910
-1.153818
-1.153726
-1.153635
-1.153543
-1.153452
-1.153362
-1.153271
-1.153181
-1.153092
-1.153003
-1.152914
-1.152825
-1.152737
-1.152649
-1.152562
-1.152475
-1.152388
-1.152302
-1.152216
-1.152131
-1.152046
-1.151962
-1.151878
-1.151794
-1.151711
-1.151629
-1.151547
-1.151465
-1.151384
-1.151303
-1.151223
-1.151144
-1.151065
-1.150986
-1.150908
-1.150830
-1.150753
-1.150677
-1.150601
-1.150525
-1.150450
-1.150376
-1.150302
-1.150229
-1.150156
-1.150084
-1.150012
-1.149941
-1.149870
-1.149800
-1.149731
-1.149662
-1.149594
-1.149526
-1.149459
-1.149393
-1.149327
-1.149262
-1.149197
-1.149133
-1.149070
-1.149007
-1.148944
-1.148883
-1.148822
-1.148761
-1.148701
-1.148642
-1.148583
-1.148525
-1.148468
-1.148411
-1.148355
-1.148299
-1.148245
-1.148190
-1.148137
-1.148083
-1.148031
-1.147979
-1.147928
-1.147878
-1.147828
-1.147778
-1.147730
-1.147682
-1.147634
-1.147588
-1.147541
-1.147496
-1.147451
-1.147407
-1.147363
-1.147320
-1.147278
-1.147237
-1.147196
-1.147155
-1.147115
-1.147076
-1.147038
-1.147000
-1.146963
-1.146926
-1.146891
-1.146855
-1.146821
-1.146787
-1.146754
-1.146721
-1.146689
-1.146657
-1.146627
-1.146597
-1.146567
-1.146538
-1.146510
-1.146483
-1.146456
-1.146430
-1.146404
-1.146379
-1.146355
-1.146331
-1.146308
-1.146286
-1.146264
-1.146243
-1.146222
-1.146202
-1.146183
-1.146165
-1.146165
-1.146147
-1.146129
-1.146113
-1.146097
-1.146081
-1.146066
-1.146052
-1.146039
-1.146026
-1.146013
-1.146002
-1.145991
-1.145980
-1.145971
-1.145961
-1.145953
-1.145945
-1.145938
-1.145931
-1.145925
-1.145920
-1.145915
-1.145911
-1.145907
-1.145904
-1.145902
-1.145900
-1.145899
-1.145898
-1.145898
-1.145899
-1.145900
-1.145902
-1.145904
-1.145907
-1.145911
-1.145915
-1.145920
-1.145926
-1.145932
-1.145938
-1.145945
-1.145953
-1.145961
-1.145970
-1.145980
-1.145990
-1.146000
-1.146012
-1.146023
-1.146036
-1.146049
-1.146062
-1.146076
-1.146091
-1.146106
-1.146122
-1.146138
-1.146155
-1.146172
-1.146190
-1.146208
-1.146227
-1.146247
-1.146267
-1.146288
-1.146307
-1.146332
-1.146349
-1.146381
-1.146389
-1.146438
-1.146420
-1.146520
-1.146422
-1.146685
-1.146371
-1.147190
-1.146523
-1.149173
-1.148741
-1.150143
-1.148960
-1.150697
-1.149800
-1.150374
-1.149136
-1.150651
-1.149829
-1.150663
-1.149529
-1.150768
-1.149833
-1.150736
-1.149666
-1.150805
-1.149852
-1.150826
-1.149805
-1.150868
-1.149894
-1.150873
-1.149866
-1.150877
-1.149893
-1.150866
-1.149875
-1.150860
-1.149882
-1.150852
-1.149873
-1.150843
-1.149867
-1.150827
-1.149849
-1.150805
-1.149828
-1.150777
-1.149800
-1.150745
-1.149768
-1.150709
-1.149731
-1.150669
-1.149691
-1.150628
-1.149649
-1.150584
-1.149605
-1.150539
-1.149560
-1.150493
-1.149514
-1.150447
-1.149466
-1.150400
-1.149419
-1.150353
-1.149371
-1.150307
-1.149323
-1.150261
-1.149276
-1.150215
-1.149229
-1.150171
-1.149183
-1.150128
-1.149138
-1.150085
-1.149093
-1.150044
-1.149050
-1.150004
-1.149007
-1.149964
-1.148965
-1.149926
-1.148925
-1.149889
-1.148885
-1.149852
-1.148845
-1.149816
-1.148807
-1.149781
-1.148769
-1.149747
-1.148732
-1.149713
-1.148695
-1.149680
-1.148660
-1.149647
-1.148624
-1.149615
-1.148590
-1.149584
-1.148556
-1.149554
-1.148523
-1.149524
-1.148491
-1.149495
-1.148460
-1.149467
-1.148429
-1.149440
-1.148399
-1.149413
-1.148370
-1.149388
-1.148342
-1.149363
-1.148315
-1.149339
-1.148290
-1.149317
-1.148265
-1.149295
-1.148241
-1.149275
-1.148218
-1.149256
-1.148197
-1.149237
-1.148177
-1.149220
-1.148158
-1.149205
-1.148140
-1.149190
-1.148123
-1.149176
-1.148107
-1.149164
-1.148093
-1.149152
-1.148080
-1.149142
-1.148067
-1.149133
-1.148056
-1.149124
-1.148046
-1.149117
-1.148037
-1.149111
-1.148028
-1.149105
-1.148021
-1.149100
-1.148014
-1.149096
-1.148008
-1.149093
-1.148003
-1.149090
-1.147998
-1.149088
-1.147994
-1.149086
-1.147991
-1.149084
-1.147988
-1.149083
-1.147985
-1.149082
-1.147982
-1.149082
-1.147980
-1.149081
-1.147978
-1.149081
-1.147976
-1.149081
-1.147974
-1.149081
-1.147972
-1.149080
-1.147970
-1.149080
-1.147968
-1.149080
-1.147966
-1.149079
-1.147964
-1.149078
-1.147962
-1.149077
-1.147959
-1.149076
-1.147956
-1.149074
-1.147953
-1.149073
-1.147950
-1.149071
-1.147947
-1.149068
-1.147943
-1.149065
-1.147939
-1.149063
-1.147934
-1.149059
-1.147929
-1.149056
-1.147924
-1.149052
-1.147919
-1.149047
-1.147914
-1.149043
-1.147908
-1.149038
-1.147901
-1.149033
-1.147895
-1.149027
-1.147888
-1.149021
-1.147881
-1.149015
-1.147874
-1.149009
-1.147866
-1.149003
-1.147858
-1.148995
-1.147850
-1.148989
-1.147843
-1.148980
-1.147832
-1.148975
-1.147827
-1.148963
-1.147811
-1.148963
-1.147815
-1.148941
-1.147781
-1.148958
-1.147817
-1.148903
-1.147724
-1.148980
-1.147869
-1.148810
-1.147572
-1.149093
-1.148100
-1.148529
-1.147114
-1.149299
-1.148704
-1.148015
-1.146481
-1.147213
-1.146217
-1.149719
-1.149773
-1.148063
-1.147803
-1.146295
-1.149055
-1.148878
-1.147904
-1.146608
-1.146060
-1.145188
-1.146283
-1.145410
-1.151505
-1.152677
-1.150177
-1.154169
-1.154174
-1.151384
-1.152007
-1.150759
-1.149000
-1.148162
-1.146921
-1.147511
-1.146556
-1.149209
-1.148793
-1.147916
-1.146296
-1.146767
-1.145747
-1.150164
-1.150765
-1.148809
-1.150740
-1.150017
-1.148128
-1.148023
-1.146721
-1.149150
-1.148702
-1.148055
-1.146443
-1.147404
-1.146470
-1.149873
-1.149795
-1.148037
-1.147738
-1.146236
-1.149429
-1.149516
-1.147979
-1.147773
-1.146276
-1.149600
-1.149744
-1.148052
-1.148520
-1.147179
-1.149216
-1.148485
-1.148119
-1.146531
-1.148847
-1.148380
-1.147827
-1.146253
-1.147784
-1.147028
-1.149458
-1.148692
-1.148159
-1.146419
-1.149123
-1.148924
-1.147678
-1.146748
-1.145476
-1.146629
-1.145711
-1.152471
-1.153688
-1.151052
-1.155379
-1.155167
-1.152119
-1.152233
-1.150733
-1.148934
-1.147990
-1.146752
-1.147247
-1.146278
-1.149477
-1.149381
-1.147690
-1.147212
-1.145714
-1.149389
-1.149785
-1.148124
-1.149449
-1.148333
-1.147771
-1.146199
-1.148410
-1.147909
-1.147823
-1.146251
-1.149683
-1.149886
-1.148069
-1.149868
-1.149065
-1.147575
-1.146584
-1.145405
-1.146264
-1.145280
-1.151942
-1.153218
-1.150628
-1.154963
-1.154721
-1.151670
-1.151795
-1.150310
-1.148465
-1.147586
-1.146292
-1.147027
-1.146074
-1.149265
-1.149152
-1.147308
-1.147269
-1.145825
-1.149163
-1.149314
-1.147592
-1.148406
-1.147132
-1.147816
-1.146536
-1.149172
-1.148718
-1.147083
-1.146237
-1.144784
-1.147268
-1.146977
-1.147357
-1.145780
-1.150752
-1.151563
-1.149239
-1.149239
-1.153303
-1.153285
-1.150520
-1.151225
-1.150006
-1.147933
-1.147506
-1.146095
-1.147586
-1.146757
-1.147420
-1.146037
-1.148590
-1.148180
-1.146475
-1.146077
-1.144616
-1.148519
-1.149073
-1.147261
-1.149877
-1.149509
-1.147311
-1.148958
-1.148258
-1.146546
-1.146184
-1.144786
-1.147937
-1.148042
-1.146388
-1.146645
-1.145206
-1.148499
-1.148573
-1.146725
-1.148206
-1.147240
-1.146103
-1.144599
-1.144756
-1.143593
-1.149392
-1.150644
-1.148289
-1.153836
-1.153843
-1.150708
-1.151292
-1.149998
-1.147707
-1.147501
-1.146088
-1.146777
-1.145602
-1.147262
-1.146306
-1.146112
-1.144447
-1.147787
-1.148047
-1.146243
-1.148450
-1.147937
-1.145977
-1.146557
-1.145315
-1.146750
-1.145716
-1.146676
-1.145358
-1.147325
-1.146478
-1.145491
-1.143809
-1.144835
-1.143821
-1.149483
-1.150457
-1.147991
-1.152519
-1.152432
-1.149495
-1.150010
-1.148699
-1.146538
-1.146186
-1.144747
-1.146185
-1.145295
-1.145832
-1.144364
-1.147363
-1.147293
-1.145365
-1.146845
-1.145958
-1.144808
-1.143398
-1.143248
-1.142147
-1.146218
-1.146811
-1.145062
-1.147938
-1.147722
-1.145565
-1.148892
-1.149040
-1.146873
-1.149889
-1.149767
-1.147376
-1.148785
-1.147965
-1.145838
-1.146153
-1.144819
-1.145510
-1.144265
-1.146618
-1.146061
-1.144518
-1.143418
-1.141987
-1.143449
-1.142472
-1.149803
-1.150900
-1.148068
-1.152824
-1.152442
-1.149263
-1.149127
-1.147524
-1.145529
-1.144735
-1.143307
-1.144631
-1.143783
-1.145784
-1.144861
-1.144438
-1.142591
-1.146521
-1.147210
-1.145228
-1.149886
-1.150143
-1.147493
-1.149227
-1.148505
-1.146090
-1.146593
-1.145356
-1.144164
-1.142726
-1.142508
-1.141356
-1.144435
-1.144461
-1.143313
-1.142053
-1.140845
-1.141028
-1.139875
-1.146618
-1.148245
-1.145566
-1.155478
-1.157201
-1.153065
-1.149900
-1.146713
-1.145057
-1.143641
-1.143614
-1.142572
-1.144823
-1.144236
-1.143971
-1.142100
-1.146184
-1.146943
-1.144843
-1.150460
-1.150725
-1.147914
-1.149435
-1.148574
-1.146088
-1.146279
-1.144895
-1.143947
-1.142380
-1.143011
-1.141877
-1.146251
-1.146977
-1.144787
-1.148909
-1.149029
-1.146468
-1.148148
-1.147454
-1.145151
-1.145646
-1.144400
-1.143345
-1.141787
-1.142024
-1.140721
-1.145720
-1.146831
-1.144576
-1.149437
-1.149468
-1.146658
-1.147668
-1.146674
-1.144409
-1.144517
-1.143122
-1.143113
-1.141614
-1.143950
-1.143633
-1.142132
-1.141460
-1.139869
-1.143381
-1.143980
-1.142405
-1.145018
-1.144750
-1.142692
-1.144805
-1.144446
-1.142599
-1.143756
-1.142694
-1.142515
-1.140809
-1.145030
-1.145830
-1.143670
-1.148619
-1.148758
-1.146038
-1.147571
-1.146789
-1.144416
-1.144869
-1.143623
-1.142462
-1.140939
-1.140851
-1.139544
-1.143842
-1.144742
-1.142629
-1.148016
-1.148238
-1.145515
-1.147934
-1.147440
-1.144947
-1.145317
-1.144016
-1.142347
-1.141312
-1.139931
-1.140783
-1.139511
-1.145703
-1.146894
-1.144362
-1.148999
-1.148691
-1.145783
-1.146302
-1.145087
-1.142937
-1.142716
-1.141230
-1.142315
-1.141231
-1.142159
-1.140843
-1.142801
-1.142050
-1.140971
-1.139351
-1.139704
-1.137933
-1.146043
-1.147606
-1.144909
-1.150022
-1.149385
-1.146113
-1.145890
-1.144347
-1.142343
-1.141724
-1.140242
-1.141822
-1.141041
-1.141462
-1.139777
-1.143880
-1.144557
-1.142343
-1.146761
-1.146875
-1.144325
-1.145718
-1.144918
-1.142640
-1.143032
-1.141756
-1.140967
-1.139345
-1.140457
-1.139488
-1.142537
-1.142475
-1.140617
-1.141466
-1.140231
-1.141098
-1.139759
-1.143763
-1.144171
-1.141941
-1.145912
-1.145974
-1.143518
-1.145446
-1.144873
-1.142600
-1.143401
-1.142374
-1.140740
-1.139937
-1.138447
-1.140389
-1.139809
-1.140941
-1.139508
-1.143578
-1.143953
-1.141598
-1.146271
-1.146344
-1.143808
-1.145549
-1.144828
-1.142476
-1.142954
-1.141745
-1.140377
-1.139085
-1.138238
-1.137514
-1.137458
-1.136576
-1.138873
-1.137961
-1.144933
-1.145604
-1.142658
-1.149013
-1.148820
-1.145789
-1.146688
-1.145464
-1.142996
-1.142765
-1.141232
-1.140817
-1.139271
-1.141339
-1.140912
-1.139908
-1.138417
-1.138196
-1.136800
-1.142158
-1.143537
-1.141133
-1.149886
-1.150663
-1.147361
-1.147509
-1.145751
-1.143125
-1.142611
-1.141076
-1.141062
-1.139662
-1.141715
-1.141235
-1.139902
-1.138788
-1.137420
-1.138345
-1.136394
-1.147382
-1.149694
-1.146798
-1.150718
-1.149138
-1.145655
-1.144563
-1.142678
-1.141316
-1.139896
-1.139445
-1.138219
-1.139864
-1.139139
-1.141639
-1.141045
-1.139740
-1.138189
-1.137787
-1.136715
-1.140332
-1.140798
-1.139512
-1.139353
-1.136795
-1.146861
-1.148786
-1.146177
-1.152014
-1.150976
-1.147327
-1.145870
-1.143716
-1.141968
-1.140697
-1.139642
-1.139172
-1.138163
-1.139089
-1.137327
-1.146164
-1.147397
-1.144671
-1.149460
-1.148470
-1.145434
-1.145483
-1.144033
-1.142021
-1.141417
-1.139929
-1.141442
-1.140685
-1.140550
-1.138919
-1.142692
-1.143301
-1.141433
-1.145855
-1.145878
-1.143551
-1.145458
-1.144787
-1.142593
-1.143239
-1.142105
-1.140535
-1.139528
-1.138148
-1.139225
-1.138222
-1.143520
-1.144299
-1.142041
-1.146439
-1.146068
-1.143566
-1.144762
-1.143842
-1.141757
-1.142012
-1.140695
-1.140169
-1.138608
-1.140589
-1.140158
-1.139344
-1.137779
-1.138240
-1.136423
-1.144798
-1.144798
-1.146072
-1.143645
-1.147706
-1.146687
-1.143843
-1.144108
-1.142829
-1.140941
-1.140489
-1.139052
-1.140922
-1.140389
-1.139504
-1.137887
-1.138272
-1.136544
-1.144357
-1.145540
-1.143234
-1.147161
-1.146244
-1.143521
-1.144058
-1.142892
-1.140966
-1.140756
-1.139362
-1.140786
-1.139925
-1.139785
-1.138128
-1.142045
-1.142663
-1.140785
-1.145217
-1.145093
-1.142776
-1.144445
-1.143683
-1.141573
-1.142223
-1.141107
-1.139660
-1.138502
-1.137270
-1.137524
-1.136173
-1.142526
-1.143691
-1.141469
-1.146945
-1.146367
-1.143652
-1.144560
-1.143457
-1.141372
-1.141522
-1.140182
-1.139731
-1.138208
-1.140398
-1.140136
-1.138800
-1.138207
-1.136655
-1.141079
-1.142061
-1.140183
-1.146136
-1.145893
-1.143318
-1.144670
-1.143666
-1.141525
-1.142035
-1.140875
-1.139583
-1.138215
-1.137484
-1.136471
-1.137323
-1.135519
-1.145434
-1.146934
-1.144289
-1.149028
-1.147690
-1.144615
-1.144216
-1.142572
-1.140741
-1.139768
-1.138326
-1.139360
-1.138533
-1.140625
-1.139943
-1.139024
-1.137344
-1.138691
-1.138082
-1.141501
-1.141472
-1.139807
-1.141295
-1.140467
-1.138970
-1.138322
-1.136986
-1.141729
-1.142581
-1.140736
-1.146934
-1.146573
-1.144034
-1.145473
-1.144400
-1.142284
-1.142802
-1.141614
-1.140165
-1.138888
-1.137704
-1.137531
-1.136597
-1.140443
-1.141011
-1.139575
-1.143716
-1.143620
-1.141563
-1.146213
-1.145771
-1.143587
-1.145094
-1.144058
-1.141998
-1.142573
-1.141409
-1.140009
-1.138766
-1.137683
-1.137488
-1.136665
-1.139837
-1.139970
-1.138900
-1.137716
-1.136366
-1.137550
-1.135672
-1.153034
-1.163456
-1.158857
-1.150969
-1.145154
-1.142245
-1.140847
-1.140538
-1.139911
-1.140484
-1.139295
-1.144672
-1.145138
-1.143059
-1.147327
-1.146560
-1.144326
-1.145651
-1.144643
-1.142705
-1.142993
-1.141666
-1.140840
-1.139345
-1.141115
-1.140579
-1.140141
-1.138724
-1.142322
-1.142693
-1.141173
-1.145920
-1.145647
-1.143586
-1.146022
-1.145226
-1.143216
-1.144357
-1.143340
-1.141528
-1.141595
-1.140353
-1.141182
-1.140205
-1.141771
-1.140824
-1.140304
-1.138688
-1.143151
-1.143647
-1.141962
-1.146743
-1.146085
-1.143770
-1.144792
-1.143614
-1.141696
-1.142135
-1.140942
-1.140208
-1.138765
-1.140727
-1.140283
-1.139444
-1.137915
-1.138523
-1.137047
-1.145961
-1.146773
-1.144595
-1.147514
-1.146018
-1.143536
-1.144070
-1.142840
-1.141089
-1.140596
-1.139313
-1.141869
-1.141678
-1.140207
-1.140932
-1.139826
-1.140232
-1.139007
-1.144022
-1.144260
-1.142434
-1.146090
-1.145279
-1.143110
-1.144421
-1.143385
-1.141547
-1.142157
-1.140990
-1.139873
-1.138332
-1.138588
-1.137328
-1.144147
-1.144732
-1.142859
-1.145649
-1.144584
-1.142448
-1.143961
-1.143103
-1.141372
-1.142083
-1.140901
-1.139617
-1.138080
-1.137768
-1.136701
-1.142053
-1.142867
-1.141140
-1.147059
-1.146343
-1.143905
-1.144635
-1.143244
-1.141319
-1.141567
-1.140324
-1.139936
-1.138590
-1.141980
-1.142101
-1.140597
-1.144057
-1.143655
-1.141838
-1.144296
-1.143640
-1.141828
-1.143176
-1.142209
-1.140433
-1.140755
-1.139533
-1.139509
-1.138261
-1.142435
-1.142655
-1.141018
-1.144611
-1.143973
-1.141990
-1.143585
-1.142657
-1.140869
-1.141679
-1.140573
-1.139092
-1.137905
-1.136618
-1.137348
-1.136060
-1.144779
-1.145479
-1.143391
-1.145193
-1.143708
-1.141571
-1.142701
-1.141763
-1.140127
-1.140036
-1.138802
-1.140339
-1.139494
-1.138755
-1.137317
-1.140398
-1.140527
-1.139334
-1.142547
-1.142215
-1.140544
-1.144131
-1.143606
-1.141815
-1.144038
-1.143158
-1.141335
-1.142590
-1.141590
-1.139893
-1.140128
-1.138978
-1.139616
-1.138676
-1.141272
-1.140763
-1.139198
-1.139894
-1.138805
-1.138960
-1.137635
-1.143817
-1.143876
-1.142084
-1.143985
-1.142770
-1.140894
-1.142613
-1.141822
-1.140276
-1.141324
-1.140259
-1.138762
-1.137557
-1.136304
-1.137411
-1.136495
-1.145025
-1.145380
-1.143263
-1.144268
-1.142607
-1.140695
-1.142194
-1.141385
-1.139878
-1.140014
-1.138891
-1.140319
-1.139385
-1.138938
-1.137410
-1.143564
-1.143742
-1.142146
-1.144374
-1.143182
-1.141309
-1.143186
-1.142338
-1.140774
-1.142227
-1.141231
-1.139574
-1.139793
-1.138756
-1.140044
-1.139208
-1.139672
-1.138627
-1.142675
-1.142402
-1.140801
-1.144684
-1.143828
-1.141968
-1.143702
-1.142586
-1.140858
-1.142057
-1.140995
-1.139338
-1.139187
-1.138168
-1.141213
-1.140933
-1.139593
-1.141884
-1.141164
-1.139691
-1.142322
-1.141730
-1.140278
-1.143093
-1.142366
-1.140744
-1.143097
-1.142242
-1.140614
-1.142468
-1.141560
-1.139978
-1.141279
-1.140289
-1.138679
-1.138399
-1.137318
-1.141873
-1.141922
-1.140423
-1.144256
-1.143252
-1.141299
-1.142609
-1.141417
-1.139754
-1.140562
-1.139413
-1.138047
-1.136526
-1.135864
-1.135070
-1.138641
-1.138929
-1.137995
-1.140255
-1.139526
-1.138166
-1.139466
-1.138641
-1.138268
-1.136671
-1.146202
-1.146606
-1.144651
-1.148916
-1.146788
-1.143926
-1.143087
-1.141133
-1.139472
-1.137976
-1.137033
-1.136034
-1.136398
-1.134889
-1.148460
-1.152387
-1.149863
-1.147294
-1.143427
-1.140664
-1.139437
-1.138510
-1.140589
-1.140015
-1.138796
-1.137036
-1.137387
-1.136408
-1.144640
-1.145016
-1.143132
-1.142702
-1.140645
-1.139075
-1.137582
-1.137809
-1.137809
-1.136876
-1.146807
-1.147192
-1.145117
-1.148155
-1.145937
-1.143359
-1.142731
-1.141035
-1.139811
-1.138435
-1.139303
-1.138730
-1.140653
-1.139748
-1.138607
-1.137268
-1.140735
-1.140776
-1.139845
-1.144599
-1.143828
-1.142109
-1.143502
-1.142129
-1.140614
-1.141995
-1.140977
-1.139455
-1.138927
-1.137889
-1.143605
-1.143555
-1.142165
-1.144203
-1.142817
-1.141198
-1.143256
-1.142320
-1.140967
-1.142655
-1.141554
-1.140041
-1.140829
-1.139681
-1.138584
-1.137402
-1.139599
-1.139206
-1.138227
-1.136818
-1.137484
-1.136673
-1.147746
-1.148267
-1.146445
-1.152589
-1.150540
-1.147267
-1.145796
-1.143225
-1.141056
-1.139582
-1.138292
-1.138971
-1.138566
-1.142159
-1.141736
-1.140418
-1.143496
-1.142664
-1.141333
-1.144299
-1.143320
-1.141815
-1.143513
-1.142250
-1.140701
-1.141760
-1.140590
-1.139037
-1.138219
-1.137243
-1.142726
-1.142825
-1.141624
-1.144215
-1.142885
-1.141252
-1.143161
-1.142102
-1.140738
-1.142120
-1.140955
-1.139377
-1.139240
-1.138422
-1.141044
-1.140430
-1.139108
-1.139384
-1.138569
-1.140299
-1.139454
-1.138584
-1.137250
-1.143734
-1.143663
-1.141932
-1.141134
-1.139479
-1.139783
-1.139170
-1.141960
-1.141159
-1.139791
-1.140476
-1.139300
-1.138557
-1.137325
-1.145277
-1.145349
-1.143444
-1.142533
-1.140348
-1.139109
-1.138079
-1.143245
-1.143043
-1.141926
-1.144684
-1.143185
-1.141567
-1.143611
-1.142428
-1.141182
-1.143195
-1.142031
-1.140656
-1.142141
-1.140955
-1.139537
-1.139937
-1.139072
-1.139666
-1.139150
-1.142643
-1.141787
-1.140546
-1.143582
-1.142446
-1.141173
-1.144029
-1.142814
-1.141435
-1.143470
-1.142158
-1.140763
-1.142462
-1.141255
-1.139929
-1.141093
-1.139926
-1.138359
-1.137120
-1.136293
-1.141072
-1.141128
-1.140231
-1.145674
-1.144451
-1.142061
-1.140421
-1.139066
-1.141379
-1.140620
-1.139412
-1.139696
-1.138784
-1.139670
-1.139086
-1.140822
-1.139756
-1.138423
-1.137283
-1.142298
-1.142086
-1.141205
-1.144609
-1.143117
-1.141587
-1.143350
-1.141936
-1.140730
-1.142755
-1.141561
-1.140366
-1.142138
-1.140952
-1.139721
-1.140835
-1.139716
-1.138356
-1.137089
-1.138213
-1.138358
-1.143384
-1.142597
-1.141337
-1.143865
-1.142352
-1.141208
-1.144458
-1.143193
-1.141982
-1.144264
-1.142743
-1.141410
-1.143536
-1.142199
-1.141026
-1.143243
-1.141977
-1.140796
-1.142952
-1.141691
-1.140526
-1.142731
-1.141483
-1.140351
-1.142636
-1.141399
-1.140281
-1.142661
-1.141428
-1.140312
-1.142785
-1.141541
-1.140401
-1.142867
-1.141596
-1.140422
-1.142760
-1.141470
-1.140278
-1.142470
-1.141188
-1.140003
-1.142067
-1.140812
-1.139646
-1.141554
-1.140331
-1.139165
-1.140659
-1.139463
-1.137991
-1.137465
-1.136733
-1.144201
-1.144019
-1.141631
-1.138945
-1.137308
-1.141768
-1.141415
-1.140691
-1.143453
-1.141811
-1.140297
-1.141927
-1.140536
-1.139391
-1.141065
-1.139841
-1.138525
-1.138836
-1.138031
-1.138788
-1.138384
-1.140940
-1.139760
-1.138308
-1.138339
-1.137890
-1.140883
-1.139940
-1.138844
-1.139892
-1.138643
-1.137210
-1.136336
-1.139563
-1.139159
-1.138672
-1.141384
-1.140210
-1.139351
-1.142465
-1.141269
-1.140459
-1.144143
-1.142690
-1.141341
-1.142478
-1.140741
-1.139375
-1.139801
-1.139009
-1.139121
-1.138777
-1.145058
-1.144229
-1.141550
-1.138536
-1.137182
-1.141043
-1.140675
-1.140364
-1.145359
-1.143918
-1.141298
-1.138756
-1.137594
-1.143553
-1.143240
-1.141442
-1.139390
-1.138170
-1.143659
-1.143061
-1.141331
-1.139723
-1.138750
-1.142904
-1.141984
-1.141094
-1.143287
-1.141513
-1.140359
-1.142681
-1.141244
-1.140322
-1.142896
-1.141416
-1.140387
-1.142836
-1.141329
-1.140305
-1.142775
-1.141277
-1.140249
-1.142615
-1.141107
-1.140065
-1.142362
-1.140872
-1.139856
-1.142158
-1.140697
-1.139699
-1.142007
-1.140564
-1.139579
-1.141906
-1.140473
-1.139497
-1.141845
-1.140414
-1.139443
-1.141803
-1.140370
-1.139398
-1.141756
-1.140318
-1.139345
-1.141686
-1.140245
-1.139273
-1.141589
-1.140149
-1.139181
-1.141471
-1.140037
-1.139076
-1.141346
-1.139918
-1.138967
-1.141219
-1.139799
-1.138860
-1.141093
-1.139680
-1.138754
-1.140960
-1.139556
-1.138641
-1.140796
-1.139403
-1.138494
-1.140524
-1.139148
-1.138208
-1.139806
-1.138486
-1.137063
-1.136319
-1.135919
-1.147480
-1.147589
-1.146504
-1.150723
-1.147172
-1.143952
-1.142113
-1.139552
-1.137552
-1.135961
-1.135482
-1.135029
-1.143427
-1.143370
-1.140903
-1.137967
-1.136419
-1.140648
-1.140104
-1.139497
-1.141159
-1.139265
-1.137867
-1.138735
-1.137420
-1.135888
-1.134344
-1.133409
-1.133399
-1.138350
-1.138347
-1.138087
-1.142873
-1.141754
-1.139212
-1.136644
-1.135228
-1.134883
-1.151695
-1.158225
-1.154104
-1.146847
-1.141395
-1.138757
-1.137778
-1.139761
-1.139071
-1.137495
-1.135700
-1.135036
-1.134294
-1.153758
-1.166209
-1.160086
-1.150502
-1.143281
-1.139365
-1.137656
-1.136952
-1.137426
-1.137676
-1.142724
-1.141590
-1.139420
-1.137770
-1.137024
-1.141675
-1.141073
-1.140151
-1.140535
-1.138708
-1.136843
-1.135302
-1.135115
-1.135079
-1.154997
-1.167396
-1.160693
-1.151242
-1.144209
-1.140278
-1.138548
-1.137749
-1.138049
-1.138158
-1.142546
-1.141390
-1.139799
-1.140087
-1.138474
-1.136957
-1.136957
-1.135631
-1.135081
-1.134813
-1.149673
-1.153353
-1.150472
-1.145862
-1.141419
-1.138882
-1.137848
-1.139528
-1.138977
-1.137763
-1.136893
-1.141801
-1.141208
-1.139800
-1.138760
-1.138264
-1.142539
-1.141626
-1.140561
-1.140882
-1.139161
-1.137417
-1.136634
-1.139352
-1.138795
-1.137730
-1.136697
-1.136279
-1.155414
-1.166262
-1.160667
-1.151365
-1.144334
-1.140535
-1.138653
-1.137801
-1.137744
-1.139771
-1.139204
-1.138093
-1.137166
-1.148864
-1.149091
-1.148461
-1.152512
-1.148867
-1.145489
-1.142929
-1.140599
-1.139291
-1.138790
-1.141842
-1.140855
-1.139973
-1.141109
-1.139672
-1.138172
-1.136931
-1.136607
-1.145016
-1.145329
-1.142568
-1.139203
-1.136991
-1.136430
-1.143770
-1.144307
-1.141916
-1.139823
-1.140685
-1.139425
-1.138165
-1.136855
-1.136818
-1.143487
-1.143862
-1.141622
-1.140159
-1.144459
-1.143472
-1.141544
-1.139065
-1.138451
-1.143073
-1.142486
-1.141684
-1.141767
-1.140397
-1.139240
-1.139193
-1.151982
-1.152624
-1.151278
-1.151231
-1.147002
-1.143971
-1.141776
-1.140754
-1.141890
-1.140873
-1.139345
-1.138738
-1.142796
-1.141982
-1.141645
-1.143966
-1.142231
-1.141351
-1.142418
-1.140978
-1.139231
-1.137481
-1.136259
-1.135902
-1.136852
-1.137431
-1.165291
-1.189534
-1.182712
-1.166819
-1.155843
-1.149615
-1.146295
-1.144211
-1.142575
-1.141094
-1.139730
-1.138569
-1.137593
-1.137200
-1.137389
-1.150164
-1.150389
-1.150116
-1.157871
-1.155248
-1.151972
-1.149467
-1.146060
-1.143509
-1.141527
-1.140171
-1.139235
-1.138558
-1.138153
-1.138477
-1.142194
-1.142211
-1.141199
-1.139736
-1.139529
-1.153957
-1.155907
-1.155150
-1.155393
-1.150942
-1.147557
-1.144819
-1.143623
-1.144244
-1.143840
-1.143638
-1.143570
-1.147779
-1.146594
-1.145418
-1.145149
-1.143903
-1.142993
-1.143052
-1.149490
-1.149082
-1.146214
-1.143777
-1.143307
-1.142947
-1.144117
-1.144120
-1.144754
-1.144325
-1.145017
-1.144156
-1.143587
-1.143746
-1.149670
-1.149102
-1.146266
-1.144322
-1.144980
-1.143818
-1.142404
-1.142076
-1.144417
-1.143759
-1.142257
-1.141293
-1.141843
-1.142990
-1.152029
-1.151991
-1.148286
-1.145873
-1.146485
-1.145009
-1.143632
-1.141942
-1.142293
-1.147482
-1.147025
-1.145381
-1.142902
-1.143042
-1.157838
-1.160107
-1.158111
-1.154981
-1.150063
-1.146920
-1.144631
-1.144585
-1.147825
-1.146720
-1.145979
-1.146116
-1.145115
-1.144230
-1.144938
-1.156094
-1.154689
-1.153973
-1.156761
-1.153066
-1.149627
-1.146270
-1.144958
-1.145766
-1.145123
-1.143976
-1.144088
-1.151172
-1.150962
-1.147905
-1.145813
-1.146367
-1.145074
-1.143625
-1.142451
-1.141666
-1.142457
-1.165084
-1.183063
-1.175292
-1.164001
-1.155509
-1.150304
-1.147598
-1.145855
-1.144512
-1.143252
-1.142129
-1.141265
-1.141423
-1.148576
-1.149666
-1.147732
-1.146907
-1.152797
-1.151833
-1.148855
-1.146020
-1.144047
-1.144115
-1.150358
-1.150238
-1.147589
-1.145701
-1.146233
-1.145263
-1.144084
-1.144324
-1.150723
-1.150908
-1.148334
-1.147128
-1.151275
-1.150037
-1.147632
-1.144900
-1.142889
-1.142009
-1.141931
-1.142660
-1.170247
-1.197569
-1.192115
-1.175047
-1.162964
-1.156001
-1.152163
-1.149681
-1.147753
-1.146090
-1.144630
-1.143370
-1.142454
-1.142314
-1.144303
-1.145599
-1.149317
-1.148229
-1.146539
-1.144684
-1.144680
-1.154466
-1.154127
-1.151953
-1.149075
-1.147687
-1.149045
-1.147927
-1.146368
-1.144731
-1.143465
-1.143872
-1.149032
-1.148799
-1.148198
-1.147863
-1.147882
-1.150615
-1.149266
-1.147686
-1.145674
-1.146157
-1.158664
-1.158014
-1.157860
-1.161938
-1.157836
-1.154464
-1.151533
-1.149488
-1.148362
-1.148332
-1.150911
-1.149482
-1.148123
-1.146926
-1.147212
-1.152313
-1.151537
-1.149265
-1.146380
-1.144775
-1.144109
-1.145414
-1.166157
-1.174217
-1.169739
-1.161490
-1.154618
-1.150696
-1.148570
-1.147276
-1.147406
-1.149232
-1.148535
-1.146949
-1.146768
-1.152306
-1.152112
-1.149735
-1.148416
-1.149388
-1.148399
-1.146866
-1.147059
-1.151633
-1.150760
-1.149152
-1.146831
-1.147126
-1.155943
-1.156053
-1.152927
-1.149540
-1.146979
-1.147181
-1.153958
-1.154603
-1.152010
-1.151064
-1.154879
-1.153459
-1.151000
-1.148362
-1.146340
-1.146162
-1.147824
-1.149343
-1.153119
-1.151570
-1.149709
-1.147461
-1.148369
-1.163903
-1.165929
-1.163465
-1.159424
-1.154526
-1.151279
-1.149055
-1.147677
-1.146700
-1.146063
-1.145353
-1.146504
-1.155287
-1.158113
-1.158340
-1.155017
-1.151387
-1.151153
-1.156208
-1.155585
-1.152706
-1.151068
-1.151222
-1.150663
-1.149891
-1.151347
-1.162509
-1.160635
-1.160032
-1.162004
-1.158442
-1.154950
-1.151484
-1.149653
-1.148498
-1.149762
-1.158263
-1.158348
-1.154619
-1.152360
-1.152745
-1.151207
-1.149789
-1.148127
-1.147435
-1.146929
-1.148471
-1.175845
-1.202517
-1.196449
-1.179880
-1.167860
-1.160819
-1.156916
-1.154393
-1.152463
-1.150814
-1.149370
-1.148165
-1.147217
-1.146786
-1.146699
-1.148083
-1.172485
-1.189943
-1.180745
-1.170235
-1.162815
-1.157884
-1.155171
-1.153193
-1.151779
-1.150470
-1.150193
-1.151462
-1.151675
-1.152306
-1.152762
-1.155605
-1.154273
-1.152856
-1.151204
-1.151545
-1.157821
-1.157969
-1.155298
-1.154213
-1.156757
-1.155104
-1.154203
-1.153563
-1.153563
-1.153305
-1.154324
-1.153531
-1.152151
-1.152492
-1.158736
-1.158748
-1.155972
-1.154832
-1.157220
-1.155411
-1.154460
-1.153753
-1.153403
-1.154140
-1.153524
-1.152536
-1.153147
-1.158761
-1.158377
-1.155441
-1.154397
-1.156866
-1.155142
-1.154343
-1.153775
-1.153548
-1.154347
-1.153731
-1.152621
-1.153356
-1.159576
-1.159498
-1.156470
-1.155391
-1.157860
-1.155881
-1.154670
-1.153306
-1.153544
-1.156505
-1.154920
-1.153624
-1.152022
-1.152763
-1.158664
-1.158717
-1.155856
-1.155117
-1.158339
-1.156599
-1.154483
-1.151687
-1.151847
-1.155913
-1.154970
-1.153926
-1.152190
-1.152984
-1.160035
-1.160505
-1.157520
-1.156492
-1.158900
-1.156731
-1.155036
-1.152812
-1.153405
-1.158712
-1.158301
-1.155337
-1.154492
-1.157064
-1.155381
-1.154566
-1.153637
-1.154286
-1.157792
-1.156163
-1.154385
-1.151902
-1.152828
-1.162280
-1.161703
-1.158671
-1.154347
-1.153612
-1.156760
-1.155601
-1.155061
-1.154110
-1.154823
-1.158573
-1.157066
-1.154941
-1.152060
-1.152751
-1.158980
-1.160240
-1.158448
-1.158059
-1.160650
-1.158382
-1.155913
-1.152953
-1.153199
-1.156606
-1.155684
-1.154566
-1.152396
-1.154112
-1.173986
-1.179479
-1.175713
-1.168533
-1.161776
-1.157555
-1.154991
-1.153239
-1.152772
-1.152244
-1.154312
-1.168528
-1.167764
-1.167058
-1.167398
-1.162937
-1.159218
-1.155784
-1.153980
-1.152527
-1.153877
-1.160602
-1.161135
-1.158254
-1.157337
-1.159718
-1.157750
-1.156504
-1.154729
-1.155398
-1.159657
-1.158378
-1.155804
-1.152930
-1.151108
-1.149956
-1.151242
-1.155114
-1.155126
-1.153204
-1.153725
-1.158436
-1.158415
-1.155760
-1.156854
-1.167209
-1.164906
-1.164867
-1.166742
-1.163389
-1.159587
-1.156415
-1.153901
-1.154460
-1.157754
-1.156948
-1.155513
-1.153035
-1.154372
-1.164675
-1.164456
-1.161161
-1.156521
-1.155535
-1.157213
-1.156654
-1.154693
-1.155895
-1.161308
-1.162211
-1.160301
-1.160282
-1.163043
-1.160900
-1.158243
-1.155267
-1.154091
-1.153086
-1.156001
-1.182379
-1.203698
-1.195050
-1.180565
-1.169855
-1.163471
-1.159931
-1.157699
-1.156039
-1.154645
-1.153407
-1.152448
-1.151572
-1.152449
-1.154840
-1.157035
-1.160072
-1.158797
-1.156014
-1.156119
-1.159448
-1.158325
-1.156966
-1.154407
-1.156403
-1.171521
-1.171575
-1.171123
-1.170450
-1.165603
-1.162040
-1.158681
-1.157880
-1.158045
-1.158892
-1.160407
-1.159285
-1.156794
-1.157724
-1.164261
-1.165311
-1.162894
-1.161827
-1.162571
-1.159984
-1.158284
-1.155985
-1.157488
-1.164514
-1.165453
-1.162640
-1.161589
-1.162867
-1.160403
-1.159106
-1.157264
-1.158548
-1.163714
-1.163466
-1.160237
-1.159946
-1.163175
-1.161547
-1.158966
-1.156322
-1.154249
-1.153939
-1.153797
-1.156999
-1.183288
-1.202613
-1.192794
-1.179880
-1.170191
-1.164307
-1.160993
-1.158891
-1.157211
-1.156096
-1.154799
-1.155971
-1.161217
-1.160856
-1.158574
-1.156318
-1.154302
-1.155901
-1.163469
-1.166127
-1.165777
-1.162568
-1.158830
-1.158906
-1.162677
-1.161484
-1.159897
-1.157167
-1.158054
-1.163795
-1.164547
-1.162112
-1.162097
-1.165215
-1.163448
-1.160532
-1.158242
-1.156060
-1.157758
-1.166255
-1.167326
-1.163775
-1.162754
-1.164499
-1.162108
-1.160534
-1.158156
-1.159365
-1.164598
-1.164576
-1.161498
-1.161313
-1.164412
-1.162706
-1.160198
-1.157465
-1.155697
-1.154324
-1.155790
-1.159769
-1.159515
-1.157518
-1.156837
-1.156500
-1.159836
-1.176427
-1.176384
-1.174824
-1.172362
-1.166946
-1.163748
-1.160656
-1.161166
-1.163828
-1.162270
-1.160709
-1.158156
-1.159695
-1.167360
-1.168907
-1.166187
-1.164835
-1.164870
-1.162211
-1.160123
-1.157592
-1.158749
-1.162706
-1.161784
-1.160112
-1.157329
-1.158843
-1.165381
-1.168153
-1.168289
-1.165187
-1.161166
-1.161495
-1.165389
-1.164345
-1.161626
-1.159618
-1.157456
-1.160221
-1.177169
-1.178302
-1.175868
-1.171431
-1.166126
-1.162653
-1.160068
-1.158872
-1.157316
-1.159915
-1.169407
-1.170185
-1.165769
-1.164886
-1.166961
-1.164809
-1.162702
-1.159669
-1.160493
-1.164069
-1.162914
-1.161230
-1.158350
-1.160142
-1.167603
-1.170409
-1.169763
-1.166579
-1.162567
-1.162974
-1.166796
-1.165632
-1.162726
-1.160741
-1.158639
-1.161370
-1.174819
-1.172681
-1.173367
-1.175609
-1.171316
-1.166942
-1.162911
-1.160448
-1.158459
-1.159678
-1.162692
-1.162165
-1.160006
-1.159893
-1.160685
-1.162578
-1.165145
-1.163993
-1.160946
-1.162057
-1.166737
-1.167584
-1.165227
-1.166148
-1.169613
-1.168569
-1.164958
-1.165216
-1.168117
-1.166293
-1.163581
-1.160811
-1.158781
-1.157892
-1.156733
-1.160327
-1.175053
-1.172719
-1.174687
-1.185196
-1.182080
-1.176566
-1.170221
-1.166380
-1.163334
-1.163593
-1.165055
-1.163994
-1.161630
-1.161723
-1.162963
-1.163157
-1.161627
-1.164329
-1.174192
-1.172184
-1.169425
-1.165278
-1.164527
-1.165289
-1.164013
-1.161581
-1.162160
-1.164217
-1.163339
-1.161216
-1.161455
-1.162569
-1.163883
-1.164396
-1.165816
-1.167686
-1.165665
-1.162713
-1.161521
-1.160046
-1.164096
-1.184838
-1.188184
-1.184094
-1.176825
-1.170295
-1.166058
-1.163655
-1.161640
-1.162618
-1.164237
-1.164591
-1.163036
-1.165374
-1.172957
-1.173224
-1.168835
-1.167928
-1.168990
-1.166283
-1.164704
-1.162026
-1.164001
-1.169421
-1.169421
-1.170337
-1.167697
-1.167232
-1.168106
-1.165638
-1.163831
-1.161113
-1.163064
-1.168671
-1.170192
-1.168218
-1.167306
-1.166855
-1.164848
-1.162132
-1.163170
-1.166251
-1.164932
-1.163063
-1.160217
-1.161788
-1.166441
-1.166552
-1.163461
-1.165145
-1.171321
-1.172772
-1.170388
-1.168718
-1.166846
-1.165749
-1.163982
-1.165955
-1.170087
-1.169456
-1.165699
-1.166201
-1.169407
-1.168152
-1.164749
-1.164622
-1.165918
-1.164465
-1.162143
-1.161400
-1.160086
-1.164306
-1.184678
-1.187526
-1.183131
-1.175601
-1.169543
-1.165331
-1.163914
-1.162426
-1.165077
-1.170221
-1.170479
-1.167134
-1.166947
-1.168733
-1.166374
-1.164605
-1.161647
-1.163598
-1.169122
-1.170534
-1.168311
-1.167240
-1.166403
-1.164709
-1.162063
-1.163983
-1.168923
-1.169585
-1.166641
-1.166890
-1.169027
-1.166760
-1.164175
-1.161206
-1.160701
-1.160000
-1.163972
-1.177806
-1.174945
-1.175492
-1.176869
-1.172754
-1.168198
-1.164662
-1.161653
-1.161946
-1.162868
-1.164272
-1.164837
-1.165363
-1.164952
-1.165588
-1.166066
-1.165446
-1.163028
-1.165459
-1.172504
-1.173018
-1.168863
-1.168090
-1.168816
-1.166171
-1.164442
-1.161647
-1.163842
-1.169441
-1.171127
-1.169175
-1.167838
-1.166248
-1.165326
-1.163551
-1.165700
-1.169842
-1.169399
-1.165649
-1.166164
-1.168989
-1.167400
-1.164287
-1.162816
-1.160961
-1.164047
-1.172203
-1.173386
-1.169260
-1.168227
-1.168524
-1.165803
-1.163917
-1.161066
-1.163247
-1.168368
-1.169693
-1.167311
-1.167468
-1.168696
-1.166156
-1.163987
-1.160987
-1.162850
-1.167262
-1.167245
-1.163867
-1.165520
-1.170634
-1.172045
-1.169812
-1.168340
-1.166258
-1.165793
-1.164857
-1.165954
-1.167110
-1.165592
-1.162465
-1.163902
-1.167690
-1.167145
-1.163856
-1.165078
-1.168491
-1.167973
-1.164437
-1.166261
-1.171254
-1.172505
-1.169957
-1.168619
-1.166849
-1.165958
-1.164052
-1.166401
-1.170517
-1.170384
-1.166653
-1.167350
-1.169968
-1.168306
-1.164768
-1.164150
-1.163760
-1.165059
-1.165858
-1.165952
-1.163950
-1.166542
-1.171711
-1.173034
-1.170481
-1.168444
-1.165611
-1.166165
-1.167461
-1.165794
-1.162868
-1.162635
-1.162288
-1.165558
-1.170369
-1.171942
-1.169910
-1.168358
-1.165904
-1.166700
-1.168097
-1.166321
-1.163215
-1.163063
-1.162899
-1.166021
-1.170096
-1.170253
-1.166574
-1.168368
-1.172920
-1.173387
-1.169823
-1.169248
-1.169019
-1.166475
-1.163579
-1.162211
-1.160012
-1.164832
-1.187348
-1.191337
-1.187739
-1.180068
-1.172397
-1.167690
-1.164303
-1.163121
-1.161243
-1.164747
-1.172257
-1.174121
-1.170855
-1.169074
-1.167104
-1.166074
-1.163959
-1.166375
-1.170469
-1.170260
-1.166409
-1.167008
-1.169347
-1.167492
-1.164675
-1.162329
-1.160021
-1.161987
-1.165680
-1.165442
-1.162650
-1.164303
-1.167943
-1.168086
-1.164715
-1.167750
-1.176896
-1.174432
-1.172033
-1.167926
-1.167852
-1.168499
-1.167121
-1.164089
-1.165684
-1.168829
-1.167835
-1.164819
-1.164888
-1.165074
-1.167190
-1.168647
-1.168147
-1.164796
-1.168402
-1.179517
-1.175855
-1.176569
-1.176887
-1.173331
-1.168806
-1.166751
-1.164317
-1.167191
-1.171822
-1.172460
-1.168949
-1.169532
-1.171222
-1.168850
-1.166122
-1.163121
-1.162387
-1.160701
-1.166105
-1.189198
-1.193045
-1.189324
-1.181557
-1.173886
-1.169233
-1.165879
-1.164608
-1.162679
-1.165771
-1.170846
-1.171697
-1.168430
-1.169142
-1.171069
-1.168869
-1.166392
-1.163344
-1.163289
-1.162761
-1.166671
-1.172541
-1.175169
-1.173882
-1.170390
-1.166174
-1.166359
-1.167383
-1.166996
-1.164321
-1.167167
-1.172830
-1.175110
-1.173295
-1.170742
-1.166886
-1.168103
-1.170773
-1.169033
-1.166554
-1.163535
-1.163189
-1.162131
-1.167259
-1.181252
-1.177960
-1.178908
-1.179435
-1.175652
-1.170863
-1.168172
-1.165204
-1.167253
-1.170603
-1.169241
-1.166923
-1.164037
-1.163679
-1.162558
-1.167577
-1.179838
-1.177137
-1.176649
-1.175408
-1.171279
-1.168694
-1.165510
-1.167184
-1.169769
-1.168644
-1.166519
-1.164461
-1.162852
-1.162744
-1.161356
-1.167126
-1.189063
-1.191898
-1.188852
-1.182239
-1.175594
-1.171347
-1.168339
-1.166904
-1.165118
-1.167361
-1.170042
-1.169797
-1.167177
-1.169185
-1.172535
-1.171559
-1.168985
-1.167328
-1.164680
-1.168931
-1.177662
-1.180519
-1.177227
-1.175183
-1.172289
-1.172056
-1.171021
-1.172315
-1.172539
-1.171981
-1.169119
-1.171957
-1.176320
-1.177336
-1.174141
-1.174075
-1.173944
-1.171665
-1.168935
-1.167644
-1.165337
-1.169642
-1.177117
-1.180676
-1.179131
-1.175223
-1.170535
-1.170436
-1.170640
-1.171132
-1.169136
-1.172412
-1.176638
-1.177530
-1.174331
-1.173996
-1.173371
-1.171638
-1.168637
-1.170200
-1.172346
-1.171152
-1.168663
-1.167542
-1.165222
-1.170303
-1.182208
-1.180207
-1.178894
-1.175830
-1.172984
-1.169563
-1.171451
-1.174150
-1.172655
-1.170337
-1.167670
-1.167066
-1.165297
-1.171258
-1.188916
-1.187574
-1.186939
-1.184051
-1.178335
-1.174689
-1.170924
-1.171232
-1.170970
-1.172774
-1.173121
-1.173347
-1.171202
-1.173809
-1.176961
-1.175700
-1.171977
-1.171686
-1.171018
-1.172450
-1.172387
-1.173667
-1.173097
-1.173717
-1.172475
-1.174130
-1.175085
-1.173661
-1.170306
-1.172147
-1.174829
-1.173624
-1.171071
-1.169433
-1.166805
-1.171535
-1.171535
-1.180045
-1.184130
-1.182202
-1.178160
-1.173040
-1.173624
-1.174952
-1.173710
-1.171000
-1.170836
-1.169312
-1.174136
-1.181160
-1.184206
-1.181810
-1.177894
-1.173000
-1.173679
-1.174995
-1.173739
-1.170968
-1.170887
-1.169516
-1.174144
-1.180044
-1.183332
-1.181941
-1.177751
-1.173005
-1.172139
-1.170710
-1.174382
-1.178047
-1.177476
-1.173218
-1.174715
-1.177156
-1.175614
-1.172612
-1.170913
-1.168099
-1.172680
-1.180425
-1.183968
-1.181614
-1.177944
-1.173068
-1.174026
-1.175747
-1.174192
-1.171798
-1.169579
-1.167823
-1.167675
-1.166061
-1.172634
-1.192154
-1.192259
-1.190387
-1.185555
-1.179532
-1.175778
-1.172301
-1.172686
-1.171924
-1.175661
-1.179101
-1.177970
-1.174113
-1.174334
-1.174353
-1.175018
-1.172985
-1.176861
-1.181124
-1.182767
-1.179968
-1.177848
-1.174229
-1.175727
-1.177410
-1.175667
-1.173118
-1.170895
-1.169040
-1.169301
-1.167762
-1.174690
-1.197149
-1.199155
-1.195818
-1.188656
-1.181621
-1.177141
-1.173894
-1.172564
-1.170564
-1.173746
-1.177362
-1.176524
-1.174139
-1.172078
-1.169961
-1.171866
-1.172907
-1.176950
-1.179772
-1.178411
-1.174306
-1.175926
-1.178255
-1.177071
-1.174650
-1.173200
-1.170611
-1.175462
-1.182794
-1.188038
-1.187919
-1.183496
-1.178205
-1.176344
-1.173792
-1.177904
-1.182343
-1.183815
-1.180481
-1.180223
-1.179168
-1.177647
-1.174414
-1.177099
-1.180138
-1.178872
-1.175667
-1.174408
-1.171797
-1.176879
-1.184335
-1.187581
-1.184706
-1.181278
-1.176550
-1.177570
-1.178954
-1.177432
-1.174862
-1.173322
-1.170872
-1.175127
-1.180421
-1.183950
-1.182810
-1.180494
-1.176085
-1.178190
-1.180902
-1.179475
-1.176085
-1.174865
-1.172299
-1.177121
-1.183606
-1.187131
-1.185182
-1.181347
-1.176484
-1.176686
-1.176717
-1.177232
-1.174831
-1.178606
-1.182386
-1.183245
-1.179593
-1.179896
-1.179627
-1.177569
-1.174559
-1.174358
-1.172629
-1.177413
-1.182699
-1.185670
-1.183760
-1.180422
-1.175815
-1.176697
-1.177679
-1.176918
-1.173875
-1.176199
-1.178730
-1.177598
-1.174912
-1.173809
-1.171179
-1.176766
-1.186192
-1.187678
-1.181917
-1.181738
-1.181674
-1.178877
-1.176644
-1.173548
-1.175185
-1.176148
-1.177986
-1.176741
-1.180166
-1.182781
-1.181756
-1.177355
-1.179144
-1.181214
-1.179566
-1.176540
-1.174879
-1.172019
-1.177037
-1.183651
-1.188473
-1.187823
-1.183420
-1.178433
-1.176480
-1.173729
-1.178382
-1.183452
-1.186320
-1.184062
-1.181563
-1.177308
-1.179031
-1.180900
-1.179206
-1.176675
-1.174213
-1.172691
-1.171508
-1.172337
-1.170758
-1.178479
-1.201452
-1.203291
-1.200589
-1.193676
-1.186304
-1.181787
-1.178115
-1.177398
-1.175371
-1.179529
-1.183654
-1.183366
-1.179470
-1.180082
-1.180360
-1.179557
-1.176572
-1.179169
-1.181735
-1.180319
-1.177683
-1.175682
-1.173532
-1.175855
-1.177132
-1.180894
-1.182499
-1.181856
-1.177978
-1.181599
-1.185645
-1.188066
-1.185689
-1.184333
-1.180846
-1.182369
-1.183279
-1.181731
-1.178624
-1.178657
-1.177034
-1.181843
-1.186204
-1.188306
-1.185362
-1.184139
-1.181047
-1.182044
-1.181767
-1.181548
-1.178423
-1.182002
-1.185319
-1.185216
-1.180978
-1.182663
-1.184226
-1.182139
-1.179641
-1.176780
-1.176352
-1.174234
-1.180561
-1.189843
-1.191683
-1.186000
-1.185443
-1.184472
-1.181942
-1.179138
-1.177582
-1.175107
-1.179044
-1.183073
-1.183165
-1.179468
-1.181867
-1.184251
-1.183081
-1.179850
-1.179610
-1.177538
-1.182649
-1.187439
-1.190681
-1.188811
-1.185447
-1.180720
-1.181593
-1.181989
-1.182074
-1.179006
-1.183112
-1.186903
-1.188341
-1.184805
-1.185042
-1.183962
-1.182409
-1.178946
-1.181533
-1.183822
-1.182473
-1.179672
-1.178179
-1.175480
-1.180540
-1.185919
-1.190398
-1.189693
-1.186072
-1.181186
-1.180914
-1.179594
-1.183067
-1.185150
-1.183774
-1.180206
-1.180535
-1.179443
-1.183509
-1.186343
-1.185289
-1.181094
-1.182531
-1.183533
-1.182739
-1.179438
-1.182477
-1.185129
-1.184351
-1.180767
-1.182418
-1.183286
-1.183347
-1.179938
-1.184924
-1.190158
-1.193400
-1.190851
-1.187446
-1.182425
-1.183678
-1.184507
-1.183585
-1.180295
-1.182525
-1.184024
-1.183507
-1.180103
-1.183478
-1.186439
-1.186210
-1.181956
-1.184951
-1.187481
-1.187138
-1.182759
-1.185383
-1.187489
-1.186161
-1.182313
-1.182792
-1.181822
-1.184574
-1.185147
-1.185186
-1.181586
-1.185761
-1.189278
-1.190922
-1.187332
-1.187022
-1.184834
-1.184441
-1.181564
-1.185133
-1.187688
-1.186416
-1.182296
-1.182768
-1.182016
-1.183969
-1.183109
-1.185579
-1.185668
-1.184734
-1.180771
-1.184571
-1.187885
-1.188885
-1.184821
-1.186681
-1.187576
-1.185212
-1.182150
-1.179854
-1.177617
-1.179125
-1.178322
-1.185450
-1.193428
-1.195782
-1.190615
-1.188806
-1.185420
-1.185207
-1.182857
-1.185631
-1.186821
-1.185146
-1.181695
-1.181751
-1.180000
-1.185272
-1.189379
-1.191574
-1.188275
-1.187469
-1.184540
-1.185232
-1.183816
-1.185342
-1.184184
-1.185477
-1.183972
-1.185696
-1.185042
-1.185385
-1.182499
-1.186203
-1.188717
-1.187821
-1.183288
-1.184965
-1.186007
-1.184555
-1.181522
-1.181433
-1.179188
-1.185232
-1.191106
-1.194866
-1.192321
-1.188509
-1.183381
-1.183927
-1.183488
-1.184713
-1.182569
-1.186393
-1.188722
-1.187413
-1.183226
-1.183911
-1.183911
