0.758028
0.773361
0.766650
0.761648
0.758229
0.755975
0.754383
0.753041
0.751721
0.750362
0.748983
0.747614
0.746276
0.744982
0.743742
0.742563
0.741449
0.740404
0.739430
0.738525
0.737687
0.736910
0.736187
0.735509
0.734870
0.734261
0.733676
0.733107
0.732546
0.731989
0.731432
0.730871
0.730306
0.729736
0.729158
0.728574
0.727983
0.727384
0.726777
0.726162
0.725536
0.724900
0.724250
0.723587
0.722907
0.722210
0.721493
0.720754
0.719995
0.719213
0.718408
0.717577
0.716717
0.715818
0.714874
0.713879
0.712842
0.711773
0.710676
0.709545
0.708348
0.707110
0.705881
0.704689
0.703527
0.702380
0.701240
0.700110
0.698999
0.697920
0.696884
0.695907
0.695002
0.694188
0.693479
0.692890
0.692424
0.692077
0.691839
0.691694
0.691627
0.691625
0.691675
0.691768
0.691895
0.692051
0.692231
0.692431
0.692648
0.692880
0.693124
0.693380
0.693645
0.693916
0.694193
0.694470
0.694745
0.695013
0.695267
0.695502
0.695707
0.695874
0.695991
0.696045
0.696024
0.695920
0.695732
0.695473
0.695153
0.694776
0.694340
0.693837
0.693266
0.692629
0.691943
0.691251
0.690618
0.690095
0.689666
0.689291
0.688933
0.688572
0.688194
0.687796
0.687372
0.686923
0.686448
0.685945
0.685414
0.684855
0.684266
0.683643
0.682983
0.682279
0.681522
0.680701
0.679799
0.678802
0.677695
0.676478
0.675168
0.673811
0.672461
0.671153
0.669897
0.668680
0.667486
0.666297
0.665101
0.663891
0.662661
0.661414
0.660156
0.658899
0.657659
0.656450
0.655283
0.654164
0.653096
0.652080
0.651116
0.650201
0.649334
0.648511
0.647730
0.646986
0.646276
0.645598
0.644947
0.644321
0.643720
0.643142
0.642591
0.642084
0.641655
0.641270
0.640872
0.640470
0.640077
0.639708
0.639371
0.639057
0.638714
0.638289
0.637751
0.637071
0.636492
0.635995
0.635469
0.634971
0.634560
0.634106
0.633708
0.633231
0.632858
0.632458
0.632020
0.631568
0.631118
0.630676
0.630238
0.629793
0.629338
0.628862
0.628372
0.627876
0.627382
0.626889
0.626397
0.625906
0.625415
0.624925
0.624434
0.623943
0.623453
0.622962
0.622471
0.621980
0.621489
0.620998
0.620507
0.620015
0.619523
0.619032
0.618540
0.618047
0.617555
0.617062
0.616570
0.616077
0.615583
0.615090
0.614597
0.614103
0.613609
0.613116
0.612623
0.612130
0.611638
0.611148
0.610659
0.610172
0.609688
0.609207
0.608730
0.608257
0.607788
0.607324
0.606865
0.606412
0.605963
0.605520
0.605082
0.604650
0.604223
0.603802
0.603385
0.602975
0.602569
0.602169
0.601773
0.601383
0.600998
0.600618
0.600243
0.599873
0.599508
0.599149
0.598795
0.598447
0.598104
0.597768
0.597438
0.597114
0.596797
0.596487
0.596185
0.595890
0.595604
0.595327
0.595059
0.594802
0.594554
0.594318
0.594092
0.593879
0.593677
0.593486
0.593306
0.593135
0.592972
0.592813
0.592656
0.592499
0.592341
0.592183
0.592026
0.591870
0.591716
0.591566
0.591420
0.591279
0.591145
0.591017
0.590899
0.590791
0.590697
0.590619
0.590561
0.590526
0.590516
0.590533
0.590575
0.590639
0.590716
0.590799
0.590877
0.590943
0.590992
0.591022
0.591035
0.591039
0.591040
0.591043
0.591053
0.591071
0.591099
0.591136
0.591181
0.591233
0.591292
0.591356
0.591424
0.591496
0.591571
0.591648
0.591726
0.591806
0.591886
0.591967
0.592048
0.592129
0.592209
0.592289
0.592368
0.592446
0.592522
0.592595
0.592666
0.592734
0.592799
0.592861
0.592919
0.592974
0.593025
0.593073
0.593118
0.593159
0.593197
0.593233
0.593265
0.593295
0.593323
0.593348
0.593370
0.593391
0.593409
0.593425
0.593439
0.593451
0.593461
0.593469
0.593475
0.593479
0.593481
0.593480
0.593478
0.593474
0.593468
0.593460
0.593450
0.593437
0.593423
0.593406
0.593387
0.593366
0.593342
0.593316
0.593288
0.593257
0.593224
0.593189
0.593151
0.593111
0.593068
0.593023
0.592975
0.592925
0.592872
0.592817
0.592759
0.592698
0.592635
0.592570
0.592502
0.592431
0.592358
0.592282
0.592204
0.592123
0.592040
0.591954
0.591865
0.591774
0.591681
0.591584
0.591486
0.591384
0.591280
0.591174
0.591065
0.590953
0.590838
0.590721
0.590602
0.590479
0.590354
0.590227
0.590097
0.589965
0.589831
0.589695
0.589556
0.589416
0.589273
0.589130
0.588984
0.588837
0.588689
0.588540
0.588390
0.588238
0.588086
0.587933
0.587779
0.587624
0.587469
0.587313
0.587156
0.586999
0.586840
0.586681
0.586521
0.586360
0.586199
0.586036
0.585872
0.585707
0.585541
0.585374
0.585206
0.585037
0.584866
0.584694
0.584520
0.584345
0.584169
0.583992
0.583813
0.583632
0.583450
0.583267
0.583082
0.582896
0.582709
0.582520
0.582329
0.582137
0.581944
0.581750
0.581554
0.581356
0.581158
0.580958
0.580756
0.580554
0.580350
0.580145
0.579938
0.579731
0.579522
0.579312
0.579101
0.578888
0.578675
0.578460
0.578244
0.578027
0.577809
0.577589
0.577589
0.577369
0.577148
0.576925
0.576701
0.576477
0.576251
0.576024
0.575796
0.575567
0.575338
0.575107
0.574875
0.574642
0.574408
0.574173
0.573937
0.573700
0.573462
0.573223
0.572984
0.572743
0.572501
0.572258
0.572015
0.571770
0.571525
0.571278
0.571031
0.570783
0.570534
0.570284
0.570033
0.569781
0.569528
0.569275
0.569020
0.568765
0.568509
0.568252
0.567994
0.567735
0.567475
0.567215
0.566954
0.566692
0.566429
0.566165
0.565900
0.565635
0.565369
0.565102
0.564834
0.564566
0.564296
0.564026
0.563755
0.563484
0.563211
0.562938
0.562664
0.562390
0.562115
0.561839
0.561562
0.561284
0.561006
0.560727
0.560448
0.560168
0.559887
0.559605
0.559323
0.559040
0.558757
0.558473
0.558188
0.557903
0.557617
0.557331
0.557043
0.556756
0.556468
0.556179
0.555890
0.555600
0.555310
0.555019
0.554727
0.554436
0.554143
0.553851
0.553557
0.553264
0.552970
0.552675
0.552380
0.552085
0.551790
0.551494
0.551197
0.550901
0.550604
0.550306
0.550009
0.549711
0.549413
0.549115
0.548816
0.548518
0.548219
0.547920
0.547620
0.547321
0.547021
0.546722
0.546422
0.546122
0.545823
0.545523
0.545223
0.544923
0.544623
0.544323
0.544024
0.543724
0.543424
0.543125
0.542826
0.542526
0.542227
0.541929
0.541630
0.541332
0.541034
0.540736
0.540438
0.540141
0.539844
0.539548
0.539252
0.538956
0.538661
0.538366
0.538071
0.537777
0.537484
0.537191
0.536899
0.536607
0.536316
0.536025
0.535735
0.535446
0.535157
0.534869
0.534581
0.534295
0.534009
0.533724
0.533439
0.533156
0.532873
0.532591
0.532310
0.532030
0.531751
0.531472
0.531195
0.530918
0.530643
0.530368
0.530095
0.529822
0.529551
0.529280
0.529011
0.528743
0.528475
0.528209
0.527945
0.527681
0.527419
0.527157
0.526897
0.526639
0.526381
0.526125
0.525870
0.525617
0.525365
0.525114
0.524865
0.524617
0.524371
0.524126
0.523883
0.523641
0.523401
0.523163
0.522926
0.522691
0.522457
0.522226
0.521996
0.521768
0.521542
0.521318
0.521096
0.520876
0.520659
0.520443
0.520229
0.520018
0.519809
0.519603
0.519398
0.519197
0.518998
0.518801
0.518608
0.518417
0.518229
0.518044
0.517862
0.517683
0.517507
0.517335
0.517165
0.517000
0.516838
0.516679
0.516525
0.516374
0.516227
0.516084
0.515946
0.515811
0.515681
0.515556
0.515435
0.515318
0.515207
0.515100
0.514998
0.514902
0.514810
0.514724
0.514643
0.514567
0.514497
0.514433
0.514374
0.514320
0.514273
0.514231
0.514195
0.514165
0.514141
0.514123
0.514110
0.514104
0.514103
0.514108
0.514120
0.514137
0.514160
0.514188
0.514223
0.514263
0.514310
0.514362
0.514420
0.514484
0.514553
0.514629
0.514710
0.514798
0.514891
0.514990
0.515095
0.515207
0.515324
0.515447
0.515575
0.515710
0.515851
0.515998
0.516150
0.516308
0.516473
0.516643
0.516819
0.517001
0.517189
0.517384
0.517585
0.517792
0.518007
0.518229
0.518459
0.518697
0.518943
0.519197
0.519461
0.519734
0.520016
0.520309
0.520612
0.520926
0.521250
0.521586
0.521932
0.522290
0.522659
0.523039
0.523430
0.523833
0.524247
0.524672
0.525108
0.525555
0.526012
0.526479
0.526957
0.527445
0.527942
0.528448
0.528964
0.529488
0.530021
0.530561
0.531110
0.531666
0.532230
0.532800
0.533377
0.533961
0.534551
0.535147
0.535748
0.536356
0.536969
0.537587
0.538210
0.538838
0.539471
0.540108
0.540749
0.541395
0.542044
0.542696
0.543352
0.544010
0.544670
0.545332
0.545996
0.546660
0.547323
0.547986
0.548646
0.549304
0.549956
0.550603
0.551241
0.551868
0.552480
0.553074
0.553644
0.554180
0.554667
0.555076
0.555318
0.555235
0.554822
0.554247
0.553724
0.554856
0.552803
0.558834
0.558023
0.562104
0.562681
0.562835
0.563052
0.563376
0.563944
0.564625
0.565282
0.565825
0.566225
0.566505
0.566701
0.566770
0.566024
0.562119
0.566963
0.565334
0.570398
0.568603
0.564162
0.571455
0.565940
0.574474
0.570858
0.571985
0.565170
0.576274
0.566070
0.579970
0.572146
0.571487
0.578745
0.569855
0.583125
0.572179
0.580555
0.566248
0.586179
0.568531
0.589583
0.568280
0.590563
0.567623
0.592162
0.568187
0.593003
0.569592
0.595680
0.569671
0.596604
0.569955
0.599587
0.569436
0.599903
0.569839
0.602931
0.571391
0.603462
0.570794
0.605943
0.579516
0.597185
0.595013
0.593816
0.603214
0.602042
0.594997
0.607939
0.600505
0.602026
0.606678
0.606209
0.602178
0.610134
0.608722
0.604786
0.614422
0.609525
0.608976
0.614351
0.613933
0.608293
0.620108
0.612853
0.614052
0.619069
0.618279
0.611938
0.625555
0.615692
0.619322
0.622969
0.623150
0.614095
0.631895
0.616030
0.626549
0.624204
0.630780
0.610676
0.640285
0.609544
0.636558
0.619061
0.641934
0.591729
0.642552
0.606846
0.635806
0.637476
0.616970
0.653251
0.580490
0.637622
0.608603
0.648660
0.616451
0.643647
0.638379
0.638379
0.630016
0.652360
0.592673
0.650750
0.600098
0.648452
0.623174
0.643387
0.654331
0.610121
0.662000
0.591215
0.641741
0.642918
0.628465
0.667128
0.590252
0.642018
0.630845
0.658732
0.631114
0.650657
0.663900
0.606571
0.659068
0.608219
0.653632
0.634375
0.652157
0.660464
0.619057
0.668743
0.595032
0.635921
0.640195
0.662935
0.617970
0.659268
0.614233
0.657955
0.617691
0.659055
0.617296
0.656344
0.623234
0.660518
0.620630
0.657517
0.624790
0.660271
0.622620
0.657116
0.625633
0.658718
0.624390
0.656397
0.626242
0.656776
0.625872
0.655257
0.626757
0.654715
0.626887
0.653605
0.627227
0.652629
0.627377
0.651532
0.627445
0.650373
0.627399
0.649141
0.627245
0.647834
0.627006
0.646468
0.626715
0.645073
0.626390
0.643669
0.626026
0.642256
0.625605
0.640825
0.625113
0.639367
0.624539
0.637875
0.623869
0.636339
0.623086
0.634746
0.622175
0.633085
0.621115
0.631340
0.619884
0.629496
0.618460
0.627528
0.616833
0.625407
0.615019
0.623119
0.613069
0.620678
0.611052
0.618135
0.609033
0.615568
0.607037
0.613035
0.605049
0.610544
0.603050
0.608082
0.601031
0.605636
0.598988
0.603199
0.596916
0.600768
0.594811
0.598332
0.592673
0.595871
0.590513
0.593362
0.588351
0.590813
0.586213
0.588266
0.584110
0.585766
0.582034
0.583327
0.579959
0.580930
0.577868
0.578553
0.575755
0.576179
0.573618
0.573800
0.571455
0.571411
0.569268
0.569010
0.567059
0.566597
0.564830
0.564176
0.562583
0.561755
0.560313
0.559342
0.558018
0.556942
0.555695
0.554554
0.553346
0.552174
0.550982
0.549798
0.548610
0.547424
0.546238
0.545053
0.543869
0.542687
0.541508
0.540330
0.539156
0.537985
0.536818
0.535654
0.534494
0.533339
0.532189
0.531043
0.529902
0.528767
0.527637
0.526512
0.525393
0.524280
0.523173
0.522071
0.520976
0.519886
0.518803
0.517726
0.516654
0.515589
0.514530
0.513478
0.512431
0.511392
0.510358
0.509332
0.508312
0.507299
0.506293
0.505295
0.504304
0.503321
0.502346
0.501379
0.500420
0.499469
0.498527
0.497594
0.496669
0.495752
0.494844
0.493945
0.493054
0.492172
0.491298
0.490432
0.489575
0.488725
0.487884
0.487051
0.486225
0.485407
0.484596
0.483792
0.482996
0.482206
0.481424
0.480648
0.479878
0.479115
0.478359
0.477608
0.476863
0.476125
0.475392
0.474665
0.473943
0.473227
0.472516
0.471811
0.471111
0.470416
0.469726
0.469042
0.468362
0.467687
0.467017
0.466352
0.465692
0.465036
0.464385
0.463739
0.463097
0.462459
0.461827
0.461198
0.460574
0.459954
0.459338
0.458727
0.458120
0.457517
0.456918
0.456323
0.455732
0.455145
0.454562
0.453983
0.453409
0.452838
0.452271
0.451709
0.451150
0.450595
0.450045
0.449498
0.448955
0.448416
0.447881
0.447350
0.446822
0.446298
0.445777
0.445260
0.444746
0.444235
0.443726
0.443221
0.442718
0.442217
0.441718
0.441222
0.440727
0.440235
0.439744
0.439254
0.438767
0.438280
0.437795
0.437311
0.436829
0.436348
0.435867
0.435388
0.434910
0.434433
0.433957
0.433482
0.433008
0.432534
0.432062
0.431590
0.431120
0.430652
0.430186
0.429723
0.429265
0.428812
0.428365
0.427924
0.427489
0.427061
0.426640
0.426225
0.425816
0.425414
0.425016
0.424623
0.424234
0.423847
0.423461
0.423077
0.422693
0.422309
0.421925
0.421541
0.421157
0.420772
0.420388
0.420004
0.419620
0.419236
0.418852
0.418469
0.418086
0.417704
0.417322
0.416942
0.416562
0.416184
0.415807
0.415431
0.415058
0.414687
0.414318
0.413952
0.413590
0.413231
0.412876
0.412526
0.412179
0.411837
0.411498
0.411163
0.410830
0.410497
0.410166
0.409833
0.409498
0.409162
0.408824
0.408484
0.408143
0.407803
0.407462
0.407124
0.406788
0.406456
0.406128
0.405807
0.405491
0.405182
0.404880
0.404581
0.404285
0.403988
0.403686
0.403377
0.403062
0.402742
0.402418
0.402092
0.401765
0.401440
0.401115
0.400793
0.400474
0.400157
0.399844
0.399534
0.399227
0.398923
0.398623
0.398326
0.398032
0.397741
0.397454
0.397169
0.396888
0.396609
0.396334
0.396061
0.395791
0.395524
0.395259
0.394997
0.394738
0.394481
0.394227
0.393975
0.393725
0.393478
0.393233
0.392990
0.392749
0.392511
0.392274
0.392040
0.391808
0.391577
0.391349
0.391122
0.390897
0.390675
0.390454
0.390234
0.390017
0.389801
0.389587
0.389375
0.389164
0.388955
0.388747
0.388541
0.388336
0.388133
0.387931
0.387731
0.387532
0.387335
0.387138
0.386944
0.386750
0.386558
0.386367
0.386177
0.385988
0.385800
0.385614
0.385428
0.385244
0.385060
0.384878
0.384697
0.384516
0.384336
0.384158
0.383980
0.383802
0.383626
0.383450
0.383275
0.383101
0.382927
0.382753
0.382580
0.382407
0.382234
0.382062
0.381889
0.381717
0.381544
0.381371
0.381198
0.381025
0.380852
0.380678
0.380505
0.380332
0.380160
0.379988
0.379816
0.379645
0.379475
0.379305
0.379305
0.379135
0.378966
0.378800
0.378615
0.378569
0.378396
0.378241
0.378043
0.377933
0.377796
0.377667
0.377541
0.377408
0.377267
0.377120
0.376971
0.376822
0.376676
0.376532
0.376391
0.376251
0.376114
0.375977
0.375842
0.375708
0.375575
0.375444
0.375315
0.375186
0.375059
0.374933
0.374807
0.374683
0.374560
0.374438
0.374316
0.374196
0.374076
0.373958
0.373840
0.373723
0.373607
0.373492
0.373377
0.373263
0.373150
0.373038
0.372927
0.372816
0.372706
0.372597
0.372489
0.372382
0.372275
0.372169
0.372064
0.371960
0.371857
0.371754
0.371652
0.371551
0.371451
0.371352
0.371253
0.371155
0.371058
0.370962
0.370866
0.370771
0.370677
0.370583
0.370491
0.370398
0.370307
0.370216
0.370126
0.370037
0.369948
0.369860
0.369772
0.369685
0.369599
0.369513
0.369428
0.369344
0.369260
0.369176
0.369094
0.369012
0.368930
0.368849
0.368769
0.368689
0.368610
0.368531
0.368453
0.368376
0.368299
0.368222
0.368146
0.368071
0.367996
0.367922
0.367848
0.367774
0.367701
0.367629
0.367557
0.367486
0.367415
0.367344
0.367274
0.367204
0.367135
0.367067
0.366998
0.366931
0.366863
0.366796
0.366730
0.366664
0.366598
0.366533
0.366468
0.366404
0.366340
0.366276
0.366213
0.366150
0.366088
0.366026
0.365964
0.365903
0.365842
0.365782
0.365722
0.365662
0.365603
0.365544
0.365485
0.365427
0.365369
0.365312
0.365255
0.365198
0.365142
0.365086
0.365030
0.364975
0.364920
0.364865
0.364811
0.364757
0.364703
0.364650
0.364597
0.364544
0.364492
0.364440
0.364389
0.364337
0.364286
0.364236
0.364186
0.364136
0.364086
0.364037
0.363988
0.363939
0.363890
0.363842
0.363795
0.363747
0.363700
0.363653
0.363606
0.363560
0.363514
0.363468
0.363423
0.363378
0.363333
0.363289
0.363244
0.363200
0.363157
0.363113
0.363070
0.363027
0.362985
0.362942
0.362900
0.362859
0.362817
0.362776
0.362735
0.362694
0.362654
0.362614
0.362574
0.362534
0.362495
0.362456
0.362417
0.362378
0.362340
0.362302
0.362264
0.362226
0.362189
0.362152
0.362115
0.362078
0.362042
0.362006
0.361970
0.361934
0.361899
0.361863
0.361828
0.361794
0.361759
0.361725
0.361691
0.361657
0.361623
0.361590
0.361557
0.361524
0.361491
0.361458
0.361426
0.361394
0.361362
0.361330
0.361299
0.361267
0.361236
0.361205
0.361175
0.361144
0.361114
0.361084
0.361054
0.361024
0.360995
0.360965
0.360936
0.360907
0.360879
0.360850
0.360822
0.360793
0.360765
0.360738
0.360710
0.360682
0.360655
0.360628
0.360601
0.360574
0.360547
0.360521
0.360495
0.360468
0.360443
0.360417
0.360391
0.360366
0.360340
0.360315
0.360290
0.360265
0.360240
0.360216
0.360191
0.360167
0.360143
0.360119
0.360095
0.360072
0.360048
0.360025
0.360001
0.359978
0.359955
0.359932
0.359910
0.359887
0.359865
0.359842
0.359820
0.359798
0.359776
0.359755
0.359733
0.359711
0.359690
0.359669
0.359648
0.359627
0.359606
0.359585
0.359564
0.359544
0.359523
0.359503
0.359483
0.359463
0.359443
0.359423
0.359403
0.359383
0.359364
0.359344
0.359325
0.359306
0.359287
0.359268
0.359249
0.359230
0.359211
0.359193
0.359174
0.359156
0.359138
0.359120
0.359102
0.359084
0.359066
0.359048
0.359030
0.359013
0.358995
0.358978
0.358960
0.358943
0.358926
0.358909
0.358892
0.358875
0.358858
0.358842
0.358825
0.358809
0.358792
0.358776
0.358760
0.358743
0.358727
0.358711
0.358695
0.358680
0.358664
0.358648
0.358633
0.358617
0.358602
0.358586
0.358571
0.358556
0.358541
0.358526
0.358511
0.358496
0.358481
0.358467
0.358452
0.358437
0.358423
0.358409
0.358394
0.358380
0.358366
0.358352
0.358338
0.358324
0.358310
0.358296
0.358283
0.358269
0.358255
0.358242
0.358229
0.358215
0.358202
0.358189
0.358176
0.358163
0.358150
0.358137
0.358124
0.358111
0.358098
0.358086
0.358073
0.358061
0.358048
0.358036
0.358023
0.358011
0.357998
0.357986
0.357974
0.357962
0.357949
0.357937
0.357925
0.357913
0.357900
0.357888
0.357877
0.357866
0.357855
0.357844
0.357834
0.357825
0.357815
0.357806
0.357796
0.357787
0.357778
0.357768
0.357759
0.357750
0.357740
0.357731
0.357722
0.357712
0.357703
0.357693
0.357684
0.357674
0.357665
0.357655
0.357645
0.357636
0.357626
0.357617
0.357607
0.357597
0.357588
0.357578
0.357569
0.357559
0.357550
0.357540
0.357530
0.357521
0.357511
0.357502
0.357492
0.357483
0.357473
0.357464
0.357455
0.357445
0.357436
0.357426
0.357417
0.357408
0.357399
0.357389
0.357380
0.357371
0.357362
0.357352
0.357343
0.357334
0.357325
0.357316
0.357307
0.357298
0.357289
0.357280
0.357271
0.357262
0.357253
0.357244
0.357236
0.357227
0.357218
0.357209
0.357201
0.357192
0.357183
0.357175
0.357166
0.357157
0.357149
0.357140
0.357132
0.357123
0.357115
0.357106
0.357098
0.357090
0.357081
0.357073
0.357073
0.357065
0.357056
0.357048
0.357040
0.357032
0.357023
0.357015
0.357007
0.356999
0.356991
0.356983
0.356975
0.356967
0.356959
0.356951
0.356943
0.356936
0.356928
0.356920
0.356912
0.356904
0.356897
0.356889
0.356881
0.356874
0.356866
0.356859
0.356851
0.356843
0.356836
0.356828
0.356821
0.356814
0.356806
0.356799
0.356792
0.356784
0.356777
0.356770
0.356762
0.356755
0.356748
0.356741
0.356734
0.356727
0.356719
0.356712
0.356705
0.356698
0.356691
0.356684
0.356677
0.356670
0.356664
0.356657
0.356650
0.356643
0.356636
0.356629
0.356623
0.356616
0.356609
0.356602
0.356596
0.356589
0.356582
0.356576
0.356569
0.356563
0.356556
0.356549
0.356543
0.356536
0.356530
0.356523
0.356517
0.356511
0.356504
0.356498
0.356491
0.356485
0.356479
0.356472
0.356466
0.356460
0.356453
0.356447
0.356441
0.356435
0.356428
0.356422
0.356416
0.356410
0.356404
0.356397
0.356391
0.356385
0.356379
0.356373
0.356367
0.356361
0.356355
0.356349
0.356343
0.356337
0.356331
0.356325
0.356319
0.356313
0.356307
0.356302
0.356296
0.356290
0.356284
0.356278
0.356273
0.356267
0.356261
0.356255
0.356250
0.356244
0.356238
0.356233
0.356227
0.356222
0.356216
0.356211
0.356205
0.356200
0.356194
0.356189
0.356184
0.356178
0.356173
0.356168
0.356163
0.356158
0.356152
0.356147
0.356142
0.356137
0.356132
0.356127
0.356122
0.356117
0.356113
0.356108
0.356103
0.356098
0.356093
0.356089
0.356084
0.356080
0.356075
0.356070
0.356066
0.356061
0.356057
0.356053
0.356048
0.356044
0.356039
0.356035
0.356031
0.356027
0.356022
0.356018
0.356014
0.356010
0.356006
0.356002
0.355997
0.355993
0.355989
0.355985
0.355981
0.355977
0.355973
0.355969
0.355965
0.355961
0.355957
0.355953
0.355949
0.355945
0.355942
0.355938
0.355934
0.355930
0.355926
0.355922
0.355918
0.355915
0.355911
0.355907
0.355903
0.355899
0.355896
0.355892
0.355888
0.355884
0.355879
0.355876
0.355874
0.355869
0.355863
0.355858
0.355853
0.355849
0.355843
0.355841
0.355834
0.355836
0.355828
0.355824
0.355817
0.355817
0.355810
0.355808
0.355799
0.355802
0.355794
0.355789
0.355784
0.355778
0.355781
0.355775
0.355767
0.355768
0.355764
0.355755
0.355756
0.355753
0.355746
0.355739
0.355732
0.355736
0.355730
0.355722
0.355719
0.355713
0.355709
0.355700
0.355702
0.355696
0.355691
0.355687
0.355679
0.355685
0.355683
0.355680
0.355670
0.355661
0.355663
0.355660
0.355653
0.355647
0.355638
0.355647
0.355646
0.355649
0.355648
0.355649
0.355648
0.355646
0.355644
0.355641
0.355638
0.355634
0.355631
0.355627
0.355622
0.355618
0.355613
0.355609
0.355604
0.355600
0.355595
0.355590
0.355585
0.355580
0.355575
0.355570
0.355565
0.355560
0.355555
0.355550
0.355545
0.355540
0.355535
0.355530
0.355524
0.355519
0.355514
0.355509
0.355504
0.355499
0.355494
0.355489
0.355484
0.355479
0.355474
0.355469
0.355465
0.355460
0.355455
0.355450
0.355446
0.355441
0.355436
0.355432
0.355427
0.355423
0.355418
0.355414
0.355410
0.355405
0.355401
0.355397
0.355393
0.355388
0.355384
0.355380
0.355376
0.355372
0.355368
0.355364
0.355360
0.355356
0.355352
0.355349
0.355345
0.355341
0.355337
0.355334
0.355330
0.355326
0.355322
0.355319
0.355315
0.355312
0.355308
0.355304
0.355301
0.355297
0.355294
0.355290
0.355287
0.355283
0.355280
0.355276
0.355273
0.355269
0.355266
0.355262
0.355259
0.355255
0.355252
0.355248
0.355245
0.355242
0.355238
0.355235
0.355231
0.355227
0.355224
0.355220
0.355217
0.355213
0.355210
0.355206
0.355203
0.355199
0.355195
0.355192
0.355188
0.355184
0.355181
0.355177
0.355173
0.355169
0.355166
0.355162
0.355158
0.355154
0.355150
0.355147
0.355143
0.355139
0.355135
0.355131
0.355127
0.355123
0.355119
0.355115
0.355111
0.355107
0.355103
0.355099
0.355095
0.355091
0.355087
0.355083
0.355079
0.355075
0.355071
0.355067
0.355063
0.355059
0.355055
0.355051
0.355046
0.355042
0.355038
0.355034
0.355030
0.355026
0.355022
0.355017
0.355013
0.355009
0.355005
0.355001
0.354997
0.354992
0.354988
0.354984
0.354980
0.354976
0.354971
0.354967
0.354963
0.354959
0.354955
0.354950
0.354946
0.354942
0.354938
0.354934
0.354929
0.354925
0.354921
0.354917
0.354913
0.354908
0.354904
0.354900
0.354896
0.354891
0.354887
0.354883
0.354879
0.354875
0.354870
0.354866
0.354862
0.354858
0.354854
0.354849
0.354845
0.354841
0.354837
0.354833
0.354828
0.354824
0.354820
0.354816
0.354812
0.354807
0.354803
0.354799
0.354795
0.354791
0.354786
0.354782
0.354778
0.354774
0.354770
0.354765
0.354761
0.354757
0.354753
0.354749
0.354744
0.354740
0.354736
0.354732
0.354728
0.354724
0.354719
0.354715
0.354711
0.354707
0.354703
0.354699
0.354695
0.354690
0.354686
0.354682
0.354682
0.354678
0.354674
0.354670
0.354666
0.354662
0.354658
0.354653
0.354649
0.354645
0.354641
0.354637
0.354633
0.354629
0.354625
0.354621
0.354617
0.354613
0.354609
0.354605
0.354601
0.354597
0.354593
0.354589
0.354585
0.354581
0.354577
0.354573
0.354570
0.354566
0.354562
0.354558
0.354554
0.354550
0.354546
0.354542
0.354539
0.354535
0.354531
0.354527
0.354523
0.354519
0.354516
0.354512
0.354508
0.354504
0.354501
0.354497
0.354493
0.354489
0.354486
0.354482
0.354478
0.354475
0.354471
0.354467
0.354464
0.354460
0.354456
0.354453
0.354449
0.354446
0.354442
0.354438
0.354435
0.354431
0.354428
0.354424
0.354421
0.354417
0.354414
0.354410
0.354407
0.354403
0.354400
0.354396
0.354393
0.354389
0.354386
0.354382
0.354379
0.354376
0.354372
0.354369
0.354365
0.354362
0.354359
0.354355
0.354352
0.354348
0.354345
0.354341
0.354338
0.354334
0.354331
0.354327
0.354323
0.354320
0.354315
0.354310
0.354304
0.354297
0.354298
0.354293
0.354291
0.354286
0.354287
0.354283
0.354281
0.354277
0.354279
0.354274
0.354273
0.354268
0.354270
0.354265
0.354264
0.354259
0.354261
0.354256
0.354254
0.354250
0.354250
0.354245
0.354246
0.354241
0.354241
0.354235
0.354237
0.354232
0.354231
0.354226
0.354227
0.354222
0.354221
0.354216
0.354217
0.354212
0.354212
0.354207
0.354207
0.354202
0.354202
0.354197
0.354198
0.354193
0.354193
0.354188
0.354188
0.354183
0.354183
0.354179
0.354179
0.354174
0.354174
0.354169
0.354169
0.354165
0.354165
0.354161
0.354160
0.354156
0.354156
0.354152
0.354152
0.354147
0.354147
0.354143
0.354143
0.354139
0.354139
0.354135
0.354134
0.354131
0.354130
0.354127
0.354126
0.354123
0.354122
0.354119
0.354118
0.354115
0.354114
0.354111
0.354110
0.354107
0.354106
0.354103
0.354102
0.354099
0.354098
0.354096
0.354094
0.354092
0.354091
0.354088
0.354087
0.354085
0.354083
0.354081
0.354080
0.354077
0.354076
0.354074
0.354072
0.354070
0.354069
0.354067
0.354065
0.354064
0.354062
0.354060
0.354059
0.354057
0.354055
0.354053
0.354052
0.354050
0.354048
0.354047
0.354045
0.354044
0.354042
0.354040
0.354039
0.354037
0.354036
0.354034
0.354032
0.354031
0.354029
0.354028
0.354026
0.354025
0.354023
0.354022
0.354020
0.354018
0.354017
0.354015
0.354014
0.354012
0.354011
0.354009
0.354008
0.354006
0.354005
0.354004
0.354002
0.354001
0.353999
0.353998
0.353996
0.353995
0.353993
0.353992
0.353991
0.353989
0.353988
0.353986
0.353985
0.353984
0.353982
0.353981
0.353979
0.353978
0.353977
0.353975
0.353974
0.353972
0.353971
0.353970
0.353968
0.353967
0.353966
0.353964
0.353963
0.353962
0.353960
0.353959
0.353958
0.353956
0.353955
0.353954
0.353952
0.353951
0.353950
0.353949
0.353947
0.353946
0.353945
0.353943
0.353942
0.353941
0.353940
0.353938
0.353937
0.353936
0.353935
0.353933
0.353932
0.353931
0.353930
0.353928
0.353927
0.353926
0.353925
0.353923
0.353922
0.353921
0.353920
0.353918
0.353917
0.353916
0.353915
0.353914
0.353912
0.353911
0.353910
0.353909
0.353908
0.353906
0.353905
0.353904
0.353903
0.353902
0.353900
0.353899
0.353898
0.353897
0.353896
0.353894
0.353893
0.353892
0.353891
0.353890
0.353889
0.353887
0.353886
0.353885
0.353884
0.353883
0.353882
0.353881
0.353879
0.353878
0.353877
0.353876
0.353875
0.353874
0.353873
0.353871
0.353870
0.353869
0.353868
0.353867
0.353866
0.353865
0.353864
0.353862
0.353861
0.353860
0.353859
0.353858
0.353857
0.353856
0.353855
0.353854
0.353852
0.353851
0.353850
0.353849
0.353848
0.353847
0.353846
0.353845
0.353844
0.353843
0.353841
0.353840
0.353839
0.353838
0.353837
0.353836
0.353835
0.353834
0.353833
0.353832
0.353831
0.353830
0.353829
0.353828
0.353826
0.353825
0.353824
0.353823
0.353822
0.353821
0.353820
0.353819
0.353818
0.353817
0.353816
0.353815
0.353814
0.353813
0.353812
0.353811
0.353810
0.353809
0.353808
0.353807
0.353806
0.353805
0.353804
0.353802
0.353801
0.353800
0.353799
0.353798
0.353797
0.353796
0.353795
0.353794
0.353793
0.353792
0.353791
0.353790
0.353789
0.353788
0.353787
0.353786
0.353785
0.353784
0.353783
0.353782
0.353781
0.353780
0.353779
0.353778
0.353777
0.353776
0.353775
0.353774
0.353773
0.353773
0.353772
0.353771
0.353770
0.353769
0.353768
0.353767
0.353766
0.353765
0.353764
0.353763
0.353762
0.353761
0.353760
0.353759
0.353758
0.353757
0.353756
0.353755
0.353754
0.353753
0.353752
0.353751
0.353751
0.353750
0.353749
0.353748
0.353747
0.353746
0.353745
0.353744
0.353743
0.353742
0.353741
0.353740
0.353739
0.353738
0.353738
0.353737
0.353736
0.353735
0.353734
0.353733
0.353732
0.353731
0.353730
0.353729
0.353728
0.353728
0.353727
0.353726
0.353725
0.353724
0.353723
0.353722
0.353722
0.353721
0.353720
0.353719
0.353719
0.353718
0.353717
0.353716
0.353715
0.353714
0.353713
0.353712
0.353711
0.353711
0.353710
0.353709
0.353708
0.353707
0.353706
0.353705
0.353704
0.353704
0.353703
0.353702
0.353701
0.353700
0.353699
0.353698
0.353698
0.353697
0.353696
0.353695
0.353694
0.353693
0.353692
0.353692
0.353691
0.353690
0.353689
0.353688
0.353687
0.353687
0.353686
0.353685
0.353684
0.353683
0.353682
0.353682
0.353681
0.353680
0.353679
0.353678
0.353677
0.353677
0.353676
0.353675
0.353674
0.353673
0.353673
0.353672
0.353671
0.353670
0.353670
0.353669
0.353668
0.353667
0.353666
0.353666
0.353665
0.353664
0.353663
0.353663
0.353662
0.353661
0.353660
0.353660
0.353659
0.353658
0.353657
0.353657
0.353656
0.353655
0.353654
0.353654
0.353653
0.353652
0.353652
0.353651
0.353650
0.353649
0.353649
0.353648
0.353647
0.353647
0.353646
0.353645
0.353644
0.353644
0.353643
0.353642
0.353642
0.353641
0.353640
0.353640
0.353639
0.353638
0.353637
0.353637
0.353636
0.353635
0.353635
0.353634
0.353633
0.353633
0.353632
0.353631
0.353631
0.353630
0.353629
0.353628
0.353628
0.353627
0.353626
0.353626
0.353625
0.353624
0.353624
0.353623
0.353622
0.353622
0.353621
0.353620
0.353619
0.353619
0.353618
0.353617
0.353617
0.353616
0.353615
0.353615
0.353614
0.353613
0.353612
0.353612
0.353611
0.353610
0.353610
0.353609
0.353608
0.353608
0.353607
0.353606
0.353605
0.353605
0.353604
0.353603
0.353603
0.353602
0.353601
0.353600
0.353600
0.353599
0.353598
0.353598
0.353597
0.353596
0.353595
0.353595
0.353594
0.353593
0.353593
0.353592
0.353591
0.353590
0.353590
0.353589
0.353588
0.353587
0.353587
0.353586
0.353585
0.353585
0.353584
0.353583
0.353582
0.353582
0.353581
0.353580
0.353579
0.353579
0.353578
0.353577
0.353576
0.353576
0.353575
0.353574
0.353573
0.353573
0.353572
0.353571
0.353570
0.353570
0.353569
0.353568
0.353567
0.353567
0.353566
0.353565
0.353564
0.353564
0.353563
0.353562
0.353561
0.353560
0.353560
0.353559
0.353558
0.353557
0.353557
0.353556
0.353555
0.353554
0.353554
0.353553
0.353552
0.353551
0.353550
0.353550
0.353549
0.353548
0.353547
0.353546
0.353546
0.353545
0.353544
0.353543
0.353543
0.353542
0.353541
0.353540
0.353539
0.353539
0.353538
0.353537
0.353536
0.353535
0.353535
0.353534
0.353533
0.353532
0.353531
0.353531
0.353530
0.353529
0.353528
0.353527
0.353527
0.353526
0.353525
0.353524
0.353523
0.353523
0.353522
0.353521
0.353520
0.353519
0.353518
0.353518
0.353517
0.353516
0.353515
0.353514
0.353514
0.353513
0.353512
0.353511
0.353510
0.353509
0.353509
0.353508
0.353507
0.353506
0.353505
0.353505
0.353504
0.353503
0.353502
0.353501
0.353500
0.353500
0.353499
0.353498
0.353497
0.353496
0.353495
0.353495
0.353494
0.353493
0.353492
0.353491
0.353490
0.353490
0.353489
0.353488
0.353487
0.353486
0.353485
0.353485
0.353484
0.353483
0.353482
0.353481
0.353480
0.353480
0.353479
0.353478
0.353477
0.353476
0.353475
0.353475
0.353474
0.353473
0.353472
0.353471
0.353470
0.353470
0.353469
0.353468
0.353467
0.353466
0.353465
0.353465
0.353464
0.353463
0.353462
0.353461
0.353460
0.353459
0.353459
0.353458
0.353457
0.353456
0.353455
0.353454
0.353454
0.353453
0.353452
0.353451
0.353450
0.353449
0.353449
0.353448
0.353447
0.353446
0.353445
0.353444
0.353443
0.353443
0.353442
0.353441
0.353440
0.353439
0.353438
0.353438
0.353437
0.353436
0.353435
0.353434
0.353433
0.353432
0.353432
0.353431
0.353430
0.353429
0.353428
0.353427
0.353427
0.353426
0.353425
0.353424
0.353423
0.353422
0.353421
0.353421
0.353420
0.353419
0.353418
0.353417
0.353416
0.353416
0.353415
0.353414
0.353413
0.353412
0.353411
0.353410
0.353410
0.353409
0.353408
0.353407
0.353406
0.353405
0.353405
0.353404
0.353403
0.353402
0.353401
0.353400
0.353399
0.353399
0.353398
0.353397
0.353396
0.353395
0.353394
0.353394
0.353393
0.353392
0.353391
0.353390
0.353389
0.353388
0.353388
0.353387
0.353386
0.353385
0.353384
0.353383
0.353383
0.353382
0.353381
0.353380
0.353379
0.353378
0.353377
0.353377
0.353376
0.353375
0.353374
0.353373
0.353372
0.353372
0.353371
0.353370
0.353369
0.353368
0.353367
0.353366
0.353366
0.353365
0.353364
0.353363
0.353362
0.353361
0.353361
0.353360
0.353359
0.353358
0.353357
0.353356
0.353356
0.353355
0.353354
0.353353
0.353352
0.353351
0.353350
0.353350
0.353349
0.353348
0.353347
0.353346
0.353345
0.353345
0.353344
0.353343
0.353342
0.353341
0.353340
0.353340
0.353339
0.353338
0.353337
0.353336
0.353335
0.353334
0.353334
0.353333
0.353332
0.353331
0.353330
0.353329
0.353329
0.353328
0.353327
0.353326
0.353325
0.353324
0.353324
0.353323
0.353323
0.353322
0.353321
0.353320
0.353319
0.353319
0.353318
0.353317
0.353316
0.353315
0.353314
0.353313
0.353313
0.353312
0.353311
0.353310
0.353309
0.353308
0.353308
0.353307
0.353306
0.353305
0.353304
0.353303
0.353303
0.353302
0.353301
0.353300
0.353299
0.353298
0.353298
0.353297
0.353296
0.353295
0.353294
0.353293
0.353293
0.353292
0.353291
0.353290
0.353289
0.353288
0.353288
0.353287
0.353286
0.353285
0.353284
0.353283
0.353283
0.353282
0.353281
0.353280
0.353279
0.353278
0.353278
0.353277
0.353276
0.353275
0.353274
0.353273
0.353273
0.353272
0.353271
0.353270
0.353269
0.353268
0.353268
0.353267
0.353266
0.353265
0.353264
0.353263
0.353263
0.353262
0.353261
0.353260
0.353259
0.353258
0.353258
0.353257
0.353256
0.353255
0.353254
0.353253
0.353253
0.353252
0.353251
0.353250
0.353249
0.353248
0.353248
0.353247
0.353246
0.353245
0.353244
0.353243
0.353243
0.353242
0.353241
0.353240
0.353239
0.353238
0.353238
0.353237
0.353236
0.353235
0.353234
0.353233
0.353233
0.353232
0.353231
0.353230
0.353229
0.353228
0.353228
0.353227
0.353226
0.353225
0.353224
0.353223
0.353223
0.353222
0.353221
0.353220
0.353219
0.353218
0.353218
0.353217
0.353216
0.353215
0.353214
0.353213
0.353213
0.353212
0.353211
0.353210
0.353209
0.353208
0.353208
0.353207
0.353206
0.353205
0.353204
0.353203
0.353203
0.353202
0.353201
0.353200
0.353199
0.353198
0.353198
0.353197
0.353196
0.353195
0.353194
0.353194
0.353193
0.353192
0.353191
0.353190
0.353189
0.353189
0.353188
0.353187
0.353186
0.353185
0.353184
0.353184
0.353183
0.353182
0.353181
0.353180
0.353179
0.353179
0.353178
0.353177
0.353176
0.353175
0.353174
0.353174
0.353173
0.353172
0.353171
0.353170
0.353169
0.353169
0.353168
0.353167
0.353166
0.353165
0.353165
0.353164
0.353163
0.353162
0.353161
0.353160
0.353160
0.353159
0.353158
0.353157
0.353156
0.353155
0.353155
0.353154
0.353153
0.353152
0.353151
0.353150
0.353150
0.353149
0.353148
0.353147
0.353146
0.353145
0.353145
0.353144
0.353143
0.353142
0.353141
0.353140
0.353140
0.353139
0.353138
0.353137
0.353136
0.353136
0.353135
0.353134
0.353133
0.353132
0.353131
0.353131
0.353130
0.353129
0.353128
0.353127
0.353126
0.353126
0.353125
0.353124
0.353123
0.353122
0.353121
0.353121
0.353120
0.353119
0.353118
0.353117
0.353116
0.353116
0.353115
0.353114
0.353113
0.353112
0.353112
0.353111
0.353110
0.353109
0.353108
0.353107
0.353107
0.353106
0.353105
0.353104
0.353103
0.353102
0.353102
0.353101
0.353100
0.353099
0.353098
0.353097
0.353097
0.353096
0.353095
0.353094
0.353093
0.353093
0.353092
0.353091
0.353090
0.353089
0.353088
0.353088
0.353087
0.353086
0.353085
0.353084
0.353083
0.353083
0.353082
0.353081
0.353080
0.353079
0.353078
0.353078
0.353077
0.353076
0.353075
0.353074
0.353073
0.353073
0.353072
0.353071
0.353070
0.353069
0.353069
0.353068
0.353067
0.353066
0.353065
0.353064
0.353064
0.353063
0.353062
0.353061
0.353060
0.353059
0.353059
0.353058
0.353057
0.353056
0.353055
0.353054
0.353054
0.353053
0.353052
0.353051
0.353050
0.353050
0.353049
0.353048
0.353047
0.353046
0.353045
0.353045
0.353044
0.353043
0.353042
0.353041
0.353040
0.353040
0.353039
0.353038
0.353037
0.353036
0.353035
0.353035
0.353034
0.353033
0.353032
0.353031
0.353031
0.353030
0.353029
0.353028
0.353027
0.353026
0.353026
0.353025
0.353024
0.353023
0.353022
0.353021
0.353021
0.353020
0.353019
0.353018
0.353017
0.353016
0.353016
0.353015
0.353014
0.353013
0.353012
0.353011
0.353011
0.353010
0.353009
0.353008
0.353007
0.353007
0.353006
0.353005
0.353004
0.353003
0.353002
0.353002
0.353001
0.353000
0.352999
0.352998
0.352997
0.352997
0.352996
0.352995
0.352994
0.352993
0.352992
0.352992
0.352991
0.352990
0.352989
0.352988
0.352988
0.352987
0.352986
0.352985
0.352984
0.352983
0.352983
0.352982
0.352981
0.352980
0.352979
0.352978
0.352978
0.352977
0.352976
0.352975
0.352974
0.352973
0.352973
0.352972
0.352971
0.352970
0.352969
0.352968
0.352968
0.352967
0.352966
0.352965
0.352964
0.352964
0.352963
0.352962
0.352961
0.352960
0.352959
0.352959
0.352958
0.352957
0.352956
0.352955
0.352954
0.352954
0.352953
0.352952
0.352951
0.352950
0.352949
0.352949
0.352948
0.352947
0.352946
0.352945
0.352944
0.352944
0.352943
0.352942
0.352941
0.352940
0.352939
0.352939
0.352938
0.352937
0.352936
0.352935
0.352935
0.352934
0.352933
0.352932
0.352931
0.352930
0.352930
0.352929
0.352928
0.352927
0.352926
0.352925
0.352925
0.352924
0.352923
0.352922
0.352921
0.352920
0.352920
0.352919
0.352918
0.352917
0.352916
0.352915
0.352915
0.352914
0.352913
0.352912
0.352911
0.352910
0.352910
0.352909
0.352909
0.352908
0.352907
0.352906
0.352905
0.352905
0.352904
0.352903
0.352902
0.352901
0.352901
0.352900
0.352899
0.352898
0.352897
0.352896
0.352896
0.352895
0.352894
0.352893
0.352892
0.352891
0.352891
0.352890
0.352889
0.352888
0.352887
0.352886
0.352886
0.352885
0.352884
0.352883
0.352882
0.352881
0.352881
0.352880
0.352879
0.352878
0.352877
0.352876
0.352876
0.352875
0.352874
0.352873
0.352872
0.352871
0.352871
0.352870
0.352869
0.352868
0.352867
0.352866
0.352866
0.352865
0.352864
0.352863
0.352862
0.352861
0.352861
0.352860
0.352859
0.352858
0.352857
0.352856
0.352856
0.352855
0.352854
0.352853
0.352852
0.352851
0.352851
0.352850
0.352849
0.352848
0.352847
0.352846
0.352846
0.352845
0.352844
0.352843
0.352842
0.352841
0.352841
0.352840
0.352839
0.352838
0.352837
0.352836
0.352835
0.352835
0.352834
0.352833
0.352832
0.352831
0.352830
0.352830
0.352829
0.352828
0.352827
0.352826
0.352825
0.352825
0.352824
0.352823
0.352822
0.352821
0.352820
0.352820
0.352819
0.352818
0.352817
0.352816
0.352815
0.352815
0.352814
0.352813
0.352812
0.352811
0.352810
0.352809
0.352809
0.352808
0.352807
0.352806
0.352805
0.352804
0.352804
0.352803
0.352802
0.352801
0.352800
0.352799
0.352799
0.352798
0.352797
0.352796
0.352795
0.352794
0.352793
0.352793
0.352792
0.352791
0.352790
0.352789
0.352788
0.352788
0.352787
0.352786
0.352785
0.352784
0.352783
0.352783
0.352782
0.352781
0.352780
0.352779
0.352778
0.352777
0.352777
0.352776
0.352775
0.352774
0.352773
0.352772
0.352772
0.352771
0.352770
0.352769
0.352768
0.352767
0.352766
0.352766
0.352765
0.352764
0.352763
0.352762
0.352761
0.352761
0.352760
0.352759
0.352758
0.352757
0.352756
0.352755
0.352755
0.352754
0.352753
0.352752
0.352751
0.352750
0.352749
0.352749
0.352748
0.352747
0.352746
0.352745
0.352744
0.352744
0.352743
0.352742
0.352741
0.352740
0.352739
0.352738
0.352738
0.352737
0.352736
0.352735
0.352734
0.352733
0.352732
0.352732
0.352731
0.352730
0.352729
0.352728
0.352727
0.352727
0.352726
0.352725
0.352724
0.352723
0.352722
0.352721
0.352721
0.352720
0.352719
0.352718
0.352717
0.352716
0.352715
0.352715
0.352714
0.352713
0.352712
0.352711
0.352710
0.352709
0.352709
0.352708
0.352707
0.352706
0.352705
0.352704
0.352703
0.352703
0.352702
0.352701
0.352700
0.352699
0.352698
0.352697
0.352697
0.352696
0.352695
0.352694
0.352693
0.352692
0.352691
0.352691
0.352690
0.352689
0.352688
0.352687
0.352686
0.352685
0.352685
0.352684
0.352683
0.352682
0.352681
0.352680
0.352679
0.352679
0.352678
0.352677
0.352676
0.352675
0.352674
0.352673
0.352673
0.352672
0.352671
0.352670
0.352669
0.352668
0.352667
0.352667
0.352666
0.352665
0.352664
0.352663
0.352662
0.352661
0.352661
0.352660
0.352659
0.352658
0.352657
0.352656
0.352655
0.352655
0.352654
0.352653
0.352652
0.352651
0.352650
0.352649
0.352649
0.352648
0.352647
0.352646
0.352645
0.352644
0.352643
0.352643
0.352642
0.352641
0.352640
0.352639
0.352638
0.352637
0.352637
0.352636
0.352635
0.352634
0.352633
0.352632
0.352631
0.352631
0.352630
0.352629
0.352628
0.352627
0.352626
0.352625
0.352625
0.352624
0.352623
0.352622
0.352621
0.352620
0.352619
0.352619
0.352618
0.352617
0.352616
0.352615
0.352614
0.352614
0.352613
0.352612
0.352611
0.352610
0.352609
0.352608
0.352608
0.352607
0.352606
0.352605
0.352604
0.352603
0.352602
0.352602
0.352601
0.352600
0.352599
0.352598
0.352597
0.352597
0.352596
0.352595
0.352594
0.352593
0.352592
0.352591
0.352591
0.352590
0.352589
0.352588
0.352587
0.352586
0.352585
0.352585
0.352584
0.352583
0.352582
0.352581
0.352580
0.352580
0.352579
0.352578
0.352577
0.352576
0.352575
0.352574
0.352574
0.352573
0.352572
0.352571
0.352570
0.352569
0.352568
0.352568
0.352567
0.352566
0.352565
0.352564
0.352563
0.352563
0.352562
0.352561
0.352560
0.352559
0.352558
0.352557
0.352557
0.352556
0.352555
0.352554
0.352553
0.352552
0.352552
0.352551
0.352550
0.352549
0.352548
0.352547
0.352546
0.352546
0.352545
0.352544
0.352543
0.352542
0.352541
0.352540
0.352540
0.352539
0.352538
0.352537
0.352536
0.352535
0.352534
0.352534
0.352533
0.352532
0.352531
0.352530
0.352529
0.352528
0.352528
0.352527
0.352526
0.352525
0.352524
0.352523
0.352523
0.352522
0.352521
0.352520
0.352519
0.352518
0.352517
0.352517
0.352516
0.352515
0.352514
0.352513
0.352512
0.352511
0.352511
0.352510
0.352509
0.352508
0.352507
0.352506
0.352505
0.352504
0.352504
0.352503
0.352502
0.352501
0.352500
0.352499
0.352498
0.352498
0.352497
0.352496
0.352495
0.352494
0.352493
0.352492
0.352492
0.352491
0.352490
0.352489
0.352488
0.352487
0.352486
0.352485
0.352485
0.352485
0.352484
0.352483
0.352482
0.352481
0.352480
0.352479
0.352479
0.352478
0.352477
0.352476
0.352475
0.352474
0.352473
0.352472
0.352472
0.352471
0.352470
0.352469
0.352468
0.352467
0.352466
0.352466
0.352465
0.352464
0.352463
0.352462
0.352461
0.352460
0.352459
0.352459
0.352458
0.352457
0.352456
0.352455
0.352454
0.352453
0.352452
0.352452
0.352451
0.352450
0.352449
0.352448
0.352447
0.352446
0.352445
0.352445
0.352444
0.352443
0.352442
0.352441
0.352440
0.352439
0.352438
0.352438
0.352437
0.352436
0.352435
0.352434
0.352433
0.352432
0.352431
0.352430
0.352430
0.352429
0.352428
0.352427
0.352426
0.352425
0.352424
0.352423
0.352422
0.352421
0.352421
0.352420
0.352419
0.352418
0.352417
0.352416
0.352415
0.352414
0.352413
0.352412
0.352411
0.352410
0.352409
0.352408
0.352407
0.352405
0.352404
0.352403
0.352402
0.352401
0.352400
0.352399
0.352397
0.352396
0.352395
0.352394
0.352393
0.352392
0.352391
0.352390
0.352389
0.352388
0.352387
0.352386
0.352385
0.352384
0.352383
0.352382
0.352381
0.352381
0.352380
0.352379
0.352378
0.352378
0.352377
0.352377
0.352376
0.352376
0.352375
0.352375
0.352374
0.352374
0.352373
0.352373
0.352373
0.352372
0.352372
0.352372
0.352371
0.352371
0.352371
0.352370
0.352370
0.352370
0.352369
0.352369
0.352368
0.352368
0.352368
0.352367
0.352367
0.352366
0.352366
0.352365
0.352365
0.352365
0.352364
0.352364
0.352363
0.352362
0.352362
0.352361
0.352361
0.352360
0.352360
0.352359
0.352359
0.352358
0.352357
0.352357
0.352356
0.352355
0.352355
0.352354
0.352354
0.352353
0.352352
0.352352
0.352351
0.352350
0.352350
0.352349
0.352348
0.352348
0.352347
0.352346
0.352346
0.352345
0.352344
0.352344
0.352343
0.352342
0.352342
0.352341
0.352340
0.352340
0.352339
0.352338
0.352337
0.352337
0.352336
0.352335
0.352335
0.352334
0.352333
0.352333
0.352332
0.352331
0.352331
0.352330
0.352329
0.352328
0.352328
0.352327
0.352326
0.352326
0.352325
0.352324
0.352324
0.352323
0.352322
0.352321
0.352321
0.352320
0.352319
0.352319
0.352318
0.352317
0.352316
0.352316
0.352315
0.352314
0.352314
0.352313
0.352312
0.352311
0.352311
0.352310
0.352309
0.352309
0.352308
0.352307
0.352306
0.352306
0.352305
0.352304
0.352303
0.352303
0.352302
0.352301
0.352300
0.352300
0.352299
0.352298
0.352297
0.352297
0.352296
0.352295
0.352294
0.352294
0.352293
0.352292
0.352291
0.352290
0.352290
0.352289
0.352288
0.352287
0.352287
0.352286
0.352285
0.352284
0.352283
0.352283
0.352282
0.352281
0.352280
0.352279
0.352278
0.352278
0.352277
0.352276
0.352275
0.352274
0.352273
0.352273
0.352272
0.352271
0.352270
0.352269
0.352268
0.352268
0.352267
0.352266
0.352265
0.352264
0.352263
0.352262
0.352261
0.352261
0.352260
0.352259
0.352258
0.352257
0.352256
0.352255
0.352254
0.352253
0.352252
0.352252
0.352251
0.352250
0.352249
0.352248
0.352247
0.352246
0.352245
0.352244
0.352243
0.352242
0.352241
0.352240
0.352239
0.352238
0.352237
0.352236
0.352235
0.352234
0.352233
0.352233
0.352232
0.352231
0.352230
0.352229
0.352228
0.352227
0.352226
0.352224
0.352223
0.352222
0.352221
0.352220
0.352219
0.352218
0.352217
0.352216
0.352215
0.352214
0.352213
0.352212
0.352211
0.352210
0.352209
0.352208
0.352207
0.352206
0.352205
0.352203
0.352202
0.352201
0.352200
0.352199
0.352198
0.352197
0.352196
0.352195
0.352193
0.352192
0.352191
0.352190
0.352189
0.352188
0.352187
0.352186
0.352184
0.352183
0.352182
0.352181
0.352180
0.352179
0.352177
0.352176
0.352175
0.352174
0.352173
0.352171
0.352170
0.352169
0.352168
0.352167
0.352165
0.352164
0.352163
0.352162
0.352160
0.352159
0.352158
0.352157
0.352155
0.352154
0.352153
0.352152
0.352150
0.352149
0.352148
0.352147
0.352145
0.352144
0.352143
0.352141
0.352140
0.352139
0.352138
0.352136
0.352135
0.352134
0.352132
0.352131
0.352130
0.352128
0.352127
0.352126
0.352124
0.352123
0.352121
0.352120
0.352119
0.352117
0.352116
0.352115
0.352113
0.352112
0.352110
0.352109
0.352108
0.352106
0.352105
0.352103
0.352102
0.352101
0.352099
0.352098
0.352096
0.352095
0.352093
0.352092
0.352091
0.352089
0.352088
0.352086
0.352085
0.352083
0.352082
0.352080
0.352079
0.352077
0.352076
0.352074
0.352073
0.352071
0.352070
0.352068
0.352067
0.352065
0.352064
0.352062
0.352061
0.352059
0.352058
0.352056
0.352055
0.352053
0.352051
0.352050
0.352048
0.352047
0.352045
0.352044
0.352042
0.352040
0.352039
0.352037
0.352036
0.352034
0.352032
0.352031
0.352029
0.352028
0.352026
0.352024
0.352023
0.352021
0.352020
0.352018
0.352016
0.352015
0.352013
0.352011
0.352010
0.352008
0.352006
0.352005
0.352003
0.352001
0.352000
0.351998
0.351998
0.351996
0.351995
0.351993
0.351991
0.351989
0.351988
0.351986
0.351984
0.351983
0.351981
0.351979
0.351977
0.351976
0.351974
0.351972
0.351970
0.351969
0.351967
0.351965
0.351963
0.351962
0.351960
0.351958
0.351956
0.351954
0.351953
0.351951
0.351949
0.351947
0.351946
0.351944
0.351942
0.351940
0.351938
0.351936
0.351935
0.351933
0.351931
0.351929
0.351927
0.351925
0.351924
0.351922
0.351920
0.351918
0.351916
0.351914
0.351912
0.351911
0.351909
0.351907
0.351905
0.351903
0.351901
0.351899
0.351897
0.351896
0.351894
0.351892
0.351890
0.351888
0.351886
0.351884
0.351882
0.351880
0.351878
0.351876
0.351874
0.351873
0.351871
0.351869
0.351867
0.351865
0.351863
0.351861
0.351859
0.351857
0.351855
0.351853
0.351851
0.351849
0.351847
0.351845
0.351843
0.351841
0.351839
0.351837
0.351835
0.351833
0.351831
0.351829
0.351827
0.351825
0.351823
0.351821
0.351819
0.351817
0.351815
0.351813
0.351811
0.351809
0.351807
0.351805
0.351803
0.351801
0.351799
0.351797
0.351795
0.351793
0.351791
0.351789
0.351787
0.351784
0.351782
0.351780
0.351778
0.351776
0.351774
0.351772
0.351770
0.351768
0.351766
0.351764
0.351762
0.351760
0.351757
0.351755
0.351753
0.351751
0.351749
0.351747
0.351745
0.351743
0.351741
0.351739
0.351736
0.351734
0.351732
0.351730
0.351728
0.351726
0.351724
0.351722
0.351719
0.351717
0.351715
0.351713
0.351711
0.351709
0.351707
0.351705
0.351702
0.351700
0.351698
0.351696
0.351694
0.351692
0.351689
0.351687
0.351685
0.351683
0.351681
0.351679
0.351677
0.351674
0.351672
0.351670
0.351668
0.351666
0.351664
0.351661
0.351659
0.351657
0.351655
0.351653
0.351650
0.351648
0.351646
0.351644
0.351642
0.351640
0.351637
0.351635
0.351633
0.351631
0.351629
0.351626
0.351624
0.351622
0.351620
0.351618
0.351615
0.351613
0.351611
0.351609
0.351607
0.351604
0.351602
0.351600
0.351598
0.351596
0.351593
0.351591
0.351589
0.351587
0.351585
0.351582
0.351580
0.351578
0.351576
0.351573
0.351571
0.351569
0.351567
0.351565
0.351562
0.351560
0.351558
0.351556
0.351554
0.351551
0.351549
0.351547
0.351545
0.351542
0.351540
0.351538
0.351536
0.351534
0.351531
0.351529
0.351527
0.351525
0.351522
0.351520
0.351518
0.351516
0.351514
0.351511
0.351509
0.351507
0.351505
0.351502
0.351500
0.351498
0.351496
0.351494
0.351491
0.351489
0.351487
0.351485
0.351483
0.351480
0.351478
0.351476
0.351474
0.351471
0.351469
0.351467
0.351465
0.351463
0.351460
0.351458
0.351456
0.351454
0.351451
0.351449
0.351447
0.351445
0.351443
0.351440
0.351438
0.351436
0.351434
0.351432
0.351429
0.351427
0.351425
0.351423
0.351421
0.351418
0.351416
0.351414
0.351412
0.351410
0.351407
0.351405
0.351403
0.351401
0.351399
0.351396
0.351394
0.351392
0.351390
0.351388
0.351386
0.351383
0.351381
0.351379
0.351377
0.351375
0.351372
0.351370
0.351368
0.351366
0.351364
0.351362
0.351359
0.351357
0.351355
0.351353
0.351351
0.351349
0.351346
0.351344
0.351342
0.351340
0.351338
0.351336
0.351334
0.351331
0.351329
0.351327
0.351325
0.351323
0.351321
0.351319
0.351316
0.351314
0.351312
0.351310
0.351308
0.351306
0.351304
0.351302
0.351299
0.351297
0.351295
0.351293
0.351291
0.351289
0.351287
0.351285
0.351283
0.351280
0.351278
0.351276
0.351274
0.351272
0.351270
0.351268
0.351266
0.351264
0.351262
0.351260
0.351257
0.351255
0.351253
0.351251
0.351249
0.351247
0.351245
0.351243
0.351241
0.351239
0.351237
0.351235
0.351233
0.351231
0.351229
0.351227
0.351225
0.351223
0.351221
0.351219
0.351217
0.351215
0.351213
0.351210
0.351208
0.351206
0.351204
0.351202
0.351200
0.351198
0.351196
0.351194
0.351192
0.351191
0.351189
0.351187
0.351185
0.351183
0.351181
0.351179
0.351177
0.351175
0.351173
0.351171
0.351169
0.351167
0.351165
0.351163
0.351161
0.351159
0.351157
0.351155
0.351153
0.351151
0.351150
0.351148
0.351146
0.351144
0.351142
0.351140
0.351138
0.351136
0.351134
0.351132
0.351131
0.351129
0.351127
0.351125
0.351123
0.351121
0.351119
0.351117
0.351116
0.351114
0.351112
0.351110
0.351108
0.351106
0.351105
0.351103
0.351101
0.351099
0.351097
0.351095
0.351094
0.351092
0.351090
0.351088
0.351086
0.351085
0.351083
0.351081
0.351079
0.351078
0.351076
0.351074
0.351072
0.351071
0.351069
0.351067
0.351065
0.351064
0.351062
0.351060
0.351058
0.351057
0.351055
0.351053
0.351051
0.351050
0.351048
0.351046
0.351045
0.351043
0.351041
0.351040
0.351038
0.351036
0.351035
0.351033
0.351031
0.351030
0.351028
0.351026
0.351025
0.351023
0.351021
0.351020
0.351018
0.351017
0.351015
0.351013
0.351012
0.351010
0.351009
0.351007
0.351005
0.351004
0.351002
0.351001
0.350999
0.350997
0.350996
0.350994
0.350994
0.350993
0.350991
0.350990
0.350988
0.350987
0.350985
0.350984
0.350982
0.350981
0.350979
0.350978
0.350976
0.350975
0.350973
0.350972
0.350970
0.350969
0.350967
0.350966
0.350964
0.350963
0.350961
0.350960
0.350959
0.350957
0.350956
0.350954
0.350953
0.350951
0.350950
0.350949
0.350947
0.350946
0.350944
0.350943
0.350942
0.350940
0.350939
0.350938
0.350936
0.350935
0.350934
0.350932
0.350931
0.350930
0.350928
0.350927
0.350926
0.350924
0.350923
0.350922
0.350920
0.350919
0.350918
0.350917
0.350915
0.350914
0.350913
0.350912
0.350910
0.350909
0.350908
0.350907
0.350905
0.350904
0.350903
0.350902
0.350901
0.350899
0.350898
0.350897
0.350896
0.350895
0.350893
0.350892
0.350891
0.350890
0.350889
0.350888
0.350887
0.350885
0.350884
0.350883
0.350882
0.350881
0.350880
0.350879
0.350878
0.350877
0.350876
0.350874
0.350873
0.350872
0.350871
0.350870
0.350869
0.350868
0.350867
0.350866
0.350865
0.350864
0.350863
0.350862
0.350861
0.350860
0.350859
0.350858
0.350857
0.350856
0.350855
0.350854
0.350853
0.350852
0.350851
0.350850
0.350849
0.350848
0.350848
0.350847
0.350846
0.350845
0.350844
0.350843
0.350842
0.350841
0.350840
0.350839
0.350839
0.350838
0.350837
0.350836
0.350835
0.350834
0.350834
0.350833
0.350832
0.350831
0.350830
0.350829
0.350829
0.350828
0.350827
0.350826
0.350825
0.350825
0.350824
0.350823
0.350822
0.350822
0.350821
0.350820
0.350819
0.350819
0.350818
0.350817
0.350816
0.350816
0.350815
0.350814
0.350814
0.350813
0.350812
0.350812
0.350811
0.350810
0.350809
0.350809
0.350808
0.350807
0.350807
0.350806
0.350806
0.350805
0.350804
0.350804
0.350803
0.350802
0.350802
0.350801
0.350801
0.350800
0.350799
0.350799
0.350798
0.350798
0.350797
0.350796
0.350796
0.350795
0.350795
0.350794
0.350794
0.350793
0.350792
0.350792
0.350791
0.350791
0.350790
0.350790
0.350789
0.350789
0.350788
0.350788
0.350787
0.350787
0.350786
0.350786
0.350785
0.350785
0.350784
0.350784
0.350783
0.350783
0.350782
0.350782
0.350781
0.350781
0.350780
0.350780
0.350779
0.350779
0.350778
0.350778
0.350777
0.350777
0.350777
0.350776
0.350776
0.350775
0.350775
0.350774
0.350774
0.350773
0.350773
0.350773
0.350772
0.350772
0.350771
0.350771
0.350771
0.350770
0.350770
0.350769
0.350769
0.350769
0.350768
0.350768
0.350767
0.350767
0.350767
0.350766
0.350766
0.350765
0.350765
0.350765
0.350764
0.350764
0.350763
0.350763
0.350763
0.350762
0.350762
0.350762
0.350761
0.350761
0.350760
0.350760
0.350760
0.350759
0.350759
0.350759
0.350758
0.350758
0.350757
0.350757
0.350757
0.350756
0.350756
0.350756
0.350755
0.350755
0.350755
0.350754
0.350754
0.350753
0.350753
0.350753
0.350752
0.350752
0.350752
0.350751
0.350751
0.350751
0.350750
0.350750
0.350750
0.350749
0.350749
0.350748
0.350748
0.350748
0.350747
0.350747
0.350747
0.350746
0.350746
0.350746
0.350745
0.350745
0.350744
0.350744
0.350744
0.350743
0.350743
0.350743
0.350742
0.350742
0.350742
0.350741
0.350741
0.350740
0.350740
0.350740
0.350739
0.350739
0.350738
0.350738
0.350738
0.350737
0.350737
0.350737
0.350736
0.350736
0.350735
0.350735
0.350735
0.350734
0.350734
0.350733
0.350733
0.350733
0.350732
0.350732
0.350731
0.350731
0.350730
0.350730
0.350730
0.350729
0.350729
0.350728
0.350728
0.350727
0.350727
0.350726
0.350726
0.350726
0.350725
0.350725
0.350724
0.350724
0.350723
0.350723
0.350722
0.350722
0.350721
0.350721
0.350720
0.350720
0.350719
0.350719
0.350718
0.350718
0.350717
0.350717
0.350716
0.350716
0.350715
0.350715
0.350714
0.350714
0.350713
0.350713
0.350712
0.350712
0.350711
0.350711
0.350710
0.350710
0.350709
0.350708
0.350708
0.350707
0.350707
0.350706
0.350706
0.350705
0.350704
0.350704
0.350703
0.350703
0.350702
0.350701
0.350701
0.350700
0.350700
0.350699
0.350698
0.350698
0.350697
0.350697
0.350696
0.350695
0.350695
0.350694
0.350693
0.350693
0.350692
0.350691
0.350691
0.350690
0.350689
0.350689
0.350688
0.350687
0.350687
0.350686
0.350685
0.350685
0.350684
0.350683
0.350683
0.350682
0.350681
0.350681
0.350680
0.350679
0.350678
0.350678
0.350677
0.350676
0.350676
0.350675
0.350674
0.350673
0.350673
0.350672
0.350671
0.350670
0.350670
0.350669
0.350668
0.350667
0.350667
0.350666
0.350665
0.350664
0.350663
0.350663
0.350662
0.350661
0.350660
0.350659
0.350659
0.350658
0.350657
0.350656
0.350655
0.350655
0.350654
0.350653
0.350652
0.350651
0.350651
0.350650
0.350649
0.350648
0.350647
0.350646
0.350645
0.350645
0.350644
0.350643
0.350642
0.350641
0.350640
0.350639
0.350639
0.350638
0.350637
0.350636
0.350635
0.350634
0.350633
0.350632
0.350632
0.350631
0.350630
0.350629
0.350629
0.350628
0.350627
0.350626
0.350625
0.350624
0.350623
0.350622
0.350622
0.350621
0.350620
0.350619
0.350618
0.350617
0.350616
0.350615
0.350614
0.350613
0.350612
0.350611
0.350610
0.350609
0.350608
0.350607
0.350606
0.350606
0.350605
0.350604
0.350603
0.350602
0.350601
0.350600
0.350599
0.350598
0.350597
0.350596
0.350595
0.350594
0.350593
0.350592
0.350591
0.350590
0.350589
0.350588
0.350587
0.350586
0.350585
0.350584
0.350583
0.350582
0.350581
0.350580
0.350579
0.350578
0.350577
0.350576
0.350575
0.350574
0.350572
0.350571
0.350570
0.350569
0.350568
0.350567
0.350566
0.350565
0.350564
0.350563
0.350562
0.350561
0.350560
0.350559
0.350557
0.350558
0.350553
0.350558
0.350547
0.350562
0.350531
0.350560
0.350532
0.350557
0.350525
0.350551
0.350529
0.350549
0.350521
0.350546
0.350523
0.350544
0.350518
0.350541
0.350518
0.350540
0.350514
0.350537
0.350513
0.350535
0.350511
0.350533
0.350510
0.350532
0.350508
0.350530
0.350506
0.350528
0.350504
0.350526
0.350503
0.350524
0.350501
0.350523
0.350499
0.350521
0.350498
0.350519
0.350496
0.350518
0.350495
0.350516
0.350493
0.350515
0.350492
0.350513
0.350490
0.350511
0.350488
0.350510
0.350487
0.350508
0.350485
0.350507
0.350484
0.350505
0.350482
0.350503
0.350481
0.350502
0.350479
0.350500
0.350477
0.350499
0.350476
0.350497
0.350474
0.350496
0.350473
0.350494
0.350471
0.350493
0.350469
0.350491
0.350468
0.350489
0.350466
0.350488
0.350465
0.350486
0.350463
0.350485
0.350461
0.350483
0.350460
0.350481
0.350458
0.350480
0.350456
0.350478
0.350454
0.350476
0.350453
0.350475
0.350451
0.350473
0.350449
0.350471
0.350448
0.350470
0.350446
0.350468
0.350444
0.350466
0.350442
0.350464
0.350440
0.350463
0.350439
0.350461
0.350437
0.350459
0.350435
0.350457
0.350433
0.350456
0.350431
0.350454
0.350430
0.350452
0.350428
0.350450
0.350426
0.350449
0.350424
0.350447
0.350422
0.350445
0.350421
0.350443
0.350419
0.350442
0.350417
0.350440
0.350415
0.350438
0.350413
0.350436
0.350411
0.350434
0.350409
0.350433
0.350408
0.350431
0.350406
0.350429
0.350404
0.350427
0.350402
0.350425
0.350400
0.350424
0.350398
0.350422
0.350397
0.350420
0.350395
0.350418
0.350393
0.350416
0.350391
0.350414
0.350389
0.350413
0.350387
0.350411
0.350385
0.350409
0.350383
0.350407
0.350382
0.350405
0.350380
0.350403
0.350378
0.350402
0.350376
0.350400
0.350374
0.350398
0.350372
0.350396
0.350370
0.350394
0.350369
0.350392
0.350367
0.350391
0.350365
0.350389
0.350363
0.350387
0.350361
0.350385
0.350359
0.350383
0.350357
0.350381
0.350355
0.350380
0.350354
0.350378
0.350352
0.350376
0.350350
0.350374
0.350348
0.350372
0.350346
0.350370
0.350344
0.350368
0.350342
0.350367
0.350340
0.350365
0.350339
0.350363
0.350337
0.350361
0.350335
0.350359
0.350333
0.350357
0.350331
0.350355
0.350329
0.350354
0.350327
0.350352
0.350325
0.350350
0.350323
0.350348
0.350322
0.350346
0.350320
0.350344
0.350318
0.350342
0.350316
0.350341
0.350314
0.350339
0.350312
0.350337
0.350311
0.350335
0.350308
0.350333
0.350308
0.350332
0.350303
0.350328
0.350307
0.350329
0.350295
0.350322
0.350312
0.350321
0.350302
0.350325
0.350287
0.350314
0.350316
0.350299
0.350319
0.350285
0.350311
0.350306
0.350306
0.350302
0.350309
0.350294
0.350318
0.350267
0.350296
0.350315
0.350257
0.350284
0.350303
0.350265
0.350288
0.350289
0.350281
0.350292
0.350277
0.350298
0.350265
0.350292
0.350283
0.350290
0.350274
0.350297
0.350255
0.350281
0.350293
0.350252
0.350277
0.350282
0.350264
0.350285
0.350253
0.350279
0.350269
0.350278
0.350257
0.350283
0.350245
0.350271
0.350273
0.350256
0.350277
0.350240
0.350266
0.350269
0.350252
0.350272
0.350234
0.350260
0.350266
0.350241
0.350266
0.350234
0.350261
0.350247
0.350262
0.350229
0.350256
0.350246
0.350257
0.350231
0.350259
0.350225
0.350252
0.350237
0.350253
0.350218
0.350245
0.350242
0.350237
0.350244
0.350226
0.350253
0.350199
0.350229
0.350250
0.350187
0.350216
0.350235
0.350199
0.350221
0.350222
0.350216
0.350226
0.350212
0.350233
0.350197
0.350223
0.350225
0.350210
0.350230
0.350191
0.350218
0.350226
0.350193
0.350219
0.350206
0.350221
0.350190
0.350218
0.350202
0.350220
0.350180
0.350206
0.350216
0.350180
0.350206
0.350204
0.350199
0.350206
0.350191
0.350215
0.350162
0.350192
0.350214
0.350151
0.350180
0.350199
0.350162
0.350184
0.350187
0.350179
0.350190
0.350174
0.350197
0.350160
0.350186
0.350190
0.350170
0.350194
0.350155
0.350181
0.350188
0.350160
0.350186
0.350162
0.350187
0.350151
0.350177
0.350176
0.350167
0.350181
0.350151
0.350179
0.350161
0.350183
0.350133
0.350160
0.350180
0.350123
0.350151
0.350151
0.350169
0.350130
0.350152
0.350159
0.350143
0.350162
0.350136
0.350162
0.350140
0.350164
0.350127
0.350153
0.350155
0.350141
0.350161
0.350120
0.350146
0.350159
0.350115
0.350140
0.350153
0.350116
0.350141
0.350144
0.350130
0.350149
0.350112
0.350138
0.350143
0.350121
0.350146
0.350107
0.350133
0.350142
0.350107
0.350133
0.350127
0.350131
0.350120
0.350140
0.350092
0.350120
0.350141
0.350076
0.350109
0.350128
0.350085
0.350107
0.350117
0.350096
0.350118
0.350096
0.350120
0.350090
0.350116
0.350100
0.350120
0.350080
0.350106
0.350118
0.350078
0.350103
0.350110
0.350085
0.350110
0.350082
0.350109
0.350083
0.350109
0.350075
0.350101
0.350092
0.350101
0.350080
0.350107
0.350058
0.350086
0.350106
0.350044
0.350075
0.350094
0.350054
0.350076
0.350083
0.350066
0.350086
0.350060
0.350085
0.350064
0.350088
0.350049
0.350075
0.350084
0.350050
0.350076
0.350071
0.350074
0.350066
0.350081
0.350043
0.350070
0.350080
0.350037
0.350062
0.350076
0.350030
0.350055
0.350073
0.350024
0.350048
0.350066
0.350025
0.350049
0.350058
0.350034
0.350058
0.350036
0.350060
0.350025
0.350051
0.350050
0.350044
0.350053
0.350033
0.350061
0.350005
0.350039
0.350059
0.349992
0.350025
0.350043
0.350006
0.350028
0.350032
0.350022
0.350036
0.350013
0.350040
0.350009
0.350035
0.350021
0.350039
0.349996
0.350023
0.350040
0.349984
0.350013
0.350032
0.349985
0.350008
0.350023
0.349992
0.350015
0.350010
0.350015
0.350007
0.350022
0.349989
0.350017
0.350013
0.350011
0.350013
0.350006
0.350022
0.349973
0.350004
0.350027
0.349946
0.349981
0.350003
0.349974
0.349990
0.349984
0.349992
0.349984
0.349999
0.349970
0.349997
0.349983
0.350001
0.349957
0.349984
0.350003
0.349942
0.349975
0.349994
0.349945
0.349968
0.349983
0.349954
0.349977
0.349969
0.349979
0.349961
0.349986
0.349942
0.349968
0.349986
0.349931
0.349959
0.349979
0.349933
0.349956
0.349970
0.349939
0.349963
0.349957
0.349964
0.349950
0.349972
0.349926
0.349954
0.349974
0.349913
0.349945
0.349964
0.349919
0.349942
0.349954
0.349928
0.349951
0.349935
0.349955
0.349921
0.349947
0.349947
0.349938
0.349953
0.349916
0.349942
0.349953
0.349911
0.349937
0.349948
0.349908
0.349934
0.349942
0.349911
0.349938
0.349922
0.349942
0.349897
0.349923
0.349943
0.349883
0.349915
0.349934
0.349886
0.349909
0.349925
0.349893
0.349917
0.349911
0.349917
0.349907
0.349925
0.349883
0.349910
0.349928
0.349868
0.349902
0.349921
0.349868
0.349893
0.349910
0.349876
0.349899
0.349899
0.349894
0.349903
0.349886
0.349912
0.349860
0.349891
0.349913
0.349848
0.349882
0.349900
0.349858
0.349881
0.349889
0.349869
0.349891
0.349865
0.349891
0.349866
0.349892
0.349858
0.349885
0.349878
0.349883
0.349869
0.349893
0.349834
0.349873
0.349893
0.349822
0.349858
0.349876
0.349837
0.349859
0.349864
0.349851
0.349869
0.349841
0.349867
0.349848
0.349872
0.349826
0.349853
0.349872
0.349814
0.349845
0.349864
0.349818
0.349841
0.349855
0.349825
0.349849
0.349840
0.349851
0.349828
0.349855
0.349817
0.349844
0.349850
0.349821
0.349848
0.349824
0.349851
0.349805
0.349832
0.349849
0.349793
0.349823
0.349842
0.349794
0.349818
0.349834
0.349798
0.349822
0.349823
0.349815
0.349828
0.349801
0.349829
0.349805
0.349832
0.349785
0.349812
0.349831
0.349771
0.349804
0.349822
0.349774
0.349798
0.349813
0.349780
0.349804
0.349801
0.349801
0.349801
0.349803
0.349800
0.349809
0.349784
0.349816
0.349760
0.349796
0.349815
0.349742
0.349782
0.349800
0.349751
0.349774
0.349788
0.349761
0.349784
0.349771
0.349788
0.349756
0.349782
0.349778
0.349780
0.349772
0.349788
0.349743
0.349772
0.349794
0.349718
0.349759
0.349781
0.349729
0.349751
0.349765
0.349742
0.349763
0.349746
0.349767
0.349733
0.349759
0.349758
0.349754
0.349760
0.349745
0.349772
0.349704
0.349747
0.349772
0.349696
0.349732
0.349748
0.349717
0.349738
0.349733
0.349738
0.349731
0.349743
0.349719
0.349747
0.349712
0.349740
0.349734
0.349735
0.349729
0.349741
0.349706
0.349734
0.349735
0.349717
0.349742
0.349675
0.349718
0.349742
0.349662
0.349701
0.349718
0.349684
0.349704
0.349704
0.349703
0.349706
0.349703
0.349710
0.349694
0.349721
0.349659
0.349703
0.349721
0.349650
0.349688
0.349704
0.349664
0.349686
0.349692
0.349676
0.349696
0.349667
0.349693
0.349678
0.349698
0.349654
0.349681
0.349699
0.349642
0.349674
0.349692
0.349643
0.349668
0.349683
0.349648
0.349672
0.349672
0.349666
0.349675
0.349655
0.349683
0.349633
0.349664
0.349683
0.349621
0.349656
0.349673
0.349627
0.349651
0.349663
0.349634
0.349658
0.349646
0.349662
0.349629
0.349656
0.349650
0.349655
0.349639
0.349664
0.349603
0.349647
0.349663
0.349663
0.349596
0.349632
0.349648
0.349608
0.349631
0.349637
0.349620
0.349640
0.349608
0.349634
0.349628
0.349634
0.349618
0.349643
0.349584
0.349626
0.349642
0.349577
0.349612
0.349628
0.349587
0.349610
0.349618
0.349597
0.349620
0.349590
0.349616
0.349600
0.349621
0.349575
0.349603
0.349621
0.349563
0.349597
0.349614
0.349566
0.349590
0.349605
0.349570
0.349595
0.349593
0.349590
0.349595
0.349584
0.349604
0.349552
0.349588
0.349607
0.349539
0.349579
0.349594
0.349548
0.349571
0.349584
0.349555
0.349579
0.349565
0.349582
0.349548
0.349574
0.349575
0.349563
0.349581
0.349536
0.349565
0.349584
0.349519
0.349560
0.349574
0.349524
0.349549
0.349564
0.349530
0.349554
0.349551
0.349552
0.349549
0.349555
0.349540
0.349566
0.349501
0.349547
0.349567
0.349492
0.349532
0.349547
0.349509
0.349531
0.349534
0.349524
0.349537
0.349514
0.349540
0.349507
0.349534
0.349525
0.349534
0.349508
0.349537
0.349497
0.349524
0.349532
0.349495
0.349521
0.349521
0.349510
0.349527
0.349481
0.349510
0.349529
0.349462
0.349505
0.349519
0.349468
0.349493
0.349508
0.349474
0.349498
0.349496
0.349493
0.349496
0.349490
0.349504
0.349466
0.349494
0.349506
0.349454
0.349485
0.349503
0.349442
0.349478
0.349494
0.349446
0.349470
0.349485
0.349450
0.349475
0.349473
0.349471
0.349473
0.349468
0.349480
0.349446
0.349475
0.349471
0.349466
0.349472
0.349452
0.349484
0.349404
0.349429
0.349468
0.349445
0.349443
0.349442
0.349447
0.349444
0.349452
0.349435
0.349459
0.349406
0.349441
0.349459
0.349398
0.349435
0.349449
0.349403
0.349428
0.349440
0.349409
0.349434
0.349423
0.349437
0.349406
0.349433
0.349421
0.349437
0.349394
0.349422
0.349438
0.349381
0.349416
0.349431
0.349379
0.349407
0.349423
0.349382
0.349406
0.349415
0.349389
0.349414
0.349388
0.349415
0.349382
0.349409
0.349394
0.349413
0.349365
0.349395
0.349414
0.349353
0.349390
0.349404
0.349359
0.349383
0.349395
0.349364
0.349389
0.349378
0.349392
0.349359
0.349386
0.349380
0.349386
0.349366
0.349395
0.349331
0.349378
0.349391
0.349329
0.349362
0.349377
0.349337
0.349361
0.349367
0.349349
0.349371
0.349333
0.349359
0.349367
0.349337
0.349364
0.349341
0.349368
0.349316
0.349349
0.349366
0.349308
0.349341
0.349356
0.349312
0.349336
0.349349
0.349316
0.349341
0.349334
0.349341
0.349324
0.349349
0.349293
0.349334
0.349347
0.349291
0.349322
0.349337
0.349293
0.349318
0.349330
0.349296
0.349321
0.349316
0.349320
0.349310
0.349328
0.349281
0.349313
0.349331
0.349264
0.349308
0.349319
0.349274
0.349298
0.349309
0.349280
0.349305
0.349289
0.349309
0.349266
0.349293
0.349309
0.349257
0.349287
0.349304
0.349255
0.349282
0.349298
0.349256
0.349280
0.349290
0.349261
0.349287
0.349268
0.349292
0.349244
0.349273
0.349291
0.349235
0.349268
0.349283
0.349237
0.349263
0.349276
0.349240
0.349265
0.349264
0.349259
0.349267
0.349249
0.349277
0.349214
0.349261
0.349272
0.349216
0.349245
0.349260
0.349220
0.349245
0.349252
0.349228
0.349253
0.349220
0.349247
0.349236
0.349250
0.349210
0.349237
0.349249
0.349202
0.349230
0.349246
0.349193
0.349224
0.349240
0.349191
0.349218
0.349233
0.349192
0.349217
0.349226
0.349198
0.349224
0.349199
0.349226
0.349187
0.349213
0.349220
0.349189
0.349217
0.349195
0.349222
0.349164
0.349205
0.349216
0.349165
0.349192
0.349207
0.349165
0.349190
0.349202
0.349166
0.349192
0.349190
0.349185
0.349193
0.349172
0.349202
0.349140
0.349187
0.349195
0.349145
0.349171
0.349185
0.349145
0.349171
0.349178
0.349151
0.349178
0.349145
0.349173
0.349156
0.349178
0.349122
0.349162
0.349173
0.349122
0.349150
0.349165
0.349121
0.349147
0.349160
0.349120
0.349146
0.349153
0.349126
0.349153
0.349123
0.349151
0.349126
0.349153
0.349105
0.349135
0.349151
0.349094
0.349129
0.349143
0.349096
0.349122
0.349136
0.349097
0.349122
0.349129
0.349106
0.349132
0.349091
0.349118
0.349129
0.349086
0.349113
0.349126
0.349080
0.349108
0.349122
0.349074
0.349102
0.349118
0.349070
0.349097
0.349113
0.349069
0.349095
0.349108
0.349069
0.349095
0.349100
0.349079
0.349105
0.349057
0.349088
0.349104
0.349047
0.349082
0.349096
0.349051
0.349076
0.349088
0.349054
0.349079
0.349075
0.349077
0.349071
0.349083
0.349047
0.349075
0.349082
0.349042
0.349070
0.349076
0.349042
0.349071
0.349053
0.349077
0.349009
0.349056
0.349074
0.349001
0.349043
0.349054
0.349019
0.349042
0.349040
0.349040
0.349038
0.349044
0.349030
0.349056
0.348985
0.349023
0.349051
0.349002
0.349024
0.349028
0.349016
0.349034
0.349000
0.349027
0.349020
0.349027
0.349006
0.349035
0.348975
0.349022
0.349025
0.348987
0.349012
0.349006
0.349012
0.348995
0.349022
0.348955
0.348955
0.349003
0.349019
0.348951
0.348990
0.349000
0.348968
0.348992
0.348982
0.348994
0.348968
0.348996
0.348962
0.348989
0.348979
0.348992
0.348951
0.348979
0.348993
0.348937
0.348975
0.348984
0.348940
0.348966
0.348977
0.348939
0.348965
0.348969
0.348949
0.348975
0.348921
0.348959
0.348970
0.348921
0.348949
0.348963
0.348919
0.348945
0.348958
0.348917
0.348943
0.348952
0.348919
0.348946
0.348937
0.348948
0.348914
0.348942
0.348936
0.348941
0.348919
0.348950
0.348882
0.348927
0.348950
0.348867
0.348908
0.348927
0.348887
0.348909
0.348912
0.348904
0.348916
0.348894
0.348921
0.348879
0.348907
0.348920
0.348871
0.348901
0.348916
0.348866
0.348895
0.348910
0.348865
0.348891
0.348904
0.348866
0.348892
0.348894
0.348880
0.348901
0.348850
0.348886
0.348899
0.348847
0.348877
0.348891
0.348846
0.348873
0.348886
0.348846
0.348871
0.348878
0.348853
0.348880
0.348841
0.348868
0.348874
0.348845
0.348873
0.348839
0.348867
0.348852
0.348872
0.348814
0.348859
0.348861
0.348830
0.348856
0.348829
0.348857
0.348816
0.348843
0.348850
0.348817
0.348844
0.348829
0.348851
0.348789
0.348837
0.348840
0.348804
0.348830
0.348816
0.348835
0.348785
0.348820
0.348832
0.348780
0.348811
0.348825
0.348779
0.348807
0.348820
0.348777
0.348803
0.348815
0.348775
0.348802
0.348809
0.348780
0.348808
0.348781
0.348809
0.348764
0.348793
0.348806
0.348756
0.348787
0.348801
0.348751
0.348781
0.348795
0.348749
0.348776
0.348789
0.348747
0.348773
0.348784
0.348748
0.348774
0.348774
0.348765
0.348781
0.348736
0.348767
0.348782
0.348720
0.348765
0.348766
0.348741
0.348766
0.348727
0.348753
0.348760
0.348730
0.348759
0.348729
0.348757
0.348722
0.348750
0.348739
0.348753
0.348704
0.348740
0.348750
0.348697
0.348731
0.348742
0.348697
0.348724
0.348737
0.348694
0.348721
0.348732
0.348692
0.348718
0.348727
0.348692
0.348719
0.348713
0.348720
0.348694
0.348724
0.348676
0.348710
0.348719
0.348670
0.348700
0.348713
0.348663
0.348694
0.348707
0.348659
0.348688
0.348702
0.348657
0.348684
0.348698
0.348653
0.348681
0.348694
0.348650
0.348677
0.348690
0.348646
0.348674
0.348686
0.348642
0.348670
0.348682
0.348638
0.348665
0.348679
0.348633
0.348661
0.348675
0.348628
0.348657
0.348670
0.348624
0.348653
0.348666
0.348621
0.348649
0.348662
0.348618
0.348645
0.348657
0.348616
0.348642
0.348653
0.348615
0.348641
0.348645
0.348624
0.348652
0.348592
0.348640
0.348637
0.348618
0.348640
0.348590
0.348624
0.348637
0.348586
0.348617
0.348629
0.348586
0.348612
0.348624
0.348584
0.348611
0.348618
0.348588
0.348616
0.348588
0.348617
0.348576
0.348604
0.348609
0.348580
0.348609
0.348568
0.348596
0.348603
0.348567
0.348595
0.348586
0.348597
0.348558
0.348587
0.348594
0.348552
0.348580
0.348589
0.348543
0.348574
0.348585
0.348533
0.348568
0.348577
0.348536
0.348562
0.348570
0.348539
0.348567
0.348542
0.348571
0.348513
0.348558
0.348554
0.348542
0.348558
0.348514
0.348545
0.348558
0.348500
0.348543
0.348542
0.348525
0.348547
0.348492
0.348535
0.348536
0.348513
0.348539
0.348484
0.348526
0.348528
0.348502
0.348530
0.348481
0.348514
0.348525
0.348478
0.348507
0.348519
0.348474
0.348503
0.348515
0.348469
0.348499
0.348511
0.348465
0.348494
0.348507
0.348460
0.348490
0.348502
0.348457
0.348485
0.348498
0.348453
0.348481
0.348494
0.348449
0.348478
0.348490
0.348445
0.348474
0.348486
0.348441
0.348469
0.348482
0.348437
0.348465
0.348477
0.348432
0.348461
0.348473
0.348428
0.348457
0.348469
0.348424
0.348453
0.348465
0.348420
0.348448
0.348460
0.348416
0.348444
0.348456
0.348412
0.348440
0.348452
0.348408
0.348436
0.348447
0.348404
0.348432
0.348443
0.348400
0.348428
0.348439
0.348396
0.348424
0.348434
0.348392
0.348420
0.348429
0.348390
0.348418
0.348421
0.348400
0.348429
0.348360
0.348402
0.348428
0.348349
0.348392
0.348405
0.348370
0.348394
0.348388
0.348396
0.348380
0.348406
0.348345
0.348395
0.348393
0.348371
0.348395
0.348346
0.348380
0.348390
0.348346
0.348374
0.348383
0.348347
0.348374
0.348370
0.348371
0.348366
0.348377
0.348335
0.348367
0.348377
0.348320
0.348364
0.348355
0.348356
0.348343
0.348367
0.348293
0.348317
0.348353
0.348322
0.348337
0.348321
0.348342
0.348308
0.348336
0.348330
0.348334
0.348318
0.348346
0.348271
0.348286
0.348328
0.348315
0.348301
0.348310
0.348306
0.348317
0.348296
0.348324
0.348272
0.348310
0.348313
0.348289
0.348316
0.348267
0.348302
0.348309
0.348271
0.348298
0.348292
0.348297
0.348279
0.348309
0.348232
0.348245
0.348286
0.348278
0.348258
0.348271
0.348266
0.348278
0.348257
0.348284
0.348235
0.348269
0.348277
0.348241
0.348268
0.348263
0.348266
0.348254
0.348254
0.348277
0.348206
0.348239
0.348266
0.348226
0.348248
0.348237
0.348252
0.348220
0.348248
0.348235
0.348252
0.348201
0.348240
0.348243
0.348216
0.348245
0.348196
0.348229
0.348236
0.348200
0.348226
0.348218
0.348229
0.348192
0.348220
0.348221
0.348203
0.348231
0.348153
0.348168
0.348212
0.348191
0.348189
0.348188
0.348194
0.348189
0.348202
0.348170
0.348198
0.348182
0.348206
0.348137
0.348179
0.348206
0.348128
0.348171
0.348179
0.348151
0.348174
0.348156
0.348179
0.348137
0.348165
0.348175
0.348138
0.348164
0.348166
0.348153
0.348174
0.348114
0.348164
0.348153
0.348153
0.348141
0.348161
0.348105
0.348153
0.348139
0.348149
0.348111
0.348138
0.348137
0.348129
0.348145
0.348091
0.348137
0.348120
0.348136
0.348081
0.348123
0.348120
0.348108
0.348124
0.348076
0.348112
0.348117
0.348083
0.348111
0.348091
0.348118
0.348047
0.348084
0.348112
0.348048
0.348081
0.348089
0.348068
0.348091
0.348059
0.348085
0.348075
0.348090
0.348045
0.348078
0.348087
0.348043
0.348072
0.348080
0.348043
0.348070
0.348067
0.348066
0.348063
0.348069
0.348047
0.348081
0.347996
0.348010
0.348021
0.348044
0.348021
0.348028
0.348034
0.348036
0.348038
0.348038
0.348039
0.348038
0.348042
0.348035
0.348054
0.347990
0.348036
0.348057
0.347972
0.348010
0.348031
0.347992
0.348014
0.348013
0.348012
0.348013
0.348013
0.348015
0.348011
0.348021
0.347986
0.348014
0.348013
0.348001
0.348021
0.347951
0.347988
0.348016
0.347949
0.347985
0.347987
0.347973
0.347990
0.347962
0.347988
0.347965
0.347991
0.347943
0.347976
0.347983
0.347950
0.347977
0.347957
0.347983
0.347924
0.347971
0.347958
0.347966
0.347937
0.347965
0.347935
0.347962
0.347932
0.347959
0.347926
0.347954
0.347929
0.347958
0.347900
0.347946
0.347931
0.347942
0.347907
0.347934
0.347926
0.347936
0.347901
0.347929
0.347923
0.347928
0.347903
0.347934
0.347872
0.347923
0.347906
0.347916
0.347878
0.347905
0.347904
0.347897
0.347910
0.347864
0.347900
0.347898
0.347883
0.347907
0.347836
0.347868
0.347896
0.347847
0.347870
0.347874
0.347864
0.347882
0.347842
0.347870
0.347877
0.347845
0.347873
0.347852
0.347881
0.347812
0.347856
0.347876
0.347804
0.347848
0.347849
0.347835
0.347852
0.347822
0.347849
0.347833
0.347856
0.347797
0.347846
0.347831
0.347842
0.347806
0.347833
0.347829
0.347833
0.347817
0.347845
0.347767
0.347776
0.347800
0.347817
0.347785
0.347799
0.347803
0.347804
0.347806
0.347805
0.347808
0.347802
0.347818
0.347767
0.347815
0.347790
0.347815
0.347750
0.347799
0.347787
0.347791
0.347774
0.347798
0.347743
0.347788
0.347775
0.347785
0.347751
0.347778
0.347767
0.347784
0.347729
0.347776
0.347756
0.347775
0.347719
0.347761
0.347755
0.347753
0.347750
0.347755
0.347739
0.347769
0.347686
0.347696
0.347702
0.347732
0.347709
0.347714
0.347721
0.347725
0.347726
0.347727
0.347727
0.347729
0.347726
0.347736
0.347710
0.347739
0.347699
0.347726
0.347726
0.347709
0.347733
0.347668
0.347717
0.347717
0.347688
0.347713
0.347676
0.347702
0.347698
0.347699
0.347693
0.347705
0.347662
0.347695
0.347698
0.347668
0.347696
0.347655
0.347683
0.347683
0.347667
0.347692
0.347623
0.347663
0.347689
0.347611
0.347654
0.347661
0.347636
0.347658
0.347637
0.347661
0.347622
0.347649
0.347654
0.347631
0.347659
0.347608
0.347647
0.347642
0.347636
0.347641
0.347625
0.347653
0.347578
0.347594
0.347640
0.347596
0.347613
0.347609
0.347616
0.347610
0.347624
0.347592
0.347619
0.347606
0.347624
0.347573
0.347615
0.347603
0.347612
0.347578
0.347604
0.347594
0.347609
0.347562
0.347597
0.347596
0.347579
0.347603
0.347540
0.347590
0.347579
0.347579
0.347566
0.347587
0.347532
0.347579
0.347558
0.347579
0.347523
0.347564
0.347557
0.347557
0.347552
0.347561
0.347533
0.347563
0.347521
0.347551
0.347551
0.347533
0.347559
0.347488
0.347519
0.347546
0.347501
0.347524
0.347522
0.347523
0.347524
0.347524
0.347525
0.347520
0.347534
0.347479
0.347532
0.347490
0.347516
0.347498
0.347519
0.347466
0.347508
0.347496
0.347505
0.347474
0.347501
0.347480
0.347509
0.347441
0.347484
0.347502
0.347435
0.347477
0.347474
0.347468
0.347476
0.347461
0.347486
0.347426
0.347476
0.347459
0.347472
0.347435
0.347461
0.347460
0.347456
0.347461
0.347444
0.347474
0.347393
0.347400
0.347405
0.347436
0.347413
0.347419
0.347426
0.347429
0.347431
0.347432
0.347432
0.347434
0.347433
0.347439
0.347425
0.347453
0.347375
0.347386
0.347415
0.347426
0.347388
0.347405
0.347409
0.347408
0.347412
0.347405
0.347417
0.347390
0.347417
0.347391
0.347418
0.347377
0.347404
0.347405
0.347387
0.347411
0.347355
0.347401
0.347381
0.347399
0.347352
0.347381
0.347388
0.347360
0.347386
0.347353
0.347353
0.347380
0.347361
0.347385
0.347328
0.347375
0.347354
0.347372
0.347326
0.347355
0.347362
0.347334
0.347360
0.347328
0.347355
0.347333
0.347359
0.347303
0.347348
0.347329
0.347346
0.347301
0.347330
0.347337
0.347308
0.347335
0.347303
0.347330
0.347307
0.347334
0.347276
0.347323
0.347301
0.347321
0.347273
0.347304
0.347310
0.347284
0.347311
0.347269
0.347297
0.347301
0.347279
0.347306
0.347251
0.347296
0.347275
0.347296
0.347244
0.347280
0.347279
0.347268
0.347284
0.347240
0.347272
0.347274
0.347252
0.347280
0.347220
0.347270
0.347244
0.347267
0.347216
0.347250
0.347253
0.347233
0.347259
0.347205
0.347248
0.347232
0.347248
0.347203
0.347233
0.347238
0.347212
0.347240
0.347195
0.347226
0.347227
0.347210
0.347235
0.347172
0.347220
0.347215
0.347201
0.347217
0.347175
0.347205
0.347210
0.347183
0.347212
0.347165
0.347198
0.347196
0.347186
0.347203
0.347150
0.347197
0.347167
0.347193
0.347142
0.347177
0.347175
0.347167
0.347181
0.347141
0.347171
0.347171
0.347154
0.347181
0.347107
0.347123
0.347166
0.347120
0.347140
0.347139
0.347143
0.347141
0.347149
0.347131
0.347160
0.347092
0.347128
0.347155
0.347087
0.347126
0.347125
0.347119
0.347127
0.347114
0.347137
0.347082
0.347129
0.347104
0.347127
0.347079
0.347111
0.347115
0.347093
0.347119
0.347070
0.347106
0.347101
0.347098
0.347099
0.347096
0.347105
0.347071
0.347099
0.347090
0.347100
0.347053
0.347091
0.347075
0.347095
0.347027
0.347070
0.347086
0.347022
0.347063
0.347056
0.347058
0.347052
0.347066
0.347029
0.347057
0.347057
0.347045
0.347065
0.347003
0.347052
0.347045
0.347033
0.347045
0.347011
0.347039
0.347029
0.347044
0.346991
0.347036
0.347007
0.347033
0.346983
0.347018
0.347014
0.347010
0.347016
0.346999
0.347028
0.346951
0.346955
0.346968
0.346989
0.346971
0.346979
0.346984
0.346987
0.346988
0.346990
0.346990
0.346991
0.346989
0.346997
0.346969
0.346999
0.346959
0.346987
0.346977
0.346987
0.346946
0.346976
0.346975
0.346960
0.346983
0.346914
0.346947
0.346974
0.346911
0.346946
0.346947
0.346938
0.346952
0.346925
0.346953
0.346919
0.346946
0.346932
0.346952
0.346895
0.346944
0.346913
0.346938
0.346896
0.346922
0.346925
0.346910
0.346934
0.346876
0.346925
0.346896
0.346920
0.346876
0.346904
0.346909
0.346888
0.346915
0.346862
0.346904
0.346884
0.346905
0.346854
0.346891
0.346886
0.346885
0.346882
0.346888
0.346869
0.346900
0.346822
0.346827
0.346845
0.346864
0.346839
0.346852
0.346854
0.346858
0.346857
0.346861
0.346854
0.346870
0.346826
0.346862
0.346855
0.346855
0.346846
0.346863
0.346808
0.346858
0.346817
0.346842
0.346825
0.346845
0.346799
0.346831
0.346831
0.346817
0.346837
0.346784
0.346829
0.346804
0.346828
0.346775
0.346813
0.346805
0.346809
0.346796
0.346818
0.346758
0.346809
0.346782
0.346804
0.346756
0.346787
0.346790
0.346772
0.346797
0.346743
0.346786
0.346765
0.346787
0.346736
0.346772
0.346768
0.346765
0.346766
0.346762
0.346772
0.346737
0.346765
0.346758
0.346762
0.346738
0.346769
0.346699
0.346729
0.346756
0.346700
0.346728
0.346733
0.346720
0.346740
0.346700
0.346728
0.346729
0.346716
0.346738
0.346680
0.346730
0.346698
0.346723
0.346682
0.346708
0.346709
0.346701
0.346715
0.346674
0.346705
0.346703
0.346693
0.346710
0.346656
0.346705
0.346664
0.346689
0.346675
0.346693
0.346646
0.346681
0.346674
0.346677
0.346662
0.346688
0.346619
0.346647
0.346674
0.346628
0.346652
0.346652
0.346651
0.346656
0.346647
0.346667
0.346607
0.346657
0.346634
0.346654
0.346604
0.346637
0.346637
0.346627
0.346642
0.346601
0.346631
0.346630
0.346620
0.346638
0.346581
0.346632
0.346591
0.346616
0.346599
0.346620
0.346572
0.346608
0.346601
0.346605
0.346588
0.346615
0.346548
0.346587
0.346610
0.346537
0.346581
0.346577
0.346574
0.346578
0.346573
0.346585
0.346551
0.346578
0.346571
0.346579
0.346550
0.346578
0.346540
0.346568
0.346557
0.346571
0.346520
0.346563
0.346535
0.346562
0.346507
0.346548
0.346529
0.346550
0.346501
0.346536
0.346531
0.346530
0.346529
0.346531
0.346525
0.346542
0.346478
0.346517
0.346542
0.346456
0.346483
0.346507
0.346485
0.346502
0.346487
0.346507
0.346474
0.346501
0.346493
0.346504
0.346473
0.346500
0.346480
0.346507
0.346441
0.346487
0.346487
0.346460
0.346485
0.346450
0.346476
0.346467
0.346479
0.346444
0.346471
0.346463
0.346471
0.346441
0.346469
0.346438
0.346467
0.346426
0.346454
0.346447
0.346452
0.346432
0.346462
0.346389
0.346405
0.346444
0.346400
0.346420
0.346419
0.346423
0.346419
0.346431
0.346401
0.346428
0.346406
0.346434
0.346372
0.346421
0.346396
0.346417
0.346372
0.346401
0.346404
0.346387
0.346412
0.346358
0.346403
0.346374
0.346374
0.346399
0.346357
0.346384
0.346385
0.346374
0.346393
0.346341
0.346386
0.346354
0.346380
0.346343
0.346369
0.346360
0.346373
0.346333
0.346362
0.346360
0.346353
0.346366
0.346322
0.346357
0.346343
0.346361
0.346301
0.346351
0.346316
0.346341
0.346309
0.346335
0.346312
0.346339
0.346288
0.346328
0.346309
0.346330
0.346279
0.346317
0.346306
0.346318
0.346281
0.346309
0.346303
0.346308
0.346289
0.346318
0.346246
0.346264
0.346299
0.346259
0.346280
0.346273
0.346284
0.346267
0.346293
0.346241
0.346284
0.346259
0.346282
0.346238
0.346267
0.346269
0.346255
0.346276
0.346223
0.346269
0.346236
0.346262
0.346227
0.346253
0.346240
0.346259
0.346207
0.346250
0.346224
0.346249
0.346201
0.346233
0.346231
0.346226
0.346233
0.346213
0.346242
0.346175
0.346212
0.346236
0.346164
0.346208
0.346200
0.346203
0.346197
0.346210
0.346182
0.346209
0.346178
0.346206
0.346175
0.346202
0.346168
0.346195
0.346174
0.346200
0.346139
0.346188
0.346160
0.346183
0.346140
0.346167
0.346169
0.346156
0.346178
0.346124
0.346170
0.346136
0.346162
0.346130
0.346156
0.346133
0.346160
0.346109
0.346149
0.346128
0.346150
0.346100
0.346136
0.346128
0.346134
0.346115
0.346142
0.346082
0.346131
0.346102
0.346125
0.346083
0.346110
0.346111
0.346101
0.346119
0.346069
0.346112
0.346082
0.346108
0.346064
0.346093
0.346092
0.346084
0.346099
0.346054
0.346090
0.346074
0.346093
0.346036
0.346084
0.346049
0.346075
0.346044
0.346071
0.346043
0.346070
0.346033
0.346060
0.346050
0.346064
0.346019
0.346054
0.346042
0.346056
0.346009
0.346046
0.346030
0.346049
0.345992
0.346040
0.346006
0.346031
0.346000
0.346026
0.346003
0.346030
0.345979
0.346020
0.345996
0.346020
0.345970
0.346006
0.345997
0.346006
0.345978
0.346006
0.345973
0.346000
0.345975
0.346003
0.345946
0.345993
0.345958
0.345983
0.345956
0.345983
0.345945
0.345973
0.345966
0.345974
0.345948
0.345977
0.345926
0.345969
0.345934
0.345960
0.345931
0.345959
0.345920
0.345948
0.345941
0.345949
0.345922
0.345951
0.345904
0.345941
0.345917
0.345943
0.345884
0.345931
0.345901
0.345926
0.345887
0.345914
0.345910
0.345914
0.345901
0.345927
0.345855
0.345867
0.345910
0.345860
0.345881
0.345885
0.345883
0.345891
0.345879
0.345902
0.345845
0.345894
0.345860
0.345885
0.345853
0.345879
0.345858
0.345884
0.345832
0.345873
0.345850
0.345873
0.345826
0.345859
0.345854
0.345855
0.345850
0.345861
0.345824
0.345853
0.345843
0.345855
0.345810
0.345845
0.345827
0.345850
0.345783
0.345828
0.345829
0.345801
0.345826
0.345791
0.345817
0.345808
0.345822
0.345780
0.345811
0.345803
0.345811
0.345781
0.345810
0.345774
0.345801
0.345782
0.345808
0.345740
0.345780
0.345796
0.345736
0.345775
0.345765
0.345774
0.345755
0.345781
0.345731
0.345772
0.345746
0.345771
0.345725
0.345756
0.345754
0.345750
0.345755
0.345740
0.345768
0.345695
0.345706
0.345751
0.345700
0.345720
0.345724
0.345722
0.345730
0.345720
0.345740
0.345691
0.345731
0.345707
0.345730
0.345684
0.345715
0.345712
0.345707
0.345715
0.345692
0.345721
0.345665
0.345713
0.345671
0.345695
0.345684
0.345698
0.345665
0.345691
0.345677
0.345697
0.345641
0.345689
0.345651
0.345675
0.345655
0.345678
0.345635
0.345665
0.345662
0.345657
0.345664
0.345645
0.345673
0.345606
0.345643
0.345665
0.345597
0.345638
0.345628
0.345636
0.345621
0.345643
0.345601
0.345630
0.345627
0.345623
0.345629
0.345611
0.345639
0.345573
0.345615
0.345623
0.345574
0.345602
0.345604
0.345594
0.345610
0.345572
0.345599
0.345595
0.345594
0.345592
0.345595
0.345584
0.345607
0.345535
0.345553
0.345588
0.345540
0.345562
0.345563
0.345562
0.345566
0.345561
0.345573
0.345539
0.345565
0.345554
0.345567
0.345525
0.345555
0.345548
0.345550
0.345539
0.345559
0.345499
0.345549
0.345512
0.345536
0.345507
0.345532
0.345505
0.345530
0.345497
0.345523
0.345504
0.345528
0.345475
0.345518
0.345489
0.345513
0.345475
0.345500
0.345496
0.345499
0.345488
0.345509
0.345451
0.345501
0.345459
0.345483
0.345471
0.345485
0.345455
0.345481
0.345459
0.345485
0.345431
0.345474
0.345445
0.345468
0.345433
0.345458
0.345448
0.345462
0.345425
0.345452
0.345446
0.345449
0.345436
0.345460
0.345395
0.345438
0.345441
0.345404
0.345428
0.345417
0.345433
0.345394
0.345422
0.345418
0.345415
0.345419
0.345406
0.345430
0.345361
0.345390
0.345416
0.345359
0.345388
0.345391
0.345383
0.345397
0.345370
0.345396
0.345365
0.345391
0.345367
0.345393
0.345346
0.345379
0.345368
0.345378
0.345349
0.345376
0.345346
0.345372
0.345341
0.345366
0.345338
0.345364
0.345327
0.345353
0.345342
0.345356
0.345316
0.345344
0.345339
0.345340
0.345331
0.345349
0.345291
0.345341
0.345341
0.345298
0.345322
0.345308
0.345325
0.345289
0.345315
0.345309
0.345315
0.345294
0.345322
0.345263
0.345312
0.345271
0.345295
0.345281
0.345298
0.345262
0.345288
0.345282
0.345288
0.345266
0.345294
0.345238
0.345286
0.345243
0.345267
0.345258
0.345268
0.345246
0.345273
0.345226
0.345261
0.345244
0.345262
0.345217
0.345249
0.345243
0.345245
0.345234
0.345255
0.345197
0.345246
0.345205
0.345229
0.345213
0.345232
0.345194
0.345221
0.345217
0.345217
0.345215
0.345218
0.345208
0.345229
0.345161
0.345185
0.345212
0.345163
0.345187
0.345189
0.345184
0.345195
0.345171
0.345198
0.345153
0.345185
0.345174
0.345185
0.345154
0.345180
0.345158
0.345184
0.345129
0.345173
0.345138
0.345162
0.345140
0.345163
0.345125
0.345151
0.345147
0.345147
0.345145
0.345149
0.345135
0.345161
0.345089
0.345104
0.345141
0.345093
0.345114
0.345116
0.345115
0.345120
0.345114
0.345128
0.345089
0.345117
0.345112
0.345111
0.345107
0.345115
0.345087
0.345115
0.345072
0.345101
0.345089
0.345102
0.345061
0.345089
0.345084
0.345085
0.345076
0.345093
0.345037
0.345087
0.345037
0.345065
0.345056
0.345063
0.345046
0.345071
0.345020
0.345061
0.345031
0.345055
0.345021
0.345046
0.345034
0.345051
0.345008
0.345038
0.345031
0.345035
0.345019
0.345044
0.344985
0.345034
0.344994
0.345018
0.345000
0.345020
0.344983
0.345009
0.345005
0.345007
0.344998
0.345015
0.344966
0.345008
0.344969
0.344994
0.344976
0.344997
0.344952
0.344984
0.344976
0.344981
0.344964
0.344989
0.344932
0.344980
0.344938
0.344962
0.344950
0.344964
0.344934
0.344960
0.344939
0.344964
0.344912
0.344953
0.344925
0.344948
0.344911
0.344936
0.344930
0.344937
0.344917
0.344944
0.344889
0.344935
0.344894
0.344918
0.344905
0.344921
0.344887
0.344912
0.344902
0.344916
0.344876
0.344904
0.344898
0.344901
0.344887
0.344910
0.344848
0.344896
0.344870
0.344890
0.344847
0.344874
0.344873
0.344867
0.344878
0.344848
0.344875
0.344848
0.344874
0.344827
0.344861
0.344845
0.344862
0.344819
0.344848
0.344843
0.344845
0.344835
0.344854
0.344799
0.344847
0.344800
0.344826
0.344818
0.344824
0.344811
0.344833
0.344781
0.344825
0.344788
0.344811
0.344793
0.344814
0.344775
0.344801
0.344798
0.344796
0.344797
0.344795
0.344798
0.344784
0.344810
0.344737
0.344751
0.344789
0.344739
0.344760
0.344764
0.344760
0.344769
0.344755
0.344777
0.344731
0.344765
0.344751
0.344764
0.344730
0.344755
0.344744
0.344758
0.344718
0.344745
0.344740
0.344740
0.344735
0.344744
0.344715
0.344742
0.344705
0.344730
0.344714
0.344734
0.344681
0.344724
0.344689
0.344713
0.344688
0.344712
0.344676
0.344701
0.344694
0.344701
0.344679
0.344706
0.344655
0.344696
0.344662
0.344686
0.344659
0.344684
0.344652
0.344677
0.344658
0.344681
0.344632
0.344668
0.344650
0.344669
0.344627
0.344654
0.344651
0.344648
0.344653
0.344639
0.344663
0.344601
0.344648
0.344620
0.344641
0.344602
0.344627
0.344623
0.344625
0.344619
0.344633
0.344591
0.344622
0.344609
0.344622
0.344580
0.344609
0.344601
0.344607
0.344586
0.344612
0.344558
0.344603
0.344562
0.344586
0.344574
0.344588
0.344557
0.344582
0.344566
0.344587
0.344535
0.344576
0.344547
0.344570
0.344536
0.344560
0.344549
0.344564
0.344525
0.344552
0.344547
0.344549
0.344539
0.344557
0.344506
0.344550
0.344506
0.344531
0.344521
0.344532
0.344507
0.344533
0.344494
0.344520
0.344512
0.344520
0.344495
0.344521
0.344478
0.344508
0.344496
0.344508
0.344473
0.344498
0.344488
0.344501
0.344460
0.344489
0.344479
0.344489
0.344456
0.344482
0.344466
0.344487
0.344430
0.344476
0.344436
0.344460
0.344446
0.344463
0.344428
0.344454
0.344444
0.344457
0.344421
0.344447
0.344436
0.344451
0.344407
0.344439
0.344424
0.344441
0.344394
0.344429
0.344412
0.344430
0.344385
0.344416
0.344407
0.344416
0.344389
0.344415
0.344381
0.344407
0.344387
0.344411
0.344358
0.344399
0.344368
0.344392
0.344361
0.344386
0.344365
0.344389
0.344344
0.344375
0.344365
0.344375
0.344346
0.344372
0.344343
0.344369
0.344334
0.344359
0.344344
0.344363
0.344314
0.344352
0.344327
0.344350
0.344308
0.344335
0.344331
0.344331
0.344329
0.344335
0.344314
0.344342
0.344281
0.344328
0.344293
0.344316
0.344287
0.344311
0.344287
0.344312
0.344273
0.344299
0.344292
0.344299
0.344278
0.344304
0.344253
0.344294
0.344260
0.344284
0.344256
0.344281
0.344252
0.344278
0.344248
0.344273
0.344244
0.344269
0.344237
0.344263
0.344240
0.344264
0.344218
0.344251
0.344236
0.344251
0.344213
0.344240
0.344233
0.344239
0.344220
0.344246
0.344189
0.344235
0.344194
0.344217
0.344205
0.344219
0.344190
0.344216
0.344192
0.344217
0.344172
0.344203
0.344192
0.344202
0.344173
0.344199
0.344199
