0.061745
-0.005783
-0.003098
0.001144
0.006250
0.011706
0.017284
0.022992
0.028937
0.035182
0.041690
0.048351
0.055010
0.061493
0.067626
0.073267
0.078314
0.082716
0.086470
0.089605
0.092175
0.094247
0.095890
0.097174
0.098162
0.098913
0.099474
0.099891
0.100197
0.100419
0.100579
0.100694
0.100776
0.100836
0.100881
0.100919
0.100955
0.100992
0.101035
0.101086
0.101147
0.101220
0.101306
0.101406
0.101521
0.101651
0.101794
0.101952
0.102121
0.102302
0.102491
0.102685
0.102880
0.103065
0.103225
0.103339
0.103374
0.103296
0.103082
0.102768
0.102425
0.102101
0.101799
0.101497
0.101166
0.100790
0.100365
0.099900
0.099408
0.098906
0.098411
0.097938
0.097500
0.097103
0.096751
0.096439
0.096164
0.095917
0.095692
0.095484
0.095289
0.095104
0.094926
0.094755
0.094588
0.094425
0.094265
0.094109
0.093955
0.093804
0.093655
0.093510
0.093367
0.093227
0.093091
0.092959
0.092830
0.092706
0.092586
0.092470
0.092359
0.092252
0.092150
0.092052
0.091957
0.091865
0.091775
0.091689
0.091606
0.091527
0.091449
0.091370
0.091288
0.091203
0.091113
0.091021
0.090935
0.090863
0.090809
0.090774
0.090754
0.090748
0.090753
0.090769
0.090793
0.090825
0.090864
0.090909
0.090960
0.091018
0.091081
0.091149
0.091222
0.091297
0.091372
0.091442
0.091501
0.091541
0.091556
0.091540
0.091495
0.091431
0.091364
0.091306
0.091259
0.091225
0.091200
0.091183
0.091176
0.091180
0.091200
0.091237
0.091293
0.091369
0.091465
0.091580
0.091713
0.091862
0.092025
0.092200
0.092386
0.092579
0.092780
0.092986
0.093195
0.093408
0.093623
0.093840
0.094058
0.094279
0.094502
0.094728
0.094960
0.095208
0.095486
0.095757
0.095981
0.096192
0.096409
0.096631
0.096855
0.097067
0.097229
0.097347
0.097440
0.097517
0.097727
0.097931
0.098189
0.098394
0.098697
0.098838
0.099199
0.099295
0.099666
0.099835
0.099993
0.100213
0.100443
0.100674
0.100912
0.101117
0.101272
0.101428
0.101613
0.101819
0.102023
0.102227
0.102432
0.102635
0.102839
0.103042
0.103244
0.103446
0.103647
0.103848
0.104047
0.104246
0.104443
0.104639
0.104835
0.105028
0.105221
0.105412
0.105602
0.105790
0.105977
0.106162
0.106346
0.106529
0.106709
0.106889
0.107066
0.107242
0.107415
0.107587
0.107756
0.107923
0.108088
0.108249
0.108407
0.108561
0.108712
0.108858
0.109000
0.109138
0.109271
0.109400
0.109525
0.109645
0.109762
0.109874
0.109983
0.110088
0.110190
0.110288
0.110384
0.110476
0.110566
0.110653
0.110737
0.110819
0.110899
0.110977
0.111052
0.111125
0.111196
0.111264
0.111331
0.111395
0.111457
0.111517
0.111574
0.111629
0.111681
0.111731
0.111778
0.111822
0.111863
0.111901
0.111935
0.111967
0.111994
0.112019
0.112039
0.112057
0.112070
0.112081
0.112089
0.112094
0.112097
0.112097
0.112095
0.112090
0.112082
0.112071
0.112056
0.112036
0.112012
0.111983
0.111949
0.111910
0.111865
0.111815
0.111759
0.111695
0.111624
0.111545
0.111455
0.111355
0.111244
0.111124
0.110994
0.110860
0.110723
0.110589
0.110462
0.110342
0.110230
0.110128
0.110032
0.109943
0.109858
0.109775
0.109695
0.109616
0.109538
0.109461
0.109384
0.109307
0.109231
0.109153
0.109075
0.108997
0.108917
0.108836
0.108754
0.108671
0.108587
0.108501
0.108414
0.108327
0.108238
0.108148
0.108058
0.107968
0.107877
0.107786
0.107695
0.107605
0.107515
0.107425
0.107337
0.107249
0.107162
0.107076
0.106991
0.106907
0.106824
0.106742
0.106662
0.106583
0.106505
0.106428
0.106353
0.106279
0.106206
0.106134
0.106064
0.105995
0.105927
0.105861
0.105796
0.105732
0.105669
0.105608
0.105547
0.105488
0.105430
0.105374
0.105318
0.105264
0.105211
0.105158
0.105107
0.105058
0.105009
0.104961
0.104914
0.104869
0.104824
0.104781
0.104739
0.104697
0.104657
0.104618
0.104580
0.104542
0.104506
0.104471
0.104437
0.104404
0.104371
0.104340
0.104310
0.104281
0.104252
0.104225
0.104198
0.104173
0.104149
0.104125
0.104103
0.104081
0.104060
0.104041
0.104022
0.104004
0.103988
0.103972
0.103957
0.103943
0.103930
0.103918
0.103907
0.103897
0.103888
0.103880
0.103873
0.103867
0.103862
0.103857
0.103854
0.103851
0.103849
0.103848
0.103848
0.103849
0.103851
0.103853
0.103856
0.103860
0.103865
0.103870
0.103876
0.103883
0.103891
0.103899
0.103908
0.103918
0.103928
0.103940
0.103952
0.103965
0.103978
0.103993
0.104008
0.104024
0.104041
0.104059
0.104077
0.104097
0.104117
0.104138
0.104160
0.104182
0.104206
0.104230
0.104256
0.104282
0.104309
0.104337
0.104365
0.104395
0.104425
0.104457
0.104489
0.104522
0.104555
0.104590
0.104625
0.104661
0.104698
0.104736
0.104774
0.104813
0.104853
0.104894
0.104935
0.104978
0.105020
0.105064
0.105108
0.105153
0.105198
0.105245
0.105291
0.105339
0.105387
0.105436
0.105436
0.105485
0.105535
0.105585
0.105636
0.105687
0.105740
0.105792
0.105845
0.105899
0.105953
0.106007
0.106062
0.106118
0.106174
0.106230
0.106287
0.106344
0.106402
0.106460
0.106519
0.106578
0.106637
0.106696
0.106756
0.106816
0.106877
0.106938
0.106999
0.107061
0.107123
0.107185
0.107247
0.107310
0.107372
0.107435
0.107499
0.107562
0.107626
0.107690
0.107754
0.107818
0.107883
0.107948
0.108012
0.108077
0.108142
0.108208
0.108273
0.108338
0.108404
0.108470
0.108535
0.108601
0.108667
0.108733
0.108799
0.108865
0.108931
0.108997
0.109063
0.109129
0.109195
0.109261
0.109327
0.109393
0.109459
0.109524
0.109590
0.109656
0.109722
0.109787
0.109853
0.109918
0.109983
0.110048
0.110113
0.110178
0.110243
0.110308
0.110372
0.110436
0.110500
0.110564
0.110628
0.110692
0.110755
0.110818
0.110881
0.110944
0.111006
0.111068
0.111130
0.111192
0.111254
0.111315
0.111376
0.111436
0.111497
0.111557
0.111616
0.111676
0.111735
0.111794
0.111852
0.111910
0.111968
0.112025
0.112082
0.112139
0.112195
0.112251
0.112306
0.112361
0.112416
0.112470
0.112524
0.112577
0.112630
0.112682
0.112734
0.112786
0.112837
0.112887
0.112937
0.112987
0.113036
0.113084
0.113132
0.113180
0.113227
0.113273
0.113319
0.113364
0.113408
0.113453
0.113496
0.113539
0.113581
0.113622
0.113663
0.113704
0.113743
0.113782
0.113821
0.113858
0.113895
0.113931
0.113967
0.114001
0.114035
0.114069
0.114101
0.114133
0.114164
0.114194
0.114223
0.114252
0.114280
0.114306
0.114332
0.114358
0.114382
0.114405
0.114428
0.114449
0.114470
0.114489
0.114508
0.114526
0.114542
0.114558
0.114573
0.114587
0.114599
0.114611
0.114621
0.114631
0.114639
0.114646
0.114652
0.114657
0.114660
0.114663
0.114664
0.114664
0.114663
0.114660
0.114656
0.114651
0.114645
0.114637
0.114628
0.114617
0.114605
0.114592
0.114577
0.114560
0.114543
0.114523
0.114502
0.114480
0.114456
0.114430
0.114403
0.114374
0.114343
0.114311
0.114277
0.114241
0.114204
0.114164
0.114123
0.114080
0.114035
0.113988
0.113940
0.113889
0.113836
0.113781
0.113725
0.113666
0.113605
0.113542
0.113476
0.113409
0.113339
0.113267
0.113193
0.113117
0.113038
0.112957
0.112873
0.112787
0.112699
0.112608
0.112514
0.112418
0.112320
0.112218
0.112115
0.112008
0.111899
0.111787
0.111673
0.111555
0.111435
0.111312
0.111186
0.111057
0.110926
0.110791
0.110654
0.110513
0.110369
0.110223
0.110073
0.109920
0.109764
0.109605
0.109443
0.109277
0.109109
0.108937
0.108761
0.108583
0.108401
0.108216
0.108027
0.107835
0.107640
0.107441
0.107239
0.107034
0.106825
0.106613
0.106397
0.106178
0.105956
0.105730
0.105501
0.105269
0.105033
0.104794
0.104551
0.104306
0.104057
0.103805
0.103550
0.103292
0.103031
0.102766
0.102499
0.102229
0.101956
0.101680
0.101402
0.101121
0.100838
0.100552
0.100264
0.099973
0.099681
0.099387
0.099091
0.098794
0.098495
0.098194
0.097893
0.097590
0.097286
0.096981
0.096676
0.096370
0.096063
0.095756
0.095449
0.095141
0.094833
0.094525
0.094217
0.093908
0.093600
0.093292
0.092985
0.092677
0.092370
0.092063
0.091756
0.091450
0.091144
0.090839
0.090534
0.090229
0.089925
0.089622
0.089319
0.089016
0.088715
0.088413
0.088113
0.087812
0.087513
0.087214
0.086915
0.086617
0.086320
0.086022
0.085726
0.085429
0.085133
0.084838
0.084542
0.084247
0.083952
0.083657
0.083361
0.083066
0.082771
0.082476
0.082180
0.081884
0.081588
0.081292
0.080995
0.080697
0.080399
0.080100
0.079800
0.079498
0.079195
0.078889
0.078580
0.078267
0.077952
0.077646
0.077349
0.077067
0.076797
0.076522
0.076299
0.075974
0.075585
0.075226
0.074903
0.074612
0.074337
0.074063
0.073784
0.073499
0.073211
0.072924
0.072638
0.072350
0.072065
0.071801
0.071604
0.071509
0.071183
0.070769
0.070431
0.070133
0.070057
0.069683
0.069237
0.068885
0.068615
0.068369
0.068433
0.068025
0.067516
0.067234
0.066921
0.066998
0.066607
0.066131
0.065779
0.065725
0.065461
0.065613
0.065153
0.064651
0.064234
0.064465
0.064091
0.063669
0.063347
0.063580
0.063192
0.062723
0.062361
0.062634
0.062219
0.061704
0.061347
0.061671
0.061241
0.060671
0.060293
0.060608
0.060158
0.059314
0.059337
0.058648
0.058871
0.058364
0.057363
0.057458
0.056943
0.056062
0.056156
0.055676
0.054976
0.055020
0.054666
0.053940
0.054058
0.053624
0.052861
0.052972
0.052515
0.051803
0.051995
0.051548
0.050786
0.050981
0.050457
0.049722
0.049973
0.049480
0.048713
0.048961
0.048375
0.047622
0.047930
0.047397
0.046630
0.046911
0.046254
0.045510
0.045884
0.045336
0.044581
0.044902
0.044174
0.043486
0.043930
0.043299
0.042428
0.042938
0.041829
0.042028
0.041180
0.041137
0.040304
0.040539
0.040024
0.039046
0.039346
0.038351
0.038351
0.038106
0.037377
0.037931
0.036815
0.036748
0.036092
0.035222
0.035633
0.034607
0.034810
0.033825
0.033845
0.033134
0.032306
0.032660
0.031804
0.031918
0.030804
0.030838
0.030206
0.029398
0.029678
0.028665
0.028946
0.027842
0.027828
0.027085
0.026478
0.026444
0.025656
0.025919
0.024882
0.025085
0.023906
0.023812
0.023095
0.022875
0.022201
0.022387
0.021456
0.021481
0.020539
0.020527
0.019654
0.019614
0.018830
0.018782
0.017989
0.017930
0.017158
0.017082
0.016303
0.016234
0.015474
0.015396
0.014636
0.014554
0.013811
0.013727
0.012990
0.012898
0.012176
0.012081
0.011368
0.011268
0.010567
0.010464
0.009773
0.009666
0.008987
0.008877
0.008207
0.008095
0.007435
0.007321
0.006670
0.006556
0.005913
0.005797
0.005162
0.005044
0.004417
0.004298
0.003678
0.003557
0.002945
0.002823
0.002219
0.002096
0.001500
0.001376
0.000787
0.000663
0.000081
-0.000041
-0.000618
-0.000738
-0.001309
-0.001426
-0.001992
-0.002104
-0.002666
-0.002773
-0.003330
-0.003432
-0.003986
-0.004085
-0.004635
-0.004733
-0.005280
-0.005378
-0.005923
-0.006022
-0.006562
-0.006662
-0.007196
-0.007298
-0.007824
-0.007929
-0.008446
-0.008553
-0.009061
-0.009171
-0.009669
-0.009781
-0.010269
-0.010385
-0.010862
-0.010985
-0.011450
-0.011582
-0.012035
-0.012180
-0.012618
-0.012775
-0.013195
-0.013363
-0.013766
-0.013943
-0.014326
-0.014511
-0.014874
-0.015068
-0.015411
-0.015612
-0.015937
-0.016145
-0.016452
-0.016667
-0.016956
-0.017176
-0.017449
-0.017674
-0.017932
-0.018159
-0.018404
-0.018632
-0.018866
-0.019092
-0.019318
-0.019539
-0.019758
-0.019974
-0.020187
-0.020397
-0.020604
-0.020808
-0.021008
-0.021206
-0.021401
-0.021592
-0.021779
-0.021964
-0.022145
-0.022322
-0.022496
-0.022666
-0.022832
-0.022995
-0.023153
-0.023308
-0.023459
-0.023606
-0.023749
-0.023888
-0.024023
-0.024153
-0.024280
-0.024402
-0.024520
-0.024634
-0.024744
-0.024849
-0.024950
-0.025046
-0.025138
-0.025225
-0.025308
-0.025387
-0.025461
-0.025530
-0.025595
-0.025655
-0.025711
-0.025763
-0.025810
-0.025853
-0.025891
-0.025926
-0.025956
-0.025983
-0.026005
-0.026024
-0.026040
-0.026052
-0.026060
-0.026066
-0.026068
-0.026067
-0.026063
-0.026057
-0.026047
-0.026036
-0.026021
-0.026004
-0.025985
-0.025963
-0.025940
-0.025913
-0.025885
-0.025854
-0.025821
-0.025786
-0.025749
-0.025709
-0.025668
-0.025623
-0.025577
-0.025528
-0.025476
-0.025423
-0.025366
-0.025307
-0.025246
-0.025181
-0.025114
-0.025045
-0.024972
-0.024897
-0.024820
-0.024739
-0.024656
-0.024571
-0.024483
-0.024393
-0.024301
-0.024207
-0.024111
-0.024013
-0.023914
-0.023813
-0.023711
-0.023609
-0.023505
-0.023401
-0.023296
-0.023191
-0.023086
-0.022981
-0.022876
-0.022772
-0.022668
-0.022565
-0.022463
-0.022363
-0.022264
-0.022166
-0.022071
-0.021978
-0.021887
-0.021799
-0.021713
-0.021631
-0.021553
-0.021478
-0.021408
-0.021342
-0.021280
-0.021223
-0.021172
-0.021126
-0.021086
-0.021051
-0.021023
-0.021000
-0.020984
-0.020974
-0.020970
-0.020972
-0.020980
-0.020994
-0.021014
-0.021040
-0.021071
-0.021108
-0.021150
-0.021197
-0.021248
-0.021304
-0.021365
-0.021430
-0.021498
-0.021570
-0.021646
-0.021726
-0.021809
-0.021896
-0.021986
-0.022080
-0.022179
-0.022283
-0.022392
-0.022508
-0.022631
-0.022760
-0.022896
-0.023037
-0.023183
-0.023334
-0.023487
-0.023643
-0.023800
-0.023957
-0.024114
-0.024270
-0.024425
-0.024579
-0.024730
-0.024881
-0.025029
-0.025176
-0.025322
-0.025466
-0.025609
-0.025752
-0.025893
-0.026035
-0.026176
-0.026316
-0.026457
-0.026598
-0.026740
-0.026882
-0.027025
-0.027168
-0.027313
-0.027459
-0.027606
-0.027754
-0.027904
-0.028056
-0.028210
-0.028366
-0.028525
-0.028685
-0.028849
-0.029014
-0.029182
-0.029352
-0.029523
-0.029695
-0.029868
-0.030041
-0.030214
-0.030386
-0.030558
-0.030728
-0.030898
-0.031066
-0.031235
-0.031403
-0.031570
-0.031738
-0.031906
-0.032075
-0.032244
-0.032414
-0.032585
-0.032757
-0.032928
-0.033099
-0.033268
-0.033436
-0.033603
-0.033769
-0.033933
-0.034097
-0.034260
-0.034423
-0.034586
-0.034748
-0.034910
-0.035072
-0.035235
-0.035397
-0.035559
-0.035722
-0.035884
-0.036047
-0.036210
-0.036373
-0.036537
-0.036700
-0.036864
-0.037029
-0.037193
-0.037359
-0.037524
-0.037690
-0.037857
-0.038024
-0.038191
-0.038359
-0.038528
-0.038697
-0.038867
-0.039037
-0.039208
-0.039379
-0.039551
-0.039723
-0.039896
-0.040069
-0.040243
-0.040418
-0.040593
-0.040768
-0.040944
-0.041120
-0.041297
-0.041475
-0.041652
-0.041831
-0.042009
-0.042188
-0.042368
-0.042547
-0.042728
-0.042908
-0.043089
-0.043270
-0.043451
-0.043633
-0.043815
-0.043997
-0.044180
-0.044362
-0.044545
-0.044728
-0.044911
-0.045095
-0.045278
-0.045462
-0.045646
-0.045829
-0.046013
-0.046197
-0.046381
-0.046565
-0.046749
-0.046933
-0.047117
-0.047300
-0.047484
-0.047668
-0.047851
-0.048034
-0.048217
-0.048400
-0.048582
-0.048764
-0.048946
-0.049126
-0.049307
-0.049486
-0.049665
-0.049843
-0.050021
-0.050197
-0.050372
-0.050547
-0.050721
-0.050893
-0.051065
-0.051236
-0.051406
-0.051575
-0.051743
-0.051910
-0.051910
-0.052075
-0.052240
-0.052406
-0.052553
-0.052868
-0.052936
-0.053071
-0.053232
-0.053417
-0.053631
-0.053817
-0.054025
-0.054232
-0.054432
-0.054632
-0.054834
-0.055037
-0.055240
-0.055445
-0.055650
-0.055855
-0.056060
-0.056264
-0.056467
-0.056669
-0.056869
-0.057068
-0.057266
-0.057462
-0.057656
-0.057849
-0.058040
-0.058229
-0.058417
-0.058603
-0.058787
-0.058969
-0.059150
-0.059329
-0.059506
-0.059681
-0.059855
-0.060026
-0.060197
-0.060365
-0.060532
-0.060697
-0.060861
-0.061023
-0.061184
-0.061343
-0.061500
-0.061656
-0.061811
-0.061965
-0.062116
-0.062267
-0.062416
-0.062564
-0.062711
-0.062856
-0.062999
-0.063141
-0.063282
-0.063422
-0.063560
-0.063696
-0.063831
-0.063965
-0.064097
-0.064228
-0.064357
-0.064484
-0.064610
-0.064735
-0.064858
-0.064979
-0.065099
-0.065217
-0.065333
-0.065448
-0.065561
-0.065672
-0.065781
-0.065889
-0.065995
-0.066099
-0.066202
-0.066302
-0.066401
-0.066498
-0.066593
-0.066686
-0.066778
-0.066868
-0.066955
-0.067042
-0.067126
-0.067208
-0.067289
-0.067368
-0.067446
-0.067522
-0.067596
-0.067669
-0.067740
-0.067810
-0.067878
-0.067945
-0.068010
-0.068075
-0.068138
-0.068200
-0.068260
-0.068320
-0.068379
-0.068437
-0.068494
-0.068550
-0.068605
-0.068660
-0.068714
-0.068767
-0.068820
-0.068873
-0.068925
-0.068977
-0.069029
-0.069080
-0.069131
-0.069182
-0.069234
-0.069285
-0.069336
-0.069387
-0.069438
-0.069490
-0.069542
-0.069594
-0.069647
-0.069699
-0.069753
-0.069806
-0.069861
-0.069915
-0.069971
-0.070027
-0.070083
-0.070140
-0.070198
-0.070257
-0.070316
-0.070376
-0.070437
-0.070498
-0.070561
-0.070624
-0.070688
-0.070753
-0.070819
-0.070886
-0.070953
-0.071022
-0.071092
-0.071162
-0.071234
-0.071307
-0.071381
-0.071455
-0.071531
-0.071608
-0.071686
-0.071765
-0.071845
-0.071926
-0.072008
-0.072091
-0.072176
-0.072261
-0.072348
-0.072435
-0.072524
-0.072614
-0.072705
-0.072797
-0.072890
-0.072984
-0.073079
-0.073176
-0.073273
-0.073372
-0.073471
-0.073572
-0.073673
-0.073776
-0.073879
-0.073984
-0.074089
-0.074196
-0.074303
-0.074411
-0.074520
-0.074630
-0.074741
-0.074853
-0.074965
-0.075078
-0.075192
-0.075307
-0.075423
-0.075539
-0.075656
-0.075773
-0.075891
-0.076010
-0.076129
-0.076249
-0.076369
-0.076490
-0.076611
-0.076733
-0.076855
-0.076978
-0.077101
-0.077224
-0.077347
-0.077471
-0.077595
-0.077720
-0.077844
-0.077969
-0.078094
-0.078219
-0.078344
-0.078469
-0.078595
-0.078720
-0.078846
-0.078971
-0.079097
-0.079222
-0.079348
-0.079473
-0.079599
-0.079724
-0.079849
-0.079974
-0.080099
-0.080223
-0.080348
-0.080472
-0.080596
-0.080720
-0.080844
-0.080967
-0.081091
-0.081214
-0.081336
-0.081458
-0.081580
-0.081702
-0.081823
-0.081944
-0.082065
-0.082185
-0.082305
-0.082425
-0.082544
-0.082663
-0.082781
-0.082899
-0.083017
-0.083134
-0.083250
-0.083366
-0.083482
-0.083597
-0.083712
-0.083826
-0.083940
-0.084054
-0.084166
-0.084279
-0.084391
-0.084502
-0.084613
-0.084723
-0.084833
-0.084942
-0.085050
-0.085159
-0.085266
-0.085373
-0.085479
-0.085585
-0.085690
-0.085795
-0.085899
-0.086002
-0.086105
-0.086207
-0.086309
-0.086410
-0.086510
-0.086610
-0.086709
-0.086807
-0.086905
-0.087002
-0.087098
-0.087193
-0.087288
-0.087382
-0.087476
-0.087569
-0.087661
-0.087752
-0.087843
-0.087932
-0.088021
-0.088109
-0.088197
-0.088283
-0.088369
-0.088454
-0.088538
-0.088622
-0.088704
-0.088786
-0.088866
-0.088946
-0.089025
-0.089103
-0.089179
-0.089255
-0.089330
-0.089404
-0.089477
-0.089549
-0.089620
-0.089690
-0.089759
-0.089826
-0.089892
-0.089958
-0.090022
-0.090085
-0.090146
-0.090207
-0.090266
-0.090323
-0.090380
-0.090435
-0.090488
-0.090540
-0.090591
-0.090640
-0.090687
-0.090733
-0.090777
-0.090820
-0.090861
-0.090900
-0.090937
-0.090973
-0.091006
-0.091038
-0.091067
-0.091094
-0.091120
-0.091143
-0.091164
-0.091182
-0.091198
-0.091212
-0.091223
-0.091232
-0.091238
-0.091241
-0.091242
-0.091240
-0.091234
-0.091226
-0.091215
-0.091201
-0.091183
-0.091162
-0.091138
-0.091111
-0.091080
-0.091046
-0.091008
-0.090966
-0.090921
-0.090872
-0.090820
-0.090763
-0.090703
-0.090639
-0.090571
-0.090500
-0.090424
-0.090345
-0.090263
-0.090176
-0.090086
-0.089993
-0.089896
-0.089795
-0.089690
-0.089580
-0.089463
-0.089338
-0.089203
-0.089056
-0.088897
-0.088727
-0.088548
-0.088362
-0.088170
-0.087975
-0.087776
-0.087576
-0.087374
-0.087172
-0.086968
-0.086764
-0.086559
-0.086354
-0.086148
-0.085942
-0.085734
-0.085527
-0.085319
-0.085110
-0.084900
-0.084690
-0.084480
-0.084268
-0.084056
-0.083842
-0.083628
-0.083413
-0.083197
-0.082979
-0.082760
-0.082540
-0.082319
-0.082097
-0.081873
-0.081647
-0.081420
-0.081191
-0.080961
-0.080729
-0.080496
-0.080261
-0.080023
-0.079785
-0.079544
-0.079301
-0.079057
-0.078811
-0.078563
-0.078312
-0.078060
-0.077806
-0.077550
-0.077292
-0.077031
-0.076769
-0.076505
-0.076238
-0.075970
-0.075699
-0.075426
-0.075151
-0.074874
-0.074595
-0.074313
-0.074029
-0.073744
-0.073455
-0.073165
-0.072872
-0.072578
-0.072281
-0.071981
-0.071680
-0.071376
-0.071069
-0.070761
-0.070450
-0.070137
-0.069822
-0.069504
-0.069184
-0.068862
-0.068537
-0.068537
-0.068210
-0.067880
-0.067549
-0.067214
-0.066878
-0.066539
-0.066198
-0.065855
-0.065509
-0.065161
-0.064810
-0.064457
-0.064102
-0.063744
-0.063384
-0.063022
-0.062657
-0.062290
-0.061921
-0.061549
-0.061175
-0.060799
-0.060420
-0.060040
-0.059656
-0.059271
-0.058883
-0.058493
-0.058101
-0.057706
-0.057309
-0.056910
-0.056509
-0.056106
-0.055700
-0.055292
-0.054882
-0.054470
-0.054056
-0.053640
-0.053221
-0.052801
-0.052378
-0.051953
-0.051526
-0.051098
-0.050667
-0.050234
-0.049799
-0.049363
-0.048924
-0.048483
-0.048041
-0.047597
-0.047150
-0.046702
-0.046253
-0.045801
-0.045347
-0.044892
-0.044435
-0.043977
-0.043516
-0.043054
-0.042590
-0.042125
-0.041658
-0.041189
-0.040719
-0.040247
-0.039774
-0.039299
-0.038823
-0.038345
-0.037865
-0.037384
-0.036902
-0.036418
-0.035933
-0.035446
-0.034958
-0.034469
-0.033978
-0.033485
-0.032992
-0.032497
-0.032000
-0.031502
-0.031003
-0.030502
-0.030000
-0.029497
-0.028992
-0.028486
-0.027979
-0.027470
-0.026960
-0.026449
-0.025936
-0.025422
-0.024906
-0.024389
-0.023870
-0.023351
-0.022829
-0.022307
-0.021783
-0.021257
-0.020730
-0.020201
-0.019672
-0.019140
-0.018607
-0.018073
-0.017537
-0.016999
-0.016460
-0.015919
-0.015377
-0.014833
-0.014287
-0.013740
-0.013191
-0.012641
-0.012089
-0.011535
-0.010979
-0.010421
-0.009862
-0.009301
-0.008738
-0.008173
-0.007606
-0.007038
-0.006467
-0.005895
-0.005321
-0.004744
-0.004166
-0.003586
-0.003004
-0.002419
-0.001833
-0.001245
-0.000655
-0.000063
0.000531
0.001128
0.001726
0.002326
0.002928
0.003532
0.004138
0.004746
0.005356
0.005968
0.006582
0.007197
0.007815
0.008434
0.009055
0.009678
0.010303
0.010929
0.011557
0.012187
0.012819
0.013452
0.014087
0.014723
0.015362
0.016001
0.016642
0.017285
0.017929
0.018574
0.019221
0.019869
0.020519
0.021170
0.021822
0.022475
0.023130
0.023786
0.024443
0.025101
0.025760
0.026421
0.027083
0.027746
0.028410
0.029075
0.029742
0.030411
0.031081
0.031754
0.032429
0.033108
0.033791
0.034482
0.035181
0.035891
0.036614
0.037623
0.038328
0.038892
0.039408
0.040070
0.040588
0.041490
0.041672
0.043010
0.042697
0.044439
0.044681
0.045388
0.045380
0.047037
0.047062
0.048180
0.047870
0.049620
0.050228
0.050068
0.051518
0.050893
0.052951
0.053879
0.052602
0.055037
0.056158
0.054535
0.057024
0.058217
0.057273
0.058781
0.057922
0.059979
0.061215
0.060048
0.061867
0.062137
0.062608
0.062387
0.064225
0.064880
0.064438
0.066144
0.064943
0.067578
0.068872
0.069064
0.069332
0.068283
0.070640
0.071812
0.070988
0.072253
0.070529
0.073779
0.074962
0.075190
0.076508
0.077495
0.078344
0.079159
0.079862
0.080523
0.081129
0.081687
0.082216
0.082726
0.083225
0.083718
0.084206
0.084691
0.085173
0.085653
0.086132
0.086612
0.087092
0.087574
0.088057
0.088543
0.089029
0.089517
0.090006
0.090495
0.090986
0.091477
0.091970
0.092463
0.092958
0.093454
0.093952
0.094450
0.094950
0.095451
0.095954
0.096458
0.096963
0.097470
0.097978
0.098488
0.098998
0.099510
0.100023
0.100537
0.101052
0.101568
0.102084
0.102602
0.103119
0.103637
0.104155
0.104673
0.105191
0.105709
0.106227
0.106744
0.107261
0.107777
0.108292
0.108806
0.109319
0.109831
0.110342
0.110851
0.111360
0.111866
0.112371
0.112875
0.113377
0.113877
0.114375
0.114871
0.115365
0.115857
0.116347
0.116835
0.117321
0.117804
0.118285
0.118764
0.119240
0.119714
0.120185
0.120654
0.121120
0.121583
0.122044
0.122502
0.122957
0.123409
0.123858
0.124304
0.124747
0.125187
0.125624
0.126058
0.126489
0.126916
0.127341
0.127762
0.128180
0.128594
0.129006
0.129414
0.129818
0.130220
0.130619
0.131014
0.131406
0.131796
0.132182
0.132565
0.132946
0.133323
0.133698
0.134070
0.134440
0.134807
0.135171
0.135533
0.135893
0.136250
0.136606
0.136959
0.137310
0.137659
0.138007
0.138353
0.138697
0.139039
0.139380
0.139720
0.140058
0.140396
0.140732
0.141067
0.141402
0.141735
0.142069
0.142401
0.142733
0.143065
0.143397
0.143728
0.144060
0.144391
0.144723
0.145056
0.145389
0.145722
0.146056
0.146391
0.146726
0.147063
0.147401
0.147740
0.148080
0.148422
0.148765
0.149109
0.149456
0.149804
0.150154
0.150505
0.150859
0.151215
0.151572
0.151932
0.152294
0.152659
0.153025
0.153394
0.153766
0.154140
0.154516
0.154895
0.155276
0.155660
0.156047
0.156436
0.156828
0.157222
0.157619
0.158019
0.158421
0.158826
0.159234
0.159644
0.160057
0.160472
0.160890
0.161311
0.161734
0.162159
0.162587
0.163017
0.163450
0.163885
0.164322
0.164762
0.165204
0.165648
0.166093
0.166541
0.166991
0.167443
0.167897
0.168352
0.168810
0.169268
0.169729
0.170191
0.170654
0.171119
0.171584
0.172051
0.172520
0.172989
0.173459
0.173930
0.174401
0.174873
0.175346
0.175819
0.176293
0.176767
0.177241
0.177716
0.178190
0.178665
0.179139
0.179613
0.180087
0.180560
0.181033
0.181033
0.181506
0.181978
0.182449
0.182920
0.183390
0.183859
0.184327
0.184795
0.185261
0.185727
0.186191
0.186655
0.187117
0.187578
0.188038
0.188497
0.188954
0.189411
0.189866
0.190319
0.190772
0.191223
0.191673
0.192122
0.192569
0.193016
0.193461
0.193904
0.194347
0.194788
0.195228
0.195667
0.196104
0.196541
0.196976
0.197410
0.197843
0.198276
0.198707
0.199137
0.199566
0.199994
0.200421
0.200848
0.201273
0.201698
0.202122
0.202546
0.202968
0.203390
0.203812
0.204233
0.204653
0.205073
0.205492
0.205911
0.206330
0.206748
0.207167
0.207584
0.208002
0.208420
0.208837
0.209255
0.209672
0.210090
0.210508
0.210926
0.211344
0.211763
0.212181
0.212601
0.213021
0.213441
0.213862
0.214284
0.214706
0.215130
0.215554
0.215980
0.216407
0.216835
0.217265
0.217696
0.218129
0.218565
0.219002
0.219442
0.219885
0.220332
0.220781
0.221236
0.221695
0.222160
0.222632
0.223113
0.223606
0.224119
0.224673
0.225360
0.225770
0.225514
0.227203
0.227371
0.228069
0.227411
0.228690
0.228612
0.229220
0.228662
0.230110
0.230136
0.230606
0.230037
0.231385
0.231214
0.231943
0.231234
0.232559
0.232632
0.232815
0.232549
0.233663
0.233243
0.234418
0.234148
0.234836
0.234276
0.235511
0.235482
0.236055
0.235641
0.236837
0.236699
0.237492
0.237094
0.238179
0.238023
0.238838
0.238529
0.239578
0.239424
0.240274
0.240018
0.240996
0.240830
0.241705
0.241503
0.242425
0.242265
0.243146
0.242983
0.243865
0.243721
0.244585
0.244451
0.245302
0.245182
0.246020
0.245912
0.246736
0.246641
0.247450
0.247369
0.248163
0.248096
0.248873
0.248821
0.249582
0.249546
0.250289
0.250269
0.250994
0.250991
0.251697
0.251711
0.252398
0.252431
0.253097
0.253150
0.253794
0.253868
0.254490
0.254585
0.255183
0.255301
0.255875
0.256016
0.256566
0.256730
0.257256
0.257444
0.257944
0.258156
0.258633
0.258868
0.259322
0.259578
0.260011
0.260288
0.260702
0.260996
0.261394
0.261703
0.262088
0.262409
0.262783
0.263114
0.263481
0.263819
0.264180
0.264523
0.264880
0.265227
0.265582
0.265932
0.266285
0.266636
0.266989
0.267341
0.267694
0.268047
0.268400
0.268752
0.269105
0.269458
0.269811
0.270165
0.270518
0.270871
0.271224
0.271578
0.271931
0.272284
0.272638
0.272991
0.273344
0.273697
0.274050
0.274403
0.274756
0.275109
0.275462
0.275815
0.276167
0.276520
0.276872
0.277225
0.277577
0.277929
0.278281
0.278633
0.278985
0.279337
0.279688
0.280039
0.280391
0.280742
0.281093
0.281444
0.281794
0.282145
0.282495
0.282846
0.283196
0.283546
0.283895
0.284245
0.284595
0.284944
0.285293
0.285642
0.285991
0.286340
0.286689
0.287037
0.287386
0.287734
0.288082
0.288430
0.288778
0.289125
0.289473
0.289820
0.290167
0.290514
0.290861
0.291208
0.291555
0.291901
0.292248
0.292594
0.292940
0.293286
0.293632
0.293978
0.294323
0.294669
0.295014
0.295360
0.295705
0.296050
0.296395
0.296740
0.297084
0.297429
0.297774
0.298118
0.298463
0.298807
0.299151
0.299495
0.299840
0.300184
0.300528
0.300871
0.301215
0.301559
0.301903
0.302246
0.302590
0.302934
0.303277
0.303621
0.303964
0.304308
0.304651
0.304994
0.305338
0.305681
0.306024
0.306368
0.306711
0.307054
0.307398
0.307741
0.308084
0.308428
0.308771
0.309115
0.309458
0.309802
0.310145
0.310489
0.310832
0.311176
0.311520
0.311863
0.312207
0.312551
0.312895
0.313239
0.313583
0.313927
0.314272
0.314616
0.314961
0.315305
0.315650
0.315995
0.316340
0.316685
0.317030
0.317375
0.317720
0.318066
0.318412
0.318757
0.319103
0.319449
0.319796
0.320142
0.320489
0.320835
0.321182
0.321529
0.321877
0.322224
0.322572
0.322920
0.323268
0.323616
0.323964
0.324313
0.324662
0.325011
0.325360
0.325709
0.326059
0.326409
0.326759
0.327110
0.327460
0.327811
0.328162
0.328514
0.328865
0.329217
0.329570
0.329922
0.330275
0.330628
0.330981
0.331335
0.331688
0.332043
0.332397
0.332752
0.333107
0.333462
0.333818
0.334174
0.334530
0.334886
0.335243
0.335600
0.335958
0.336316
0.336674
0.337032
0.337391
0.337750
0.338110
0.338470
0.338830
0.339191
0.339552
0.339913
0.340275
0.340637
0.340999
0.341362
0.341725
0.342088
0.342452
0.342816
0.343181
0.343546
0.343911
0.344277
0.344643
0.345010
0.345377
0.345744
0.346112
0.346480
0.346849
0.347218
0.347587
0.347957
0.348327
0.348698
0.349069
0.349440
0.349812
0.350184
0.350557
0.350930
0.351304
0.351678
0.352052
0.352427
0.352802
0.353178
0.353554
0.353930
0.354307
0.354685
0.355063
0.355441
0.355820
0.356199
0.356579
0.356959
0.357339
0.357720
0.358102
0.358484
0.358866
0.359249
0.359632
0.360016
0.360400
0.360785
0.361170
0.361555
0.361941
0.362328
0.362715
0.363102
0.363490
0.363878
0.364267
0.364656
0.365046
0.365436
0.365827
0.366218
0.366609
0.366609
0.367002
0.367394
0.367787
0.368181
0.368575
0.368969
0.369364
0.369760
0.370156
0.370552
0.370950
0.371347
0.371745
0.372144
0.372543
0.372943
0.373343
0.373744
0.374145
0.374547
0.374949
0.375352
0.375756
0.376160
0.376565
0.376970
0.377376
0.377783
0.378190
0.378598
0.379006
0.379415
0.379825
0.380235
0.380646
0.381058
0.381470
0.381884
0.382297
0.382712
0.383127
0.383543
0.383959
0.384377
0.384795
0.385214
0.385633
0.386053
0.386474
0.386896
0.387318
0.387742
0.388165
0.388590
0.389015
0.389441
0.389868
0.390296
0.390724
0.391153
0.391583
0.392013
0.392444
0.392875
0.393308
0.393741
0.394174
0.394609
0.395044
0.395479
0.395915
0.396352
0.396789
0.397227
0.397665
0.398104
0.398543
0.398983
0.399423
0.399864
0.400305
0.400747
0.401189
0.401632
0.402075
0.402518
0.402962
0.403406
0.403850
0.404295
0.404740
0.405185
0.405630
0.406076
0.406522
0.406969
0.407415
0.407862
0.408309
0.408757
0.409204
0.409652
0.410100
0.410548
0.410996
0.411444
0.411893
0.412342
0.412791
0.413240
0.413689
0.414138
0.414588
0.415037
0.415487
0.415937
0.416387
0.416837
0.417287
0.417738
0.418188
0.418639
0.419090
0.419541
0.419992
0.420443
0.420895
0.421346
0.421798
0.422250
0.422702
0.423154
0.423606
0.424058
0.424511
0.424964
0.425416
0.425870
0.426323
0.426776
0.427230
0.427684
0.428138
0.428592
0.429046
0.429501
0.429955
0.430410
0.430865
0.431321
0.431776
0.432232
0.432688
0.433144
0.433601
0.434058
0.434515
0.434972
0.435429
0.435887
0.436345
0.436803
0.437262
0.437721
0.438180
0.438639
0.439099
0.439558
0.440019
0.440479
0.440940
0.441401
0.441862
0.442324
0.442786
0.443248
0.443710
0.444173
0.444636
0.445100
0.445564
0.446028
0.446492
0.446957
0.447422
0.447887
0.448353
0.448819
0.449286
0.449752
0.450219
0.450687
0.451155
0.451623
0.452091
0.452560
0.453029
0.453498
0.453968
0.454438
0.454909
0.455380
0.455851
0.456323
0.456795
0.457267
0.457739
0.458213
0.458686
0.459160
0.459634
0.460108
0.460583
0.461058
0.461534
0.462010
0.462486
0.462963
0.463440
0.463917
0.464395
0.464873
0.465351
0.465830
0.466309
0.466789
0.467269
0.467749
0.468230
0.468711
0.469192
0.469674
0.470156
0.470639
0.471122
0.471605
0.472088
0.472572
0.473057
0.473542
0.474027
0.474512
0.474998
0.475484
0.475971
0.476458
0.476945
0.477433
0.477921
0.478409
0.478898
0.479387
0.479877
0.480367
0.480857
0.481347
0.481838
0.482330
0.482821
0.483313
0.483806
0.484299
0.484792
0.485285
0.485779
0.486274
0.486768
0.487263
0.487758
0.488254
0.488750
0.489247
0.489743
0.490240
0.490738
0.491236
0.491734
0.492232
0.492731
0.493231
0.493730
0.494230
0.494731
0.495231
0.495732
0.496234
0.496735
0.497237
0.497740
0.498243
0.498746
0.499249
0.499753
0.500257
0.500762
0.501267
0.501772
0.502277
0.502783
0.503289
0.503796
0.504303
0.504810
0.505318
0.505826
0.506334
0.506843
0.507352
0.507861
0.508371
0.508880
0.509391
0.509901
0.510412
0.510924
0.511435
0.511947
0.512460
0.512972
0.513485
0.513998
0.514512
0.515026
0.515540
0.516055
0.516570
0.517085
0.517601
0.518116
0.518633
0.519149
0.519666
0.520183
0.520701
0.521218
0.521737
0.522255
0.522774
0.523293
0.523812
0.524332
0.524852
0.525372
0.525893
0.526414
0.526935
0.527457
0.527979
0.528501
0.529023
0.529546
0.530069
0.530592
0.531116
0.531640
0.532164
0.532689
0.533214
0.533739
0.534265
0.534791
0.535317
0.535843
0.536370
0.536897
0.537424
0.537952
0.538480
0.539008
0.539536
0.540065
0.540594
0.541123
0.541653
0.542183
0.542713
0.543244
0.543774
0.544305
0.544837
0.545368
0.545900
0.546432
0.546965
0.547498
0.548031
0.548564
0.549097
0.549631
0.550165
0.550700
0.551235
0.551770
0.552305
0.552840
0.553376
0.553912
0.554448
0.554985
0.555522
0.556059
0.556596
0.557134
0.557672
0.558210
0.558749
0.559288
0.559827
0.560366
0.560905
0.561445
0.561985
0.562525
0.563066
0.563607
0.564148
0.564689
0.565231
0.565773
0.566315
0.566857
0.567400
0.567943
0.568486
0.569029
0.569573
0.570117
0.570661
0.571205
0.571750
0.572295
0.572840
0.573386
0.573931
0.574477
0.575023
0.575570
0.576116
0.576663
0.577210
0.577758
0.578305
0.578853
0.579401
0.579950
0.580498
0.581047
0.581596
0.582146
0.582695
0.583245
0.583795
0.584345
0.584896
0.585447
0.585998
0.586549
0.587100
0.587652
0.588204
0.588756
0.589308
0.589861
0.590414
0.590967
0.591520
0.592074
0.592628
0.593182
0.593736
0.594291
0.594845
0.595400
0.595956
0.596511
0.597067
0.597623
0.598179
0.598735
0.599292
0.599848
0.600406
0.600963
0.601520
0.602078
0.602636
0.603194
0.603753
0.604311
0.604870
0.605429
0.605988
0.606548
0.607108
0.607668
0.608228
0.608788
0.609349
0.609910
0.609910
0.610471
0.611032
0.611594
0.612155
0.612717
0.613280
0.613842
0.614405
0.614967
0.615531
0.616094
0.616657
0.617221
0.617785
0.618349
0.618914
0.619478
0.620043
0.620608
0.621174
0.621739
0.622305
0.622871
0.623437
0.624003
0.624570
0.625137
0.625704
0.626271
0.626838
0.627406
0.627974
0.628542
0.629110
0.629679
0.630248
0.630817
0.631386
0.631955
0.632525
0.633095
0.633665
0.634235
0.634806
0.635376
0.635947
0.636518
0.637090
0.637661
0.638233
0.638805
0.639377
0.639950
0.640522
0.641095
0.641668
0.642242
0.642815
0.643389
0.643963
0.644537
0.645111
0.645686
0.646261
0.646836
0.647411
0.647986
0.648562
0.649138
0.649714
0.650290
0.650867
0.651443
0.652020
0.652597
0.653175
0.653752
0.654330
0.654908
0.655486
0.656065
0.656643
0.657222
0.657801
0.658381
0.658960
0.659540
0.660120
0.660700
0.661280
0.661861
0.662441
0.663022
0.663604
0.664185
0.664767
0.665349
0.665931
0.666513
0.667095
0.667678
0.668261
0.668844
0.669427
0.670011
0.670595
0.671178
0.671763
0.672347
0.672932
0.673516
0.674101
0.674687
0.675272
0.675858
0.676444
0.677030
0.677616
0.678202
0.678789
0.679376
0.679963
0.680550
0.681138
0.681726
0.682314
0.682902
0.683490
0.684079
0.684668
0.685257
0.685846
0.686435
0.687025
0.687615
0.688205
0.688795
0.689386
0.689976
0.690567
0.691158
0.691750
0.692341
0.692933
0.693525
0.694117
0.694710
0.695302
0.695895
0.696488
0.697081
0.697674
0.698268
0.698862
0.699456
0.700050
0.700645
0.701239
0.701834
0.702429
0.703024
0.703620
0.704216
0.704811
0.705408
0.706004
0.706600
0.707197
0.707794
0.708391
0.708988
0.709586
0.710184
0.710782
0.711380
0.711978
0.712577
0.713175
0.713774
0.714373
0.714973
0.715572
0.716172
0.716772
0.717372
0.717973
0.718573
0.719174
0.719775
0.720376
0.720977
0.721579
0.722181
0.722783
0.723385
0.723987
0.724590
0.725192
0.725795
0.726399
0.727002
0.727605
0.728209
0.728813
0.729417
0.730021
0.730626
0.731231
0.731836
0.732441
0.733046
0.733651
0.734257
0.734863
0.735469
0.736075
0.736682
0.737288
0.737895
0.738502
0.739109
0.739717
0.740324
0.740932
0.741540
0.742148
0.742756
0.743365
0.743973
0.744582
0.745191
0.745800
0.746410
0.747019
0.747629
0.748239
0.748849
0.749460
0.750070
0.750681
0.751292
0.751903
0.752514
0.753125
0.753737
0.754348
0.754960
0.755572
0.756185
0.756797
0.757410
0.758022
0.758635
0.759249
0.759862
0.760475
0.761089
0.761703
0.762317
0.762931
0.763545
0.764160
0.764774
0.765389
0.766004
0.766619
0.767234
0.767850
0.768465
0.769081
0.769697
0.770313
0.770929
0.771546
0.772162
0.772779
0.773396
0.774013
0.774630
0.775247
0.775865
0.776483
0.777100
0.777718
0.778336
0.778955
0.779573
0.780191
0.780810
0.781429
0.782048
0.782667
0.783286
0.783906
0.784525
0.785145
0.785765
0.786385
0.787005
0.787625
0.788245
0.788866
0.789486
0.790107
0.790728
0.791349
0.791970
0.792591
0.793213
0.793834
0.794456
0.795078
0.795700
0.796322
0.796944
0.797566
0.798189
0.798811
0.799434
0.800057
0.800679
0.801302
0.801925
0.802549
0.803172
0.803795
0.804419
0.805043
0.805666
0.806290
0.806914
0.807538
0.808163
0.808787
0.809411
0.810036
0.810660
0.811285
0.811910
0.812535
0.813160
0.813785
0.814410
0.815035
0.815661
0.816286
0.816912
0.817537
0.818163
0.818789
0.819414
0.820040
0.820666
0.821293
0.821919
0.822545
0.823171
0.823798
0.824424
0.825051
0.825678
0.826304
0.826931
0.827558
0.828185
0.828812
0.829439
0.830066
0.830693
0.831320
0.831948
0.832575
0.833202
0.833830
0.834457
0.835085
0.835713
0.836340
0.836968
0.837596
0.838224
0.838852
0.839479
0.840107
0.840735
0.841363
0.841992
0.842620
0.843248
0.843876
0.844504
0.845132
0.845761
0.846389
0.847017
0.847646
0.848274
0.848902
0.849531
0.850159
0.850788
0.851416
0.852045
0.852673
0.853302
0.853930
0.854559
0.855187
0.855816
0.856445
0.857073
0.857702
0.858330
0.858959
0.859587
0.860216
0.860845
0.861473
0.862102
0.862730
0.863359
0.863987
0.864616
0.865244
0.865873
0.866501
0.867130
0.867758
0.868387
0.869015
0.869643
0.870272
0.870900
0.871528
0.872157
0.872785
0.873413
0.874041
0.874669
0.875297
0.875925
0.876553
0.877181
0.877809
0.878437
0.879065
0.879692
0.880320
0.880948
0.881575
0.882203
0.882830
0.883458
0.884085
0.884712
0.885340
0.885967
0.886594
0.887221
0.887848
0.888475
0.889101
0.889728
0.890355
0.890981
0.891608
0.892234
0.892861
0.893487
0.894113
0.894739
0.895365
0.895991
0.896617
0.897242
0.897868
0.898493
0.899119
0.899744
0.900369
0.900994
0.901619
0.902244
0.902869
0.903493
0.904118
0.904742
0.905367
0.905991
0.906615
0.907239
0.907862
0.908486
0.909110
0.909733
0.910356
0.910979
0.911602
0.912225
0.912225
0.912848
0.913471
0.914093
0.914715
0.915337
0.915960
0.916581
0.917203
0.917825
0.918446
0.919067
0.919688
0.920309
0.920930
0.921551
0.922171
0.922791
0.923411
0.924031
0.924651
0.925271
0.925890
0.926509
0.927128
0.927747
0.928366
0.928984
0.929603
0.930221
0.930839
0.931457
0.932074
0.932691
0.933309
0.933926
0.934542
0.935159
0.935775
0.936391
0.937007
0.937623
0.938238
0.938854
0.939469
0.940084
0.940698
0.941313
0.941927
0.942541
0.943155
0.943768
0.944381
0.944994
0.945607
0.946220
0.946832
0.947444
0.948056
0.948668
0.949279
0.949890
0.950501
0.951112
0.951722
0.952332
0.952942
0.953552
0.954161
0.954770
0.955379
0.955987
0.956596
0.957204
0.957811
0.958419
0.959026
0.959633
0.960240
0.960846
0.961452
0.962058
0.962663
0.963268
0.963873
0.964478
0.965082
0.965686
0.966290
0.966893
0.967496
0.968099
0.968702
0.969304
0.969906
0.970507
0.971109
0.971709
0.972310
0.972910
0.973510
0.974110
0.974709
0.975308
0.975907
0.976505
0.977103
0.977701
0.978298
0.978895
0.979492
0.980088
0.980684
0.981280
0.981875
0.982470
0.983064
0.983658
0.984252
0.984846
0.985439
0.986031
0.986624
0.987216
0.987807
0.988399
0.988989
0.989580
0.990170
0.990760
0.991349
0.991938
0.992527
0.993115
0.993703
0.994290
0.994877
0.995464
0.996050
0.996636
0.997221
0.997806
0.998391
0.998975
0.999559
1.000142
1.000725
1.001308
1.001890
1.002471
1.003053
1.003634
1.004214
1.004794
1.005374
1.005953
1.006531
1.007110
1.007688
1.008265
1.008842
1.009418
1.009994
1.010570
1.011145
1.011720
1.012294
1.012868
1.013441
1.014014
1.014587
1.015159
1.015730
1.016301
1.016872
1.017442
1.018012
1.018581
1.019150
1.019718
1.020286
1.020853
1.021420
1.021986
1.022552
1.023117
1.023682
1.024247
1.024811
1.025374
1.025937
1.026499
1.027061
1.027623
1.028184
1.028744
1.029304
1.029864
1.030422
1.030981
1.031539
1.032096
1.032653
1.033210
1.033766
1.034321
1.034876
1.035430
1.035984
1.036538
1.037090
1.037643
1.038195
1.038746
1.039297
1.039847
1.040397
1.040946
1.041495
1.042043
1.042591
1.043138
1.043684
1.044231
1.044776
1.045321
1.045866
1.046410
1.046954
1.047497
1.048039
1.048581
1.049123
1.049664
1.050204
1.050744
1.051283
1.051822
1.052361
1.052899
1.053436
1.053973
1.054509
1.055045
1.055581
1.056115
1.056650
1.057184
1.057717
1.058250
1.058782
1.059314
1.059846
1.060377
1.060907
1.061437
1.061967
1.062496
1.063024
1.063552
1.064080
1.064607
1.065134
1.065660
1.066186
1.066711
1.067236
1.067761
1.068285
1.068808
1.069331
1.069854
1.070377
1.070899
1.071420
1.071941
1.072462
1.072982
1.073502
1.074022
1.074541
1.075060
1.075579
1.076097
1.076614
1.077132
1.077649
1.078166
1.078682
1.079198
1.079714
1.080230
1.080745
1.081260
1.081775
1.082289
1.082803
1.083317
1.083831
1.084344
1.084858
1.085371
1.085883
1.086396
1.086908
1.087421
1.087933
1.088444
1.088956
1.089468
1.089979
1.090490
1.091001
1.091512
1.092023
1.092534
1.093045
1.093556
1.094066
1.094577
1.095087
1.095598
1.096108
1.096619
1.097129
1.097639
1.098150
1.098660
1.099171
1.099681
1.100192
1.100702
1.101213
1.101724
1.102235
1.102746
1.103257
1.103768
1.104279
1.104790
1.105302
1.105814
1.106325
1.106837
1.107350
1.107862
1.108374
1.108887
1.109400
1.109913
1.110426
1.110940
1.111454
1.111968
1.112482
1.112996
1.113511
1.114026
1.114541
1.115056
1.115572
1.116088
1.116604
1.117121
1.117638
1.118155
1.118672
1.119190
1.119708
1.120226
1.120745
1.121263
1.121783
1.122302
1.122822
1.123342
1.123862
1.124383
1.124904
1.125425
1.125946
1.126468
1.126990
1.127512
1.128035
1.128558
1.129081
1.129605
1.130128
1.130653
1.131177
1.131701
1.132226
1.132751
1.133277
1.133802
1.134328
1.134854
1.135380
1.135907
1.136433
1.136960
1.137487
1.138014
1.138542
1.139069
1.139597
1.140125
1.140653
1.141181
1.141710
1.142238
1.142767
1.143295
1.143824
1.144353
1.144882
1.145411
1.145940
1.146469
1.146998
1.147527
1.148056
1.148585
1.149114
1.149643
1.150172
1.150701
1.151230
1.151759
1.152287
1.152816
1.153344
1.153873
1.154401
1.154929
1.155457
1.155984
1.156512
1.157039
1.157566
1.158093
1.158619
1.159145
1.159671
1.160197
1.160722
1.161247
1.161772
1.162296
1.162820
1.163344
1.163867
1.164390
1.164912
1.165434
1.165955
1.166476
1.166996
1.167516
1.168035
1.168554
1.169072
1.169590
1.170107
1.170623
1.171139
1.171654
1.172169
1.172682
1.173195
1.173708
1.174219
1.174730
1.175240
1.175750
1.176258
1.176766
1.177273
1.177779
1.178284
1.178788
1.179292
1.179794
1.180295
1.180796
1.181296
1.181794
1.182292
1.182788
1.183284
1.183778
1.184271
1.184763
1.185254
1.185744
1.186233
1.186721
1.187207
1.187692
1.187692
1.188176
1.188659
1.189140
1.189620
1.190099
1.190576
1.191052
1.191527
1.192000
1.192472
1.192942
1.193411
1.193878
1.194344
1.194809
1.195271
1.195732
1.196192
1.196650
1.197106
1.197561
1.198014
1.198465
1.198914
1.199362
1.199808
1.200252
1.200694
1.201134
1.201572
1.202008
1.202443
1.202875
1.203305
1.203733
1.204159
1.204582
1.205003
1.205422
1.205839
1.206253
1.206665
1.207074
1.207481
1.207885
1.208286
1.208684
1.209080
1.209472
1.209862
1.210248
1.210631
1.211010
1.211386
1.211759
1.212127
1.212492
1.212852
1.213208
1.213559
1.213906
1.214247
1.214583
1.214913
1.215238
1.215555
1.215866
1.216169
1.216464
1.216750
1.217027
1.217293
1.217548
1.217789
1.218017
1.218228
1.218422
1.218595
1.218744
1.218867
1.218959
1.219015
1.219028
1.218992
1.218899
1.218738
1.218502
1.218182
1.217773
1.217277
1.216702
1.216062
1.215378
1.214669
1.213952
1.213245
1.212561
1.211912
1.211308
1.210754
1.210255
1.209812
1.209425
1.209096
1.208823
1.208606
1.208444
1.208337
1.208282
1.208279
1.208326
1.208422
1.208564
1.208752
1.208983
1.209257
1.209571
1.209922
1.210309
1.210729
1.211180
1.211657
1.212160
1.212684
1.213227
1.213787
1.214361
1.214948
1.215546
1.216152
1.216766
1.217388
1.218014
1.218646
1.219283
1.219923
1.220566
1.221212
1.221860
1.222511
1.223164
1.223818
1.224473
1.225130
1.225787
1.226446
1.227105
1.227764
1.228423
1.229083
1.229742
1.230401
1.231060
1.231718
1.232376
1.233033
1.233689
1.234344
1.234998
1.235651
1.236303
1.236953
1.237602
1.238250
1.238896
1.239541
1.240185
1.240827
1.241467
1.242106
1.242743
1.243379
1.244013
1.244646
1.245277
1.245907
1.246536
1.247163
1.247788
1.248413
1.249036
1.249657
1.250278
1.250897
1.251515
1.252132
1.252748
1.253363
1.253977
1.254589
1.255201
1.255812
1.256421
1.257030
1.257638
1.258245
1.258851
1.259457
1.260061
1.260665
1.261268
1.261870
1.262471
1.263072
1.263671
1.264270
1.264868
1.265466
1.266062
1.266658
1.267253
1.267847
1.268441
1.269033
1.269625
1.270217
1.270807
1.271397
1.271985
1.272573
1.273161
1.273747
1.274332
1.274917
1.275501
1.276084
1.276666
1.277248
1.277828
1.278407
1.278986
1.279564
1.280141
1.280717
1.281291
1.281866
1.282439
1.283011
1.283582
1.284152
1.284721
1.285289
1.285856
1.286422
1.286988
1.287552
1.288115
1.288676
1.289237
1.289797
1.290356
1.290913
1.291470
1.292025
1.292580
1.293133
1.293685
1.294236
1.294786
1.295334
1.295882
1.296428
1.296973
1.297517
1.298060
1.298601
1.299142
1.299681
1.300219
1.300756
1.301292
1.301826
1.302360
1.302892
1.303423
1.303952
1.304481
1.305008
1.305534
1.306059
1.306583
1.307105
1.307626
1.308146
1.308665
1.309183
1.309699
1.310215
1.310729
1.311242
1.311754
1.312264
1.312774
1.313282
1.313789
1.314295
1.314799
1.315303
1.315805
1.316307
1.316807
1.317306
1.317804
1.318301
1.318796
1.319291
1.319784
1.320277
1.320768
1.321258
1.321747
1.322235
1.322722
1.323208
1.323693
1.324177
1.324659
1.325141
1.325622
1.326101
1.326580
1.327058
1.327534
1.328010
1.328484
1.328958
1.329431
1.329902
1.330373
1.330843
1.331312
1.331780
1.332247
1.332713
1.333178
1.333642
1.334105
1.334567
1.335029
1.335489
1.335949
1.336407
1.336865
1.337322
1.337778
1.338233
1.338688
1.339141
1.339594
1.340045
1.340496
1.340946
1.341395
1.341844
1.342291
1.342738
1.343184
1.343629
1.344073
1.344517
1.344959
1.345401
1.345842
1.346282
1.346722
1.347160
1.347598
1.348035
1.348472
1.348907
1.349342
1.349776
1.350209
1.350641
1.351073
1.351504
1.351934
1.352363
1.352792
1.353219
1.353647
1.354073
1.354498
1.354923
1.355347
1.355771
1.356193
1.356615
1.357036
1.357456
1.357876
1.358295
1.358713
1.359131
1.359547
1.359963
1.360378
1.360793
1.361207
1.361620
1.362032
1.362444
1.362855
1.363265
1.363674
1.364083
1.364491
1.364898
1.365305
1.365710
1.366115
1.366520
1.366924
1.367326
1.367729
1.368130
1.368531
1.368931
1.369330
1.369729
1.370127
1.370524
1.370921
1.371317
1.371712
1.372106
1.372500
1.372893
1.373285
1.373676
1.374067
1.374457
1.374847
1.375235
1.375623
1.376011
1.376397
1.376783
1.377168
1.377552
1.377936
1.378319
1.378701
1.379083
1.379464
1.379844
1.380223
1.380602
1.380980
1.381357
1.381734
1.382110
1.382485
1.382859
1.383233
1.383606
1.383978
1.384350
1.384721
1.385091
1.385461
1.385829
1.386197
1.386565
1.386931
1.387297
1.387662
1.388027
1.388391
1.388754
1.389116
1.389478
1.389839
1.390199
1.390558
1.390917
1.391275
1.391633
1.391989
1.392345
1.392701
1.393055
1.393409
1.393762
1.394115
1.394466
1.394817
1.395168
1.395517
1.395866
1.396215
1.396562
1.396909
1.397255
1.397600
1.397945
1.398289
1.398632
1.398975
1.398975
1.399317
1.399658
1.399999
1.400339
1.400678
1.401016
1.401354
1.401691
1.402027
1.402363
1.402698
1.403032
1.403366
1.403699
1.404031
1.404363
1.404694
1.405024
1.405353
1.405682
1.406010
1.406338
1.406664
1.406991
1.407316
1.407641
1.407965
1.408288
1.408611
1.408933
1.409254
1.409575
1.409895
1.410215
1.410533
1.410851
1.411169
1.411486
1.411802
1.412117
1.412432
1.412746
1.413060
1.413372
1.413685
1.413996
1.414307
1.414617
1.414927
1.415236
1.415544
1.415852
1.416159
1.416466
1.416771
1.417076
1.417381
1.417685
1.417988
1.418291
1.418593
1.418894
1.419195
1.419495
1.419795
1.420094
1.420392
1.420690
1.420987
1.421284
1.421580
1.421875
1.422170
1.422464
1.422757
1.423050
1.423343
1.423634
1.423926
1.424216
1.424506
1.424796
1.425084
1.425373
1.425660
1.425948
1.426234
1.426520
1.426805
1.427090
1.427375
1.427658
1.427942
1.428224
1.428506
1.428788
1.429069
1.429349
1.429629
1.429908
1.430187
1.430465
1.430743
1.431020
1.431297
1.431573
1.431848
1.432124
1.432398
1.432672
1.432946
1.433219
1.433491
1.433763
1.434034
1.434305
1.434576
1.434846
1.435115
1.435384
1.435652
1.435920
1.436188
1.436455
1.436721
1.436987
1.437252
1.437517
1.437782
1.438046
1.438309
1.438572
1.438835
1.439097
1.439359
1.439620
1.439881
1.440141
1.440401
1.440660
1.440919
1.441178
1.441436
1.441693
1.441950
1.442207
1.442463
1.442719
1.442974
1.443229
1.443483
1.443738
1.443991
1.444244
1.444497
1.444749
1.445001
1.445253
1.445504
1.445754
1.446005
1.446254
1.446504
1.446753
1.447001
1.447250
1.447497
1.447745
1.447992
1.448238
1.448484
1.448730
1.448976
1.449221
1.449465
1.449710
1.449953
1.450197
1.450440
1.450683
1.450925
1.451167
1.451409
1.451650
1.451891
1.452131
1.452371
1.452611
1.452850
1.453089
1.453328
1.453566
1.453804
1.454042
1.454279
1.454516
1.454753
1.454989
1.455225
1.455460
1.455695
1.455930
1.456165
1.456399
1.456633
1.456866
1.457099
1.457332
1.457565
1.457797
1.458029
1.458260
1.458491
1.458722
1.458953
1.459183
1.459413
1.459643
1.459872
1.460101
1.460330
1.460558
1.460786
1.461014
1.461241
1.461468
1.461695
1.461922
1.462148
1.462374
1.462600
1.462825
1.463050
1.463275
1.463499
1.463723
1.463947
1.464171
1.464394
1.464617
1.464840
1.465062
1.465284
1.465506
1.465728
1.465949
1.466170
1.466391
1.466612
1.466832
1.467052
1.467272
1.467491
1.467710
1.467929
1.468148
1.468366
1.468584
1.468802
1.469020
1.469237
1.469454
1.469671
1.469887
1.470104
1.470320
1.470536
1.470751
1.470966
1.471181
1.471396
1.471611
1.471825
1.472039
1.472253
1.472466
1.472680
1.472893
1.473106
1.473318
1.473531
1.473743
1.473955
1.474166
1.474378
1.474589
1.474800
1.475011
1.475221
1.475431
1.475641
1.475851
1.476061
1.476270
1.476479
1.476688
1.476897
1.477105
1.477314
1.477522
1.477730
1.477937
1.478144
1.478352
1.478559
1.478765
1.478972
1.479178
1.479384
1.479590
1.479796
1.480001
1.480207
1.480412
1.480616
1.480821
1.481025
1.481230
1.481434
1.481638
1.481841
1.482045
1.482248
1.482451
1.482654
1.482856
1.483059
1.483261
1.483463
1.483665
1.483867
1.484068
1.484269
1.484470
1.484671
1.484872
1.485072
1.485273
1.485473
1.485673
1.485873
1.486072
1.486272
1.486471
1.486670
1.486869
1.487068
1.487266
1.487464
1.487663
1.487860
1.488058
1.488256
1.488453
1.488651
1.488848
1.489045
1.489241
1.489438
1.489634
1.489831
1.490027
1.490223
1.490418
1.490614
1.490809
1.491005
1.491200
1.491395
1.491589
1.491784
1.491979
1.492173
1.492367
1.492561
1.492755
1.492948
1.493142
1.493335
1.493528
1.493721
1.493914
1.494107
1.494300
1.494492
1.494684
1.494877
1.495069
1.495260
1.495452
1.495644
1.495835
1.496026
1.496217
1.496408
1.496599
1.496790
1.496980
1.497171
1.497361
1.497551
1.497741
1.497931
1.498121
1.498310
1.498500
1.498689
1.498878
1.499067
1.499256
1.499445
1.499634
1.499822
1.500011
1.500199
1.500387
1.500575
1.500763
1.500951
1.501139
1.501326
1.501514
1.501701
1.501888
1.502075
1.502262
1.502449
1.502636
1.502822
1.503009
1.503195
1.503382
1.503568
1.503754
1.503940
1.504126
1.504311
1.504497
1.504682
1.504868
1.505053
1.505238
1.505423
1.505608
1.505793
1.505978
1.506163
1.506347
1.506532
1.506716
1.506901
1.507085
1.507269
1.507453
1.507637
1.507821
1.508005
1.508188
1.508372
1.508555
1.508739
1.508922
1.509105
1.509288
1.509471
1.509654
1.509837
1.510020
1.510203
1.510385
1.510568
1.510750
1.510933
1.511115
1.511298
1.511480
1.511662
1.511844
1.512026
1.512208
1.512390
1.512572
1.512753
1.512935
1.513117
1.513298
1.513480
1.513661
1.513842
1.514024
1.514205
1.514386
1.514567
1.514748
1.514929
1.515110
1.515291
1.515472
1.515653
1.515653
1.515834
1.516014
1.516195
1.516376
1.516556
1.516737
1.516917
1.517098
1.517278
1.517459
1.517639
1.517819
1.517999
1.518180
1.518360
1.518540
1.518720
1.518900
1.519080
1.519261
1.519441
1.519621
1.519801
1.519981
1.520161
1.520340
1.520520
1.520700
1.520880
1.521060
1.521240
1.521420
1.521599
1.521779
1.521959
1.522139
1.522319
1.522498
1.522678
1.522858
1.523038
1.523217
1.523397
1.523577
1.523757
1.523937
1.524116
1.524296
1.524476
1.524656
1.524835
1.525015
1.525195
1.525375
1.525555
1.525735
1.525915
1.526095
1.526274
1.526454
1.526634
1.526814
1.526994
1.527174
1.527355
1.527535
1.527715
1.527895
1.528075
1.528255
1.528436
1.528616
1.528796
1.528977
1.529157
1.529338
1.529518
1.529699
1.529879
1.530060
1.530241
1.530421
1.530602
1.530783
1.530964
1.531145
1.531326
1.531507
1.531688
1.531869
1.532051
1.532232
1.532413
1.532595
1.532776
1.532958
1.533139
1.533321
1.533503
1.533685
1.533867
1.534049
1.534231
1.534413
1.534595
1.534778
1.534960
1.535143
1.535325
1.535508
1.535691
1.535873
1.536056
1.536239
1.536422
1.536606
1.536789
1.536972
1.537156
1.537339
1.537523
1.537707
1.537891
1.538075
1.538259
1.538443
1.538627
1.538812
1.538996
1.539181
1.539366
1.539551
1.539736
1.539921
1.540106
1.540291
1.540477
1.540662
1.540848
1.541034
1.541220
1.541406
1.541592
1.541778
1.541964
1.542151
1.542337
1.542524
1.542711
1.542898
1.543085
1.543273
1.543460
1.543647
1.543835
1.544023
1.544211
1.544399
1.544587
1.544775
1.544964
1.545152
1.545341
1.545530
1.545719
1.545908
1.546097
1.546287
1.546476
1.546666
1.546856
1.547046
1.547236
1.547426
1.547616
1.547807
1.547997
1.548188
1.548379
1.548570
1.548761
1.548952
1.549144
1.549335
1.549527
1.549719
1.549911
1.550103
1.550295
1.550487
1.550680
1.550872
1.551065
1.551258
1.551451
1.551644
1.551837
1.552031
1.552224
1.552418
1.552612
1.552805
1.552999
1.553194
1.553388
1.553582
1.553777
1.553971
1.554166
1.554361
1.554556
1.554751
1.554946
1.555141
1.555336
1.555532
1.555728
1.555923
1.556119
1.556315
1.556511
1.556707
1.556903
1.557100
1.557296
1.557493
1.557689
1.557886
1.558083
1.558280
1.558477
1.558674
1.558871
1.559069
1.559266
1.559463
1.559661
1.559859
1.560056
1.560254
1.560452
1.560650
1.560848
1.561047
1.561245
1.561443
1.561642
1.561840
1.562039
1.562238
1.562437
1.562636
1.562835
1.563034
1.563233
1.563432
1.563632
1.563831
1.564031
1.564231
1.564431
1.564630
1.564830
1.565031
1.565231
1.565431
1.565632
1.565832
1.566033
1.566234
1.566434
1.566635
1.566837
1.567038
1.567239
1.567441
1.567642
1.567844
1.568046
1.568248
1.568450
1.568652
1.568855
1.569057
1.569260
1.569463
1.569666
1.569869
1.570073
1.570276
1.570480
1.570684
1.570888
1.571093
1.571297
1.571502
1.571707
1.571912
1.572117
1.572322
1.572528
1.572734
1.572940
1.573146
1.573353
1.573560
1.573767
1.573974
1.574181
1.574389
1.574597
1.574805
1.575014
1.575223
1.575432
1.575641
1.575850
1.576060
1.576270
1.576481
1.576692
1.576903
1.577114
1.577326
1.577537
1.577750
1.577962
1.578175
1.578388
1.578602
1.578816
1.579030
1.579244
1.579459
1.579674
1.579890
1.580106
1.580322
1.580539
1.580755
1.580973
1.581191
1.581409
1.581627
1.581846
1.582065
1.582285
1.582505
1.582725
1.582946
1.583167
1.583389
1.583611
1.583833
1.584056
1.584279
1.584503
1.584727
1.584951
1.585176
1.585402
1.585628
1.585854
1.586080
1.586308
1.586535
1.586763
1.586991
1.587220
1.587450
1.587679
1.587910
1.588140
1.588371
1.588603
1.588835
1.589068
1.589301
1.589534
1.589768
1.590002
1.590237
1.590473
1.590708
1.590945
1.591181
1.591419
1.591656
1.591894
1.592133
1.592372
1.592612
1.592852
1.593092
1.593333
1.593575
1.593817
1.594059
1.594302
1.594545
1.594789
1.595034
1.595278
1.595524
1.595769
1.596016
1.596262
1.596509
1.596757
1.597005
1.597254
1.597503
1.597752
1.598002
1.598252
1.598503
1.598754
1.599006
1.599258
1.599511
1.599764
1.600018
1.600272
1.600526
1.600781
1.601036
1.601292
1.601548
1.601804
1.602061
1.602318
1.602576
1.602834
1.603093
1.603352
1.603611
1.603871
1.604131
1.604392
1.604652
1.604914
1.605175
1.605437
1.605699
1.605962
1.606225
1.606489
1.606752
1.607016
1.607281
1.607545
1.607810
1.608076
1.608341
1.608607
1.608873
1.609140
1.609406
1.609673
1.609941
1.610208
1.610476
1.610744
1.611012
1.611281
1.611550
1.611819
1.612088
1.612357
1.612627
1.612897
1.613167
1.613437
1.613707
1.613978
1.614249
1.614519
1.614790
1.615062
1.615333
1.615604
1.615876
1.616147
1.616419
1.616691
1.616963
1.617235
1.617507
1.617779
1.618051
1.618324
1.618596
1.618868
1.619140
1.619413
1.619685
1.619958
1.620230
1.620502
1.620502
1.620775
1.621047
1.621319
1.621592
1.621864
1.622136
1.622408
1.622680
1.622952
1.623224
1.623496
1.623768
1.624039
1.624311
1.624582
1.624853
1.625124
1.625395
1.625666
1.625937
1.626207
1.626477
1.626748
1.627018
1.627287
1.627557
1.627826
1.628095
1.628364
1.628633
1.628901
1.629169
1.629437
1.629705
1.629972
1.630240
1.630506
1.630773
1.631039
1.631305
1.631571
1.631836
1.632102
1.632366
1.632631
1.632895
1.633159
1.633422
1.633685
1.633948
1.634210
1.634472
1.634734
1.634995
1.635256
1.635516
1.635777
1.636036
1.636296
1.636554
1.636813
1.637071
1.637329
1.637585
1.637844
1.638096
1.638359
1.638603
1.638878
1.639098
1.639410
1.639565
1.639987
1.639950
1.640700
1.640084
1.641830
1.639460
1.644054
1.637254
1.647553
1.638060
1.646328
1.637349
1.646952
1.638293
1.644444
1.636739
1.645844
1.637901
1.644908
1.637449
1.645797
1.638124
1.645348
1.638045
1.646200
1.638885
1.646409
1.639145
1.646878
1.639535
1.646962
1.639698
1.647261
1.640006
1.647401
1.640186
1.647583
1.640383
1.647692
1.640527
1.647819
1.640680
1.647923
1.640820
1.648045
1.640975
1.648171
1.641132
1.648308
1.641294
1.648450
1.641460
1.648601
1.641632
1.648761
1.641810
1.648928
1.641993
1.649102
1.642180
1.649283
1.642373
1.649472
1.642570
1.649668
1.642772
1.649871
1.642978
1.650080
1.643188
1.650295
1.643401
1.650516
1.643618
1.650741
1.643838
1.650972
1.644060
1.651206
1.644286
1.651445
1.644514
1.651688
1.644746
1.651935
1.644980
1.652185
1.645216
1.652439
1.645456
1.652696
1.645697
1.652956
1.645941
1.653217
1.646186
1.653481
1.646433
1.653746
1.646680
1.654011
1.646927
1.654277
1.647174
1.654542
1.647421
1.654807
1.647665
1.655069
1.647908
1.655330
1.648149
1.655587
1.648386
1.655842
1.648620
1.656092
1.648850
1.656339
1.649076
1.656581
1.649298
1.656819
1.649514
1.657051
1.649726
1.657278
1.649932
1.657500
1.650134
1.657716
1.650330
1.657927
1.650520
1.658133
1.650706
1.658333
1.650886
1.658528
1.651061
1.658717
1.651232
1.658902
1.651398
1.659082
1.651559
1.659258
1.651717
1.659430
1.651871
1.659597
1.652021
1.659761
1.652169
1.659922
1.652313
1.660080
1.652455
1.660236
1.652595
1.660389
1.652733
1.660540
1.652869
1.660689
1.653005
1.660838
1.653139
1.660985
1.653273
1.661131
1.653406
1.661277
1.653539
1.661422
1.653672
1.661567
1.653805
1.661712
1.653938
1.661858
1.654073
1.662004
1.654207
1.662150
1.654343
1.662297
1.654479
1.662445
1.654617
1.662593
1.654755
1.662743
1.654895
1.662893
1.655036
1.663044
1.655178
1.663197
1.655321
1.663350
1.655465
1.663505
1.655610
1.663660
1.655756
1.663816
1.655904
1.663974
1.656053
1.664132
1.656202
1.664292
1.656353
1.664452
1.656505
1.664613
1.656657
1.664775
1.656811
1.664938
1.656965
1.665101
1.657120
1.665265
1.657275
1.665430
1.657432
1.665596
1.657589
1.665761
1.657746
1.665928
1.657904
1.666095
1.658062
1.666263
1.658222
1.666429
1.658379
1.666599
1.658542
1.666764
1.658696
1.666938
1.658865
1.667096
1.659008
1.667283
1.659199
1.667419
1.659304
1.667647
1.659565
1.667707
1.659541
1.668071
1.660050
1.667863
1.659587
1.668688
1.660995
1.667461
1.659267
1.669672
1.663125
1.665178
1.661175
1.668715
1.659602
1.671143
1.665964
1.662040
1.668885
1.661273
1.671524
1.664519
1.664357
1.664451
1.667509
1.664163
1.670018
1.659035
1.675410
1.671195
1.658839
1.676627
1.672183
1.659936
1.668869
1.665449
1.663019
1.665840
1.662341
1.668309
1.660498
1.671112
1.665338
1.667548
1.664680
1.671867
1.662512
1.675466
1.671325
1.663104
1.675542
1.671276
1.665232
1.670171
1.662311
1.673052
1.666948
1.669626
1.665056
1.673074
1.663063
1.674167
1.669206
1.665651
1.672862
1.665001
1.675856
1.669779
1.665278
1.672434
1.665077
1.676747
1.671049
1.664538
1.673480
1.665985
1.675878
1.668043
1.671545
1.664753
1.676059
1.669402
1.671648
1.666127
1.675959
1.666609
1.676643
1.669228
1.673583
1.666387
1.677857
1.671613
1.669328
1.671836
1.668906
1.676822
1.664741
1.681843
1.676415
1.662699
1.682326
1.677580
1.665050
1.673210
1.669973
1.667781
1.670261
1.667193
1.673250
1.665227
1.676677
1.672282
1.668996
1.675547
1.668065
1.680275
1.675500
1.668187
1.679308
1.673445
1.676199
1.668016
1.677888
1.670586
1.675638
1.667787
1.680665
1.676151
1.667181
1.678233
1.673877
1.672022
1.673546
1.670383
1.677270
1.666383
1.683902
1.678856
1.664834
1.684241
1.679588
1.667103
1.675523
1.672644
1.670075
1.672943
1.669073
1.675916
1.667268
1.678644
1.674668
1.670086
1.678305
1.670081
1.681733
1.677023
1.670396
1.680440
1.673407
1.680085
1.669495
1.679833
1.674825
1.672519
1.676841
1.670984
1.681034
1.672466
1.678230
1.668684
1.684835
1.680689
1.680689
1.666769
1.683499
1.680411
1.668744
1.678438
1.675812
1.670555
1.675598
1.669274
1.678399
1.671124
1.678573
1.670074
1.681511
1.677051
1.673202
1.679320
1.671666
1.684441
1.680350
1.670537
1.683633
1.681106
1.671373
1.681195
1.677091
1.672829
1.678490
1.671292
1.682837
1.678065
1.672182
1.680642
1.672121
1.683835
1.679328
1.671261
1.682594
1.678069
1.678377
1.674828
1.680182
1.670728
1.686681
1.682979
1.668582
1.689844
1.683647
1.670227
1.680481
1.678820
1.672180
1.678252
1.672095
1.679493
1.671557
1.680933
1.674206
1.679682
1.671530
1.684430
1.681330
1.672567
1.684873
1.682008
1.674991
1.682836
1.674451
1.683070
1.674469
1.682883
1.673932
1.684087
1.677516
1.678802
1.674222
1.683335
1.672366
1.687787
1.683578
1.669702
1.688832
1.684340
1.671385
1.680661
1.678624
1.673210
1.678990
1.672473
1.681414
1.673971
1.681016
1.672115
1.684326
1.681154
1.673325
1.684447
1.680045
1.679994
1.677625
1.681817
1.674427
1.687015
1.682943
1.673645
1.687175
1.684611
1.673140
1.686183
1.683885
1.672026
1.685714
1.683817
1.672417
1.682283
1.679884
1.672688
1.680715
1.674420
1.682337
1.673701
1.684483
1.679818
1.678050
1.680726
1.677025
1.686108
1.673499
1.692726
1.686261
1.671376
1.693012
1.686874
1.673129
1.680932
1.678632
1.675273
1.678909
1.673542
1.682088
1.673413
1.683037
1.676476
1.681835
1.673537
1.687543
1.684758
1.672184
1.689978
1.686747
1.673698
1.685186
1.683110
1.673018
1.681026
1.677064
1.677774
1.675770
1.680191
1.673673
1.685037
1.679863
1.679023
1.680690
1.680288
1.684566
1.674894
1.692223
1.687452
1.670140
1.700571
1.688882
1.673992
1.679245
1.676676
1.677606
1.673193
1.676789
1.671007
1.682160
1.676159
1.680626
1.671474
1.685554
1.683468
1.670218
1.691136
1.686668
1.673436
1.685335
1.683378
1.672937
1.679805
1.675286
1.677647
1.673583
1.681527
1.672095
1.685352
1.683002
1.670781
1.688234
1.685774
1.672926
1.684245
1.682958
1.673858
1.681971
1.677448
1.678347
1.674554
1.681034
1.671902
1.686726
1.684303
1.670584
1.690364
1.686185
1.673083
1.683583
1.682275
1.674201
1.681112
1.675242
1.680697
1.672485
1.683048
1.678932
1.675867
1.680797
1.674423
1.686982
1.683441
1.674162
1.687146
1.685233
1.675465
1.685926
1.682618
1.674413
1.684211
1.678305
1.683097
1.673075
1.686728
1.684157
1.670221
1.689182
1.685545
1.672278
1.683964
1.683109
1.673384
1.681236
1.677281
1.678077
1.675510
1.680970
1.673024
1.686384
1.684382
1.671388
1.691713
1.687251
1.673057
1.686947
1.685569
1.674320
1.682082
1.678836
1.676320
1.677975
1.674236
1.682114
1.671294
1.688780
1.684870
1.670123
1.690966
1.686550
1.673300
1.682498
1.681069
1.674519
1.680558
1.673635
1.681822
1.673759
1.681732
1.673080
1.683684
1.678652
1.679511
1.676690
1.684209
1.672403
1.693712
1.684726
1.668130
1.692144
1.686267
1.672320
1.679631
1.677550
1.673030
1.677598
1.671602
1.680910
1.673588
1.679838
1.669899
1.684407
1.682800
1.669444
1.687591
1.684952
1.672172
1.683051
1.681797
1.672264
1.679608
1.674792
1.677224
1.671843
1.681136
1.672179
1.683314
1.680093
1.673302
1.683657
1.676685
1.684280
1.672778
1.686004
1.683644
1.670905
1.687393
1.684368
1.670526
1.681940
1.681302
1.671372
1.680198
1.677387
1.674234
1.677380
1.671946
1.682370
1.674541
1.682980
1.672624
1.687180
1.684696
1.670543
1.688956
1.685218
1.671688
1.683604
1.682702
1.672192
1.679659
1.675825
1.674913
1.674573
1.675805
1.675687
1.678493
1.674092
1.685359
1.673137
1.692492
1.685272
1.668676
1.694160
1.686204
1.670591
1.681515
1.680909
1.671449
1.677096
1.671311
1.675584
1.668198
1.678798
1.674557
1.674761
1.673459
1.679328
1.671418
1.686683
1.683770
1.666741
1.694818
1.685524
1.669110
1.680551
1.680240
1.670804
1.675132
1.669083
1.675294
1.667945
1.678202
1.673889
1.671779
1.673748
1.671629
1.680584
1.666800
1.693980
1.682467
1.664009
1.688768
1.683568
1.669740
1.673545
1.669520
1.670542
1.669212
1.673078
1.667535
1.676362
1.666937
1.677301
1.672958
1.673573
1.673210
1.677605
1.671057
1.682654
1.677591
1.672665
1.680400
1.667032
1.692639
1.679579
1.658798
1.686539
1.681568
1.668291
1.672956
1.669292
1.667402
1.667330
1.667179
1.669990
1.667027
1.675245
1.662477
1.686430
1.677477
1.661410
1.686466
1.681699
1.667940
1.675173
1.672948
1.667094
1.671823
1.664900
1.673855
1.667142
1.671762
1.662881
1.676920
1.676096
1.663110
1.680554
1.678222
1.665162
1.676850
1.675981
1.665181
1.672986
1.670037
1.667483
1.669671
1.665616
1.674528
1.663823
1.679168
1.676522
1.662314
1.681833
1.678242
1.664887
1.674931
1.674413
1.665703
1.672884
1.667597
1.671134
1.663445
1.673686
1.669125
1.670008
1.666677
1.675614
1.663339
1.663339
1.685892
1.676136
1.660148
1.682302
1.678795
1.665220
1.671982
1.669723
1.664127
1.669906
1.663110
1.672750
1.667389
1.667617
1.663932
1.672791
1.661287
1.682970
1.674827
1.659611
1.680733
1.677765
1.664256
1.671467
1.669502
1.662890
1.669592
1.662805
1.671795
1.664847
1.669587
1.660156
1.674334
1.673628
1.660062
1.677748
1.675374
1.662413
1.673490
1.672966
1.662502
1.670167
1.667058
1.665259
1.666179
1.664141
1.670291
1.660144
1.678085
1.674041
1.658275
1.681443
1.675858
1.661967
1.671878
1.671499
1.662481
1.669129
1.663683
1.667798
1.659661
1.669926
1.666652
1.663010
1.668464
1.661174
1.675589
1.673739
1.658015
1.679767
1.673981
1.660413
1.671851
1.671478
1.660651
1.667608
1.664174
1.663744
1.662726
1.664902
1.661762
1.669462
1.655952
1.681936
1.672000
1.654185
1.679756
1.674854
1.660815
1.666667
1.664289
1.660562
1.663556
1.658218
1.666550
1.657672
1.666835
1.661736
1.664213
1.659539
1.670643
1.661347
1.672203
1.669000
1.660361
1.671178
1.667819
1.663003
1.666198
1.657501
1.672275
1.670534
1.654566
1.676686
1.669998
1.655889
1.667731
1.668177
1.657747
1.664945
1.661934
1.660572
1.661112
1.660035
1.664325
1.657212
1.669627
1.668572
1.657785
1.674198
1.672785
1.657467
1.675087
1.670849
1.657345
1.668170
1.668042
1.657524
1.664481
1.660931
1.659391
1.659895
1.659541
1.663759
1.657720
1.669263
1.665168
1.663410
1.665572
1.662628
1.672260
1.654480
1.687715
1.681917
1.661936
1.663066
1.664911
1.663337
1.655863
1.653867
1.650978
1.661959
1.654243
1.670143
1.664540
1.647361
1.665795
1.664932
1.654360
1.665664
1.665632
1.656168
1.662759
1.657370
1.660088
1.652676
1.662827
1.657763
1.661648
1.653592
1.667144
1.666399
1.653016
1.670313
1.667225
1.653685
1.666384
1.665754
1.653709
1.662035
1.660968
1.653620
1.660956
1.654171
1.662416
1.653745
1.663094
1.657165
1.662503
1.652885
1.667888
1.666065
1.650954
1.669892
1.666255
1.653665
1.663310
1.662853
1.653450
1.660596
1.655866
1.659339
1.652181
1.662554
1.658071
1.658713
1.654304
1.664293
1.651360
1.675062
1.664393
1.649026
1.668428
1.667180
1.654046
1.660053
1.657568
1.651887
1.658381
1.650930
1.661198
1.658522
1.650192
1.659563
1.654118
1.662427
1.650793
1.666291
1.663536
1.649514
1.666117
1.664079
1.651011
1.659986
1.659657
1.650579
1.658636
1.655024
1.655969
1.651418
1.659320
1.647921
1.667268
1.661344
1.648038
1.664577
1.664680
1.651928
1.660256
1.659293
1.650162
1.658706
1.655405
1.655010
1.651385
1.656509
1.647706
1.663228
1.661713
1.646201
1.668923
1.662838
1.649727
1.659492
1.659474
1.650504
1.657107
1.651192
1.656347
1.646897
1.658811
1.658156
1.645763
1.660014
1.660209
1.648013
1.659888
1.659880
1.648600
1.657551
1.656894
1.648724
1.656254
1.650210
1.656749
1.646323
1.660041
1.659183
1.645921
1.661448
1.660399
1.647994
1.657811
1.657796
1.648118
1.656172
1.653444
1.651014
1.652211
1.648495
1.657287
1.644047
1.667533
1.658056
1.644774
1.660840
1.661864
1.649272
1.655660
1.653543
1.646818
1.654738
1.647544
1.656223
1.649438
1.651985
1.643994
1.656801
1.656701
1.646155
1.658896
1.658873
1.645838
1.659674
1.657948
1.644768
1.655993
1.656224
1.645218
1.653779
1.652977
1.645352
1.653156
1.646692
1.655070
1.645610
1.656102
1.654326
1.646753
1.656303
1.650302
1.657451
1.644103
1.662862
1.656908
1.644369
1.657414
1.658010
1.645903
1.654090
1.653174
1.644152
1.653405
1.651158
1.648632
1.649773
1.645283
1.655244
1.642074
1.665276
1.655595
1.643501
1.657255
1.658521
1.646653
1.653446
1.651191
1.644202
1.652971
1.645739
1.654357
1.646393
1.651313
1.639485
1.659548
1.654648
1.642167
1.655734
1.656496
1.644307
1.652980
1.652139
1.641841
1.651341
1.650869
1.643472
1.651184
1.643537
1.652660
1.644835
1.653360
1.642885
1.656688
1.654858
1.640900
1.656877
1.654908
1.642393
1.652682
1.652777
1.642173
1.650484
1.649182
1.642514
1.649989
1.641461
1.652530
1.651184
1.641007
1.652540
1.653188
1.642489
1.653451
1.653136
1.641290
1.653263
1.653135
1.640972
1.651771
1.651669
1.640291
1.650143
1.650404
1.640832
1.649840
1.648629
1.642594
1.649902
1.640198
1.654381
1.652467
1.638441
1.655072
1.653350
1.641332
1.650653
1.650550
1.641170
1.649205
1.645916
1.645225
1.642891
1.646857
1.640305
1.651960
1.650295
1.641530
1.653205
1.652404
1.643948
1.652964
1.646240
1.652013
1.636871
1.662163
1.652396
1.632824
1.655283
1.651621
1.639274
1.644794
1.641896
1.641295
1.640175
1.642217
1.639494
1.647422
1.632871
1.661559
1.654186
1.638180
1.649812
1.651704
1.645567
1.645081
1.635078
1.645053
1.642411
1.644097
1.638341
1.646789
1.632621
1.654647
1.645771
1.636817
1.648910
1.647361
1.646480
1.638391
1.638391
1.644974
1.631273
1.657044
1.647969
1.630394
1.650521
1.647981
1.636339
1.641525
1.637454
1.640639
1.635035
1.644355
1.635798
1.644431
1.638491
1.641779
1.634175
1.647496
1.647483
1.634508
1.651496
1.648031
1.636171
1.645889
1.645457
1.634958
1.643064
1.641320
1.635710
1.642966
1.632203
1.649151
1.644271
1.631782
1.644507
1.646241
1.635144
1.644260
1.643723
1.633328
1.643053
1.643108
1.634444
1.642495
1.638036
1.640447
1.633308
1.644490
1.640800
1.641550
1.636168
1.646882
1.632376
1.657792
1.647520
1.626224
1.652967
1.649355
1.634052
1.638411
1.636245
1.632768
1.634859
1.629654
1.638475
1.629293
1.640413
1.640139
1.629279
1.643068
1.643935
1.631882
1.644181
1.643749
1.632024
1.641342
1.640942
1.630567
1.638334
1.636474
1.631760
1.637775
1.628039
1.644494
1.641110
1.628403
1.641892
1.642735
1.631119
1.640127
1.639763
1.629652
1.638685
1.638102
1.631008
1.638257
1.629445
1.639500
1.637561
1.630385
1.639828
1.632698
1.642195
1.634997
1.639430
1.627112
1.647913
1.640289
1.630392
1.639362
1.633631
1.641912
1.630178
1.639240
1.637372
1.629738
1.639423
1.634181
1.639215
1.624525
1.647310
1.638685
1.628901
1.639205
1.635945
1.640028
1.626398
1.640627
1.638419
1.626696
1.640924
1.640889
1.628342
1.637424
1.637505
1.627138
1.637617
1.638408
1.628652
1.637345
1.636400
1.628502
1.637082
1.630434
1.639659
1.629185
1.640978
1.639669
1.627882
1.640924
1.640491
1.627874
1.639710
1.639272
1.627541
1.637719
1.637870
1.627025
1.636032
1.635972
1.626964
1.635859
1.633963
1.630776
1.634706
1.626549
1.640838
1.639453
1.624446
1.645154
1.638907
1.629943
1.636747
1.628521
1.638379
1.635425
1.626635
1.635329
1.628475
1.637607
1.627460
1.636424
1.630746
1.634913
1.625199
1.641577
1.638152
1.624582
1.639213
1.638069
1.626492
1.635921
1.635607
1.624811
1.634459
1.634623
1.624904
1.634311
1.633923
1.625271
1.634288
1.630857
1.632538
1.626440
1.637485
1.627057
1.641137
1.637202
1.625399
1.638624
1.638586
1.625693
1.637730
1.636362
1.624341
1.635492
1.635600
1.623902
1.633525
1.633689
1.622970
1.633544
1.634437
1.624167
1.634445
1.634833
1.624301
1.634576
1.634970
1.624492
1.634975
1.635262
1.624492
1.635085
1.635275
1.624205
1.635014
1.635172
1.623896
1.634741
1.634910
1.623653
1.634234
1.634481
1.623474
1.633707
1.634009
1.623386
1.633337
1.633603
1.623468
1.633133
1.633165
1.623867
1.633023
1.631776
1.625551
1.633557
1.620802
1.642664
1.632533
1.624760
1.631957
1.623812
1.638554
1.633868
1.619509
1.632388
1.633617
1.623347
1.632148
1.631163
1.620573
1.629803
1.630000
1.622984
1.631775
1.624300
1.633221
1.622931
1.633161
1.631184
1.623980
1.633413
1.624656
1.635064
1.632079
1.622927
1.632740
1.629077
1.630997
1.621951
1.633297
1.632156
1.622552
1.634036
1.633715
1.622757
1.634463
1.633414
1.620654
1.635135
1.632874
1.621999
1.631063
1.630500
1.622193
1.630582
1.623428
1.632629
1.619200
1.639273
1.630436
1.624591
1.628980
1.622168
1.635166
1.633100
1.617912
1.636825
1.631468
1.624895
1.630003
1.618391
1.636926
1.629404
1.621120
1.629473
1.619862
1.638066
1.629445
1.619136
1.627571
1.619796
1.634833
1.630831
1.617552
1.628679
1.629803
1.619445
1.629723
1.629101
1.617539
1.628751
1.629134
1.618163
1.629138
1.629026
1.617589
1.628547
1.628795
1.617827
1.628701
1.628871
1.617832
1.628346
1.628513
1.617658
1.628205
1.628425
1.617665
1.628196
1.628376
1.617614
1.628150
1.628297
1.617510
1.628083
1.628206
1.617377
1.627972
1.628078
1.617222
1.627810
1.627918
1.617074
1.627625
1.627748
1.616955
1.627446
1.627587
1.616871
1.627300
1.627452
1.616823
1.627196
1.627347
1.616806
1.627128
1.627264
1.616812
1.627081
1.627190
1.616837
1.627038
1.627106
1.616889
1.626981
1.626976
1.617014
1.626881
1.626683
1.617383
1.626713
1.625325
1.619004
1.627403
1.613032
1.638174
1.631316
1.609547
1.632651
1.630307
1.617453
1.621494
1.617567
1.618758
1.614268
1.622597
1.609627
1.632245
1.622736
1.614799
1.623604
1.616323
1.631228
1.626865
1.614003
1.624204
1.625484
1.616614
1.623736
1.618953
1.617161
1.615278
1.620381
1.613951
1.627517
1.625570
1.611929
1.630910
1.623855
1.621648
1.616010
1.624053
1.609441
1.636779
1.633716
1.614927
1.618636
1.616634
1.622279
1.610312
1.616468
1.612902
1.615842
1.613713
1.623930
1.607488
1.634810
1.638833
1.620241
1.617349
1.623596
1.621926
1.619447
1.608534
1.616068
1.607313
1.625364
1.620678
1.611497
1.618475
1.608686
1.624186
1.621661
1.612651
1.622328
1.619732
1.619323
1.611841
1.620001
1.604081
1.634035
1.638463
1.620203
1.613461
1.618939
1.616450
1.614852
1.605067
1.612933
1.605272
1.621192
1.618795
1.607898
1.615618
1.613191
1.613191
1.614233
1.611441
1.620051
1.606901
1.633996
1.626801
1.609824
1.617196
1.615236
1.618457
1.607120
1.614093
1.609390
1.615359
1.605662
1.621976
1.616208
1.606626
1.615361
1.607303
1.622590
1.619252
1.608859
1.617313
1.613861
1.615930
1.606609
1.616554
1.614526
1.609193
1.618119
1.603347
1.631967
1.634806
1.613000
1.610828
1.613008
1.614726
1.608881
1.608101
1.600497
1.612212
1.609167
1.616943
1.600934
1.625246
1.620003
1.599120
1.623030
1.621235
1.610672
1.613384
1.605801
1.610860
1.600990
1.611251
1.611289
1.602405
1.611625
1.611100
1.607316
1.613470
1.601233
1.625030
1.613686
1.610714
1.607080
1.614956
1.602542
1.621861
1.609338
1.609594
1.602473
1.614581
1.612070
1.606144
1.608355
1.597728
1.619045
1.609974
1.612658
1.599965
1.618058
1.611804
1.605122
1.608385
1.600223
1.615833
1.612316
1.601935
1.610216
1.605033
1.613274
1.596855
1.621440
1.616651
1.598135
1.613070
1.613673
1.605090
1.607073
1.597480
1.606629
1.603395
1.608503
1.599202
1.612457
1.611393
1.600688
1.612046
1.613230
1.604934
1.613458
1.609851
1.607868
1.605540
1.607414
1.602812
1.613883
1.595079
1.634966
1.636644
1.621475
1.610003
1.613131
1.610241
1.602494
1.595964
1.594622
1.597652
1.600477
1.602128
1.598677
1.603445
1.590027
1.617283
1.613763
1.595235
1.622702
1.620026
1.603260
1.605291
1.601069
1.598828
1.596937
1.595914
1.596202
1.595433
1.599523
1.594043
1.605866
1.604364
1.601238
1.608180
1.595115
1.621961
1.614945
1.593429
1.609335
1.607698
1.600134
1.599444
1.590005
1.598218
1.592842
1.601880
1.591401
1.604820
1.602633
1.594094
1.602948
1.598678
1.607000
1.593199
1.612634
1.602441
1.602314
1.595064
1.605083
1.597415
1.605205
1.595592
1.604649
1.597143
1.606812
1.598731
1.606445
1.592275
1.611351
1.601941
1.603189
1.595187
1.605593
1.601460
1.602398
1.593477
1.603986
1.601271
1.602773
1.596420
1.607337
1.593449
1.616823
1.603328
1.603618
1.595915
1.607196
1.604003
1.598273
1.599846
1.591084
1.607435
1.603565
1.597413
1.603761
1.589988
1.616265
1.611455
1.593958
1.603037
1.604571
1.599442
1.599690
1.588230
1.598285
1.599460
1.593217
1.602677
1.596460
1.604769
1.588712
1.612833
1.607910
1.589363
1.610106
1.605922
1.597096
1.597338
1.588965
1.598155
1.593246
1.600140
1.586457
1.608121
1.597940
1.598934
1.590980
1.602286
1.599743
1.599037
1.592651
1.601526
1.586339
1.616014
1.621371
1.606947
1.594657
1.599763
1.599008
1.594128
1.588940
1.587115
1.590027
1.590864
1.597276
1.585652
1.604882
1.593801
1.601161
1.588579
1.612621
1.602267
1.598600
1.591316
1.598918
1.586806
1.604216
1.593127
1.593138
1.585585
1.596971
1.593278
1.597362
1.583753
1.603813
1.594507
1.599293
1.586149
1.603876
1.596760
1.592774
1.589972
1.593006
1.590383
1.600128
1.581574
1.616474
1.623252
1.612395
1.600102
1.602710
1.600591
1.593227
1.586129
1.584582
1.587129
1.591052
1.591111
1.592933
1.585764
1.596119
1.589027
1.602366
1.601569
1.597626
1.604379
1.589898
1.612516
1.599752
1.588622
1.597177
1.591274
1.599753
1.593176
1.590056
1.587462
1.593455
1.586890
1.600449
1.597088
1.588547
1.598363
1.591050
1.601804
1.597600
1.591068
1.597558
1.583976
1.608211
1.602431
1.580097
1.601600
1.599431
1.589503
1.592981
1.586144
1.593542
1.584940
1.594632
1.593958
1.587686
1.596183
1.586125
1.602297
1.596666
1.593525
1.594719
1.592024
1.600982
1.584401
1.610506
1.613889
1.592106
1.596942
1.596210
1.595807
1.587667
1.587882
1.580909
1.592206
1.589722
1.595342
1.582768
1.599877
1.592144
1.594116
1.587484
1.599053
1.594896
1.596852
1.584475
1.597910
1.593890
1.587944
1.594405
1.581440
1.604707
1.592741
1.589472
1.586026
1.594761
1.583337
1.601356
1.588195
1.591977
1.579936
1.598666
1.592723
1.588876
1.584825
1.588507
1.584307
1.595401
1.585552
1.596084
1.592829
1.587371
1.595398
1.581132
1.606398
1.601507
1.584773
1.592759
1.592853
1.590647
1.585846
1.582674
1.583346
1.584001
1.591458
1.581018
1.605042
1.589682
1.597291
1.590872
1.598069
1.585617
1.601276
1.590890
1.590055
1.581799
1.592129
1.585567
1.592938
1.575984
1.599082
1.595122
1.578064
1.597136
1.593561
1.587958
1.585575
1.580253
1.588923
1.576669
1.599170
1.587850
1.589044
1.581134
1.592270
1.590422
1.587256
1.586893
1.583160
1.593945
1.577549
1.610627
1.617859
1.607648
1.593544
1.594411
1.592333
1.585933
1.579455
1.577470
1.579269
1.582375
1.583109
1.584231
1.579764
1.589280
1.575467
1.608353
1.616197
1.601840
1.589921
1.595639
1.592322
1.583782
1.577632
1.573518
1.578786
1.575562
1.585330
1.577477
1.585389
1.576196
1.587578
1.587348
1.583103
1.590251
1.578144
1.596505
1.584218
1.586568
1.575539
1.587931
1.586867
1.577980
1.577980
1.584711
1.577623
1.587127
1.580920
1.587677
1.574094
1.593900
1.583607
1.587591
1.577189
1.589700
1.589028
1.580100
1.586704
1.579366
1.588655
1.581557
1.589307
1.576062
1.594518
1.585140
1.588677
1.578427
1.590580
1.589744
1.580833
1.587811
1.580415
1.589764
1.582414
1.590137
1.576174
1.596283
1.585232
1.589510
1.578315
1.591170
1.589416
1.580596
1.587027
1.578259
1.589265
1.587442
1.580295
1.588054
1.576540
1.595640
1.584805
1.589027
1.577005
1.592248
1.588072
1.581845
1.584579
1.576155
1.589305
1.587069
1.579599
1.587604
1.575264
1.597055
1.583881
1.587923
1.576017
1.589971
1.587394
1.579143
1.584396
1.572850
1.590765
1.582300
1.584990
1.574525
1.586966
1.586291
1.578164
1.585881
1.576696
1.589004
1.585796
1.579125
1.585814
1.572444
1.595603
1.585530
1.577963
1.583616
1.577358
1.588844
1.585327
1.575431
1.583605
1.575244
1.588994
1.584548
1.578883
1.583057
1.572809
1.593178
1.581380
1.587562
1.574878
1.589153
1.584812
1.579301
1.581135
1.573670
1.585506
1.583951
1.577915
1.585958
1.571733
1.597169
1.600324
1.578861
1.584235
1.584393
1.583664
1.577759
1.576145
1.570812
1.581864
1.570038
1.594263
1.591398
1.571397
1.588957
1.587746
1.583536
1.581230
1.575266
1.582081
1.570153
1.589638
1.577939
1.582805
1.571881
1.585313
1.584351
1.576915
1.583570
1.573541
1.587873
1.581965
1.578190
1.576653
1.576176
1.580334
1.574053
1.584805
1.580722
1.584138
1.574520
1.590671
1.582044
1.585770
1.569457
1.592738
1.587782
1.569266
1.586038
1.581539
1.579173
1.573216
1.576798
1.569996
1.581126
1.580096
1.576579
1.583238
1.571011
1.595451
1.585348
1.578820
1.583104
1.578405
1.588113
1.580910
1.582154
1.569629
1.589240
1.579667
1.586668
1.573353
1.586814
1.582309
1.578774
1.578836
1.574973
1.585245
1.569451
1.598069
1.606006
1.595693
1.585384
1.586107
1.583594
1.578070
1.572839
1.571589
1.573638
1.577053
1.577877
1.580898
1.574905
1.586432
1.579815
1.592205
1.587952
1.590268
1.580225
1.590506
1.585336
1.578117
1.583352
1.569502
1.593489
1.589453
1.569654
1.583498
1.583028
1.577852
1.577279
1.568975
1.578165
1.571667
1.581678
1.576463
1.582495
1.569268
1.590893
1.579285
1.585413
1.575348
1.585451
1.583375
1.576026
1.580777
1.567682
1.589174
1.577618
1.583202
1.572727
1.583689
1.582581
1.574767
1.581286
1.570028
1.587935
1.578680
1.582958
1.570412
1.585201
1.580560
1.577965
1.575436
1.578246
1.574601
1.585017
1.568749
1.597563
1.605230
1.594040
1.582760
1.584770
1.581740
1.576607
1.570796
1.570334
1.569979
1.577808
1.570164
1.584310
1.579199
1.578422
1.576721
1.584923
1.574821
1.595924
1.579901
1.585039
1.577805
1.583078
1.571457
1.582085
1.577470
1.571922
1.578259
1.568687
1.587555
1.575990
1.580916
1.568301
1.584292
1.579549
1.578184
1.572331
1.579800
1.567476
1.589920
1.576653
1.580809
1.570305
1.583417
1.581731
1.573826
1.579074
1.567905
1.586154
1.577087
1.581568
1.569157
1.583556
1.579526
1.576598
1.575394
1.574979
1.579487
1.572975
1.583492
1.579472
1.580250
1.574632
1.586195
1.572006
1.595597
1.590950
1.572504
1.582951
1.583263
1.575793
1.576488
1.565382
1.575149
1.575642
1.572333
1.579677
1.567284
1.589762
1.577122
1.583032
1.573909
1.584056
1.581622
1.576010
1.577308
1.568642
1.580924
1.578968
1.575057
1.579677
1.568921
1.589903
1.576643
1.583366
1.576724
1.582070
1.570883
1.583324
1.576410
1.574828
1.569858
1.579738
1.566656
1.589966
1.586764
1.570492
1.578953
1.580044
1.577510
1.574014
1.568141
1.574593
1.563639
1.588206
1.576822
1.579947
1.569068
1.583438
1.580797
1.574965
1.576961
1.568734
1.580643
1.577755
1.572291
1.576720
1.565003
1.587958
1.574605
1.580888
1.574146
1.580762
1.569336
1.581581
1.574427
1.573135
1.567986
1.578260
1.565331
1.587185
1.583330
1.562790
1.583223
1.580412
1.575843
1.572128
1.568489
1.572489
1.566466
1.576797
1.573911
1.576028
1.569867
1.581030
1.573553
1.583272
1.577416
1.580713
1.569239
1.586051
1.574972
1.580398
1.566057
1.582654
1.574075
1.577806
1.565279
1.578535
1.575008
1.572858
1.571096
1.572465
1.571544
1.578135
1.565703
1.589329
1.586926
1.565621
1.589557
1.590691
1.576424
1.574963
1.568033
1.573182
1.565066
1.572712
1.569054
1.572356
1.566565
1.577596
1.572955
1.581850
1.567411
1.590295
1.582554
1.571950
1.578835
1.571746
1.579094
1.572185
1.572870
1.564812
1.575366
1.573222
1.575184
1.567690
1.577796
1.571101
1.580710
1.571087
1.580485
1.575863
1.575463
1.568801
1.578227
1.563745
1.587258
1.589648
1.570837
1.576238
1.575698
1.574744
1.568399
1.569123
1.562769
1.574197
1.570452
1.580221
1.565695
1.587791
1.576104
1.580180
1.570336
1.581374
1.579482
1.571043
1.575181
1.562770
1.562770
1.581392
1.571499
1.577505
1.567564
1.577303
1.576049
1.570940
1.575409
1.564446
1.583325
1.572684
1.578772
1.569102
1.577642
1.573210
1.575822
1.566165
1.576666
1.574948
1.571758
1.575302
1.566696
1.580834
1.574130
1.578335
1.564843
1.587147
1.574400
1.578906
1.568958
1.576927
1.569784
1.576955
1.563975
1.578815
1.571183
1.576586
1.565106
1.580229
1.574219
1.575809
1.566785
1.576911
1.574867
1.575455
1.568975
1.578788
1.565193
1.589215
1.590973
1.573336
1.578368
1.576315
1.576981
1.567365
1.572364
1.560679
1.579021
1.571570
1.577999
1.567276
1.578049
1.576553
1.571122
1.576766
1.566096
1.585045
1.573264
1.578195
1.568425
1.576819
1.571761
1.576526
1.563983
1.581000
1.571834
1.578036
1.566662
1.578619
1.574926
1.570862
1.571425
1.567131
1.578044
1.564684
1.586024
1.582955
1.562769
1.581793
1.577956
1.574688
1.568103
1.570053
1.564183
1.574070
1.567265
1.576094
1.568463
1.577629
1.570050
1.579063
1.572389
1.579678
1.565279
1.586160
1.573268
1.576456
1.565838
1.575823
1.574654
1.568451
1.573184
1.562093
1.581651
1.571492
1.577685
1.568877
1.577314
1.570666
1.577996
1.565483
1.580597
1.572491
1.577452
1.565755
1.579159
1.574110
1.573508
1.567140
1.576933
1.565083
1.586941
1.573587
1.577371
1.567810
1.578056
1.576569
1.570342
1.573749
1.563225
1.581215
1.572148
1.578465
1.567819
1.577823
1.575848
1.571186
1.574588
1.565800
1.580312
1.573697
1.577794
1.564112
1.584386
1.573127
1.578267
1.569343
1.577433
1.570038
1.577325
1.567384
1.575296
1.570968
1.575321
1.566042
1.579785
1.574477
1.577400
1.566857
1.581694
1.575272
1.579057
1.564643
1.584153
1.572979
1.578130
1.568902
1.576927
1.570082
1.577394
1.564771
1.580250
1.571996
1.578009
1.566594
1.580456
1.575040
1.575400
1.567428
1.577203
1.570726
1.579466
1.571361
1.579278
1.566277
1.585898
1.573867
1.578915
1.570560
1.578409
1.569479
1.577091
1.572174
1.573057
1.566972
1.577940
1.567853
1.584808
1.573379
1.579758
1.571746
1.580056
1.570641
1.578270
1.572966
1.573650
1.567155
1.577831
1.568348
1.582501
1.573205
1.579769
1.566470
1.586161
1.574452
1.578332
1.567817
1.576457
1.573742
1.573054
1.567430
1.575925
1.563655
1.587141
1.594522
1.573895
1.578825
1.579207
1.575361
1.571969
1.564559
1.571143
1.560748
1.583506
1.572712
1.577832
1.570144
1.579023
1.573160
1.579618
1.566929
1.581636
1.572678
1.577031
1.565377
1.577099
1.573389
1.571369
1.568735
1.573542
1.567738
1.578609
1.574005
1.576121
1.566766
1.581220
1.574799
1.579883
1.564406
1.585401
1.578757
1.567182
1.574588
1.568228
1.576538
1.570574
1.572536
1.563529
1.576476
1.574252
1.575857
1.568498
1.578643
1.571767
1.580948
1.573895
1.580765
1.566170
1.586774
1.583190
1.564937
1.579814
1.576718
1.576395
1.567551
1.574324
1.564084
1.580822
1.572869
1.579006
1.568742
1.580292
1.577928
1.574394
1.574250
1.570324
1.579872
1.566685
1.589397
1.596472
1.575369
1.579612
1.579711
1.575605
1.571943
1.564894
1.570430
1.562168
1.579902
1.572815
1.578586
1.568308
1.579852
1.578058
1.574389
1.575039
1.569377
1.578357
1.565872
1.584188
1.571245
1.576879
1.572619
1.576501
1.568550
1.575884
1.570058
1.575121
1.562744
1.582928
1.571792
1.576842
1.570201
1.577070
1.567906
1.577559
1.573986
1.570322
1.571560
1.567726
1.578091
1.564880
1.585757
1.584312
1.565662
1.583229
1.579265
1.576932
1.567509
1.571879
1.563603
1.574711
1.573284
1.570782
1.572455
1.569030
1.579317
1.566770
1.588356
1.583475
1.569273
1.579240
1.579717
1.573307
1.573541
1.563867
1.573017
1.572442
1.571986
1.571071
1.572487
1.570224
1.578246
1.566059
1.590498
1.594132
1.575577
1.580096
1.578761
1.574340
1.569571
1.564226
1.567709
1.563114
1.574151
1.572100
1.576036
1.567591
1.579593
1.577574
1.576820
1.572315
1.578475
1.565644
1.587053
1.573054
1.576590
1.569628
1.577663
1.570320
1.575986
1.566573
1.573861
1.568997
1.576592
1.565143
1.581628
1.572429
1.577624
1.568935
1.577333
1.574980
1.573905
1.568582
1.575015
1.563732
1.585674
1.573606
1.578730
1.574424
1.578031
1.570335
1.576916
1.569692
1.576475
1.565037
1.582071
1.573020
1.577755
1.568695
1.576427
1.572990
1.575858
1.567230
1.575922
1.573857
1.573927
1.569529
1.577559
1.565269
1.587150
1.581382
1.569448
1.577839
1.575851
1.578603
1.566487
1.573611
1.571681
1.570433
1.572041
1.569243
1.577684
1.564623
1.586710
1.587291
1.570640
1.580717
1.580695
1.573627
1.571744
1.562787
1.570846
1.565929
1.575252
1.569671
1.577335
1.567632
1.580093
1.575940
1.577169
1.569921
1.578193
1.571183
1.578138
1.569599
1.576942
1.570117
1.578122
1.569945
1.577626
1.573110
1.575988
1.567478
1.577633
1.575177
1.574033
1.570259
1.576900
1.576900
1.565519
1.588031
1.574481
1.579037
1.574403
1.578867
1.569970
1.576346
1.571904
1.572243
1.567162
1.577661
1.566238
1.587191
1.574266
1.578803
1.574087
1.579023
1.570617
1.577152
1.572650
1.572931
1.567528
1.577822
1.567044
1.586662
1.574222
1.579507
1.575664
1.577806
1.570974
1.577768
1.566883
1.578798
1.573022
1.577477
1.568058
1.579584
1.576284
1.574786
1.570159
1.577578
1.566429
1.587871
1.574575
1.578527
1.573501
1.579072
1.570428
1.577299
1.573673
1.571528
1.570850
1.573037
1.571302
1.578683
1.566295
1.589551
1.590912
1.575298
1.582237
1.581720
1.575358
1.572500
1.563573
1.571795
1.564745
1.577646
1.574000
1.575876
1.568917
1.578262
1.573432
1.581015
1.568263
1.585171
1.574353
1.578508
1.570978
1.577258
1.568706
1.576328
1.573644
1.572193
1.571382
1.573791
1.570957
1.579797
1.566992
1.590260
1.595786
1.577783
1.581832
1.580598
1.575724
1.570966
1.564872
1.568916
1.563535
1.575434
1.575058
1.574402
1.572981
1.576823
1.572527
1.582235
1.573730
1.583134
1.577270
1.578561
1.568975
1.578041
1.575000
1.573435
1.569715
1.576148
1.565201
1.586737
1.572622
1.579499
1.575708
1.577118
1.571092
1.577330
1.565423
1.580389
1.571959
1.577956
1.570426
1.578196
1.573901
1.577544
1.568058
1.579071
1.576884
1.577066
1.571910
1.579870
1.567856
1.588790
1.576523
1.580641
1.575501
1.580990
1.571921
1.577805
1.573842
1.572771
1.570452
1.577250
1.568562
1.585511
1.575655
1.581576
1.575900
1.581841
1.571781
1.581111
1.575746
1.574395
1.569067
1.577859
1.566747
1.586533
1.574227
1.578836
1.575085
1.579306
1.571890
1.578184
1.571049
1.577572
1.566909
1.583278
1.575421
1.580086
1.571119
1.578765
1.576227
1.576638
1.570242
1.578546
1.567822
1.586326
1.575428
1.580248
1.575496
1.579683
1.571824
1.578641
1.573964
1.576672
1.568741
1.579116
1.577354
1.576871
1.572248
1.580129
1.568602
1.590565
1.578824
1.580389
1.571584
1.580887
1.579012
1.572993
1.573421
1.567322
1.577472
1.572710
1.581136
1.571042
1.582982
1.577608
1.580724
1.571029
1.581167
1.578077
1.576119
1.571259
1.577716
1.567102
1.587853
1.575554
1.581444
1.578295
1.579164
1.573747
1.579232
1.567029
1.583738
1.574404
1.580126
1.574740
1.580767
1.572027
1.579574
1.576910
1.574936
1.574733
1.575125
1.577086
1.573435
1.581975
1.569873
1.593590
1.600079
1.580585
1.583891
1.582634
1.576678
1.572998
1.565162
1.571167
1.563894
1.578319
1.575224
1.578354
1.571403
1.580258
1.577608
1.580835
1.571591
1.580423
1.577819
1.575639
1.572789
1.575665
1.570621
1.580074
1.573175
1.581549
1.576451
1.581311
1.569282
1.585433
1.575040
1.579222
1.571908
1.578769
1.570795
1.577619
1.573810
1.574641
1.569566
1.579512
1.570328
1.586568
1.577014
1.581937
1.574923
1.582000
1.574354
1.580369
1.573598
1.579280
1.569349
1.583235
1.577350
1.581052
1.571770
1.581487
1.580246
1.577115
1.576952
1.573311
1.581463
1.569518
1.591245
1.580161
1.582670
1.575188
1.583501
1.580547
1.577012
1.571595
1.575719
1.569237
1.581739
1.577991
1.580931
1.572217
1.583457
1.580856
1.580344
1.573255
1.581378
1.570397
1.587601
1.576049
1.580381
1.575852
1.579774
1.572530
1.579535
1.573941
1.579602
1.568991
1.585429
1.577813
1.582642
1.574199
1.581520
1.577704
1.580877
1.571682
1.580429
1.578615
1.578161
1.574850
1.581186
1.571668
1.589702
1.579060
1.584673
1.580491
1.582113
1.574787
1.581360
1.572470
1.580466
1.577454
1.579292
1.573549
1.582629
1.574545
1.584477
1.579753
1.581891
1.574370
1.583132
1.579419
1.581502
1.572128
1.582696
1.579903
1.581844
1.574178
1.582958
1.578586
1.584178
1.571106
1.590474
1.579442
1.583464
1.578241
1.582560
1.574512
1.581342
1.577194
1.579780
1.572965
1.582856
1.580461
1.584218
1.574811
1.586936
1.582341
1.585699
1.574867
1.587255
1.581107
1.583844
1.573005
1.584104
1.580689
1.581494
1.574164
1.582888
1.576748
1.584778
1.578644
1.584988
1.573779
1.589904
1.580755
1.584846
1.576507
1.583580
1.577673
1.583599
1.573194
1.583725
1.580210
1.582251
1.575750
1.584617
1.578657
1.586124
1.577979
1.585555
1.580699
1.585704
1.574630
1.588487
1.580560
1.585116
1.575648
1.584949
1.582803
1.580255
1.577495
1.579935
1.576065
1.586452
1.574614
1.596085
1.584340
1.587333
1.580319
1.587293
1.579706
1.584074
1.573719
1.581059
1.578988
1.580925
1.575709
1.584939
1.575504
1.591321
1.582447
1.587466
1.580009
1.586709
1.579019
1.584748
1.576546
1.583552
1.577319
1.585318
1.578428
1.585824
1.579591
1.586620
1.577077
1.588825
1.583465
1.585669
1.576918
1.585662
1.583442
1.583412
1.577438
1.586238
1.575587
1.595320
1.583501
1.587305
1.583030
1.586590
1.579118
1.585418
1.578226
1.585007
1.576232
1.587810
1.584280
1.585715
1.585715
