0.459504
0.405238
0.391424
0.383662
0.379828
0.378530
0.378909
0.380458
0.382871
0.385917
0.389392
0.393108
0.396890
0.400574
0.404016
0.407106
0.409778
0.412007
0.413807
0.415212
0.416271
0.417037
0.417563
0.417897
0.418081
0.418152
0.418139
0.418068
0.417958
0.417821
0.417669
0.417508
0.417344
0.417180
0.417018
0.416860
0.416706
0.416556
0.416408
0.416262
0.416117
0.415970
0.415819
0.415663
0.415500
0.415327
0.415141
0.414941
0.414726
0.414495
0.414255
0.414016
0.413797
0.413627
0.413547
0.413600
0.413812
0.414166
0.414590
0.415009
0.415386
0.415712
0.415999
0.416275
0.416580
0.416947
0.417400
0.417955
0.418616
0.419383
0.420244
0.421184
0.422183
0.423220
0.424276
0.425332
0.426376
0.427398
0.428390
0.429351
0.430278
0.431173
0.432035
0.432869
0.433675
0.434455
0.435212
0.435948
0.436664
0.437362
0.438042
0.438705
0.439353
0.439986
0.440603
0.441206
0.441794
0.442367
0.442924
0.443466
0.443992
0.444501
0.444993
0.445468
0.445925
0.446362
0.446781
0.447182
0.447566
0.447935
0.448294
0.448643
0.448987
0.449326
0.449656
0.449970
0.450261
0.450522
0.450749
0.450941
0.451098
0.451218
0.451303
0.451353
0.451369
0.451351
0.451302
0.451222
0.451115
0.450982
0.450828
0.450657
0.450472
0.450279
0.450086
0.449899
0.449731
0.449594
0.449504
0.449477
0.449526
0.449660
0.449876
0.450168
0.450529
0.450948
0.451416
0.451926
0.452473
0.453051
0.453657
0.454284
0.454925
0.455573
0.456219
0.456859
0.457485
0.458094
0.458683
0.459248
0.459787
0.460299
0.460781
0.461233
0.461652
0.462037
0.462386
0.462697
0.462969
0.463201
0.463392
0.463545
0.463667
0.463789
0.463991
0.464250
0.464485
0.464713
0.464956
0.465243
0.465607
0.466068
0.466563
0.466989
0.467224
0.467138
0.467107
0.467102
0.466976
0.466800
0.466737
0.466564
0.466521
0.466293
0.466298
0.466256
0.466195
0.466141
0.466095
0.466065
0.466056
0.466051
0.466021
0.465954
0.465854
0.465726
0.465572
0.465397
0.465203
0.464993
0.464770
0.464534
0.464288
0.464033
0.463771
0.463502
0.463227
0.462948
0.462665
0.462379
0.462090
0.461800
0.461508
0.461216
0.460923
0.460632
0.460340
0.460051
0.459763
0.459477
0.459193
0.458913
0.458636
0.458363
0.458094
0.457830
0.457572
0.457320
0.457075
0.456839
0.456611
0.456394
0.456188
0.455994
0.455812
0.455644
0.455491
0.455351
0.455226
0.455116
0.455020
0.454939
0.454873
0.454820
0.454781
0.454755
0.454742
0.454741
0.454752
0.454775
0.454809
0.454854
0.454909
0.454975
0.455050
0.455135
0.455229
0.455332
0.455444
0.455566
0.455695
0.455834
0.455981
0.456137
0.456302
0.456475
0.456658
0.456849
0.457049
0.457258
0.457478
0.457707
0.457948
0.458201
0.458468
0.458751
0.459054
0.459379
0.459730
0.460110
0.460521
0.460963
0.461436
0.461936
0.462463
0.463014
0.463588
0.464184
0.464800
0.465437
0.466095
0.466774
0.467476
0.468200
0.468950
0.469725
0.470528
0.471359
0.472218
0.473102
0.474008
0.474926
0.475847
0.476758
0.477648
0.478508
0.479332
0.480116
0.480862
0.481571
0.482246
0.482891
0.483511
0.484112
0.484696
0.485270
0.485837
0.486399
0.486961
0.487523
0.488087
0.488654
0.489224
0.489798
0.490376
0.490955
0.491537
0.492120
0.492702
0.493284
0.493863
0.494440
0.495012
0.495580
0.496142
0.496698
0.497247
0.497788
0.498322
0.498847
0.499363
0.499869
0.500367
0.500854
0.501332
0.501799
0.502257
0.502703
0.503140
0.503566
0.503982
0.504387
0.504781
0.505165
0.505539
0.505903
0.506256
0.506599
0.506931
0.507254
0.507567
0.507870
0.508163
0.508447
0.508721
0.508986
0.509242
0.509488
0.509726
0.509955
0.510175
0.510386
0.510589
0.510784
0.510971
0.511149
0.511320
0.511483
0.511638
0.511786
0.511926
0.512059
0.512184
0.512303
0.512415
0.512520
0.512618
0.512710
0.512795
0.512874
0.512947
0.513014
0.513075
0.513130
0.513179
0.513223
0.513262
0.513295
0.513323
0.513345
0.513363
0.513377
0.513385
0.513389
0.513389
0.513385
0.513376
0.513363
0.513347
0.513327
0.513303
0.513276
0.513245
0.513211
0.513173
0.513133
0.513089
0.513042
0.512991
0.512938
0.512881
0.512820
0.512757
0.512689
0.512618
0.512544
0.512465
0.512382
0.512296
0.512205
0.512110
0.512010
0.511906
0.511798
0.511685
0.511567
0.511444
0.511317
0.511185
0.511049
0.510907
0.510761
0.510610
0.510454
0.510294
0.510129
0.509959
0.509784
0.509606
0.509422
0.509234
0.509042
0.508845
0.508643
0.508438
0.508228
0.508014
0.507795
0.507573
0.507346
0.507116
0.506881
0.506643
0.506400
0.506154
0.505904
0.505650
0.505392
0.505131
0.504866
0.504597
0.504325
0.504049
0.503770
0.503488
0.503202
0.502913
0.502620
0.502325
0.502026
0.501724
0.501419
0.501111
0.500800
0.500486
0.500169
0.499849
0.499527
0.499201
0.498873
0.498873
0.498542
0.498209
0.497873
0.497534
0.497193
0.496849
0.496503
0.496155
0.495804
0.495451
0.495096
0.494738
0.494378
0.494016
0.493652
0.493286
0.492917
0.492547
0.492175
0.491801
0.491425
0.491047
0.490667
0.490285
0.489902
0.489516
0.489130
0.488741
0.488351
0.487959
0.487566
0.487171
0.486774
0.486376
0.485977
0.485576
0.485174
0.484770
0.484365
0.483959
0.483551
0.483142
0.482732
0.482321
0.481908
0.481494
0.481080
0.480664
0.480246
0.479828
0.479409
0.478989
0.478567
0.478145
0.477721
0.477297
0.476872
0.476446
0.476019
0.475591
0.475162
0.474732
0.474302
0.473870
0.473438
0.473005
0.472571
0.472137
0.471702
0.471266
0.470829
0.470392
0.469954
0.469515
0.469076
0.468636
0.468195
0.467754
0.467312
0.466870
0.466427
0.465984
0.465539
0.465095
0.464650
0.464204
0.463758
0.463311
0.462864
0.462416
0.461968
0.461519
0.461070
0.460621
0.460171
0.459721
0.459270
0.458819
0.458367
0.457915
0.457463
0.457010
0.456557
0.456104
0.455650
0.455196
0.454741
0.454287
0.453832
0.453376
0.452921
0.452465
0.452009
0.451552
0.451096
0.450639
0.450182
0.449724
0.449266
0.448809
0.448351
0.447892
0.447434
0.446975
0.446517
0.446058
0.445599
0.445139
0.444680
0.444221
0.443761
0.443301
0.442842
0.442382
0.441922
0.441462
0.441002
0.440542
0.440081
0.439621
0.439161
0.438701
0.438241
0.437780
0.437320
0.436860
0.436400
0.435940
0.435480
0.435020
0.434560
0.434100
0.433641
0.433181
0.432722
0.432263
0.431804
0.431345
0.430886
0.430428
0.429969
0.429511
0.429053
0.428596
0.428138
0.427681
0.427224
0.426768
0.426312
0.425856
0.425400
0.424945
0.424490
0.424036
0.423582
0.423128
0.422675
0.422222
0.421769
0.421317
0.420866
0.420415
0.419964
0.419514
0.419065
0.418616
0.418168
0.417720
0.417273
0.416826
0.416381
0.415935
0.415491
0.415047
0.414604
0.414161
0.413719
0.413278
0.412838
0.412399
0.411960
0.411522
0.411085
0.410649
0.410213
0.409779
0.409346
0.408913
0.408481
0.408051
0.407621
0.407192
0.406765
0.406338
0.405913
0.405488
0.405065
0.404643
0.404222
0.403802
0.403383
0.402966
0.402550
0.402135
0.401722
0.401310
0.400899
0.400489
0.400081
0.399675
0.399270
0.398866
0.398464
0.398063
0.397664
0.397267
0.396871
0.396477
0.396085
0.395695
0.395306
0.394919
0.394534
0.394151
0.393770
0.393391
0.393014
0.392638
0.392265
0.391895
0.391526
0.391160
0.390795
0.390434
0.390074
0.389717
0.389363
0.389011
0.388661
0.388314
0.387970
0.387629
0.387290
0.386954
0.386621
0.386291
0.385964
0.385640
0.385319
0.385001
0.384686
0.384375
0.384067
0.383762
0.383461
0.383163
0.382868
0.382578
0.382291
0.382007
0.381728
0.381452
0.381180
0.380912
0.380648
0.380388
0.380132
0.379881
0.379633
0.379390
0.379151
0.378917
0.378687
0.378461
0.378240
0.378023
0.377811
0.377604
0.377401
0.377204
0.377010
0.376822
0.376638
0.376459
0.376285
0.376116
0.375952
0.375792
0.375638
0.375488
0.375344
0.375204
0.375069
0.374939
0.374814
0.374694
0.374578
0.374468
0.374362
0.374260
0.374164
0.374071
0.373984
0.373901
0.373822
0.373747
0.373677
0.373611
0.373548
0.373490
0.373436
0.373385
0.373338
0.373295
0.373255
0.373219
0.373185
0.373155
0.373128
0.373104
0.373083
0.373065
0.373049
0.373036
0.373026
0.373017
0.373012
0.373008
0.373006
0.373007
0.373009
0.373013
0.373019
0.373027
0.373036
0.373046
0.373058
0.373071
0.373086
0.373101
0.373118
0.373135
0.373153
0.373171
0.373190
0.373209
0.373228
0.373247
0.373263
0.373278
0.373289
0.373299
0.373311
0.373323
0.373333
0.373355
0.373353
0.373501
0.373496
0.373499
0.373522
0.373544
0.373571
0.373600
0.373628
0.373653
0.373675
0.373693
0.373707
0.373716
0.373717
0.373706
0.373679
0.373693
0.373924
0.373871
0.373836
0.373788
0.373774
0.374165
0.374008
0.373986
0.373969
0.373890
0.373907
0.374432
0.374177
0.374123
0.374082
0.374058
0.374609
0.374334
0.374266
0.374210
0.374300
0.374266
0.374894
0.374557
0.374404
0.374410
0.375105
0.374722
0.374535
0.374581
0.375266
0.374878
0.374669
0.374732
0.375453
0.375036
0.374790
0.374889
0.375634
0.375204
0.374912
0.375047
0.375795
0.375347
0.375029
0.375264
0.375098
0.375869
0.375385
0.375239
0.376037
0.375526
0.375356
0.376063
0.375630
0.375509
0.376047
0.375762
0.375629
0.376253
0.375910
0.375779
0.376380
0.376038
0.375943
0.376571
0.376212
0.376096
0.376742
0.376347
0.376271
0.376922
0.376533
0.376431
0.377101
0.376670
0.376615
0.377277
0.376873
0.376778
0.377455
0.376989
0.376984
0.377633
0.377243
0.377132
0.377814
0.377286
0.377340
0.377959
0.377604
0.377422
0.378123
0.377570
0.378201
0.377805
0.377991
0.377917
0.378523
0.378191
0.378011
0.378708
0.378173
0.378397
0.378282
0.378282
0.378870
0.378526
0.378998
0.378753
0.378579
0.379236
0.378790
0.379307
0.379007
0.379460
0.379266
0.379081
0.379722
0.379406
0.379747
0.379566
0.380109
0.379836
0.379748
0.380275
0.379905
0.380446
0.380178
0.380652
0.380441
0.380430
0.380708
0.380499
0.380983
0.380748
0.381247
0.381033
0.381438
0.381215
0.381386
0.381315
0.381738
0.381568
0.381992
0.381803
0.382200
0.382033
0.382400
0.382257
0.382592
0.382474
0.382820
0.382703
0.383028
0.382922
0.383262
0.383155
0.383485
0.383386
0.383720
0.383622
0.383952
0.383861
0.384190
0.384101
0.384427
0.384344
0.384668
0.384589
0.384911
0.384835
0.385155
0.385083
0.385402
0.385333
0.385650
0.385586
0.385902
0.385841
0.386156
0.386099
0.386413
0.386360
0.386672
0.386622
0.386933
0.386886
0.387194
0.387151
0.387457
0.387417
0.387721
0.387683
0.387985
0.387949
0.388249
0.388215
0.388514
0.388482
0.388780
0.388748
0.389048
0.389016
0.389318
0.389286
0.389591
0.389559
0.389869
0.389837
0.390151
0.390121
0.390437
0.390408
0.390724
0.390697
0.391010
0.390985
0.391296
0.391272
0.391580
0.391558
0.391861
0.391842
0.392140
0.392124
0.392417
0.392405
0.392693
0.392687
0.392968
0.392969
0.393241
0.393251
0.393512
0.393531
0.393777
0.393803
0.394032
0.394063
0.394275
0.394310
0.394508
0.394548
0.394733
0.394778
0.394950
0.395001
0.395161
0.395218
0.395367
0.395430
0.395568
0.395637
0.395765
0.395841
0.395959
0.396041
0.396151
0.396238
0.396341
0.396432
0.396531
0.396624
0.396721
0.396815
0.396910
0.397004
0.397099
0.397193
0.397286
0.397380
0.397473
0.397565
0.397657
0.397749
0.397841
0.397931
0.398022
0.398112
0.398201
0.398289
0.398377
0.398465
0.398551
0.398637
0.398723
0.398807
0.398890
0.398973
0.399055
0.399136
0.399216
0.399295
0.399373
0.399450
0.399527
0.399602
0.399676
0.399749
0.399822
0.399893
0.399963
0.400033
0.400102
0.400170
0.400237
0.400304
0.400370
0.400435
0.400500
0.400564
0.400628
0.400692
0.400755
0.400818
0.400880
0.400942
0.401004
0.401066
0.401127
0.401187
0.401248
0.401308
0.401368
0.401427
0.401486
0.401544
0.401602
0.401660
0.401717
0.401774
0.401830
0.401885
0.401941
0.401995
0.402049
0.402103
0.402155
0.402208
0.402259
0.402311
0.402361
0.402411
0.402461
0.402510
0.402558
0.402606
0.402653
0.402700
0.402746
0.402792
0.402837
0.402882
0.402926
0.402970
0.403014
0.403057
0.403099
0.403142
0.403183
0.403225
0.403266
0.403307
0.403347
0.403387
0.403427
0.403466
0.403505
0.403543
0.403581
0.403619
0.403657
0.403694
0.403731
0.403767
0.403803
0.403839
0.403875
0.403911
0.403946
0.403982
0.404017
0.404053
0.404088
0.404124
0.404159
0.404195
0.404231
0.404267
0.404304
0.404341
0.404378
0.404415
0.404452
0.404490
0.404528
0.404566
0.404604
0.404642
0.404681
0.404719
0.404758
0.404796
0.404834
0.404872
0.404910
0.404948
0.404986
0.405023
0.405060
0.405097
0.405133
0.405169
0.405205
0.405241
0.405276
0.405311
0.405346
0.405380
0.405414
0.405448
0.405482
0.405515
0.405549
0.405582
0.405616
0.405650
0.405683
0.405716
0.405750
0.405783
0.405815
0.405848
0.405880
0.405913
0.405945
0.405976
0.406008
0.406039
0.406071
0.406102
0.406133
0.406164
0.406195
0.406225
0.406256
0.406287
0.406317
0.406348
0.406378
0.406408
0.406438
0.406468
0.406498
0.406528
0.406558
0.406588
0.406617
0.406647
0.406676
0.406705
0.406734
0.406763
0.406792
0.406820
0.406848
0.406876
0.406904
0.406931
0.406959
0.406986
0.407013
0.407039
0.407066
0.407092
0.407118
0.407143
0.407168
0.407193
0.407218
0.407242
0.407266
0.407289
0.407311
0.407333
0.407354
0.407374
0.407393
0.407412
0.407429
0.407444
0.407459
0.407474
0.407487
0.407501
0.407515
0.407531
0.407547
0.407565
0.407584
0.407604
0.407625
0.407648
0.407671
0.407696
0.407721
0.407747
0.407773
0.407800
0.407828
0.407856
0.407884
0.407912
0.407941
0.407970
0.408000
0.408029
0.408059
0.408089
0.408119
0.408149
0.408179
0.408209
0.408239
0.408269
0.408300
0.408330
0.408360
0.408390
0.408421
0.408451
0.408481
0.408511
0.408542
0.408572
0.408602
0.408632
0.408662
0.408692
0.408722
0.408751
0.408781
0.408811
0.408840
0.408870
0.408899
0.408929
0.408958
0.408987
0.409016
0.409045
0.409074
0.409103
0.409131
0.409160
0.409188
0.409216
0.409245
0.409273
0.409301
0.409329
0.409356
0.409384
0.409411
0.409439
0.409466
0.409493
0.409520
0.409547
0.409574
0.409601
0.409628
0.409654
0.409681
0.409707
0.409733
0.409759
0.409785
0.409811
0.409837
0.409862
0.409888
0.409913
0.409939
0.409964
0.409989
0.410014
0.410039
0.410064
0.410089
0.410114
0.410138
0.410163
0.410187
0.410212
0.410236
0.410260
0.410284
0.410307
0.410331
0.410354
0.410377
0.410400
0.410423
0.410423
0.410445
0.410467
0.410489
0.410510
0.410538
0.410557
0.410580
0.410599
0.410626
0.410646
0.410668
0.410690
0.410711
0.410731
0.410751
0.410770
0.410790
0.410809
0.410829
0.410849
0.410868
0.410888
0.410908
0.410927
0.410947
0.410967
0.410987
0.411007
0.411027
0.411048
0.411068
0.411088
0.411109
0.411129
0.411149
0.411170
0.411190
0.411211
0.411232
0.411252
0.411273
0.411293
0.411314
0.411334
0.411355
0.411375
0.411395
0.411416
0.411436
0.411456
0.411476
0.411496
0.411515
0.411535
0.411554
0.411574
0.411593
0.411612
0.411631
0.411649
0.411668
0.411686
0.411705
0.411723
0.411741
0.411759
0.411777
0.411795
0.411812
0.411830
0.411847
0.411865
0.411882
0.411899
0.411916
0.411933
0.411950
0.411967
0.411983
0.412000
0.412017
0.412033
0.412049
0.412066
0.412082
0.412098
0.412115
0.412131
0.412147
0.412163
0.412179
0.412195
0.412211
0.412227
0.412243
0.412259
0.412275
0.412292
0.412308
0.412324
0.412340
0.412356
0.412372
0.412388
0.412405
0.412421
0.412437
0.412454
0.412470
0.412486
0.412503
0.412519
0.412536
0.412552
0.412569
0.412585
0.412602
0.412618
0.412635
0.412651
0.412668
0.412685
0.412701
0.412718
0.412734
0.412750
0.412767
0.412783
0.412799
0.412816
0.412832
0.412848
0.412864
0.412879
0.412895
0.412911
0.412926
0.412941
0.412957
0.412972
0.412986
0.413001
0.413016
0.413030
0.413044
0.413058
0.413071
0.413085
0.413098
0.413111
0.413124
0.413136
0.413149
0.413161
0.413172
0.413184
0.413195
0.413206
0.413217
0.413227
0.413237
0.413247
0.413257
0.413266
0.413275
0.413283
0.413292
0.413300
0.413308
0.413315
0.413322
0.413329
0.413336
0.413342
0.413348
0.413354
0.413359
0.413364
0.413369
0.413374
0.413378
0.413382
0.413386
0.413390
0.413393
0.413396
0.413399
0.413401
0.413404
0.413406
0.413408
0.413409
0.413411
0.413412
0.413413
0.413414
0.413415
0.413415
0.413415
0.413415
0.413415
0.413415
0.413415
0.413414
0.413413
0.413412
0.413411
0.413410
0.413409
0.413408
0.413406
0.413405
0.413403
0.413401
0.413399
0.413397
0.413395
0.413393
0.413391
0.413389
0.413387
0.413384
0.413382
0.413379
0.413377
0.413374
0.413372
0.413369
0.413367
0.413364
0.413361
0.413359
0.413356
0.413353
0.413351
0.413348
0.413345
0.413343
0.413340
0.413337
0.413335
0.413332
0.413330
0.413327
0.413324
0.413322
0.413319
0.413317
0.413315
0.413312
0.413310
0.413307
0.413305
0.413303
0.413301
0.413298
0.413296
0.413294
0.413292
0.413290
0.413288
0.413286
0.413285
0.413283
0.413281
0.413279
0.413278
0.413276
0.413274
0.413273
0.413272
0.413270
0.413269
0.413267
0.413266
0.413265
0.413264
0.413263
0.413262
0.413261
0.413260
0.413259
0.413258
0.413257
0.413257
0.413256
0.413255
0.413255
0.413254
0.413254
0.413253
0.413253
0.413252
0.413252
0.413252
0.413252
0.413251
0.413251
0.413251
0.413251
0.413251
0.413251
0.413251
0.413251
0.413252
0.413252
0.413252
0.413252
0.413252
0.413253
0.413253
0.413254
0.413254
0.413254
0.413255
0.413255
0.413256
0.413256
0.413257
0.413257
0.413258
0.413259
0.413259
0.413260
0.413261
0.413261
0.413262
0.413263
0.413264
0.413264
0.413265
0.413266
0.413266
0.413267
0.413268
0.413269
0.413270
0.413270
0.413271
0.413272
0.413273
0.413273
0.413274
0.413275
0.413275
0.413276
0.413277
0.413278
0.413278
0.413279
0.413279
0.413280
0.413281
0.413281
0.413282
0.413282
0.413282
0.413283
0.413283
0.413283
0.413284
0.413284
0.413284
0.413284
0.413284
0.413284
0.413284
0.413284
0.413284
0.413283
0.413283
0.413283
0.413282
0.413282
0.413281
0.413280
0.413279
0.413278
0.413277
0.413276
0.413275
0.413273
0.413272
0.413270
0.413268
0.413267
0.413264
0.413262
0.413260
0.413257
0.413255
0.413252
0.413249
0.413245
0.413242
0.413238
0.413234
0.413230
0.413225
0.413221
0.413215
0.413210
0.413204
0.413197
0.413191
0.413183
0.413175
0.413166
0.413157
0.413148
0.413138
0.413128
0.413119
0.413111
0.413104
0.413097
0.413091
0.413086
0.413080
0.413075
0.413070
0.413065
0.413059
0.413054
0.413048
0.413043
0.413037
0.413031
0.413025
0.413019
0.413013
0.413007
0.413001
0.412994
0.412988
0.412982
0.412975
0.412968
0.412962
0.412955
0.412948
0.412942
0.412935
0.412928
0.412921
0.412914
0.412907
0.412900
0.412893
0.412886
0.412879
0.412872
0.412865
0.412858
0.412851
0.412843
0.412836
0.412829
0.412822
0.412815
0.412808
0.412800
0.412793
0.412786
0.412779
0.412772
0.412765
0.412758
0.412750
0.412743
0.412736
0.412729
0.412722
0.412715
0.412708
0.412701
0.412694
0.412687
0.412680
0.412673
0.412666
0.412659
0.412652
0.412645
0.412639
0.412632
0.412625
0.412618
0.412611
0.412605
0.412598
0.412591
0.412584
0.412578
0.412571
0.412564
0.412558
0.412551
0.412545
0.412545
0.412538
0.412532
0.412525
0.412519
0.412512
0.412506
0.412499
0.412493
0.412486
0.412480
0.412474
0.412467
0.412461
0.412455
0.412448
0.412442
0.412436
0.412430
0.412423
0.412417
0.412411
0.412405
0.412399
0.412392
0.412386
0.412380
0.412374
0.412368
0.412362
0.412355
0.412349
0.412343
0.412337
0.412331
0.412325
0.412318
0.412312
0.412306
0.412300
0.412293
0.412287
0.412281
0.412274
0.412268
0.412261
0.412255
0.412248
0.412242
0.412235
0.412229
0.412222
0.412215
0.412208
0.412202
0.412195
0.412188
0.412181
0.412173
0.412166
0.412159
0.412152
0.412144
0.412137
0.412129
0.412121
0.412114
0.412106
0.412098
0.412090
0.412081
0.412073
0.412065
0.412056
0.412048
0.412039
0.412030
0.412021
0.412012
0.412003
0.411994
0.411984
0.411975
0.411965
0.411955
0.411946
0.411936
0.411926
0.411915
0.411905
0.411894
0.411884
0.411873
0.411862
0.411851
0.411840
0.411829
0.411818
0.411807
0.411795
0.411784
0.411772
0.411760
0.411748
0.411737
0.411724
0.411712
0.411700
0.411688
0.411676
0.411663
0.411651
0.411638
0.411626
0.411613
0.411600
0.411588
0.411575
0.411562
0.411549
0.411537
0.411524
0.411511
0.411498
0.411485
0.411473
0.411460
0.411447
0.411435
0.411422
0.411409
0.411397
0.411384
0.411372
0.411360
0.411348
0.411335
0.411323
0.411312
0.411300
0.411288
0.411276
0.411265
0.411254
0.411242
0.411231
0.411220
0.411210
0.411199
0.411189
0.411178
0.411168
0.411158
0.411148
0.411138
0.411128
0.411119
0.411110
0.411100
0.411091
0.411082
0.411073
0.411065
0.411056
0.411048
0.411039
0.411031
0.411023
0.411015
0.411007
0.410999
0.410991
0.410983
0.410975
0.410968
0.410960
0.410953
0.410945
0.410938
0.410931
0.410923
0.410916
0.410909
0.410902
0.410895
0.410888
0.410881
0.410874
0.410868
0.410861
0.410855
0.410848
0.410842
0.410837
0.410831
0.410826
0.410822
0.410818
0.410817
0.410818
0.410824
0.410840
0.410871
0.410884
0.410857
0.410834
0.410796
0.410793
0.410764
0.410772
0.410722
0.410765
0.410676
0.410757
0.410697
0.410722
0.410647
0.410719
0.410624
0.410683
0.410571
0.410672
0.410602
0.410589
0.410588
0.410500
0.410592
0.410538
0.410469
0.410560
0.410515
0.410426
0.410517
0.410484
0.410414
0.410419
0.410303
0.410414
0.410361
0.410287
0.410332
0.410241
0.410248
0.410141
0.410235
0.410146
0.410113
0.410113
0.410016
0.410152
0.410119
0.410118
0.410015
0.409936
0.410027
0.409986
0.409907
0.409882
0.409771
0.409945
0.409932
0.410001
0.410032
0.410082
0.410114
0.410132
0.410150
0.410160
0.410167
0.410170
0.410171
0.410170
0.410167
0.410163
0.410157
0.410149
0.410141
0.410130
0.410119
0.410106
0.410092
0.410078
0.410062
0.410045
0.410028
0.410009
0.409990
0.409970
0.409950
0.409929
0.409907
0.409885
0.409863
0.409840
0.409817
0.409794
0.409771
0.409747
0.409724
0.409700
0.409677
0.409654
0.409631
0.409608
0.409585
0.409563
0.409541
0.409520
0.409499
0.409478
0.409458
0.409439
0.409420
0.409401
0.409383
0.409366
0.409350
0.409334
0.409318
0.409304
0.409290
0.409277
0.409264
0.409252
0.409241
0.409230
0.409220
0.409211
0.409203
0.409195
0.409188
0.409181
0.409175
0.409170
0.409166
0.409162
0.409158
0.409156
0.409154
0.409152
0.409152
0.409151
0.409152
0.409152
0.409154
0.409156
0.409158
0.409161
0.409165
0.409169
0.409173
0.409178
0.409184
0.409190
0.409196
0.409202
0.409209
0.409217
0.409224
0.409232
0.409241
0.409249
0.409258
0.409267
0.409276
0.409286
0.409296
0.409306
0.409316
0.409326
0.409336
0.409347
0.409357
0.409368
0.409379
0.409390
0.409401
0.409412
0.409423
0.409435
0.409446
0.409457
0.409469
0.409480
0.409492
0.409504
0.409515
0.409527
0.409539
0.409550
0.409562
0.409574
0.409586
0.409598
0.409610
0.409622
0.409634
0.409646
0.409658
0.409670
0.409683
0.409695
0.409708
0.409721
0.409733
0.409746
0.409759
0.409772
0.409785
0.409799
0.409812
0.409826
0.409840
0.409854
0.409868
0.409882
0.409897
0.409912
0.409927
0.409942
0.409957
0.409973
0.409989
0.410005
0.410021
0.410038
0.410055
0.410072
0.410090
0.410108
0.410126
0.410145
0.410163
0.410182
0.410202
0.410222
0.410242
0.410262
0.410283
0.410304
0.410326
0.410348
0.410370
0.410393
0.410416
0.410439
0.410463
0.410487
0.410512
0.410537
0.410562
0.410587
0.410613
0.410640
0.410667
0.410694
0.410721
0.410749
0.410777
0.410806
0.410835
0.410864
0.410893
0.410923
0.410954
0.410984
0.411015
0.411046
0.411077
0.411109
0.411141
0.411173
0.411206
0.411239
0.411272
0.411305
0.411338
0.411372
0.411406
0.411440
0.411474
0.411508
0.411543
0.411578
0.411613
0.411648
0.411683
0.411718
0.411753
0.411789
0.411824
0.411860
0.411896
0.411932
0.411967
0.412003
0.412039
0.412075
0.412111
0.412147
0.412147
0.412183
0.412219
0.412255
0.412291
0.412327
0.412363
0.412399
0.412435
0.412471
0.412507
0.412543
0.412579
0.412614
0.412650
0.412686
0.412721
0.412757
0.412792
0.412827
0.412862
0.412897
0.412932
0.412967
0.413002
0.413036
0.413071
0.413105
0.413140
0.413174
0.413208
0.413242
0.413275
0.413309
0.413342
0.413376
0.413409
0.413442
0.413475
0.413507
0.413540
0.413572
0.413604
0.413636
0.413668
0.413700
0.413731
0.413762
0.413794
0.413824
0.413855
0.413886
0.413916
0.413946
0.413976
0.414006
0.414035
0.414064
0.414093
0.414122
0.414150
0.414179
0.414207
0.414234
0.414262
0.414289
0.414316
0.414342
0.414369
0.414395
0.414420
0.414445
0.414470
0.414495
0.414519
0.414543
0.414566
0.414589
0.414611
0.414633
0.414654
0.414674
0.414694
0.414713
0.414732
0.414749
0.414765
0.414781
0.414795
0.414807
0.414818
0.414827
0.414833
0.414837
0.414836
0.414830
0.414817
0.414792
0.414748
0.414668
0.414502
0.414352
0.414465
0.414281
0.414342
0.414225
0.414467
0.414355
0.414473
0.414383
0.414639
0.414515
0.414613
0.414530
0.414774
0.414641
0.414779
0.414654
0.414932
0.414798
0.414874
0.414822
0.414994
0.414858
0.415078
0.414929
0.415089
0.414959
0.415217
0.415063
0.415185
0.415068
0.415295
0.415137
0.415293
0.415151
0.415374
0.415216
0.415381
0.415236
0.415444
0.415286
0.415456
0.415308
0.415503
0.415349
0.415523
0.415375
0.415558
0.415408
0.415581
0.415435
0.415609
0.415464
0.415633
0.415490
0.415656
0.415517
0.415679
0.415542
0.415701
0.415567
0.415722
0.415592
0.415742
0.415616
0.415762
0.415639
0.415780
0.415663
0.415799
0.415686
0.415816
0.415708
0.415833
0.415731
0.415850
0.415753
0.415865
0.415775
0.415881
0.415796
0.415896
0.415818
0.415910
0.415839
0.415924
0.415861
0.415938
0.415882
0.415951
0.415903
0.415964
0.415923
0.415977
0.415944
0.415990
0.415964
0.416003
0.415983
0.416016
0.416002
0.416029
0.416021
0.416043
0.416039
0.416057
0.416056
0.416071
0.416073
0.416085
0.416089
0.416099
0.416104
0.416113
0.416118
0.416126
0.416133
0.416140
0.416146
0.416153
0.416160
0.416166
0.416172
0.416179
0.416185
0.416191
0.416197
0.416202
0.416208
0.416214
0.416219
0.416224
0.416229
0.416235
0.416239
0.416244
0.416249
0.416254
0.416258
0.416262
0.416267
0.416271
0.416275
0.416279
0.416282
0.416286
0.416289
0.416293
0.416296
0.416299
0.416302
0.416305
0.416308
0.416310
0.416313
0.416315
0.416317
0.416319
0.416321
0.416323
0.416325
0.416326
0.416327
0.416329
0.416330
0.416331
0.416332
0.416332
0.416333
0.416333
0.416334
0.416334
0.416334
0.416333
0.416333
0.416333
0.416332
0.416331
0.416331
0.416330
0.416328
0.416327
0.416326
0.416324
0.416322
0.416321
0.416319
0.416316
0.416314
0.416312
0.416309
0.416306
0.416304
0.416301
0.416297
0.416294
0.416291
0.416287
0.416283
0.416279
0.416275
0.416271
0.416267
0.416262
0.416258
0.416253
0.416248
0.416243
0.416238
0.416232
0.416227
0.416221
0.416215
0.416209
0.416203
0.416197
0.416191
0.416184
0.416178
0.416171
0.416164
0.416157
0.416149
0.416142
0.416135
0.416127
0.416119
0.416111
0.416103
0.416095
0.416086
0.416078
0.416069
0.416060
0.416051
0.416042
0.416033
0.416024
0.416014
0.416004
0.415995
0.415985
0.415975
0.415964
0.415954
0.415943
0.415933
0.415922
0.415911
0.415900
0.415889
0.415877
0.415866
0.415854
0.415843
0.415831
0.415819
0.415807
0.415794
0.415782
0.415769
0.415757
0.415744
0.415731
0.415718
0.415705
0.415691
0.415678
0.415664
0.415650
0.415637
0.415623
0.415609
0.415594
0.415580
0.415565
0.415551
0.415536
0.415521
0.415506
0.415491
0.415476
0.415460
0.415445
0.415429
0.415414
0.415398
0.415382
0.415366
0.415349
0.415333
0.415317
0.415300
0.415283
0.415267
0.415250
0.415233
0.415215
0.415198
0.415181
0.415163
0.415146
0.415128
0.415110
0.415092
0.415074
0.415056
0.415038
0.415020
0.415001
0.414982
0.414964
0.414945
0.414926
0.414907
0.414888
0.414869
0.414850
0.414830
0.414811
0.414791
0.414772
0.414752
0.414732
0.414712
0.414692
0.414672
0.414652
0.414631
0.414611
0.414590
0.414570
0.414549
0.414528
0.414508
0.414487
0.414466
0.414445
0.414423
0.414402
0.414381
0.414359
0.414338
0.414316
0.414295
0.414273
0.414251
0.414229
0.414207
0.414185
0.414163
0.414141
0.414118
0.414096
0.414074
0.414051
0.414028
0.414006
0.413983
0.413960
0.413937
0.413914
0.413891
0.413868
0.413845
0.413821
0.413798
0.413775
0.413751
0.413727
0.413704
0.413680
0.413656
0.413632
0.413608
0.413584
0.413560
0.413536
0.413511
0.413487
0.413462
0.413438
0.413413
0.413388
0.413363
0.413338
0.413313
0.413288
0.413262
0.413237
0.413212
0.413186
0.413160
0.413134
0.413108
0.413082
0.413056
0.413030
0.413004
0.413004
0.412977
0.412951
0.412924
0.412897
0.412870
0.412843
0.412816
0.412789
0.412761
0.412734
0.412706
0.412678
0.412650
0.412622
0.412594
0.412565
0.412537
0.412508
0.412480
0.412451
0.412422
0.412393
0.412364
0.412335
0.412305
0.412276
0.412246
0.412216
0.412187
0.412157
0.412127
0.412097
0.412067
0.412036
0.412006
0.411976
0.411946
0.411915
0.411885
0.411854
0.411824
0.411793
0.411763
0.411733
0.411702
0.411672
0.411641
0.411611
0.411581
0.411550
0.411520
0.411490
0.411460
0.411430
0.411400
0.411371
0.411341
0.411312
0.411282
0.411253
0.411224
0.411195
0.411166
0.411137
0.411109
0.411081
0.411052
0.411024
0.410997
0.410969
0.410941
0.410914
0.410887
0.410860
0.410833
0.410807
0.410780
0.410754
0.410728
0.410702
0.410677
0.410651
0.410626
0.410601
0.410576
0.410551
0.410527
0.410502
0.410478
0.410454
0.410430
0.410406
0.410383
0.410359
0.410336
0.410313
0.410290
0.410267
0.410244
0.410222
0.410200
0.410177
0.410155
0.410133
0.410111
0.410089
0.410068
0.410046
0.410025
0.410004
0.409982
0.409961
0.409940
0.409919
0.409899
0.409878
0.409857
0.409837
0.409816
0.409796
0.409776
0.409755
0.409735
0.409715
0.409695
0.409675
0.409656
0.409636
0.409616
0.409596
0.409577
0.409557
0.409538
0.409518
0.409499
0.409480
0.409460
0.409441
0.409422
0.409403
0.409383
0.409364
0.409345
0.409326
0.409307
0.409288
0.409269
0.409250
0.409232
0.409213
0.409194
0.409175
0.409156
0.409138
0.409119
0.409100
0.409081
0.409063
0.409044
0.409025
0.409007
0.408988
0.408969
0.408951
0.408932
0.408914
0.408895
0.408876
0.408858
0.408839
0.408821
0.408802
0.408784
0.408765
0.408747
0.408728
0.408709
0.408691
0.408672
0.408654
0.408635
0.408617
0.408598
0.408580
0.408561
0.408542
0.408524
0.408505
0.408487
0.408468
0.408450
0.408431
0.408412
0.408394
0.408375
0.408356
0.408338
0.408319
0.408301
0.408282
0.408263
0.408244
0.408226
0.408207
0.408188
0.408170
0.408151
0.408132
0.408113
0.408095
0.408076
0.408057
0.408038
0.408019
0.408000
0.407982
0.407963
0.407944
0.407925
0.407906
0.407887
0.407868
0.407849
0.407830
0.407811
0.407792
0.407773
0.407754
0.407735
0.407716
0.407697
0.407678
0.407658
0.407639
0.407620
0.407601
0.407582
0.407563
0.407543
0.407524
0.407505
0.407486
0.407466
0.407447
0.407428
0.407408
0.407389
0.407370
0.407350
0.407331
0.407311
0.407292
0.407272
0.407253
0.407233
0.407214
0.407194
0.407175
0.407155
0.407135
0.407116
0.407096
0.407076
0.407057
0.407037
0.407017
0.406998
0.406978
0.406958
0.406938
0.406918
0.406899
0.406879
0.406859
0.406839
0.406819
0.406799
0.406779
0.406759
0.406739
0.406719
0.406699
0.406679
0.406659
0.406639
0.406619
0.406599
0.406578
0.406558
0.406538
0.406518
0.406497
0.406477
0.406457
0.406437
0.406416
0.406396
0.406376
0.406355
0.406335
0.406314
0.406294
0.406273
0.406253
0.406232
0.406212
0.406191
0.406171
0.406150
0.406129
0.406109
0.406088
0.406067
0.406047
0.406026
0.406005
0.405984
0.405963
0.405943
0.405922
0.405901
0.405880
0.405859
0.405838
0.405817
0.405796
0.405775
0.405754
0.405733
0.405712
0.405691
0.405670
0.405649
0.405627
0.405606
0.405585
0.405564
0.405543
0.405521
0.405500
0.405479
0.405457
0.405436
0.405414
0.405393
0.405372
0.405350
0.405329
0.405307
0.405286
0.405264
0.405242
0.405221
0.405199
0.405177
0.405156
0.405134
0.405112
0.405091
0.405069
0.405047
0.405025
0.405003
0.404981
0.404960
0.404938
0.404916
0.404894
0.404872
0.404850
0.404828
0.404806
0.404783
0.404761
0.404739
0.404717
0.404695
0.404673
0.404650
0.404628
0.404606
0.404583
0.404561
0.404539
0.404516
0.404494
0.404472
0.404449
0.404427
0.404404
0.404382
0.404359
0.404336
0.404314
0.404291
0.404269
0.404246
0.404223
0.404200
0.404178
0.404155
0.404132
0.404109
0.404086
0.404063
0.404041
0.404018
0.403995
0.403972
0.403949
0.403926
0.403903
0.403880
0.403856
0.403833
0.403810
0.403787
0.403764
0.403741
0.403717
0.403694
0.403671
0.403647
0.403624
0.403601
0.403577
0.403554
0.403530
0.403507
0.403483
0.403460
0.403436
0.403413
0.403389
0.403366
0.403342
0.403318
0.403294
0.403271
0.403247
0.403223
0.403199
0.403176
0.403152
0.403128
0.403104
0.403080
0.403056
0.403032
0.403008
0.402984
0.402960
0.402936
0.402912
0.402888
0.402864
0.402839
0.402815
0.402791
0.402767
0.402742
0.402718
0.402694
0.402669
0.402645
0.402621
0.402596
0.402572
0.402547
0.402523
0.402498
0.402474
0.402449
0.402425
0.402400
0.402375
0.402351
0.402326
0.402301
0.402277
0.402252
0.402227
0.402202
0.402177
0.402152
0.402128
0.402103
0.402078
0.402053
0.402028
0.402003
0.401978
0.401953
0.401928
0.401903
0.401877
0.401852
0.401827
0.401802
0.401802
0.401777
0.401751
0.401726
0.401701
0.401675
0.401650
0.401625
0.401599
0.401574
0.401548
0.401523
0.401498
0.401472
0.401446
0.401421
0.401395
0.401370
0.401344
0.401318
0.401293
0.401267
0.401241
0.401216
0.401190
0.401164
0.401138
0.401112
0.401086
0.401060
0.401035
0.401009
0.400983
0.400957
0.400931
0.400905
0.400879
0.400852
0.400826
0.400800
0.400774
0.400748
0.400722
0.400695
0.400669
0.400643
0.400617
0.400590
0.400564
0.400538
0.400511
0.400485
0.400458
0.400432
0.400405
0.400379
0.400352
0.400326
0.400299
0.400273
0.400246
0.400219
0.400193
0.400166
0.400139
0.400113
0.400086
0.400059
0.400032
0.400005
0.399979
0.399952
0.399925
0.399898
0.399871
0.399844
0.399817
0.399790
0.399763
0.399736
0.399709
0.399682
0.399655
0.399628
0.399600
0.399573
0.399546
0.399519
0.399491
0.399464
0.399437
0.399410
0.399382
0.399355
0.399328
0.399300
0.399273
0.399245
0.399218
0.399190
0.399163
0.399135
0.399108
0.399080
0.399052
0.399025
0.398997
0.398969
0.398942
0.398914
0.398886
0.398859
0.398831
0.398803
0.398775
0.398747
0.398719
0.398692
0.398664
0.398636
0.398608
0.398580
0.398552
0.398524
0.398496
0.398468
0.398440
0.398411
0.398383
0.398355
0.398327
0.398299
0.398271
0.398242
0.398214
0.398186
0.398158
0.398129
0.398101
0.398072
0.398044
0.398016
0.397987
0.397959
0.397930
0.397902
0.397873
0.397845
0.397816
0.397788
0.397759
0.397730
0.397702
0.397673
0.397645
0.397616
0.397587
0.397558
0.397530
0.397501
0.397472
0.397443
0.397414
0.397385
0.397357
0.397328
0.397299
0.397270
0.397241
0.397212
0.397183
0.397154
0.397125
0.397096
0.397067
0.397037
0.397008
0.396979
0.396950
0.396921
0.396892
0.396862
0.396833
0.396804
0.396775
0.396745
0.396716
0.396687
0.396657
0.396628
0.396598
0.396569
0.396540
0.396510
0.396481
0.396451
0.396422
0.396392
0.396362
0.396333
0.396303
0.396274
0.396244
0.396214
0.396185
0.396155
0.396125
0.396095
0.396066
0.396036
0.396006
0.395976
0.395946
0.395916
0.395887
0.395857
0.395827
0.395797
0.395767
0.395737
0.395707
0.395677
0.395647
0.395617
0.395587
0.395557
0.395527
0.395496
0.395466
0.395436
0.395406
0.395376
0.395345
0.395315
0.395285
0.395255
0.395224
0.395194
0.395164
0.395133
0.395103
0.395073
0.395042
0.395012
0.394981
0.394951
0.394920
0.394890
0.394859
0.394829
0.394798
0.394768
0.394737
0.394706
0.394676
0.394645
0.394614
0.394584
0.394553
0.394522
0.394492
0.394461
0.394430
0.394399
0.394368
0.394338
0.394307
0.394276
0.394245
0.394214
0.394183
0.394152
0.394121
0.394090
0.394059
0.394028
0.393997
0.393966
0.393935
0.393904
0.393873
0.393842
0.393811
0.393780
0.393748
0.393717
0.393686
0.393655
0.393624
0.393592
0.393561
0.393530
0.393499
0.393467
0.393436
0.393405
0.393373
0.393342
0.393310
0.393279
0.393248
0.393216
0.393185
0.393153
0.393122
0.393090
0.393059
0.393027
0.392996
0.392964
0.392932
0.392901
0.392869
0.392837
0.392806
0.392774
0.392742
0.392711
0.392679
0.392647
0.392616
0.392584
0.392552
0.392520
0.392488
0.392456
0.392425
0.392393
0.392361
0.392329
0.392297
0.392265
0.392233
0.392201
0.392169
0.392137
0.392105
0.392073
0.392041
0.392009
0.391977
0.391945
0.391913
0.391881
0.391849
0.391817
0.391784
0.391752
0.391720
0.391688
0.391656
0.391623
0.391591
0.391559
0.391527
0.391494
0.391462
0.391430
0.391397
0.391365
0.391333
0.391300
0.391268
0.391236
0.391203
0.391171
0.391138
0.391106
0.391073
0.391041
0.391008
0.390976
0.390943
0.390911
0.390878
0.390846
0.390813
0.390781
0.390748
0.390715
0.390683
0.390650
0.390617
0.390585
0.390552
0.390519
0.390487
0.390454
0.390421
0.390388
0.390356
0.390323
0.390290
0.390257
0.390225
0.390192
0.390159
0.390126
0.390093
0.390060
0.390027
0.389995
0.389962
0.389929
0.389896
0.389863
0.389830
0.389797
0.389764
0.389731
0.389698
0.389665
0.389632
0.389599
0.389566
0.389533
0.389500
0.389467
0.389433
0.389400
0.389367
0.389334
0.389301
0.389268
0.389235
0.389201
0.389168
0.389135
0.389102
0.389069
0.389035
0.389002
0.388969
0.388936
0.388902
0.388869
0.388836
0.388802
0.388769
0.388736
0.388702
0.388669
0.388636
0.388602
0.388569
0.388536
0.388502
0.388469
0.388435
0.388402
0.388369
0.388335
0.388302
0.388268
0.388235
0.388201
0.388168
0.388134
0.388101
0.388067
0.388034
0.388000
0.387967
0.387933
0.387899
0.387866
0.387832
0.387799
0.387765
0.387731
0.387698
0.387664
0.387630
0.387597
0.387563
0.387530
0.387496
0.387462
0.387428
0.387395
0.387361
0.387327
0.387294
0.387260
0.387226
0.387192
0.387159
0.387125
0.387091
0.387057
0.387023
0.386990
0.386956
0.386922
0.386888
0.386854
0.386821
0.386787
0.386753
0.386719
0.386719
0.386685
0.386651
0.386617
0.386584
0.386550
0.386516
0.386482
0.386448
0.386414
0.386380
0.386346
0.386312
0.386278
0.386244
0.386210
0.386176
0.386142
0.386108
0.386074
0.386040
0.386006
0.385972
0.385938
0.385904
0.385870
0.385836
0.385802
0.385768
0.385734
0.385700
0.385666
0.385632
0.385598
0.385564
0.385530
0.385496
0.385462
0.385428
0.385393
0.385359
0.385325
0.385291
0.385257
0.385223
0.385189
0.385155
0.385120
0.385086
0.385052
0.385018
0.384984
0.384950
0.384916
0.384881
0.384847
0.384813
0.384779
0.384745
0.384710
0.384676
0.384642
0.384608
0.384574
0.384539
0.384505
0.384471
0.384437
0.384402
0.384368
0.384334
0.384300
0.384265
0.384231
0.384197
0.384163
0.384128
0.384094
0.384060
0.384026
0.383991
0.383957
0.383923
0.383888
0.383854
0.383820
0.383786
0.383751
0.383717
0.383683
0.383648
0.383614
0.383580
0.383545
0.383511
0.383477
0.383442
0.383408
0.383374
0.383339
0.383305
0.383271
0.383236
0.383202
0.383168
0.383133
0.383099
0.383065
0.383030
0.382996
0.382962
0.382927
0.382893
0.382859
0.382824
0.382790
0.382756
0.382721
0.382687
0.382652
0.382618
0.382584
0.382549
0.382515
0.382481
0.382446
0.382412
0.382377
0.382343
0.382309
0.382274
0.382240
0.382205
0.382171
0.382137
0.382102
0.382068
0.382033
0.381999
0.381965
0.381930
0.381896
0.381861
0.381827
0.381793
0.381758
0.381724
0.381690
0.381655
0.381621
0.381586
0.381552
0.381518
0.381483
0.381449
0.381414
0.381380
0.381345
0.381311
0.381277
0.381242
0.381208
0.381173
0.381139
0.381105
0.381070
0.381036
0.381001
0.380967
0.380933
0.380898
0.380864
0.380829
0.380795
0.380761
0.380726
0.380692
0.380658
0.380623
0.380589
0.380554
0.380520
0.380486
0.380451
0.380417
0.380382
0.380348
0.380314
0.380279
0.380245
0.380211
0.380176
0.380142
0.380107
0.380073
0.380039
0.380004
0.379970
0.379936
0.379901
0.379867
0.379832
0.379798
0.379764
0.379729
0.379695
0.379661
0.379626
0.379592
0.379558
0.379523
0.379489
0.379455
0.379420
0.379386
0.379352
0.379317
0.379283
0.379249
0.379214
0.379180
0.379146
0.379111
0.379077
0.379043
0.379009
0.378974
0.378940
0.378906
0.378871
0.378837
0.378803
0.378769
0.378734
0.378700
0.378666
0.378631
0.378597
0.378563
0.378529
0.378494
0.378460
0.378426
0.378392
0.378358
0.378323
0.378289
0.378255
0.378221
0.378187
0.378152
0.378118
0.378084
0.378050
0.378016
0.377981
0.377947
0.377913
0.377879
0.377845
0.377811
0.377777
0.377742
0.377708
0.377674
0.377640
0.377606
0.377572
0.377538
0.377504
0.377470
0.377436
0.377401
0.377367
0.377333
0.377299
0.377265
0.377231
0.377197
0.377163
0.377129
0.377095
0.377061
0.377027
0.376993
0.376959
0.376925
0.376891
0.376858
0.376824
0.376790
0.376756
0.376722
0.376688
0.376654
0.376620
0.376586
0.376552
0.376519
0.376485
0.376451
0.376417
0.376383
0.376350
0.376316
0.376282
0.376248
0.376214
0.376181
0.376147
0.376113
0.376080
0.376046
0.376012
0.375978
0.375945
0.375911
0.375877
0.375844
0.375810
0.375777
0.375743
0.375709
0.375676
0.375642
0.375609
0.375575
0.375542
0.375508
0.375475
0.375441
0.375408
0.375374
0.375341
0.375307
0.375274
0.375240
0.375207
0.375173
0.375140
0.375107
0.375073
0.375040
0.375006
0.374973
0.374940
0.374906
0.374873
0.374840
0.374807
0.374773
0.374740
0.374707
0.374673
0.374640
0.374607
0.374574
0.374541
0.374507
0.374474
0.374441
0.374408
0.374375
0.374342
0.374308
0.374275
0.374242
0.374209
0.374176
0.374143
0.374110
0.374077
0.374044
0.374010
0.373977
0.373944
0.373911
0.373878
0.373845
0.373812
0.373779
0.373746
0.373713
0.373680
0.373647
0.373614
0.373581
0.373548
0.373515
0.373482
0.373449
0.373416
0.373383
0.373350
0.373317
0.373284
0.373251
0.373219
0.373186
0.373153
0.373120
0.373087
0.373054
0.373021
0.372988
0.372955
0.372922
0.372889
0.372856
0.372823
0.372790
0.372757
0.372725
0.372692
0.372659
0.372626
0.372593
0.372560
0.372527
0.372494
0.372461
0.372428
0.372395
0.372362
0.372329
0.372296
0.372264
0.372231
0.372198
0.372165
0.372132
0.372099
0.372066
0.372033
0.372000
0.371967
0.371934
0.371901
0.371868
0.371835
0.371802
0.371769
0.371736
0.371703
0.371670
0.371637
0.371604
0.371571
0.371538
0.371505
0.371472
0.371439
0.371406
0.371373
0.371340
0.371307
0.371274
0.371241
0.371208
0.371175
0.371142
0.371108
0.371075
0.371042
0.371009
0.370976
0.370943
0.370910
0.370877
0.370844
0.370811
0.370778
0.370744
0.370711
0.370678
0.370645
0.370612
0.370579
0.370546
0.370512
0.370479
0.370446
0.370413
0.370380
0.370347
0.370314
0.370280
0.370247
0.370214
0.370181
0.370148
0.370115
0.370081
0.370048
0.370015
0.369982
0.369949
0.369916
0.369882
0.369849
0.369849
0.369816
0.369783
0.369750
0.369717
0.369683
0.369650
0.369617
0.369584
0.369551
0.369518
0.369484
0.369451
0.369418
0.369385
0.369352
0.369319
0.369286
0.369252
0.369219
0.369186
0.369153
0.369120
0.369087
0.369054
0.369021
0.368987
0.368954
0.368921
0.368888
0.368855
0.368822
0.368789
0.368756
0.368723
0.368690
0.368657
0.368624
0.368591
0.368558
0.368525
0.368492
0.368459
0.368426
0.368393
0.368360
0.368327
0.368294
0.368261
0.368228
0.368195
0.368162
0.368129
0.368096
0.368063
0.368030
0.367997
0.367964
0.367931
0.367898
0.367865
0.367832
0.367799
0.367766
0.367733
0.367700
0.367666
0.367633
0.367600
0.367567
0.367533
0.367500
0.367466
0.367433
0.367399
0.367365
0.367331
0.367297
0.367262
0.367228
0.367193
0.367158
0.367122
0.367086
0.367050
0.367013
0.366976
0.366938
0.366899
0.366860
0.366820
0.366780
0.366739
0.366699
0.366659
0.366620
0.366582
0.366545
0.366510
0.366476
0.366444
0.366412
0.366382
0.366353
0.366324
0.366297
0.366270
0.366244
0.366218
0.366193
0.366168
0.366143
0.366119
0.366095
0.366071
0.366047
0.366024
0.366000
0.365977
0.365954
0.365931
0.365908
0.365885
0.365862
0.365839
0.365817
0.365794
0.365771
0.365748
0.365724
0.365701
0.365677
0.365654
0.365629
0.365605
0.365580
0.365555
0.365530
0.365504
0.365478
0.365452
0.365426
0.365399
0.365372
0.365344
0.365316
0.365288
0.365260
0.365232
0.365203
0.365174
0.365145
0.365115
0.365086
0.365056
0.365026
0.364996
0.364965
0.364935
0.364904
0.364874
0.364843
0.364812
0.364781
0.364750
0.364719
0.364688
0.364656
0.364625
0.364593
0.364562
0.364530
0.364499
0.364467
0.364436
0.364404
0.364373
0.364341
0.364309
0.364278
0.364246
0.364215
0.364183
0.364152
0.364120
0.364089
0.364057
0.364026
0.363995
0.363963
0.363932
0.363901
0.363869
0.363838
0.363807
0.363776
0.363745
0.363714
0.363683
0.363652
0.363621
0.363590
0.363560
0.363529
0.363498
0.363467
0.363437
0.363406
0.363376
0.363345
0.363315
0.363284
0.363254
0.363224
0.363193
0.363163
0.363133
0.363103
0.363072
0.363042
0.363012
0.362982
0.362952
0.362922
0.362892
0.362862
0.362832
0.362803
0.362773
0.362743
0.362713
0.362684
0.362654
0.362624
0.362595
0.362565
0.362535
0.362506
0.362476
0.362447
0.362417
0.362388
0.362359
0.362329
0.362300
0.362271
0.362241
0.362212
0.362183
0.362153
0.362124
0.362095
0.362066
0.362037
0.362008
0.361979
0.361950
0.361921
0.361891
0.361863
0.361834
0.361805
0.361776
0.361747
0.361718
0.361689
0.361660
0.361631
0.361603
0.361574
0.361545
0.361516
0.361488
0.361459
0.361430
0.361402
0.361373
0.361344
0.361316
0.361287
0.361259
0.361230
0.361202
0.361173
0.361145
0.361116
0.361088
0.361060
0.361031
0.361003
0.360975
0.360946
0.360918
0.360890
0.360861
0.360833
0.360805
0.360777
0.360749
0.360721
0.360692
0.360664
0.360636
0.360608
0.360580
0.360552
0.360524
0.360496
0.360468
0.360440
0.360412
0.360385
0.360357
0.360329
0.360301
0.360273
0.360245
0.360218
0.360190
0.360162
0.360135
0.360107
0.360079
0.360052
0.360024
0.359996
0.359969
0.359941
0.359914
0.359886
0.359858
0.359831
0.359804
0.359776
0.359749
0.359721
0.359694
0.359666
0.359639
0.359612
0.359584
0.359557
0.359530
0.359502
0.359475
0.359448
0.359421
0.359393
0.359366
0.359339
0.359312
0.359285
0.359258
0.359231
0.359204
0.359176
0.359149
0.359122
0.359095
0.359068
0.359041
0.359014
0.358987
0.358960
0.358934
0.358907
0.358880
0.358853
0.358826
0.358799
0.358772
0.358745
0.358719
0.358692
0.358665
0.358638
0.358612
0.358585
0.358558
0.358532
0.358505
0.358478
0.358452
0.358425
0.358398
0.358372
0.358345
0.358319
0.358292
0.358265
0.358239
0.358212
0.358186
0.358159
0.358133
0.358107
0.358080
0.358054
0.358027
0.358001
0.357974
0.357948
0.357922
0.357895
0.357869
0.357843
0.357817
0.357790
0.357764
0.357738
0.357712
0.357685
0.357659
0.357633
0.357607
0.357581
0.357554
0.357528
0.357502
0.357476
0.357450
0.357424
0.357398
0.357372
0.357346
0.357320
0.357294
0.357268
0.357242
0.357216
0.357190
0.357164
0.357138
0.357112
0.357086
0.357060
0.357034
0.357009
0.356983
0.356957
0.356931
0.356905
0.356880
0.356854
0.356828
0.356802
0.356777
0.356751
0.356725
0.356700
0.356674
0.356648
0.356623
0.356597
0.356571
0.356546
0.356520
0.356495
0.356469
0.356444
0.356418
0.356392
0.356367
0.356342
0.356316
0.356291
0.356265
0.356240
0.356214
0.356189
0.356164
0.356138
0.356113
0.356088
0.356062
0.356037
0.356012
0.355986
0.355961
0.355936
0.355911
0.355885
0.355860
0.355835
0.355810
0.355785
0.355760
0.355734
0.355709
0.355684
0.355659
0.355634
0.355609
0.355584
0.355559
0.355534
0.355509
0.355484
0.355459
0.355434
0.355434
0.355409
0.355384
0.355359
0.355334
0.355310
0.355285
0.355260
0.355235
0.355210
0.355185
0.355161
0.355136
0.355111
0.355086
0.355062
0.355037
0.355012
0.354988
0.354963
0.354938
0.354914
0.354889
0.354864
0.354840
0.354815
0.354791
0.354766
0.354742
0.354717
0.354693
0.354668
0.354644
0.354619
0.354595
0.354571
0.354546
0.354522
0.354497
0.354473
0.354449
0.354424
0.354400
0.354376
0.354352
0.354327
0.354303
0.354279
0.354255
0.354231
0.354206
0.354182
0.354158
0.354134
0.354110
0.354086
0.354062
0.354038
0.354014
0.353990
0.353966
0.353942
0.353918
0.353894
0.353870
0.353846
0.353822
0.353798
0.353774
0.353750
0.353727
0.353703
0.353679
0.353655
0.353631
0.353608
0.353584
0.353560
0.353537
0.353513
0.353489
0.353466
0.353442
0.353418
0.353395
0.353371
0.353348
0.353324
0.353301
0.353277
0.353254
0.353230
0.353207
0.353183
0.353160
0.353137
0.353113
0.353090
0.353066
0.353043
0.353020
0.352997
0.352973
0.352950
0.352927
0.352904
0.352880
0.352857
0.352834
0.352811
0.352788
0.352765
0.352742
0.352719
0.352696
0.352673
0.352650
0.352627
0.352604
0.352581
0.352558
0.352535
0.352512
0.352489
0.352466
0.352443
0.352421
0.352398
0.352375
0.352352
0.352329
0.352307
0.352284
0.352261
0.352239
0.352216
0.352193
0.352171
0.352148
0.352126
0.352103
0.352081
0.352058
0.352036
0.352013
0.351991
0.351968
0.351946
0.351924
0.351901
0.351879
0.351856
0.351834
0.351812
0.351790
0.351767
0.351745
0.351723
0.351701
0.351679
0.351657
0.351634
0.351612
0.351590
0.351568
0.351546
0.351524
0.351502
0.351480
0.351458
0.351436
0.351414
0.351393
0.351371
0.351349
0.351327
0.351305
0.351283
0.351262
0.351240
0.351218
0.351197
0.351175
0.351153
0.351132
0.351110
0.351088
0.351067
0.351045
0.351024
0.351002
0.350981
0.350959
0.350938
0.350917
0.350895
0.350874
0.350852
0.350831
0.350810
0.350789
0.350767
0.350746
0.350725
0.350704
0.350683
0.350661
0.350640
0.350619
0.350598
0.350577
0.350556
0.350535
0.350514
0.350493
0.350472
0.350451
0.350431
0.350410
0.350389
0.350368
0.350347
0.350326
0.350306
0.350285
0.350264
0.350244
0.350223
0.350202
0.350182
0.350161
0.350141
0.350120
0.350100
0.350079
0.350059
0.350038
0.350018
0.349998
0.349977
0.349957
0.349937
0.349916
0.349896
0.349876
0.349856
0.349835
0.349815
0.349795
0.349775
0.349755
0.349735
0.349715
0.349695
0.349675
0.349655
0.349635
0.349615
0.349595
0.349575
0.349555
0.349536
0.349516
0.349496
0.349476
0.349457
0.349437
0.349417
0.349398
0.349378
0.349359
0.349339
0.349319
0.349300
0.349280
0.349261
0.349242
0.349222
0.349203
0.349183
0.349164
0.349145
0.349126
0.349106
0.349087
0.349068
0.349049
0.349030
0.349010
0.348991
0.348972
0.348953
0.348934
0.348915
0.348896
0.348877
0.348858
0.348840
0.348821
0.348802
0.348783
0.348764
0.348746
0.348727
0.348708
0.348689
0.348671
0.348652
0.348634
0.348615
0.348596
0.348578
0.348559
0.348541
0.348523
0.348504
0.348486
0.348467
0.348449
0.348431
0.348412
0.348394
0.348376
0.348358
0.348340
0.348322
0.348303
0.348285
0.348267
0.348249
0.348231
0.348213
0.348195
0.348177
0.348159
0.348142
0.348124
0.348106
0.348088
0.348070
0.348053
0.348035
0.348017
0.348000
0.347982
0.347964
0.347947
0.347929
0.347912
0.347894
0.347877
0.347859
0.347842
0.347825
0.347807
0.347790
0.347773
0.347755
0.347738
0.347721
0.347704
0.347687
0.347669
0.347652
0.347635
0.347618
0.347601
0.347584
0.347567
0.347550
0.347533
0.347517
0.347500
0.347483
0.347466
0.347449
0.347433
0.347416
0.347399
0.347383
0.347366
0.347349
0.347333
0.347316
0.347300
0.347283
0.347267
0.347250
0.347234
0.347218
0.347201
0.347185
0.347169
0.347152
0.347136
0.347120
0.347104
0.347088
0.347072
0.347056
0.347039
0.347023
0.347007
0.346991
0.346976
0.346960
0.346944
0.346928
0.346912
0.346896
0.346881
0.346865
0.346849
0.346833
0.346818
0.346802
0.346787
0.346771
0.346756
0.346740
0.346725
0.346709
0.346694
0.346678
0.346663
0.346648
0.346632
0.346617
0.346602
0.346587
0.346572
0.346556
0.346541
0.346526
0.346511
0.346496
0.346481
0.346466
0.346451
0.346436
0.346422
0.346407
0.346392
0.346377
0.346362
0.346348
0.346333
0.346318
0.346304
0.346289
0.346275
0.346260
0.346246
0.346231
0.346217
0.346202
0.346188
0.346174
0.346159
0.346145
0.346131
0.346117
0.346103
0.346088
0.346074
0.346060
0.346046
0.346032
0.346018
0.346004
0.345990
0.345976
0.345963
0.345949
0.345935
0.345921
0.345908
0.345894
0.345880
0.345867
0.345853
0.345839
0.345826
0.345813
0.345799
0.345786
0.345772
0.345759
0.345746
0.345732
0.345719
0.345706
0.345693
0.345680
0.345666
0.345653
0.345640
0.345627
0.345614
0.345601
0.345601
0.345589
0.345576
0.345563
0.345550
0.345537
0.345525
0.345512
0.345499
0.345487
0.345474
0.345462
0.345449
0.345437
0.345424
0.345412
0.345400
0.345387
0.345375
0.345363
0.345350
0.345338
0.345326
0.345314
0.345302
0.345290
0.345278
0.345266
0.345254
0.345242
0.345231
0.345219
0.345207
0.345195
0.345184
0.345172
0.345160
0.345149
0.345137
0.345126
0.345115
0.345103
0.345092
0.345081
0.345069
0.345058
0.345047
0.345036
0.345025
0.345014
0.345003
0.344992
0.344981
0.344970
0.344959
0.344948
0.344937
0.344927
0.344916
0.344905
0.344895
0.344884
0.344874
0.344863
0.344853
0.344843
0.344832
0.344822
0.344812
0.344802
0.344791
0.344781
0.344771
0.344761
0.344751
0.344741
0.344732
0.344722
0.344712
0.344702
0.344693
0.344683
0.344673
0.344664
0.344654
0.344645
0.344636
0.344626
0.344617
0.344608
0.344598
0.344589
0.344580
0.344571
0.344562
0.344553
0.344544
0.344536
0.344527
0.344518
0.344509
0.344501
0.344492
0.344484
0.344475
0.344467
0.344458
0.344450
0.344442
0.344433
0.344425
0.344417
0.344409
0.344401
0.344393
0.344385
0.344377
0.344370
0.344362
0.344354
0.344347
0.344339
0.344332
0.344324
0.344317
0.344309
0.344302
0.344295
0.344288
0.344281
0.344274
0.344267
0.344260
0.344253
0.344246
0.344239
0.344232
0.344226
0.344219
0.344213
0.344206
0.344200
0.344194
0.344187
0.344181
0.344175
0.344169
0.344163
0.344157
0.344151
0.344145
0.344139
0.344133
0.344128
0.344122
0.344116
0.344111
0.344105
0.344100
0.344095
0.344089
0.344084
0.344079
0.344074
0.344069
0.344064
0.344059
0.344054
0.344050
0.344045
0.344040
0.344036
0.344031
0.344027
0.344022
0.344018
0.344014
0.344009
0.344005
0.344001
0.343997
0.343993
0.343989
0.343985
0.343982
0.343978
0.343974
0.343970
0.343967
0.343963
0.343960
0.343957
0.343953
0.343950
0.343947
0.343944
0.343940
0.343937
0.343934
0.343931
0.343929
0.343926
0.343923
0.343920
0.343918
0.343915
0.343912
0.343910
0.343907
0.343905
0.343903
0.343900
0.343898
0.343896
0.343894
0.343891
0.343889
0.343887
0.343885
0.343883
0.343881
0.343880
0.343878
0.343876
0.343874
0.343872
0.343871
0.343869
0.343867
0.343866
0.343864
0.343863
0.343861
0.343860
0.343859
0.343857
0.343856
0.343854
0.343853
0.343852
0.343851
0.343849
0.343848
0.343847
0.343846
0.343845
0.343843
0.343842
0.343841
0.343840
0.343839
0.343838
0.343837
0.343836
0.343835
0.343834
0.343833
0.343832
0.343831
0.343830
0.343829
0.343828
0.343827
0.343826
0.343825
0.343824
0.343823
0.343822
0.343821
0.343820
0.343819
0.343818
0.343817
0.343816
0.343814
0.343813
0.343812
0.343811
0.343810
0.343809
0.343808
0.343807
0.343805
0.343804
0.343803
0.343802
0.343800
0.343799
0.343798
0.343796
0.343795
0.343794
0.343792
0.343791
0.343789
0.343788
0.343786
0.343784
0.343783
0.343781
0.343780
0.343778
0.343776
0.343774
0.343772
0.343771
0.343769
0.343767
0.343765
0.343763
0.343761
0.343759
0.343757
0.343755
0.343752
0.343750
0.343748
0.343746
0.343743
0.343741
0.343738
0.343736
0.343733
0.343731
0.343728
0.343726
0.343723
0.343720
0.343717
0.343715
0.343712
0.343709
0.343706
0.343703
0.343700
0.343697
0.343694
0.343691
0.343687
0.343684
0.343681
0.343678
0.343674
0.343671
0.343667
0.343664
0.343660
0.343657
0.343653
0.343649
0.343646
0.343642
0.343638
0.343634
0.343630
0.343626
0.343622
0.343618
0.343614
0.343610
0.343606
0.343601
0.343597
0.343593
0.343589
0.343584
0.343580
0.343575
0.343571
0.343566
0.343561
0.343557
0.343552
0.343547
0.343542
0.343538
0.343533
0.343528
0.343523
0.343518
0.343513
0.343508
0.343503
0.343497
0.343492
0.343487
0.343482
0.343476
0.343471
0.343466
0.343460
0.343455
0.343449
0.343443
0.343438
0.343432
0.343427
0.343421
0.343415
0.343409
0.343403
0.343398
0.343392
0.343386
0.343380
0.343374
0.343368
0.343361
0.343355
0.343349
0.343343
0.343337
0.343331
0.343324
0.343318
0.343312
0.343305
0.343299
0.343292
0.343286
0.343279
0.343273
0.343266
0.343260
0.343253
0.343246
0.343239
0.343233
0.343226
0.343219
0.343212
0.343206
0.343199
0.343192
0.343185
0.343178
0.343171
0.343164
0.343157
0.343150
0.343143
0.343136
0.343129
0.343121
0.343114
0.343107
0.343100
0.343093
0.343085
0.343078
0.343071
0.343064
0.343056
0.343049
0.343041
0.343034
0.343027
0.343019
0.343012
0.343004
0.342997
0.342989
0.342982
0.342974
0.342967
0.342959
0.342952
0.342944
0.342937
0.342929
0.342921
0.342914
0.342906
0.342898
0.342891
0.342883
0.342875
0.342868
0.342860
0.342852
0.342844
0.342837
0.342829
0.342821
0.342813
0.342806
0.342798
0.342790
0.342782
0.342775
0.342767
0.342759
0.342751
0.342743
0.342736
0.342728
0.342720
0.342712
0.342704
0.342696
0.342696
0.342689
0.342681
0.342673
0.342665
0.342657
0.342649
0.342642
0.342634
0.342626
0.342618
0.342610
0.342602
0.342595
0.342587
0.342579
0.342571
0.342563
0.342556
0.342548
0.342540
0.342532
0.342524
0.342517
0.342509
0.342501
0.342493
0.342486
0.342478
0.342470
0.342462
0.342455
0.342447
0.342439
0.342431
0.342424
0.342416
0.342408
0.342401
0.342393
0.342385
0.342378
0.342370
0.342363
0.342355
0.342347
0.342340
0.342332
0.342325
0.342317
0.342310
0.342302
0.342295
0.342287
0.342280
0.342272
0.342265
0.342257
0.342250
0.342242
0.342235
0.342228
0.342220
0.342213
0.342205
0.342198
0.342191
0.342184
0.342175
0.342170
0.342159
0.342159
0.342140
0.342153
0.342111
0.342164
0.342049
0.342218
0.341910
0.342299
0.341907
0.342273
0.341885
0.342276
0.341936
0.342225
0.341901
0.342252
0.341927
0.342228
0.341911
0.342239
0.341918
0.342215
0.341899
0.342217
0.341901
0.342209
0.341900
0.342218
0.341910
0.342222
0.341915
0.342229
0.341922
0.342232
0.341927
0.342236
0.341931
0.342238
0.341933
0.342239
0.341934
0.342238
0.341934
0.342236
0.341932
0.342233
0.341930
0.342229
0.341926
0.342224
0.341922
0.342219
0.341917
0.342212
0.341911
0.342205
0.341904
0.342197
0.341896
0.342189
0.341888
0.342180
0.341880
0.342171
0.341871
0.342162
0.341862
0.342153
0.341853
0.342144
0.341844
0.342135
0.341835
0.342126
0.341826
0.342117
0.341817
0.342109
0.341808
0.342100
0.341800
0.342092
0.341791
0.342084
0.341783
0.342076
0.341775
0.342068
0.341766
0.342061
0.341759
0.342054
0.341751
0.342047
0.341743
0.342040
0.341736
0.342034
0.341729
0.342027
0.341722
0.342021
0.341716
0.342015
0.341709
0.342010
0.341703
0.342004
0.341697
0.341999
0.341691
0.341994
0.341686
0.341990
0.341681
0.341985
0.341675
0.341981
0.341670
0.341977
0.341666
0.341973
0.341661
0.341969
0.341657
0.341966
0.341653
0.341962
0.341649
0.341959
0.341645
0.341956
0.341641
0.341953
0.341638
0.341951
0.341634
0.341948
0.341631
0.341946
0.341628
0.341944
0.341625
0.341941
0.341623
0.341940
0.341620
0.341938
0.341618
0.341936
0.341615
0.341935
0.341613
0.341933
0.341611
0.341932
0.341609
0.341931
0.341608
0.341929
0.341606
0.341928
0.341604
0.341927
0.341603
0.341927
0.341601
0.341926
0.341600
0.341925
0.341599
0.341924
0.341597
0.341924
0.341596
0.341923
0.341595
0.341923
0.341594
0.341922
0.341593
0.341922
0.341592
0.341922
0.341591
0.341921
0.341591
0.341921
0.341590
0.341921
0.341589
0.341920
0.341588
0.341920
0.341587
0.341920
0.341587
0.341919
0.341586
0.341919
0.341585
0.341919
0.341585
0.341919
0.341584
0.341918
0.341583
0.341918
0.341583
0.341918
0.341582
0.341918
0.341581
0.341918
0.341581
0.341917
0.341580
0.341917
0.341579
0.341917
0.341579
0.341917
0.341578
0.341916
0.341577
0.341916
0.341577
0.341916
0.341576
0.341916
0.341576
0.341916
0.341575
0.341915
0.341574
0.341915
0.341574
0.341915
0.341573
0.341915
0.341573
0.341915
0.341572
0.341915
0.341572
0.341914
0.341571
0.341915
0.341571
0.341914
0.341569
0.341915
0.341572
0.341913
0.341565
0.341917
0.341578
0.341909
0.341553
0.341921
0.341602
0.341891
0.341529
0.341928
0.341665
0.341803
0.341624
0.341887
0.341481
0.341925
0.341729
0.341634
0.341873
0.341512
0.341910
0.341663
0.341732
0.341702
0.341770
0.341622
0.341855
0.341377
0.341945
0.341809
0.341341
0.341950
0.341801
0.341460
0.341866
0.341708
0.341673
0.341793
0.341640
0.341863
0.341517
0.341906
0.341639
0.341745
0.341579
0.341808
0.341382
0.341869
0.341731
0.341453
0.341919
0.341747
0.341625
0.341867
0.341521
0.341922
0.341658
0.341816
0.341611
0.341904
0.341468
0.341905
0.341698
0.341599
0.341838
0.341458
0.341885
0.341686
0.341597
0.341848
0.341467
0.341902
0.341716
0.341550
0.341874
0.341493
0.341880
0.341587
0.341796
0.341485
0.341883
0.341607
0.341763
0.341522
0.341869
0.341455
0.341874
0.341576
0.341798
0.341461
0.341880
0.341647
0.341650
0.341735
0.341571
0.341849
0.341322
0.341947
0.341800
0.341296
0.341966
0.341795
0.341456
0.341851
0.341696
0.341670
0.341776
0.341638
0.341859
0.341492
0.341912
0.341700
0.341607
0.341807
0.341417
0.341864
0.341702
0.341487
0.341917
0.341652
0.341854
0.341550
0.341954
0.341644
0.341887
0.341498
0.341962
0.341794
0.341511
0.341930
0.341708
0.341699
0.341764
0.341620
0.341868
0.341366
0.341989
0.341844
0.341328
0.342005
0.341827
0.341477
0.341877
0.341725
0.341687
0.341817
0.341650
0.341912
0.341518
0.341950
0.341751
0.341601
0.341869
0.341443
0.341892
0.341726
0.341542
0.341938
0.341613
0.341952
0.341535
0.341990
0.341773
0.341737
0.341877
0.341581
0.341962
0.341624
0.341915
0.341439
0.342004
0.341872
0.341387
0.342011
0.342011
0.341873
0.341513
0.341948
0.341811
0.341686
0.341914
0.341621
0.341970
0.341638
0.341950
0.341533
0.341961
0.341749
0.341658
0.341875
0.341481
0.341967
0.341835
0.341510
0.342024
0.341894
0.341582
0.342012
0.341826
0.341730
0.341948
0.341581
0.342024
0.341834
0.341680
0.341991
0.341544
0.341997
0.341826
0.341566
0.341991
0.341751
0.341838
0.341724
0.341933
0.341480
0.342055
0.341933
0.341387
0.342151
0.341934
0.341537
0.341993
0.341874
0.341693
0.341986
0.341712
0.342031
0.341670
0.342057
0.341742
0.341978
0.341559
0.342021
0.341867
0.341557
0.342040
0.341888
0.341698
0.342065
0.341698
0.342098
0.341725
0.342111
0.341688
0.342123
0.341843
0.341966
0.341753
0.342073
0.341538
0.342142
0.342016
0.341500
0.342211
0.342034
0.341648
0.342092
0.341958
0.341811
0.342071
0.341764
0.342133
0.341799
0.342113
0.341666
0.342125
0.341952
0.341671
0.342094
0.341857
0.341934
0.341867
0.342036
0.341681
0.342180
0.342017
0.341679
0.342193
0.342045
0.341632
0.342168
0.342056
0.341632
0.342200
0.342101
0.341733
0.342194
0.342055
0.341828
0.342153
0.341822
0.342143
0.341726
0.342172
0.341944
0.341936
0.342017
0.341812
0.342145
0.341553
0.342308
0.342123
0.341562
0.342377
0.342155
0.341786
0.342220
0.342075
0.342005
0.342179
0.341933
0.342284
0.341872
0.342284
0.341951
0.342176
0.341724
0.342234
0.342108
0.341632
0.342335
0.342202
0.341775
0.342329
0.342227
0.341921
0.342321
0.342104
0.342175
0.342079
0.342222
0.341878
0.342310
0.342046
0.342062
0.342078
0.341998
0.342136
0.341676
0.342346
0.342211
0.341509
0.342592
0.342288
0.341950
0.342295
0.342116
0.342203
0.342080
0.342266
0.341970
0.342389
0.342071
0.342287
0.341816
0.342320
0.342181
0.341635
0.342419
0.342235
0.341809
0.342392
0.342304
0.342013
0.342409
0.342179
0.342310
0.342106
0.342397
0.341900
0.342437
0.342306
0.341801
0.342466
0.342313
0.341866
0.342409
0.342313
0.342027
0.342452
0.342234
0.342346
0.342190
0.342429
0.341934
0.342504
0.342373
0.341805
0.342570
0.342367
0.341931
0.342449
0.342342
0.342103
0.342477
0.342200
0.342480
0.342081
0.342533
0.342299
0.342221
0.342373
0.341976
0.342456
0.342286
0.341946
0.342487
0.342344
0.341999
0.342502
0.342341
0.342076
0.342510
0.342194
0.342455
0.341978
0.342549
0.342424
0.341871
0.342620
0.342426
0.341963
0.342505
0.342401
0.342086
0.342499
0.342286
0.342373
0.342258
0.342448
0.342016
0.342543
0.342413
0.341868
0.342656
0.342443
0.341940
0.342581
0.342481
0.342137
0.342602
0.342434
0.342416
0.342506
0.342316
0.342605
0.342023
0.342716
0.342536
0.341928
0.342753
0.342525
0.342105
0.342613
0.342502
0.342322
0.342659
0.342325
0.342724
0.342332
0.342712
0.342239
0.342688
0.342392
0.342472
0.342317
0.342588
0.341979
0.342867
0.342604
0.341972
0.342930
0.342650
0.342244
0.342705
0.342563
0.342447
0.342675
0.342363
0.342775
0.342415
0.342729
0.342185
0.342756
0.342615
0.342052
0.342802
0.342636
0.342191
0.342766
0.342673
0.342376
0.342801
0.342550
0.342706
0.342438
0.342806
0.342302
0.342807
0.342606
0.342348
0.342766
0.342365
0.342755
0.342203
0.342836
0.342721
0.342209
0.342942
0.342786
0.342297
0.342875
0.342765
0.342399
0.342853
0.342665
0.342601
0.342738
0.342431
0.342842
0.342423
0.342824
0.342248
0.342874
0.342737
0.342169
0.342974
0.342786
0.342312
0.342929
0.342836
0.342493
0.342942
0.342728
0.342750
0.342722
0.342722
0.342659
0.342720
0.342458
0.342881
0.342196
0.343039
0.342779
0.342110
0.343154
0.342844
0.342365
0.342991
0.342910
0.342632
0.343028
0.342753
0.342984
0.342585
0.343026
0.342738
0.342776
0.342663
0.342819
0.342341
0.342982
0.342861
0.342142
0.343296
0.342978
0.342444
0.343073
0.342973
0.342704
0.343062
0.342781
0.343088
0.342670
0.343138
0.342875
0.342841
0.342871
0.342677
0.342973
0.342230
0.343343
0.343016
0.342286
0.343346
0.343053
0.342698
0.343109
0.342921
0.343019
0.342946
0.343104
0.342818
0.343215
0.342691
0.343167
0.342853
0.342883
0.342799
0.342923
0.342562
0.343118
0.342885
0.342794
0.343144
0.342405
0.343484
0.343123
0.342326
0.343462
0.343145
0.342762
0.343181
0.343011
0.343015
0.343031
0.342991
0.343053
0.342861
0.343156
0.342446
0.343418
0.343049
0.342368
0.343386
0.343091
0.342684
0.343236
0.343130
0.343000
0.343306
0.342944
0.343395
0.343037
0.343290
0.342755
0.343332
0.343184
0.342598
0.343393
0.343212
0.342711
0.343359
0.343263
0.342885
0.343380
0.343184
0.343142
0.343242
0.343000
0.343355
0.342730
0.343438
0.343267
0.342632
0.343501
0.343258
0.342778
0.343367
0.343268
0.342967
0.343414
0.343132
0.343361
0.342962
0.343436
0.343129
0.343208
0.343004
0.343319
0.342610
0.343620
0.343262
0.343262
0.342629
0.343606
0.343336
0.342906
0.343430
0.343292
0.343131
0.343435
0.343031
0.343512
0.343216
0.343300
0.343088
0.343384
0.342686
0.343635
0.343300
0.342685
0.343631
0.343384
0.342945
0.343493
0.343368
0.343160
0.343524
0.343118
0.343580
0.343215
0.343493
0.342938
0.343557
0.343413
0.342801
0.343640
0.343439
0.342938
0.343580
0.343484
0.343106
0.343604
0.343395
0.343385
0.343428
0.343293
0.343512
0.342913
0.343720
0.343486
0.342783
0.343827
0.343489
0.343003
0.343616
0.343520
0.343216
0.343675
0.343385
0.343647
0.343209
0.343714
0.343455
0.343341
0.343534
0.343020
0.343660
0.343528
0.342852
0.343907
0.343583
0.343083
0.343740
0.343633
0.343250
0.343742
0.343520
0.343562
0.343510
0.343567
0.343373
0.343672
0.342897
0.344030
0.343621
0.342851
0.343988
0.343642
0.343221
0.343750
0.343613
0.343549
0.343752
0.343471
0.343887
0.343374
0.343867
0.343521
0.343639
0.343314
0.343757
0.343174
0.343798
0.343620
0.343281
0.343856
0.343617
0.343533
0.343742
0.343228
0.343924
0.343781
0.343074
0.344153
0.343786
0.343255
0.343903
0.343784
0.343384
0.343878
0.343672
0.343677
0.343701
0.343613
0.343749
0.343302
0.343872
0.343695
0.343169
0.343946
0.343773
0.343122
0.344082
0.343839
0.343347
0.344029
0.343934
0.343541
0.344040
0.343806
0.343795
0.343795
0.343711
0.343821
0.343423
0.343959
0.343658
0.343651
0.343716
0.343505
0.343930
0.342952
0.344305
0.344285
0.343666
0.343928
0.343887
0.343879
0.343762
0.343859
0.343700
0.344077
0.343459
0.344264
0.344018
0.343316
0.344194
0.343912
0.343411
0.344041
0.343955
0.343638
0.344152
0.343871
0.344089
0.343684
0.344182
0.343815
0.344027
0.343509
0.344149
0.344000
0.343380
0.344297
0.344058
0.343496
0.344254
0.344130
0.343654
0.344245
0.344107
0.343820
0.344239
0.343801
0.344239
0.343714
0.344227
0.343838
0.344125
0.343527
0.344275
0.344114
0.343436
0.344441
0.344155
0.343665
0.344297
0.344178
0.343817
0.344305
0.343999
0.344213
0.343792
0.344316
0.343990
0.344081
0.343830
0.344231
0.343420
0.344594
0.344137
0.343512
0.344477
0.344235
0.343773
0.344344
0.344195
0.344011
0.344361
0.343859
0.344431
0.344224
0.343888
0.344353
0.343908
0.344309
0.343614
0.344458
0.344262
0.343636
0.344552
0.344337
0.343821
0.344457
0.344341
0.343957
0.344469
0.344196
0.344302
0.344075
0.344422
0.343698
0.344667
0.344309
0.343714
0.344551
0.344365
0.343842
0.344487
0.344385
0.344011
0.344560
0.344304
0.344372
0.344226
0.344438
0.343845
0.344604
0.344410
0.343652
0.344812
0.344401
0.343908
0.344554
0.344436
0.344099
0.344601
0.344263
0.344591
0.344020
0.344679
0.344521
0.343913
0.344681
0.344508
0.343922
0.344646
0.344531
0.344042
0.344669
0.344540
0.344206
0.344685
0.344289
0.344656
0.344008
0.344756
0.344592
0.343947
0.344812
0.344608
0.344063
0.344729
0.344618
0.344199
0.344757
0.344531
0.344496
0.344573
0.344342
0.344721
0.343892
0.345090
0.344590
0.344012
0.344828
0.344658
0.344157
0.344771
0.344638
0.344387
0.344846
0.344348
0.344886
0.344507
0.344716
0.344192
0.344810
0.344625
0.344097
0.344834
0.344700
0.344083
0.344943
0.344765
0.344190
0.344931
0.344812
0.344314
0.344917
0.344764
0.344436
0.344894
0.344438
0.344893
0.344283
0.344910
0.344699
0.344360
0.344883
0.344449
0.344878
0.344108
0.345172
0.344810
0.344275
0.345037
0.344894
0.344363
0.345006
0.344876
0.344458
0.345028
0.344781
0.344733
0.344809
0.344534
0.344975
0.344121
0.345337
0.344810
0.344310
0.345043
0.344898
0.344410
0.345040
0.344893
0.344616
0.345119
0.344599
0.345144
0.344705
0.345038
0.344288
0.345299
0.344916
0.344359
0.345145
0.345002
0.344461
0.345149
0.345037
0.344566
0.345193
0.345025
0.344702
0.345173
0.344650
0.345175
0.344666
0.345160
0.344451
0.345255
0.345067
0.344405
0.345361
0.345113
0.344558
0.345279
0.345162
0.344680
0.345294
0.345117
0.344842
0.345270
0.344656
0.345305
0.345115
0.344607
0.345285
0.345135
0.344590
0.345310
0.345180
0.344605
0.345389
0.345254
0.344671
0.345413
0.345279
0.344726
0.345394
0.345258
0.344781
0.345378
0.345178
0.344930
0.345338
0.344658
0.345475
0.345273
0.344588
0.345566
0.345294
0.344752
0.345432
0.345304
0.344879
0.345461
0.345192
0.345236
0.345134
0.345284
0.344802
0.345430
0.345191
0.344739
0.345403
0.345181
0.344800
0.345401
0.344983
0.345392
0.344507
0.345903
0.345444
0.344576
0.345844
0.345426
0.344975
0.345498
0.345267
0.345298
0.345252
0.345320
0.345130
0.345463
0.344521
0.345885
0.345546
0.344817
0.345512
0.345333
0.345173
0.345445
0.345022
0.345690
0.345389
0.345528
0.345223
0.345663
0.344759
0.345959
0.345369
0.344984
0.345605
0.345311
0.345416
0.345183
0.345641
0.344751
0.344751
0.346143
0.345645
0.344831
0.345981
0.345593
0.345160
0.345673
0.345387
0.345593
0.345246
0.345776
0.345189
0.345776
0.345371
0.345566
0.345005
0.345707
0.345533
0.344868
0.345930
0.345610
0.345095
0.345823
0.345677
0.345195
0.345828
0.345616
0.345390
0.345792
0.345041
0.346029
0.345664
0.345084
0.345857
0.345700
0.345129
0.345840
0.345717
0.345209
0.345895
0.345743
0.345323
0.345890
0.345544
0.345712
0.345249
0.345866
0.345514
0.345622
0.345325
0.345858
0.344875
0.346319
0.345867
0.344828
0.346337
0.345962
0.345390
0.345988
0.345825
0.345737
0.345905
0.345585
0.346053
0.345365
0.346061
0.345856
0.345223
0.346033
0.345852
0.345213
0.346093
0.345949
0.345392
0.346159
0.346035
0.345540
0.346163
0.345929
0.345733
0.346050
0.345333
0.346294
0.345972
0.345338
0.346200
0.346011
0.345418
0.346150
0.346022
0.345517
0.346192
0.346013
0.345696
0.346180
0.345539
0.346197
0.345951
0.345604
0.346144
0.345547
0.346165
0.345727
0.346075
0.345291
0.346499
0.345966
0.345629
0.346198
0.345681
0.346215
0.345522
0.346256
0.346039
0.345649
0.346243
0.345821
0.346153
0.345288
0.346615
0.346016
0.345642
0.346245
0.345862
0.346165
0.345450
0.346445
0.346164
0.345536
0.346439
0.346223
0.345612
0.346355
0.346212
0.345646
0.346379
0.346241
0.345727
0.346395
0.346205
0.345822
0.346372
0.345838
0.346390
0.345645
0.346463
0.346260
0.345636
0.346523
0.346323
0.345672
0.346552
0.346375
0.345771
0.346557
0.346412
0.345845
0.346545
0.346380
0.345892
0.346515
0.346246
0.346136
0.346340
0.345734
0.346593
0.346362
0.345568
0.346858
0.346308
0.346022
0.346520
0.345893
0.346609
0.346388
0.346034
0.346628
0.346055
0.346631
0.345948
0.346600
0.346174
0.346430
0.345752
0.346743
0.346418
0.345763
0.346763
0.346483
0.345909
0.346672
0.346518
0.345961
0.346701
0.346540
0.346010
0.346701
0.346506
0.346047
0.346664
0.346318
0.346441
0.346066
0.346669
0.345865
0.346824
0.346497
0.345903
0.346791
0.346583
0.345922
0.346858
0.346646
0.346031
0.346880
0.346713
0.346099
0.346863
0.346698
0.346094
0.346847
0.346685
0.346098
0.346853
0.346694
0.346111
0.346875
0.346714
0.346127
0.346906
0.346744
0.346145
0.346941
0.346777
0.346161
0.346975
0.346806
0.346179
0.346999
0.346829
0.346204
0.347012
0.346846
0.346233
0.347018
0.346855
0.346259
0.347020
0.346854
0.346284
0.347018
0.346840
0.346323
0.347008
0.346769
0.346490
0.346981
0.346071
0.347429
0.346748
0.346568
0.346964
0.346234
0.347198
0.346891
0.346239
0.347194
0.346983
0.346389
0.347129
0.346957
0.346405
0.347108
0.346905
0.346511
0.347093
0.346515
0.347112
0.346375
0.347129
0.346859
0.346505
0.347098
0.346387
0.347158
0.346901
0.346461
0.347149
0.346777
0.346946
0.346394
0.347161
0.346911
0.346371
0.347167
0.346943
0.346340
0.347209
0.346986
0.346305
0.347334
0.347014
0.346483
0.347213
0.347008
0.346595
0.347197
0.346651
0.347218
0.346288
0.347574
0.346922
0.346833
0.347070
0.346474
0.347308
0.347091
0.346329
0.347624
0.347067
0.346886
0.347246
0.346443
0.347640
0.347078
0.346836
0.347343
0.346514
0.347682
0.347131
0.346827
0.347380
0.346605
0.347565
0.347245
0.346631
0.347512
0.347319
0.346695
0.347517
0.347328
0.346692
0.347556
0.347360
0.346721
0.347573
0.347377
0.346731
0.347585
0.347391
0.346754
0.347600
0.347412
0.346781
0.347616
0.347431
0.346803
0.347632
0.347444
0.346819
0.347647
0.347459
0.346833
0.347663
0.347474
0.346847
0.347680
0.347489
0.346861
0.347697
0.347505
0.346875
0.347712
0.347520
0.346890
0.347725
0.347533
0.346906
0.347736
0.347545
0.346920
0.347746
0.347555
0.346935
0.347755
0.347564
0.346948
0.347765
0.347572
0.346961
0.347774
0.347580
0.346975
0.347782
0.347587
0.346990
0.347789
0.347590
0.347010
0.347790
0.347582
0.347048
0.347778
0.347516
0.347229
0.347753
0.346694
0.348272
0.347876
0.346698
0.348282
0.347828
0.347283
0.347876
0.347597
0.347726
0.347460
0.347907
0.346954
0.348408
0.347654
0.347382
0.347814
0.347036
0.348045
0.347729
0.347149
0.348051
0.347883
0.347367
0.348056
0.347708
0.347709
0.347599
0.347757
0.347151
0.348037
0.347740
0.346970
0.348255
0.347590
0.347669
0.347453
0.347903
0.346809
0.348402
0.348394
0.347560
0.348017
0.347659
0.347985
0.347360
0.348048
0.347714
0.347828
0.347567
0.348030
0.346836
0.348347
0.348640
0.347737
0.347703
0.347914
0.347779
0.347925
0.347579
0.348216
0.347360
0.348519
0.347998
0.347628
0.348108
0.347255
0.348270
0.347902
0.347420
0.348189
0.347867
0.347966
0.347655
0.348202
0.346950
0.348548
0.348850
0.348008
0.347819
0.348117
0.347911
0.348041
0.347679
0.348270
0.347463
0.348494
0.348117
0.347554
0.348195
0.347829
0.347859
0.347662
0.347662
0.348087
0.347023
0.348730
0.348436
0.347625
0.348301
0.347911
0.348161
0.347586
0.348315
0.347903
0.348239
0.347442
0.348577
0.348053
0.347656
0.348222
0.347383
0.348404
0.348051
0.347567
0.348323
0.347956
0.348141
0.347557
0.348334
0.348010
0.347752
0.348256
0.347038
0.348634
0.348942
0.347930
0.348115
0.348092
0.348146
0.347988
0.348175
0.347704
0.348424
0.347920
0.348320
0.347185
0.348804
0.348393
0.347142
0.348829
0.348329
0.347915
0.348487
0.348081
0.348553
0.347809
0.348647
0.348402
0.347805
0.348503
0.348200
0.347985
0.348337
0.347392
0.349015
0.348138
0.348261
0.348062
0.348456
0.347535
0.349003
0.348134
0.348428
0.347836
0.348622
0.348278
0.348125
0.348365
0.347560
0.348915
0.348083
0.348432
0.347554
0.348836
0.348245
0.348105
0.348388
0.347685
0.348760
0.348351
0.347870
0.348577
0.348059
0.348551
0.347376
0.349065
0.348729
0.347658
0.348872
0.348548
0.348193
0.348638
0.348039
0.348748
0.348319
0.348582
0.347839
0.348809
0.348477
0.347805
0.348707
0.348473
0.347932
0.348725
0.348399
0.348426
0.348373
0.348467
0.348119
0.348761
0.347276
0.349340
0.349296
0.349023
0.348398
0.348721
0.348678
0.348618
0.348614
0.348647
0.348684
0.348646
0.348625
0.348412
0.348623
0.347563
0.349226
0.348685
0.347348
0.349277
0.348932
0.348207
0.348983
0.348767
0.348789
0.348767
0.348731
0.348702
0.348568
0.348654
0.348061
0.348796
0.348403
0.348233
0.348599
0.347498
0.349309
0.348972
0.347766
0.349227
0.348791
0.348560
0.348859
0.348344
0.348992
0.348412
0.348946
0.348033
0.349057
0.348662
0.348160
0.348817
0.348313
0.348835
0.347834
0.349373
0.348548
0.348793
0.348304
0.348978
0.348293
0.348973
0.348259
0.348986
0.348265
0.348991
0.348350
0.348970
0.347927
0.349377
0.348555
0.348828
0.348243
0.349017
0.348605
0.348778
0.348203
0.349004
0.348587
0.348686
0.348264
0.348953
0.347825
0.349517
0.348509
0.348826
0.348217
0.349045
0.348707
0.348596
0.348819
0.348114
0.349231
0.348697
0.348478
0.348890
0.347756
0.349443
0.349150
0.348197
0.349103
0.348898
0.348705
0.348990
0.348321
0.349198
0.348925
0.348424
0.349091
0.348508
0.349065
0.347862
0.349646
0.349148
0.348000
0.349680
0.349071
0.348836
0.349181
0.348630
0.349348
0.348823
0.349264
0.348208
0.349801
0.348852
0.349104
0.348472
0.349285
0.348908
0.349000
0.348727
0.349327
0.347970
0.349722
0.350003
0.349511
0.348824
0.349317
0.349204
0.349146
0.349128
0.349123
0.349177
0.349025
0.349232
0.348325
0.349699
0.348678
0.349245
0.348105
0.349851
0.348990
0.349191
0.348909
0.349493
0.348497
0.349965
0.349097
0.349336
0.348721
0.349471
0.348983
0.349277
0.348333
0.349858
0.348935
0.349400
0.348407
0.349812
0.349135
0.349140
0.349072
0.349185
0.348905
0.349453
0.347985
0.349987
0.350098
0.350014
0.349141
0.349426
0.349426
0.349371
0.349339
0.349383
0.349390
0.349401
0.349270
0.349329
0.348800
0.349448
0.348552
0.349453
0.349076
0.348883
0.349427
0.348309
0.350248
0.349388
0.348983
0.349657
0.348899
0.349664
0.349242
0.349260
0.349130
0.349343
0.348617
0.349624
0.349184
0.348715
0.349439
0.348616
0.349510
0.349143
0.348938
0.349435
0.348286
0.350080
0.349646
0.348284
0.350074
0.349501
0.349040
0.349569
0.349075
0.349628
0.348844
0.349683
0.349385
0.348994
0.349563
0.348613
0.349853
0.349237
0.349208
0.349318
0.349086
0.349650
0.348280
0.350103
0.350436
0.349001
0.349751
0.349496
0.349610
0.349379
0.349655
0.349083
0.349849
0.349340
0.349647
0.348684
0.350034
0.349240
0.349472
0.348876
0.349746
0.349302
0.349611
0.348786
0.350022
0.349500
0.349240
0.349692
0.348589
0.350359
0.349381
0.349483
0.349261
0.349694
0.348732
0.350243
0.349252
0.349783
0.348769
0.350172
0.349494
0.349497
0.349388
0.349570
0.349100
0.349832
0.348911
0.349898
0.349475
0.349218
0.349750
0.348500
0.350329
0.350040
0.349074
0.349959
0.349688
0.349664
0.349608
0.349578
0.349581
0.349453
0.349655
0.348711
0.350387
0.348983
0.349901
0.349306
0.349854
0.348900
0.350408
0.349641
0.349913
0.349344
0.350143
0.349494
0.350077
0.348770
0.350631
0.350072
0.348920
0.350515
0.349874
0.349775
0.349894
0.349627
0.350152
0.349040
0.350778
0.349717
0.350022
0.349326
0.350175
0.349812
0.349754
0.349841
0.349577
0.350217
0.348683
0.350681
0.350841
0.350763
0.349835
0.350162
0.350194
0.350150
0.350114
0.350131
0.350121
0.350094
0.349977
0.349953
0.349613
0.350088
0.348624
0.350502
0.350869
0.350192
0.349506
0.350284
0.350195
0.350102
0.350163
0.350029
0.350258
0.349699
0.350334
0.349571
0.350204
0.349270
0.350181
0.349834
0.349558
0.350113
0.349080
0.350725
0.349729
0.350222
0.349299
0.350392
0.350050
0.349540
0.350209
0.349473
0.349473
0.350231
0.349634
0.350148
0.349054
0.350660
0.349663
0.350131
0.349236
0.350326
0.350018
0.349522
0.350225
0.349505
0.350266
0.349608
0.350228
0.349124
0.350656
0.349729
0.350152
0.349291
0.350372
0.350060
0.349555
0.350281
0.349541
0.350320
0.349652
0.350288
0.349137
0.350802
0.349748
0.350287
0.349339
0.350506
0.350141
0.349692
0.350362
0.349490
0.350470
0.350104
0.349711
0.350334
0.349267
0.350809
0.349805
0.350350
0.349346
0.350686
0.350139
0.349952
0.350270
0.349488
0.350587
0.350145
0.349751
0.350396
0.349256
0.350999
0.349834
0.350466
0.349454
0.350717
0.350280
0.349930
0.350497
0.349476
0.350949
0.350062
0.350419
0.349557
0.350653
0.350292
0.349816
0.350541
0.349604
0.350719
0.350266
0.349975
0.350518
0.349334
0.351232
0.350285
0.350082
0.350474
0.349709
0.350737
0.350364
0.349886
0.350646
0.349680
0.350826
0.350286
0.350111
0.350444
0.349516
0.351095
0.349954
0.350714
0.349630
0.350958
0.350406
0.350263
0.350506
0.349814
0.350797
0.350386
0.350073
0.350652
0.349263
0.351086
0.351343
0.349897
0.350791
0.350552
0.350606
0.350482
0.350601
0.350243
0.350848
0.349508
0.351354
0.350937
0.349545
0.351201
0.350610
0.350524
0.350687
0.350440
0.350994
0.349886
0.351566
0.350390
0.350965
0.349923
0.351103
0.350704
0.350296
0.350967
0.349972
0.351319
0.350673
0.350629
0.350603
0.350519
0.350650
0.349999
0.350916
0.350382
0.350618
0.349767
0.351135
0.350311
0.350792
0.349499
0.351546
0.350944
0.349768
0.351422
0.350699
0.350740
0.350536
0.350818
0.350119
0.351006
0.350590
0.350376
0.350744
0.349621
0.351560
0.350563
0.350444
0.350750
0.350159
0.351055
0.350533
0.350848
0.349879
0.351470
0.350342
0.351070
0.349959
0.351289
0.350713
0.350651
0.350739
0.350444
0.351075
0.349542
0.351423
0.351707
0.351359
0.350722
0.351039
0.351030
0.350992
0.350947
0.350937
0.350897
0.350854
0.350710
0.350759
0.350178
0.350980
0.350014
0.351043
0.350498
0.350835
0.350076
0.351294
0.350835
0.350597
0.351105
0.349754
0.351713
0.351353
0.349977
0.351439
0.350962
0.350755
0.350985
0.350452
0.351194
0.350358
0.351163
0.350570
0.350989
0.349880
0.351660
0.350434
0.351193
0.350240
0.351301
0.350977
0.350675
0.351202
0.350062
0.351860
0.350616
0.351290
0.350291
0.351368
0.351035
0.350623
0.351279
0.350198
0.351754
0.350766
0.351290
0.350232
0.351623
0.350981
0.350968
0.350882
0.351013
0.350639
0.351336
0.349724
0.351674
0.351998
0.351520
0.350837
0.351328
0.351254
0.351250
0.351162
0.351217
0.351024
0.351281
0.350371
0.351559
0.350872
0.350877
0.350699
0.351109
0.350075
0.351997
0.350524
0.351551
0.350919
0.351440
0.350458
0.351682
0.351164
0.350901
0.351331
0.350309
0.351874
0.350771
0.351423
0.350299
0.351737
0.351058
0.351144
0.350858
0.351387
0.350217
0.352128
0.350848
0.351482
0.350449
0.351662
0.351252
0.350891
0.351476
0.350411
0.351991
0.350978
0.351519
0.350447
0.351824
0.351205
0.351157
0.351154
0.351088
0.351262
0.350571
0.351549
0.351012
0.351110
0.350655
0.351490
0.350004
0.352047
0.351739
0.350459
0.351766
0.351472
0.351153
0.351572
0.350743
0.351726
0.351330
0.351026
0.351463
0.350320
0.352187
0.350858
0.351644
0.350697
0.351741
0.351390
0.351240
0.351523
0.350727
0.351845
0.351328
0.351124
0.351442
0.350428
0.352188
0.350762
0.351761
0.351148
0.351652
0.350685
0.352047
0.351368
0.351449
0.351122
0.351721
0.350314
0.352259
0.351968
0.350820
0.351814
0.351537
0.351475
0.351510
0.351302
0.351719
0.350534
0.352487
0.351210
0.351710
0.350675
0.352029
0.351519
0.351349
0.351697
0.350901
0.352062
0.351552
0.351319
0.351678
0.350573
0.352475
0.350984
0.351942
0.351292
0.351888
0.350871
0.352259
0.351562
0.351662
0.351298
0.351934
0.350555
0.352564
0.352069
0.350554
0.352574
0.351782
0.351712
0.351749
0.351637
0.351877
0.351165
0.352067
0.351533
0.351656
0.351066
0.351942
0.350979
0.352007
0.351424
0.351813
0.350824
0.352468
0.351346
0.352123
0.350875
0.352529
0.351557
0.352064
0.351013
0.352372
0.351763
0.351720
0.351652
0.351681
0.351518
0.351815
0.350568
0.352642
0.352139
0.350345
0.352580
0.352382
0.351657
0.352186
0.351769
0.352288
0.351485
0.352317
0.351790
0.351957
0.351287
0.352126
0.351435
0.352113
0.350693
0.352924
0.352002
0.351512
0.352307
0.351468
0.352395
0.351856
0.352114
0.351364
0.352324
0.351799
0.351928
0.351293
0.352192
0.351331
0.352215
0.351186
0.352284
0.351768
0.351897
0.351498
0.352257
0.350693
0.352652
0.352825
0.351391
0.352300
0.352025
0.352089
0.351896
0.352119
0.351479
0.352313
0.351580
0.352234
0.350873
0.352928
0.351636
0.352296
0.351302
0.352541
0.352188
0.351824
0.352427
0.351260
0.352977
0.351745
0.351745
0.352458
0.351438
0.352501
0.352129
0.351881
0.352311
0.351247
0.352968
0.351696
0.352514
0.351557
0.352517
0.352000
0.352303
0.351457
0.352591
0.352116
0.351946
0.352201
0.351330
0.352652
0.351845
0.352279
0.351064
0.353118
0.351709
0.352573
0.351693
0.352589
0.351863
0.352594
0.351411
0.352944
0.351990
0.352502
0.351405
0.352888
0.352100
0.352381
0.351603
0.352635
0.352158
0.352246
0.351813
0.352590
0.351008
0.353014
0.353106
0.351753
0.352658
0.352316
0.352555
0.352080
0.352753
0.351563
0.353198
0.352053
0.352679
0.351607
0.352811
0.352385
0.352099
0.352627
0.351508
0.353331
0.352005
0.352841
0.351883
0.352827
0.352232
0.352696
0.351558
0.353279
0.352121
0.352846
0.351698
0.353036
0.352467
0.352351
0.352474
0.352054
0.352826
0.351311
0.353448
0.352962
0.351376
0.353438
0.352584
0.352642
0.352449
0.352746
0.352120
0.352952
0.352042
0.352879
0.351974
0.352840
0.351908
0.352866
0.352153
0.352893
0.351518
0.353683
0.352310
0.353016
0.351963
0.353105
0.352714
0.352398
0.352881
0.351749
0.353521
0.352193
0.353024
0.352124
0.353027
0.352297
0.353056
0.351842
0.353481
0.352464
0.353052
0.351919
0.353378
0.352661
0.352780
0.352329
0.353087
0.351730
0.353833
0.352394
0.353146
0.352107
0.353242
0.352857
0.352596
0.353027
0.351955
0.353633
0.352407
0.353193
0.352086
0.353274
0.352830
0.352629
0.352978
0.352038
0.353464
0.352590
0.353063
0.351810
0.353795
0.352401
0.353271
0.352392
0.353296
0.352472
0.353323
0.352320
0.353319
0.352726
0.353045
0.352075
0.353452
0.352679
0.353017
0.352012
0.353531
0.352664
0.353167
0.351906
0.353921
0.352531
0.353390
0.352472
0.353390
0.352631
0.353391
0.352145
0.353797
0.352706
0.353367
0.352189
0.353699
0.352934
0.353154
0.352499
0.353440
0.352503
0.353445
0.352596
0.353431
0.352067
0.354062
0.352609
0.353527
0.352690
0.353550
0.352553
0.353599
0.353045
0.353200
0.352612
0.353493
0.352226
0.353925
0.352565
0.353530
0.352667
0.353580
0.352556
0.353656
0.353094
0.353266
0.352658
0.353564
0.352351
0.353832
0.352761
0.353535
0.352176
0.354219
0.352867
0.353692
0.352655
0.353743
0.353252
0.353301
0.352954
0.353569
0.351972
0.353972
0.354428
0.352566
0.353690
0.353498
0.353407
0.353519
0.353183
0.353737
0.352416
0.354442
0.352913
0.353713
0.352793
0.353740
0.353021
0.353805
0.352528
0.354329
0.353192
0.353853
0.352657
0.354074
0.353413
0.353390
0.353232
0.353493
0.352678
0.353806
0.353148
0.353399
0.352440
0.353910
0.353007
0.353638
0.352127
0.354479
0.353548
0.352927
0.353788
0.352848
0.353821
0.353225
0.353530
0.352598
0.353863
0.353203
0.353346
0.352695
0.353674
0.352675
0.353720
0.352956
0.353695
0.352155
0.354445
0.353806
0.352420
0.354250
0.353438
0.353618
0.353110
0.353853
0.352642
0.354278
0.353101
0.353815
0.352666
0.354015
0.353468
0.353372
0.353479
0.353143
0.353859
0.352144
0.354234
0.354749
0.352790
0.353931
0.353752
0.353652
0.353757
0.353441
0.353915
0.352755
0.354342
0.353168
0.353833
0.352677
0.354045
0.353524
0.353407
0.353614
0.353106
0.353985
0.352571
0.354578
0.352941
0.353968
0.353372
0.353757
0.352970
0.353974
0.353328
0.353829
0.352532
0.354552
0.353032
0.353947
0.353219
0.353904
0.352847
0.354125
0.353580
0.353457
0.353575
0.353140
0.353900
0.352296
0.354546
0.354033
0.352409
0.354517
0.353622
0.353820
0.353392
0.354025
0.352991
0.354184
0.353610
0.353455
0.353559
0.353151
0.353901
0.352333
0.354685
0.353857
0.352752
0.354129
0.353771
0.353496
0.353891
0.353008
0.354104
0.353590
0.353510
0.353420
0.353455
0.353202
0.353715
0.352093
0.354279
0.354410
0.352782
0.353950
0.353724
0.353689
0.353720
0.353543
0.353782
0.352989
0.353907
0.353296
0.353563
0.352630
0.353936
0.353356
0.353423
0.353193
0.353772
0.352409
0.354715
0.353057
0.353951
0.353098
0.353957
0.353141
0.353981
0.353032
0.353974
0.353264
0.353886
0.352627
0.354401
0.353164
0.353944
0.352949
0.354011
0.353565
0.353630
0.353334
0.353865
0.352549
0.354690
0.352995
0.354005
0.353429
0.353835
0.353117
0.354073
0.353310
0.354059
0.352727
0.354546
0.353261
0.354038
0.353065
0.354073
0.353540
0.353870
0.353002
0.354101
0.353579
0.353616
0.353286
0.353899
0.352403
0.354737
0.353783
0.352955
0.354028
0.353521
0.353922
0.352951
0.354168
0.353654
0.353539
0.353586
0.353279
0.353870
0.352264
0.354503
0.354206
0.352676
0.354205
0.353856
0.353617
0.353946
0.353293
0.354139
0.353205
0.354044
0.353232
0.353971
0.352791
0.354247
0.353506
0.353770
0.353121
0.354085
0.353177
0.354094
0.353130
0.354067
0.353173
0.354057
0.353025
0.354070
0.353485
0.353817
0.352906
0.354116
0.353557
0.353564
0.353337
0.353806
0.352500
0.354765
0.354765
0.353005
0.354061
0.353453
0.353935
0.353078
0.354143
0.353622
0.353738
0.353234
0.354038
0.352606
0.354761
0.353081
0.354095
0.353498
0.354014
0.353152
0.354219
0.353693
0.353820
0.353291
0.354113
0.352720
0.354763
0.353091
0.354185
0.353655
0.353951
0.353401
0.354253
0.353027
0.354511
0.353594
0.354066
0.352989
0.354375
0.353740
0.353785
0.353499
0.354073
0.352725
0.354966
0.353240
0.354242
0.353593
0.354154
0.353216
0.354340
0.353849
0.353798
0.353727
0.353756
0.353498
0.353967
0.352367
0.354616
0.354386
0.352938
0.354230
0.353985
0.353830
0.354071
0.353485
0.354313
0.353112
0.354399
0.353631
0.353870
0.353159
0.354155
0.353392
0.354200
0.352810
0.354842
0.353384
0.354301
0.353529
0.354286
0.353258
0.354360
0.353861
0.353815
0.353731
0.353798
0.353454
0.354100
0.352351
0.354553
0.354786
0.353066
0.354246
0.354053
0.354004
0.354065
0.353834
0.354147
0.353206
0.354287
0.353707
0.353652
0.353545
0.353762
0.353159
0.354150
0.352960
0.354298
0.353580
0.353945
0.353018
0.354265
0.353709
0.353713
0.353485
0.353936
0.352660
0.354836
0.352972
0.354277
0.353650
0.353887
0.353461
0.354194
0.352936
0.354685
0.353411
0.354199
0.353240
0.354206
0.353633
0.354065
0.353040
0.354381
0.353744
0.353821
0.353434
0.354137
0.352710
0.354980
0.353278
0.354259
0.353596
0.354223
0.353274
0.354362
0.353860
0.353869
0.353637
0.354021
0.352887
0.354654
0.353189
0.354209
0.353504
0.354189
0.353084
0.354511
0.353834
0.353936
0.353516
0.354224
0.352830
0.354947
0.353264
0.354278
0.353702
0.354121
0.353372
0.354332
0.353566
0.354296
0.352968
0.354751
0.353514
0.354271
0.353256
0.354333
0.353847
0.353994
0.353491
0.354300
0.352914
0.354911
0.353314
0.354313
0.353706
0.354187
0.353336
0.354385
0.353794
0.354117
0.353166
0.354366
0.353787
0.353818
0.353496
0.354142
0.352667
0.355067
0.353551
0.354221
0.353164
0.354400
0.353978
0.353774
0.354027
0.353321
0.354269
0.353370
0.354208
0.352948
0.354453
0.353611
0.354082
0.353054
0.354430
0.353835
0.353861
0.353589
0.354101
0.352800
0.354937
0.353137
0.354332
0.353778
0.353971
0.353614
0.354266
0.352961
0.354899
0.353391
0.354316
0.353599
0.354257
0.353239
0.354412
0.353911
0.353844
0.353823
0.353764
0.353799
0.353443
0.354124
0.352309
0.354554
0.354864
0.352985
0.354278
0.354119
0.353988
0.354168
0.353747
0.354316
0.353127
0.354516
0.353644
0.353962
0.353148
0.354203
0.353649
0.354053
0.353067
0.354367
0.353808
0.353775
0.353642
0.353850
0.353178
0.354130
0.353030
0.354114
0.353411
0.353986
0.352719
0.354678
0.353263
0.354187
0.353378
0.354186
0.353181
0.354217
0.353680
0.353821
0.353294
0.354108
0.352799
0.354588
0.353219
0.354134
0.353308
0.354192
0.353263
0.354237
0.353504
0.354166
0.352923
0.354527
0.353535
0.354066
0.352999
0.354285
0.353788
0.353668
0.353763
0.353443
0.354075
0.352550
0.354942
0.353373
0.354087
0.353091
0.354225
0.353788
0.353809
0.353598
0.353952
0.352956
0.354254
0.353458
0.353803
0.352801
0.354183
0.353560
0.353702
0.353197
0.354087
0.352696
0.354687
0.353085
0.354100
0.353509
0.353933
0.353135
0.354120
0.353427
0.354009
0.352727
0.354530
0.353264
0.354057
0.353074
0.354110
0.353538
0.353955
0.352970
0.354183
0.353622
0.353624
0.353371
0.353839
0.352625
0.354586
0.352940
0.354085
0.353506
0.353823
0.353209
0.354116
0.352994
0.354142
0.353523
0.353701
0.353089
0.353996
0.352820
0.354134
0.353403
0.353734
0.352892
0.354017
0.353422
0.353740
0.352756
0.354079
0.353403
0.353636
0.352835
0.353921
0.353233
0.353822
0.352418
0.354637
0.352997
0.353986
0.353360
0.353870
0.352980
0.354030
0.353443
0.353716
0.352855
0.353934
0.353308
0.353661
0.352610
0.354109
0.353273
0.353757
0.352602
0.354234
0.353310
0.353830
0.352682
0.354152
0.353426
0.353629
0.352944
0.353900
0.352884
0.353888
0.353103
0.353825
0.352492
0.354405
0.353061
0.353921
0.352979
0.353951
0.353191
0.353933
0.352716
0.354130
0.353376
0.353613
0.352899
0.353872
0.352947
0.353878
0.352801
0.353882
0.353187
0.353766
0.352529
0.354282
0.353118
0.353863
0.352705
0.353994
0.353459
0.353414
0.353304
0.353450
0.352925
0.353784
0.352177
0.354575
0.352901
0.353794
0.352933
0.353898
0.353093
0.353937
0.352815
0.353946
0.353359
0.353485
0.352934
0.353771
0.352440
0.354254
0.352881
0.353807
0.352922
0.353862
0.352966
0.353890
0.352931
0.353862
0.352923
0.353820
0.352827
0.353795
0.352976
0.353782
0.352534
0.354060
0.353203
0.353619
0.352661
0.353847
0.353298
0.353394
0.352912
0.353729
0.352270
0.354457
0.352732
0.353771
0.353186
0.353620
0.352855
0.353828
0.352977
0.353786
0.352536
0.353936
0.353177
0.353441
0.352709
0.353719
0.353719
