0.468682
0.475824
0.472122
0.468468
0.465058
0.462143
0.459934
0.458508
0.457788
0.457595
0.457754
0.458150
0.458719
0.459422
0.460236
0.461142
0.462122
0.463164
0.464254
0.465381
0.466535
0.467710
0.468899
0.470099
0.471313
0.472545
0.473797
0.475067
0.476350
0.477638
0.478923
0.480201
0.481464
0.482711
0.483939
0.485146
0.486333
0.487499
0.488644
0.489770
0.490876
0.491964
0.493034
0.494086
0.495119
0.496133
0.497126
0.498095
0.499038
0.499954
0.500840
0.501695
0.502520
0.503317
0.504088
0.504833
0.505545
0.506206
0.506770
0.507258
0.507774
0.508339
0.508885
0.509348
0.509698
0.509931
0.510056
0.510084
0.510024
0.509880
0.509659
0.509368
0.509013
0.508603
0.508148
0.507658
0.507144
0.506611
0.506066
0.505511
0.504948
0.504378
0.503802
0.503218
0.502626
0.502025
0.501413
0.500788
0.500150
0.499496
0.498825
0.498135
0.497425
0.496693
0.495937
0.495156
0.494349
0.493514
0.492651
0.491759
0.490837
0.489886
0.488907
0.487902
0.486873
0.485823
0.484752
0.483660
0.482544
0.481401
0.480230
0.479029
0.477793
0.476514
0.475183
0.473792
0.472336
0.470812
0.469225
0.467588
0.465907
0.464190
0.462443
0.460671
0.458880
0.457077
0.455270
0.453469
0.451683
0.449927
0.448215
0.446563
0.444992
0.443526
0.442192
0.441026
0.440069
0.439365
0.438960
0.438890
0.439159
0.439728
0.440523
0.441472
0.442520
0.443641
0.444822
0.446058
0.447345
0.448678
0.450052
0.451461
0.452907
0.454386
0.455893
0.457417
0.458947
0.460472
0.461984
0.463475
0.464941
0.466378
0.467782
0.469152
0.470487
0.471788
0.473054
0.474286
0.475487
0.476656
0.477795
0.478905
0.479982
0.481016
0.481993
0.482918
0.483791
0.484635
0.485453
0.486231
0.486959
0.487625
0.488219
0.488804
0.489462
0.490251
0.490998
0.491649
0.492413
0.493082
0.493746
0.494268
0.494941
0.495419
0.496023
0.496453
0.496851
0.497292
0.497737
0.498180
0.498634
0.499047
0.499383
0.499690
0.500003
0.500319
0.500618
0.500899
0.501163
0.501409
0.501636
0.501846
0.502039
0.502215
0.502375
0.502519
0.502646
0.502759
0.502857
0.502941
0.503010
0.503067
0.503111
0.503144
0.503165
0.503176
0.503179
0.503173
0.503160
0.503141
0.503119
0.503094
0.503068
0.503044
0.503024
0.503009
0.503002
0.503007
0.503026
0.503063
0.503120
0.503201
0.503310
0.503449
0.503623
0.503832
0.504081
0.504370
0.504700
0.505071
0.505482
0.505932
0.506417
0.506935
0.507482
0.508054
0.508645
0.509252
0.509870
0.510494
0.511121
0.511747
0.512369
0.512984
0.513590
0.514184
0.514766
0.515333
0.515886
0.516423
0.516945
0.517452
0.517944
0.518422
0.518885
0.519336
0.519775
0.520203
0.520621
0.521032
0.521436
0.521836
0.522234
0.522632
0.523033
0.523437
0.523844
0.524249
0.524643
0.525013
0.525343
0.525619
0.525833
0.525982
0.526071
0.526111
0.526110
0.526082
0.526037
0.525987
0.525946
0.525929
0.525953
0.526042
0.526224
0.526530
0.527000
0.527673
0.528587
0.529774
0.531251
0.533023
0.535082
0.537418
0.540012
0.542839
0.545867
0.549066
0.552421
0.555927
0.559591
0.563421
0.567424
0.571603
0.575962
0.580501
0.585223
0.590125
0.595203
0.600450
0.605853
0.611399
0.617070
0.622848
0.628714
0.634648
0.640633
0.646654
0.652696
0.658747
0.664797
0.670837
0.676860
0.682860
0.688831
0.694769
0.700669
0.706528
0.712343
0.718111
0.723829
0.729495
0.735108
0.740664
0.746164
0.751605
0.756988
0.762311
0.767573
0.772774
0.777915
0.782995
0.788013
0.792971
0.797868
0.802706
0.807483
0.812201
0.816860
0.821461
0.826005
0.830491
0.834921
0.839296
0.843616
0.847882
0.852095
0.856255
0.860364
0.864422
0.868429
0.872388
0.876297
0.880159
0.883974
0.887743
0.891466
0.895145
0.898779
0.902369
0.905917
0.909423
0.912887
0.916310
0.919693
0.923036
0.926339
0.929604
0.932831
0.936020
0.939172
0.942287
0.945366
0.948409
0.951417
0.954390
0.957329
0.960233
0.963104
0.965941
0.968746
0.971517
0.974257
0.976964
0.979640
0.982284
0.984897
0.987480
0.990031
0.992552
0.995042
0.997503
0.999933
1.002333
1.004704
1.007044
1.009355
1.011637
1.013888
1.016110
1.018303
1.020466
1.022599
1.024702
1.026776
1.028821
1.030836
1.032822
1.034779
1.036707
1.038606
1.040478
1.042321
1.044137
1.045926
1.047689
1.049426
1.051138
1.052825
1.054488
1.056128
1.057745
1.059340
1.060913
1.062466
1.063998
1.065510
1.067002
1.068476
1.069931
1.071368
1.072787
1.074188
1.075573
1.076940
1.078291
1.079626
1.080944
1.082247
1.083534
1.084805
1.086061
1.087302
1.088527
1.089738
1.090934
1.092115
1.093282
1.094435
1.095573
1.096697
1.097807
1.098904
1.099987
1.101056
1.102112
1.103154
1.104184
1.105200
1.106204
1.107194
1.108173
1.109139
1.110092
1.111034
1.111963
1.112881
1.113787
1.114681
1.115564
1.115564
1.116436
1.117297
1.118146
1.118985
1.119813
1.120630
1.121437
1.122234
1.123021
1.123797
1.124563
1.125320
1.126067
1.126805
1.127532
1.128251
1.128961
1.129661
1.130352
1.131035
1.131708
1.132373
1.133030
1.133678
1.134318
1.134949
1.135572
1.136188
1.136795
1.137394
1.137986
1.138570
1.139147
1.139716
1.140277
1.140831
1.141378
1.141918
1.142451
1.142977
1.143495
1.144007
1.144513
1.145011
1.145503
1.145989
1.146468
1.146940
1.147406
1.147866
1.148320
1.148768
1.149210
1.149645
1.150075
1.150499
1.150917
1.151330
1.151737
1.152138
1.152533
1.152924
1.153308
1.153688
1.154062
1.154430
1.154794
1.155153
1.155506
1.155854
1.156198
1.156536
1.156870
1.157198
1.157522
1.157841
1.158156
1.158466
1.158771
1.159072
1.159368
1.159660
1.159948
1.160231
1.160510
1.160784
1.161055
1.161321
1.161583
1.161841
1.162095
1.162345
1.162591
1.162834
1.163072
1.163306
1.163537
1.163764
1.163987
1.164207
1.164423
1.164635
1.164844
1.165049
1.165251
1.165449
1.165644
1.165836
1.166024
1.166209
1.166391
1.166569
1.166745
1.166917
1.167086
1.167252
1.167415
1.167575
1.167731
1.167885
1.168036
1.168185
1.168330
1.168472
1.168612
1.168749
1.168883
1.169014
1.169143
1.169269
1.169392
1.169513
1.169631
1.169747
1.169860
1.169970
1.170078
1.170184
1.170287
1.170388
1.170487
1.170583
1.170677
1.170768
1.170858
1.170945
1.171029
1.171112
1.171192
1.171271
1.171347
1.171421
1.171492
1.171562
1.171630
1.171695
1.171759
1.171821
1.171880
1.171938
1.171994
1.172047
1.172099
1.172149
1.172197
1.172244
1.172288
1.172331
1.172372
1.172411
1.172448
1.172483
1.172517
1.172549
1.172579
1.172608
1.172635
1.172660
1.172683
1.172705
1.172726
1.172744
1.172761
1.172777
1.172791
1.172803
1.172814
1.172823
1.172831
1.172837
1.172842
1.172845
1.172847
1.172847
1.172846
1.172844
1.172839
1.172834
1.172827
1.172819
1.172809
1.172798
1.172786
1.172772
1.172757
1.172741
1.172723
1.172704
1.172683
1.172662
1.172639
1.172614
1.172589
1.172562
1.172534
1.172504
1.172474
1.172442
1.172409
1.172374
1.172339
1.172302
1.172264
1.172225
1.172184
1.172143
1.172100
1.172056
1.172011
1.171964
1.171917
1.171868
1.171818
1.171767
1.171715
1.171662
1.171607
1.171551
1.171495
1.171437
1.171378
1.171318
1.171256
1.171194
1.171130
1.171065
1.171000
1.170933
1.170864
1.170795
1.170725
1.170653
1.170581
1.170507
1.170432
1.170356
1.170279
1.170200
1.170121
1.170041
1.169959
1.169876
1.169792
1.169708
1.169622
1.169534
1.169446
1.169357
1.169267
1.169175
1.169083
1.168989
1.168895
1.168799
1.168702
1.168604
1.168506
1.168406
1.168305
1.168203
1.168100
1.167996
1.167891
1.167785
1.167678
1.167570
1.167460
1.167350
1.167239
1.167126
1.167012
1.166898
1.166782
1.166665
1.166547
1.166427
1.166307
1.166185
1.166063
1.165939
1.165813
1.165687
1.165559
1.165430
1.165300
1.165168
1.165035
1.164901
1.164765
1.164627
1.164488
1.164348
1.164206
1.164062
1.163917
1.163770
1.163621
1.163471
1.163319
1.163166
1.163011
1.162854
1.162696
1.162537
1.162377
1.162215
1.162053
1.161890
1.161726
1.161561
1.161397
1.161232
1.161067
1.160902
1.160738
1.160575
1.160412
1.160251
1.160090
1.159931
1.159774
1.159618
1.159465
1.159313
1.159164
1.159017
1.158873
1.158731
1.158592
1.158455
1.158322
1.158191
1.158064
1.157939
1.157817
1.157697
1.157581
1.157466
1.157354
1.157244
1.157135
1.157027
1.156920
1.156812
1.156702
1.156590
1.156475
1.156356
1.156232
1.156105
1.155976
1.155820
1.155448
1.154527
1.153342
1.152275
1.151055
1.151239
1.145582
1.148931
1.153693
1.156541
1.157433
1.157057
1.156408
1.156189
1.156579
1.157391
1.158313
1.159105
1.159673
1.160065
1.160462
1.160920
1.159740
1.151467
1.153916
1.158496
1.162427
1.163278
1.152036
1.157027
1.161584
1.164290
1.165770
1.164185
1.149766
1.157965
1.164421
1.168064
1.167519
1.152844
1.159228
1.164580
1.167877
1.163977
1.162016
1.148070
1.158501
1.166960
1.170114
1.155336
1.162729
1.168463
1.169145
1.154216
1.161748
1.168229
1.169222
1.154216
1.162130
1.168969
1.169500
1.153962
1.161798
1.169110
1.168969
1.153486
1.161557
1.169184
1.166924
1.165306
1.150372
1.158370
1.165962
1.154541
1.163309
1.169687
1.157583
1.163029
1.167659
1.157700
1.161255
1.165667
1.154991
1.161184
1.167096
1.157082
1.162509
1.167095
1.155927
1.162463
1.168027
1.156783
1.163496
1.168325
1.156467
1.163714
1.169098
1.156893
1.164363
1.169097
1.156503
1.164391
1.169664
1.156848
1.164819
1.168899
1.155878
1.164387
1.169570
1.156609
1.164944
1.168315
1.155107
1.164114
1.169372
1.156415
1.164632
1.156211
1.165387
1.163432
1.165263
1.151275
1.160840
1.168903
1.157401
1.166944
1.165482
1.165482
1.165789
1.151382
1.162531
1.156333
1.165043
1.169397
1.155704
1.164647
1.157198
1.166518
1.158111
1.165132
1.167998
1.153961
1.163120
1.158813
1.166855
1.154822
1.163984
1.169920
1.157334
1.166842
1.156645
1.167617
1.157813
1.166350
1.166678
1.158653
1.163266
1.151842
1.164507
1.155682
1.167950
1.159280
1.167101
1.164181
1.166486
1.152461
1.163789
1.155616
1.167876
1.159202
1.168978
1.159085
1.167592
1.158300
1.166940
1.157189
1.166579
1.157880
1.167080
1.157239
1.166843
1.157441
1.167084
1.157156
1.166943
1.157032
1.166974
1.156861
1.166891
1.156677
1.166831
1.156477
1.166728
1.156245
1.166605
1.155982
1.166447
1.155677
1.166250
1.155327
1.166008
1.154933
1.165717
1.154519
1.165400
1.154124
1.165096
1.153778
1.164821
1.153472
1.164561
1.153181
1.164296
1.152885
1.164016
1.152578
1.163725
1.152254
1.163424
1.151908
1.163122
1.151533
1.162825
1.151119
1.162545
1.150658
1.162288
1.150148
1.162054
1.149605
1.161829
1.149072
1.161589
1.148588
1.161279
1.148152
1.160861
1.147737
1.160376
1.147311
1.159860
1.146859
1.159312
1.146393
1.158742
1.145923
1.158162
1.145445
1.157574
1.144944
1.156973
1.144409
1.156332
1.143851
1.155578
1.143312
1.154643
1.142868
1.153559
1.142598
1.152504
1.142555
1.151687
1.142736
1.151139
1.143079
1.150770
1.143521
1.150499
1.144021
1.150280
1.144560
1.150086
1.145128
1.149900
1.145723
1.149715
1.146344
1.149534
1.146984
1.149367
1.147620
1.149241
1.148215
1.149190
1.148725
1.149245
1.149133
1.149404
1.149466
1.149639
1.149766
1.149918
1.150067
1.150222
1.150381
1.150544
1.150711
1.150882
1.151057
1.151234
1.151413
1.151593
1.151774
1.151955
1.152135
1.152312
1.152488
1.152660
1.152827
1.152991
1.153148
1.153300
1.153446
1.153584
1.153715
1.153838
1.153954
1.154061
1.154160
1.154251
1.154333
1.154408
1.154475
1.154534
1.154586
1.154631
1.154669
1.154701
1.154728
1.154749
1.154765
1.154777
1.154785
1.154788
1.154788
1.154785
1.154779
1.154770
1.154758
1.154744
1.154727
1.154708
1.154686
1.154661
1.154635
1.154605
1.154573
1.154538
1.154501
1.154461
1.154418
1.154372
1.154323
1.154271
1.154216
1.154159
1.154099
1.154036
1.153970
1.153901
1.153830
1.153756
1.153679
1.153601
1.153519
1.153436
1.153351
1.153263
1.153174
1.153083
1.152991
1.152897
1.152801
1.152705
1.152607
1.152508
1.152409
1.152308
1.152207
1.152106
1.152004
1.151902
1.151800
1.151698
1.151596
1.151495
1.151394
1.151294
1.151195
1.151097
1.151000
1.150905
1.150811
1.150720
1.150630
1.150543
1.150458
1.150376
1.150297
1.150221
1.150148
1.150079
1.150014
1.149953
1.149896
1.149843
1.149794
1.149750
1.149711
1.149676
1.149646
1.149621
1.149601
1.149585
1.149575
1.149569
1.149568
1.149573
1.149582
1.149596
1.149616
1.149641
1.149672
1.149708
1.149750
1.149797
1.149851
1.149910
1.149975
1.150047
1.150125
1.150208
1.150298
1.150394
1.150496
1.150604
1.150717
1.150837
1.150962
1.151092
1.151228
1.151369
1.151515
1.151666
1.151822
1.151984
1.152152
1.152328
1.152516
1.152716
1.152934
1.153172
1.153432
1.153714
1.154017
1.154340
1.154681
1.155038
1.155411
1.155797
1.156193
1.156595
1.157001
1.157406
1.157810
1.158211
1.158609
1.159003
1.159396
1.159788
1.160179
1.160570
1.160961
1.161354
1.161747
1.162141
1.162536
1.162932
1.163329
1.163727
1.164126
1.164526
1.164927
1.165329
1.165732
1.166137
1.166543
1.166949
1.167357
1.167767
1.168177
1.168589
1.169002
1.169417
1.169832
1.170247
1.170663
1.171080
1.171495
1.171911
1.172324
1.172735
1.173142
1.173544
1.173938
1.174323
1.174698
1.175064
1.175420
1.175767
1.176104
1.176433
1.176752
1.177060
1.177355
1.177636
1.177909
1.178183
1.178475
1.178805
1.179184
1.179611
1.180072
1.180553
1.181039
1.181525
1.182009
1.182493
1.182978
1.183463
1.183946
1.184423
1.184890
1.185345
1.185787
1.186213
1.186625
1.187022
1.187404
1.187772
1.188126
1.188466
1.188794
1.189109
1.189414
1.189707
1.189991
1.190266
1.190533
1.190792
1.191044
1.191289
1.191529
1.191763
1.191993
1.192219
1.192440
1.192659
1.192874
1.193087
1.193298
1.193507
1.193714
1.193920
1.194126
1.194330
1.194534
1.194739
1.194943
1.195147
1.195351
1.195557
1.195763
1.195969
1.196177
1.196386
1.196595
1.196806
1.197019
1.197233
1.197448
1.197665
1.197883
1.198104
1.198325
1.198549
1.198775
1.199002
1.199231
1.199463
1.199696
1.199931
1.200169
1.200409
1.200651
1.200895
1.201142
1.201391
1.201643
1.201897
1.202155
1.202414
1.202677
1.202943
1.203212
1.203484
1.203760
1.204039
1.204321
1.204608
1.204899
1.205194
1.205493
1.205797
1.206105
1.206418
1.206734
1.207053
1.207374
1.207695
1.208017
1.208339
1.208663
1.208989
1.209318
1.209652
1.209652
1.209991
1.210332
1.210695
1.210940
1.212402
1.211472
1.210722
1.211641
1.212930
1.214459
1.214452
1.214373
1.214395
1.214473
1.214783
1.215326
1.215978
1.216591
1.217065
1.217377
1.217566
1.217697
1.217830
1.218004
1.218226
1.218488
1.218771
1.219060
1.219348
1.219633
1.219918
1.220209
1.220508
1.220816
1.221132
1.221454
1.221781
1.222111
1.222443
1.222778
1.223115
1.223454
1.223795
1.224139
1.224484
1.224831
1.225179
1.225527
1.225877
1.226227
1.226577
1.226929
1.227280
1.227632
1.227985
1.228339
1.228694
1.229050
1.229407
1.229766
1.230127
1.230489
1.230854
1.231221
1.231590
1.231962
1.232336
1.232712
1.233090
1.233471
1.233854
1.234239
1.234626
1.235015
1.235405
1.235797
1.236191
1.236586
1.236982
1.237380
1.237779
1.238179
1.238581
1.238983
1.239386
1.239790
1.240195
1.240601
1.241007
1.241414
1.241822
1.242231
1.242641
1.243051
1.243461
1.243873
1.244285
1.244697
1.245111
1.245525
1.245939
1.246354
1.246770
1.247186
1.247603
1.248020
1.248438
1.248857
1.249276
1.249695
1.250115
1.250536
1.250957
1.251378
1.251800
1.252222
1.252644
1.253067
1.253490
1.253913
1.254337
1.254761
1.255185
1.255609
1.256033
1.256457
1.256881
1.257305
1.257730
1.258154
1.258578
1.259001
1.259425
1.259848
1.260271
1.260693
1.261116
1.261537
1.261958
1.262379
1.262799
1.263218
1.263637
1.264054
1.264471
1.264888
1.265303
1.265717
1.266130
1.266542
1.266953
1.267363
1.267772
1.268179
1.268585
1.268989
1.269393
1.269794
1.270194
1.270593
1.270990
1.271385
1.271779
1.272170
1.272560
1.272948
1.273335
1.273719
1.274101
1.274482
1.274860
1.275237
1.275611
1.275983
1.276353
1.276721
1.277087
1.277450
1.277811
1.278171
1.278527
1.278882
1.279234
1.279584
1.279932
1.280278
1.280621
1.280962
1.281301
1.281637
1.281971
1.282303
1.282632
1.282960
1.283285
1.283608
1.283928
1.284246
1.284563
1.284877
1.285188
1.285498
1.285806
1.286111
1.286414
1.286716
1.287015
1.287312
1.287607
1.287900
1.288192
1.288481
1.288769
1.289054
1.289338
1.289620
1.289900
1.290178
1.290455
1.290730
1.291003
1.291274
1.291544
1.291813
1.292079
1.292345
1.292608
1.292870
1.293131
1.293390
1.293648
1.293905
1.294160
1.294414
1.294667
1.294918
1.295168
1.295417
1.295665
1.295912
1.296157
1.296402
1.296645
1.296887
1.297129
1.297369
1.297609
1.297847
1.298085
1.298322
1.298558
1.298793
1.299027
1.299261
1.299494
1.299726
1.299957
1.300188
1.300418
1.300648
1.300877
1.301105
1.301333
1.301560
1.301787
1.302014
1.302240
1.302465
1.302690
1.302915
1.303139
1.303363
1.303587
1.303810
1.304033
1.304256
1.304479
1.304701
1.304923
1.305145
1.305366
1.305588
1.305809
1.306031
1.306252
1.306473
1.306694
1.306915
1.307136
1.307356
1.307577
1.307798
1.308019
1.308239
1.308460
1.308681
1.308902
1.309123
1.309344
1.309566
1.309787
1.310008
1.310230
1.310452
1.310674
1.310896
1.311118
1.311340
1.311563
1.311786
1.312009
1.312233
1.312456
1.312680
1.312904
1.313129
1.313354
1.313579
1.313804
1.314030
1.314256
1.314483
1.314710
1.314937
1.315165
1.315393
1.315621
1.315850
1.316080
1.316309
1.316540
1.316770
1.317002
1.317234
1.317466
1.317699
1.317932
1.318166
1.318401
1.318636
1.318872
1.319108
1.319345
1.319583
1.319821
1.320060
1.320300
1.320540
1.320782
1.321024
1.321266
1.321510
1.321754
1.322000
1.322246
1.322493
1.322741
1.322989
1.323239
1.323490
1.323742
1.323994
1.324248
1.324503
1.324759
1.325016
1.325274
1.325533
1.325793
1.326055
1.326318
1.326582
1.326847
1.327113
1.327381
1.327650
1.327920
1.328192
1.328464
1.328739
1.329014
1.329291
1.329569
1.329848
1.330129
1.330410
1.330693
1.330978
1.331263
1.331549
1.331837
1.332126
1.332416
1.332706
1.332998
1.333290
1.333583
1.333877
1.334171
1.334466
1.334761
1.335057
1.335353
1.335648
1.335944
1.336240
1.336535
1.336830
1.337124
1.337418
1.337710
1.338002
1.338292
1.338582
1.338874
1.339171
1.339478
1.339796
1.340126
1.340464
1.340809
1.341155
1.341499
1.341838
1.342171
1.342497
1.342816
1.343128
1.343435
1.343735
1.344030
1.344319
1.344603
1.344882
1.345156
1.345425
1.345690
1.345950
1.346207
1.346460
1.346710
1.346957
1.347202
1.347444
1.347683
1.347921
1.348157
1.348390
1.348623
1.348854
1.349083
1.349312
1.349539
1.349766
1.349991
1.350216
1.350440
1.350664
1.350886
1.351109
1.351330
1.351552
1.351772
1.351993
1.352213
1.352432
1.352652
1.352871
1.353089
1.353307
1.353525
1.353743
1.353960
1.354178
1.354394
1.354611
1.354827
1.355043
1.355259
1.355474
1.355689
1.355904
1.356118
1.356333
1.356547
1.356760
1.356974
1.357187
1.357399
1.357612
1.357824
1.358036
1.358247
1.358458
1.358669
1.358880
1.359090
1.359300
1.359510
1.359510
1.359719
1.359928
1.360136
1.360345
1.360552
1.360760
1.360967
1.361174
1.361381
1.361587
1.361793
1.361998
1.362204
1.362409
1.362613
1.362817
1.363021
1.363225
1.363428
1.363631
1.363834
1.364036
1.364238
1.364440
1.364642
1.364843
1.365044
1.365245
1.365445
1.365645
1.365845
1.366045
1.366244
1.366443
1.366642
1.366841
1.367039
1.367237
1.367435
1.367633
1.367831
1.368029
1.368226
1.368423
1.368620
1.368817
1.369014
1.369211
1.369408
1.369604
1.369801
1.369997
1.370193
1.370390
1.370586
1.370782
1.370978
1.371174
1.371371
1.371567
1.371763
1.371959
1.372155
1.372352
1.372548
1.372745
1.372941
1.373138
1.373335
1.373531
1.373728
1.373925
1.374122
1.374320
1.374517
1.374715
1.374912
1.375110
1.375308
1.375506
1.375705
1.375903
1.376102
1.376300
1.376499
1.376698
1.376897
1.377096
1.377296
1.377495
1.377694
1.377894
1.378094
1.378293
1.378493
1.378693
1.378893
1.379092
1.379292
1.379491
1.379691
1.379890
1.380090
1.380289
1.380487
1.380686
1.380884
1.381083
1.381280
1.381478
1.381675
1.381871
1.382067
1.382263
1.382458
1.382653
1.382847
1.383040
1.383232
1.383424
1.383615
1.383806
1.383995
1.384184
1.384372
1.384559
1.384745
1.384930
1.385114
1.385297
1.385479
1.385660
1.385840
1.386018
1.386196
1.386372
1.386547
1.386721
1.386893
1.387065
1.387235
1.387403
1.387571
1.387737
1.387902
1.388065
1.388227
1.388388
1.388547
1.388705
1.388862
1.389017
1.389171
1.389324
1.389475
1.389625
1.389774
1.389922
1.390068
1.390214
1.390358
1.390501
1.390643
1.390784
1.390924
1.391063
1.391201
1.391339
1.391475
1.391611
1.391746
1.391880
1.392013
1.392146
1.392278
1.392410
1.392541
1.392671
1.392801
1.392930
1.393059
1.393187
1.393315
1.393443
1.393570
1.393696
1.393822
1.393948
1.394073
1.394198
1.394322
1.394446
1.394570
1.394693
1.394816
1.394938
1.395061
1.395184
1.395309
1.395437
1.395577
1.395743
1.395940
1.395871
1.395747
1.395811
1.396073
1.396443
1.396798
1.396914
1.397127
1.396914
1.397159
1.396859
1.396937
1.397223
1.397688
1.397518
1.397570
1.397573
1.397974
1.397853
1.397748
1.398359
1.398313
1.398851
1.398496
1.398114
1.399166
1.399018
1.398644
1.399801
1.399635
1.399185
1.399916
1.399991
1.400651
1.400344
1.399699
1.400466
1.400508
1.400629
1.400952
1.401410
1.401184
1.400841
1.401400
1.401280
1.402172
1.401851
1.401306
1.401636
1.402215
1.403571
1.403414
1.402691
1.402940
1.402786
1.403861
1.403267
1.402584
1.402934
1.403219
1.403688
1.404188
1.404564
1.404811
1.404891
1.404842
1.404730
1.404608
1.404512
1.404450
1.404413
1.404388
1.404361
1.404328
1.404289
1.404253
1.404226
1.404215
1.404221
1.404243
1.404276
1.404318
1.404366
1.404418
1.404474
1.404536
1.404602
1.404675
1.404752
1.404834
1.404919
1.405008
1.405098
1.405191
1.405285
1.405382
1.405479
1.405579
1.405679
1.405780
1.405882
1.405983
1.406085
1.406186
1.406287
1.406387
1.406486
1.406583
1.406680
1.406774
1.406867
1.406958
1.407047
1.407133
1.407217
1.407298
1.407377
1.407452
1.407525
1.407595
1.407662
1.407725
1.407786
1.407843
1.407897
1.407948
1.407996
1.408041
1.408083
1.408121
1.408156
1.408189
1.408218
1.408244
1.408267
1.408288
1.408305
1.408320
1.408332
1.408341
1.408348
1.408352
1.408353
1.408352
1.408348
1.408342
1.408334
1.408323
1.408310
1.408295
1.408278
1.408259
1.408238
1.408214
1.408189
1.408162
1.408133
1.408103
1.408071
1.408037
1.408002
1.407965
1.407926
1.407887
1.407846
1.407803
1.407760
1.407715
1.407669
1.407622
1.407574
1.407525
1.407475
1.407424
1.407372
1.407319
1.407266
1.407211
1.407156
1.407100
1.407043
1.406986
1.406927
1.406868
1.406808
1.406748
1.406686
1.406624
1.406561
1.406497
1.406432
1.406367
1.406300
1.406233
1.406164
1.406095
1.406024
1.405953
1.405880
1.405807
1.405732
1.405656
1.405579
1.405500
1.405421
1.405339
1.405257
1.405173
1.405088
1.405001
1.404913
1.404823
1.404732
1.404638
1.404544
1.404447
1.404349
1.404249
1.404147
1.404044
1.403938
1.403831
1.403722
1.403611
1.403497
1.403382
1.403265
1.403145
1.403024
1.402900
1.402775
1.402647
1.402517
1.402385
1.402250
1.402114
1.401975
1.401834
1.401691
1.401546
1.401398
1.401248
1.401096
1.400942
1.400785
1.400626
1.400465
1.400302
1.400137
1.399969
1.399799
1.399627
1.399453
1.399276
1.399098
1.398917
1.398734
1.398549
1.398362
1.398173
1.397982
1.397789
1.397593
1.397396
1.397197
1.396996
1.396793
1.396588
1.396381
1.396172
1.395961
1.395749
1.395535
1.395319
1.395101
1.394881
1.394660
1.394437
1.394213
1.393987
1.393759
1.393530
1.393300
1.393067
1.392834
1.392599
1.392362
1.392125
1.391886
1.391645
1.391404
1.391161
1.390917
1.390671
1.390425
1.390177
1.390177
1.389929
1.389679
1.389428
1.389176
1.388924
1.388670
1.388415
1.388160
1.387903
1.387646
1.387388
1.387129
1.386869
1.386609
1.386348
1.386086
1.385824
1.385561
1.385297
1.385033
1.384768
1.384502
1.384236
1.383970
1.383703
1.383435
1.383167
1.382899
1.382630
1.382361
1.382092
1.381822
1.381552
1.381282
1.381011
1.380740
1.380469
1.380198
1.379926
1.379654
1.379383
1.379111
1.378838
1.378566
1.378294
1.378022
1.377749
1.377477
1.377204
1.376932
1.376660
1.376387
1.376115
1.375843
1.375571
1.375299
1.375027
1.374755
1.374484
1.374213
1.373942
1.373671
1.373400
1.373130
1.372860
1.372590
1.372320
1.372051
1.371782
1.371514
1.371246
1.370978
1.370711
1.370444
1.370177
1.369911
1.369646
1.369380
1.369116
1.368852
1.368588
1.368325
1.368063
1.367801
1.367539
1.367278
1.367018
1.366759
1.366500
1.366241
1.365984
1.365727
1.365470
1.365215
1.364960
1.364705
1.364451
1.364195
1.363934
1.363647
1.363511
1.363690
1.363051
1.362571
1.362041
1.362097
1.361661
1.361532
1.361361
1.361623
1.361193
1.360939
1.360677
1.360831
1.360366
1.360176
1.359834
1.360010
1.359558
1.359260
1.359098
1.359170
1.358772
1.358730
1.358188
1.357983
1.357648
1.357771
1.357353
1.357135
1.356847
1.356922
1.356487
1.356306
1.355924
1.355933
1.355532
1.355407
1.355071
1.355077
1.354698
1.354588
1.354236
1.354202
1.353836
1.353747
1.353401
1.353348
1.353004
1.352931
1.352595
1.352529
1.352196
1.352124
1.351796
1.351724
1.351402
1.351328
1.351012
1.350936
1.350626
1.350548
1.350243
1.350164
1.349864
1.349782
1.349488
1.349404
1.349116
1.349029
1.348748
1.348658
1.348383
1.348290
1.348021
1.347926
1.347663
1.347565
1.347309
1.347207
1.346958
1.346852
1.346611
1.346501
1.346268
1.346153
1.345927
1.345808
1.345590
1.345467
1.345257
1.345129
1.344926
1.344794
1.344599
1.344462
1.344275
1.344134
1.343953
1.343809
1.343634
1.343488
1.343318
1.343169
1.343004
1.342854
1.342693
1.342542
1.342384
1.342233
1.342078
1.341927
1.341774
1.341624
1.341473
1.341323
1.341174
1.341025
1.340877
1.340730
1.340583
1.340437
1.340291
1.340146
1.340001
1.339857
1.339714
1.339571
1.339429
1.339287
1.339146
1.339005
1.338865
1.338725
1.338585
1.338446
1.338308
1.338170
1.338032
1.337895
1.337758
1.337622
1.337486
1.337350
1.337214
1.337079
1.336945
1.336811
1.336677
1.336543
1.336409
1.336276
1.336144
1.336011
1.335879
1.335747
1.335615
1.335484
1.335353
1.335222
1.335091
1.334961
1.334830
1.334700
1.334570
1.334441
1.334311
1.334182
1.334053
1.333924
1.333795
1.333667
1.333538
1.333410
1.333282
1.333153
1.333026
1.332898
1.332770
1.332642
1.332515
1.332388
1.332260
1.332133
1.332006
1.331879
1.331752
1.331625
1.331498
1.331371
1.331244
1.331118
1.330991
1.330864
1.330738
1.330611
1.330485
1.330358
1.330232
1.330105
1.329979
1.329852
1.329726
1.329599
1.329473
1.329346
1.329219
1.329093
1.328966
1.328840
1.328713
1.328586
1.328460
1.328333
1.328206
1.328079
1.327953
1.327826
1.327699
1.327572
1.327445
1.327317
1.327190
1.327063
1.326936
1.326808
1.326681
1.326553
1.326426
1.326298
1.326170
1.326043
1.325915
1.325787
1.325659
1.325530
1.325402
1.325274
1.325146
1.325017
1.324889
1.324760
1.324631
1.324502
1.324373
1.324244
1.324115
1.323986
1.323857
1.323727
1.323598
1.323468
1.323339
1.323209
1.323079
1.322949
1.322819
1.322689
1.322559
1.322428
1.322298
1.322168
1.322037
1.321906
1.321775
1.321645
1.321514
1.321383
1.321251
1.321120
1.320989
1.320857
1.320726
1.320594
1.320463
1.320331
1.320199
1.320067
1.319935
1.319803
1.319671
1.319538
1.319406
1.319274
1.319141
1.319008
1.318876
1.318743
1.318610
1.318477
1.318344
1.318211
1.318078
1.317945
1.317812
1.317679
1.317545
1.317412
1.317278
1.317145
1.317011
1.316878
1.316744
1.316610
1.316476
1.316343
1.316209
1.316075
1.315941
1.315807
1.315673
1.315539
1.315405
1.315270
1.315136
1.315002
1.314868
1.314733
1.314599
1.314465
1.314330
1.314196
1.314062
1.313927
1.313793
1.313658
1.313524
1.313389
1.313255
1.313120
1.312986
1.312851
1.312717
1.312582
1.312448
1.312313
1.312178
1.312044
1.311909
1.311775
1.311640
1.311506
1.311371
1.311237
1.311102
1.310968
1.310834
1.310699
1.310565
1.310430
1.310296
1.310162
1.310028
1.309893
1.309759
1.309625
1.309491
1.309357
1.309223
1.309089
1.308955
1.308821
1.308687
1.308553
1.308419
1.308285
1.308151
1.308018
1.307884
1.307751
1.307617
1.307484
1.307350
1.307217
1.307084
1.306950
1.306817
1.306684
1.306551
1.306418
1.306285
1.306152
1.306019
1.305887
1.305754
1.305622
1.305489
1.305357
1.305224
1.305092
1.304960
1.304828
1.304696
1.304564
1.304432
1.304301
1.304169
1.304038
1.303906
1.303906
1.303775
1.303644
1.303512
1.303381
1.303250
1.303120
1.302989
1.302858
1.302728
1.302598
1.302467
1.302337
1.302207
1.302077
1.301948
1.301818
1.301688
1.301559
1.301430
1.301301
1.301172
1.301043
1.300914
1.300786
1.300658
1.300529
1.300401
1.300273
1.300146
1.300018
1.299891
1.299764
1.299637
1.299510
1.299383
1.299257
1.299131
1.299004
1.298879
1.298753
1.298627
1.298502
1.298377
1.298252
1.298127
1.298003
1.297879
1.297755
1.297631
1.297507
1.297384
1.297260
1.297137
1.297014
1.296892
1.296769
1.296647
1.296525
1.296403
1.296281
1.296160
1.296038
1.295917
1.295796
1.295675
1.295554
1.295434
1.295313
1.295193
1.295073
1.294953
1.294833
1.294713
1.294594
1.294474
1.294355
1.294235
1.294116
1.293997
1.293878
1.293759
1.293640
1.293521
1.293402
1.293284
1.293165
1.293047
1.292928
1.292810
1.292691
1.292573
1.292454
1.292336
1.292218
1.292100
1.291981
1.291863
1.291745
1.291627
1.291509
1.291391
1.291273
1.291155
1.291037
1.290919
1.290801
1.290683
1.290565
1.290447
1.290330
1.290212
1.290094
1.289976
1.289858
1.289741
1.289623
1.289505
1.289388
1.289270
1.289153
1.289035
1.288918
1.288800
1.288683
1.288566
1.288448
1.288331
1.288214
1.288097
1.287979
1.287862
1.287745
1.287628
1.287512
1.287395
1.287278
1.287161
1.287045
1.286928
1.286812
1.286695
1.286579
1.286463
1.286347
1.286231
1.286115
1.285999
1.285883
1.285767
1.285652
1.285536
1.285421
1.285305
1.285190
1.285075
1.284960
1.284845
1.284730
1.284616
1.284501
1.284387
1.284272
1.284158
1.284044
1.283930
1.283817
1.283703
1.283589
1.283476
1.283363
1.283250
1.283137
1.283024
1.282911
1.282799
1.282686
1.282574
1.282462
1.282350
1.282238
1.282127
1.282015
1.281904
1.281793
1.281682
1.281571
1.281461
1.281350
1.281240
1.281130
1.281020
1.280910
1.280801
1.280691
1.280582
1.280473
1.280364
1.280256
1.280147
1.280039
1.279931
1.279823
1.279715
1.279608
1.279501
1.279393
1.279287
1.279180
1.279073
1.278967
1.278861
1.278755
1.278650
1.278544
1.278439
1.278334
1.278229
1.278125
1.278020
1.277916
1.277812
1.277708
1.277605
1.277502
1.277399
1.277296
1.277193
1.277091
1.276989
1.276887
1.276785
1.276684
1.276583
1.276482
1.276381
1.276281
1.276181
1.276081
1.275981
1.275881
1.275782
1.275683
1.275584
1.275486
1.275387
1.275289
1.275192
1.275094
1.274997
1.274900
1.274803
1.274706
1.274610
1.274514
1.274418
1.274323
1.274228
1.274133
1.274038
1.273943
1.273849
1.273755
1.273662
1.273568
1.273475
1.273382
1.273289
1.273197
1.273105
1.273013
1.272922
1.272830
1.272739
1.272648
1.272558
1.272468
1.272378
1.272288
1.272198
1.272109
1.272020
1.271932
1.271843
1.271755
1.271667
1.271580
1.271493
1.271406
1.271319
1.271232
1.271146
1.271060
1.270975
1.270889
1.270804
1.270719
1.270635
1.270550
1.270466
1.270383
1.270299
1.270216
1.270133
1.270050
1.269968
1.269886
1.269804
1.269722
1.269641
1.269560
1.269479
1.269399
1.269319
1.269239
1.269159
1.269080
1.269001
1.268922
1.268843
1.268765
1.268687
1.268609
1.268531
1.268454
1.268377
1.268300
1.268224
1.268148
1.268072
1.267996
1.267921
1.267846
1.267771
1.267696
1.267622
1.267548
1.267474
1.267400
1.267327
1.267254
1.267181
1.267109
1.267037
1.266965
1.266893
1.266821
1.266750
1.266679
1.266608
1.266538
1.266468
1.266398
1.266328
1.266259
1.266189
1.266120
1.266052
1.265983
1.265915
1.265847
1.265779
1.265712
1.265645
1.265578
1.265511
1.265444
1.265378
1.265312
1.265246
1.265181
1.265115
1.265050
1.264985
1.264921
1.264856
1.264792
1.264728
1.264665
1.264601
1.264538
1.264475
1.264412
1.264350
1.264287
1.264225
1.264163
1.264102
1.264040
1.263979
1.263918
1.263857
1.263797
1.263736
1.263676
1.263616
1.263556
1.263497
1.263438
1.263379
1.263320
1.263261
1.263203
1.263144
1.263086
1.263029
1.262971
1.262914
1.262856
1.262799
1.262743
1.262686
1.262629
1.262573
1.262517
1.262461
1.262406
1.262350
1.262295
1.262240
1.262185
1.262130
1.262076
1.262022
1.261968
1.261914
1.261860
1.261806
1.261753
1.261700
1.261647
1.261594
1.261541
1.261489
1.261436
1.261384
1.261332
1.261280
1.261229
1.261177
1.261126
1.261075
1.261024
1.260973
1.260923
1.260872
1.260822
1.260772
1.260722
1.260672
1.260623
1.260573
1.260524
1.260475
1.260426
1.260377
1.260328
1.260280
1.260231
1.260183
1.260135
1.260087
1.260040
1.259992
1.259945
1.259897
1.259850
1.259803
1.259756
1.259710
1.259663
1.259617
1.259570
1.259524
1.259478
1.259432
1.259387
1.259341
1.259296
1.259250
1.259205
1.259160
1.259115
1.259071
1.259026
1.258982
1.258937
1.258893
1.258849
1.258805
1.258761
1.258718
1.258674
1.258631
1.258587
1.258544
1.258501
1.258458
1.258416
1.258373
1.258373
1.258330
1.258288
1.258246
1.258204
1.258162
1.258120
1.258078
1.258036
1.257995
1.257953
1.257912
1.257871
1.257830
1.257789
1.257748
1.257707
1.257666
1.257626
1.257586
1.257545
1.257505
1.257465
1.257425
1.257385
1.257346
1.257306
1.257267
1.257227
1.257188
1.257149
1.257110
1.257071
1.257032
1.256994
1.256955
1.256917
1.256878
1.256840
1.256802
1.256764
1.256726
1.256688
1.256650
1.256613
1.256575
1.256538
1.256501
1.256463
1.256426
1.256389
1.256352
1.256316
1.256279
1.256242
1.256206
1.256170
1.256133
1.256097
1.256061
1.256025
1.255989
1.255954
1.255918
1.255882
1.255847
1.255812
1.255777
1.255741
1.255706
1.255671
1.255637
1.255602
1.255567
1.255533
1.255498
1.255464
1.255430
1.255396
1.255362
1.255328
1.255294
1.255260
1.255227
1.255193
1.255160
1.255127
1.255093
1.255060
1.255027
1.254994
1.254961
1.254929
1.254896
1.254864
1.254831
1.254799
1.254767
1.254735
1.254703
1.254671
1.254639
1.254607
1.254576
1.254544
1.254513
1.254482
1.254450
1.254419
1.254388
1.254357
1.254327
1.254296
1.254265
1.254235
1.254205
1.254174
1.254144
1.254114
1.254084
1.254054
1.254024
1.253995
1.253965
1.253936
1.253906
1.253877
1.253848
1.253819
1.253790
1.253761
1.253733
1.253704
1.253675
1.253647
1.253619
1.253591
1.253563
1.253535
1.253507
1.253479
1.253451
1.253424
1.253396
1.253369
1.253342
1.253315
1.253288
1.253261
1.253234
1.253207
1.253181
1.253154
1.253128
1.253102
1.253075
1.253049
1.253023
1.252998
1.252972
1.252946
1.252921
1.252896
1.252870
1.252845
1.252820
1.252795
1.252770
1.252746
1.252721
1.252697
1.252672
1.252648
1.252624
1.252600
1.252576
1.252552
1.252529
1.252505
1.252482
1.252459
1.252435
1.252412
1.252389
1.252367
1.252344
1.252321
1.252299
1.252277
1.252254
1.252232
1.252210
1.252188
1.252167
1.252145
1.252124
1.252102
1.252081
1.252060
1.252039
1.252018
1.251997
1.251977
1.251956
1.251936
1.251915
1.251895
1.251875
1.251855
1.251836
1.251816
1.251797
1.251777
1.251758
1.251739
1.251720
1.251701
1.251682
1.251664
1.251645
1.251627
1.251609
1.251591
1.251573
1.251555
1.251537
1.251520
1.251502
1.251485
1.251468
1.251451
1.251434
1.251417
1.251400
1.251384
1.251368
1.251351
1.251335
1.251319
1.251304
1.251288
1.251272
1.251257
1.251242
1.251227
1.251212
1.251197
1.251182
1.251167
1.251153
1.251139
1.251125
1.251111
1.251097
1.251083
1.251069
1.251056
1.251043
1.251030
1.251016
1.251004
1.250991
1.250978
1.250966
1.250954
1.250941
1.250929
1.250917
1.250906
1.250894
1.250883
1.250871
1.250860
1.250849
1.250838
1.250828
1.250817
1.250807
1.250797
1.250786
1.250776
1.250767
1.250757
1.250747
1.250738
1.250729
1.250720
1.250711
1.250702
1.250693
1.250685
1.250677
1.250668
1.250660
1.250653
1.250645
1.250637
1.250630
1.250623
1.250616
1.250609
1.250602
1.250595
1.250589
1.250582
1.250576
1.250570
1.250564
1.250558
1.250553
1.250547
1.250542
1.250537
1.250532
1.250527
1.250523
1.250518
1.250514
1.250510
1.250506
1.250502
1.250498
1.250495
1.250491
1.250488
1.250485
1.250482
1.250479
1.250477
1.250474
1.250472
1.250470
1.250468
1.250466
1.250464
1.250463
1.250462
1.250460
1.250459
1.250459
1.250458
1.250457
1.250457
1.250457
1.250457
1.250457
1.250457
1.250457
1.250458
1.250459
1.250460
1.250461
1.250462
1.250463
1.250465
1.250467
1.250469
1.250471
1.250473
1.250475
1.250478
1.250480
1.250483
1.250486
1.250489
1.250493
1.250496
1.250500
1.250504
1.250508
1.250512
1.250516
1.250521
1.250525
1.250530
1.250535
1.250540
1.250545
1.250551
1.250556
1.250562
1.250568
1.250574
1.250581
1.250587
1.250594
1.250600
1.250607
1.250614
1.250621
1.250629
1.250636
1.250644
1.250652
1.250660
1.250668
1.250677
1.250685
1.250694
1.250703
1.250712
1.250721
1.250730
1.250740
1.250750
1.250759
1.250769
1.250780
1.250790
1.250800
1.250811
1.250822
1.250833
1.250844
1.250855
1.250867
1.250878
1.250890
1.250902
1.250914
1.250926
1.250939
1.250951
1.250964
1.250977
1.250990
1.251003
1.251017
1.251030
1.251044
1.251058
1.251072
1.251086
1.251100
1.251115
1.251130
1.251145
1.251160
1.251175
1.251190
1.251205
1.251221
1.251237
1.251253
1.251269
1.251285
1.251302
1.251318
1.251335
1.251352
1.251369
1.251386
1.251404
1.251421
1.251439
1.251457
1.251475
1.251493
1.251511
1.251530
1.251548
1.251567
1.251586
1.251605
1.251624
1.251644
1.251663
1.251683
1.251703
1.251723
1.251743
1.251763
1.251784
1.251805
1.251825
1.251846
1.251867
1.251889
1.251910
1.251932
1.251953
1.251975
1.251997
1.252019
1.252042
1.252064
1.252087
1.252110
1.252133
1.252156
1.252179
1.252202
1.252226
1.252250
1.252273
1.252297
1.252321
1.252346
1.252370
1.252395
1.252395
1.252419
1.252444
1.252469
1.252494
1.252520
1.252545
1.252571
1.252597
1.252623
1.252649
1.252675
1.252701
1.252728
1.252754
1.252781
1.252808
1.252835
1.252862
1.252889
1.252917
1.252945
1.252972
1.253000
1.253028
1.253056
1.253085
1.253113
1.253142
1.253171
1.253199
1.253229
1.253258
1.253287
1.253316
1.253346
1.253376
1.253406
1.253436
1.253466
1.253496
1.253526
1.253557
1.253588
1.253619
1.253649
1.253681
1.253712
1.253743
1.253775
1.253806
1.253838
1.253870
1.253902
1.253934
1.253966
1.253999
1.254031
1.254064
1.254097
1.254130
1.254163
1.254196
1.254229
1.254263
1.254297
1.254330
1.254364
1.254398
1.254432
1.254466
1.254501
1.254535
1.254570
1.254605
1.254639
1.254674
1.254710
1.254745
1.254780
1.254816
1.254851
1.254887
1.254923
1.254959
1.254995
1.255031
1.255068
1.255104
1.255141
1.255177
1.255214
1.255251
1.255288
1.255325
1.255363
1.255400
1.255438
1.255475
1.255513
1.255551
1.255589
1.255627
1.255665
1.255704
1.255742
1.255781
1.255819
1.255858
1.255897
1.255936
1.255975
1.256015
1.256054
1.256093
1.256133
1.256173
1.256213
1.256252
1.256293
1.256333
1.256373
1.256413
1.256454
1.256494
1.256535
1.256576
1.256617
1.256658
1.256699
1.256740
1.256781
1.256823
1.256864
1.256906
1.256948
1.256990
1.257032
1.257074
1.257116
1.257158
1.257200
1.257243
1.257285
1.257328
1.257371
1.257414
1.257457
1.257500
1.257543
1.257586
1.257629
1.257673
1.257716
1.257760
1.257804
1.257848
1.257891
1.257935
1.257980
1.258024
1.258068
1.258112
1.258157
1.258202
1.258246
1.258291
1.258336
1.258381
1.258426
1.258471
1.258516
1.258561
1.258607
1.258652
1.258698
1.258743
1.258789
1.258835
1.258881
1.258927
1.258973
1.259019
1.259065
1.259112
1.259158
1.259205
1.259251
1.259298
1.259345
1.259391
1.259438
1.259485
1.259532
1.259580
1.259627
1.259674
1.259721
1.259769
1.259816
1.259864
1.259912
1.259960
1.260007
1.260055
1.260103
1.260151
1.260199
1.260248
1.260296
1.260344
1.260393
1.260441
1.260490
1.260538
1.260587
1.260636
1.260685
1.260734
1.260783
1.260832
1.260881
1.260930
1.260979
1.261029
1.261078
1.261127
1.261177
1.261226
1.261276
1.261326
1.261375
1.261425
1.261475
1.261525
1.261575
1.261625
1.261675
1.261725
1.261776
1.261826
1.261876
1.261927
1.261977
1.262028
1.262078
1.262129
1.262179
1.262230
1.262281
1.262332
1.262382
1.262433
1.262484
1.262535
1.262586
1.262637
1.262689
1.262740
1.262791
1.262842
1.262894
1.262945
1.262996
1.263048
1.263099
1.263151
1.263203
1.263254
1.263306
1.263358
1.263409
1.263461
1.263513
1.263565
1.263617
1.263669
1.263721
1.263773
1.263825
1.263877
1.263929
1.263981
1.264033
1.264085
1.264137
1.264190
1.264242
1.264294
1.264347
1.264399
1.264451
1.264504
1.264556
1.264609
1.264661
1.264714
1.264767
1.264819
1.264872
1.264924
1.264977
1.265030
1.265082
1.265135
1.265188
1.265241
1.265294
1.265346
1.265399
1.265452
1.265505
1.265558
1.265611
1.265664
1.265717
1.265770
1.265823
1.265876
1.265929
1.265983
1.266036
1.266089
1.266142
1.266195
1.266249
1.266302
1.266355
1.266409
1.266462
1.266515
1.266569
1.266622
1.266676
1.266729
1.266783
1.266837
1.266890
1.266944
1.266998
1.267052
1.267105
1.267159
1.267213
1.267267
1.267321
1.267375
1.267429
1.267483
1.267538
1.267592
1.267646
1.267701
1.267755
1.267809
1.267864
1.267919
1.267973
1.268028
1.268083
1.268138
1.268193
1.268248
1.268303
1.268358
1.268414
1.268469
1.268524
1.268580
1.268636
1.268691
1.268747
1.268803
1.268859
1.268916
1.268972
1.269028
1.269085
1.269141
1.269198
1.269255
1.269312
1.269369
1.269426
1.269484
1.269541
1.269599
1.269657
1.269715
1.269773
1.269831
1.269890
1.269948
1.270007
1.270066
1.270125
1.270184
1.270244
1.270303
1.270363
1.270423
1.270483
1.270543
1.270604
1.270664
1.270725
1.270786
1.270848
1.270909
1.270971
1.271032
1.271094
1.271157
1.271219
1.271282
1.271345
1.271408
1.271471
1.271534
1.271598
1.271662
1.271726
1.271791
1.271855
1.271920
1.271985
1.272051
1.272116
1.272182
1.272248
1.272314
1.272380
1.272447
1.272514
1.272581
1.272649
1.272716
1.272784
1.272852
1.272921
1.272989
1.273058
1.273127
1.273197
1.273266
1.273336
1.273406
1.273476
1.273547
1.273617
1.273688
1.273760
1.273831
1.273903
1.273975
1.274047
1.274119
1.274192
1.274265
1.274338
1.274411
1.274485
1.274559
1.274633
1.274707
1.274781
1.274856
1.274931
1.275006
1.275081
1.275157
1.275232
1.275308
1.275385
1.275461
1.275537
1.275614
1.275691
1.275768
1.275846
1.275923
1.276001
1.276079
1.276157
1.276235
1.276313
1.276392
1.276471
1.276550
1.276629
1.276708
1.276787
1.276867
1.276947
1.277026
1.277106
1.277187
1.277267
1.277347
1.277428
1.277428
1.277508
1.277589
1.277670
1.277751
1.277832
1.277913
1.277995
1.278076
1.278158
1.278239
1.278321
1.278403
1.278485
1.278567
1.278649
1.278731
1.278814
1.278896
1.278978
1.279061
1.279144
1.279226
1.279309
1.279392
1.279475
1.279558
1.279641
1.279724
1.279807
1.279890
1.279973
1.280057
1.280140
1.280224
1.280307
1.280391
1.280475
1.280558
1.280642
1.280726
1.280810
1.280894
1.280979
1.281063
1.281148
1.281232
1.281317
1.281402
1.281487
1.281572
1.281658
1.281744
1.281829
1.281916
1.282002
1.282089
1.282176
1.282263
1.282351
1.282439
1.282528
1.282617
1.282707
1.282797
1.282888
1.282980
1.283073
1.283167
1.283262
1.283358
1.283456
1.283555
1.283657
1.283760
1.283866
1.283975
1.284087
1.284203
1.284323
1.284449
1.284581
1.284720
1.284868
1.285027
1.285198
1.285383
1.285583
1.285802
1.286038
1.286290
1.286555
1.286827
1.287099
1.287363
1.287612
1.287843
1.288053
1.288240
1.288403
1.288542
1.288658
1.288751
1.288823
1.288873
1.288904
1.288916
1.288913
1.288894
1.288864
1.288823
1.288772
1.288715
1.288651
1.288582
1.288508
1.288430
1.288349
1.288266
1.288180
1.288093
1.288005
1.287918
1.287831
1.287745
1.287661
1.287580
1.287501
1.287426
1.287353
1.287285
1.287220
1.287158
1.287099
1.287044
1.286992
1.286943
1.286897
1.286854
1.286813
1.286774
1.286737
1.286702
1.286670
1.286639
1.286610
1.286582
1.286556
1.286532
1.286509
1.286488
1.286468
1.286450
1.286434
1.286420
1.286407
1.286396
1.286388
1.286381
1.286377
1.286374
1.286374
1.286377
1.286382
1.286389
1.286398
1.286410
1.286425
1.286442
1.286462
1.286484
1.286509
1.286537
1.286567
1.286600
1.286635
1.286673
1.286714
1.286756
1.286802
1.286850
1.286900
1.286952
1.287007
1.287064
1.287123
1.287184
1.287247
1.287312
1.287380
1.287449
1.287519
1.287592
1.287666
1.287742
1.287819
1.287898
1.287978
1.288060
1.288143
1.288227
1.288312
1.288399
1.288486
1.288575
1.288664
1.288754
1.288845
1.288937
1.289030
1.289123
1.289217
1.289311
1.289406
1.289502
1.289598
1.289694
1.289791
1.289888
1.289986
1.290083
1.290181
1.290279
1.290377
1.290476
1.290574
1.290673
1.290771
1.290870
1.290969
1.291067
1.291166
1.291264
1.291363
1.291461
1.291559
1.291657
1.291755
1.291853
1.291950
1.292048
1.292145
1.292242
1.292338
1.292435
1.292531
1.292627
1.292722
1.292818
1.292913
1.293008
1.293102
1.293196
1.293290
1.293383
1.293477
1.293569
1.293662
1.293754
1.293846
1.293937
1.294028
1.294119
1.294210
1.294300
1.294389
1.294479
1.294568
1.294656
1.294744
1.294832
1.294920
1.295007
1.295094
1.295180
1.295266
1.295352
1.295437
1.295522
1.295607
1.295691
1.295775
1.295858
1.295941
1.296024
1.296107
1.296189
1.296270
1.296352
1.296433
1.296513
1.296593
1.296673
1.296753
1.296832
1.296911
1.296989
1.297067
1.297145
1.297222
1.297299
1.297376
1.297452
1.297528
1.297604
1.297679
1.297754
1.297829
1.297903
1.297977
1.298051
1.298124
1.298197
1.298269
1.298342
1.298414
1.298485
1.298556
1.298627
1.298698
1.298768
1.298838
1.298908
1.298977
1.299046
1.299115
1.299183
1.299251
1.299319
1.299386
1.299454
1.299520
1.299587
1.299653
1.299719
1.299785
1.299850
1.299915
1.299979
1.300044
1.300108
1.300172
1.300235
1.300299
1.300362
1.300424
1.300487
1.300549
1.300611
1.300672
1.300733
1.300794
1.300855
1.300916
1.300976
1.301036
1.301095
1.301155
1.301214
1.301273
1.301332
1.301390
1.301448
1.301506
1.301564
1.301621
1.301678
1.301735
1.301792
1.301848
1.301904
1.301960
1.302016
1.302071
1.302127
1.302182
1.302236
1.302291
1.302345
1.302399
1.302453
1.302507
1.302561
1.302614
1.302667
1.302720
1.302772
1.302825
1.302877
1.302929
1.302981
1.303032
1.303084
1.303135
1.303186
1.303236
1.303287
1.303337
1.303388
1.303438
1.303487
1.303537
1.303587
1.303636
1.303685
1.303734
1.303782
1.303831
1.303879
1.303927
1.303975
1.304023
1.304071
1.304118
1.304166
1.304213
1.304260
1.304306
1.304353
1.304399
1.304446
1.304492
1.304538
1.304583
1.304629
1.304674
1.304719
1.304765
1.304809
1.304854
1.304899
1.304943
1.304988
1.305032
1.305076
1.305119
1.305163
1.305207
1.305250
1.305293
1.305336
1.305379
1.305422
1.305464
1.305507
1.305549
1.305591
1.305633
1.305675
1.305717
1.305758
1.305800
1.305841
1.305882
1.305923
1.305964
1.306004
1.306045
1.306085
1.306125
1.306165
1.306205
1.306245
1.306285
1.306324
1.306363
1.306403
1.306442
1.306481
1.306519
1.306558
1.306596
1.306635
1.306673
1.306711
1.306749
1.306787
1.306824
1.306862
1.306899
1.306936
1.306973
1.307010
1.307047
1.307084
1.307120
1.307157
1.307193
1.307229
1.307265
1.307301
1.307336
1.307372
1.307407
1.307443
1.307478
1.307513
1.307548
1.307582
1.307617
1.307617
1.307651
1.307686
1.307720
1.307754
1.307788
1.307821
1.307855
1.307889
1.307922
1.307955
1.307988
1.308021
1.308054
1.308087
1.308119
1.308151
1.308184
1.308216
1.308248
1.308280
1.308311
1.308343
1.308374
1.308406
1.308437
1.308468
1.308499
1.308529
1.308560
1.308591
1.308621
1.308651
1.308681
1.308711
1.308741
1.308771
1.308800
1.308830
1.308859
1.308888
1.308917
1.308946
1.308975
1.309003
1.309032
1.309060
1.309088
1.309117
1.309145
1.309172
1.309200
1.309228
1.309255
1.309282
1.309310
1.309337
1.309364
1.309390
1.309417
1.309444
1.309470
1.309496
1.309523
1.309549
1.309575
1.309600
1.309626
1.309652
1.309677
1.309702
1.309728
1.309753
1.309778
1.309802
1.309827
1.309852
1.309876
1.309900
1.309925
1.309949
1.309973
1.309996
1.310020
1.310044
1.310067
1.310091
1.310114
1.310137
1.310160
1.310183
1.310206
1.310229
1.310251
1.310274
1.310296
1.310318
1.310340
1.310362
1.310384
1.310406
1.310428
1.310450
1.310471
1.310492
1.310514
1.310535
1.310556
1.310577
1.310598
1.310619
1.310639
1.310660
1.310680
1.310701
1.310721
1.310741
1.310761
1.310781
1.310801
1.310821
1.310840
1.310860
1.310880
1.310899
1.310918
1.310937
1.310957
1.310976
1.310995
1.311014
1.311032
1.311051
1.311070
1.311088
1.311107
1.311125
1.311143
1.311161
1.311180
1.311198
1.311216
1.311234
1.311251
1.311269
1.311287
1.311304
1.311322
1.311339
1.311357
1.311374
1.311391
1.311408
1.311425
1.311442
1.311459
1.311476
1.311493
1.311510
1.311527
1.311543
1.311560
1.311576
1.311593
1.311609
1.311625
1.311642
1.311658
1.311674
1.311690
1.311706
1.311722
1.311738
1.311754
1.311770
1.311786
1.311801
1.311817
1.311833
1.311848
1.311864
1.311879
1.311895
1.311910
1.311925
1.311941
1.311956
1.311971
1.311987
1.312002
1.312017
1.312032
1.312047
1.312062
1.312077
1.312092
1.312107
1.312122
1.312137
1.312151
1.312166
1.312181
1.312196
1.312210
1.312225
1.312240
1.312254
1.312269
1.312284
1.312298
1.312313
1.312327
1.312342
1.312356
1.312371
1.312385
1.312399
1.312414
1.312428
1.312443
1.312457
1.312471
1.312486
1.312500
1.312514
1.312528
1.312543
1.312557
1.312571
1.312586
1.312600
1.312614
1.312628
1.312642
1.312657
1.312671
1.312685
1.312699
1.312714
1.312728
1.312742
1.312756
1.312770
1.312785
1.312799
1.312813
1.312827
1.312841
1.312856
1.312870
1.312884
1.312898
1.312913
1.312927
1.312941
1.312955
1.312970
1.312984
1.312998
1.313012
1.313027
1.313041
1.313055
1.313070
1.313084
1.313099
1.313113
1.313127
1.313142
1.313156
1.313171
1.313185
1.313200
1.313214
1.313229
1.313243
1.313258
1.313272
1.313287
1.313302
1.313316
1.313331
1.313346
1.313360
1.313375
1.313390
1.313405
1.313419
1.313434
1.313449
1.313464
1.313479
1.313494
1.313509
1.313524
1.313539
1.313554
1.313569
1.313584
1.313599
1.313615
1.313630
1.313645
1.313660
1.313676
1.313691
1.313706
1.313722
1.313737
1.313753
1.313768
1.313784
1.313799
1.313815
1.313831
1.313846
1.313862
1.313878
1.313894
1.313910
1.313925
1.313941
1.313957
1.313973
1.313989
1.314006
1.314022
1.314038
1.314054
1.314070
1.314087
1.314103
1.314119
1.314136
1.314152
1.314169
1.314185
1.314202
1.314219
1.314235
1.314252
1.314269
1.314286
1.314303
1.314319
1.314336
1.314353
1.314371
1.314388
1.314405
1.314422
1.314439
1.314457
1.314474
1.314491
1.314509
1.314526
1.314544
1.314562
1.314579
1.314597
1.314615
1.314633
1.314651
1.314669
1.314687
1.314705
1.314723
1.314741
1.314759
1.314777
1.314796
1.314814
1.314832
1.314851
1.314870
1.314888
1.314907
1.314926
1.314944
1.314963
1.314982
1.315001
1.315020
1.315039
1.315058
1.315078
1.315097
1.315116
1.315135
1.315155
1.315174
1.315194
1.315214
1.315233
1.315253
1.315273
1.315293
1.315313
1.315333
1.315353
1.315373
1.315393
1.315414
1.315434
1.315454
1.315475
1.315495
1.315516
1.315537
1.315557
1.315578
1.315599
1.315620
1.315641
1.315662
1.315683
1.315705
1.315726
1.315747
1.315769
1.315790
1.315812
1.315834
1.315855
1.315877
1.315899
1.315921
1.315943
1.315965
1.315987
1.316010
1.316032
1.316055
1.316077
1.316100
1.316122
1.316145
1.316168
1.316191
1.316214
1.316237
1.316260
1.316283
1.316306
1.316330
1.316353
1.316377
1.316401
1.316424
1.316448
1.316472
1.316496
1.316520
1.316544
1.316568
1.316593
1.316617
1.316642
1.316666
1.316691
1.316716
1.316740
1.316765
1.316790
1.316815
1.316841
1.316866
1.316891
1.316917
1.316942
1.316968
1.316994
1.317020
1.317046
1.317072
1.317098
1.317124
1.317150
1.317177
1.317203
1.317230
1.317257
1.317284
1.317311
1.317338
1.317365
1.317392
1.317419
1.317447
1.317474
1.317502
1.317530
1.317558
1.317586
1.317614
1.317642
1.317670
1.317699
1.317727
1.317727
1.317756
1.317785
1.317813
1.317842
1.317871
1.317901
1.317930
1.317959
1.317989
1.318019
1.318048
1.318078
1.318108
1.318138
1.318169
1.318199
1.318229
1.318260
1.318291
1.318322
1.318353
1.318384
1.318415
1.318446
1.318478
1.318509
1.318541
1.318573
1.318605
1.318637
1.318669
1.318702
1.318734
1.318767
1.318800
1.318832
1.318866
1.318899
1.318932
1.318966
1.318999
1.319033
1.319067
1.319101
1.319135
1.319169
1.319204
1.319238
1.319273
1.319308
1.319343
1.319378
1.319414
1.319449
1.319485
1.319520
1.319556
1.319593
1.319629
1.319665
1.319702
1.319738
1.319775
1.319812
1.319850
1.319887
1.319924
1.319962
1.320000
1.320038
1.320076
1.320115
1.320153
1.320192
1.320231
1.320270
1.320309
1.320348
1.320388
1.320427
1.320467
1.320507
1.320548
1.320588
1.320629
1.320669
1.320710
1.320751
1.320793
1.320834
1.320876
1.320918
1.320960
1.321002
1.321045
1.321087
1.321130
1.321173
1.321216
1.321260
1.321303
1.321347
1.321391
1.321435
1.321479
1.321524
1.321569
1.321614
1.321659
1.321704
1.321750
1.321796
1.321842
1.321888
1.321934
1.321981
1.322028
1.322075
1.322122
1.322169
1.322217
1.322265
1.322313
1.322361
1.322409
1.322458
1.322507
1.322556
1.322605
1.322655
1.322705
1.322755
1.322805
1.322855
1.322906
1.322957
1.323008
1.323059
1.323110
1.323162
1.323214
1.323266
1.323318
1.323371
1.323424
1.323477
1.323530
1.323583
1.323637
1.323691
1.323745
1.323799
1.323854
1.323908
1.323963
1.324018
1.324074
1.324129
1.324185
1.324241
1.324297
1.324353
1.324410
1.324466
1.324523
1.324581
1.324638
1.324695
1.324753
1.324811
1.324869
1.324927
1.324986
1.325045
1.325103
1.325162
1.325221
1.325281
1.325340
1.325400
1.325460
1.325520
1.325580
1.325640
1.325700
1.325761
1.325822
1.325882
1.325943
1.326004
1.326066
1.326127
1.326188
1.326250
1.326311
1.326373
1.326435
1.326497
1.326559
1.326621
1.326683
1.326745
1.326807
1.326869
1.326931
1.326993
1.327056
1.327118
1.327180
1.327243
1.327305
1.327367
1.327429
1.327491
1.327553
1.327616
1.327678
1.327739
1.327801
1.327863
1.327925
1.327986
1.328048
1.328109
1.328170
1.328231
1.328292
1.328353
1.328413
1.328473
1.328533
1.328593
1.328653
1.328712
1.328771
1.328830
1.328889
1.328947
1.329005
1.329063
1.329120
1.329177
1.329234
1.329290
1.329346
1.329402
1.329457
1.329512
1.329566
1.329620
1.329673
1.329727
1.329779
1.329831
1.329883
1.329934
1.329984
1.330034
1.330084
1.330133
1.330181
1.330229
1.330276
1.330323
1.330369
1.330414
1.330459
1.330503
1.330547
1.330590
1.330632
1.330673
1.330714
1.330754
1.330793
1.330832
1.330870
1.330907
1.330943
1.330979
1.331013
1.331047
1.331081
1.331113
1.331145
1.331175
1.331205
1.331234
1.331263
1.331290
1.331317
1.331342
1.331367
1.331391
1.331414
1.331437
1.331458
1.331478
1.331498
1.331517
1.331534
1.331551
1.331567
1.331582
1.331596
1.331609
1.331621
1.331633
1.331643
1.331652
1.331661
1.331669
1.331675
1.331681
1.331686
1.331690
1.331692
1.331694
1.331695
1.331696
1.331695
1.331693
1.331690
1.331687
1.331682
1.331677
1.331671
1.331664
1.331656
1.331647
1.331637
1.331626
1.331615
1.331602
1.331589
1.331575
1.331560
1.331544
1.331527
1.331510
1.331491
1.331472
1.331453
1.331432
1.331410
1.331388
1.331365
1.331341
1.331317
1.331292
1.331266
1.331239
1.331212
1.331184
1.331155
1.331126
1.331096
1.331066
1.331034
1.331003
1.330970
1.330937
1.330904
1.330870
1.330835
1.330800
1.330764
1.330728
1.330691
1.330654
1.330616
1.330578
1.330540
1.330501
1.330462
1.330422
1.330382
1.330341
1.330301
1.330260
1.330218
1.330177
1.330135
1.330092
1.330050
1.330007
1.329964
1.329921
1.329877
1.329834
1.329790
1.329746
1.329702
1.329658
1.329614
1.329569
1.329525
1.329480
1.329436
1.329391
1.329346
1.329302
1.329257
1.329212
1.329168
1.329123
1.329079
1.329034
1.328990
1.328945
1.328901
1.328857
1.328813
1.328769
1.328725
1.328682
1.328638
1.328595
1.328552
1.328509
1.328466
1.328424
1.328382
1.328340
1.328298
1.328257
1.328216
1.328175
1.328134
1.328094
1.328054
1.328014
1.327975
1.327936
1.327897
1.327859
1.327821
1.327784
1.327746
1.327710
1.327673
1.327637
1.327602
1.327566
1.327531
1.327497
1.327463
1.327430
1.327396
1.327364
1.327332
1.327300
1.327269
1.327238
1.327207
1.327178
1.327148
1.327119
1.327091
1.327063
1.327035
1.327008
1.326982
1.326956
1.326931
1.326906
1.326881
1.326857
1.326834
1.326811
1.326789
1.326767
1.326746
1.326725
1.326705
1.326685
1.326666
1.326647
1.326629
1.326612
1.326595
1.326578
1.326563
1.326547
1.326532
1.326518
1.326505
1.326491
1.326479
1.326467
1.326455
1.326444
1.326434
1.326424
1.326415
1.326406
1.326398
1.326390
1.326383
1.326383
1.326376
1.326370
1.326365
1.326360
1.326356
1.326352
1.326348
1.326346
1.326343
1.326342
1.326341
1.326340
1.326340
1.326340
1.326341
1.326343
1.326345
1.326347
1.326350
1.326354
1.326358
1.326363
1.326368
1.326373
1.326380
1.326386
1.326393
1.326401
1.326409
1.326418
1.326427
1.326437
1.326447
1.326457
1.326469
1.326480
1.326492
1.326505
1.326518
1.326531
1.326545
1.326560
1.326575
1.326590
1.326606
1.326622
1.326639
1.326656
1.326673
1.326691
1.326710
1.326729
1.326748
1.326768
1.326788
1.326809
1.326830
1.326851
1.326873
1.326896
1.326918
1.326941
1.326965
1.326989
1.327012
1.327039
1.327061
1.327092
1.327109
1.327150
1.327152
1.327220
1.327177
1.327327
1.327144
1.327539
1.326931
1.328050
1.326306
1.328931
1.326271
1.328765
1.326663
1.329600
1.327411
1.329444
1.327690
1.330388
1.328427
1.330859
1.329451
1.332406
1.330873
1.333465
1.331921
1.334474
1.332594
1.334761
1.332786
1.334889
1.332793
1.334753
1.332647
1.334586
1.332425
1.334277
1.332105
1.333934
1.331750
1.333551
1.331382
1.333185
1.331030
1.332827
1.330689
1.332488
1.330363
1.332163
1.330055
1.331863
1.329774
1.331594
1.329527
1.331363
1.329319
1.331172
1.329149
1.331020
1.329020
1.330909
1.328928
1.330835
1.328873
1.330797
1.328852
1.330793
1.328861
1.330817
1.328898
1.330869
1.328959
1.330944
1.329043
1.331042
1.329148
1.331160
1.329270
1.331295
1.329410
1.331446
1.329564
1.331612
1.329732
1.331791
1.329911
1.331981
1.330100
1.332180
1.330298
1.332387
1.330502
1.332601
1.330712
1.332819
1.330926
1.333040
1.331142
1.333263
1.331360
1.333487
1.331577
1.333709
1.331792
1.333930
1.332005
1.334148
1.332215
1.334362
1.332420
1.334570
1.332620
1.334774
1.332814
1.334970
1.333001
1.335160
1.333181
1.335343
1.333354
1.335519
1.333520
1.335686
1.333677
1.335846
1.333827
1.335998
1.333969
1.336142
1.334103
1.336278
1.334230
1.336406
1.334348
1.336527
1.334460
1.336641
1.334564
1.336748
1.334662
1.336848
1.334753
1.336941
1.334838
1.337028
1.334916
1.337110
1.334989
1.337185
1.335057
1.337256
1.335120
1.337321
1.335177
1.337382
1.335231
1.337438
1.335280
1.337490
1.335324
1.337538
1.335366
1.337582
1.335403
1.337623
1.335437
1.337660
1.335469
1.337695
1.335497
1.337726
1.335522
1.337755
1.335545
1.337781
1.335566
1.337805
1.335584
1.337827
1.335600
1.337846
1.335614
1.337864
1.335627
1.337880
1.335638
1.337894
1.335647
1.337907
1.335655
1.337918
1.335662
1.337928
1.335668
1.337938
1.335673
1.337946
1.335677
1.337953
1.335680
1.337960
1.335683
1.337967
1.335685
1.337973
1.335687
1.337978
1.335689
1.337984
1.335691
1.337989
1.335692
1.337995
1.335694
1.338000
1.335697
1.338006
1.335699
1.338013
1.335702
1.338020
1.335706
1.338027
1.335710
1.338036
1.335715
1.338045
1.335721
1.338055
1.335728
1.338066
1.335736
1.338077
1.335744
1.338090
1.335754
1.338104
1.335765
1.338120
1.335777
1.338135
1.335790
1.338154
1.335805
1.338171
1.335820
1.338193
1.335839
1.338211
1.335854
1.338239
1.335878
1.338252
1.335889
1.338295
1.335929
1.338287
1.335919
1.338376
1.336005
1.338286
1.335920
1.338522
1.336170
1.338116
1.335885
1.338795
1.336532
1.337355
1.336498
1.338510
1.335755
1.338692
1.336470
1.335911
1.338187
1.336198
1.338852
1.336111
1.336115
1.336173
1.336916
1.335974
1.337373
1.334281
1.338550
1.336419
1.333909
1.339692
1.337891
1.335142
1.338006
1.336268
1.335635
1.336591
1.336086
1.338470
1.337248
1.341375
1.340310
1.342043
1.341938
1.343727
1.340350
1.342622
1.339341
1.336575
1.339725
1.337713
1.336300
1.337615
1.335029
1.337443
1.334960
1.336044
1.335487
1.338338
1.335915
1.339271
1.337292
1.336778
1.338931
1.336589
1.339212
1.336483
1.335423
1.337477
1.335390
1.338602
1.336426
1.335332
1.338292
1.336202
1.339036
1.336544
1.337839
1.336211
1.339428
1.337153
1.338157
1.337053
1.339877
1.336977
1.339721
1.337249
1.338758
1.336980
1.340124
1.337617
1.337207
1.337965
1.337147
1.339023
1.335469
1.340008
1.337600
1.334946
1.341616
1.339867
1.337241
1.340179
1.338586
1.337992
1.338782
1.338332
1.340712
1.339428
1.343887
1.343011
1.343381
1.345710
1.343308
1.345569
1.341931
1.338902
1.341023
1.338234
1.338699
1.336322
1.338767
1.335993
1.337360
1.335268
1.339021
1.337229
1.335485
1.339095
1.337420
1.337208
1.337682
1.336720
1.338241
1.334972
1.339731
1.337619
1.335095
1.341993
1.340342
1.337628
1.340443
1.338644
1.337679
1.338382
1.337573
1.340153
1.338645
1.343223
1.342549
1.342683
1.345595
1.342907
1.345159
1.341674
1.338932
1.340851
1.337900
1.339422
1.336203
1.339093
1.337044
1.336880
1.338388
1.336893
1.339528
1.336559
1.338240
1.335675
1.340348
1.338427
1.335390
1.335390
1.340805
1.339042
1.336295
1.339673
1.338433
1.337479
1.339447
1.338101
1.341393
1.339856
1.343109
1.341584
1.345733
1.344104
1.343348
1.344636
1.341521
1.343812
1.340640
1.337583
1.341211
1.339664
1.337411
1.340512
1.338614
1.337587
1.339118
1.336936
1.340236
1.338473
1.337899
1.341198
1.339127
1.342657
1.340467
1.338423
1.341577
1.339463
1.339548
1.338617
1.339879
1.336934
1.341087
1.339022
1.336072
1.343344
1.341256
1.338513
1.342207
1.340732
1.338751
1.340449
1.338618
1.341327
1.339842
1.343948
1.342968
1.345789
1.344135
1.347861
1.345395
1.342401
1.345109
1.342548
1.340111
1.341792
1.338592
1.340558
1.337538
1.339992
1.337438
1.340784
1.338829
1.339762
1.338783
1.341082
1.337347
1.341242
1.338894
1.335832
1.342310
1.340531
1.337747
1.341163
1.339785
1.338347
1.340125
1.338386
1.341614
1.340113
1.343491
1.342022
1.346597
1.345194
1.343301
1.346150
1.343366
1.342445
1.340865
1.340949
1.337957
1.340780
1.338513
1.336483
1.340971
1.339688
1.336864
1.340489
1.338300
1.334834
1.338905
1.337692
1.335536
1.339907
1.339589
1.338917
1.342339
1.340878
1.343715
1.341474
1.345186
1.343622
1.343869
1.344896
1.343676
1.345290
1.340556
1.344901
1.341291
1.337596
1.344471
1.341786
1.338342
1.340826
1.338949
1.337664
1.338604
1.337388
1.340697
1.339160
1.343599
1.342682
1.345397
1.343433
1.347077
1.344124
1.339708
1.343794
1.340806
1.336971
1.340572
1.339107
1.336644
1.339473
1.338075
1.338863
1.339001
1.340901
1.339658
1.343497
1.341747
1.342180
1.342858
1.342376
1.342338
1.338174
1.341172
1.337381
1.332509
1.341222
1.337005
1.333971
1.337097
1.336373
1.336457
1.334835
1.335810
1.334646
1.339301
1.339080
1.342900
1.342365
1.347750
1.345895
1.341719
1.346631
1.342630
1.338150
1.341395
1.339575
1.336835
1.339356
1.337920
1.339218
1.338805
1.341855
1.339738
1.344536
1.343459
1.340970
1.346733
1.344572
1.340595
1.343363
1.340919
1.337604
1.339647
1.337727
1.338473
1.338155
1.340690
1.338560
1.343429
1.341965
1.338910
1.345373
1.342869
1.339074
1.341865
1.339619
1.336646
1.338313
1.336199
1.338275
1.336615
1.340942
1.340131
1.340616
1.342691
1.340805
1.343790
1.340847
1.337619
1.340812
1.338785
1.335888
1.338805
1.336680
1.334346
1.337126
1.334906
1.336636
1.334200
1.338881
1.337739
1.334999
1.341835
1.340254
1.337454
1.341924
1.340849
1.338372
1.341183
1.339761
1.340679
1.340799
1.343127
1.341480
1.346102
1.344765
1.341864
1.348333
1.345430
1.341160
1.344736
1.342006
1.338032
1.340075
1.338346
1.338154
1.339386
1.339234
1.342250
1.339720
1.345654
1.343767
1.340585
1.347517
1.344608
1.340372
1.342370
1.339739
1.336936
1.338239
1.336028
1.339149
1.337569
1.341397
1.339816
1.343999
1.342244
1.342537
1.341231
1.342105
1.337383
1.342209
1.337699
1.333555
1.341488
1.338951
1.335627
1.338285
1.336486
1.334849
1.336057
1.334530
1.338326
1.337278
1.341089
1.339745
1.345471
1.344168
1.340562
1.345661
1.342546
1.338159
1.340974
1.339001
1.336156
1.338639
1.337042
1.338428
1.337648
1.341119
1.338790
1.342888
1.341538
1.340274
1.343398
1.340366
1.341625
1.336942
1.339849
1.337347
1.333791
1.339176
1.337553
1.334415
1.338778
1.337838
1.335462
1.338900
1.337963
1.338109
1.340003
1.339260
1.343013
1.340753
1.343763
1.340779
1.345363
1.343194
1.339049
1.344060
1.340689
1.336299
1.339709
1.338107
1.335391
1.338470
1.337450
1.338275
1.339211
1.340437
1.341078
1.342207
1.341190
1.344162
1.339934
1.345200
1.341301
1.336534
1.343347
1.338401
1.333095
1.335795
1.333960
1.331418
1.334163
1.333394
1.336458
1.336016
1.341224
1.340842
1.342482
1.343099
1.344721
1.341710
1.345064
1.341611
1.336325
1.344172
1.339488
1.334851
1.338657
1.337065
1.333998
1.335267
1.333256
1.335755
1.334536
1.339591
1.339566
1.341167
1.343094
1.342882
1.344530
1.339345
1.345844
1.339852
1.334679
1.342747
1.339761
1.335683
1.336471
1.333591
1.332911
1.332156
1.333876
1.333729
1.338433
1.337296
1.342371
1.341301
1.341814
1.340991
1.340415
1.336292
1.337389
1.333366
1.331453
1.333445
1.329568
1.336909
1.331849
1.326843
1.336172
1.333692
1.330847
1.333790
1.332925
1.333200
1.334069
1.335247
1.337604
1.338666
1.342843
1.340710
1.349324
1.345276
1.341044
1.348252
1.343544
1.337833
1.338378
1.335059
1.332378
1.333606
1.331962
1.336107
1.335367
1.338754
1.337605
1.343040
1.341636
1.337853
1.342815
1.339754
1.335304
1.338489
1.336445
1.333104
1.335782
1.334402
1.334380
1.335763
1.335340
1.338528
1.335599
1.341011
1.339345
1.336050
1.342624
1.339719
1.335353
1.337817
1.335482
1.332324
1.334555
1.332907
1.334980
1.333844
1.338392
1.337371
1.338696
1.338381
1.340768
1.336536
1.342558
1.342558
1.337449
1.333037
1.340107
1.337306
1.333323
1.335404
1.333266
1.331395
1.333256
1.331607
1.335976
1.335399
1.337591
1.338264
1.341595
1.338157
1.344355
1.339603
1.335224
1.341797
1.338882
1.334690
1.336750
1.334504
1.332236
1.334318
1.332463
1.336459
1.335395
1.338643
1.337171
1.342735
1.341336
1.337586
1.343068
1.340159
1.335982
1.339291
1.337413
1.334188
1.336881
1.335450
1.335662
1.336714
1.336950
1.339215
1.336651
1.342716
1.340195
1.336453
1.344228
1.340487
1.335923
1.338240
1.335598
1.332035
1.333905
1.332121
1.334443
1.333323
1.338337
1.337863
1.338324
1.340579
1.338292
1.342224
1.339339
1.334458
1.340952
1.337180
1.333292
1.337090
1.335395
1.332079
1.334525
1.333039
1.333736
1.334535
1.336342
1.336608
1.339602
1.336347
1.345020
1.340396
1.336013
1.344505
1.340433
1.335308
1.336016
1.332881
1.330825
1.331538
1.330621
1.334735
1.333611
1.338843
1.338338
1.340318
1.339219
1.341692
1.336934
1.338818
1.335460
1.332372
1.335390
1.333169
1.331818
1.332437
1.329314
1.333482
1.331557
1.327913
1.336340
1.333890
1.331166
1.336214
1.335249
1.332338
1.335199
1.334004
1.334667
1.336086
1.337162
1.339465
1.338194
1.342830
1.341299
1.338398
1.343441
1.340573
1.335281
1.339674
1.335386
1.330751
1.334179
1.333053
1.330731
1.334383
1.333796
1.334829
1.336229
1.337166
1.338932
1.337527
1.341396
1.339169
1.338788
1.338892
1.337032
1.337868
1.330872
1.338677
1.332845
1.327492
1.331503
1.334201
1.334093
1.330842
1.328749
1.326818
1.330113
1.329082
1.337744
1.338222
1.336852
1.345288
1.342801
1.338171
1.339892
1.336519
1.332505
1.334476
1.332741
1.334684
1.333676
1.338196
1.336772
1.338541
1.336315
1.340581
1.338323
1.334019
1.339080
1.335767
1.331415
1.335335
1.333278
1.329620
1.332788
1.331767
1.330424
1.333811
1.332325
1.336039
1.333937
1.337999
1.336209
1.338244
1.335268
1.339870
1.337070
1.332400
1.338357
1.335134
1.331417
1.334807
1.333267
1.330490
1.333128
1.331445
1.333257
1.331974
1.336511
1.335289
1.336494
1.335866
1.338631
1.334058
1.340857
1.335147
1.330850
1.337342
1.334824
1.330549
1.332266
1.329913
1.328128
1.330475
1.328771
1.333855
1.333763
1.333513
1.338198
1.336612
1.339039
1.334670
1.339070
1.335796
1.331576
1.337277
1.334967
1.331302
1.334692
1.333214
1.330569
1.333679
1.332373
1.333640
1.333434
1.336716
1.333885
1.341022
1.337786
1.334721
1.340752
1.338564
1.333933
1.335809
1.333013
1.329554
1.332391
1.331114
1.332238
1.332611
1.335176
1.333143
1.338777
1.336759
1.332903
1.340936
1.336930
1.332785
1.335486
1.332986
1.329369
1.331145
1.328906
1.331311
1.329474
1.335287
1.335127
1.333015
1.339154
1.337765
1.334005
1.337763
1.335475
1.331569
1.334634
1.333292
1.331381
1.334623
1.332885
1.335540
1.332654
1.337971
1.336441
1.333157
1.339051
1.336933
1.333046
1.336190
1.334147
1.330785
1.333517
1.331958
1.331976
1.333092
1.332789
1.335778
1.332084
1.340314
1.335732
1.332629
1.338474
1.336403
1.331473
1.332444
1.329330
1.326705
1.329352
1.327516
1.332033
1.331039
1.333598
1.332264
1.337147
1.335420
1.332058
1.336114
1.334042
1.329905
1.334508
1.332047
1.328185
1.332498
1.331354
1.328589
1.332621
1.332031
1.330814
1.334431
1.332723
1.336142
1.333372
1.337759
1.336337
1.334611
1.337762
1.334783
1.336124
1.331131
1.336778
1.332694
1.329371
1.334461
1.333283
1.329722
1.332739
1.330988
1.328413
1.332194
1.331333
1.331885
1.333342
1.332938
1.336222
1.332151
1.340104
1.335221
1.332336
1.337348
1.335429
1.330659
1.331774
1.328688
1.326209
1.329378
1.327586
1.332108
1.330694
1.333730
1.331048
1.338339
1.334654
1.331095
1.335905
1.334096
1.330042
1.332961
1.330994
1.327940
1.331886
1.331238
1.330198
1.333896
1.331855
1.335506
1.332812
1.335754
1.332144
1.337029
1.334619
1.330599
1.336118
1.333199
1.329149
1.332686
1.330984
1.327818
1.331337
1.330380
1.329421
1.332801
1.330534
1.335303
1.334046
1.331747
1.336369
1.334962
1.331442
1.334874
1.332521
1.328499
1.332605
1.330942
1.327623
1.332230
1.331187
1.328328
1.332662
1.331774
1.329388
1.333302
1.332210
1.331076
1.333735
1.330617
1.335841
1.333626
1.330061
1.336466
1.333951
1.330132
1.333148
1.330965
1.327572
1.330270
1.328533
1.329071
1.329336
1.331217
1.329687
1.334051
1.332206
1.329859
1.333805
1.331564
1.328236
1.329971
1.325838
1.326447
1.321346
1.329948
1.325521
1.321536
1.331541
1.329282
1.326362
1.329029
1.327280
1.327290
1.327549
1.329280
1.330139
1.334115
1.331609
1.343368
1.338966
1.334537
1.339077
1.336792
1.332132
1.328726
1.322918
1.324850
1.323239
1.325752
1.326909
1.332105
1.329290
1.337573
1.332154
1.329160
1.332478
1.329719
1.328128
1.324707
1.325741
1.325741
1.321059
1.330383
1.326617
1.323846
1.333585
1.331527
1.327971
1.329177
1.325959
1.326068
1.324247
1.328329
1.326753
1.332136
1.331405
1.333763
1.331705
1.335744
1.332536
1.327458
1.332332
1.328514
1.324788
1.328456
1.326794
1.323604
1.326789
1.325317
1.324454
1.327594
1.325002
1.332250
1.329750
1.327406
1.333236
1.332183
1.328447
1.331418
1.329055
1.325588
1.329507
1.328681
1.327040
1.331095
1.329680
1.330956
1.328995
1.332901
1.330470
1.330642
1.329105
1.331980
1.326842
1.335191
1.329273
1.323616
1.333891
1.329940
1.324703
1.326256
1.324007
1.322795
1.323967
1.323716
1.328692
1.327723
1.334753
1.335016
1.333235
1.338720
1.335852
1.330365
1.332784
1.328875
1.324063
1.327224
1.325765
1.323187
1.327048
1.326048
1.325495
1.327794
1.325007
1.331363
1.328668
1.325711
1.331517
1.329955
1.325976
1.328780
1.326208
1.322482
1.325841
1.324726
1.323544
1.327029
1.324649
1.329213
1.327733
1.326261
1.329657
1.326590
1.329527
1.326050
1.327056
1.323075
1.330261
1.325602
1.323275
1.326766
1.324156
1.326415
1.321745
1.325170
1.323477
1.322178
1.326781
1.325317
1.327511
1.323615
1.332133
1.327047
1.324928
1.329271
1.327430
1.328189
1.323430
1.328416
1.325603
1.323026
1.329980
1.329350
1.326536
1.330787
1.328955
1.325463
1.329481
1.328286
1.325936
1.330416
1.329611
1.328117
1.331607
1.328933
1.331809
1.327767
1.332275
1.330077
1.326769
1.331766
1.329330
1.325073
1.329181
1.326740
1.323059
1.327414
1.326299
1.323677
1.328215
1.327427
1.325407
1.329495
1.328128
1.327698
1.328909
1.326363
1.331551
1.328974
1.325022
1.332889
1.328379
1.325509
1.326907
1.322460
1.324826
1.321810
1.319650
1.323715
1.322080
1.326443
1.323547
1.327624
1.325145
1.326326
1.323009
1.328599
1.325045
1.321224
1.327113
1.324863
1.321499
1.325354
1.323531
1.320280
1.324529
1.323635
1.321667
1.326721
1.326214
1.324645
1.328818
1.327025
1.327597
1.325751
1.329085
1.324854
1.330074
1.326975
1.323957
1.329105
1.326605
1.321912
1.325717
1.322721
1.319077
1.324197
1.323476
1.321148
1.326548
1.325969
1.323597
1.328723
1.327781
1.325134
1.329849
1.328569
1.325662
1.330087
1.328500
1.325331
1.329564
1.327796
1.324482
1.328755
1.326990
1.323648
1.328080
1.326353
1.323010
1.327545
1.325887
1.322604
1.327126
1.325587
1.322424
1.326876
1.325443
1.322425
1.326776
1.325381
1.322500
1.326668
1.325210
1.322540
1.326312
1.324571
1.322938
1.325371
1.321200
1.329228
1.323780
1.322466
1.325125
1.321878
1.326392
1.321843
1.317335
1.322742
1.321734
1.319290
1.323836
1.322544
1.319764
1.323909
1.322748
1.321143
1.324848
1.322343
1.325901
1.322323
1.326735
1.324679
1.322763
1.325684
1.321619
1.324988
1.322015
1.319379
1.323217
1.321110
1.321715
1.318978
1.323373
1.321321
1.318826
1.323819
1.322373
1.319428
1.324189
1.321821
1.318030
1.323829
1.321274
1.318662
1.323307
1.322373
1.320681
1.324479
1.322092
1.325764
1.321994
1.330627
1.326225
1.325792
1.327473
1.324741
1.328525
1.324638
1.319977
1.327545
1.324083
1.323288
1.325397
1.321695
1.328047
1.322658
1.320738
1.324103
1.321347
1.328617
1.323793
1.321553
1.324735
1.321534
1.326866
1.323188
1.319567
1.324712
1.323486
1.320504
1.324937
1.322933
1.319558
1.324466
1.322946
1.320026
1.325154
1.323624
1.320519
1.325419
1.323687
1.320456
1.325169
1.323443
1.320254
1.324917
1.323263
1.320127
1.324750
1.323068
1.319913
1.324480
1.322767
1.319593
1.324138
1.322401
1.319207
1.323755
1.322006
1.318804
1.323376
1.321641
1.318453
1.323058
1.321356
1.318200
1.322829
1.321166
1.318050
1.322686
1.321057
1.317980
1.322609
1.321000
1.317955
1.322563
1.320959
1.317937
1.322514
1.320904
1.317901
1.322441
1.320822
1.317843
1.322341
1.320713
1.317772
1.322210
1.320576
1.317712
1.322032
1.320383
1.317728
1.321722
1.319898
1.318349
1.321007
1.316513
1.326581
1.321631
1.316236
1.327096
1.323465
1.318717
1.319726
1.316574
1.316413
1.315468
1.319432
1.317579
1.329487
1.326021
1.326034
1.329372
1.325215
1.327839
1.320886
1.314793
1.317901
1.316474
1.314231
1.318001
1.316017
1.315942
1.315575
1.316800
1.314569
1.319881
1.317565
1.314465
1.322233
1.317478
1.316152
1.313434
1.314250
1.308250
1.317871
1.314031
1.310220
1.316323
1.317585
1.319396
1.313946
1.315525
1.313125
1.315528
1.317535
1.323472
1.320890
1.334536
1.332120
1.324846
1.325577
1.326523
1.322099
1.316828
1.310385
1.311819
1.309514
1.319929
1.320219
1.321559
1.326098
1.322402
1.326244
1.320095
1.315120
1.317636
1.315296
1.315340
1.313641
1.316414
1.311477
1.323669
1.321490
1.315989
1.317708
1.320977
1.317904
1.313954
1.308236
1.309992
1.308033
1.317839
1.319078
1.319836
1.325743
1.323734
1.321917
1.321917
1.318155
1.317594
1.311704
1.321793
1.317082
1.313382
1.318723
1.317141
1.315930
1.309393
1.310102
1.306976
1.310000
1.309357
1.319286
1.317700
1.316813
1.320170
1.315869
1.319871
1.314728
1.310748
1.314123
1.312230
1.313190
1.310652
1.315169
1.313181
1.312306
1.315465
1.311173
1.323218
1.320076
1.312827
1.315365
1.316686
1.315523
1.311168
1.309196
1.306818
1.313209
1.314306
1.320335
1.318812
1.331439
1.325692
1.318150
1.326032
1.319277
1.313124
1.312482
1.308581
1.310369
1.307843
1.314493
1.315085
1.314899
1.320898
1.319954
1.318461
1.318664
1.313441
1.321118
1.313774
1.313045
1.312248
1.314014
1.308834
1.314616
1.307121
1.307527
1.305987
1.311653
1.309666
1.308092
1.308524
1.305421
1.313806
1.308948
1.310846
1.307954
1.315772
1.310762
1.308286
1.308571
1.305437
1.311545
1.308496
1.306679
1.311622
1.310180
1.313138
1.308006
1.318358
1.313143
1.307898
1.315953
1.314133
1.310954
1.311177
1.307470
1.311685
1.310723
1.314234
1.313562
1.321567
1.319931
1.317020
1.321227
1.317767
1.313062
1.314513
1.310476
1.309009
1.308047
1.308611
1.307597
1.311241
1.305956
1.322649
1.317818
1.312926
1.313201
1.316529
1.312225
1.304473
1.298203
1.296156
1.298334
1.302912
1.308558
1.312969
1.318188
1.316847
1.328631
1.321215
1.312916
1.320913
1.312714
1.303362
1.301996
1.297747
1.296336
1.296353
1.298001
1.300856
1.303808
1.307722
1.308153
1.314111
1.311870
1.309989
1.309594
1.303030
1.310600
1.302459
1.294586
1.301749
1.298946
1.296374
1.296223
1.293523
1.298081
1.297497
1.303525
1.302733
1.311911
1.310903
1.309407
1.312758
1.309149
1.309754
1.303610
1.310698
1.304763
1.305737
1.304415
1.308602
1.304787
1.307008
1.302594
1.306215
1.303393
1.307973
1.305136
1.308233
1.303516
1.311276
1.305372
1.305952
1.303475
1.307790
1.304851
1.304832
1.302204
1.307218
1.305604
1.306801
1.305654
1.309607
1.304631
1.313564
1.305713
1.306012
1.303374
1.307428
1.303677
1.301323
1.301616
1.299670
1.307752
1.305596
1.305789
1.308908
1.305146
1.315797
1.309030
1.302621
1.307573
1.306401
1.304054
1.303441
1.299918
1.305897
1.306265
1.307063
1.313539
1.312392
1.315390
1.309833
1.319376
1.312325
1.305974
1.314737
1.309242
1.305403
1.304574
1.301134
1.304852
1.302968
1.306690
1.304641
1.316272
1.311348
1.312236
1.309063
1.311843
1.306773
1.303904
1.300556
1.302754
1.298247
1.312380
1.310789
1.305890
1.305025
1.308068
1.304002
1.297894
1.293100
1.292058
1.295003
1.299251
1.305655
1.306696
1.317994
1.312715
1.313751
1.306883
1.312386
1.301806
1.297498
1.293480
1.295221
1.291004
1.299025
1.294381
1.296708
1.296205
1.302073
1.299628
1.300125
1.295627
1.304088
1.298767
1.301249
1.297845
1.305974
1.300485
1.298782
1.297591
1.298325
1.297562
1.300748
1.296044
1.313453
1.311453
1.308238
1.308800
1.312710
1.308326
1.299707
1.292289
1.289568
1.291291
1.296103
1.301384
1.307270
1.309611
1.315850
1.312479
1.315625
1.309547
1.304409
1.302403
1.294811
1.301789
1.293423
1.290531
1.294645
1.292071
1.295469
1.291869
1.291622
1.292213
1.295549
1.294891
1.302330
1.300053
1.298635
1.302714
1.298716
1.301941
1.297247
1.294701
1.296469
1.292400
1.303888
1.298826
1.293524
1.305752
1.301891
1.298227
1.299397
1.296362
1.299472
1.297250
1.304269
1.304806
1.305723
1.310556
1.307616
1.314051
1.307982
1.305600
1.304422
1.302414
1.303631
1.297495
1.309403
1.306241
1.298652
1.303697
1.302413
1.299768
1.294094
1.292456
1.290324
1.297395
1.298917
1.304469
1.303787
1.313070
1.307251
1.305688
1.300718
1.302438
1.297182
1.296042
1.291733
1.298237
1.295214
1.294454
1.296939
1.292945
1.302346
1.294468
1.293812
1.293429
1.296325
1.292277
1.299604
1.292837
1.295475
1.292951
1.302511
1.297906
1.296585
1.295226
1.296194
1.294713
1.298930
1.295363
1.301445
1.299331
1.298596
1.300662
1.295003
1.304638
1.297266
1.291144
1.296279
1.295295
1.294089
1.292135
1.291721
1.293403
1.295998
1.300505
1.300310
1.312386
1.304952
1.307952
1.302560
1.301359
1.293184
1.296317
1.288517
1.288636
1.287649
1.294227
1.292706
1.296324
1.291753
1.303656
1.298463
1.293780
1.303174
1.298066
1.295052
1.293253
1.291478
1.294659
1.291918
1.304135
1.299263
1.301969
1.300387
1.304545
1.299568
1.295609
1.293150
1.291338
1.294795
1.290598
1.307855
1.305971
1.301244
1.299197
1.300646
1.295454
1.287395
1.281088
1.279530
1.282344
1.287887
1.293793
1.299408
1.302211
1.306506
1.301930
1.315742
1.310390
1.300181
1.294979
1.294936
1.287968
1.280268
1.275658
1.274623
1.278983
1.281823
1.290501
1.291170
1.297112
1.294215
1.298494
1.293823
1.289570
1.288974
1.282903
1.289704
1.282912
1.284789
1.281925
1.288621
1.285873
1.282900
1.285898
1.285898
1.283214
1.288124
1.286036
1.289630
1.286423
1.296478
1.290520
1.292296
1.288612
1.294370
1.290858
1.287467
1.290319
1.287558
1.292314
1.289806
1.293590
1.289896
1.298996
1.293149
1.294446
1.290755
1.296309
1.292761
1.289439
1.292406
1.289488
1.294090
1.291239
1.294715
1.290643
1.300212
1.293436
1.295046
1.290923
1.296836
1.292826
1.289574
1.292160
1.289041
1.295151
1.293095
1.292030
1.295578
1.291988
1.300338
1.293365
1.294659
1.290430
1.297443
1.292547
1.290192
1.290797
1.288218
1.294761
1.291879
1.290543
1.294146
1.290477
1.299915
1.291601
1.292756
1.288138
1.294457
1.290090
1.287115
1.289053
1.285749
1.294871
1.290165
1.292232
1.289735
1.296358
1.292995
1.289681
1.291971
1.287840
1.293620
1.290233
1.288857
1.291372
1.287364
1.297865
1.289924
1.287888
1.289929
1.287180
1.291587
1.287089
1.284166
1.288248
1.285754
1.293050
1.289490
1.288286
1.289441
1.286180
1.294405
1.286992
1.289515
1.285157
1.292405
1.287888
1.285801
1.285929
1.283578
1.289533
1.287378
1.286871
1.290540
1.286798
1.300268
1.295690
1.286235
1.289893
1.287550
1.284962
1.281198
1.280639
1.281026
1.288078
1.288008
1.304915
1.301482
1.295735
1.303134
1.294963
1.287901
1.282600
1.278708
1.281131
1.279200
1.291523
1.287778
1.292131
1.288963
1.294341
1.288391
1.282972
1.283111
1.278386
1.285374
1.281821
1.282196
1.282902
1.283320
1.283794
1.280904
1.285105
1.281924
1.283004
1.280272
1.287126
1.280717
1.280401
1.274198
1.284708
1.277980
1.272361
1.281847
1.277827
1.277640
1.276705
1.279349
1.278668
1.286131
1.285725
1.286923
1.290229
1.287428
1.298421
1.289118
1.285882
1.285842
1.282383
1.284690
1.279472
1.279581
1.276873
1.287394
1.282479
1.286147
1.281525
1.288031
1.282834
1.280961
1.280579
1.279989
1.284009
1.279951
1.296826
1.295768
1.290634
1.289267
1.289822
1.284817
1.278364
1.274077
1.274258
1.278231
1.284266
1.289916
1.294987
1.295928
1.300625
1.295036
1.296314
1.288318
1.284327
1.277394
1.279586
1.274029
1.271531
1.273508
1.269688
1.282179
1.276759
1.270882
1.279841
1.277073
1.274641
1.274050
1.272010
1.277730
1.276934
1.284617
1.284176
1.287888
1.284668
1.294180
1.285175
1.285902
1.280247
1.284219
1.280230
1.277464
1.279162
1.275827
1.287029
1.280728
1.284268
1.280908
1.286597
1.282605
1.278890
1.280479
1.276479
1.285581
1.280500
1.283300
1.279986
1.287734
1.282435
1.280551
1.279087
1.279718
1.278832
1.282678
1.278138
1.295039
1.293271
1.286568
1.283626
1.283706
1.277933
1.271860
1.267951
1.269018
1.272739
1.280253
1.283014
1.294620
1.292237
1.291516
1.288409
1.286351
1.278786
1.284143
1.273660
1.276543
1.273581
1.275843
1.271100
1.275757
1.270979
1.269837
1.273241
1.271753
1.282086
1.276257
1.279190
1.275196
1.283145
1.277619
1.276184
1.274070
1.276800
1.273492
1.285158
1.277840
1.280910
1.277789
1.284331
1.279440
1.275421
1.276507
1.272896
1.282583
1.277672
1.280793
1.277673
1.285605
1.280546
1.278544
1.277368
1.277168
1.278390
1.276784
1.282807
1.280238
1.280803
1.279033
1.281948
1.274932
1.284839
1.276545
1.269201
1.275648
1.272963
1.269585
1.269792
1.267062
1.274992
1.275900
1.278234
1.283231
1.281422
1.292817
1.283964
1.285265
1.279837
1.283210
1.278194
1.274972
1.274752
1.272587
1.280065
1.278103
1.278188
1.280016
1.276950
1.285489
1.276245
1.278709
1.274268
1.275404
1.270651
1.276350
1.271034
1.271224
1.271230
1.275986
1.272639
1.286130
1.280033
1.274010
1.279178
1.276368
1.272951
1.269922
1.268358
1.272157
1.271937
1.287729
1.282285
1.284750
1.280654
1.285319
1.277289
1.271811
1.270368
1.267548
1.274839
1.272970
1.273173
1.275622
1.272783
1.282803
1.273235
1.275597
1.271357
1.273073
1.268046
1.273784
1.268441
1.268895
1.268970
1.274074
1.270777
1.283660
1.277115
1.270948
1.282328
1.275647
1.271678
1.268725
1.267349
1.269373
1.269168
1.277059
1.276814
1.279232
1.278170
1.282024
1.276091
1.277977
1.271708
1.270883
1.266357
1.273873
1.266846
1.269139
1.264232
1.273031
1.266983
1.268457
1.264534
1.272621
1.269296
1.269579
1.270254
1.271991
1.272785
1.275043
1.272298
1.286185
1.279670
1.272489
1.285009
1.276860
1.266720
1.264239
1.260502
1.263166
1.261876
1.269609
1.270899
1.275822
1.276937
1.283451
1.280055
1.281027
1.274229
1.284075
1.274462
1.269700
1.271555
1.266655
1.268656
1.263652
1.264046
1.262710
1.270118
1.269161
1.270652
1.268850
1.273351
1.268981
1.271881
1.266336
1.270521
1.266202
1.265536
1.263374
1.266741
1.261688
1.275660
1.271549
1.263998
1.269166
1.267169
1.264926
1.261473
1.262247
1.262613
1.271823
1.273098
1.279624
1.276610
1.287783
1.277287
1.275672
1.268768
1.272020
1.266686
1.263263
1.265454
1.262901
1.274073
1.274073
1.268638
1.272239
1.268477
1.273569
1.269514
1.266666
1.267323
1.264150
1.274211
1.268097
1.271889
1.268033
1.272154
1.267556
1.266631
1.262449
1.268361
1.266037
1.266310
1.268367
1.266511
1.273622
1.267977
1.268345
1.263744
1.274150
1.264828
1.266528
1.261822
1.265715
1.261870
1.264873
1.260701
1.270095
1.266050
1.269540
1.266733
1.275284
1.269565
1.269123
1.265669
1.271151
1.268347
1.268414
1.266987
1.271082
1.266733
1.281232
1.275772
1.267082
1.269927
1.265935
1.263211
1.258129
1.260600
1.258835
1.272301
1.270186
1.275598
1.272606
1.277966
1.271939
1.267307
1.267004
1.262860
1.272575
1.265893
1.269485
1.265798
1.269868
1.265175
1.264944
1.259909
1.268780
1.263162
1.266944
1.263545
1.270711
1.265774
1.263400
1.262770
1.261572
1.265873
1.261861
1.275710
1.269613
1.263288
1.273652
1.265577
1.261105
1.256909
1.257515
1.256866
1.263935
1.263255
1.270197
1.268137
1.272595
1.267555
1.269639
1.263431
1.264050
1.258171
1.268864
1.260401
1.262568
1.258874
1.264723
1.261007
1.258492
1.260354
1.258035
1.269601
1.263911
1.268141
1.264537
1.268171
1.263095
1.264241
1.258518
1.266639
1.261438
1.264410
1.261202
1.269146
1.263785
1.262643
1.260358
1.264151
1.260316
1.272112
1.263622
1.266061
1.262235
1.267142
1.262164
1.258505
1.259046
1.256549
1.267312
1.262397
1.266464
1.262574
1.267985
1.263063
1.259853
1.259749
1.256914
1.265193
1.261041
1.263271
1.259855
1.270354
1.261394
1.262534
1.257229
1.260451
1.256271
1.259791
1.256019
1.262033
1.260172
1.262567
1.260268
1.267884
1.262755
1.262813
1.259061
1.266531
1.260613
1.260938
1.256115
1.266282
1.258160
1.260616
1.256428
1.260657
1.256921
1.259920
1.255682
1.265217
1.260271
1.263611
1.259981
1.267696
1.261744
1.260621
1.257565
1.262302
1.258943
1.263555
1.259764
1.263311
1.258679
1.268356
1.259287
1.261080
1.256315
1.259229
1.254470
1.258844
1.255626
1.256982
1.256685
1.262720
1.259303
1.268001
1.260308
1.262922
1.257841
1.260119
1.254168
1.257687
1.253650
1.254619
1.254083
1.260280
1.257019
1.264823
1.258655
1.260747
1.255416
1.264697
1.255285
1.256419
1.251853
1.257468
1.254789
1.254992
1.254520
1.258906
1.256446
1.273848
1.271280
1.260676
1.263913
1.259169
1.253404
1.249236
1.246868
1.251853
1.252783
1.269931
1.265434
1.269444
1.264787
1.265394
1.257199
1.255455
1.248673
1.256985
1.252155
1.255801
1.252748
1.259915
1.254492
1.252258
1.250698
1.252122
1.250673
1.257473
1.254485
1.255421
1.252609
1.259271
1.252309
1.251755
1.245296
1.256763
1.248511
1.244819
1.249365
1.246340
1.250826
1.247140
1.248853
1.247896
1.257478
1.255361
1.256191
1.254044
1.258485
1.253689
1.257234
1.252179
1.254119
1.249024
1.261552
1.253730
1.247222
1.256326
1.250798
1.249480
1.246548
1.250879
1.249132
1.260737
1.256668
1.260687
1.257125
1.263251
1.257407
1.254004
1.252582
1.251475
1.255265
1.251685
1.268572
1.265668
1.254329
1.257035
1.252077
1.246285
1.242375
1.240516
1.245657
1.247456
1.262189
1.260028
1.263653
1.258720
1.262318
1.254291
1.249096
1.247089
1.245114
1.249764
1.246377
1.257374
1.249464
1.252765
1.248374
1.247687
1.242752
1.245976
1.242571
1.245640
1.243754
1.256711
1.249557
1.252477
1.248014
1.249320
1.243939
1.248910
1.244890
1.244860
1.247096
1.247921
1.252810
1.248581
1.262016
1.254454
1.246993
1.256343
1.248162
1.244315
1.239835
1.242575
1.241217
1.250692
1.250015
1.251352
1.253160
1.252563
1.255278
1.249684
1.261591
1.252620
1.246774
1.252270
1.247399
1.242383
1.241011
1.238017
1.245613
1.245468
1.247538
1.249067
1.250400
1.249869
1.251477
1.246960
1.262266
1.256268
1.245677
1.248037
1.242889
1.237961
1.234770
1.234369
1.239076
1.242073
1.252822
1.253418
1.255666
1.252506
1.257300
1.250443
1.246793
1.243501
1.244684
1.240649
1.252683
1.243183
1.245674
1.242043
1.244908
1.239611
1.241580
1.237534
1.243538
1.242657
1.247597
1.245034
1.254992
1.247783
1.249404
1.244645
1.248925
1.245053
1.244000
1.242846
1.246259
1.244344
1.257581
1.249279
1.252471
1.248174
1.247208
1.241877
1.243891
1.239650
1.243473
1.241150
1.252758
1.246873
1.249114
1.244245
1.247530
1.243007
1.242776
1.239867
1.246572
1.244960
1.245912
1.245469
1.248299
1.244052
1.256571
1.247114
1.242017
1.246260
1.242083
1.240516
1.235047
1.240820
1.239300
1.241076
1.243636
1.244487
1.247698
1.243557
1.258132
1.250830
1.242509
1.247965
1.242141
1.236439
1.234579
1.232644
1.239823
1.240395
1.248508
1.247487
1.251544
1.247242
1.253082
1.246311
1.244465
1.240867
1.244645
1.240675
1.244256
1.240199
1.244440
1.240799
1.244327
1.239777
1.243997
1.240155
1.240904
1.238343
1.245129
1.241784
1.241305
1.240598
1.242967
1.239890
1.239890
1.252116
1.242019
1.244879
1.240997
1.241197
1.236143
1.239506
1.235966
1.237354
1.238270
1.244938
1.242517
1.254734
1.244961
1.247028
1.242333
1.242184
1.237111
1.240680
1.237368
1.238837
1.239528
1.245864
1.243088
1.253856
1.244350
1.246780
1.241967
1.240813
1.236917
1.239360
1.235285
1.243977
1.240571
1.243369
1.240696
1.247499
1.241875
1.239713
1.237899
1.240713
1.237985
1.250649
1.241457
1.244380
1.240567
1.240993
1.235470
1.238726
1.234821
1.235252
1.237346
1.240343
1.241635
1.244445
1.241126
1.256761
1.249102
1.239495
1.242025
1.235893
1.230065
1.227750
1.226333
1.233830
1.234546
1.245942
1.243831
1.244622
1.241523
1.244644
1.239155
1.240170
1.234791
1.244715
1.237145
1.239837
1.235697
1.237807
1.233073
1.237680
1.234594
1.235204
1.236814
1.239297
1.239863
1.243237
1.239334
1.256002
1.250014
1.238097
1.239369
1.233560
1.228206
1.225166
1.224881
1.230252
1.233248
1.245118
1.245127
1.245394
1.243894
1.242474
1.238254
1.240130
1.234348
1.239435
1.234409
1.234020
1.229925
1.234635
1.229659
1.228377
1.228012
1.231505
1.229901
1.243030
1.233909
1.238714
1.234043
1.232888
1.229274
1.231128
1.227221
1.237826
1.233260
1.238191
1.235681
1.240229
1.235776
1.235493
1.231730
1.239363
1.236476
1.237066
1.236308
1.239488
1.235318
1.246398
1.236048
1.237965
1.234009
1.234962
1.229853
1.233433
1.229968
1.230789
1.232297
1.236446
1.235284
1.245245
1.237688
1.240190
1.234997
1.235139
1.229140
1.233888
1.228475
1.228566
1.228740
1.233984
1.231414
1.243135
1.233945
1.236876
1.233193
1.233376
1.229148
1.232228
1.228543
1.232478
1.230338
1.241570
1.235460
1.237003
1.232023
1.235726
1.231311
1.230344
1.228724
1.233581
1.231238
1.242942
1.235052
1.237704
1.233030
1.232548
1.227673
1.231191
1.227747
1.229665
1.228883
1.237282
1.234487
1.233537
1.231572
1.233519
1.229299
1.241719
1.231353
1.231495
1.227618
1.232477
1.227078
1.223653
1.224270
1.224378
1.232341
1.231161
1.236006
1.231993
1.238676
1.231971
1.230838
1.226079
1.232084
1.227613
1.226830
1.226459
1.230007
1.228079
1.240385
1.231318
1.235073
1.230639
1.229182
1.225833
1.227122
1.223422
1.234831
1.229108
1.233993
1.231150
1.232751
1.227568
1.231426
1.227160
1.226790
1.228173
1.230063
1.231740
1.231605
1.234621
1.230724
1.247799
1.241157
1.227452
1.228208
1.222177
1.216742
1.214735
1.214427
1.221498
1.223889
1.237495
1.235785
1.236884
1.233154
1.235794
1.229700
1.227746
1.223376
1.229666
1.226411
1.225675
1.224960
1.225661
1.223741
1.228046
1.223959
1.228803
1.224681
1.225414
1.220516
1.228831
1.219902
1.221858
1.218130
1.221996
1.218741
1.224247
1.221667
1.223065
1.223241
1.229032
1.226308
1.235864
1.228098
1.229939
1.225097
1.227174
1.221944
1.224957
1.221238
1.224606
1.222496
1.232520
1.227407
1.228226
1.224239
1.230119
1.225618
1.223474
1.223423
1.223439
1.227331
1.224675
1.238623
1.228640
1.228301
1.223313
1.225996
1.219840
1.216880
1.215965
1.219847
1.220737
1.230902
1.227657
1.227874
1.223965
1.229267
1.222889
1.220271
1.217490
1.221595
1.218193
1.228745
1.220400
1.223468
1.219687
1.220280
1.216822
1.221263
1.218402
1.221934
1.220279
1.231838
1.225507
1.226921
1.221785
1.225073
1.220532
1.220663
1.217791
1.225317
1.223189
1.223489
1.223067
1.225131
1.222083
1.231708
1.222972
1.225994
1.221246
1.220149
1.216216
1.218891
1.214807
1.221349
1.219197
1.220804
1.219954
1.224577
1.220299
1.225870
1.220475
1.220311
1.217588
1.223087
1.219049
1.218899
1.216075
1.223672
1.219961
1.219958
1.217460
1.222942
1.219121
1.220333
1.216215
1.228054
1.218971
1.221296
1.217284
1.218245
1.214619
1.219623
1.216950
1.219097
1.218860
1.226789
1.224194
1.224359
1.220586
1.227316
1.221195
1.220585
1.216268
1.223872
1.217666
1.217739
1.213915
1.221768
1.217304
1.217064
1.215197
1.220707
1.217763
1.222633
1.218667
1.220890
1.216786
1.226083
1.217824
1.219076
1.214577
1.218527
1.214730
1.217294
1.213783
1.222276
1.218876
1.219732
1.217911
1.222629
1.218475
1.221376
1.216670
1.221210
1.217256
1.218340
1.214203
1.222547
1.215533
1.216947
1.212909
1.219379
1.215241
1.213739
1.213444
1.215439
1.215923
1.221421
1.218177
1.231434
1.220454
1.219790
1.213744
1.214723
1.208485
1.210151
1.206728
1.214749
1.214138
1.216241
1.215748
1.220083
1.216130
1.224772
1.216786
1.218579
1.213833
1.216336
1.211161
1.213711
1.209664
1.214620
1.212312
1.217484
1.214277
1.218570
1.214440
1.216866
1.212525
1.219870
1.214201
1.214268
1.211216
1.217398
1.213679
1.212824
1.211392
1.215868
1.212944
1.224931
1.215323
1.217274
1.212690
1.212197
1.207953
1.211479
1.208227
1.213054
1.211266
1.220440
1.216145
1.215310
1.211942
1.211942
