-0.827531
-0.812683
-0.812460
-0.813555
-0.815135
-0.816746
-0.818203
-0.819460
-0.820520
-0.821390
-0.822070
-0.822564
-0.822881
-0.823032
-0.823033
-0.822903
-0.822659
-0.822320
-0.821902
-0.821420
-0.820886
-0.820310
-0.819699
-0.819059
-0.818396
-0.817714
-0.817020
-0.816319
-0.815616
-0.814913
-0.814213
-0.813517
-0.812824
-0.812135
-0.811449
-0.810764
-0.810079
-0.809391
-0.808700
-0.808002
-0.807295
-0.806578
-0.805846
-0.805099
-0.804335
-0.803551
-0.802748
-0.801923
-0.801077
-0.800205
-0.799304
-0.798364
-0.797374
-0.796322
-0.795199
-0.794008
-0.792767
-0.791492
-0.790149
-0.788662
-0.787005
-0.785215
-0.783341
-0.781425
-0.779500
-0.777591
-0.775716
-0.773895
-0.772149
-0.770502
-0.768977
-0.767595
-0.766369
-0.765308
-0.764412
-0.763676
-0.763090
-0.762646
-0.762331
-0.762134
-0.762044
-0.762052
-0.762147
-0.762322
-0.762570
-0.762883
-0.763258
-0.763689
-0.764174
-0.764710
-0.765294
-0.765925
-0.766601
-0.767322
-0.768084
-0.768887
-0.769729
-0.770606
-0.771517
-0.772458
-0.773425
-0.774415
-0.775422
-0.776441
-0.777469
-0.778496
-0.779509
-0.780485
-0.781398
-0.782218
-0.782924
-0.783496
-0.783917
-0.784179
-0.784285
-0.784258
-0.784128
-0.783927
-0.783682
-0.783413
-0.783132
-0.782844
-0.782553
-0.782257
-0.781951
-0.781632
-0.781294
-0.780930
-0.780533
-0.780096
-0.779610
-0.779066
-0.778456
-0.777771
-0.777002
-0.776141
-0.775179
-0.774108
-0.772924
-0.771625
-0.770218
-0.768711
-0.767117
-0.765448
-0.763713
-0.761921
-0.760077
-0.758189
-0.756262
-0.754299
-0.752303
-0.750273
-0.748212
-0.746119
-0.743996
-0.741847
-0.739674
-0.737479
-0.735264
-0.733034
-0.730791
-0.728537
-0.726276
-0.724011
-0.721747
-0.719485
-0.717231
-0.714987
-0.712757
-0.710544
-0.708348
-0.706169
-0.703995
-0.701788
-0.699442
-0.697006
-0.694601
-0.692194
-0.689756
-0.687257
-0.684663
-0.681967
-0.679251
-0.676648
-0.674304
-0.672355
-0.670272
-0.668122
-0.666124
-0.664150
-0.662040
-0.660036
-0.657911
-0.655970
-0.653808
-0.651739
-0.649713
-0.647708
-0.645715
-0.643723
-0.641721
-0.639722
-0.637760
-0.635851
-0.633990
-0.632168
-0.630380
-0.628619
-0.626880
-0.625162
-0.623461
-0.621776
-0.620104
-0.618445
-0.616797
-0.615159
-0.613530
-0.611910
-0.610298
-0.608692
-0.607092
-0.605498
-0.603909
-0.602324
-0.600742
-0.599164
-0.597588
-0.596014
-0.594441
-0.592870
-0.591299
-0.589729
-0.588159
-0.586588
-0.585017
-0.583445
-0.581873
-0.580301
-0.578729
-0.577157
-0.575587
-0.574019
-0.572454
-0.570894
-0.569338
-0.567788
-0.566245
-0.564709
-0.563181
-0.561662
-0.560153
-0.558652
-0.557162
-0.555681
-0.554211
-0.552752
-0.551302
-0.549863
-0.548435
-0.547017
-0.545609
-0.544212
-0.542826
-0.541451
-0.540086
-0.538733
-0.537391
-0.536061
-0.534743
-0.533437
-0.532143
-0.530864
-0.529598
-0.528346
-0.527110
-0.525890
-0.524687
-0.523502
-0.522336
-0.521190
-0.520065
-0.518964
-0.517888
-0.516839
-0.515820
-0.514835
-0.513887
-0.512981
-0.512119
-0.511306
-0.510542
-0.509829
-0.509164
-0.508547
-0.507976
-0.507449
-0.506966
-0.506528
-0.506137
-0.505793
-0.505499
-0.505260
-0.505079
-0.504962
-0.504915
-0.504945
-0.505059
-0.505263
-0.505562
-0.505955
-0.506436
-0.506990
-0.507595
-0.508222
-0.508843
-0.509435
-0.509978
-0.510465
-0.510890
-0.511255
-0.511567
-0.511832
-0.512060
-0.512262
-0.512447
-0.512627
-0.512811
-0.513007
-0.513224
-0.513466
-0.513741
-0.514051
-0.514401
-0.514791
-0.515222
-0.515696
-0.516211
-0.516767
-0.517361
-0.517993
-0.518659
-0.519357
-0.520085
-0.520841
-0.521622
-0.522426
-0.523250
-0.524091
-0.524948
-0.525819
-0.526700
-0.527591
-0.528489
-0.529393
-0.530300
-0.531209
-0.532118
-0.533027
-0.533932
-0.534834
-0.535730
-0.536620
-0.537502
-0.538376
-0.539239
-0.540092
-0.540934
-0.541763
-0.542579
-0.543381
-0.544168
-0.544940
-0.545697
-0.546437
-0.547161
-0.547867
-0.548556
-0.549228
-0.549881
-0.550516
-0.551132
-0.551730
-0.552309
-0.552869
-0.553410
-0.553932
-0.554435
-0.554919
-0.555384
-0.555830
-0.556257
-0.556666
-0.557055
-0.557427
-0.557780
-0.558115
-0.558432
-0.558731
-0.559013
-0.559278
-0.559526
-0.559757
-0.559973
-0.560172
-0.560356
-0.560524
-0.560678
-0.560817
-0.560942
-0.561053
-0.561151
-0.561237
-0.561310
-0.561371
-0.561420
-0.561459
-0.561486
-0.561504
-0.561512
-0.561511
-0.561500
-0.561481
-0.561454
-0.561419
-0.561376
-0.561325
-0.561267
-0.561202
-0.561129
-0.561049
-0.560962
-0.560867
-0.560764
-0.560653
-0.560534
-0.560407
-0.560270
-0.560125
-0.559970
-0.559806
-0.559631
-0.559447
-0.559252
-0.559047
-0.558831
-0.558605
-0.558368
-0.558120
-0.557861
-0.557591
-0.557311
-0.557020
-0.556718
-0.556406
-0.556084
-0.555751
-0.555408
-0.555055
-0.554693
-0.554320
-0.553938
-0.553547
-0.553147
-0.552737
-0.552319
-0.551892
-0.551457
-0.551013
-0.550561
-0.550101
-0.549634
-0.549158
-0.548675
-0.548185
-0.547688
-0.547183
-0.546672
-0.546154
-0.545629
-0.545098
-0.544560
-0.544016
-0.543466
-0.542910
-0.542349
-0.541781
-0.541208
-0.540630
-0.540046
-0.539457
-0.538863
-0.538264
-0.537660
-0.537051
-0.536437
-0.535819
-0.535196
-0.534569
-0.533938
-0.533302
-0.533302
-0.532662
-0.532018
-0.531371
-0.530719
-0.530063
-0.529404
-0.528741
-0.528075
-0.527405
-0.526732
-0.526055
-0.525375
-0.524692
-0.524005
-0.523316
-0.522623
-0.521928
-0.521229
-0.520528
-0.519824
-0.519117
-0.518407
-0.517695
-0.516980
-0.516263
-0.515543
-0.514820
-0.514095
-0.513368
-0.512638
-0.511906
-0.511172
-0.510435
-0.509696
-0.508955
-0.508212
-0.507467
-0.506719
-0.505970
-0.505218
-0.504464
-0.503709
-0.502951
-0.502191
-0.501430
-0.500666
-0.499901
-0.499133
-0.498364
-0.497593
-0.496820
-0.496045
-0.495268
-0.494490
-0.493710
-0.492927
-0.492143
-0.491358
-0.490570
-0.489781
-0.488990
-0.488197
-0.487402
-0.486606
-0.485807
-0.485008
-0.484206
-0.483402
-0.482597
-0.481790
-0.480981
-0.480170
-0.479358
-0.478543
-0.477727
-0.476909
-0.476090
-0.475268
-0.474445
-0.473620
-0.472793
-0.471964
-0.471133
-0.470300
-0.469465
-0.468629
-0.467791
-0.466950
-0.466108
-0.465264
-0.464418
-0.463569
-0.462719
-0.461867
-0.461013
-0.460157
-0.459298
-0.458438
-0.457576
-0.456711
-0.455844
-0.454976
-0.454105
-0.453232
-0.452356
-0.451479
-0.450599
-0.449717
-0.448833
-0.447947
-0.447058
-0.446167
-0.445274
-0.444378
-0.443480
-0.442580
-0.441677
-0.440772
-0.439864
-0.438954
-0.438041
-0.437126
-0.436209
-0.435289
-0.434366
-0.433441
-0.432513
-0.431583
-0.430650
-0.429714
-0.428776
-0.427835
-0.426891
-0.425944
-0.424995
-0.424043
-0.423088
-0.422130
-0.421170
-0.420206
-0.419240
-0.418271
-0.417299
-0.416324
-0.415345
-0.414364
-0.413380
-0.412393
-0.411402
-0.410409
-0.409412
-0.408412
-0.407409
-0.406402
-0.405393
-0.404380
-0.403363
-0.402343
-0.401320
-0.400294
-0.399263
-0.398230
-0.397193
-0.396152
-0.395107
-0.394059
-0.393007
-0.391951
-0.390892
-0.389829
-0.388761
-0.387690
-0.386615
-0.385536
-0.384452
-0.383365
-0.382273
-0.381177
-0.380077
-0.378972
-0.377863
-0.376750
-0.375631
-0.374509
-0.373381
-0.372249
-0.371112
-0.369970
-0.368823
-0.367671
-0.366513
-0.365351
-0.364183
-0.363010
-0.361831
-0.360647
-0.359457
-0.358262
-0.357060
-0.355853
-0.354639
-0.353420
-0.352194
-0.350961
-0.349722
-0.348477
-0.347224
-0.345965
-0.344699
-0.343426
-0.342145
-0.340857
-0.339562
-0.338259
-0.336947
-0.335628
-0.334301
-0.332966
-0.331622
-0.330269
-0.328907
-0.327537
-0.326157
-0.324768
-0.323369
-0.321960
-0.320542
-0.319113
-0.317674
-0.316225
-0.314764
-0.313293
-0.311810
-0.310316
-0.308809
-0.307291
-0.305761
-0.304218
-0.302663
-0.301094
-0.299512
-0.297916
-0.296307
-0.294683
-0.293045
-0.291392
-0.289724
-0.288040
-0.286341
-0.284626
-0.282894
-0.281146
-0.279381
-0.277598
-0.275797
-0.273978
-0.272140
-0.270284
-0.268408
-0.266513
-0.264597
-0.262661
-0.260703
-0.258725
-0.256724
-0.254701
-0.252655
-0.250586
-0.248494
-0.246377
-0.244236
-0.242070
-0.239879
-0.237661
-0.235418
-0.233147
-0.230850
-0.228524
-0.226171
-0.223790
-0.221380
-0.218940
-0.216471
-0.213973
-0.211444
-0.208885
-0.206295
-0.203674
-0.201021
-0.198338
-0.195622
-0.192875
-0.190095
-0.187284
-0.184440
-0.181564
-0.178656
-0.175716
-0.172743
-0.169739
-0.166702
-0.163635
-0.160536
-0.157406
-0.154245
-0.151055
-0.147834
-0.144585
-0.141306
-0.138000
-0.134666
-0.131305
-0.127918
-0.124504
-0.121066
-0.117603
-0.114116
-0.110605
-0.107072
-0.103516
-0.099938
-0.096340
-0.092720
-0.089080
-0.085420
-0.081741
-0.078044
-0.074327
-0.070593
-0.066841
-0.063071
-0.059285
-0.055483
-0.051664
-0.047830
-0.043981
-0.040117
-0.036238
-0.032346
-0.028439
-0.024519
-0.020586
-0.016640
-0.012681
-0.008710
-0.004726
-0.000730
0.003279
0.007301
0.011336
0.015384
0.019448
0.023527
0.027623
0.031738
0.035873
0.040033
0.044219
0.048436
0.052691
0.056989
0.061340
0.065757
0.070254
0.074856
0.079595
0.084520
0.089709
0.095291
0.101495
0.108715
0.117432
0.127423
0.137665
0.147250
0.152991
0.161489
0.153421
0.154261
0.155049
0.155912
0.157653
0.159497
0.161253
0.162927
0.164605
0.166433
0.168548
0.171076
0.174159
0.178070
0.183547
0.192582
0.205190
0.198733
0.200777
0.203428
0.209610
0.221918
0.209840
0.215080
0.216467
0.219212
0.227671
0.241124
0.224608
0.232339
0.234340
0.239326
0.252867
0.237263
0.245141
0.248009
0.255743
0.260973
0.272411
0.254765
0.261979
0.266606
0.276562
0.261232
0.269550
0.275841
0.285844
0.271015
0.278142
0.284604
0.294879
0.279623
0.286317
0.293729
0.304792
0.289210
0.294917
0.303343
0.311866
0.296871
0.302354
0.311773
0.313890
0.329643
0.310573
0.316744
0.326691
0.309288
0.317288
0.327608
0.313722
0.321407
0.330731
0.321676
0.326807
0.337855
0.325811
0.331663
0.342406
0.331397
0.337565
0.349112
0.336910
0.343024
0.354952
0.342116
0.349079
0.361023
0.347821
0.354408
0.367155
0.353041
0.360645
0.372996
0.358950
0.365806
0.379432
0.364346
0.372775
0.384718
0.370493
0.377016
0.391590
0.375524
0.385413
0.397163
0.383645
0.389069
0.407843
0.391630
0.403925
0.390780
0.399190
0.401231
0.411932
0.401634
0.404367
0.419084
0.402327
0.413025
0.413448
0.427118
0.427118
0.412495
0.419883
0.413119
0.416186
0.434402
0.418420
0.429093
0.417843
0.426041
0.419951
0.423658
0.443072
0.428312
0.436352
0.430996
0.438988
0.430979
0.435436
0.450678
0.436393
0.448818
0.435716
0.445392
0.438734
0.444439
0.454141
0.449231
0.463750
0.449755
0.460150
0.450147
0.457541
0.452851
0.460094
0.461025
0.473390
0.463112
0.471060
0.462025
0.470125
0.462829
0.471261
0.465096
0.473558
0.467730
0.476514
0.470197
0.478954
0.473004
0.482401
0.475785
0.485404
0.478667
0.488805
0.481743
0.492244
0.484797
0.495705
0.487974
0.499230
0.491118
0.502718
0.494283
0.506205
0.497433
0.509681
0.500594
0.513170
0.503778
0.516679
0.506987
0.520179
0.510187
0.523588
0.513298
0.526801
0.516237
0.529775
0.518984
0.532543
0.521579
0.535177
0.524085
0.537741
0.526553
0.540285
0.529018
0.542847
0.531508
0.545467
0.534047
0.548186
0.536663
0.551054
0.539382
0.554127
0.542234
0.557447
0.545225
0.560992
0.548323
0.564624
0.551428
0.568102
0.554396
0.571173
0.557083
0.573725
0.559433
0.575887
0.561546
0.577878
0.563581
0.579834
0.565636
0.581806
0.567749
0.583821
0.569945
0.585911
0.572253
0.588099
0.574702
0.590351
0.577288
0.592498
0.579921
0.594278
0.582443
0.595609
0.584793
0.596758
0.587117
0.598113
0.589636
0.599856
0.592449
0.601962
0.595535
0.604347
0.598842
0.606942
0.602329
0.609698
0.605972
0.612587
0.609760
0.615596
0.613691
0.618728
0.617764
0.622009
0.621972
0.625487
0.626292
0.629211
0.630681
0.633201
0.635103
0.637423
0.639550
0.641812
0.644042
0.646314
0.648596
0.650898
0.653217
0.655552
0.657904
0.660271
0.662652
0.665047
0.667456
0.669876
0.672308
0.674750
0.677202
0.679662
0.682129
0.684603
0.687082
0.689565
0.692051
0.694539
0.697027
0.699514
0.701999
0.704480
0.706955
0.709422
0.711880
0.714327
0.716761
0.719179
0.721579
0.723960
0.726320
0.728657
0.730969
0.733255
0.735514
0.737745
0.739949
0.742123
0.744270
0.746389
0.748480
0.750544
0.752583
0.754597
0.756586
0.758554
0.760499
0.762424
0.764330
0.766217
0.768087
0.769941
0.771780
0.773604
0.775415
0.777214
0.779000
0.780775
0.782540
0.784294
0.786039
0.787775
0.789502
0.791221
0.792932
0.794635
0.796332
0.798021
0.799704
0.801380
0.803050
0.804713
0.806371
0.808023
0.809668
0.811309
0.812943
0.814572
0.816195
0.817812
0.819424
0.821030
0.822630
0.824225
0.825813
0.827395
0.828970
0.830539
0.832101
0.833655
0.835202
0.836740
0.838271
0.839793
0.841306
0.842810
0.844304
0.845788
0.847263
0.848727
0.850180
0.851623
0.853056
0.854477
0.855887
0.857287
0.858676
0.860053
0.861420
0.862776
0.864122
0.865457
0.866781
0.868095
0.869398
0.870690
0.871972
0.873244
0.874504
0.875754
0.876992
0.878218
0.879433
0.880636
0.881826
0.883004
0.884168
0.885320
0.886457
0.887582
0.888693
0.889790
0.890874
0.891945
0.893003
0.894048
0.895082
0.896104
0.897115
0.898116
0.899107
0.900089
0.901063
0.902028
0.902988
0.903940
0.904888
0.905831
0.906772
0.907711
0.908650
0.909592
0.910540
0.911495
0.912460
0.913434
0.914414
0.915398
0.916383
0.917370
0.918359
0.919348
0.920335
0.921319
0.922295
0.923263
0.924219
0.925162
0.926093
0.927011
0.927919
0.928816
0.929705
0.930587
0.931464
0.932335
0.933202
0.934066
0.934927
0.935785
0.936641
0.937496
0.938350
0.939203
0.940057
0.940912
0.941768
0.942628
0.943491
0.944360
0.945235
0.946119
0.947012
0.947916
0.948833
0.949763
0.950709
0.951669
0.952644
0.953629
0.954622
0.955615
0.956605
0.957583
0.958547
0.959494
0.960425
0.961346
0.962264
0.963189
0.964130
0.965100
0.966109
0.967169
0.968291
0.969486
0.970765
0.972139
0.973614
0.975191
0.976859
0.978590
0.980337
0.982041
0.983643
0.985106
0.986416
0.987580
0.988619
0.989554
0.990408
0.991198
0.991935
0.992632
0.993295
0.993932
0.994547
0.995147
0.995733
0.996310
0.996878
0.997441
0.997999
0.998554
0.999107
0.999658
1.000208
1.000758
1.001308
1.001859
1.002410
1.002963
1.003516
1.004070
1.004625
1.005182
1.005740
1.006299
1.006859
1.007420
1.007981
1.008544
1.009108
1.009672
1.010238
1.010803
1.011370
1.011936
1.012503
1.013071
1.013638
1.014206
1.014774
1.015341
1.015908
1.016475
1.017042
1.017608
1.018174
1.018739
1.019303
1.019866
1.020428
1.020989
1.021548
1.022107
1.022663
1.023218
1.023771
1.024323
1.024872
1.025419
1.025963
1.026505
1.027045
1.027582
1.028116
1.028646
1.029174
1.029699
1.030220
1.030738
1.031252
1.031762
1.032268
1.032770
1.033268
1.033761
1.034250
1.034733
1.035211
1.035683
1.036148
1.036607
1.037058
1.037502
1.037936
1.038362
1.038778
1.039186
1.039586
1.039980
1.040370
1.040759
1.041150
1.041546
1.041950
1.042362
1.042784
1.043217
1.043661
1.044116
1.044582
1.044582
1.045060
1.045540
1.046089
1.046228
1.049381
1.049139
1.049836
1.049552
1.051242
1.052045
1.053014
1.054016
1.054817
1.055402
1.055831
1.056187
1.056537
1.056912
1.057318
1.057750
1.058192
1.058635
1.059075
1.059509
1.059941
1.060372
1.060802
1.061230
1.061657
1.062079
1.062496
1.062907
1.063314
1.063715
1.064112
1.064505
1.064894
1.065279
1.065661
1.066039
1.066414
1.066786
1.067155
1.067521
1.067886
1.068249
1.068610
1.068970
1.069329
1.069688
1.070046
1.070405
1.070763
1.071122
1.071482
1.071841
1.072202
1.072562
1.072923
1.073283
1.073643
1.074003
1.074362
1.074720
1.075077
1.075433
1.075787
1.076139
1.076489
1.076838
1.077184
1.077528
1.077870
1.078209
1.078546
1.078881
1.079213
1.079543
1.079870
1.080195
1.080517
1.080837
1.081154
1.081469
1.081781
1.082091
1.082399
1.082704
1.083006
1.083306
1.083604
1.083899
1.084191
1.084481
1.084769
1.085054
1.085336
1.085616
1.085893
1.086168
1.086440
1.086709
1.086976
1.087240
1.087501
1.087760
1.088015
1.088269
1.088519
1.088766
1.089011
1.089253
1.089492
1.089729
1.089962
1.090193
1.090421
1.090647
1.090870
1.091090
1.091308
1.091523
1.091735
1.091945
1.092153
1.092358
1.092561
1.092761
1.092959
1.093155
1.093348
1.093540
1.093729
1.093916
1.094101
1.094285
1.094466
1.094646
1.094823
1.094999
1.095174
1.095346
1.095517
1.095687
1.095855
1.096021
1.096186
1.096350
1.096512
1.096673
1.096833
1.096992
1.097149
1.097305
1.097460
1.097614
1.097767
1.097919
1.098070
1.098220
1.098369
1.098517
1.098664
1.098811
1.098956
1.099101
1.099245
1.099387
1.099530
1.099671
1.099811
1.099951
1.100090
1.100228
1.100366
1.100503
1.100639
1.100774
1.100908
1.101042
1.101175
1.101308
1.101439
1.101570
1.101700
1.101830
1.101959
1.102087
1.102214
1.102341
1.102467
1.102593
1.102717
1.102841
1.102965
1.103087
1.103209
1.103331
1.103451
1.103571
1.103691
1.103809
1.103927
1.104045
1.104162
1.104278
1.104394
1.104509
1.104623
1.104737
1.104851
1.104963
1.105075
1.105187
1.105298
1.105409
1.105519
1.105629
1.105738
1.105846
1.105955
1.106062
1.106170
1.106276
1.106383
1.106489
1.106594
1.106700
1.106804
1.106909
1.107013
1.107117
1.107220
1.107323
1.107426
1.107528
1.107631
1.107733
1.107834
1.107936
1.108037
1.108138
1.108238
1.108339
1.108439
1.108539
1.108639
1.108739
1.108838
1.108938
1.109037
1.109136
1.109235
1.109334
1.109433
1.109532
1.109630
1.109729
1.109827
1.109926
1.110024
1.110123
1.110221
1.110319
1.110417
1.110516
1.110614
1.110712
1.110810
1.110909
1.111007
1.111105
1.111204
1.111302
1.111400
1.111499
1.111597
1.111696
1.111795
1.111894
1.111992
1.112091
1.112190
1.112290
1.112389
1.112488
1.112588
1.112687
1.112787
1.112887
1.112987
1.113087
1.113188
1.113288
1.113389
1.113490
1.113591
1.113692
1.113794
1.113896
1.113997
1.114100
1.114202
1.114304
1.114407
1.114510
1.114614
1.114717
1.114821
1.114925
1.115029
1.115134
1.115239
1.115344
1.115450
1.115555
1.115662
1.115768
1.115875
1.115982
1.116090
1.116198
1.116306
1.116415
1.116524
1.116634
1.116743
1.116854
1.116965
1.117076
1.117188
1.117300
1.117413
1.117526
1.117640
1.117754
1.117869
1.117985
1.118101
1.118217
1.118334
1.118452
1.118571
1.118690
1.118810
1.118930
1.119051
1.119173
1.119296
1.119419
1.119543
1.119668
1.119794
1.119921
1.120048
1.120177
1.120306
1.120436
1.120567
1.120699
1.120832
1.120967
1.121102
1.121238
1.121375
1.121513
1.121653
1.121793
1.121935
1.122078
1.122222
1.122368
1.122514
1.122662
1.122811
1.122961
1.123113
1.123266
1.123420
1.123575
1.123732
1.123890
1.124049
1.124210
1.124371
1.124534
1.124698
1.124863
1.125030
1.125197
1.125365
1.125534
1.125703
1.125874
1.126044
1.126215
1.126385
1.126556
1.126725
1.126894
1.127062
1.127227
1.127390
1.127550
1.127707
1.127860
1.128008
1.128152
1.128293
1.128434
1.128578
1.128729
1.128894
1.129074
1.129271
1.129483
1.129707
1.129941
1.130180
1.130424
1.130671
1.130918
1.131165
1.131413
1.131660
1.131906
1.132152
1.132397
1.132641
1.132885
1.133128
1.133371
1.133613
1.133855
1.134097
1.134338
1.134579
1.134820
1.135061
1.135302
1.135542
1.135783
1.136024
1.136264
1.136505
1.136746
1.136988
1.137229
1.137471
1.137712
1.137954
1.138197
1.138439
1.138682
1.138925
1.139169
1.139412
1.139656
1.139901
1.140145
1.140390
1.140634
1.140879
1.141125
1.141370
1.141616
1.141861
1.142107
1.142353
1.142599
1.142846
1.143092
1.143338
1.143584
1.143831
1.144077
1.144324
1.144570
1.144816
1.145063
1.145309
1.145555
1.145801
1.146047
1.146293
1.146539
1.146785
1.147031
1.147276
1.147521
1.147767
1.148012
1.148256
1.148501
1.148745
1.148990
1.149234
1.149478
1.149721
1.149721
1.149964
1.150208
1.150450
1.150693
1.150935
1.151177
1.151419
1.151660
1.151901
1.152142
1.152383
1.152623
1.152863
1.153102
1.153341
1.153579
1.153818
1.154055
1.154293
1.154530
1.154766
1.155002
1.155238
1.155473
1.155707
1.155941
1.156174
1.156407
1.156639
1.156871
1.157102
1.157333
1.157562
1.157791
1.158020
1.158247
1.158474
1.158700
1.158926
1.159150
1.159374
1.159597
1.159819
1.160040
1.160261
1.160480
1.160698
1.160916
1.161132
1.161348
1.161562
1.161775
1.161988
1.162199
1.162409
1.162617
1.162825
1.163031
1.163236
1.163440
1.163643
1.163844
1.164044
1.164242
1.164439
1.164635
1.164830
1.165023
1.165214
1.165404
1.165592
1.165779
1.165965
1.166149
1.166331
1.166512
1.166691
1.166869
1.167045
1.167219
1.167392
1.167564
1.167733
1.167901
1.168068
1.168232
1.168396
1.168557
1.168718
1.168876
1.169033
1.169189
1.169343
1.169495
1.169646
1.169796
1.169944
1.170091
1.170236
1.170380
1.170523
1.170665
1.170805
1.170945
1.171083
1.171220
1.171357
1.171492
1.171626
1.171760
1.171893
1.172025
1.172157
1.172288
1.172418
1.172549
1.172678
1.172808
1.172937
1.173066
1.173196
1.173325
1.173454
1.173584
1.173714
1.173844
1.173974
1.174105
1.174237
1.174370
1.174503
1.174637
1.174772
1.174907
1.175044
1.175183
1.175322
1.175462
1.175604
1.175748
1.175892
1.176039
1.176186
1.176336
1.176487
1.176639
1.176794
1.176949
1.177107
1.177267
1.177428
1.177590
1.177755
1.177921
1.178089
1.178258
1.178429
1.178602
1.178776
1.178951
1.179128
1.179307
1.179486
1.179667
1.179850
1.180033
1.180218
1.180403
1.180590
1.180777
1.180966
1.181155
1.181345
1.181536
1.181728
1.181920
1.182113
1.182307
1.182501
1.182695
1.182890
1.183086
1.183282
1.183478
1.183675
1.183873
1.184071
1.184269
1.184468
1.184667
1.184867
1.185067
1.185269
1.185471
1.185675
1.185879
1.186085
1.186292
1.186498
1.186700
1.186883
1.187042
1.187335
1.187656
1.187816
1.187850
1.187985
1.188064
1.188291
1.188313
1.188689
1.188581
1.189257
1.189076
1.189281
1.189155
1.189712
1.189607
1.189970
1.189679
1.190412
1.190260
1.190276
1.190396
1.190328
1.191067
1.190997
1.190771
1.191391
1.191551
1.191229
1.191815
1.192023
1.191826
1.191803
1.191567
1.192398
1.192344
1.192143
1.192348
1.192256
1.192363
1.192013
1.192632
1.192551
1.192490
1.192585
1.192345
1.193324
1.193499
1.193711
1.193229
1.192859
1.193510
1.193682
1.193483
1.193389
1.192932
1.194218
1.194520
1.195190
1.195577
1.196125
1.196557
1.196880
1.197186
1.197451
1.197691
1.197903
1.198090
1.198257
1.198408
1.198546
1.198672
1.198789
1.198899
1.199002
1.199098
1.199188
1.199271
1.199349
1.199422
1.199489
1.199552
1.199610
1.199664
1.199714
1.199761
1.199804
1.199845
1.199882
1.199918
1.199952
1.199984
1.200014
1.200044
1.200074
1.200103
1.200132
1.200162
1.200192
1.200224
1.200257
1.200291
1.200328
1.200366
1.200407
1.200450
1.200496
1.200545
1.200597
1.200652
1.200711
1.200773
1.200838
1.200908
1.200980
1.201057
1.201137
1.201222
1.201310
1.201402
1.201498
1.201598
1.201702
1.201810
1.201921
1.202037
1.202157
1.202280
1.202407
1.202538
1.202673
1.202811
1.202953
1.203099
1.203248
1.203400
1.203556
1.203715
1.203877
1.204042
1.204210
1.204381
1.204555
1.204731
1.204910
1.205092
1.205276
1.205462
1.205650
1.205840
1.206032
1.206226
1.206421
1.206618
1.206816
1.207015
1.207216
1.207417
1.207618
1.207821
1.208024
1.208227
1.208430
1.208634
1.208837
1.209040
1.209243
1.209445
1.209647
1.209849
1.210049
1.210249
1.210448
1.210646
1.210843
1.211040
1.211235
1.211428
1.211621
1.211812
1.212003
1.212191
1.212379
1.212565
1.212750
1.212933
1.213115
1.213296
1.213475
1.213653
1.213830
1.214005
1.214179
1.214351
1.214522
1.214692
1.214860
1.215027
1.215193
1.215357
1.215520
1.215682
1.215843
1.216002
1.216161
1.216318
1.216474
1.216629
1.216783
1.216936
1.217088
1.217239
1.217389
1.217539
1.217687
1.217834
1.217981
1.218127
1.218272
1.218417
1.218560
1.218703
1.218846
1.218987
1.219129
1.219269
1.219409
1.219548
1.219687
1.219826
1.219963
1.220101
1.220237
1.220374
1.220510
1.220645
1.220780
1.220915
1.221049
1.221183
1.221316
1.221449
1.221581
1.221713
1.221845
1.221976
1.222107
1.222237
1.222367
1.222497
1.222626
1.222754
1.222883
1.223010
1.223137
1.223264
1.223390
1.223516
1.223641
1.223766
1.223890
1.224013
1.224136
1.224258
1.224380
1.224501
1.224621
1.224741
1.224860
1.224978
1.225096
1.225213
1.225330
1.225445
1.225560
1.225674
1.225787
1.225900
1.226012
1.226123
1.226233
1.226343
1.226451
1.226559
1.226666
1.226772
1.226877
1.226982
1.227085
1.227188
1.227290
1.227391
1.227492
1.227591
1.227690
1.227787
1.227884
1.227884
1.227980
1.228075
1.228170
1.228263
1.228356
1.228448
1.228539
1.228629
1.228718
1.228807
1.228894
1.228981
1.229067
1.229153
1.229237
1.229321
1.229404
1.229486
1.229568
1.229648
1.229728
1.229807
1.229886
1.229963
1.230040
1.230116
1.230192
1.230267
1.230341
1.230414
1.230486
1.230558
1.230630
1.230700
1.230770
1.230839
1.230908
1.230976
1.231043
1.231110
1.231175
1.231241
1.231305
1.231369
1.231433
1.231495
1.231557
1.231619
1.231680
1.231740
1.231800
1.231859
1.231917
1.231975
1.232032
1.232088
1.232144
1.232199
1.232254
1.232308
1.232361
1.232414
1.232466
1.232517
1.232568
1.232617
1.232667
1.232715
1.232763
1.232810
1.232856
1.232901
1.232945
1.232989
1.233032
1.233073
1.233114
1.233153
1.233191
1.233228
1.233264
1.233298
1.233330
1.233360
1.233389
1.233415
1.233439
1.233460
1.233477
1.233490
1.233499
1.233502
1.233497
1.233482
1.233455
1.233409
1.233334
1.233211
1.232990
1.232544
1.232167
1.232623
1.232338
1.232492
1.232175
1.232766
1.232520
1.232718
1.232459
1.233116
1.232886
1.233045
1.232806
1.233424
1.233172
1.233453
1.233134
1.233819
1.233574
1.233654
1.233492
1.233917
1.233651
1.234201
1.233893
1.234196
1.233876
1.234487
1.234204
1.234424
1.234142
1.234684
1.234393
1.234721
1.234404
1.234912
1.234609
1.234953
1.234645
1.235117
1.234817
1.235180
1.234878
1.235313
1.235018
1.235397
1.235106
1.235509
1.235225
1.235605
1.235326
1.235708
1.235437
1.235808
1.235545
1.235910
1.235655
1.236013
1.235766
1.236116
1.235878
1.236220
1.235992
1.236326
1.236108
1.236433
1.236225
1.236541
1.236345
1.236651
1.236466
1.236763
1.236590
1.236877
1.236717
1.236992
1.236845
1.237109
1.236977
1.237229
1.237111
1.237350
1.237248
1.237474
1.237387
1.237600
1.237530
1.237729
1.237675
1.237861
1.237823
1.237995
1.237974
1.238133
1.238128
1.238273
1.238284
1.238417
1.238442
1.238565
1.238603
1.238716
1.238765
1.238870
1.238929
1.239029
1.239095
1.239190
1.239263
1.239355
1.239433
1.239523
1.239604
1.239693
1.239778
1.239866
1.239953
1.240042
1.240130
1.240220
1.240310
1.240400
1.240491
1.240583
1.240675
1.240767
1.240860
1.240954
1.241048
1.241143
1.241238
1.241333
1.241429
1.241526
1.241623
1.241720
1.241818
1.241917
1.242016
1.242115
1.242215
1.242315
1.242416
1.242517
1.242619
1.242721
1.242823
1.242926
1.243029
1.243133
1.243237
1.243342
1.243447
1.243552
1.243658
1.243764
1.243870
1.243977
1.244084
1.244192
1.244300
1.244408
1.244517
1.244626
1.244736
1.244845
1.244955
1.245066
1.245177
1.245288
1.245399
1.245511
1.245623
1.245735
1.245848
1.245960
1.246074
1.246187
1.246301
1.246415
1.246529
1.246644
1.246758
1.246874
1.246989
1.247104
1.247220
1.247336
1.247452
1.247569
1.247686
1.247803
1.247920
1.248037
1.248155
1.248272
1.248390
1.248508
1.248627
1.248745
1.248864
1.248983
1.249102
1.249221
1.249340
1.249460
1.249579
1.249699
1.249819
1.249939
1.250059
1.250180
1.250300
1.250421
1.250541
1.250662
1.250783
1.250904
1.251025
1.251146
1.251268
1.251389
1.251510
1.251632
1.251754
1.251875
1.251997
1.252119
1.252241
1.252363
1.252485
1.252607
1.252729
1.252851
1.252973
1.253095
1.253217
1.253340
1.253462
1.253584
1.253707
1.253829
1.253951
1.254074
1.254196
1.254318
1.254441
1.254563
1.254685
1.254808
1.254930
1.255053
1.255175
1.255297
1.255419
1.255542
1.255664
1.255786
1.255908
1.256030
1.256152
1.256274
1.256396
1.256518
1.256640
1.256762
1.256884
1.257006
1.257127
1.257249
1.257370
1.257492
1.257613
1.257735
1.257856
1.257977
1.258098
1.258219
1.258340
1.258461
1.258582
1.258703
1.258823
1.258944
1.259064
1.259185
1.259305
1.259425
1.259545
1.259665
1.259785
1.259905
1.260025
1.260144
1.260264
1.260383
1.260502
1.260621
1.260740
1.260859
1.260978
1.261097
1.261216
1.261334
1.261452
1.261571
1.261689
1.261807
1.261925
1.262042
1.262160
1.262278
1.262395
1.262512
1.262629
1.262746
1.262863
1.262980
1.263097
1.263213
1.263330
1.263446
1.263562
1.263678
1.263794
1.263910
1.264025
1.264141
1.264256
1.264371
1.264487
1.264602
1.264716
1.264831
1.264946
1.265060
1.265174
1.265289
1.265403
1.265517
1.265630
1.265744
1.265857
1.265971
1.266084
1.266197
1.266310
1.266423
1.266536
1.266648
1.266760
1.266873
1.266985
1.267097
1.267209
1.267320
1.267432
1.267543
1.267655
1.267766
1.267877
1.267987
1.268098
1.268209
1.268319
1.268429
1.268539
1.268649
1.268759
1.268869
1.268978
1.269088
1.269197
1.269306
1.269415
1.269523
1.269632
1.269740
1.269849
1.269957
1.270064
1.270172
1.270280
1.270387
1.270494
1.270601
1.270708
1.270815
1.270921
1.271028
1.271134
1.271240
1.271345
1.271451
1.271556
1.271661
1.271766
1.271871
1.271976
1.271976
1.272080
1.272184
1.272288
1.272392
1.272496
1.272599
1.272702
1.272805
1.272908
1.273010
1.273113
1.273215
1.273317
1.273419
1.273520
1.273621
1.273722
1.273823
1.273924
1.274024
1.274125
1.274225
1.274325
1.274424
1.274524
1.274623
1.274722
1.274821
1.274920
1.275018
1.275117
1.275215
1.275313
1.275411
1.275509
1.275607
1.275704
1.275802
1.275899
1.275997
1.276094
1.276191
1.276288
1.276385
1.276482
1.276579
1.276676
1.276773
1.276870
1.276967
1.277063
1.277160
1.277257
1.277354
1.277451
1.277549
1.277646
1.277743
1.277840
1.277938
1.278035
1.278133
1.278231
1.278328
1.278426
1.278524
1.278623
1.278721
1.278820
1.278918
1.279017
1.279116
1.279215
1.279314
1.279414
1.279513
1.279613
1.279713
1.279813
1.279913
1.280013
1.280114
1.280215
1.280315
1.280416
1.280517
1.280619
1.280720
1.280822
1.280923
1.281025
1.281127
1.281229
1.281332
1.281434
1.281537
1.281639
1.281742
1.281845
1.281948
1.282051
1.282154
1.282258
1.282361
1.282465
1.282568
1.282672
1.282776
1.282880
1.282984
1.283088
1.283192
1.283296
1.283401
1.283505
1.283609
1.283714
1.283819
1.283923
1.284028
1.284132
1.284237
1.284342
1.284447
1.284552
1.284657
1.284762
1.284867
1.284972
1.285077
1.285182
1.285287
1.285392
1.285497
1.285602
1.285707
1.285812
1.285917
1.286022
1.286127
1.286232
1.286337
1.286442
1.286547
1.286652
1.286757
1.286862
1.286967
1.287072
1.287177
1.287281
1.287386
1.287491
1.287596
1.287700
1.287805
1.287909
1.288014
1.288118
1.288223
1.288327
1.288431
1.288536
1.288640
1.288744
1.288848
1.288952
1.289056
1.289160
1.289263
1.289367
1.289471
1.289574
1.289678
1.289781
1.289884
1.289987
1.290091
1.290194
1.290297
1.290399
1.290502
1.290605
1.290707
1.290810
1.290912
1.291015
1.291117
1.291219
1.291321
1.291423
1.291525
1.291626
1.291728
1.291829
1.291931
1.292032
1.292133
1.292234
1.292335
1.292436
1.292537
1.292638
1.292738
1.292838
1.292939
1.293039
1.293139
1.293239
1.293339
1.293439
1.293538
1.293638
1.293737
1.293837
1.293936
1.294035
1.294134
1.294233
1.294331
1.294430
1.294528
1.294627
1.294725
1.294823
1.294921
1.295019
1.295117
1.295215
1.295312
1.295410
1.295507
1.295604
1.295701
1.295798
1.295895
1.295992
1.296088
1.296185
1.296281
1.296378
1.296474
1.296570
1.296666
1.296762
1.296857
1.296953
1.297048
1.297144
1.297239
1.297334
1.297429
1.297524
1.297619
1.297714
1.297808
1.297903
1.297997
1.298092
1.298186
1.298280
1.298374
1.298468
1.298561
1.298655
1.298749
1.298842
1.298935
1.299029
1.299122
1.299215
1.299308
1.299400
1.299493
1.299586
1.299678
1.299771
1.299863
1.299955
1.300047
1.300139
1.300231
1.300323
1.300415
1.300506
1.300598
1.300689
1.300781
1.300872
1.300963
1.301054
1.301145
1.301236
1.301327
1.301418
1.301508
1.301599
1.301689
1.301780
1.301870
1.301960
1.302050
1.302140
1.302230
1.302320
1.302410
1.302499
1.302589
1.302679
1.302768
1.302857
1.302947
1.303036
1.303125
1.303214
1.303303
1.303392
1.303481
1.303570
1.303658
1.303747
1.303835
1.303924
1.304012
1.304101
1.304189
1.304277
1.304365
1.304453
1.304541
1.304629
1.304717
1.304805
1.304892
1.304980
1.305068
1.305155
1.305242
1.305330
1.305417
1.305504
1.305592
1.305679
1.305766
1.305853
1.305940
1.306027
1.306114
1.306200
1.306287
1.306374
1.306460
1.306547
1.306633
1.306720
1.306806
1.306893
1.306979
1.307065
1.307151
1.307238
1.307324
1.307410
1.307496
1.307582
1.307667
1.307753
1.307839
1.307925
1.308011
1.308096
1.308182
1.308267
1.308353
1.308438
1.308524
1.308609
1.308694
1.308780
1.308865
1.308950
1.309035
1.309121
1.309206
1.309291
1.309376
1.309461
1.309546
1.309630
1.309715
1.309800
1.309885
1.309970
1.310054
1.310139
1.310224
1.310308
1.310393
1.310477
1.310562
1.310646
1.310731
1.310815
1.310899
1.310984
1.311068
1.311152
1.311237
1.311321
1.311405
1.311489
1.311573
1.311657
1.311741
1.311825
1.311909
1.311993
1.312077
1.312161
1.312245
1.312329
1.312413
1.312496
1.312580
1.312664
1.312748
1.312831
1.312915
1.312999
1.313082
1.313166
1.313249
1.313333
1.313416
1.313500
1.313583
1.313667
1.313750
1.313834
1.313917
1.314000
1.314084
1.314167
1.314250
1.314333
1.314417
1.314500
1.314583
1.314666
1.314749
1.314833
1.314916
1.314999
1.315082
1.315165
1.315248
1.315331
1.315414
1.315497
1.315580
1.315663
1.315746
1.315829
1.315912
1.315995
1.316077
1.316160
1.316243
1.316326
1.316409
1.316491
1.316574
1.316657
1.316740
1.316822
1.316905
1.316988
1.317070
1.317153
1.317236
1.317318
1.317401
1.317484
1.317566
1.317649
1.317731
1.317814
1.317896
1.317979
1.318061
1.318144
1.318226
1.318309
1.318391
1.318474
1.318556
1.318638
1.318721
1.318803
1.318803
1.318885
1.318968
1.319050
1.319132
1.319215
1.319297
1.319379
1.319462
1.319544
1.319626
1.319708
1.319791
1.319873
1.319955
1.320037
1.320119
1.320202
1.320284
1.320366
1.320448
1.320530
1.320612
1.320694
1.320776
1.320858
1.320940
1.321022
1.321105
1.321187
1.321269
1.321351
1.321433
1.321515
1.321597
1.321678
1.321760
1.321842
1.321924
1.322006
1.322088
1.322170
1.322252
1.322334
1.322416
1.322498
1.322579
1.322661
1.322743
1.322825
1.322907
1.322988
1.323070
1.323152
1.323234
1.323316
1.323397
1.323479
1.323561
1.323642
1.323724
1.323806
1.323888
1.323969
1.324051
1.324133
1.324214
1.324296
1.324377
1.324459
1.324541
1.324622
1.324704
1.324785
1.324867
1.324949
1.325030
1.325112
1.325193
1.325275
1.325356
1.325438
1.325519
1.325601
1.325682
1.325764
1.325845
1.325927
1.326008
1.326089
1.326171
1.326252
1.326334
1.326415
1.326496
1.326578
1.326659
1.326740
1.326822
1.326903
1.326984
1.327066
1.327147
1.327228
1.327310
1.327391
1.327472
1.327553
1.327635
1.327716
1.327797
1.327878
1.327959
1.328041
1.328122
1.328203
1.328284
1.328365
1.328446
1.328528
1.328609
1.328690
1.328771
1.328852
1.328933
1.329014
1.329095
1.329176
1.329257
1.329338
1.329419
1.329500
1.329581
1.329662
1.329743
1.329824
1.329905
1.329986
1.330067
1.330148
1.330229
1.330310
1.330391
1.330472
1.330553
1.330634
1.330714
1.330795
1.330876
1.330957
1.331038
1.331119
1.331199
1.331280
1.331361
1.331442
1.331523
1.331603
1.331684
1.331765
1.331846
1.331926
1.332007
1.332088
1.332168
1.332249
1.332330
1.332410
1.332491
1.332572
1.332652
1.332733
1.332813
1.332894
1.332975
1.333055
1.333136
1.333216
1.333297
1.333377
1.333458
1.333538
1.333619
1.333699
1.333780
1.333860
1.333941
1.334021
1.334102
1.334182
1.334263
1.334343
1.334423
1.334504
1.334584
1.334665
1.334745
1.334825
1.334906
1.334986
1.335066
1.335147
1.335227
1.335307
1.335387
1.335468
1.335548
1.335628
1.335708
1.335789
1.335869
1.335949
1.336029
1.336110
1.336190
1.336270
1.336350
1.336430
1.336510
1.336590
1.336671
1.336751
1.336831
1.336911
1.336991
1.337071
1.337151
1.337231
1.337311
1.337391
1.337471
1.337551
1.337631
1.337711
1.337791
1.337871
1.337951
1.338031
1.338111
1.338191
1.338271
1.338351
1.338431
1.338511
1.338591
1.338670
1.338750
1.338830
1.338910
1.338990
1.339070
1.339149
1.339229
1.339309
1.339389
1.339469
1.339548
1.339628
1.339708
1.339788
1.339867
1.339947
1.340027
1.340106
1.340186
1.340266
1.340346
1.340425
1.340505
1.340585
1.340664
1.340744
1.340823
1.340903
1.340983
1.341062
1.341142
1.341221
1.341301
1.341381
1.341460
1.341540
1.341619
1.341699
1.341778
1.341858
1.341937
1.342017
1.342096
1.342176
1.342255
1.342335
1.342414
1.342493
1.342573
1.342652
1.342732
1.342811
1.342891
1.342970
1.343049
1.343129
1.343208
1.343287
1.343367
1.343446
1.343525
1.343605
1.343684
1.343763
1.343843
1.343922
1.344001
1.344080
1.344160
1.344239
1.344318
1.344398
1.344477
1.344556
1.344635
1.344714
1.344794
1.344873
1.344952
1.345031
1.345110
1.345190
1.345269
1.345348
1.345427
1.345506
1.345585
1.345664
1.345744
1.345823
1.345902
1.345981
1.346060
1.346139
1.346218
1.346297
1.346376
1.346455
1.346534
1.346614
1.346693
1.346772
1.346851
1.346930
1.347009
1.347088
1.347167
1.347246
1.347325
1.347404
1.347483
1.347562
1.347641
1.347720
1.347799
1.347877
1.347956
1.348035
1.348114
1.348193
1.348272
1.348351
1.348430
1.348509
1.348588
1.348667
1.348746
1.348825
1.348903
1.348982
1.349061
1.349140
1.349219
1.349298
1.349377
1.349455
1.349534
1.349613
1.349692
1.349771
1.349850
1.349928
1.350007
1.350086
1.350165
1.350244
1.350323
1.350401
1.350480
1.350559
1.350638
1.350716
1.350795
1.350874
1.350953
1.351032
1.351110
1.351189
1.351268
1.351347
1.351425
1.351504
1.351583
1.351662
1.351740
1.351819
1.351898
1.351976
1.352055
1.352134
1.352213
1.352291
1.352370
1.352449
1.352527
1.352606
1.352685
1.352764
1.352842
1.352921
1.353000
1.353078
1.353157
1.353236
1.353314
1.353393
1.353472
1.353550
1.353629
1.353708
1.353786
1.353865
1.353944
1.354022
1.354101
1.354180
1.354258
1.354337
1.354416
1.354494
1.354573
1.354651
1.354730
1.354809
1.354887
1.354966
1.355045
1.355123
1.355202
1.355281
1.355359
1.355438
1.355516
1.355595
1.355674
1.355752
1.355831
1.355910
1.355988
1.356067
1.356145
1.356224
1.356303
1.356381
1.356460
1.356539
1.356617
1.356696
1.356774
1.356853
1.356932
1.357010
1.357089
1.357167
1.357246
1.357325
1.357403
1.357482
1.357561
1.357639
1.357718
1.357796
1.357875
1.357954
1.358032
1.358111
1.358189
1.358268
1.358347
1.358425
1.358504
1.358583
1.358661
1.358740
1.358740
1.358818
1.358897
1.358976
1.359054
1.359133
1.359212
1.359290
1.359369
1.359447
1.359526
1.359605
1.359683
1.359762
1.359841
1.359919
1.359998
1.360076
1.360155
1.360234
1.360312
1.360391
1.360470
1.360548
1.360627
1.360706
1.360784
1.360863
1.360942
1.361020
1.361099
1.361178
1.361256
1.361335
1.361413
1.361492
1.361571
1.361649
1.361728
1.361807
1.361885
1.361964
1.362043
1.362121
1.362200
1.362279
1.362358
1.362436
1.362515
1.362594
1.362672
1.362751
1.362830
1.362908
1.362987
1.363066
1.363144
1.363223
1.363302
1.363381
1.363459
1.363538
1.363617
1.363695
1.363774
1.363853
1.363932
1.364010
1.364089
1.364168
1.364246
1.364325
1.364404
1.364483
1.364561
1.364640
1.364719
1.364798
1.364876
1.364955
1.365034
1.365113
1.365191
1.365270
1.365349
1.365428
1.365506
1.365585
1.365664
1.365743
1.365822
1.365900
1.365979
1.366058
1.366137
1.366216
1.366294
1.366373
1.366452
1.366531
1.366610
1.366688
1.366767
1.366846
1.366925
1.367004
1.367082
1.367161
1.367240
1.367319
1.367398
1.367476
1.367555
1.367634
1.367713
1.367792
1.367871
1.367949
1.368028
1.368107
1.368186
1.368265
1.368344
1.368423
1.368501
1.368580
1.368659
1.368738
1.368817
1.368896
1.368975
1.369053
1.369132
1.369211
1.369290
1.369369
1.369448
1.369527
1.369606
1.369684
1.369763
1.369842
1.369921
1.370000
1.370079
1.370158
1.370237
1.370316
1.370395
1.370473
1.370552
1.370631
1.370710
1.370789
1.370868
1.370947
1.371026
1.371105
1.371184
1.371262
1.371341
1.371420
1.371499
1.371578
1.371657
1.371736
1.371815
1.371894
1.371973
1.372052
1.372131
1.372210
1.372288
1.372367
1.372446
1.372525
1.372604
1.372683
1.372762
1.372841
1.372920
1.372999
1.373078
1.373157
1.373236
1.373315
1.373393
1.373472
1.373551
1.373630
1.373709
1.373788
1.373867
1.373946
1.374025
1.374104
1.374183
1.374262
1.374341
1.374420
1.374499
1.374577
1.374656
1.374735
1.374814
1.374893
1.374972
1.375051
1.375130
1.375209
1.375288
1.375367
1.375446
1.375525
1.375604
1.375683
1.375762
1.375840
1.375919
1.375998
1.376077
1.376156
1.376235
1.376314
1.376393
1.376472
1.376551
1.376630
1.376709
1.376788
1.376867
1.376946
1.377025
1.377103
1.377182
1.377261
1.377340
1.377419
1.377498
1.377577
1.377656
1.377735
1.377814
1.377893
1.377972
1.378051
1.378130
1.378209
1.378288
1.378367
1.378446
1.378525
1.378604
1.378683
1.378762
1.378841
1.378920
1.378999
1.379077
1.379156
1.379235
1.379314
1.379393
1.379473
1.379552
1.379631
1.379710
1.379789
1.379868
1.379947
1.380026
1.380105
1.380184
1.380263
1.380342
1.380421
1.380500
1.380579
1.380658
1.380737
1.380817
1.380896
1.380975
1.381054
1.381133
1.381212
1.381291
1.381371
1.381450
1.381529
1.381608
1.381687
1.381767
1.381846
1.381925
1.382005
1.382084
1.382163
1.382242
1.382322
1.382401
1.382481
1.382560
1.382639
1.382719
1.382798
1.382878
1.382957
1.383037
1.383116
1.383196
1.383275
1.383355
1.383434
1.383514
1.383594
1.383673
1.383753
1.383833
1.383912
1.383992
1.384072
1.384152
1.384231
1.384311
1.384391
1.384471
1.384551
1.384631
1.384711
1.384791
1.384871
1.384951
1.385031
1.385111
1.385191
1.385271
1.385352
1.385432
1.385512
1.385592
1.385673
1.385753
1.385833
1.385914
1.385994
1.386074
1.386155
1.386235
1.386316
1.386396
1.386477
1.386558
1.386638
1.386719
1.386800
1.386880
1.386961
1.387042
1.387123
1.387204
1.387284
1.387365
1.387446
1.387527
1.387608
1.387689
1.387770
1.387851
1.387932
1.388014
1.388095
1.388176
1.388257
1.388338
1.388420
1.388501
1.388582
1.388664
1.388745
1.388826
1.388908
1.388989
1.389070
1.389152
1.389233
1.389315
1.389396
1.389478
1.389560
1.389641
1.389723
1.389804
1.389886
1.389968
1.390049
1.390131
1.390213
1.390294
1.390376
1.390458
1.390539
1.390621
1.390703
1.390785
1.390866
1.390948
1.391030
1.391112
1.391194
1.391275
1.391357
1.391439
1.391521
1.391603
1.391685
1.391766
1.391848
1.391930
1.392012
1.392094
1.392175
1.392257
1.392339
1.392421
1.392503
1.392585
1.392666
1.392748
1.392830
1.392912
1.392993
1.393075
1.393157
1.393239
1.393320
1.393402
1.393484
1.393566
1.393647
1.393729
1.393811
1.393892
1.393974
1.394055
1.394137
1.394219
1.394300
1.394382
1.394463
1.394545
1.394626
1.394708
1.394789
1.394870
1.394952
1.395033
1.395114
1.395196
1.395277
1.395358
1.395439
1.395521
1.395602
1.395683
1.395764
1.395845
1.395926
1.396007
1.396088
1.396169
1.396250
1.396330
1.396411
1.396492
1.396573
1.396653
1.396734
1.396815
1.396895
1.396976
1.397056
1.397136
1.397217
1.397297
1.397377
1.397457
1.397537
1.397618
1.397698
1.397778
1.397857
1.397937
1.398017
1.398097
1.398176
1.398256
1.398336
1.398415
1.398494
1.398494
1.398574
1.398653
1.398732
1.398811
1.398890
1.398969
1.399048
1.399127
1.399206
1.399284
1.399363
1.399441
1.399520
1.399598
1.399676
1.399754
1.399832
1.399910
1.399988
1.400066
1.400144
1.400221
1.400299
1.400376
1.400453
1.400531
1.400608
1.400685
1.400761
1.400838
1.400915
1.400991
1.401068
1.401144
1.401220
1.401296
1.401372
1.401448
1.401523
1.401599
1.401674
1.401749
1.401825
1.401899
1.401974
1.402049
1.402123
1.402197
1.402272
1.402345
1.402419
1.402493
1.402566
1.402639
1.402712
1.402784
1.402856
1.402928
1.403000
1.403072
1.403143
1.403213
1.403284
1.403353
1.403423
1.403492
1.403560
1.403628
1.403696
1.403762
1.403828
1.403893
1.403957
1.404020
1.404083
1.404143
1.404203
1.404261
1.404317
1.404372
1.404424
1.404474
1.404521
1.404565
1.404607
1.404645
1.404679
1.404711
1.404739
1.404764
1.404786
1.404806
1.404824
1.404840
1.404855
1.404868
1.404880
1.404891
1.404903
1.404915
1.404928
1.404941
1.404956
1.404973
1.404992
1.405014
1.405038
1.405065
1.405095
1.405129
1.405167
1.405208
1.405254
1.405304
1.405359
1.405418
1.405482
1.405551
1.405625
1.405704
1.405787
1.405876
1.405969
1.406066
1.406168
1.406274
1.406383
1.406496
1.406611
1.406729
1.406849
1.406970
1.407093
1.407216
1.407340
1.407464
1.407589
1.407712
1.407836
1.407959
1.408081
1.408203
1.408323
1.408442
1.408561
1.408678
1.408794
1.408909
1.409022
1.409135
1.409246
1.409357
1.409466
1.409574
1.409681
1.409787
1.409893
1.409997
1.410100
1.410203
1.410305
1.410407
1.410508
1.410608
1.410708
1.410807
1.410906
1.411005
1.411103
1.411201
1.411299
1.411396
1.411494
1.411591
1.411688
1.411786
1.411883
1.411981
1.412078
1.412176
1.412273
1.412371
1.412469
1.412568
1.412666
1.412765
1.412864
1.412963
1.413063
1.413163
1.413264
1.413364
1.413466
1.413567
1.413669
1.413771
1.413874
1.413977
1.414081
1.414185
1.414290
1.414395
1.414500
1.414606
1.414712
1.414819
1.414927
1.415034
1.415143
1.415252
1.415361
1.415471
1.415581
1.415692
1.415803
1.415915
1.416027
1.416140
1.416253
1.416367
1.416481
1.416596
1.416711
1.416827
1.416943
1.417060
1.417177
1.417295
1.417413
1.417531
1.417650
1.417770
1.417890
1.418010
1.418131
1.418253
1.418374
1.418497
1.418619
1.418743
1.418866
1.418990
1.419115
1.419240
1.419365
1.419491
1.419617
1.419744
1.419871
1.419998
1.420126
1.420254
1.420383
1.420512
1.420642
1.420772
1.420902
1.421033
1.421164
1.421296
1.421428
1.421560
1.421693
1.421826
1.421959
1.422093
1.422228
1.422362
1.422497
1.422633
1.422769
1.422905
1.423042
1.423178
1.423316
1.423454
1.423592
1.423730
1.423869
1.424008
1.424148
1.424288
1.424428
1.424569
1.424710
1.424851
1.424993
1.425135
1.425277
1.425420
1.425563
1.425707
1.425851
1.425995
1.426140
1.426285
1.426430
1.426576
1.426722
1.426868
1.427015
1.427162
1.427309
1.427457
1.427605
1.427753
1.427902
1.428051
1.428201
1.428351
1.428501
1.428651
1.428802
1.428953
1.429105
1.429257
1.429409
1.429561
1.429714
1.429867
1.430021
1.430175
1.430329
1.430483
1.430638
1.430793
1.430949
1.431105
1.431261
1.431417
1.431574
1.431731
1.431889
1.432046
1.432204
1.432363
1.432522
1.432681
1.432840
1.433000
1.433160
1.433320
1.433481
1.433642
1.433803
1.433964
1.434126
1.434288
1.434451
1.434614
1.434777
1.434940
1.435104
1.435268
1.435432
1.435597
1.435762
1.435927
1.436093
1.436258
1.436425
1.436591
1.436758
1.436925
1.437092
1.437260
1.437428
1.437596
1.437764
1.437933
1.438102
1.438271
1.438441
1.438611
1.438781
1.438952
1.439122
1.439293
1.439465
1.439636
1.439808
1.439981
1.440153
1.440326
1.440499
1.440672
1.440846
1.441020
1.441194
1.441368
1.441543
1.441718
1.441893
1.442068
1.442244
1.442420
1.442596
1.442773
1.442950
1.443127
1.443304
1.443482
1.443659
1.443838
1.444016
1.444194
1.444373
1.444552
1.444732
1.444912
1.445091
1.445272
1.445452
1.445633
1.445813
1.445995
1.446176
1.446358
1.446539
1.446722
1.446904
1.447087
1.447269
1.447452
1.447636
1.447819
1.448003
1.448187
1.448371
1.448556
1.448741
1.448926
1.449111
1.449296
1.449482
1.449668
1.449854
1.450040
1.450227
1.450414
1.450601
1.450788
1.450975
1.451163
1.451351
1.451539
1.451727
1.451916
1.452104
1.452293
1.452482
1.452672
1.452861
1.453051
1.453241
1.453431
1.453622
1.453812
1.454003
1.454194
1.454385
1.454576
1.454768
1.454960
1.455152
1.455344
1.455536
1.455729
1.455921
1.456114
1.456307
1.456501
1.456694
1.456888
1.457081
1.457275
1.457470
1.457664
1.457858
1.458053
1.458248
1.458443
1.458638
1.458833
1.459029
1.459225
1.459420
1.459616
1.459813
1.460009
1.460205
1.460402
1.460599
1.460796
1.460993
1.461190
1.461387
1.461585
1.461782
1.461782
1.461980
1.462178
1.462376
1.462574
1.462773
1.462971
1.463170
1.463368
1.463567
1.463766
1.463965
1.464164
1.464364
1.464563
1.464763
1.464962
1.465162
1.465362
1.465562
1.465762
1.465963
1.466163
1.466363
1.466564
1.466765
1.466965
1.467166
1.467367
1.467568
1.467769
1.467970
1.468172
1.468373
1.468575
1.468776
1.468978
1.469179
1.469381
1.469583
1.469785
1.469987
1.470189
1.470391
1.470593
1.470796
1.470998
1.471200
1.471403
1.471605
1.471808
1.472010
1.472213
1.472416
1.472618
1.472821
1.473024
1.473227
1.473430
1.473633
1.473836
1.474039
1.474242
1.474445
1.474648
1.474851
1.475054
1.475257
1.475460
1.475663
1.475867
1.476070
1.476273
1.476476
1.476679
1.476883
1.477086
1.477289
1.477492
1.477695
1.477899
1.478102
1.478305
1.478508
1.478711
1.478914
1.479118
1.479321
1.479524
1.479727
1.479930
1.480133
1.480336
1.480539
1.480742
1.480944
1.481147
1.481350
1.481553
1.481755
1.481958
1.482161
1.482363
1.482566
1.482768
1.482970
1.483173
1.483375
1.483577
1.483779
1.483981
1.484183
1.484385
1.484587
1.484789
1.484990
1.485192
1.485394
1.485595
1.485796
1.485998
1.486199
1.486400
1.486601
1.486802
1.487002
1.487203
1.487404
1.487604
1.487804
1.488005
1.488205
1.488405
1.488605
1.488804
1.489004
1.489204
1.489403
1.489602
1.489802
1.490001
1.490200
1.490398
1.490597
1.490795
1.490994
1.491192
1.491390
1.491588
1.491786
1.491983
1.492181
1.492378
1.492575
1.492772
1.492969
1.493166
1.493363
1.493559
1.493755
1.493951
1.494147
1.494343
1.494538
1.494734
1.494929
1.495124
1.495319
1.495513
1.495708
1.495902
1.496096
1.496290
1.496483
1.496677
1.496870
1.497063
1.497256
1.497449
1.497641
1.497834
1.498026
1.498217
1.498409
1.498600
1.498792
1.498983
1.499173
1.499364
1.499554
1.499744
1.499934
1.500124
1.500313
1.500502
1.500691
1.500880
1.501068
1.501257
1.501445
1.501632
1.501820
1.502007
1.502194
1.502381
1.502567
1.502754
1.502940
1.503125
1.503311
1.503496
1.503681
1.503866
1.504050
1.504234
1.504418
1.504602
1.504785
1.504968
1.505151
1.505333
1.505515
1.505697
1.505879
1.506060
1.506242
1.506422
1.506603
1.506783
1.506963
1.507143
1.507322
1.507501
1.507680
1.507858
1.508036
1.508214
1.508392
1.508569
1.508746
1.508922
1.509099
1.509274
1.509450
1.509625
1.509800
1.509975
1.510150
1.510324
1.510497
1.510671
1.510844
1.511016
1.511189
1.511361
1.511533
1.511704
1.511875
1.512046
1.512216
1.512386
1.512556
1.512725
1.512894
1.513063
1.513231
1.513399
1.513567
1.513734
1.513901
1.514067
1.514234
1.514399
1.514565
1.514730
1.514895
1.515059
1.515223
1.515387
1.515550
1.515713
1.515875
1.516037
1.516199
1.516361
1.516522
1.516682
1.516842
1.517002
1.517162
1.517321
1.517480
1.517638
1.517796
1.517953
1.518110
1.518267
1.518424
1.518580
1.518735
1.518890
1.519045
1.519199
1.519353
1.519507
1.519660
1.519813
1.519965
1.520117
1.520268
1.520419
1.520570
1.520720
1.520870
1.521020
1.521169
1.521317
1.521465
1.521613
1.521760
1.521907
1.522054
1.522200
1.522345
1.522490
1.522635
1.522779
1.522923
1.523067
1.523210
1.523352
1.523494
1.523636
1.523777
1.523918
1.524058
1.524198
1.524337
1.524476
1.524615
1.524753
1.524890
1.525028
1.525164
1.525300
1.525436
1.525571
1.525706
1.525841
1.525975
1.526108
1.526241
1.526374
1.526506
1.526637
1.526768
1.526899
1.527029
1.527159
1.527288
1.527416
1.527545
1.527672
1.527800
1.527926
1.528053
1.528179
1.528304
1.528429
1.528553
1.528677
1.528800
1.528923
1.529045
1.529167
1.529288
1.529409
1.529530
1.529649
1.529769
1.529888
1.530006
1.530124
1.530241
1.530358
1.530474
1.530590
1.530705
1.530820
1.530934
1.531048
1.531161
1.531273
1.531386
1.531497
1.531608
1.531719
1.531829
1.531938
1.532047
1.532156
1.532263
1.532371
1.532477
1.532584
1.532689
1.532795
1.532899
1.533003
1.533107
1.533210
1.533312
1.533414
1.533515
1.533616
1.533716
1.533816
1.533915
1.534014
1.534112
1.534209
1.534306
1.534402
1.534498
1.534593
1.534688
1.534782
1.534875
1.534968
1.535060
1.535152
1.535243
1.535334
1.535423
1.535513
1.535602
1.535690
1.535777
1.535864
1.535951
1.536037
1.536122
1.536207
1.536291
1.536374
1.536457
1.536539
1.536621
1.536702
1.536782
1.536862
1.536941
1.537020
1.537098
1.537175
1.537252
1.537328
1.537403
1.537478
1.537553
1.537626
1.537699
1.537772
1.537843
1.537914
1.537985
1.538055
1.538124
1.538192
1.538260
1.538328
1.538394
1.538460
1.538526
1.538590
1.538654
1.538718
1.538780
1.538842
1.538904
1.538965
1.539025
1.539084
1.539143
1.539201
1.539258
1.539315
1.539371
1.539427
1.539481
1.539535
1.539589
1.539641
1.539693
1.539745
1.539795
1.539845
1.539895
1.539943
1.539991
1.539991
1.540038
1.540085
1.540130
1.540175
1.540220
1.540263
1.540306
1.540349
1.540390
1.540431
1.540471
1.540510
1.540549
1.540587
1.540624
1.540661
1.540697
1.540732
1.540766
1.540800
1.540832
1.540865
1.540896
1.540927
1.540957
1.540986
1.541014
1.541042
1.541069
1.541095
1.541120
1.541145
1.541169
1.541192
1.541215
1.541236
1.541257
1.541277
1.541297
1.541315
1.541333
1.541350
1.541367
1.541382
1.541397
1.541411
1.541424
1.541437
1.541448
1.541459
1.541469
1.541479
1.541487
1.541495
1.541502
1.541508
1.541513
1.541518
1.541522
1.541525
1.541527
1.541528
1.541529
1.541529
1.541528
1.541526
1.541523
1.541520
1.541516
1.541511
1.541505
1.541498
1.541491
1.541483
1.541473
1.541464
1.541453
1.541441
1.541429
1.541416
1.541402
1.541387
1.541372
1.541355
1.541338
1.541320
1.541301
1.541282
1.541261
1.541240
1.541218
1.541195
1.541171
1.541146
1.541121
1.541095
1.541068
1.541040
1.541011
1.540982
1.540952
1.540921
1.540889
1.540856
1.540823
1.540788
1.540753
1.540717
1.540681
1.540643
1.540605
1.540566
1.540526
1.540485
1.540444
1.540401
1.540358
1.540315
1.540270
1.540224
1.540178
1.540131
1.540084
1.540035
1.539986
1.539936
1.539885
1.539834
1.539781
1.539728
1.539675
1.539620
1.539565
1.539509
1.539453
1.539395
1.539337
1.539278
1.539219
1.539159
1.539098
1.539036
1.538974
1.538911
1.538848
1.538784
1.538719
1.538653
1.538587
1.538521
1.538453
1.538386
1.538317
1.538248
1.538178
1.538108
1.538037
1.537966
1.537894
1.537822
1.537749
1.537675
1.537601
1.537527
1.537452
1.537377
1.537301
1.537225
1.537148
1.537071
1.536993
1.536915
1.536837
1.536758
1.536679
1.536600
1.536520
1.536441
1.536360
1.536280
1.536199
1.536118
1.536037
1.535955
1.535874
1.535792
1.535710
1.535628
1.535545
1.535463
1.535380
1.535298
1.535215
1.535132
1.535050
1.534967
1.534884
1.534801
1.534719
1.534636
1.534554
1.534471
1.534389
1.534307
1.534225
1.534143
1.534062
1.533981
1.533899
1.533819
1.533738
1.533658
1.533578
1.533499
1.533419
1.533341
1.533262
1.533184
1.533107
1.533030
1.532953
1.532877
1.532802
1.532727
1.532653
1.532579
1.532506
1.532434
1.532362
1.532291
1.532220
1.532151
1.532082
1.532013
1.531946
1.531879
1.531813
1.531748
1.531684
1.531621
1.531558
1.531497
1.531436
1.531377
1.531318
1.531260
1.531203
1.531147
1.531092
1.531039
1.530986
1.530934
1.530883
1.530834
1.530785
1.530738
1.530692
1.530646
1.530602
1.530559
1.530517
1.530477
1.530437
1.530399
1.530362
1.530326
1.530291
1.530257
1.530225
1.530194
1.530163
1.530135
1.530107
1.530081
1.530055
1.530031
1.530009
1.529987
1.529967
1.529948
1.529930
1.529913
1.529898
1.529883
1.529870
1.529858
1.529848
1.529838
1.529830
1.529823
1.529817
1.529812
1.529809
1.529806
1.529805
1.529805
1.529806
1.529808
1.529812
1.529816
1.529821
1.529828
1.529836
1.529845
1.529854
1.529865
1.529877
1.529890
1.529904
1.529919
1.529936
1.529953
1.529971
1.529990
1.530010
1.530031
1.530052
1.530075
1.530099
1.530123
1.530149
1.530175
1.530203
1.530231
1.530260
1.530289
1.530320
1.530351
1.530383
1.530416
1.530450
1.530484
1.530520
1.530556
1.530592
1.530630
1.530668
1.530706
1.530746
1.530786
1.530826
1.530868
1.530910
1.530952
1.530995
1.531039
1.531084
1.531128
1.531174
1.531220
1.531267
1.531314
1.531361
1.531409
1.531458
1.531507
1.531557
1.531607
1.531657
1.531708
1.531760
1.531811
1.531864
1.531916
1.531970
1.532023
1.532077
1.532131
1.532186
1.532241
1.532296
1.532352
1.532408
1.532465
1.532522
1.532579
1.532636
1.532694
1.532752
1.532811
1.532870
1.532929
1.532988
1.533048
1.533108
1.533168
1.533229
1.533289
1.533350
1.533412
1.533473
1.533535
1.533598
1.533660
1.533723
1.533786
1.533849
1.533912
1.533976
1.534040
1.534104
1.534168
1.534233
1.534298
1.534363
1.534428
1.534494
1.534560
1.534626
1.534692
1.534758
1.534825
1.534892
1.534959
1.535027
1.535094
1.535162
1.535230
1.535298
1.535367
1.535436
1.535505
1.535574
1.535643
1.535713
1.535783
1.535853
1.535923
1.535994
1.536065
1.536136
1.536207
1.536278
1.536350
1.536422
1.536494
1.536567
1.536639
1.536712
1.536785
1.536858
1.536932
1.537006
1.537080
1.537154
1.537229
1.537304
1.537379
1.537454
1.537529
1.537605
1.537681
1.537757
1.537834
1.537911
1.537988
1.538065
1.538143
1.538221
1.538299
1.538377
1.538456
1.538534
1.538614
1.538693
1.538773
1.538853
1.538933
1.539013
1.539094
1.539175
1.539256
1.539338
1.539420
1.539502
1.539584
1.539667
1.539750
1.539833
1.539916
1.540000
1.540084
1.540169
1.540253
1.540338
1.540424
1.540509
1.540595
1.540681
1.540767
1.540854
1.540941
1.541028
1.541116
1.541204
1.541292
1.541380
1.541469
1.541558
1.541558
1.541647
1.541737
1.541827
1.541917
1.542007
1.542098
1.542189
1.542280
1.542372
1.542464
1.542556
1.542649
1.542742
1.542835
1.542928
1.543022
1.543116
1.543210
1.543305
1.543400
1.543495
1.543591
1.543687
1.543783
1.543879
1.543976
1.544073
1.544170
1.544268
1.544366
1.544464
1.544563
1.544662
1.544761
1.544860
1.544960
1.545060
1.545160
1.545261
1.545362
1.545463
1.545565
1.545667
1.545769
1.545871
1.545974
1.546077
1.546181
1.546284
1.546388
1.546493
1.546597
1.546702
1.546807
1.546913
1.547018
1.547125
1.547231
1.547338
1.547444
1.547552
1.547658
1.547769
1.547872
1.547989
1.548083
1.548217
1.548284
1.548466
1.548453
1.548772
1.548522
1.549249
1.548265
1.550211
1.546925
1.552102
1.542696
1.551343
1.542858
1.550629
1.540864
1.548877
1.542359
1.548927
1.540422
1.548143
1.541297
1.548125
1.540265
1.547720
1.540775
1.547755
1.540229
1.547542
1.540458
1.547516
1.540228
1.547417
1.540361
1.547423
1.540292
1.547405
1.540399
1.547445
1.540437
1.547493
1.540549
1.547574
1.540646
1.547668
1.540781
1.547785
1.540919
1.547918
1.541078
1.548067
1.541245
1.548230
1.541423
1.548404
1.541609
1.548589
1.541804
1.548782
1.542005
1.548984
1.542212
1.549193
1.542425
1.549408
1.542643
1.549630
1.542865
1.549858
1.543090
1.550090
1.543317
1.550326
1.543546
1.550566
1.543776
1.550807
1.544006
1.551050
1.544236
1.551293
1.544464
1.551536
1.544690
1.551779
1.544915
1.552019
1.545137
1.552258
1.545356
1.552495
1.545571
1.552729
1.545784
1.552961
1.545993
1.553189
1.546199
1.553414
1.546401
1.553636
1.546599
1.553854
1.546795
1.554069
1.546986
1.554281
1.547175
1.554490
1.547361
1.554696
1.547543
1.554899
1.547723
1.555099
1.547900
1.555296
1.548075
1.555491
1.548247
1.555684
1.548417
1.555875
1.548585
1.556063
1.548751
1.556250
1.548916
1.556434
1.549078
1.556617
1.549239
1.556799
1.549399
1.556978
1.549557
1.557157
1.549714
1.557333
1.549869
1.557509
1.550023
1.557683
1.550177
1.557855
1.550329
1.558027
1.550479
1.558197
1.550629
1.558366
1.550778
1.558534
1.550926
1.558701
1.551073
1.558867
1.551219
1.559032
1.551364
1.559195
1.551509
1.559358
1.551653
1.559520
1.551796
1.559681
1.551938
1.559841
1.552080
1.560000
1.552222
1.560159
1.552363
1.560317
1.552503
1.560474
1.552644
1.560631
1.552784
1.560788
1.552923
1.560944
1.553063
1.561099
1.553203
1.561255
1.553342
1.561410
1.553482
1.561566
1.553622
1.561721
1.553762
1.561876
1.553903
1.562032
1.554044
1.562187
1.554185
1.562343
1.554327
1.562500
1.554469
1.562656
1.554612
1.562814
1.554755
1.562971
1.554899
1.563130
1.555044
1.563288
1.555190
1.563448
1.555336
1.563608
1.555483
1.563769
1.555631
1.563930
1.555780
1.564092
1.555929
1.564255
1.556080
1.564419
1.556231
1.564584
1.556383
1.564749
1.556535
1.564915
1.556689
1.565082
1.556843
1.565249
1.556999
1.565418
1.557154
1.565587
1.557313
1.565758
1.557467
1.565926
1.557630
1.566101
1.557780
1.566266
1.557956
1.566450
1.558088
1.566603
1.558300
1.566814
1.558368
1.566919
1.558704
1.567221
1.558549
1.567155
1.559314
1.567762
1.558403
1.567082
1.560702
1.568552
1.557719
1.566328
1.563829
1.567657
1.562095
1.570561
1.557792
1.566153
1.567889
1.562634
1.570254
1.558891
1.567604
1.566632
1.567676
1.567078
1.570327
1.565995
1.574574
1.557280
1.565497
1.572840
1.552865
1.560733
1.567661
1.555498
1.562954
1.564490
1.562804
1.567298
1.563027
1.570702
1.559946
1.568781
1.566692
1.570016
1.565330
1.573679
1.559376
1.567532
1.572340
1.558885
1.566935
1.569394
1.564283
1.572085
1.561360
1.570190
1.567480
1.571751
1.565176
1.574381
1.561547
1.570031
1.571731
1.566496
1.574403
1.561935
1.570491
1.572309
1.567150
1.575066
1.562069
1.570482
1.573431
1.565552
1.574591
1.563915
1.572889
1.569001
1.575149
1.564278
1.573361
1.570578
1.575277
1.566958
1.576687
1.565504
1.574618
1.570399
1.576750
1.564821
1.573694
1.573864
1.572758
1.576417
1.570780
1.580499
1.561694
1.570471
1.578548
1.556751
1.565252
1.572418
1.560626
1.568123
1.569697
1.568594
1.572928
1.569010
1.576942
1.564832
1.573549
1.575157
1.570912
1.578621
1.565302
1.573809
1.577711
1.566742
1.575733
1.572190
1.578262
1.568055
1.577470
1.572911
1.580073
1.566239
1.574589
1.579166
1.566915
1.575580
1.575892
1.575213
1.578751
1.574288
1.583412
1.564725
1.573606
1.581862
1.559939
1.568645
1.575936
1.563907
1.571469
1.573372
1.571807
1.576794
1.571797
1.580537
1.567992
1.576627
1.579155
1.572853
1.581909
1.568623
1.577142
1.580684
1.571248
1.580551
1.573166
1.582364
1.570012
1.578750
1.579625
1.577241
1.583111
1.573058
1.582868
1.577244
1.585772
1.568325
1.576598
1.584524
1.564528
1.572719
1.572719
1.580132
1.566929
1.574549
1.577924
1.573433
1.581026
1.572479
1.581832
1.574928
1.584010
1.571499
1.580227
1.582017
1.577881
1.585802
1.571669
1.580090
1.585605
1.570542
1.578599
1.584082
1.571588
1.580062
1.582216
1.578193
1.585941
1.573326
1.582108
1.584895
1.577770
1.587355
1.573579
1.582087
1.586471
1.574738
1.583776
1.582555
1.585335
1.582253
1.590295
1.573127
1.581740
1.590133
1.566748
1.576773
1.584403
1.569879
1.577272
1.581934
1.575630
1.583908
1.577159
1.586185
1.576348
1.585743
1.580982
1.588936
1.575050
1.583583
1.588775
1.575030
1.583499
1.587169
1.578809
1.588407
1.579066
1.588754
1.580169
1.589844
1.578259
1.587489
1.585520
1.589622
1.582930
1.593318
1.575457
1.584089
1.592358
1.570381
1.579588
1.587254
1.573681
1.581353
1.585216
1.580064
1.588230
1.579449
1.589002
1.582352
1.591675
1.577925
1.586509
1.591152
1.579422
1.588585
1.587794
1.590004
1.588283
1.594772
1.581199
1.590176
1.595011
1.579613
1.588033
1.594216
1.577631
1.585761
1.593132
1.575863
1.583732
1.590997
1.577154
1.585177
1.589840
1.581747
1.591044
1.583844
1.593387
1.581324
1.590454
1.591004
1.590170
1.594509
1.587807
1.598867
1.578172
1.588589
1.597129
1.572883
1.583023
1.590575
1.578115
1.585896
1.588535
1.586191
1.592592
1.585048
1.595085
1.584480
1.594195
1.589785
1.597638
1.582232
1.590792
1.598228
1.577890
1.586993
1.594986
1.578470
1.586133
1.592727
1.582190
1.590888
1.590337
1.593167
1.591559
1.598085
1.586514
1.596254
1.596107
1.596256
1.598311
1.596780
1.603736
1.585572
1.595392
1.604636
1.574431
1.584867
1.592851
1.583415
1.590092
1.589326
1.593555
1.591614
1.598386
1.588144
1.598067
1.593954
1.601811
1.586003
1.594718
1.602752
1.580209
1.590682
1.598597
1.581473
1.589109
1.595792
1.585979
1.594743
1.593062
1.597812
1.592348
1.602202
1.586420
1.595042
1.602770
1.582561
1.591717
1.599809
1.583679
1.591521
1.597837
1.587413
1.596295
1.595176
1.599052
1.595254
1.604235
1.587500
1.596379
1.604921
1.582450
1.592740
1.600629
1.585165
1.592957
1.598562
1.590206
1.599243
1.594286
1.602749
1.590767
1.600088
1.601532
1.599004
1.606011
1.592416
1.601627
1.606642
1.591720
1.600516
1.605813
1.591822
1.600678
1.605080
1.594357
1.604208
1.599579
1.607884
1.591481
1.600255
1.608473
1.586427
1.596732
1.604802
1.587919
1.595771
1.602516
1.591863
1.600793
1.600110
1.603315
1.600887
1.608677
1.593591
1.602566
1.610290
1.587948
1.598947
1.607130
1.588008
1.596229
1.603743
1.591925
1.600490
1.601948
1.601397
1.605994
1.600794
1.611199
1.591769
1.602067
1.610966
1.587151
1.598089
1.605818
1.591345
1.599354
1.603993
1.597561
1.606580
1.597976
1.607992
1.599690
1.609928
1.597966
1.607664
1.606510
1.609535
1.605451
1.615186
1.592821
1.605625
1.614276
1.587914
1.599744
1.607223
1.593965
1.601996
1.605385
1.601849
1.609427
1.600024
1.610199
1.604069
1.613852
1.596893
1.605896
1.614296
1.592788
1.602940
1.610973
1.594621
1.602687
1.609035
1.598829
1.608066
1.605960
1.611441
1.603842
1.614572
1.600841
1.610118
1.613950
1.603708
1.614136
1.606010
1.616681
1.599888
1.608806
1.616503
1.595893
1.605596
1.613845
1.596647
1.604863
1.611932
1.599633
1.608536
1.610370
1.608625
1.614845
1.605194
1.616018
1.607676
1.618577
1.601078
1.610217
1.618477
1.596282
1.607056
1.615158
1.597559
1.605738
1.612805
1.601403
1.610472
1.610845
1.612273
1.613471
1.615474
1.615505
1.619944
1.611384
1.623669
1.602266
1.614391
1.622611
1.595208
1.608259
1.616326
1.598660
1.606543
1.613126
1.604320
1.613451
1.609626
1.617455
1.605973
1.615930
1.615430
1.617648
1.615828
1.623138
1.605994
1.615863
1.625137
1.596135
1.609164
1.618243
1.599727
1.607475
1.613969
1.606486
1.615389
1.610122
1.619021
1.607106
1.616853
1.617542
1.617354
1.621058
1.616076
1.627315
1.600803
1.614997
1.625151
1.596751
1.608913
1.616001
1.605716
1.614029
1.613749
1.616817
1.615645
1.621569
1.613159
1.624370
1.611768
1.621809
1.621107
1.622628
1.621598
1.627303
1.614334
1.624603
1.625984
1.620303
1.630969
1.604569
1.618942
1.629149
1.598770
1.611393
1.618988
1.607543
1.615546
1.616792
1.617965
1.620339
1.620552
1.624636
1.619669
1.630794
1.606609
1.621599
1.629837
1.602693
1.615728
1.622950
1.608731
1.617096
1.621019
1.616206
1.624733
1.614487
1.624764
1.620302
1.628906
1.612488
1.621846
1.629962
1.608466
1.619359
1.627382
1.609375
1.618010
1.625245
1.612793
1.621962
1.623415
1.622448
1.627478
1.620742
1.632028
1.613170
1.623556
1.632217
1.608696
1.620618
1.628259
1.611749
1.620242
1.626379
1.616272
1.625907
1.622414
1.629792
1.618179
1.628412
1.627255
1.630654
1.625444
1.636339
1.612426
1.627412
1.635140
1.635140
1.609597
1.622038
1.629145
1.615020
1.623676
1.627515
1.622235
1.631203
1.619608
1.629713
1.628593
1.632167
1.627070
1.637854
1.614745
1.629286
1.636863
1.612140
1.624312
1.631510
1.616795
1.625488
1.629999
1.623028
1.632716
1.622099
1.632460
1.627619
1.636586
1.619451
1.629085
1.637521
1.615308
1.626848
1.634672
1.616908
1.625666
1.632736
1.620379
1.629789
1.630668
1.630761
1.634077
1.631162
1.640162
1.619975
1.632282
1.640873
1.614552
1.628689
1.635716
1.618681
1.627251
1.633492
1.623519
1.633253
1.629214
1.637196
1.624542
1.634563
1.636207
1.633021
1.641108
1.624003
1.633970
1.642738
1.617397
1.631680
1.638579
1.620180
1.628972
1.636088
1.624110
1.633617
1.633662
1.635387
1.635616
1.639369
1.634773
1.645912
1.619853
1.635989
1.644898
1.615862
1.630011
1.637004
1.623421
1.632085
1.634731
1.632411
1.638908
1.630768
1.641773
1.629630
1.640019
1.637932
1.642731
1.633481
1.645222
1.629999
1.639768
1.644332
1.630365
1.640384
1.641636
1.638743
1.646557
1.628821
1.639073
1.647775
1.621599
1.636470
1.643352
1.624426
1.633387
1.640653
1.628246
1.637766
1.638486
1.638986
1.641620
1.640379
1.647170
1.632581
1.642676
1.648763
1.628655
1.639708
1.648009
1.624369
1.637180
1.644555
1.626542
1.635523
1.642550
1.630132
1.639823
1.640483
1.641105
1.643490
1.642657
1.648709
1.636004
1.646828
1.646769
1.646119
1.649567
1.642782
1.655941
1.623506
1.628950
1.642351
1.635084
1.636358
1.637492
1.641029
1.641394
1.645725
1.640238
1.650744
1.630365
1.642446
1.651161
1.627407
1.640349
1.647494
1.630273
1.639251
1.645610
1.634610
1.644657
1.641700
1.648616
1.637162
1.647980
1.644652
1.652040
1.635731
1.645681
1.653359
1.631012
1.643587
1.651101
1.631150
1.640983
1.648826
1.633552
1.642804
1.647818
1.638812
1.649418
1.640139
1.651224
1.639373
1.650121
1.645431
1.654333
1.635533
1.646344
1.655122
1.630902
1.644450
1.651346
1.634392
1.643519
1.649821
1.638640
1.648899
1.645850
1.652887
1.640724
1.651456
1.650202
1.653984
1.647309
1.659536
1.633877
1.650720
1.657452
1.633024
1.645240
1.652320
1.637827
1.647197
1.650998
1.645015
1.654968
1.640643
1.650634
1.655225
1.644259
1.655430
1.647523
1.658998
1.638676
1.650413
1.658573
1.635768
1.647857
1.655431
1.638480
1.647772
1.654281
1.642144
1.652342
1.651196
1.655296
1.649963
1.661185
1.638686
1.653484
1.660205
1.638273
1.649443
1.657172
1.640470
1.649875
1.656335
1.643740
1.653923
1.653426
1.656288
1.653908
1.662401
1.643606
1.655190
1.663998
1.637137
1.653100
1.659157
1.641935
1.651201
1.657197
1.646573
1.657119
1.652063
1.661487
1.644791
1.654849
1.662723
1.642419
1.653438
1.661601
1.642352
1.652331
1.660179
1.644300
1.653846
1.659380
1.648837
1.659694
1.653262
1.663925
1.645292
1.656027
1.664503
1.642551
1.654413
1.662202
1.644607
1.654134
1.661055
1.647784
1.657891
1.659006
1.658551
1.662994
1.656985
1.669193
1.643538
1.661036
1.666803
1.645117
1.655684
1.663255
1.648095
1.657779
1.662379
1.653709
1.664693
1.652480
1.663390
1.660283
1.667594
1.652023
1.662327
1.668618
1.650092
1.660558
1.668460
1.647228
1.658845
1.666844
1.647624
1.657639
1.665373
1.649742
1.659468
1.664671
1.654692
1.665871
1.656782
1.668423
1.653164
1.663402
1.667898
1.656223
1.667655
1.660274
1.671961
1.648766
1.663752
1.669835
1.650140
1.660316
1.667942
1.651468
1.661302
1.667676
1.654041
1.664456
1.665481
1.664912
1.669712
1.662126
1.675219
1.649529
1.667242
1.671934
1.652538
1.662476
1.669532
1.654407
1.664498
1.669029
1.659246
1.670794
1.658626
1.669957
1.664638
1.674963
1.651871
1.667144
1.673229
1.653044
1.663601
1.671340
1.654001
1.663972
1.671133
1.655683
1.665782
1.670561
1.660669
1.672368
1.660976
1.672688
1.663459
1.675588
1.656249
1.667492
1.675657
1.652832
1.665908
1.673249
1.654806
1.664828
1.672239
1.657173
1.667331
1.671634
1.663449
1.675210
1.659061
1.669486
1.675899
1.658729
1.669096
1.676059
1.658069
1.668528
1.676241
1.656934
1.667669
1.675741
1.656878
1.667291
1.675235
1.657967
1.668063
1.675045
1.660201
1.670583
1.674337
1.667074
1.678919
1.659327
1.671168
1.679559
1.656250
1.669763
1.676833
1.659421
1.669431
1.676034
1.662786
1.673555
1.673508
1.675689
1.674785
1.681462
1.666796
1.677880
1.682501
1.666572
1.677407
1.681505
1.668472
1.680268
1.674394
1.685617
1.656992
1.674404
1.683674
1.653777
1.669807
1.676126
1.662925
1.672995
1.673612
1.675637
1.676315
1.680177
1.675959
1.688054
1.657693
1.670767
1.681989
1.663038
1.672214
1.675763
1.672629
1.681358
1.668449
1.679653
1.678165
1.682535
1.675101
1.688297
1.662843
1.681224
1.684236
1.669246
1.679921
1.678892
1.683004
1.677299
1.689823
1.661551
1.661551
1.679439
1.687776
1.659976
1.675219
1.681122
1.668955
1.679475
1.677294
1.683614
1.674040
1.686343
1.673183
1.684644
1.681767
1.688887
1.672074
1.683051
1.690427
1.667207
1.681832
1.687624
1.669724
1.680102
1.686653
1.671621
1.682308
1.685572
1.678803
1.690746
1.668408
1.683304
1.689547
1.669682
1.680594
1.688205
1.670386
1.680896
1.688182
1.671588
1.682055
1.687900
1.674877
1.686255
1.684087
1.690485
1.677112
1.688765
1.687487
1.691392
1.682999
1.696963
1.667665
1.684811
1.695755
1.661232
1.676432
1.685679
1.670612
1.680150
1.683174
1.681748
1.688396
1.680253
1.692848
1.675690
1.686652
1.694015
1.673740
1.685564
1.693562
1.672872
1.684505
1.692319
1.674199
1.684670
1.691732
1.676924
1.687688
1.690548
1.685695
1.696431
1.674924
1.689246
1.696099
1.674986
1.686757
1.694391
1.676223
1.686825
1.694039
1.678122
1.688736
1.693265
1.683980
1.696333
1.680649
1.691597
1.695807
1.684770
1.697284
1.683757
1.695562
1.690902
1.700771
1.676201
1.693888
1.696668
1.684429
1.696342
1.685925
1.698556
1.682153
1.693111
1.697842
1.684620
1.696542
1.691568
1.702389
1.675750
1.694949
1.697857
1.683830
1.695209
1.690831
1.700786
1.679655
1.693689
1.700610
1.678889
1.691374
1.698973
1.680265
1.691256
1.698934
1.681045
1.691885
1.698898
1.682847
1.693776
1.698855
1.687420
1.699901
1.689518
1.702521
1.683915
1.695397
1.702598
1.681802
1.694160
1.701935
1.681155
1.693216
1.701055
1.682044
1.693127
1.700787
1.683617
1.694503
1.700996
1.686338
1.697684
1.699414
1.697186
1.705544
1.686453
1.699271
1.707319
1.680652
1.698843
1.701246
1.691673
1.703769
1.687689
1.698872
1.703565
1.691945
1.704637
1.692916
1.705843
1.691581
1.703514
1.700185
1.708347
1.687181
1.701655
1.708103
1.685595
1.699388
1.705831
1.687327
1.698524
1.705683
1.688072
1.699248
1.705947
1.689279
1.700507
1.706146
1.692080
1.704011
1.702679
1.707691
1.697214
1.711175
1.690414
1.704106
1.709942
1.689209
1.701625
1.709065
1.687731
1.700687
1.708162
1.688099
1.699898
1.707749
1.688951
1.700401
1.708156
1.689610
1.701045
1.708595
1.690317
1.701735
1.709167
1.690916
1.702377
1.709739
1.691292
1.702815
1.710248
1.691465
1.703083
1.710677
1.691467
1.703216
1.710969
1.691535
1.703334
1.711151
1.691915
1.703603
1.711366
1.692602
1.704139
1.711706
1.693521
1.704954
1.712150
1.694720
1.706107
1.712551
1.696729
1.708296
1.711880
1.703921
1.717571
1.691001
1.710814
1.711547
1.704718
1.715959
1.694511
1.708820
1.716060
1.694565
1.707401
1.714547
1.696421
1.707810
1.714841
1.698251
1.709706
1.714684
1.702881
1.715918
1.704447
1.717879
1.701001
1.712664
1.716678
1.705277
1.718878
1.701559
1.713337
1.718169
1.703299
1.715577
1.713568
1.719986
1.703540
1.715615
1.720732
1.702496
1.714580
1.720537
1.700599
1.713373
1.720483
1.697740
1.712525
1.718285
1.700940
1.712562
1.717710
1.705264
1.718424
1.708410
1.722555
1.696797
1.715885
1.715839
1.712387
1.721091
1.702377
1.715196
1.723141
1.697370
1.715731
1.716922
1.711277
1.722897
1.698645
1.716868
1.718896
1.710381
1.723523
1.699241
1.717043
1.719825
1.709865
1.723346
1.701945
1.716127
1.722863
1.702852
1.715277
1.722535
1.703259
1.715521
1.723089
1.703231
1.715771
1.723320
1.703449
1.715962
1.723641
1.703771
1.716288
1.723925
1.704256
1.716651
1.724264
1.704890
1.717182
1.724726
1.705484
1.717751
1.725220
1.706042
1.718304
1.725721
1.706538
1.718819
1.726209
1.706966
1.719280
1.726665
1.707356
1.719699
1.727087
1.707745
1.720101
1.727485
1.708166
1.720514
1.727876
1.708632
1.720958
1.728278
1.709138
1.721437
1.728697
1.709670
1.721945
1.729130
1.710217
1.722474
1.729571
1.710778
1.723019
1.730010
1.711366
1.723587
1.730439
1.712027
1.724217
1.730838
1.712910
1.725047
1.731108
1.714637
1.726842
1.730215
1.722080
1.736740
1.705106
1.721787
1.735055
1.700109
1.717718
1.725625
1.711948
1.723341
1.723086
1.728340
1.723004
1.736366
1.708722
1.730020
1.731145
1.722983
1.735299
1.713585
1.728404
1.734985
1.715921
1.727939
1.734105
1.719016
1.731411
1.731690
1.733572
1.733031
1.739979
1.721430
1.735015
1.741360
1.715979
1.734892
1.732601
1.735059
1.730430
1.743354
1.708995
1.716113
1.731365
1.719750
1.728085
1.722926
1.734145
1.720332
1.732844
1.732136
1.736050
1.730070
1.744686
1.709361
1.711692
1.728592
1.725024
1.721504
1.727623
1.727910
1.735019
1.726825
1.740892
1.717528
1.734216
1.737358
1.728029
1.741669
1.719704
1.734780
1.739917
1.724095
1.736366
1.735675
1.739911
1.733129
1.748229
1.711913
1.713536
1.729495
1.728502
1.722198
1.729966
1.729871
1.737077
1.729245
1.742884
1.721109
1.735859
1.741600
1.726295
1.738618
1.738372
1.741419
1.737540
1.737540
1.749860
1.716862
1.729133
1.741362
1.724898
1.735802
1.732565
1.741600
1.728360
1.741128
1.737303
1.746890
1.724073
1.741108
1.744227
1.733385
1.747368
1.725513
1.740133
1.745228
1.729724
1.742234
1.740231
1.747096
1.731187
1.743780
1.746196
1.738939
1.753575
1.717092
1.719317
1.737299
1.730258
1.731917
1.733764
1.738446
1.738320
1.745877
1.732502
1.745687
1.739804
1.752630
1.720558
1.737510
1.751125
1.715872
1.734383
1.740307
1.729660
1.741178
1.735130
1.747110
1.729084
1.741394
1.748140
1.731969
1.744157
1.746712
1.742414
1.754177
1.726043
1.748206
1.745001
1.746961
1.742871
1.754224
1.728267
1.749570
1.744597
1.751116
1.734975
1.747361
1.749160
1.746786
1.756133
1.731356
1.751750
1.745691
1.754921
1.730061
1.748262
1.748951
1.745320
1.754736
1.733061
1.748662
1.752980
1.738402
1.751637
1.744302
1.758325
1.724932
1.739782
1.753354
1.725122
1.739828
1.745568
1.738148
1.750364
1.736562
1.749397
1.746367
1.755484
1.735286
1.749713
1.756082
1.736208
1.749159
1.754978
1.738863
1.751528
1.751808
1.753284
1.753879
1.758319
1.749461
1.766233
1.725484
1.726577
1.727190
1.737185
1.730092
1.735435
1.740278
1.743614
1.746359
1.748444
1.750830
1.752486
1.756021
1.754395
1.765161
1.734618
1.753944
1.765409
1.726583
1.741833
1.752977
1.736679
1.747480
1.749108
1.750983
1.753362
1.755138
1.757808
1.757678
1.764194
1.748748
1.761450
1.762368
1.758100
1.769443
1.736195
1.750488
1.764254
1.733778
1.749905
1.753222
1.748740
1.758350
1.746501
1.759576
1.750359
1.763912
1.741891
1.756834
1.761786
1.747904
1.760845
1.753202
1.766532
1.739523
1.760504
1.756050
1.761757
1.749948
1.763513
1.750723
1.764333
1.751166
1.764685
1.750595
1.763862
1.753854
1.768201
1.741673
1.762075
1.757252
1.764061
1.749046
1.761864
1.760193
1.766780
1.751366
1.764358
1.763039
1.767461
1.756780
1.772370
1.742867
1.765413
1.759413
1.765977
1.749375
1.762077
1.763732
1.762004
1.770377
1.748736
1.765268
1.766281
1.760651
1.773677
1.739562
1.752046
1.765269
1.743779
1.755151
1.759252
1.756522
1.766915
1.749166
1.762139
1.767354
1.753562
1.767283
1.758809
1.773782
1.741181
1.759810
1.771244
1.738141
1.757907
1.760817
1.756076
1.766406
1.753355
1.766762
1.761015
1.773819
1.745790
1.768246
1.763091
1.770225
1.754728
1.767649
1.767377
1.771249
1.765195
1.780267
1.742361
1.741567
1.749474
1.758644
1.746601
1.755123
1.759062
1.761953
1.764950
1.766572
1.770023
1.768716
1.778530
1.754313
1.776029
1.765914
1.779016
1.748882
1.770738
1.767444
1.771259
1.764856
1.778080
1.752321
1.772898
1.768437
1.775171
1.760501
1.773645
1.770174
1.780331
1.754338
1.775759
1.767856
1.779100
1.753118
1.772307
1.771424
1.772503
1.773095
1.777475
1.771275
1.787062
1.746583
1.745578
1.743433
1.756628
1.749271
1.753844
1.759395
1.763409
1.766197
1.768917
1.770826
1.773998
1.774546
1.780988
1.769464
1.784101
1.765396
1.778137
1.779773
1.773501
1.786471
1.755504
1.777294
1.779070
1.766843
1.779895
1.763821
1.776451
1.776608
1.778730
1.777553
1.785456
1.765421
1.780403
1.783699
1.770337
1.784715
1.766055
1.778957
1.781019
1.775077
1.788438
1.755177
1.772333
1.786031
1.749639
1.769013
1.774609
1.764398
1.776419
1.768250
1.781507
1.763984
1.776634
1.781091
1.771785
1.786229
1.762565
1.780255
1.779879
1.779030
1.783473
1.777450
1.792494
1.755724
1.758982
1.779586
1.760823
1.770193
1.770758
1.776375
1.775180
1.783998
1.769944
1.783150
1.779024
1.789610
1.765130
1.784850
1.780710
1.787141
1.771752
1.784858
1.781901
1.790617
1.768630
1.784840
1.786372
1.780090
1.793100
1.762818
1.785666
1.782224
1.784424
1.780101
1.791896
1.765989
1.787778
1.779171
1.791046
1.764845
1.783890
1.783005
1.784622
1.784449
1.790708
1.778536
1.793582
1.773923
1.787619
1.789597
1.782660
1.797141
1.762088
1.774143
1.787387
1.767453
1.779041
1.780805
1.783150
1.785849
1.787669
1.790408
1.789399
1.798423
1.771495
1.796213
1.776633
1.789279
1.782635
1.794564
1.769317
1.788934
1.785325
1.791666
1.777756
1.791752
1.783084
1.798375
1.765119
1.784207
1.794937
1.763393
1.783084
1.784168
1.783578
1.789668
1.784106
1.798236
1.769014
1.792330
1.786152
1.794043
1.777628
1.790679
1.791971
1.792234
1.796673
1.789818
1.805968
1.765507
1.763219
1.760977
1.774908
1.767455
1.772481
1.778018
1.782024
1.785075
1.787828
1.790088
1.792932
1.794409
1.798889
1.793684
1.808735
1.770211
1.770143
1.780966
1.788231
1.772796
1.782259
1.786682
1.788167
1.792452
1.791181
1.798848
1.787109
1.800930
1.789335
1.803416
1.784552
1.797177
1.799896
1.792802
1.805957
1.779108
1.800549
1.792379
1.803037
1.781139
1.795088
1.800331
1.788292
1.801989
1.787348
1.787348
1.800604
1.793437
1.806593
1.778959
1.800980
1.792615
1.803477
1.781853
1.795789
1.801216
1.788940
1.802833
1.788622
1.802207
1.792860
1.807208
1.780409
1.801388
1.794268
1.804449
1.783398
1.797330
1.802662
1.790046
1.804180
1.789673
1.803399
1.794028
1.808634
1.780434
1.802837
1.793519
1.805343
1.782841
1.797687
1.802554
1.791838
1.806247
1.786534
1.800137
1.804043
1.794739
1.809597
1.782921
1.804417
1.795633
1.807720
1.783217
1.800445
1.802116
1.798676
1.808766
1.787946
1.803161
1.806424
1.796938
1.812097
1.783057
1.806459
1.795621
1.808457
1.784752
1.800610
1.804394
1.796719
1.810826
1.785043
1.805505
1.799768
1.809477
1.788545
1.803117
1.807836
1.796300
1.811347
1.790041
1.804977
1.807621
1.800908
1.815143
1.783632
1.806249
1.806009
1.800777
1.811206
1.791357
1.805799
1.810383
1.798476
1.813703
1.791530
1.807376
1.808671
1.805366
1.815995
1.790008
1.812407
1.799142
1.813604
1.789200
1.806124
1.807461
1.805380
1.814211
1.795638
1.809876
1.812451
1.805410
1.820808
1.783284
1.787240
1.807590
1.787039
1.798034
1.800032
1.804247
1.805680
1.811653
1.804645
1.820426
1.786270
1.801902
1.816581
1.784230
1.803248
1.804874
1.804502
1.810765
1.805884
1.819477
1.792380
1.815327
1.804736
1.817710
1.794969
1.810174
1.814585
1.805414
1.819934
1.796294
1.813806
1.813558
1.814190
1.816780
1.816850
1.823593
1.807123
1.821089
1.818218
1.825499
1.802441
1.820981
1.814439
1.826559
1.792350
1.812120
1.822025
1.791107
1.811235
1.810091
1.813527
1.812404
1.821650
1.804322
1.818196
1.819983
1.816230
1.828207
1.796802
1.819904
1.818383
1.814739
1.822856
1.806982
1.821038
1.818146
1.827493
1.801710
1.823629
1.810208
1.824879
1.800505
1.817704
1.818133
1.817992
1.823024
1.816233
1.832690
1.792768
1.789723
1.792031
1.802660
1.797110
1.803586
1.808427
1.812290
1.815353
1.818097
1.820296
1.823200
1.823964
1.830090
1.816849
1.832038
1.813044
1.826725
1.823410
1.830789
1.810784
1.825470
1.827044
1.821610
1.835105
1.799663
1.813557
1.828393
1.798177
1.815059
1.818152
1.816111
1.825136
1.813474
1.828400
1.812514
1.826378
1.821268
1.833424
1.804795
1.828804
1.815040
1.828830
1.808939
1.822417
1.826240
1.820281
1.834206
1.805272
1.829247
1.816600
1.830161
1.809176
1.823181
1.827936
1.819110
1.834157
1.807978
1.829066
1.820775
1.833198
1.808473
1.826666
1.826280
1.827922
1.828640
1.833762
1.825688
1.842806
1.802676
1.800001
1.805164
1.815321
1.806489
1.814766
1.818566
1.822689
1.824715
1.828943
1.827282
1.837449
1.815688
1.833263
1.831851
1.833843
1.831105
1.841764
1.814096
1.838609
1.819173
1.832163
1.825701
1.837545
1.815256
1.831340
1.833411
1.828293
1.840427
1.814111
1.836162
1.825004
1.838946
1.813172
1.831685
1.830129
1.833953
1.829297
1.842690
1.812512
1.837015
1.825405
1.838365
1.815140
1.830526
1.834486
1.827216
1.841393
1.814988
1.836348
1.827552
1.840253
1.815635
1.833491
1.833517
1.834314
1.837086
1.837035
1.844219
1.826778
1.841097
1.839445
1.843512
1.832584
1.849607
1.813339
1.825360
1.839946
1.813009
1.827189
1.832296
1.827688
1.839947
1.821145
1.835234
1.838143
1.832979
1.846436
1.816844
1.841723
1.827140
1.841011
1.821865
1.835375
1.837857
1.836079
1.845455
1.825318
1.840645
1.841749
1.838673
1.849231
1.822211
1.846356
1.826461
1.839919
1.834468
1.845965
1.822671
1.840607
1.839159
1.842933
1.837061
1.852241
1.816216
1.827884
1.842106
1.820677
1.833242
1.835820
1.837533
1.842351
1.839660
1.852075
1.821287
1.845841
1.836351
1.848050
1.823838
1.840744
1.842633
1.839963
1.849841
1.829482
1.844909
1.846418
1.842896
1.854380
1.825371
1.850649
1.831136
1.844563
1.837559
1.850473
1.826759
1.844972
1.843356
1.847620
1.840948
1.856492
1.821924
1.839845
1.853748
1.817449
1.839263
1.839446
1.840358
1.844756
1.844364
1.853020
1.836524
1.850722
1.849079
1.854897
1.841286
1.856737
1.838112
1.852244
1.848383
1.857844
1.832429
1.853774
1.841106
1.856250
1.828700
1.849777
1.842016
1.854395
1.830373
1.848056
1.848048
1.849552
1.851306
1.854484
1.853076
1.863944
1.830439
1.848625
1.863174
1.819571
1.830604
1.843636
1.835343
1.845757
1.840477
1.853049
1.837651
1.851646
1.849867
1.857487
1.842924
1.857543
1.848797
1.864384
1.830281
1.852582
1.854938
1.842983
1.857151
1.840653
1.854640
1.852422
1.860585
1.843466
1.857610
1.855950
1.862165
1.847820
1.862984
1.848137
1.863457
1.843502
1.857806
1.856534
1.861034
1.852652
1.869605
1.831088
1.835806
1.855130
1.834642
1.846453
1.848121
1.853024
1.853056
1.861507
1.847084
1.861884
1.852196
1.868041
1.836099
1.860888
1.849648
1.862371
1.840540
1.855226
1.859458
1.852646
1.867109
1.839626
1.862623
1.849447
1.849447
1.863623
1.843688
1.857668
1.860689
1.856820
1.869011
1.842345
1.865407
1.850189
1.864587
1.847325
1.861273
1.858565
1.867824
1.848052
1.863023
1.864152
1.862107
1.871250
1.848912
1.867073
1.861275
1.872710
1.841986
1.867177
1.850625
1.864832
1.850001
1.864596
1.854345
1.869983
1.844235
1.864703
1.856868
1.869601
1.844285
1.863842
1.859998
1.868638
1.850930
1.865375
1.864689
1.869522
1.860973
1.878166
1.839813
1.845367
1.863410
1.844841
1.856980
1.856373
1.864464
1.857488
1.872836
1.846158
1.868311
1.857085
1.871115
1.849066
1.864512
1.867636
1.862527
1.875722
1.848243
1.871800
1.856549
1.870975
1.854432
1.868657
1.863828
1.876212
1.849690
1.871914
1.859798
1.874372
1.850577
1.867467
1.868467
1.868236
1.874195
1.865055
1.882120
1.846614
1.863982
1.878253
1.842241
1.864388
1.862935
1.866863
1.866259
1.874936
1.861800
1.877176
1.862393
1.877408
1.862785
1.877904
1.861354
1.875908
1.866959
1.882328
1.850351
1.875283
1.862819
1.876428
1.855216
1.869774
1.873308
1.868550
1.881738
1.854248
1.877904
1.861914
1.876294
1.861400
1.876032
1.865851
1.881464
1.855271
1.876090
1.867245
1.880495
1.855663
1.874230
1.872338
1.877682
1.869307
1.885441
1.853869
1.879030
1.865519
1.879403
1.858609
1.873017
1.876196
1.872665
1.884720
1.858697
1.880988
1.867035
1.881972
1.860410
1.875391
1.877572
1.875057
1.885498
1.862351
1.881208
1.874756
1.887038
1.857339
1.882021
1.865564
1.879947
1.865894
1.880818
1.867780
1.883317
1.865428
1.879964
1.876613
1.886512
1.863641
1.881875
1.877503
1.887244
1.863110
1.882364
1.875856
1.888445
1.858780
1.883403
1.867326
1.881908
1.866983
1.881909
1.871616
1.887555
1.861136
1.882570
1.872259
1.886610
1.861360
1.880435
1.877623
1.885069
1.871490
1.887262
1.871135
1.886350
1.874890
1.891257
1.861395
1.885986
1.868920
1.883384
1.871176
1.886548
1.868186
1.882971
1.881739
1.888157
1.876054
1.892830
1.866276
1.888789
1.871447
1.886255
1.873022
1.888692
1.869636
1.884586
1.883178
1.889665
1.876851
1.893525
1.868963
1.888799
1.877659
1.893223
1.862604
1.887059
1.873019
1.887876
1.868831
1.883553
1.883687
1.888376
1.883482
1.899161
1.860331
1.862816
1.885404
1.861200
1.873516
1.878097
1.879852
1.886504
1.882349
1.896632
1.866422
1.891870
1.875907
1.890193
1.875165
1.889944
1.880819
1.896303
1.869697
1.891186
1.881183
1.895165
1.871103
1.888718
1.888434
1.891083
1.890603
1.898958
1.880168
1.895663
1.892608
1.900779
1.877696
1.896283
1.888222
1.902618
1.867327
1.889675
1.892689
1.879863
1.895006
1.877376
1.892172
1.889404
1.899119
1.877574
1.894432
1.892210
1.898683
1.884325
1.900346
1.882151
1.897250
1.888693
1.904437
1.868279
1.888109
1.899001
1.867975
1.888720
1.886079
1.893289
1.885534
1.901241
1.875026
1.896900
1.885043
1.899838
1.876576
1.893261
1.894222
1.894670
1.899876
1.893456
1.910124
1.870536
1.872552
1.895688
1.870926
1.882967
1.887651
1.889290
1.895756
1.892417
1.905294
1.879741
1.901351
1.889918
1.904266
1.880884
1.897171
1.898283
1.897623
1.904281
1.893526
1.910228
1.880922
1.905824
1.884848
1.898524
1.894555
1.904292
1.888190
1.902947
1.897502
1.910390
1.880653
1.905776
1.887047
1.901030
1.892454
1.906461
1.884423
1.900526
1.901373
1.901209
1.906912
1.898281
1.915369
1.879025
1.896809
1.910509
1.875327
1.897430
1.894164
1.900902
1.895219
1.908875
1.887399
1.903279
1.903959
1.903735
1.909314
1.901257
1.917870
1.882353
1.903308
1.910273
1.885482
1.900340
1.903708
1.900628
1.911554
1.892538
1.907076
1.907066
1.908578
1.909815
1.913323
1.909504
1.923454
1.884628
1.890209
1.908715
1.885258
1.897602
1.900496
1.902617
1.907060
1.906289
1.914953
1.897885
1.912196
1.908608
1.917663
1.895810
1.911824
1.910357
1.913245
1.909080
1.922219
1.889814
1.915859
1.897697
1.911466
1.897777
1.912275
1.899410
1.914510
1.898283
1.912776
1.904585
1.919090
1.891230
1.914015
1.900256
1.914575
1.895861
1.909894
1.909712
1.913929
1.909843
1.923273
1.892376
1.918616
1.897101
1.910540
1.906421
1.916047
1.901561
1.916488
1.906689
1.922175
1.893845
1.916732
1.902563
1.916851
1.899557
1.913708
1.910611
1.920216
1.901553
1.916165
1.915315
1.919098
1.913822
1.928612
1.893419
1.915469
1.919272
1.900853
1.914884
1.911044
1.922043
1.901712
1.916964
1.917321
1.917562
1.921926
1.916799
1.932103
1.894358
1.907070
1.922345
1.893321
1.908992
1.912983
1.910989
1.920706
1.908123
1.923362
1.907874
1.922548
1.911724
1.926984
1.902401
1.920348
1.916694
1.924071
1.910378
1.925665
1.910677
1.925837
1.910319
1.925281
1.911229
1.926590
1.907916
1.922329
1.918839
1.928264
1.907601
1.923132
1.922323
1.925173
1.922111
1.934409
1.902503
1.929125
1.929125
1.906889
1.920633
1.915405
1.926457
1.908452
1.923135
1.921943
1.927483
1.917640
1.934406
1.902563
1.928760
1.907753
1.921476
1.916190
1.927620
1.909766
1.924441
1.923190
1.928996
1.918719
1.935403
1.905168
1.930782
1.908470
1.922313
1.919903
1.927605
1.917274
1.933448
1.908871
1.927739
1.920775
1.932635
1.909196
1.926466
1.925364
1.929153
1.924880
1.938539
1.906872
1.933285
1.912365
1.926157
1.919784
1.932058
1.912878
1.927713
1.928110
1.929858
1.931258
1.934809
1.931512
1.945130
1.907122
1.917449
1.932333
1.907761
1.921302
1.924975
1.924648
1.932926
1.921923
1.937999
1.914308
1.931743
1.927927
1.935921
1.920610
1.935678
1.925033
1.941017
1.911338
1.935553
1.917805
1.931957
1.921855
1.936464
1.916739
1.931452
1.931760
1.933722
1.934877
1.939240
1.933537
1.949640
1.909508
1.914196
1.933899
1.910218
1.922652
1.926161
1.928247
1.933397
1.931806
1.941972
1.921811
1.936998
1.936358
1.938215
1.937983
1.944451
1.930531
1.946514
1.923810
1.939690
1.935092
1.944205
1.923218
1.938592
1.937714
1.940459
1.937404
1.949383
1.918560
1.945507
1.918744
1.934320
1.931616
1.938187
1.930642
1.946087
1.918785
1.941231
1.926375
1.940885
1.923881
1.938274
1.933856
1.945357
1.922816
1.939571
1.937827
1.942404
1.935714
1.951162
1.918795
1.945111
1.924844
1.938553
1.931210
1.944138
1.925483
1.940094
1.939902
1.943155
1.940732
1.951886
1.925484
1.948603
1.928593
1.942768
1.934732
1.948399
1.924841
1.942178
1.940325
1.945267
1.937945
1.953524
1.922398
1.948444
1.926957
1.940684
1.936378
1.946448
1.931608
1.946718
1.937176
1.952609
1.924412
1.946846
1.933400
1.947807
1.929075
1.943432
1.942273
1.948402
1.939243
1.955526
1.925774
1.950657
1.930026
1.943882
1.938858
1.949868
1.932612
1.947324
1.943861
1.953541
1.932795
1.948329
1.947130
1.950908
1.945552
1.960220
1.925906
1.951261
1.938632
1.951656
1.929767
1.944734
1.946924
1.945748
1.954097
1.938813
1.954249
1.940917
1.957005
1.931720
1.950244
1.943936
1.955217
1.932465
1.949061
1.948126
1.951691
1.948045
1.960974
1.930481
1.956922
1.931920
1.946560
1.944799
1.950653
1.945104
1.959737
1.931166
1.955353
1.936218
1.950374
1.942212
1.955935
1.935526
1.950640
1.951018
1.952412
1.954764
1.955963
1.959975
1.953984
1.970258
1.929168
1.933196
1.953945
1.928156
1.940875
1.945379
1.945919
1.953186
1.947550
1.961544
1.936796
1.955556
1.949964
1.959433
1.942308
1.956633
1.952456
1.962747
1.941329
1.956775
1.956093
1.958122
1.957671
1.964584
1.950035
1.965749
1.946079
1.960646
1.953759
1.966688
1.937755
1.961457
1.943455
1.957821
1.946216
1.961108
1.942129
1.956719
1.955099
1.961283
1.951053
1.967368
1.939238
1.962153
1.944920
1.959363
1.946535
1.961548
1.945291
1.960158
1.951881
1.966384
1.939974
1.960208
1.951876
1.964480
1.942232
1.957930
1.958732
1.959081
1.963934
1.958415
1.973473
1.938996
1.964608
1.950505
1.963836
1.944094
1.958465
1.958814
1.962458
1.960706
1.970784
1.948374
1.965582
1.960300
1.970256
1.947402
1.963983
1.961708
1.967219
1.956988
1.973502
1.943592
1.968310
1.947019
1.961036
1.956510
1.966914
1.950753
1.965767
1.958649
1.972642
1.944362
1.967075
1.952486
1.967100
1.949465
1.964016
1.959736
1.970826
1.949985
1.965502
1.964627
1.967963
1.964796
1.976855
1.948577
1.973165
1.949891
1.964254
1.961076
1.969198
1.957253
1.973260
1.952364
1.967577
1.964970
1.971758
1.959305
1.975580
1.952331
1.969090
1.964671
1.973690
1.954891
1.969951
1.966304
1.976001
1.953773
1.970434
1.966899
1.974934
1.957130
1.972367
1.965328
1.979507
1.947463
1.973519
1.952361
1.966594
1.960984
1.972803
1.954846
1.969914
1.966877
1.976035
1.957394
1.972595
1.968387
1.978865
1.954882
1.973303
1.966752
1.978705
1.952981
1.972678
1.965206
1.977858
1.953311
1.971371
1.968167
1.975848
1.962076
1.978124
1.960115
1.975387
1.966201
1.981433
1.952223
1.975610
1.959761
1.974662
1.958962
1.974129
1.964331
1.979789
1.955410
1.973367
1.969653
1.977862
1.963379
1.979201
1.964303
1.980237
1.961348
1.976470
1.969763
1.983203
1.956031
1.977662
1.965377
1.980237
1.957368
1.973430
1.973598
1.976148
1.976787
1.982791
1.972319
1.989841
1.954930
1.980992
1.963060
1.977395
1.962849
1.977968
1.966419
1.982121
1.961654
1.976907
1.974974
1.981425
1.971182
1.987723
1.959494
1.982279
1.965144
1.979997
1.965908
1.981221
1.966820
1.982418
1.967167
1.982690
1.967917
1.983558
1.966873
1.982200
1.971122
1.986869
1.961267
1.980148
1.974239
1.985112
1.964832
1.980238
1.978847
1.984397
1.975576
1.992075
1.959995
1.986025
1.963830
1.978050
1.973583
1.983951
1.969161
1.984739
1.973076
1.988982
1.964149
1.981980
1.977943
1.986445
1.971333
1.986981
1.986981
