0.335832
0.346115
0.347445
0.348623
0.349549
0.350245
0.350778
0.351203
0.351557
0.351859
0.352119
0.352342
0.352527
0.352672
0.352772
0.352825
0.352825
0.352772
0.352665
0.352502
0.352283
0.352006
0.351668
0.351263
0.350787
0.350234
0.349601
0.348883
0.348078
0.347181
0.346189
0.345102
0.343915
0.342628
0.341235
0.339734
0.338121
0.336390
0.334538
0.332559
0.330448
0.328200
0.325807
0.323260
0.320542
0.317631
0.314487
0.311057
0.307264
0.303010
0.298175
0.292625
0.286227
0.278919
0.270896
0.262834
0.255635
0.249576
0.244465
0.240520
0.238515
0.238784
0.241037
0.244776
0.249466
0.254664
0.260148
0.265872
0.271850
0.278089
0.284568
0.291240
0.298050
0.304937
0.311853
0.318758
0.325619
0.332415
0.339128
0.345751
0.352283
0.358728
0.365093
0.371386
0.377616
0.383793
0.389925
0.396021
0.402090
0.408139
0.414176
0.420210
0.426245
0.432289
0.438346
0.444421
0.450516
0.456635
0.462778
0.468948
0.475144
0.481367
0.487616
0.493889
0.500187
0.506507
0.512844
0.519191
0.525540
0.531887
0.538231
0.544573
0.550913
0.557250
0.563582
0.569904
0.576200
0.582444
0.588627
0.594748
0.600817
0.606839
0.612819
0.618763
0.624672
0.630549
0.636395
0.642210
0.647995
0.653749
0.659471
0.665161
0.670819
0.676444
0.682035
0.687591
0.693110
0.698586
0.704014
0.709385
0.714693
0.719943
0.725151
0.730338
0.735513
0.740669
0.745789
0.750853
0.755841
0.760737
0.765531
0.770219
0.774806
0.779297
0.783697
0.788003
0.792214
0.796329
0.800347
0.804271
0.808102
0.811843
0.815496
0.819062
0.822544
0.825942
0.829258
0.832490
0.835639
0.838705
0.841685
0.844579
0.847386
0.850117
0.852780
0.855573
0.858298
0.860929
0.863517
0.866106
0.868772
0.871492
0.873886
0.875820
0.877474
0.879268
0.881638
0.883172
0.884721
0.886116
0.887763
0.889503
0.890186
0.892508
0.891858
0.894406
0.896715
0.897944
0.898600
0.898382
0.898249
0.899078
0.900677
0.902578
0.904258
0.905821
0.907369
0.908839
0.910267
0.911671
0.913039
0.914382
0.915700
0.916992
0.918262
0.919507
0.920730
0.921930
0.923107
0.924262
0.925396
0.926508
0.927598
0.928669
0.929719
0.930751
0.931764
0.932760
0.933740
0.934705
0.935657
0.936596
0.937524
0.938443
0.939351
0.940250
0.941138
0.942012
0.942870
0.943707
0.944521
0.945308
0.946068
0.946799
0.947502
0.948178
0.948826
0.949447
0.950043
0.950613
0.951159
0.951681
0.952180
0.952658
0.953115
0.953552
0.953972
0.954375
0.954763
0.955137
0.955499
0.955849
0.956190
0.956522
0.956848
0.957167
0.957482
0.957793
0.958101
0.958408
0.958714
0.959022
0.959331
0.959643
0.959960
0.960283
0.960613
0.960952
0.961302
0.961663
0.962038
0.962427
0.962829
0.963243
0.963667
0.964098
0.964530
0.964962
0.965389
0.965811
0.966227
0.966638
0.967045
0.967447
0.967845
0.968238
0.968628
0.969016
0.969404
0.969797
0.970196
0.970603
0.971019
0.971445
0.971878
0.972316
0.972752
0.973172
0.973561
0.973898
0.974156
0.974316
0.974366
0.974319
0.974207
0.974083
0.973995
0.973975
0.974030
0.974150
0.974321
0.974531
0.974774
0.975045
0.975340
0.975658
0.975995
0.976348
0.976717
0.977097
0.977487
0.977884
0.978288
0.978695
0.979104
0.979514
0.979924
0.980331
0.980735
0.981136
0.981532
0.981923
0.982309
0.982690
0.983065
0.983434
0.983798
0.984155
0.984507
0.984852
0.985192
0.985525
0.985853
0.986173
0.986488
0.986796
0.987097
0.987392
0.987681
0.987962
0.988237
0.988505
0.988766
0.989020
0.989266
0.989506
0.989739
0.989964
0.990183
0.990394
0.990598
0.990794
0.990984
0.991166
0.991342
0.991510
0.991672
0.991827
0.991975
0.992117
0.992253
0.992382
0.992505
0.992623
0.992735
0.992841
0.992943
0.993039
0.993130
0.993217
0.993300
0.993378
0.993452
0.993523
0.993590
0.993654
0.993714
0.993772
0.993827
0.993879
0.993929
0.993977
0.994023
0.994067
0.994109
0.994150
0.994190
0.994229
0.994266
0.994303
0.994338
0.994374
0.994408
0.994442
0.994476
0.994509
0.994542
0.994575
0.994607
0.994639
0.994671
0.994702
0.994733
0.994764
0.994794
0.994823
0.994852
0.994879
0.994905
0.994930
0.994954
0.994975
0.994995
0.995013
0.995029
0.995042
0.995053
0.995061
0.995066
0.995068
0.995067
0.995064
0.995057
0.995047
0.995034
0.995018
0.994999
0.994977
0.994953
0.994926
0.994897
0.994865
0.994831
0.994795
0.994757
0.994718
0.994677
0.994635
0.994591
0.994547
0.994502
0.994457
0.994411
0.994365
0.994318
0.994272
0.994226
0.994180
0.994134
0.994089
0.994045
0.994001
0.993957
0.993915
0.993873
0.993832
0.993792
0.993753
0.993715
0.993678
0.993642
0.993607
0.993573
0.993540
0.993508
0.993478
0.993448
0.993419
0.993391
0.993365
0.993339
0.993314
0.993290
0.993268
0.993246
0.993225
0.993205
0.993186
0.993167
0.993150
0.993150
0.993133
0.993118
0.993103
0.993088
0.993075
0.993062
0.993050
0.993039
0.993028
0.993018
0.993008
0.992999
0.992991
0.992983
0.992976
0.992969
0.992963
0.992958
0.992952
0.992948
0.992943
0.992939
0.992936
0.992933
0.992930
0.992928
0.992926
0.992924
0.992923
0.992921
0.992921
0.992920
0.992920
0.992920
0.992920
0.992920
0.992921
0.992922
0.992922
0.992924
0.992925
0.992926
0.992928
0.992930
0.992932
0.992933
0.992935
0.992938
0.992940
0.992942
0.992945
0.992947
0.992949
0.992952
0.992955
0.992957
0.992960
0.992962
0.992965
0.992968
0.992970
0.992973
0.992975
0.992978
0.992980
0.992983
0.992985
0.992988
0.992990
0.992992
0.992995
0.992997
0.992999
0.993001
0.993003
0.993005
0.993006
0.993008
0.993010
0.993011
0.993012
0.993014
0.993015
0.993016
0.993017
0.993017
0.993018
0.993018
0.993019
0.993019
0.993019
0.993019
0.993018
0.993018
0.993017
0.993016
0.993015
0.993014
0.993013
0.993012
0.993010
0.993008
0.993006
0.993004
0.993002
0.992999
0.992996
0.992993
0.992990
0.992987
0.992984
0.992980
0.992976
0.992972
0.992968
0.992963
0.992958
0.992954
0.992948
0.992943
0.992938
0.992932
0.992926
0.992920
0.992914
0.992907
0.992901
0.992894
0.992887
0.992879
0.992872
0.992864
0.992856
0.992848
0.992840
0.992831
0.992823
0.992814
0.992805
0.992795
0.992786
0.992776
0.992766
0.992756
0.992746
0.992736
0.992725
0.992715
0.992704
0.992693
0.992681
0.992670
0.992658
0.992647
0.992635
0.992623
0.992610
0.992598
0.992585
0.992573
0.992560
0.992547
0.992534
0.992521
0.992507
0.992494
0.992480
0.992466
0.992452
0.992438
0.992424
0.992410
0.992396
0.992381
0.992367
0.992352
0.992337
0.992322
0.992307
0.992292
0.992277
0.992262
0.992246
0.992231
0.992215
0.992200
0.992184
0.992169
0.992153
0.992137
0.992121
0.992105
0.992089
0.992073
0.992057
0.992041
0.992025
0.992009
0.991992
0.991976
0.991960
0.991944
0.991927
0.991911
0.991895
0.991878
0.991862
0.991846
0.991829
0.991813
0.991797
0.991780
0.991764
0.991747
0.991731
0.991715
0.991699
0.991682
0.991666
0.991650
0.991634
0.991618
0.991601
0.991585
0.991569
0.991553
0.991537
0.991521
0.991506
0.991490
0.991474
0.991458
0.991443
0.991427
0.991411
0.991396
0.991380
0.991365
0.991350
0.991334
0.991319
0.991304
0.991289
0.991274
0.991259
0.991244
0.991229
0.991215
0.991200
0.991185
0.991171
0.991156
0.991142
0.991127
0.991113
0.991099
0.991085
0.991071
0.991057
0.991043
0.991029
0.991015
0.991001
0.990987
0.990973
0.990960
0.990946
0.990933
0.990919
0.990905
0.990892
0.990879
0.990865
0.990852
0.990839
0.990825
0.990812
0.990799
0.990786
0.990772
0.990759
0.990746
0.990733
0.990720
0.990707
0.990694
0.990681
0.990668
0.990655
0.990642
0.990629
0.990616
0.990603
0.990590
0.990577
0.990564
0.990551
0.990538
0.990525
0.990512
0.990499
0.990486
0.990473
0.990460
0.990447
0.990434
0.990421
0.990408
0.990395
0.990382
0.990369
0.990356
0.990342
0.990329
0.990316
0.990303
0.990290
0.990276
0.990263
0.990249
0.990236
0.990222
0.990209
0.990195
0.990181
0.990167
0.990154
0.990139
0.990125
0.990111
0.990097
0.990082
0.990067
0.990052
0.990037
0.990022
0.990007
0.989992
0.989976
0.989960
0.989944
0.989928
0.989911
0.989895
0.989878
0.989861
0.989844
0.989826
0.989808
0.989790
0.989772
0.989753
0.989734
0.989715
0.989695
0.989675
0.989654
0.989633
0.989611
0.989588
0.989565
0.989541
0.989515
0.989489
0.989461
0.989431
0.989400
0.989365
0.989327
0.989283
0.989232
0.989169
0.989089
0.988992
0.988882
0.988766
0.988669
0.988567
0.988604
0.988613
0.988631
0.988652
0.988680
0.988705
0.988724
0.988738
0.988745
0.988749
0.988751
0.988749
0.988743
0.988730
0.988702
0.988645
0.988558
0.988567
0.988554
0.988534
0.988493
0.988430
0.988497
0.988490
0.988485
0.988474
0.988445
0.988381
0.988456
0.988421
0.988404
0.988375
0.988328
0.988401
0.988375
0.988355
0.988310
0.988286
0.988227
0.988302
0.988263
0.988242
0.988189
0.988283
0.988252
0.988236
0.988177
0.988259
0.988225
0.988205
0.988141
0.988222
0.988190
0.988171
0.988102
0.988179
0.988150
0.988132
0.988070
0.988149
0.988121
0.988104
0.988059
0.988023
0.988053
0.988046
0.988008
0.988058
0.988057
0.988035
0.988077
0.988081
0.988052
0.988073
0.988070
0.988038
0.988059
0.988053
0.988021
0.988039
0.988036
0.988002
0.988023
0.988017
0.987985
0.988003
0.988000
0.987965
0.987987
0.987981
0.987950
0.987968
0.987966
0.987929
0.987952
0.987946
0.987915
0.987930
0.987930
0.987892
0.987916
0.987909
0.987882
0.987893
0.987896
0.987850
0.987874
0.987862
0.987840
0.987831
0.987829
0.987838
0.987831
0.987834
0.987803
0.987853
0.987829
0.987802
0.987806
0.987808
0.987790
0.987790
0.987762
0.987780
0.987767
0.987809
0.987797
0.987780
0.987778
0.987773
0.987782
0.987775
0.987810
0.987801
0.987791
0.987781
0.987765
0.987771
0.987754
0.987797
0.987782
0.987751
0.987749
0.987743
0.987753
0.987747
0.987781
0.987770
0.987767
0.987755
0.987735
0.987733
0.987717
0.987741
0.987731
0.987765
0.987754
0.987745
0.987720
0.987734
0.987715
0.987734
0.987721
0.987742
0.987732
0.987752
0.987741
0.987754
0.987741
0.987755
0.987741
0.987750
0.987736
0.987747
0.987733
0.987742
0.987728
0.987738
0.987723
0.987732
0.987717
0.987726
0.987712
0.987720
0.987706
0.987714
0.987700
0.987708
0.987694
0.987702
0.987688
0.987696
0.987682
0.987689
0.987675
0.987683
0.987669
0.987676
0.987662
0.987670
0.987656
0.987664
0.987652
0.987660
0.987648
0.987656
0.987645
0.987653
0.987642
0.987650
0.987640
0.987647
0.987637
0.987644
0.987634
0.987641
0.987630
0.987637
0.987626
0.987632
0.987621
0.987627
0.987615
0.987620
0.987608
0.987613
0.987601
0.987607
0.987594
0.987601
0.987590
0.987597
0.987587
0.987595
0.987586
0.987594
0.987586
0.987594
0.987585
0.987593
0.987585
0.987593
0.987585
0.987592
0.987584
0.987591
0.987583
0.987589
0.987582
0.987587
0.987581
0.987586
0.987581
0.987586
0.987582
0.987587
0.987584
0.987588
0.987586
0.987590
0.987588
0.987591
0.987590
0.987592
0.987591
0.987593
0.987592
0.987593
0.987592
0.987594
0.987593
0.987593
0.987593
0.987593
0.987592
0.987592
0.987591
0.987591
0.987590
0.987589
0.987587
0.987586
0.987585
0.987583
0.987582
0.987580
0.987578
0.987576
0.987575
0.987573
0.987571
0.987569
0.987567
0.987565
0.987564
0.987562
0.987560
0.987558
0.987556
0.987554
0.987552
0.987551
0.987549
0.987547
0.987545
0.987544
0.987542
0.987541
0.987539
0.987537
0.987536
0.987535
0.987533
0.987532
0.987531
0.987529
0.987528
0.987527
0.987526
0.987525
0.987524
0.987523
0.987523
0.987522
0.987521
0.987521
0.987521
0.987520
0.987520
0.987520
0.987520
0.987520
0.987520
0.987520
0.987521
0.987521
0.987521
0.987522
0.987522
0.987523
0.987524
0.987524
0.987525
0.987526
0.987527
0.987527
0.987528
0.987529
0.987530
0.987531
0.987532
0.987533
0.987534
0.987535
0.987536
0.987537
0.987538
0.987539
0.987541
0.987542
0.987543
0.987544
0.987545
0.987546
0.987547
0.987549
0.987550
0.987551
0.987552
0.987553
0.987554
0.987556
0.987557
0.987558
0.987559
0.987560
0.987562
0.987563
0.987564
0.987565
0.987567
0.987568
0.987569
0.987571
0.987572
0.987573
0.987574
0.987576
0.987577
0.987579
0.987580
0.987581
0.987583
0.987584
0.987585
0.987587
0.987588
0.987590
0.987591
0.987592
0.987594
0.987595
0.987597
0.987598
0.987599
0.987601
0.987602
0.987604
0.987605
0.987606
0.987608
0.987609
0.987610
0.987612
0.987613
0.987615
0.987616
0.987617
0.987619
0.987620
0.987621
0.987623
0.987624
0.987625
0.987626
0.987628
0.987629
0.987630
0.987631
0.987632
0.987634
0.987635
0.987636
0.987637
0.987638
0.987639
0.987640
0.987641
0.987642
0.987642
0.987643
0.987644
0.987645
0.987646
0.987646
0.987647
0.987648
0.987648
0.987649
0.987649
0.987650
0.987650
0.987651
0.987651
0.987652
0.987652
0.987653
0.987653
0.987653
0.987654
0.987654
0.987654
0.987655
0.987655
0.987655
0.987656
0.987656
0.987656
0.987657
0.987657
0.987657
0.987658
0.987658
0.987658
0.987659
0.987659
0.987659
0.987660
0.987660
0.987660
0.987660
0.987661
0.987661
0.987661
0.987662
0.987662
0.987662
0.987663
0.987663
0.987663
0.987663
0.987664
0.987664
0.987664
0.987664
0.987665
0.987665
0.987665
0.987665
0.987665
0.987666
0.987666
0.987666
0.987666
0.987666
0.987666
0.987666
0.987667
0.987667
0.987667
0.987667
0.987667
0.987667
0.987667
0.987667
0.987667
0.987668
0.987668
0.987668
0.987669
0.987669
0.987670
0.987671
0.987671
0.987672
0.987672
0.987673
0.987673
0.987674
0.987675
0.987675
0.987676
0.987676
0.987677
0.987677
0.987678
0.987679
0.987679
0.987680
0.987680
0.987681
0.987681
0.987682
0.987682
0.987683
0.987683
0.987684
0.987684
0.987685
0.987685
0.987685
0.987686
0.987686
0.987687
0.987687
0.987688
0.987688
0.987688
0.987689
0.987689
0.987689
0.987690
0.987690
0.987691
0.987691
0.987691
0.987692
0.987692
0.987692
0.987693
0.987693
0.987693
0.987694
0.987694
0.987694
0.987695
0.987695
0.987695
0.987695
0.987696
0.987696
0.987696
0.987697
0.987697
0.987697
0.987697
0.987698
0.987698
0.987698
0.987698
0.987699
0.987699
0.987699
0.987699
0.987700
0.987700
0.987700
0.987700
0.987700
0.987701
0.987701
0.987701
0.987701
0.987701
0.987702
0.987702
0.987702
0.987702
0.987702
0.987702
0.987703
0.987703
0.987703
0.987703
0.987703
0.987704
0.987704
0.987704
0.987704
0.987704
0.987704
0.987704
0.987705
0.987705
0.987705
0.987705
0.987705
0.987705
0.987706
0.987706
0.987706
0.987706
0.987706
0.987706
0.987706
0.987707
0.987707
0.987707
0.987707
0.987707
0.987707
0.987707
0.987707
0.987708
0.987708
0.987708
0.987708
0.987708
0.987708
0.987708
0.987708
0.987708
0.987708
0.987708
0.987708
0.987709
0.987709
0.987709
0.987709
0.987709
0.987709
0.987709
0.987709
0.987709
0.987709
0.987709
0.987709
0.987709
0.987709
0.987709
0.987710
0.987710
0.987710
0.987710
0.987710
0.987710
0.987710
0.987710
0.987710
0.987710
0.987710
0.987710
0.987710
0.987710
0.987710
0.987710
0.987710
0.987710
0.987711
0.987711
0.987711
0.987711
0.987711
0.987711
0.987711
0.987711
0.987711
0.987711
0.987711
0.987711
0.987711
0.987711
0.987711
0.987711
0.987711
0.987711
0.987711
0.987711
0.987711
0.987711
0.987711
0.987711
0.987711
0.987712
0.987712
0.987712
0.987712
0.987712
0.987712
0.987712
0.987712
0.987712
0.987712
0.987712
0.987712
0.987712
0.987712
0.987712
0.987712
0.987712
0.987712
0.987712
0.987712
0.987712
0.987712
0.987712
0.987712
0.987712
0.987712
0.987712
0.987712
0.987712
0.987712
0.987712
0.987712
0.987712
0.987712
0.987712
0.987712
0.987712
0.987712
0.987712
0.987713
0.987713
0.987713
0.987713
0.987713
0.987713
0.987713
0.987713
0.987713
0.987713
0.987713
0.987713
0.987713
0.987713
0.987713
0.987713
0.987713
0.987713
0.987713
0.987713
0.987713
0.987713
0.987713
0.987713
0.987713
0.987713
0.987713
0.987713
0.987713
0.987713
0.987713
0.987713
0.987713
0.987713
0.987713
0.987713
0.987713
0.987713
0.987713
0.987713
0.987713
0.987713
0.987713
0.987713
0.987713
0.987713
0.987713
0.987713
0.987713
0.987714
0.987714
0.987714
0.987714
0.987714
0.987714
0.987714
0.987714
0.987714
0.987714
0.987714
0.987714
0.987714
0.987714
0.987714
0.987714
0.987714
0.987714
0.987714
0.987714
0.987714
0.987714
0.987714
0.987714
0.987714
0.987714
0.987714
0.987714
0.987714
0.987714
0.987714
0.987714
0.987714
0.987714
0.987714
0.987714
0.987714
0.987714
0.987714
0.987714
0.987714
0.987714
0.987714
0.987714
0.987714
0.987714
0.987714
0.987714
0.987714
0.987714
0.987714
0.987714
0.987714
0.987714
0.987714
0.987714
0.987714
0.987714
0.987714
0.987714
0.987714
0.987714
0.987714
0.987714
0.987714
0.987714
0.987714
0.987714
0.987714
0.987714
0.987714
0.987714
0.987714
0.987714
0.987714
0.987714
0.987714
0.987714
0.987714
0.987714
0.987714
0.987714
0.987714
0.987714
0.987714
0.987714
0.987714
0.987714
0.987714
0.987714
0.987714
0.987714
0.987714
0.987714
0.987714
0.987714
0.987714
0.987714
0.987714
0.987714
0.987714
0.987714
0.987714
0.987714
0.987714
0.987714
0.987714
0.987714
0.987714
0.987714
0.987714
0.987714
0.987714
0.987714
0.987714
0.987714
0.987714
0.987714
0.987714
0.987714
0.987714
0.987714
0.987714
0.987714
0.987714
0.987714
0.987714
0.987714
0.987714
0.987714
0.987714
0.987714
0.987714
0.987714
0.987714
0.987714
0.987714
0.987714
0.987714
0.987714
0.987714
0.987714
0.987714
0.987714
0.987714
0.987714
0.987714
0.987714
0.987714
0.987714
0.987714
0.987714
0.987714
0.987714
0.987714
0.987713
0.987713
0.987713
0.987713
0.987713
0.987713
0.987713
0.987713
0.987713
0.987713
0.987713
0.987713
0.987713
0.987713
0.987713
0.987713
0.987713
0.987713
0.987713
0.987713
0.987713
0.987713
0.987713
0.987713
0.987713
0.987713
0.987713
0.987713
0.987713
0.987713
0.987713
0.987713
0.987713
0.987713
0.987713
0.987713
0.987712
0.987712
0.987712
0.987712
0.987712
0.987712
0.987712
0.987712
0.987712
0.987712
0.987712
0.987712
0.987712
0.987712
0.987712
0.987712
0.987712
0.987712
0.987712
0.987712
0.987712
0.987712
0.987712
0.987712
0.987712
0.987712
0.987712
0.987712
0.987712
0.987711
0.987711
0.987711
0.987711
0.987711
0.987711
0.987711
0.987711
0.987711
0.987711
0.987711
0.987711
0.987711
0.987711
0.987711
0.987711
0.987711
0.987711
0.987711
0.987711
0.987711
0.987711
0.987711
0.987711
0.987711
0.987710
0.987710
0.987710
0.987710
0.987710
0.987710
0.987710
0.987710
0.987710
0.987710
0.987710
0.987710
0.987710
0.987710
0.987710
0.987710
0.987710
0.987710
0.987710
0.987710
0.987710
0.987710
0.987710
0.987710
0.987710
0.987709
0.987709
0.987709
0.987709
0.987709
0.987709
0.987709
0.987709
0.987709
0.987709
0.987709
0.987709
0.987709
0.987709
0.987709
0.987709
0.987709
0.987709
0.987709
0.987709
0.987709
0.987709
0.987709
0.987709
0.987708
0.987708
0.987708
0.987708
0.987708
0.987708
0.987708
0.987708
0.987708
0.987708
0.987708
0.987708
0.987708
0.987708
0.987708
0.987708
0.987708
0.987708
0.987708
0.987708
0.987708
0.987708
0.987708
0.987707
0.987707
0.987707
0.987707
0.987707
0.987707
0.987707
0.987707
0.987707
0.987707
0.987707
0.987707
0.987707
0.987707
0.987707
0.987707
0.987707
0.987707
0.987707
0.987707
0.987707
0.987707
0.987707
0.987707
0.987706
0.987706
0.987706
0.987706
0.987706
0.987706
0.987706
0.987706
0.987706
0.987706
0.987706
0.987706
0.987706
0.987706
0.987706
0.987706
0.987706
0.987706
0.987706
0.987706
0.987706
0.987706
0.987706
0.987706
0.987705
0.987705
0.987705
0.987705
0.987705
0.987705
0.987705
0.987705
0.987705
0.987705
0.987705
0.987705
0.987705
0.987705
0.987705
0.987705
0.987705
0.987705
0.987705
0.987705
0.987705
0.987705
0.987705
0.987705
0.987704
0.987704
0.987704
0.987704
0.987704
0.987704
0.987704
0.987704
0.987704
0.987704
0.987704
0.987704
0.987704
0.987704
0.987704
0.987704
0.987704
0.987704
0.987704
0.987704
0.987704
0.987704
0.987704
0.987704
0.987703
0.987703
0.987703
0.987703
0.987703
0.987703
0.987703
0.987703
0.987703
0.987703
0.987703
0.987703
0.987703
0.987703
0.987703
0.987703
0.987703
0.987703
0.987703
0.987703
0.987703
0.987703
0.987703
0.987703
0.987703
0.987702
0.987702
0.987702
0.987702
0.987702
0.987702
0.987702
0.987702
0.987702
0.987702
0.987702
0.987702
0.987702
0.987702
0.987702
0.987702
0.987702
0.987702
0.987702
0.987702
0.987702
0.987702
0.987702
0.987702
0.987702
0.987701
0.987701
0.987701
0.987701
0.987701
0.987701
0.987701
0.987701
0.987701
0.987701
0.987701
0.987701
0.987701
0.987701
0.987701
0.987701
0.987701
0.987701
0.987701
0.987701
0.987701
0.987701
0.987701
0.987701
0.987701
0.987700
0.987700
0.987700
0.987700
0.987700
0.987700
0.987700
0.987700
0.987700
0.987700
0.987700
0.987700
0.987700
0.987700
0.987700
0.987700
0.987700
0.987700
0.987700
0.987700
0.987700
0.987700
0.987700
0.987700
0.987700
0.987700
0.987699
0.987699
0.987699
0.987699
0.987699
0.987699
0.987699
0.987699
0.987699
0.987699
0.987699
0.987699
0.987699
0.987699
0.987699
0.987699
0.987699
0.987699
0.987699
0.987699
0.987699
0.987699
0.987699
0.987699
0.987699
0.987698
0.987698
0.987698
0.987698
0.987698
0.987698
0.987698
0.987698
0.987698
0.987698
0.987698
0.987698
0.987698
0.987698
0.987698
0.987698
0.987698
0.987698
0.987698
0.987698
0.987698
0.987698
0.987698
0.987698
0.987698
0.987698
0.987697
0.987697
0.987697
0.987697
0.987697
0.987697
0.987697
0.987697
0.987697
0.987697
0.987697
0.987697
0.987697
0.987697
0.987697
0.987697
0.987697
0.987697
0.987697
0.987697
0.987697
0.987697
0.987697
0.987697
0.987697
0.987697
0.987697
0.987697
0.987696
0.987696
0.987696
0.987696
0.987696
0.987696
0.987696
0.987696
0.987696
0.987696
0.987696
0.987696
0.987696
0.987696
0.987696
0.987696
0.987696
0.987696
0.987696
0.987696
0.987696
0.987696
0.987696
0.987696
0.987696
0.987696
0.987696
0.987696
0.987696
0.987695
0.987695
0.987695
0.987695
0.987695
0.987695
0.987695
0.987695
0.987695
0.987695
0.987695
0.987695
0.987695
0.987695
0.987695
0.987695
0.987695
0.987695
0.987695
0.987695
0.987695
0.987695
0.987695
0.987695
0.987695
0.987695
0.987695
0.987695
0.987695
0.987695
0.987694
0.987694
0.987694
0.987694
0.987694
0.987694
0.987694
0.987694
0.987694
0.987694
0.987694
0.987694
0.987694
0.987694
0.987694
0.987694
0.987694
0.987694
0.987694
0.987694
0.987694
0.987694
0.987694
0.987694
0.987694
0.987694
0.987694
0.987694
0.987694
0.987694
0.987694
0.987693
0.987693
0.987693
0.987693
0.987693
0.987693
0.987693
0.987693
0.987693
0.987693
0.987693
0.987693
0.987693
0.987693
0.987693
0.987693
0.987693
0.987693
0.987693
0.987693
0.987693
0.987693
0.987693
0.987693
0.987693
0.987693
0.987693
0.987693
0.987693
0.987693
0.987693
0.987693
0.987692
0.987692
0.987692
0.987692
0.987692
0.987692
0.987692
0.987692
0.987692
0.987692
0.987692
0.987692
0.987692
0.987692
0.987692
0.987692
0.987692
0.987692
0.987692
0.987692
0.987692
0.987692
0.987692
0.987692
0.987692
0.987692
0.987692
0.987692
0.987692
0.987692
0.987692
0.987692
0.987692
0.987692
0.987691
0.987691
0.987691
0.987691
0.987691
0.987691
0.987691
0.987691
0.987691
0.987691
0.987691
0.987691
0.987691
0.987691
0.987691
0.987691
0.987691
0.987691
0.987691
0.987691
0.987691
0.987691
0.987691
0.987691
0.987691
0.987691
0.987691
0.987691
0.987691
0.987691
0.987691
0.987691
0.987691
0.987691
0.987690
0.987690
0.987690
0.987690
0.987690
0.987690
0.987690
0.987690
0.987690
0.987690
0.987690
0.987690
0.987690
0.987690
0.987690
0.987690
0.987690
0.987690
0.987690
0.987690
0.987690
0.987690
0.987690
0.987690
0.987690
0.987690
0.987690
0.987690
0.987690
0.987690
0.987690
0.987690
0.987690
0.987690
0.987690
0.987690
0.987689
0.987689
0.987689
0.987689
0.987689
0.987689
0.987689
0.987689
0.987689
0.987689
0.987689
0.987689
0.987689
0.987689
0.987689
0.987689
0.987689
0.987689
0.987689
0.987689
0.987689
0.987689
0.987689
0.987689
0.987689
0.987689
0.987689
0.987689
0.987689
0.987689
0.987689
0.987689
0.987689
0.987689
0.987689
0.987689
0.987689
0.987689
0.987689
0.987688
0.987688
0.987688
0.987688
0.987688
0.987688
0.987688
0.987688
0.987688
0.987688
0.987688
0.987688
0.987688
0.987688
0.987688
0.987688
0.987688
0.987688
0.987688
0.987688
0.987688
0.987688
0.987688
0.987688
0.987688
0.987688
0.987688
0.987688
0.987688
0.987688
0.987688
0.987688
0.987688
0.987688
0.987688
0.987688
0.987688
0.987688
0.987688
0.987687
0.987687
0.987687
0.987687
0.987687
0.987687
0.987687
0.987687
0.987687
0.987687
0.987687
0.987687
0.987687
0.987687
0.987687
0.987687
0.987687
0.987687
0.987687
0.987687
0.987687
0.987687
0.987687
0.987687
0.987687
0.987687
0.987687
0.987687
0.987687
0.987687
0.987687
0.987687
0.987687
0.987687
0.987687
0.987687
0.987687
0.987687
0.987687
0.987687
0.987686
0.987686
0.987686
0.987686
0.987686
0.987686
0.987686
0.987686
0.987686
0.987686
0.987686
0.987686
0.987686
0.987686
0.987686
0.987686
0.987686
0.987686
0.987686
0.987686
0.987686
0.987686
0.987686
0.987686
0.987686
0.987686
0.987686
0.987686
0.987686
0.987686
0.987686
0.987686
0.987686
0.987686
0.987686
0.987686
0.987686
0.987686
0.987686
0.987686
0.987686
0.987685
0.987685
0.987685
0.987685
0.987685
0.987685
0.987685
0.987685
0.987685
0.987685
0.987685
0.987685
0.987685
0.987685
0.987685
0.987685
0.987685
0.987685
0.987685
0.987685
0.987685
0.987685
0.987685
0.987685
0.987685
0.987685
0.987685
0.987685
0.987685
0.987685
0.987685
0.987685
0.987685
0.987685
0.987685
0.987685
0.987685
0.987685
0.987685
0.987685
0.987685
0.987684
0.987684
0.987684
0.987684
0.987684
0.987684
0.987684
0.987684
0.987684
0.987684
0.987684
0.987684
0.987684
0.987684
0.987684
0.987684
0.987684
0.987684
0.987684
0.987684
0.987684
0.987684
0.987684
0.987684
0.987684
0.987684
0.987684
0.987684
0.987684
0.987684
0.987684
0.987684
0.987684
0.987684
0.987684
0.987684
0.987684
0.987684
0.987684
0.987684
0.987683
0.987683
0.987683
0.987683
0.987683
0.987683
0.987683
0.987683
0.987683
0.987683
0.987683
0.987683
0.987683
0.987683
0.987683
0.987683
0.987683
0.987683
0.987683
0.987683
0.987683
0.987683
0.987683
0.987683
0.987683
0.987683
0.987683
0.987683
0.987683
0.987683
0.987683
0.987683
0.987683
0.987683
0.987683
0.987683
0.987683
0.987683
0.987683
0.987682
0.987682
0.987682
0.987682
0.987682
0.987682
0.987682
0.987682
0.987682
0.987682
0.987682
0.987682
0.987682
0.987682
0.987682
0.987682
0.987682
0.987682
0.987682
0.987682
0.987682
0.987682
0.987682
0.987682
0.987682
0.987682
0.987682
0.987682
0.987682
0.987682
0.987682
0.987682
0.987682
0.987682
0.987682
0.987682
0.987682
0.987682
0.987682
0.987681
0.987681
0.987681
0.987681
0.987681
0.987681
0.987681
0.987681
0.987681
0.987681
0.987681
0.987681
0.987681
0.987681
0.987681
0.987681
0.987681
0.987681
0.987681
0.987681
0.987681
0.987681
0.987681
0.987681
0.987681
0.987681
0.987681
0.987681
0.987681
0.987681
0.987681
0.987681
0.987681
0.987681
0.987681
0.987681
0.987681
0.987681
0.987681
0.987681
0.987681
0.987681
0.987680
0.987680
0.987680
0.987680
0.987680
0.987680
0.987680
0.987680
0.987680
0.987680
0.987680
0.987680
0.987680
0.987680
0.987680
0.987680
0.987680
0.987680
0.987680
0.987680
0.987680
0.987680
0.987680
0.987680
0.987680
0.987680
0.987680
0.987680
0.987680
0.987680
0.987680
0.987680
0.987680
0.987680
0.987680
0.987680
0.987680
0.987680
0.987680
0.987680
0.987680
0.987680
0.987680
0.987680
0.987680
0.987679
0.987679
0.987679
0.987679
0.987679
0.987679
0.987679
0.987679
0.987679
0.987679
0.987679
0.987679
0.987679
0.987679
0.987679
0.987679
0.987679
0.987679
0.987679
0.987679
0.987679
0.987679
0.987679
0.987679
0.987679
0.987679
0.987679
0.987679
0.987679
0.987679
0.987679
0.987679
0.987679
0.987679
0.987679
0.987679
0.987679
0.987679
0.987679
0.987679
0.987679
0.987679
0.987679
0.987679
0.987679
0.987679
0.987679
0.987679
0.987679
0.987678
0.987678
0.987678
0.987678
0.987678
0.987678
0.987678
0.987678
0.987678
0.987678
0.987678
0.987678
0.987678
0.987678
0.987678
0.987678
0.987678
0.987678
0.987678
0.987678
0.987678
0.987678
0.987678
0.987678
0.987678
0.987678
0.987678
0.987678
0.987678
0.987678
0.987678
0.987678
0.987678
0.987678
0.987678
0.987678
0.987678
0.987678
0.987678
0.987678
0.987678
0.987678
0.987678
0.987678
0.987678
0.987678
0.987678
0.987678
0.987678
0.987678
0.987678
0.987678
0.987678
0.987678
0.987678
0.987677
0.987677
0.987677
0.987677
0.987677
0.987677
0.987677
0.987677
0.987677
0.987677
0.987677
0.987677
0.987677
0.987677
0.987677
0.987677
0.987677
0.987677
0.987677
0.987677
0.987677
0.987677
0.987677
0.987677
0.987677
0.987677
0.987677
0.987677
0.987677
0.987677
0.987677
0.987677
0.987677
0.987677
0.987677
0.987677
0.987677
0.987677
0.987677
0.987677
0.987677
0.987677
0.987677
0.987677
0.987677
0.987677
0.987677
0.987677
0.987677
0.987677
0.987677
0.987677
0.987677
0.987677
0.987677
0.987677
0.987677
0.987677
0.987677
0.987676
0.987676
0.987676
0.987676
0.987676
0.987676
0.987676
0.987676
0.987676
0.987676
0.987676
0.987676
0.987676
0.987676
0.987676
0.987676
0.987676
0.987676
0.987676
0.987676
0.987676
0.987676
0.987676
0.987676
0.987676
0.987676
0.987676
0.987676
0.987676
0.987676
0.987676
0.987676
0.987676
0.987676
0.987676
0.987676
0.987676
0.987676
0.987676
0.987676
0.987676
0.987676
0.987676
0.987676
0.987676
0.987676
0.987676
0.987676
0.987676
0.987676
0.987676
0.987676
0.987676
0.987676
0.987676
0.987676
0.987676
0.987676
0.987676
0.987676
0.987676
0.987676
0.987676
0.987676
0.987676
0.987675
0.987675
0.987675
0.987675
0.987675
0.987675
0.987675
0.987675
0.987675
0.987675
0.987675
0.987675
0.987675
0.987675
0.987675
0.987675
0.987675
0.987675
0.987675
0.987675
0.987675
0.987675
0.987675
0.987675
0.987675
0.987675
0.987675
0.987675
0.987675
0.987675
0.987675
0.987675
0.987675
0.987675
0.987675
0.987675
0.987675
0.987675
0.987675
0.987675
0.987675
0.987675
0.987675
0.987675
0.987675
0.987675
0.987675
0.987675
0.987675
0.987675
0.987675
0.987675
0.987675
0.987675
0.987675
0.987675
0.987675
0.987675
0.987675
0.987675
0.987675
0.987675
0.987675
0.987675
0.987675
0.987675
0.987675
0.987675
0.987675
0.987675
0.987675
0.987674
0.987674
0.987674
0.987674
0.987674
0.987674
0.987674
0.987674
0.987674
0.987674
0.987674
0.987674
0.987674
0.987674
0.987674
0.987674
0.987674
0.987674
0.987674
0.987674
0.987674
0.987674
0.987674
0.987674
0.987674
0.987674
0.987674
0.987674
0.987674
0.987674
0.987674
0.987674
0.987674
0.987674
0.987674
0.987674
0.987674
0.987674
0.987674
0.987674
0.987674
0.987674
0.987674
0.987674
0.987674
0.987674
0.987674
0.987674
0.987674
0.987674
0.987674
0.987674
0.987674
0.987674
0.987674
0.987674
0.987674
0.987674
0.987674
0.987674
0.987674
0.987674
0.987674
0.987674
0.987674
0.987674
0.987674
0.987674
0.987674
0.987674
0.987674
0.987674
0.987674
0.987674
0.987674
0.987674
0.987674
0.987674
0.987674
0.987674
0.987674
0.987673
0.987673
0.987673
0.987673
0.987673
0.987673
0.987673
0.987673
0.987673
0.987673
0.987673
0.987673
0.987673
0.987673
0.987673
0.987673
0.987673
0.987673
0.987673
0.987673
0.987673
0.987673
0.987673
0.987673
0.987673
0.987673
0.987673
0.987673
0.987673
0.987673
0.987673
0.987673
0.987673
0.987673
0.987673
0.987673
0.987673
0.987673
0.987673
0.987673
0.987673
0.987673
0.987673
0.987673
0.987673
0.987673
0.987673
0.987673
0.987673
0.987673
0.987673
0.987673
0.987673
0.987673
0.987673
0.987673
0.987673
0.987673
0.987673
0.987673
0.987673
0.987673
0.987673
0.987673
0.987673
0.987673
0.987673
0.987673
0.987673
0.987673
0.987673
0.987673
0.987673
0.987673
0.987673
0.987673
0.987673
0.987673
0.987673
0.987673
0.987673
0.987673
0.987673
0.987673
0.987673
0.987673
0.987673
0.987673
0.987673
0.987673
0.987672
0.987672
0.987672
0.987672
0.987672
0.987672
0.987672
0.987672
0.987672
0.987672
0.987672
0.987672
0.987672
0.987672
0.987672
0.987672
0.987672
0.987672
0.987672
0.987672
0.987672
0.987672
0.987672
0.987672
0.987672
0.987672
0.987672
0.987672
0.987672
0.987672
0.987672
0.987672
0.987672
0.987672
0.987672
0.987672
0.987672
0.987672
0.987672
0.987672
0.987672
0.987672
0.987672
0.987672
0.987672
0.987672
0.987672
0.987672
0.987672
0.987672
0.987672
0.987672
0.987672
0.987672
0.987672
0.987672
0.987672
0.987672
0.987672
0.987672
0.987672
0.987672
0.987672
0.987672
0.987672
0.987672
0.987672
0.987672
0.987672
0.987672
0.987672
0.987672
0.987672
0.987672
0.987672
0.987672
0.987672
0.987672
0.987672
0.987672
0.987672
0.987672
0.987672
0.987672
0.987672
0.987672
0.987672
0.987672
0.987672
0.987672
0.987672
0.987672
0.987672
0.987672
0.987672
0.987672
0.987672
0.987671
0.987671
0.987671
0.987671
0.987671
0.987671
0.987671
0.987671
0.987671
0.987671
0.987671
0.987671
0.987671
0.987671
0.987671
0.987671
0.987671
0.987671
0.987671
0.987671
0.987671
0.987671
0.987671
0.987671
0.987671
0.987671
0.987671
0.987671
0.987671
0.987671
0.987671
0.987671
0.987671
0.987671
0.987671
0.987671
0.987671
0.987671
0.987671
0.987671
0.987671
0.987671
0.987671
0.987671
0.987671
0.987671
0.987671
0.987671
0.987671
0.987671
0.987671
0.987671
0.987671
0.987671
0.987671
0.987671
0.987671
0.987671
0.987671
0.987671
0.987671
0.987671
0.987671
0.987671
0.987671
0.987671
0.987671
0.987671
0.987671
0.987671
0.987671
0.987671
0.987671
0.987671
0.987671
0.987671
0.987671
0.987671
0.987671
0.987671
0.987671
0.987671
0.987671
0.987671
0.987671
0.987671
0.987671
0.987671
0.987671
0.987671
0.987671
0.987671
0.987671
0.987671
0.987671
0.987671
0.987671
0.987671
0.987671
0.987671
0.987671
0.987671
0.987671
0.987671
0.987670
0.987670
0.987670
0.987670
0.987670
0.987670
0.987670
0.987670
0.987670
0.987670
0.987670
0.987670
0.987670
0.987670
0.987670
0.987670
0.987670
0.987670
0.987670
0.987670
0.987670
0.987670
0.987670
0.987670
0.987670
0.987670
0.987670
0.987670
0.987670
0.987670
0.987670
0.987670
0.987670
0.987670
0.987670
0.987670
0.987670
0.987670
0.987670
0.987670
0.987670
0.987670
0.987670
0.987670
0.987670
0.987670
0.987670
0.987670
0.987670
0.987670
0.987670
0.987670
0.987670
0.987670
0.987670
0.987670
0.987670
0.987670
0.987670
0.987670
0.987670
0.987670
0.987670
0.987670
0.987670
0.987670
0.987670
0.987670
0.987670
0.987670
0.987670
0.987670
0.987670
0.987670
0.987670
0.987670
0.987670
0.987670
0.987670
0.987670
0.987670
0.987670
0.987670
0.987670
0.987670
0.987670
0.987670
0.987670
0.987670
0.987670
0.987670
0.987670
0.987670
0.987670
0.987670
0.987670
0.987670
0.987670
0.987670
0.987670
0.987670
0.987670
0.987670
0.987670
0.987670
0.987670
0.987670
0.987670
0.987670
0.987670
0.987669
0.987669
0.987669
0.987669
0.987669
0.987669
0.987669
0.987669
0.987669
0.987669
0.987669
0.987669
0.987669
0.987669
0.987669
0.987669
0.987669
0.987669
0.987669
0.987669
0.987669
0.987669
0.987669
0.987669
0.987669
0.987669
0.987669
0.987669
0.987669
0.987669
0.987669
0.987669
0.987669
0.987669
0.987669
0.987669
0.987669
0.987669
0.987669
0.987669
0.987669
0.987669
0.987669
0.987669
0.987669
0.987669
0.987669
0.987669
0.987669
0.987669
0.987669
0.987669
0.987669
0.987669
0.987669
0.987669
0.987669
0.987669
0.987669
0.987669
0.987669
0.987669
0.987669
0.987669
0.987669
0.987669
0.987669
0.987669
0.987669
0.987669
0.987669
0.987669
0.987669
0.987669
0.987669
0.987669
0.987669
0.987669
0.987669
0.987669
0.987669
0.987669
0.987669
0.987669
0.987669
0.987669
0.987669
0.987669
0.987669
0.987669
0.987669
0.987669
0.987669
0.987669
0.987669
0.987669
0.987669
0.987669
0.987669
0.987669
0.987669
0.987669
0.987669
0.987669
0.987669
0.987669
0.987669
0.987669
0.987669
0.987669
0.987669
0.987669
0.987669
0.987669
0.987669
0.987669
0.987669
0.987669
0.987669
0.987668
0.987668
0.987668
0.987668
0.987668
0.987668
0.987668
0.987668
0.987668
0.987668
0.987668
0.987668
0.987668
0.987668
0.987668
0.987668
0.987668
0.987668
0.987668
0.987668
0.987668
0.987668
0.987668
0.987668
0.987668
0.987668
0.987668
0.987668
0.987668
0.987668
0.987668
0.987668
0.987668
0.987668
0.987668
0.987668
0.987668
0.987668
0.987668
0.987668
0.987668
0.987668
0.987668
0.987668
0.987668
0.987668
0.987668
0.987668
0.987668
0.987668
0.987668
0.987668
0.987668
0.987668
0.987668
0.987668
0.987668
0.987668
0.987668
0.987668
0.987668
0.987668
0.987668
0.987668
0.987668
0.987668
0.987668
0.987668
0.987668
0.987668
0.987668
0.987668
0.987668
0.987668
0.987668
0.987668
0.987668
0.987668
0.987668
0.987668
0.987668
0.987668
0.987668
0.987668
0.987668
0.987668
0.987668
0.987668
0.987668
0.987668
0.987668
0.987668
0.987668
0.987668
0.987668
0.987668
0.987668
0.987668
0.987668
0.987668
0.987668
0.987668
0.987668
0.987668
0.987668
0.987668
0.987668
0.987668
0.987668
0.987668
0.987668
0.987668
0.987668
0.987668
0.987668
0.987668
0.987668
0.987668
0.987668
0.987668
0.987668
0.987668
0.987668
0.987668
0.987668
0.987668
0.987668
0.987668
0.987668
0.987668
0.987668
0.987667
0.987667
0.987667
0.987667
0.987667
0.987667
0.987667
0.987667
0.987667
0.987667
0.987667
0.987667
0.987667
0.987667
0.987667
0.987667
0.987667
0.987667
0.987667
0.987667
0.987667
0.987667
0.987667
0.987667
0.987667
0.987667
0.987667
0.987667
0.987667
0.987667
0.987667
0.987667
0.987667
0.987667
0.987667
0.987667
0.987667
0.987667
0.987667
0.987667
0.987667
0.987667
0.987667
0.987667
0.987667
0.987667
0.987667
0.987667
0.987667
0.987667
0.987667
0.987667
0.987667
0.987667
0.987667
0.987667
0.987667
0.987667
0.987667
0.987667
0.987667
0.987667
0.987667
0.987667
0.987667
0.987667
0.987667
0.987667
0.987667
0.987667
0.987667
0.987667
0.987667
0.987667
0.987667
0.987667
0.987667
0.987667
0.987667
0.987667
0.987667
0.987667
0.987667
0.987667
0.987667
0.987667
0.987667
0.987667
0.987667
0.987667
0.987667
0.987667
0.987667
0.987667
0.987667
0.987667
0.987667
0.987667
0.987667
0.987667
0.987667
0.987667
0.987667
0.987667
0.987667
0.987667
0.987667
0.987667
0.987667
0.987667
0.987667
0.987667
0.987667
0.987667
0.987667
0.987667
0.987667
0.987667
0.987667
0.987667
0.987667
0.987667
0.987667
0.987667
0.987667
0.987667
0.987667
0.987667
0.987667
0.987667
0.987667
0.987667
0.987667
0.987667
0.987667
0.987667
0.987667
0.987667
0.987667
0.987667
0.987667
0.987667
0.987667
0.987667
0.987667
0.987667
0.987667
0.987667
0.987667
0.987666
0.987666
0.987666
0.987666
0.987666
0.987666
0.987666
0.987666
0.987666
0.987666
0.987666
0.987666
0.987666
0.987666
0.987666
0.987666
0.987666
0.987666
0.987666
0.987666
0.987666
0.987666
0.987666
0.987666
0.987666
0.987666
0.987666
0.987666
0.987666
0.987666
0.987666
0.987666
0.987666
0.987666
0.987666
0.987666
0.987666
0.987666
0.987666
0.987666
0.987666
0.987666
0.987666
0.987666
0.987666
0.987666
0.987666
0.987666
0.987666
0.987666
0.987666
0.987666
0.987666
0.987666
0.987666
0.987666
0.987666
0.987666
0.987666
0.987666
0.987666
0.987666
0.987666
0.987666
0.987666
0.987666
0.987666
0.987666
0.987666
0.987666
0.987666
0.987666
0.987666
0.987666
0.987666
0.987666
0.987666
0.987666
0.987666
0.987666
0.987666
0.987666
0.987666
0.987666
0.987666
0.987666
0.987666
0.987666
0.987666
0.987666
0.987666
0.987666
0.987666
0.987666
0.987666
0.987666
0.987666
0.987666
0.987666
0.987666
0.987666
0.987666
0.987666
0.987666
0.987666
0.987666
0.987666
0.987666
0.987666
0.987666
0.987666
0.987666
0.987666
0.987666
0.987666
0.987666
0.987666
0.987666
0.987666
0.987666
0.987666
0.987666
0.987666
0.987666
0.987666
0.987666
0.987666
0.987666
0.987666
0.987666
0.987666
0.987666
0.987666
0.987666
0.987666
0.987666
0.987666
0.987666
0.987666
0.987666
0.987666
0.987666
0.987666
0.987666
0.987666
0.987666
0.987666
0.987666
0.987666
0.987666
0.987666
0.987666
0.987666
0.987666
0.987666
0.987666
0.987666
0.987666
0.987666
0.987666
0.987666
0.987666
0.987666
0.987666
0.987666
0.987666
0.987666
0.987666
0.987666
0.987666
0.987666
0.987666
0.987666
0.987666
0.987665
0.987665
0.987665
0.987665
0.987665
0.987665
0.987665
0.987665
0.987665
0.987665
0.987665
0.987665
0.987665
0.987665
0.987665
0.987665
0.987665
0.987665
0.987665
0.987665
0.987665
0.987665
0.987665
0.987665
0.987665
0.987665
0.987665
0.987665
0.987665
0.987665
0.987665
0.987665
0.987665
0.987665
0.987665
0.987665
0.987665
0.987665
0.987665
0.987665
0.987665
0.987665
0.987665
0.987665
0.987665
0.987665
0.987665
0.987665
0.987665
0.987665
0.987665
0.987665
0.987665
0.987665
0.987665
0.987665
0.987665
0.987665
0.987665
0.987665
0.987665
0.987665
0.987665
0.987665
0.987665
0.987665
0.987665
0.987665
0.987665
0.987665
0.987665
0.987665
0.987665
0.987665
0.987665
0.987665
0.987665
0.987665
0.987665
0.987665
0.987665
0.987665
0.987665
0.987665
0.987665
0.987665
0.987665
0.987665
0.987665
0.987665
0.987665
0.987665
0.987665
0.987665
0.987665
0.987665
0.987665
0.987665
0.987665
0.987665
0.987665
0.987665
0.987665
0.987665
0.987665
0.987665
0.987665
0.987665
0.987665
0.987665
0.987665
0.987665
0.987665
0.987665
0.987665
0.987665
0.987665
0.987665
0.987665
0.987665
0.987665
0.987665
0.987665
0.987665
0.987665
0.987665
0.987665
0.987665
0.987665
0.987665
0.987665
0.987665
0.987665
0.987665
0.987665
0.987665
0.987665
0.987665
0.987665
0.987665
0.987665
0.987665
0.987665
0.987665
0.987665
0.987665
0.987665
0.987665
0.987665
0.987665
0.987665
0.987665
0.987665
0.987665
0.987665
0.987665
0.987665
0.987665
0.987665
0.987665
0.987665
0.987665
0.987665
0.987665
0.987665
0.987665
0.987665
0.987665
0.987665
0.987665
0.987665
0.987665
0.987665
0.987665
0.987665
0.987665
0.987665
0.987665
0.987665
0.987665
0.987665
0.987665
0.987665
0.987665
0.987665
0.987665
0.987665
0.987665
0.987665
0.987665
0.987665
0.987665
0.987665
0.987665
0.987665
0.987665
0.987665
0.987665
0.987665
0.987665
0.987665
0.987665
0.987665
0.987665
0.987665
0.987665
0.987665
0.987665
0.987665
0.987665
0.987665
0.987665
0.987665
0.987665
0.987665
0.987665
0.987665
0.987665
0.987664
0.987664
0.987664
0.987664
0.987664
0.987664
0.987664
0.987664
0.987664
0.987664
0.987664
0.987664
0.987664
0.987664
0.987664
0.987664
0.987664
0.987664
0.987664
0.987664
0.987664
0.987664
0.987664
0.987664
0.987664
0.987664
0.987664
0.987664
0.987664
0.987664
0.987664
0.987664
0.987664
0.987664
0.987664
0.987664
0.987664
0.987664
0.987664
0.987664
0.987664
0.987664
0.987664
0.987664
0.987664
0.987664
0.987664
0.987664
0.987664
0.987664
0.987664
0.987664
0.987664
0.987664
0.987664
0.987664
0.987664
0.987664
0.987664
0.987664
0.987664
0.987664
0.987664
0.987664
0.987664
0.987664
0.987664
0.987664
0.987664
0.987664
0.987664
0.987664
0.987664
0.987664
0.987664
0.987664
0.987664
0.987664
0.987664
0.987664
0.987664
0.987664
0.987664
0.987664
0.987664
0.987664
0.987664
0.987664
0.987664
0.987664
0.987664
0.987664
0.987664
0.987664
0.987664
0.987664
0.987664
0.987664
0.987664
0.987664
0.987664
0.987664
0.987664
0.987664
0.987664
0.987664
0.987664
0.987664
0.987664
0.987664
0.987664
0.987664
0.987664
0.987664
0.987664
0.987664
0.987664
0.987664
0.987664
0.987664
0.987664
0.987664
0.987664
0.987664
0.987664
0.987664
0.987664
0.987664
0.987664
0.987664
0.987664
0.987664
0.987664
0.987664
0.987664
0.987664
0.987664
0.987664
0.987664
0.987664
0.987664
0.987664
0.987664
0.987664
0.987664
0.987664
0.987664
0.987664
0.987664
0.987664
0.987664
0.987664
0.987664
0.987664
0.987664
0.987664
0.987664
0.987664
0.987664
0.987664
0.987664
0.987664
0.987664
0.987664
0.987664
0.987664
0.987664
0.987664
0.987664
0.987664
0.987664
0.987664
0.987664
0.987664
0.987664
0.987664
0.987664
0.987664
0.987664
0.987664
0.987664
0.987664
0.987664
0.987664
0.987664
0.987664
0.987664
0.987664
0.987664
0.987664
0.987664
0.987664
0.987664
0.987664
0.987664
0.987664
0.987664
0.987664
0.987664
0.987664
0.987664
0.987664
0.987664
0.987664
0.987664
0.987664
0.987664
0.987664
0.987664
0.987664
0.987664
0.987664
0.987664
0.987664
0.987664
0.987664
0.987664
0.987664
0.987664
0.987664
0.987664
0.987664
0.987664
0.987664
0.987664
0.987664
0.987664
0.987664
0.987664
0.987664
0.987664
0.987664
0.987664
0.987664
0.987664
0.987664
0.987664
0.987664
0.987664
0.987664
0.987664
0.987664
0.987664
0.987664
0.987664
0.987664
0.987664
0.987664
0.987664
0.987664
0.987664
0.987664
0.987664
0.987664
0.987664
0.987664
0.987664
0.987664
0.987664
0.987664
0.987664
0.987664
0.987664
0.987664
0.987664
0.987664
0.987664
0.987664
0.987664
0.987664
0.987663
0.987663
0.987663
0.987663
0.987663
0.987663
0.987663
0.987663
0.987663
0.987663
0.987663
0.987663
0.987663
0.987663
0.987663
0.987663
0.987663
0.987663
0.987663
0.987663
0.987663
0.987663
0.987663
0.987663
0.987663
0.987663
0.987663
0.987663
0.987663
0.987663
0.987663
0.987663
0.987663
0.987663
0.987663
0.987663
0.987663
0.987663
0.987663
0.987663
0.987663
0.987663
0.987663
0.987663
0.987663
0.987663
0.987663
0.987663
0.987663
0.987663
0.987663
0.987663
0.987663
0.987663
0.987663
0.987663
0.987663
0.987663
0.987663
0.987663
0.987663
0.987663
0.987663
0.987663
0.987663
0.987663
0.987663
0.987663
0.987663
0.987663
0.987663
0.987663
0.987663
0.987663
0.987663
0.987663
0.987663
0.987663
0.987663
0.987663
0.987663
0.987663
0.987663
0.987663
0.987663
0.987663
0.987663
0.987663
0.987663
0.987663
0.987663
0.987663
0.987663
0.987663
0.987663
0.987663
0.987663
0.987663
0.987663
0.987663
0.987663
0.987663
0.987663
0.987663
0.987663
0.987663
0.987663
0.987663
0.987663
0.987663
0.987663
0.987663
0.987663
0.987663
0.987663
0.987663
0.987663
0.987663
0.987663
0.987663
0.987663
0.987663
0.987663
0.987663
0.987663
0.987663
0.987663
0.987663
0.987663
0.987663
0.987663
0.987663
0.987663
0.987663
0.987663
0.987663
0.987663
0.987663
0.987663
0.987663
0.987663
0.987663
0.987663
0.987663
0.987663
0.987663
0.987663
0.987663
0.987663
0.987663
0.987663
0.987663
0.987663
0.987663
0.987663
0.987663
0.987663
0.987663
0.987663
0.987663
0.987663
0.987663
0.987663
0.987663
0.987663
0.987663
0.987663
0.987663
0.987663
0.987663
0.987663
0.987663
0.987663
0.987663
0.987663
0.987663
0.987663
0.987662
0.987662
0.987662
0.987662
0.987662
0.987662
0.987662
0.987662
0.987662
0.987662
0.987662
0.987662
0.987662
0.987662
0.987662
0.987662
0.987662
0.987662
0.987662
0.987662
0.987662
0.987662
0.987662
0.987662
0.987662
0.987662
0.987662
0.987662
0.987662
0.987662
0.987662
0.987662
0.987662
0.987662
0.987662
0.987662
0.987662
0.987662
0.987662
0.987662
0.987662
0.987662
0.987662
0.987662
0.987662
0.987662
0.987662
0.987662
0.987662
0.987662
0.987662
0.987662
0.987662
0.987662
0.987662
0.987662
0.987662
0.987662
0.987662
0.987662
0.987662
0.987662
0.987662
0.987662
0.987662
0.987662
0.987662
0.987662
0.987662
0.987662
0.987662
0.987662
0.987662
0.987662
0.987662
0.987662
0.987662
0.987662
0.987662
0.987662
0.987662
0.987662
0.987662
0.987662
0.987662
0.987662
0.987662
0.987662
0.987662
0.987662
0.987662
0.987662
0.987662
0.987662
0.987662
0.987662
0.987662
0.987662
0.987662
0.987662
0.987662
0.987662
0.987662
0.987662
0.987662
0.987662
0.987662
0.987662
0.987662
0.987662
0.987662
0.987662
0.987662
0.987662
0.987662
0.987662
0.987662
0.987662
0.987662
0.987662
0.987662
0.987662
0.987662
0.987662
0.987662
0.987662
0.987662
0.987662
0.987662
0.987662
0.987662
0.987662
0.987662
0.987662
0.987662
0.987662
0.987662
0.987662
0.987662
0.987662
0.987662
0.987662
0.987662
0.987662
0.987662
0.987662
0.987662
0.987662
0.987662
0.987662
0.987662
0.987662
0.987662
0.987662
0.987662
0.987662
0.987662
0.987662
0.987662
0.987662
0.987662
0.987662
0.987662
0.987662
0.987662
0.987662
0.987662
0.987662
0.987662
0.987662
0.987662
0.987662
0.987662
0.987662
0.987662
0.987662
0.987662
0.987662
0.987662
0.987662
0.987662
0.987662
0.987662
0.987662
0.987662
0.987662
0.987661
0.987661
0.987661
0.987661
0.987661
0.987661
0.987661
0.987661
0.987661
0.987661
0.987661
0.987661
0.987661
0.987661
0.987661
0.987661
0.987661
0.987661
0.987661
0.987661
0.987661
0.987661
0.987661
0.987661
0.987661
0.987661
0.987661
0.987661
0.987661
0.987661
0.987661
0.987661
0.987661
0.987661
0.987661
0.987661
0.987661
0.987661
0.987661
0.987661
0.987661
0.987661
0.987661
0.987661
0.987661
0.987661
0.987661
0.987661
0.987661
0.987661
0.987661
0.987661
0.987661
0.987661
0.987661
0.987661
0.987661
0.987661
0.987661
0.987661
0.987661
0.987661
0.987661
0.987661
0.987661
0.987661
0.987661
0.987661
0.987661
0.987661
0.987661
0.987661
0.987661
0.987661
0.987661
0.987661
0.987661
0.987661
0.987661
0.987661
0.987661
0.987661
0.987661
0.987661
0.987661
0.987661
0.987661
0.987661
0.987661
0.987661
0.987661
0.987661
0.987661
0.987661
0.987661
0.987661
0.987661
0.987661
0.987661
0.987661
0.987661
0.987661
0.987661
0.987661
0.987661
0.987661
0.987661
0.987661
0.987661
0.987661
0.987661
0.987661
0.987661
0.987661
0.987661
0.987661
0.987661
0.987661
0.987661
0.987661
0.987661
0.987661
0.987661
0.987661
0.987661
0.987661
0.987661
0.987661
0.987661
0.987661
0.987661
0.987661
0.987661
0.987661
0.987661
0.987661
0.987661
0.987661
0.987661
0.987661
0.987661
0.987661
0.987661
0.987661
0.987661
0.987661
0.987661
0.987661
0.987661
0.987661
0.987661
0.987661
0.987661
0.987661
0.987661
0.987661
0.987661
0.987661
0.987661
0.987661
0.987661
0.987661
0.987661
0.987661
0.987661
0.987661
0.987661
0.987661
0.987661
0.987661
0.987661
0.987661
0.987661
0.987661
0.987661
0.987661
0.987661
0.987661
0.987661
0.987661
0.987661
0.987661
0.987661
0.987661
0.987661
0.987661
0.987661
0.987661
0.987661
0.987661
0.987661
0.987661
0.987661
0.987661
0.987661
0.987661
0.987661
0.987661
0.987661
0.987661
0.987661
0.987661
0.987661
0.987661
0.987661
0.987661
0.987661
0.987661
0.987661
0.987661
0.987661
0.987661
0.987661
0.987661
0.987661
0.987661
0.987661
0.987661
0.987661
0.987661
0.987661
0.987661
0.987661
0.987661
0.987661
0.987661
0.987661
0.987661
0.987661
0.987661
0.987661
0.987661
0.987661
0.987661
0.987661
0.987661
0.987661
0.987661
0.987661
0.987661
0.987661
0.987661
0.987661
0.987661
0.987661
0.987661
0.987661
0.987661
0.987661
0.987661
0.987661
0.987661
0.987661
0.987661
0.987661
0.987661
0.987661
0.987661
0.987661
0.987661
0.987661
0.987661
0.987661
0.987661
0.987661
0.987661
0.987661
0.987661
0.987661
0.987661
0.987661
0.987661
0.987661
0.987661
0.987661
0.987661
0.987661
0.987661
0.987661
0.987661
0.987661
0.987661
0.987661
0.987661
0.987661
0.987661
0.987661
0.987661
0.987661
0.987661
0.987661
0.987661
0.987661
0.987661
0.987661
0.987661
0.987661
0.987661
0.987661
0.987661
0.987661
0.987661
0.987661
0.987661
0.987661
0.987661
0.987661
0.987661
0.987661
0.987661
0.987661
0.987661
0.987661
0.987661
0.987661
0.987661
0.987661
0.987661
0.987661
0.987661
0.987661
0.987661
0.987661
0.987661
0.987661
0.987661
0.987661
0.987661
0.987661
0.987661
0.987661
0.987661
0.987661
0.987661
0.987661
0.987661
0.987661
0.987661
0.987661
0.987661
0.987661
0.987661
0.987661
0.987661
0.987661
0.987661
0.987661
0.987661
0.987661
0.987661
0.987661
0.987661
0.987661
0.987661
0.987661
0.987661
0.987661
0.987661
0.987661
0.987661
0.987661
0.987661
0.987660
0.987660
0.987660
0.987660
0.987660
0.987660
0.987660
0.987660
0.987660
0.987660
0.987660
0.987660
0.987660
0.987660
0.987660
0.987660
0.987660
0.987660
0.987660
0.987660
0.987660
0.987660
0.987660
0.987660
0.987660
0.987660
0.987660
0.987660
0.987660
0.987660
0.987660
0.987660
0.987660
0.987660
0.987660
0.987660
0.987660
0.987660
0.987660
0.987660
0.987660
0.987660
0.987660
0.987660
0.987660
0.987660
0.987660
0.987660
0.987660
0.987660
0.987660
0.987660
0.987660
0.987660
0.987660
0.987660
0.987660
0.987660
0.987660
0.987660
0.987660
0.987660
0.987660
0.987660
0.987660
0.987660
0.987660
0.987660
0.987660
0.987660
0.987660
0.987660
0.987660
0.987660
0.987660
0.987660
0.987660
0.987660
0.987660
0.987660
0.987660
0.987660
0.987660
0.987660
0.987660
0.987660
0.987660
0.987660
0.987660
0.987660
0.987660
0.987660
0.987660
0.987660
0.987660
0.987660
0.987660
0.987660
0.987660
0.987660
0.987660
0.987660
0.987660
0.987660
0.987660
0.987660
0.987660
0.987660
0.987660
0.987660
0.987660
0.987660
0.987660
0.987660
0.987660
0.987660
0.987660
0.987660
0.987660
0.987660
0.987660
0.987660
0.987660
0.987660
0.987660
0.987660
0.987660
0.987660
0.987660
0.987660
0.987660
0.987660
0.987660
0.987660
0.987660
0.987660
0.987660
0.987660
0.987660
0.987660
0.987660
0.987660
0.987660
0.987660
0.987660
0.987660
0.987660
0.987660
0.987660
0.987660
0.987660
0.987660
0.987660
0.987660
0.987660
0.987660
0.987660
0.987660
0.987660
0.987660
0.987660
0.987660
0.987660
0.987660
0.987660
0.987660
0.987660
0.987660
0.987660
0.987660
0.987660
0.987660
0.987660
0.987660
0.987660
0.987660
0.987660
0.987660
0.987660
0.987660
0.987660
0.987660
0.987660
0.987660
0.987660
0.987660
0.987660
0.987660
0.987660
0.987660
0.987660
0.987660
0.987660
0.987660
0.987660
0.987660
0.987660
0.987660
0.987660
0.987660
0.987660
0.987660
0.987660
0.987660
0.987660
0.987660
0.987660
0.987660
0.987660
0.987660
0.987660
0.987660
0.987660
0.987660
0.987660
0.987660
0.987660
0.987660
0.987660
0.987660
0.987660
0.987660
0.987660
0.987660
0.987660
0.987660
0.987660
0.987660
0.987660
0.987660
0.987660
0.987660
0.987660
0.987660
0.987660
0.987660
0.987660
0.987660
0.987660
0.987660
0.987660
0.987660
0.987660
0.987660
0.987660
0.987660
0.987660
0.987660
0.987660
0.987660
0.987660
0.987660
0.987660
0.987660
0.987660
0.987660
0.987660
0.987660
0.987660
0.987660
0.987660
0.987660
0.987660
0.987660
0.987660
0.987660
0.987660
0.987660
0.987660
0.987660
0.987660
0.987660
0.987660
0.987660
0.987660
0.987660
0.987660
0.987660
0.987660
0.987660
0.987660
0.987660
0.987660
0.987660
0.987660
0.987660
0.987660
0.987660
0.987660
0.987660
0.987660
0.987660
0.987660
0.987660
0.987660
0.987660
0.987660
0.987660
0.987660
0.987660
0.987660
0.987660
0.987660
0.987660
0.987660
0.987660
0.987660
0.987660
0.987660
0.987660
0.987660
0.987660
0.987660
0.987660
0.987660
0.987660
0.987660
0.987660
0.987660
0.987660
0.987660
0.987660
0.987660
0.987660
0.987660
0.987660
0.987660
0.987660
0.987660
0.987660
0.987660
0.987660
0.987660
0.987660
0.987660
0.987660
0.987660
0.987660
0.987660
0.987660
0.987660
0.987660
0.987660
0.987660
0.987660
0.987660
0.987660
0.987660
0.987660
0.987660
0.987660
0.987660
0.987660
0.987660
0.987660
0.987660
0.987660
0.987660
0.987660
0.987660
0.987660
0.987660
0.987660
0.987660
0.987660
0.987660
0.987660
0.987660
0.987660
0.987660
0.987660
0.987660
0.987660
0.987660
0.987660
0.987660
0.987660
0.987659
0.987659
0.987659
0.987659
0.987659
0.987659
0.987659
0.987659
0.987659
0.987659
0.987659
0.987659
0.987659
0.987659
0.987659
0.987659
0.987659
0.987659
0.987659
0.987659
0.987659
0.987659
0.987659
0.987659
0.987659
0.987659
0.987659
0.987659
0.987659
0.987659
0.987659
0.987659
0.987659
0.987659
0.987659
0.987659
0.987659
0.987659
0.987659
0.987659
0.987659
0.987659
0.987659
0.987659
0.987659
0.987659
0.987659
0.987659
0.987659
0.987659
0.987659
0.987659
0.987659
0.987659
0.987659
0.987659
0.987659
0.987659
0.987659
0.987659
0.987659
0.987659
0.987659
0.987659
0.987659
0.987659
0.987659
0.987659
0.987659
0.987659
0.987659
0.987659
0.987659
0.987659
0.987659
0.987659
0.987659
0.987659
0.987659
0.987659
0.987659
0.987659
0.987659
0.987659
0.987659
0.987659
0.987659
0.987659
0.987659
0.987659
0.987659
0.987659
0.987659
0.987659
0.987659
0.987659
0.987659
0.987659
0.987659
0.987659
0.987659
0.987659
0.987659
0.987659
0.987659
0.987659
0.987659
0.987659
0.987659
0.987659
0.987659
0.987659
0.987659
0.987659
0.987659
0.987659
0.987659
0.987659
0.987659
0.987659
0.987659
0.987659
0.987659
0.987659
0.987659
0.987659
0.987659
0.987659
0.987659
0.987659
0.987659
0.987659
0.987659
0.987659
0.987659
0.987659
0.987659
0.987659
0.987659
0.987659
0.987659
0.987659
0.987659
0.987659
0.987659
0.987659
0.987659
0.987659
0.987659
0.987659
0.987659
0.987659
0.987659
0.987659
0.987659
0.987659
0.987659
0.987659
0.987659
0.987659
0.987659
0.987659
0.987659
0.987659
0.987659
0.987659
0.987659
0.987659
0.987659
0.987659
0.987659
0.987659
0.987659
0.987659
0.987659
0.987659
0.987659
0.987659
0.987659
0.987659
0.987659
0.987659
0.987659
0.987659
0.987659
0.987659
0.987659
0.987659
0.987659
0.987659
0.987659
0.987659
0.987659
0.987659
0.987659
0.987659
0.987659
0.987659
0.987659
0.987659
0.987659
0.987659
0.987659
0.987659
0.987659
0.987659
0.987659
0.987659
0.987659
0.987659
0.987659
0.987659
0.987659
0.987659
0.987659
0.987660
0.987660
0.987660
0.987660
0.987660
0.987660
0.987660
0.987660
0.987660
0.987660
0.987660
0.987660
0.987660
0.987660
0.987660
0.987660
0.987659
0.987660
0.987659
0.987660
0.987659
0.987660
0.987660
0.987660
0.987660
0.987660
0.987660
0.987660
0.987660
0.987660
0.987660
0.987660
0.987660
0.987660
0.987660
0.987660
0.987660
0.987660
0.987660
0.987660
0.987660
0.987660
0.987660
0.987660
0.987660
0.987660
0.987660
0.987660
0.987660
0.987660
0.987660
0.987660
0.987660
0.987660
0.987660
0.987660
0.987660
0.987660
0.987660
0.987660
0.987660
0.987660
0.987660
0.987660
0.987660
0.987660
0.987660
0.987660
0.987660
0.987660
0.987660
0.987660
0.987660
0.987660
0.987660
0.987660
0.987660
0.987660
0.987660
0.987660
0.987660
0.987660
0.987660
0.987660
0.987660
0.987660
0.987660
0.987660
0.987660
0.987660
0.987660
0.987660
0.987660
0.987660
0.987660
0.987660
0.987660
0.987660
0.987660
0.987660
0.987660
0.987660
0.987660
0.987660
0.987660
0.987660
0.987660
0.987660
0.987660
0.987660
0.987660
0.987660
0.987660
0.987660
0.987660
0.987660
0.987660
0.987660
0.987660
0.987660
0.987660
0.987660
0.987660
0.987660
0.987660
0.987660
0.987660
0.987660
0.987660
0.987660
0.987660
0.987660
0.987660
0.987660
0.987660
0.987660
0.987660
0.987660
0.987660
0.987660
0.987660
0.987660
0.987660
0.987660
0.987660
0.987660
0.987660
0.987660
0.987660
0.987660
0.987660
0.987660
0.987660
0.987660
0.987660
0.987660
0.987660
0.987660
0.987660
0.987660
0.987660
0.987660
0.987660
0.987660
0.987660
0.987660
0.987660
0.987660
0.987660
0.987660
0.987660
0.987660
0.987660
0.987660
0.987660
0.987660
0.987660
0.987660
0.987660
0.987660
0.987660
0.987660
0.987660
0.987660
0.987660
0.987660
0.987660
0.987661
0.987660
0.987661
0.987660
0.987661
0.987660
0.987661
0.987660
0.987661
0.987660
0.987661
0.987660
0.987661
0.987660
0.987661
0.987660
0.987661
0.987661
0.987661
0.987661
0.987661
0.987661
0.987661
0.987661
0.987661
0.987661
0.987661
0.987661
0.987661
0.987661
0.987661
0.987661
0.987661
0.987661
0.987661
0.987661
0.987661
0.987661
0.987661
0.987661
0.987661
0.987661
0.987661
0.987661
0.987661
0.987661
0.987661
0.987661
0.987661
0.987661
0.987661
0.987661
0.987661
0.987661
0.987661
0.987661
0.987661
0.987661
0.987661
0.987661
0.987661
0.987661
0.987661
0.987661
0.987661
0.987661
0.987661
0.987661
0.987661
0.987661
0.987661
0.987661
0.987661
0.987661
0.987661
0.987661
0.987661
0.987661
0.987661
0.987661
0.987661
0.987661
0.987661
0.987661
0.987661
0.987661
0.987661
0.987661
0.987661
0.987661
0.987661
0.987661
0.987661
0.987661
0.987661
0.987661
0.987661
0.987661
0.987661
0.987661
0.987661
0.987661
0.987661
0.987661
0.987661
0.987661
0.987661
0.987661
0.987661
0.987661
0.987661
0.987661
0.987661
0.987661
0.987661
0.987661
0.987661
0.987661
0.987661
0.987661
0.987661
0.987661
0.987661
0.987661
0.987661
0.987661
0.987661
0.987661
0.987661
0.987661
0.987661
0.987661
0.987661
0.987661
0.987661
0.987661
0.987661
0.987661
0.987661
0.987661
0.987661
0.987661
0.987661
0.987661
0.987661
0.987661
0.987661
0.987661
0.987661
0.987661
0.987661
0.987661
0.987661
0.987661
0.987661
0.987661
0.987661
0.987661
0.987661
0.987661
0.987661
0.987661
0.987661
0.987661
0.987661
0.987661
0.987661
0.987661
0.987661
0.987661
0.987661
0.987661
0.987662
0.987661
0.987661
0.987661
0.987661
0.987661
0.987661
0.987661
0.987662
0.987662
0.987662
0.987662
0.987662
0.987662
0.987662
0.987662
0.987662
0.987662
0.987662
0.987662
0.987662
0.987662
0.987662
0.987662
0.987662
0.987662
0.987662
0.987662
0.987662
0.987662
0.987662
0.987662
0.987662
0.987661
0.987662
0.987662
0.987662
0.987662
0.987662
0.987662
0.987662
0.987662
0.987661
0.987661
0.987661
0.987662
0.987662
0.987662
0.987662
0.987662
0.987662
0.987662
0.987662
0.987662
0.987662
0.987662
0.987662
0.987662
0.987662
0.987662
0.987662
0.987662
0.987662
0.987662
0.987662
0.987662
0.987662
0.987662
0.987662
0.987662
0.987662
0.987662
0.987662
0.987662
0.987662
0.987662
0.987662
0.987662
0.987662
0.987662
0.987662
0.987662
0.987662
0.987662
0.987662
0.987662
0.987662
0.987662
0.987662
0.987662
0.987662
0.987662
0.987662
0.987662
0.987662
0.987662
0.987662
0.987662
0.987662
0.987662
0.987662
0.987662
0.987662
0.987662
0.987662
0.987662
0.987662
0.987662
0.987662
0.987662
0.987662
0.987662
0.987662
0.987662
0.987662
0.987662
0.987662
0.987662
0.987662
0.987662
0.987662
0.987662
0.987662
0.987662
0.987662
0.987662
0.987662
0.987662
0.987662
0.987662
0.987663
0.987662
0.987663
0.987662
0.987662
0.987662
0.987662
0.987662
0.987662
0.987662
0.987662
0.987662
0.987662
0.987662
0.987662
0.987662
0.987662
0.987662
0.987662
0.987662
0.987662
0.987662
0.987662
0.987662
0.987662
0.987662
0.987662
0.987662
0.987662
0.987662
0.987662
0.987662
0.987662
0.987663
0.987663
0.987663
0.987663
0.987663
0.987663
0.987663
0.987662
0.987663
0.987662
0.987662
0.987662
0.987662
0.987663
0.987663
0.987663
0.987662
0.987662
0.987662
0.987662
0.987662
0.987662
0.987662
0.987662
0.987662
0.987662
0.987662
0.987663
0.987662
0.987663
0.987663
0.987663
0.987663
0.987663
0.987663
0.987663
0.987663
0.987663
0.987663
0.987663
0.987663
0.987663
0.987663
0.987663
0.987662
0.987662
0.987662
0.987662
0.987662
0.987663
0.987663
0.987663
0.987663
0.987663
0.987663
0.987663
0.987663
0.987663
0.987663
0.987663
0.987663
0.987663
0.987663
0.987663
0.987663
0.987663
0.987663
0.987663
0.987663
0.987663
0.987663
0.987663
0.987663
0.987663
0.987663
0.987663
0.987663
0.987663
0.987663
0.987663
0.987663
0.987663
0.987663
0.987663
0.987662
0.987662
0.987662
0.987662
0.987663
0.987663
0.987663
0.987663
0.987663
0.987663
0.987663
0.987663
0.987663
0.987663
0.987663
0.987663
0.987663
0.987663
0.987663
0.987663
0.987663
0.987663
0.987663
0.987663
0.987663
0.987664
0.987663
0.987664
0.987663
0.987663
0.987663
0.987663
0.987663
0.987663
0.987663
0.987663
0.987663
0.987663
0.987664
0.987664
0.987664
0.987664
0.987664
0.987663
0.987663
0.987663
0.987663
0.987663
0.987663
0.987663
0.987663
0.987663
0.987663
0.987664
0.987664
0.987664
0.987664
0.987664
0.987664
0.987663
0.987664
0.987663
0.987663
0.987663
0.987663
0.987663
0.987663
0.987663
0.987663
0.987663
0.987663
0.987663
0.987663
0.987664
0.987663
0.987663
0.987663
0.987663
0.987663
0.987663
0.987663
0.987663
0.987664
0.987664
0.987664
0.987664
0.987664
0.987664
0.987664
0.987664
0.987664
0.987664
0.987663
0.987663
0.987663
0.987663
0.987664
0.987664
0.987664
0.987664
0.987664
0.987664
0.987664
0.987664
0.987664
0.987664
0.987664
0.987664
0.987663
0.987664
0.987664
0.987664
0.987664
0.987664
0.987664
0.987664
0.987664
0.987664
0.987664
0.987664
0.987664
0.987664
0.987664
0.987664
0.987664
0.987664
0.987664
0.987664
0.987664
0.987663
0.987664
0.987664
0.987664
0.987664
0.987664
0.987664
0.987664
0.987664
0.987664
0.987664
0.987664
0.987664
0.987664
0.987664
0.987664
0.987664
0.987664
0.987664
0.987664
0.987664
0.987664
0.987664
0.987664
0.987664
0.987664
0.987664
0.987664
0.987664
0.987664
0.987664
0.987664
0.987664
0.987664
0.987664
0.987664
0.987664
0.987664
0.987664
0.987664
0.987664
0.987664
0.987664
0.987664
0.987664
0.987664
0.987664
0.987665
0.987664
0.987665
0.987664
0.987664
0.987664
0.987664
0.987664
0.987664
0.987664
0.987664
0.987664
0.987664
0.987664
0.987664
0.987665
0.987665
0.987665
0.987665
0.987665
0.987665
0.987665
0.987664
0.987665
0.987664
0.987664
0.987664
0.987664
0.987664
0.987664
0.987664
0.987664
0.987665
0.987665
0.987665
0.987665
0.987665
0.987665
0.987665
0.987665
0.987665
0.987665
0.987665
0.987665
0.987665
0.987665
0.987664
0.987664
0.987664
0.987664
0.987665
0.987665
0.987665
0.987665
0.987665
0.987665
0.987665
0.987665
0.987665
0.987665
0.987665
0.987665
0.987665
0.987665
0.987665
0.987665
0.987664
0.987664
0.987665
0.987665
0.987665
0.987665
0.987665
0.987665
0.987665
0.987665
0.987665
0.987665
0.987665
0.987665
0.987665
0.987665
0.987665
0.987665
0.987665
0.987665
0.987665
0.987665
0.987665
0.987665
0.987665
0.987664
0.987665
0.987665
0.987665
0.987665
0.987666
0.987666
0.987666
0.987666
0.987666
0.987666
0.987666
0.987665
0.987665
0.987665
0.987665
0.987665
0.987665
0.987665
0.987666
0.987666
0.987666
0.987666
0.987666
0.987666
0.987666
0.987666
0.987666
0.987666
0.987666
0.987665
0.987665
0.987666
0.987665
0.987666
0.987666
0.987666
0.987666
0.987666
0.987666
0.987666
0.987666
0.987666
0.987666
0.987666
0.987666
0.987665
0.987665
0.987666
0.987665
0.987666
0.987666
0.987666
0.987666
0.987666
0.987666
0.987666
0.987666
0.987666
0.987666
0.987666
0.987666
0.987666
0.987666
0.987666
0.987666
0.987665
0.987665
0.987666
0.987666
0.987666
0.987666
0.987666
0.987666
0.987666
0.987666
0.987666
0.987666
0.987666
0.987666
0.987666
0.987666
0.987666
0.987665
0.987666
0.987666
0.987666
0.987666
0.987666
0.987666
0.987666
0.987666
0.987666
0.987666
0.987666
0.987666
0.987666
0.987666
0.987666
0.987666
0.987666
0.987666
0.987666
0.987666
0.987666
0.987666
0.987666
0.987666
0.987666
0.987666
0.987666
0.987666
0.987666
0.987666
0.987666
0.987666
0.987666
0.987666
0.987666
0.987666
0.987666
0.987667
0.987666
0.987667
0.987666
0.987666
0.987666
0.987666
0.987666
0.987666
0.987666
0.987666
0.987666
0.987666
0.987666
0.987666
0.987666
0.987666
0.987666
0.987667
0.987667
0.987667
0.987667
0.987667
0.987667
0.987667
0.987666
0.987666
0.987666
0.987666
0.987666
0.987666
0.987666
0.987667
0.987667
0.987667
0.987667
0.987667
0.987667
0.987667
0.987667
0.987667
0.987667
0.987667
0.987667
0.987667
0.987667
0.987667
0.987666
0.987667
0.987667
0.987667
0.987667
0.987667
0.987667
0.987667
0.987666
0.987666
0.987667
0.987666
0.987667
0.987667
0.987667
0.987667
0.987667
0.987667
0.987667
0.987667
0.987667
0.987667
0.987667
0.987667
0.987667
0.987667
0.987667
0.987667
0.987667
0.987667
0.987667
0.987667
0.987667
0.987667
0.987667
0.987667
0.987667
0.987667
0.987667
0.987667
0.987667
0.987667
0.987667
0.987667
0.987667
0.987667
0.987667
0.987667
0.987667
0.987666
0.987666
0.987666
0.987667
0.987667
0.987668
0.987668
0.987668
0.987668
0.987667
0.987667
0.987667
0.987667
0.987667
0.987667
0.987667
0.987668
0.987668
0.987668
0.987668
0.987668
0.987668
0.987668
0.987668
0.987668
0.987668
0.987668
0.987668
0.987668
0.987667
0.987667
0.987668
0.987667
0.987668
0.987668
0.987668
0.987668
0.987668
0.987668
0.987668
0.987668
0.987668
0.987668
0.987668
0.987668
0.987668
0.987668
0.987668
0.987668
0.987667
0.987668
0.987668
0.987668
0.987668
0.987668
0.987668
0.987668
0.987668
0.987668
0.987668
0.987668
0.987668
0.987668
0.987668
0.987668
0.987668
0.987668
0.987668
0.987667
0.987668
0.987668
0.987668
0.987668
0.987668
0.987668
0.987668
0.987668
0.987668
0.987668
0.987668
0.987668
0.987668
0.987668
0.987668
0.987668
0.987668
0.987668
0.987668
0.987668
0.987668
0.987668
0.987668
0.987668
0.987668
0.987668
0.987668
0.987668
0.987668
0.987668
0.987668
0.987668
0.987668
0.987668
0.987668
0.987668
0.987668
0.987668
0.987668
0.987668
0.987668
0.987668
0.987668
0.987668
0.987668
0.987668
0.987668
0.987668
0.987668
0.987668
0.987668
0.987668
0.987668
0.987668
0.987668
0.987668
0.987669
0.987668
0.987668
0.987668
0.987668
0.987668
0.987668
0.987668
0.987668
0.987668
0.987668
0.987668
0.987669
0.987668
0.987669
0.987668
0.987669
0.987668
0.987668
0.987668
0.987668
0.987668
0.987668
0.987668
0.987668
0.987669
0.987668
0.987669
0.987669
0.987669
0.987669
0.987669
0.987669
0.987668
0.987668
0.987668
0.987668
0.987668
0.987668
0.987668
0.987669
0.987669
0.987669
0.987669
0.987669
0.987669
0.987669
0.987669
0.987669
0.987669
0.987669
0.987668
0.987669
0.987669
0.987668
0.987669
0.987669
0.987668
0.987669
0.987669
0.987669
0.987669
0.987669
0.987669
0.987669
0.987669
0.987669
0.987669
0.987669
0.987669
0.987669
0.987669
0.987669
0.987669
0.987669
0.987669
0.987669
0.987668
0.987669
0.987669
0.987669
0.987669
0.987669
0.987669
0.987669
0.987669
0.987669
0.987669
0.987669
0.987669
0.987669
0.987669
0.987669
0.987668
0.987669
0.987669
0.987669
0.987669
0.987669
0.987669
0.987669
0.987669
0.987669
0.987669
0.987669
0.987669
0.987669
0.987669
0.987669
0.987669
0.987669
0.987669
0.987669
0.987669
0.987669
0.987669
0.987669
0.987669
0.987669
0.987669
0.987669
0.987669
0.987669
0.987669
0.987669
0.987669
0.987669
0.987669
0.987669
0.987669
0.987669
0.987669
0.987669
0.987669
0.987669
0.987669
0.987670
0.987669
0.987669
0.987669
0.987669
0.987669
0.987669
0.987669
0.987669
0.987669
0.987669
0.987669
0.987669
0.987669
0.987669
0.987669
0.987669
0.987669
0.987670
0.987669
0.987670
0.987670
0.987669
0.987670
0.987669
0.987669
0.987669
0.987669
0.987669
0.987669
0.987669
0.987669
0.987670
0.987669
0.987670
0.987670
0.987670
0.987670
0.987670
0.987670
0.987670
0.987669
0.987669
0.987669
0.987669
0.987669
0.987669
0.987669
0.987670
0.987669
0.987669
0.987669
0.987669
0.987669
0.987669
0.987669
0.987670
0.987670
0.987670
0.987670
0.987670
0.987670
0.987670
0.987670
0.987670
0.987669
0.987669
0.987669
0.987670
0.987670
0.987670
0.987670
0.987670
0.987670
0.987670
0.987670
0.987670
0.987670
0.987670
0.987670
0.987670
0.987670
0.987670
0.987670
0.987670
0.987670
0.987670
0.987670
0.987670
0.987670
0.987669
0.987670
0.987670
0.987670
0.987670
0.987670
0.987671
0.987670
0.987670
0.987670
0.987670
0.987670
0.987670
0.987670
0.987670
0.987670
0.987670
0.987670
0.987670
0.987670
0.987670
0.987670
0.987670
0.987670
0.987670
0.987670
0.987670
0.987670
0.987670
0.987670
0.987670
0.987670
0.987670
0.987670
0.987670
0.987670
0.987670
0.987670
0.987670
0.987670
0.987671
0.987670
0.987671
0.987670
0.987671
0.987670
0.987670
0.987670
0.987670
0.987670
0.987670
0.987670
0.987670
0.987670
0.987670
0.987670
0.987671
0.987671
0.987671
0.987671
0.987671
0.987671
0.987671
0.987671
0.987671
0.987671
0.987671
0.987671
0.987671
0.987671
0.987671
0.987671
0.987671
0.987671
0.987671
0.987671
0.987671
0.987671
0.987671
0.987671
0.987671
0.987671
0.987670
0.987671
0.987671
0.987671
0.987671
0.987671
0.987671
0.987671
0.987671
0.987671
0.987671
0.987671
0.987671
0.987671
0.987671
0.987671
0.987671
0.987671
0.987671
0.987671
0.987671
0.987671
0.987671
0.987671
0.987671
0.987671
0.987671
0.987671
0.987671
0.987671
0.987671
0.987671
0.987671
0.987671
0.987671
0.987671
0.987671
0.987671
0.987671
0.987671
0.987671
0.987671
0.987671
0.987671
0.987671
0.987671
0.987671
0.987671
0.987671
0.987671
0.987671
0.987671
0.987671
0.987671
0.987671
0.987671
0.987671
0.987671
0.987671
0.987671
0.987671
0.987671
0.987671
0.987671
0.987671
0.987671
0.987671
0.987671
0.987671
0.987671
0.987671
0.987671
0.987671
0.987671
0.987671
0.987671
0.987671
0.987671
0.987671
0.987671
0.987671
0.987671
0.987671
0.987671
0.987671
0.987671
0.987671
0.987671
0.987671
0.987671
0.987671
0.987671
0.987671
0.987671
0.987671
0.987671
0.987671
0.987671
0.987671
0.987671
0.987671
0.987671
0.987671
0.987671
0.987671
0.987671
0.987671
0.987672
0.987671
0.987672
0.987672
0.987671
0.987672
0.987672
0.987671
0.987672
0.987672
0.987672
0.987672
0.987672
0.987671
0.987671
0.987671
0.987671
0.987671
0.987672
0.987671
0.987672
0.987672
0.987671
0.987672
0.987672
0.987672
0.987672
0.987672
0.987672
0.987672
0.987672
0.987672
0.987672
0.987672
0.987672
0.987672
0.987672
0.987672
0.987672
0.987672
0.987672
0.987672
0.987672
0.987672
0.987672
0.987672
0.987672
0.987672
0.987672
0.987672
0.987672
0.987672
0.987672
0.987672
0.987672
0.987672
0.987672
0.987672
0.987672
0.987672
0.987672
0.987672
0.987672
0.987672
0.987672
0.987672
0.987672
0.987672
0.987672
0.987672
0.987672
0.987672
0.987672
0.987672
0.987672
0.987672
0.987672
0.987672
0.987672
0.987672
0.987672
0.987672
0.987672
0.987672
0.987672
0.987672
0.987672
0.987672
0.987672
0.987672
0.987672
0.987672
0.987672
0.987672
0.987672
0.987672
0.987672
0.987672
0.987672
0.987672
0.987672
0.987672
0.987672
0.987672
0.987672
0.987672
0.987672
0.987672
0.987672
0.987672
0.987672
0.987672
0.987672
0.987672
0.987672
0.987672
0.987672
0.987672
0.987672
0.987672
0.987672
0.987672
0.987672
0.987672
0.987672
0.987672
0.987672
0.987672
0.987672
0.987672
0.987672
0.987672
0.987672
0.987672
0.987672
0.987672
0.987672
0.987672
0.987672
0.987672
0.987672
0.987672
0.987672
0.987672
0.987672
0.987672
0.987672
0.987672
0.987672
0.987672
0.987672
0.987672
0.987672
0.987672
0.987672
0.987672
0.987672
0.987672
0.987673
0.987672
0.987672
0.987673
0.987672
0.987672
0.987673
0.987672
0.987672
0.987673
0.987672
0.987672
0.987673
0.987672
0.987672
0.987673
0.987672
0.987672
0.987673
0.987672
0.987673
0.987673
0.987672
0.987673
0.987673
0.987672
0.987673
0.987673
0.987672
0.987673
0.987673
0.987672
0.987673
0.987673
0.987672
0.987673
0.987673
0.987672
0.987673
0.987673
0.987672
0.987673
0.987673
0.987672
0.987673
0.987673
0.987672
0.987673
0.987673
0.987672
0.987673
0.987673
0.987672
0.987673
0.987673
0.987673
0.987673
0.987672
0.987672
0.987672
0.987672
0.987672
0.987673
0.987673
0.987673
0.987673
0.987673
0.987673
0.987673
0.987673
0.987673
0.987673
0.987673
0.987673
0.987673
0.987673
0.987673
0.987673
0.987673
0.987673
0.987673
0.987673
0.987673
0.987673
0.987673
0.987673
0.987673
0.987673
0.987673
0.987672
0.987673
0.987673
0.987673
0.987673
0.987673
0.987673
0.987673
0.987672
0.987672
0.987673
0.987673
0.987673
0.987673
0.987674
0.987673
0.987673
0.987673
0.987673
0.987673
0.987673
0.987673
0.987672
0.987673
0.987673
0.987674
0.987674
0.987674
0.987674
0.987674
0.987674
0.987674
0.987674
0.987674
0.987674
0.987674
0.987674
0.987674
0.987674
0.987674
0.987674
0.987674
0.987674
0.987673
0.987673
0.987673
0.987673
0.987673
0.987674
0.987674
0.987675
0.987674
0.987675
0.987674
0.987674
0.987674
0.987674
0.987674
0.987674
0.987674
0.987674
0.987674
0.987674
0.987674
0.987674
0.987674
0.987673
0.987674
0.987674
0.987675
0.987674
0.987675
0.987674
0.987675
0.987674
0.987674
0.987674
0.987674
0.987674
0.987674
0.987674
0.987674
0.987674
0.987674
0.987674
0.987675
0.987674
0.987674
0.987674
0.987674
0.987675
0.987674
0.987674
0.987674
0.987674
0.987674
0.987675
0.987675
0.987675
0.987675
0.987675
0.987675
0.987675
0.987675
0.987675
0.987675
0.987675
0.987674
0.987675
0.987675
0.987675
0.987675
0.987675
0.987676
0.987675
0.987675
0.987675
0.987675
0.987675
0.987675
0.987675
0.987675
0.987675
0.987675
0.987675
0.987675
0.987675
0.987675
0.987675
0.987675
0.987675
0.987675
0.987675
0.987675
0.987675
0.987675
0.987675
0.987675
0.987675
0.987675
0.987675
0.987675
0.987675
0.987675
0.987675
0.987675
0.987675
0.987675
0.987675
0.987675
0.987675
0.987675
0.987676
0.987675
0.987675
0.987675
0.987675
0.987675
0.987676
0.987676
0.987676
0.987676
0.987676
0.987676
0.987676
0.987676
0.987676
0.987676
0.987676
0.987676
0.987676
0.987676
0.987676
0.987676
0.987676
0.987676
0.987676
0.987676
0.987676
0.987675
0.987675
0.987674
0.987674
0.987675
0.987676
0.987677
0.987677
0.987677
0.987677
0.987677
0.987677
0.987677
0.987677
0.987677
0.987677
0.987677
0.987676
0.987676
0.987676
0.987676
0.987677
0.987677
0.987677
0.987677
0.987677
0.987677
0.987677
0.987677
0.987677
0.987677
0.987677
0.987677
0.987677
0.987677
0.987677
0.987677
0.987676
0.987676
0.987677
0.987677
0.987677
0.987677
0.987677
0.987678
0.987677
0.987677
0.987677
0.987677
0.987677
0.987677
0.987677
0.987677
0.987677
0.987677
0.987677
0.987677
0.987677
0.987677
0.987677
0.987677
0.987677
0.987677
0.987677
0.987677
0.987677
0.987677
0.987677
0.987677
0.987677
0.987677
0.987677
0.987677
0.987677
0.987677
0.987678
0.987677
0.987677
0.987677
0.987677
0.987677
0.987678
0.987677
0.987677
0.987677
0.987677
0.987677
0.987678
0.987678
0.987678
0.987678
0.987678
0.987678
0.987678
0.987677
0.987678
0.987677
0.987677
0.987677
0.987677
0.987677
0.987678
0.987678
0.987678
0.987678
0.987678
0.987678
0.987678
0.987678
0.987678
0.987678
0.987678
0.987678
0.987678
0.987677
0.987678
0.987678
0.987678
0.987678
0.987678
0.987678
0.987678
0.987678
0.987678
0.987678
0.987678
0.987678
0.987678
0.987678
0.987678
0.987678
0.987678
0.987678
0.987678
0.987678
0.987677
0.987677
0.987677
0.987678
0.987679
0.987679
0.987679
0.987679
0.987679
0.987679
0.987679
0.987679
0.987679
0.987678
0.987678
0.987678
0.987678
0.987678
0.987679
0.987679
0.987679
0.987679
0.987679
0.987679
0.987679
0.987679
0.987679
0.987679
0.987679
0.987679
0.987679
0.987678
0.987679
0.987678
0.987679
0.987679
0.987679
0.987679
0.987679
0.987679
0.987679
0.987679
0.987678
0.987678
0.987677
0.987678
0.987679
0.987680
0.987680
0.987680
0.987680
0.987680
0.987680
0.987680
0.987680
0.987680
0.987680
0.987680
0.987680
0.987680
0.987680
0.987680
0.987680
0.987680
0.987680
0.987680
0.987680
0.987680
0.987680
0.987680
0.987680
0.987680
0.987680
0.987680
0.987680
0.987680
0.987680
0.987680
0.987680
0.987680
0.987680
0.987680
0.987680
0.987680
0.987680
0.987680
0.987680
0.987680
0.987680
0.987680
0.987681
0.987681
0.987681
0.987681
0.987681
0.987681
0.987680
0.987681
0.987680
0.987681
0.987680
0.987680
0.987681
0.987680
0.987681
0.987680
0.987680
0.987680
0.987680
0.987680
0.987681
0.987681
0.987681
0.987681
0.987681
0.987681
0.987681
0.987681
0.987681
0.987681
0.987681
0.987681
0.987681
0.987681
0.987681
0.987681
0.987681
0.987681
0.987681
0.987681
0.987681
0.987681
0.987681
0.987681
0.987681
0.987681
0.987681
0.987681
0.987681
0.987681
0.987681
0.987681
0.987681
0.987681
0.987681
0.987681
0.987681
0.987681
0.987681
0.987681
0.987681
0.987681
0.987681
0.987681
0.987681
0.987681
0.987681
0.987681
0.987681
0.987681
0.987682
0.987682
0.987682
0.987682
0.987682
0.987682
0.987681
0.987681
0.987681
0.987681
0.987681
0.987681
0.987681
0.987682
0.987681
0.987682
0.987681
0.987682
0.987682
0.987682
0.987681
0.987681
0.987681
0.987681
0.987681
0.987682
0.987682
0.987682
0.987682
0.987682
0.987682
0.987682
0.987682
0.987682
0.987682
0.987682
0.987682
0.987682
0.987682
0.987682
0.987682
0.987681
0.987681
0.987681
0.987680
0.987681
0.987682
0.987683
0.987683
0.987683
0.987683
0.987683
0.987683
0.987683
0.987683
0.987683
0.987683
0.987682
0.987682
0.987682
0.987681
0.987682
0.987683
0.987683
0.987684
0.987684
0.987684
0.987684
0.987683
0.987683
0.987683
0.987683
0.987683
0.987683
0.987683
0.987683
0.987683
0.987683
0.987683
0.987683
0.987683
0.987683
0.987683
0.987683
0.987683
0.987683
0.987683
0.987683
0.987683
0.987683
0.987683
0.987683
0.987683
0.987683
0.987683
0.987683
0.987683
0.987683
0.987683
0.987684
0.987683
0.987684
0.987683
0.987684
0.987683
0.987683
0.987683
0.987684
0.987683
0.987684
0.987684
0.987684
0.987684
0.987684
0.987684
0.987684
0.987684
0.987683
0.987684
0.987683
0.987684
0.987683
0.987684
0.987684
0.987684
0.987684
0.987684
0.987684
0.987684
0.987684
0.987684
0.987684
0.987684
0.987684
0.987684
0.987684
0.987684
0.987684
0.987684
0.987684
0.987684
0.987684
0.987684
0.987684
0.987684
0.987684
0.987684
0.987684
0.987684
0.987684
0.987684
0.987684
0.987684
0.987684
0.987684
0.987684
0.987684
0.987684
0.987684
0.987684
0.987684
0.987684
0.987684
0.987684
0.987684
0.987684
0.987684
0.987684
0.987684
0.987684
0.987684
0.987684
0.987684
0.987684
0.987684
0.987684
0.987684
0.987684
0.987684
0.987684
0.987684
0.987684
0.987684
0.987684
0.987684
0.987684
0.987684
0.987684
0.987684
0.987684
0.987684
0.987685
0.987684
0.987684
0.987684
0.987684
0.987684
0.987684
0.987684
0.987684
0.987684
0.987684
0.987685
0.987685
0.987685
0.987685
0.987685
0.987685
0.987685
0.987685
0.987684
0.987684
0.987685
0.987685
0.987685
0.987685
0.987685
0.987685
0.987685
0.987685
0.987685
0.987685
0.987685
0.987685
0.987685
0.987685
0.987685
0.987685
0.987685
0.987685
0.987685
0.987685
0.987685
0.987685
0.987685
0.987685
0.987685
0.987685
0.987684
0.987685
0.987685
0.987685
0.987684
0.987685
0.987685
0.987684
0.987685
0.987685
0.987685
0.987685
0.987685
0.987685
0.987685
0.987685
0.987685
0.987685
0.987685
0.987685
0.987685
0.987685
0.987685
0.987685
0.987685
0.987685
0.987685
0.987685
0.987685
0.987685
0.987685
0.987685
0.987685
0.987685
0.987685
0.987685
0.987685
0.987686
0.987685
0.987685
0.987684
0.987684
0.987685
0.987686
0.987686
0.987687
0.987687
0.987687
0.987687
0.987686
0.987686
0.987686
0.987686
0.987686
0.987686
0.987686
0.987686
0.987686
0.987686
0.987686
0.987686
0.987686
0.987686
0.987686
0.987686
0.987686
0.987685
0.987686
0.987686
0.987686
0.987687
0.987686
0.987687
0.987686
0.987686
0.987686
0.987686
0.987686
0.987686
0.987686
0.987686
0.987686
0.987686
0.987686
0.987686
0.987687
0.987686
0.987686
0.987686
0.987686
0.987686
0.987686
0.987686
0.987686
0.987687
0.987686
0.987686
0.987686
0.987686
0.987686
0.987686
0.987686
0.987687
0.987687
0.987687
0.987687
0.987687
0.987686
0.987686
0.987685
0.987685
0.987686
0.987687
0.987687
0.987688
0.987688
0.987688
0.987687
0.987687
0.987687
0.987687
0.987687
0.987687
0.987687
0.987687
0.987687
0.987687
0.987687
0.987687
0.987687
0.987687
0.987687
0.987687
0.987687
0.987687
0.987687
0.987687
0.987687
0.987687
0.987687
0.987687
0.987687
0.987687
0.987687
0.987687
0.987688
0.987687
0.987687
0.987687
0.987687
0.987687
0.987687
0.987688
0.987688
0.987688
0.987687
0.987688
0.987687
0.987688
0.987687
0.987688
0.987688
0.987688
0.987688
0.987688
0.987688
0.987688
0.987688
0.987687
0.987687
0.987687
0.987688
0.987687
0.987687
0.987687
0.987687
0.987687
0.987688
0.987688
0.987688
0.987688
0.987688
0.987688
0.987688
0.987688
0.987688
0.987688
0.987688
0.987688
0.987688
0.987688
0.987688
0.987688
0.987688
0.987688
0.987688
0.987688
0.987688
0.987688
0.987688
0.987688
0.987688
0.987688
0.987688
0.987688
0.987688
0.987688
0.987688
0.987688
0.987688
0.987688
0.987688
0.987688
0.987688
0.987688
0.987688
0.987688
0.987689
0.987689
0.987689
0.987689
0.987688
0.987688
0.987688
0.987688
0.987688
0.987688
0.987688
0.987688
0.987689
0.987688
0.987688
0.987688
0.987688
0.987689
0.987688
0.987688
0.987688
0.987688
0.987688
0.987689
0.987688
0.987689
0.987689
0.987689
0.987689
0.987689
0.987688
0.987688
0.987688
0.987688
0.987688
0.987689
0.987689
0.987689
0.987689
0.987689
0.987689
0.987689
0.987689
0.987689
0.987689
0.987689
0.987688
0.987689
0.987689
0.987689
0.987688
0.987689
0.987688
0.987689
0.987688
0.987689
0.987689
0.987689
0.987689
0.987689
0.987689
0.987689
0.987689
0.987689
0.987689
0.987689
0.987689
0.987689
0.987689
0.987688
0.987688
0.987689
0.987689
0.987689
0.987689
0.987690
0.987690
0.987690
0.987689
0.987690
0.987689
0.987689
0.987689
0.987689
0.987689
0.987689
0.987689
0.987689
0.987689
0.987689
0.987689
0.987689
0.987689
0.987689
0.987689
0.987689
0.987689
0.987689
0.987689
0.987689
0.987689
0.987689
0.987689
0.987689
0.987689
0.987689
0.987689
0.987689
0.987689
0.987689
0.987689
0.987689
0.987690
0.987690
0.987690
0.987690
0.987690
0.987690
0.987690
0.987690
0.987689
0.987690
0.987689
0.987690
0.987689
0.987690
0.987690
0.987690
0.987690
0.987690
0.987690
0.987690
0.987690
0.987690
0.987690
0.987690
0.987690
0.987690
0.987690
0.987690
0.987690
0.987690
0.987690
0.987690
0.987690
0.987690
0.987690
0.987690
0.987690
0.987690
0.987690
0.987690
0.987690
0.987690
0.987690
0.987690
0.987690
0.987690
0.987690
0.987690
0.987690
0.987690
0.987690
0.987690
0.987690
0.987690
0.987690
0.987690
0.987690
0.987690
0.987690
0.987690
0.987690
0.987690
0.987690
0.987690
0.987690
0.987690
0.987690
0.987690
0.987690
0.987689
0.987690
0.987690
0.987691
0.987691
0.987691
0.987690
0.987691
0.987690
0.987690
0.987690
0.987690
0.987691
0.987691
0.987691
0.987690
0.987690
0.987690
0.987690
0.987690
0.987691
0.987691
0.987691
0.987690
0.987691
0.987690
0.987691
0.987690
0.987691
0.987691
0.987691
0.987691
0.987691
0.987691
0.987690
0.987690
0.987690
0.987690
0.987690
0.987691
0.987691
0.987691
0.987691
0.987691
0.987691
0.987691
0.987691
0.987691
0.987691
0.987691
0.987691
0.987691
0.987691
0.987691
0.987691
0.987691
0.987691
0.987691
0.987691
0.987691
0.987691
0.987691
0.987691
0.987691
0.987691
0.987691
0.987691
0.987691
0.987691
0.987691
0.987691
0.987691
0.987691
0.987691
0.987691
0.987691
0.987691
0.987691
0.987691
0.987691
0.987691
0.987691
0.987691
0.987691
0.987691
0.987691
0.987691
0.987691
0.987692
0.987691
0.987691
0.987691
0.987691
0.987691
0.987691
0.987691
0.987691
0.987692
0.987691
0.987691
0.987691
0.987691
0.987691
0.987691
0.987691
0.987691
0.987691
0.987692
0.987691
0.987692
0.987691
0.987692
0.987692
0.987692
0.987691
0.987692
0.987691
0.987692
0.987691
0.987692
0.987691
0.987692
0.987691
0.987692
0.987691
0.987692
0.987692
0.987692
0.987692
0.987692
0.987692
0.987692
0.987692
0.987692
0.987692
0.987692
0.987692
0.987692
0.987692
0.987692
0.987692
0.987692
0.987692
0.987692
0.987692
0.987692
0.987692
0.987692
0.987692
0.987692
0.987692
0.987692
0.987692
0.987692
0.987692
0.987692
0.987692
0.987692
0.987692
0.987692
0.987692
0.987692
0.987692
0.987692
0.987692
0.987692
0.987692
0.987692
0.987692
0.987692
0.987692
0.987692
0.987692
0.987692
0.987692
0.987692
0.987692
0.987692
0.987692
0.987692
0.987692
0.987693
0.987692
0.987692
0.987692
0.987691
0.987692
0.987693
0.987693
0.987693
0.987693
0.987693
0.987693
0.987693
0.987692
0.987692
0.987692
0.987693
0.987693
0.987693
0.987692
0.987693
0.987692
0.987693
0.987692
0.987693
0.987693
0.987693
0.987693
0.987693
0.987693
0.987693
0.987692
0.987693
0.987692
0.987692
0.987692
0.987693
0.987692
0.987693
0.987693
0.987692
0.987693
0.987693
0.987693
0.987693
0.987693
0.987693
0.987693
0.987693
0.987693
0.987693
0.987693
0.987693
0.987693
0.987693
0.987693
0.987693
0.987693
0.987693
0.987693
0.987693
0.987693
0.987693
0.987693
0.987694
0.987693
0.987693
0.987693
0.987693
0.987693
0.987693
0.987693
0.987693
0.987693
0.987693
0.987693
0.987693
0.987693
0.987693
0.987692
0.987693
0.987693
0.987694
0.987694
0.987694
0.987694
0.987694
0.987694
0.987693
0.987694
0.987693
0.987694
0.987694
0.987694
0.987694
0.987694
0.987694
0.987693
0.987693
0.987693
0.987693
0.987693
0.987694
0.987694
0.987694
0.987694
0.987694
0.987693
0.987694
0.987693
0.987694
0.987694
0.987694
0.987694
0.987694
0.987694
0.987694
0.987694
0.987694
0.987694
0.987694
0.987694
0.987694
0.987693
0.987694
0.987694
0.987694
0.987694
0.987694
0.987694
0.987694
0.987694
0.987694
0.987694
0.987694
0.987694
0.987694
0.987694
0.987694
0.987694
0.987694
0.987694
0.987694
0.987694
0.987694
0.987694
0.987694
0.987694
0.987694
0.987694
0.987694
0.987694
0.987694
0.987694
0.987694
0.987693
0.987694
0.987694
0.987695
0.987695
0.987695
0.987695
0.987695
0.987695
0.987695
0.987695
0.987694
0.987694
0.987694
0.987695
0.987695
0.987695
0.987694
0.987695
0.987694
0.987694
0.987694
0.987695
0.987695
0.987695
0.987695
0.987695
0.987695
0.987695
0.987695
0.987695
0.987695
0.987695
0.987695
0.987695
0.987695
0.987695
0.987695
0.987695
0.987695
0.987695
0.987694
0.987695
0.987695
0.987695
0.987695
0.987695
0.987695
0.987695
0.987695
0.987695
0.987695
0.987695
0.987695
0.987695
0.987695
0.987695
0.987695
0.987695
0.987695
0.987695
0.987695
0.987695
0.987695
0.987695
0.987695
0.987695
0.987695
0.987695
0.987695
0.987695
0.987695
0.987695
0.987695
0.987695
0.987695
0.987695
0.987695
0.987695
0.987695
0.987694
0.987695
0.987695
0.987696
0.987696
0.987696
0.987696
0.987695
0.987696
0.987695
0.987696
0.987695
0.987695
0.987695
0.987695
0.987695
0.987696
0.987695
0.987695
0.987695
0.987695
0.987695
0.987695
0.987695
0.987695
0.987695
0.987696
0.987695
0.987695
0.987695
0.987695
0.987695
0.987696
0.987695
0.987695
0.987695
0.987695
0.987695
0.987695
0.987696
0.987696
0.987696
0.987696
0.987696
0.987696
0.987696
0.987695
0.987696
0.987695
0.987696
0.987696
0.987696
0.987696
0.987696
0.987696
0.987696
0.987696
0.987696
0.987696
0.987696
0.987695
0.987696
0.987696
0.987696
0.987696
0.987696
0.987696
0.987696
0.987696
0.987696
0.987696
0.987696
0.987696
0.987696
0.987696
0.987696
0.987696
0.987696
0.987696
0.987696
0.987696
0.987696
0.987696
0.987696
0.987696
0.987696
0.987696
0.987696
0.987696
0.987696
0.987696
0.987696
0.987695
0.987695
0.987696
0.987696
0.987696
0.987697
0.987696
0.987697
0.987696
0.987696
0.987696
0.987696
0.987696
0.987696
0.987696
0.987696
0.987696
0.987696
0.987696
0.987696
0.987696
0.987697
0.987696
0.987697
0.987697
0.987697
0.987697
0.987697
0.987696
0.987697
0.987696
0.987696
0.987696
0.987696
0.987696
0.987697
0.987697
0.987697
0.987697
0.987697
0.987697
0.987697
0.987697
0.987697
0.987697
0.987697
0.987697
0.987697
0.987696
0.987697
0.987696
0.987697
0.987697
0.987697
0.987697
0.987697
0.987697
0.987697
0.987697
0.987697
0.987696
0.987697
0.987697
0.987697
0.987697
0.987697
0.987697
0.987697
0.987697
0.987697
0.987697
0.987697
0.987697
0.987697
0.987697
0.987697
0.987697
0.987697
0.987697
0.987697
0.987697
0.987697
0.987697
0.987697
0.987697
0.987697
0.987697
0.987697
0.987697
0.987697
0.987697
0.987697
0.987697
0.987697
0.987697
0.987697
0.987697
0.987697
0.987697
0.987697
0.987697
0.987697
0.987697
0.987697
0.987697
0.987697
0.987697
0.987697
0.987697
0.987698
0.987697
0.987698
0.987697
0.987698
0.987697
0.987697
0.987697
0.987697
0.987697
0.987698
0.987698
0.987698
0.987698
0.987698
0.987697
0.987697
0.987697
0.987697
0.987697
0.987698
0.987698
0.987698
0.987698
0.987698
0.987697
0.987698
0.987698
0.987698
0.987698
0.987698
0.987697
0.987697
0.987697
0.987697
0.987697
0.987698
0.987698
0.987698
0.987698
0.987698
0.987698
0.987698
0.987698
0.987698
0.987698
0.987698
0.987698
0.987698
0.987698
0.987698
0.987698
0.987698
0.987698
0.987698
0.987698
0.987698
0.987698
0.987698
0.987698
0.987698
0.987698
0.987698
0.987698
0.987698
0.987698
0.987698
0.987698
0.987698
0.987698
0.987698
0.987698
0.987698
0.987698
0.987698
0.987698
0.987698
0.987698
0.987697
0.987697
0.987697
0.987698
0.987698
0.987699
0.987699
0.987699
0.987699
0.987698
0.987699
0.987698
0.987699
0.987698
0.987698
0.987698
0.987699
0.987698
0.987698
0.987698
0.987698
0.987698
0.987699
0.987698
0.987698
0.987698
0.987698
0.987698
0.987698
0.987698
0.987698
0.987698
0.987698
0.987698
0.987699
0.987699
0.987699
0.987699
0.987699
0.987699
0.987699
0.987698
0.987699
0.987698
0.987699
0.987699
0.987699
0.987699
0.987699
0.987699
0.987699
0.987699
0.987699
0.987699
0.987699
0.987699
0.987699
0.987699
0.987699
0.987699
0.987699
0.987699
0.987699
0.987699
0.987698
0.987699
0.987699
0.987699
0.987699
0.987699
0.987699
0.987699
0.987699
0.987699
0.987699
0.987699
0.987699
0.987699
0.987699
0.987699
0.987699
0.987699
0.987699
0.987699
0.987699
0.987699
0.987699
0.987699
0.987699
0.987699
0.987699
0.987699
0.987699
0.987699
0.987699
0.987699
0.987699
0.987699
0.987699
0.987699
0.987699
0.987699
0.987699
0.987699
0.987699
0.987699
0.987699
0.987699
0.987699
0.987699
0.987699
0.987699
0.987699
0.987699
0.987699
0.987699
0.987699
0.987699
0.987699
0.987699
0.987699
0.987699
0.987699
0.987699
0.987699
0.987699
0.987699
0.987699
0.987699
0.987699
0.987699
0.987699
0.987699
0.987699
0.987699
0.987700
0.987699
0.987699
0.987699
0.987699
0.987699
0.987700
0.987700
0.987700
0.987700
0.987700
0.987699
0.987700
0.987700
0.987700
0.987699
0.987700
0.987699
0.987700
0.987699
0.987700
0.987699
0.987700
0.987699
0.987700
0.987700
0.987700
0.987700
0.987700
0.987700
0.987700
0.987700
0.987700
0.987699
0.987700
0.987699
0.987700
0.987700
0.987700
0.987700
0.987700
0.987700
0.987700
0.987700
0.987700
0.987700
0.987700
0.987700
0.987700
0.987700
0.987700
0.987700
0.987700
0.987700
0.987700
0.987700
0.987700
0.987700
0.987700
0.987700
0.987700
0.987700
0.987700
0.987700
0.987700
0.987700
0.987700
0.987699
0.987700
0.987700
0.987700
0.987700
0.987700
0.987700
0.987700
0.987700
0.987700
0.987700
0.987700
0.987700
0.987700
0.987700
0.987700
0.987700
0.987700
0.987700
0.987700
0.987700
0.987700
0.987700
0.987700
0.987700
0.987700
0.987700
0.987700
0.987700
0.987700
0.987700
0.987700
0.987700
0.987700
0.987700
0.987700
0.987700
0.987700
0.987700
0.987700
0.987700
0.987700
0.987700
0.987700
0.987700
0.987701
0.987700
0.987701
0.987700
0.987700
0.987700
0.987700
0.987700
0.987700
