0.050809
0.014352
0.019734
0.024575
0.029039
0.033143
0.036940
0.040558
0.044143
0.047793
0.051528
0.055313
0.059077
0.062733
0.066191
0.069375
0.072230
0.074726
0.076861
0.078651
0.080123
0.081316
0.082268
0.083019
0.083603
0.084052
0.084395
0.084656
0.084852
0.085001
0.085114
0.085200
0.085267
0.085322
0.085368
0.085410
0.085452
0.085494
0.085541
0.085593
0.085651
0.085717
0.085792
0.085875
0.085967
0.086068
0.086177
0.086294
0.086416
0.086543
0.086672
0.086800
0.086921
0.087027
0.087107
0.087145
0.087124
0.087023
0.086836
0.086590
0.086326
0.086069
0.085816
0.085548
0.085245
0.084891
0.084486
0.084034
0.083546
0.083039
0.082526
0.082025
0.081549
0.081109
0.080712
0.080360
0.080052
0.079786
0.079555
0.079357
0.079187
0.079042
0.078918
0.078812
0.078722
0.078647
0.078584
0.078531
0.078488
0.078454
0.078429
0.078410
0.078399
0.078395
0.078397
0.078407
0.078423
0.078447
0.078478
0.078516
0.078562
0.078615
0.078675
0.078743
0.078817
0.078899
0.078987
0.079081
0.079183
0.079289
0.079399
0.079510
0.079620
0.079728
0.079832
0.079938
0.080052
0.080183
0.080336
0.080510
0.080705
0.080917
0.081146
0.081390
0.081648
0.081919
0.082200
0.082493
0.082796
0.083108
0.083428
0.083755
0.084088
0.084423
0.084758
0.085087
0.085403
0.085700
0.085970
0.086207
0.086411
0.086593
0.086762
0.086930
0.087099
0.087269
0.087441
0.087613
0.087788
0.087967
0.088155
0.088351
0.088557
0.088773
0.088998
0.089233
0.089477
0.089731
0.089992
0.090261
0.090536
0.090817
0.091102
0.091390
0.091681
0.091974
0.092268
0.092564
0.092860
0.093158
0.093457
0.093758
0.094062
0.094377
0.094711
0.095037
0.095328
0.095612
0.095900
0.096191
0.096484
0.096767
0.097012
0.097229
0.097434
0.097632
0.097926
0.098209
0.098536
0.098815
0.099165
0.099387
0.099779
0.099962
0.100358
0.100592
0.100822
0.101102
0.101391
0.101677
0.101965
0.102222
0.102439
0.102658
0.102902
0.103164
0.103422
0.103679
0.103934
0.104186
0.104435
0.104682
0.104925
0.105166
0.105403
0.105637
0.105868
0.106095
0.106319
0.106538
0.106754
0.106966
0.107174
0.107378
0.107578
0.107774
0.107965
0.108152
0.108335
0.108513
0.108687
0.108856
0.109020
0.109179
0.109334
0.109483
0.109627
0.109766
0.109899
0.110026
0.110146
0.110261
0.110369
0.110470
0.110564
0.110651
0.110732
0.110807
0.110875
0.110937
0.110993
0.111043
0.111088
0.111127
0.111162
0.111191
0.111216
0.111236
0.111251
0.111263
0.111271
0.111275
0.111275
0.111272
0.111265
0.111255
0.111242
0.111225
0.111206
0.111183
0.111157
0.111128
0.111096
0.111062
0.111024
0.110983
0.110939
0.110892
0.110842
0.110788
0.110732
0.110672
0.110610
0.110544
0.110476
0.110405
0.110332
0.110258
0.110183
0.110109
0.110035
0.109964
0.109895
0.109828
0.109763
0.109701
0.109639
0.109579
0.109519
0.109461
0.109403
0.109346
0.109290
0.109235
0.109181
0.109129
0.109078
0.109028
0.108980
0.108933
0.108888
0.108843
0.108798
0.108754
0.108708
0.108660
0.108610
0.108554
0.108491
0.108420
0.108340
0.108250
0.108149
0.108037
0.107916
0.107786
0.107648
0.107505
0.107356
0.107203
0.107046
0.106887
0.106725
0.106560
0.106394
0.106226
0.106056
0.105884
0.105710
0.105535
0.105358
0.105179
0.104998
0.104816
0.104631
0.104445
0.104257
0.104067
0.103875
0.103682
0.103487
0.103290
0.103092
0.102892
0.102691
0.102488
0.102284
0.102077
0.101870
0.101660
0.101449
0.101237
0.101022
0.100806
0.100589
0.100369
0.100147
0.099924
0.099699
0.099472
0.099243
0.099012
0.098779
0.098545
0.098308
0.098069
0.097829
0.097586
0.097341
0.097094
0.096846
0.096595
0.096342
0.096087
0.095830
0.095571
0.095310
0.095047
0.094781
0.094514
0.094245
0.093973
0.093700
0.093425
0.093147
0.092868
0.092586
0.092302
0.092017
0.091729
0.091440
0.091148
0.090855
0.090559
0.090262
0.089963
0.089662
0.089359
0.089054
0.088747
0.088439
0.088128
0.087816
0.087503
0.087187
0.086870
0.086551
0.086231
0.085909
0.085586
0.085261
0.084934
0.084607
0.084277
0.083947
0.083615
0.083282
0.082947
0.082611
0.082274
0.081936
0.081597
0.081256
0.080914
0.080571
0.080226
0.079881
0.079534
0.079186
0.078836
0.078485
0.078133
0.077780
0.077425
0.077068
0.076711
0.076352
0.075991
0.075629
0.075266
0.074901
0.074535
0.074168
0.073799
0.073428
0.073057
0.072683
0.072309
0.071933
0.071556
0.071177
0.070798
0.070417
0.070034
0.069651
0.069266
0.068880
0.068493
0.068104
0.067715
0.067324
0.066932
0.066539
0.066146
0.065750
0.065354
0.064957
0.064559
0.064160
0.063760
0.063359
0.062957
0.062554
0.062150
0.061745
0.061339
0.060932
0.060524
0.060116
0.059706
0.059296
0.058884
0.058472
0.058059
0.057646
0.057231
0.056815
0.056399
0.055982
0.055564
0.055564
0.055145
0.054726
0.054305
0.053884
0.053462
0.053040
0.052616
0.052192
0.051767
0.051341
0.050915
0.050487
0.050059
0.049631
0.049201
0.048771
0.048340
0.047909
0.047477
0.047044
0.046610
0.046176
0.045741
0.045305
0.044869
0.044432
0.043994
0.043556
0.043117
0.042677
0.042237
0.041796
0.041354
0.040912
0.040470
0.040026
0.039582
0.039138
0.038693
0.038247
0.037801
0.037354
0.036906
0.036458
0.036010
0.035561
0.035111
0.034661
0.034210
0.033759
0.033307
0.032855
0.032402
0.031949
0.031495
0.031041
0.030586
0.030131
0.029675
0.029219
0.028762
0.028305
0.027848
0.027390
0.026932
0.026473
0.026014
0.025554
0.025094
0.024634
0.024173
0.023712
0.023251
0.022789
0.022327
0.021865
0.021402
0.020939
0.020475
0.020012
0.019548
0.019084
0.018619
0.018154
0.017689
0.017224
0.016758
0.016293
0.015827
0.015361
0.014894
0.014428
0.013961
0.013495
0.013028
0.012560
0.012093
0.011626
0.011159
0.010691
0.010224
0.009756
0.009288
0.008821
0.008353
0.007885
0.007418
0.006950
0.006482
0.006015
0.005547
0.005080
0.004613
0.004146
0.003679
0.003212
0.002745
0.002279
0.001812
0.001346
0.000881
0.000415
-0.000050
-0.000515
-0.000980
-0.001444
-0.001908
-0.002372
-0.002835
-0.003298
-0.003760
-0.004222
-0.004683
-0.005144
-0.005604
-0.006064
-0.006523
-0.006981
-0.007439
-0.007896
-0.008353
-0.008809
-0.009264
-0.009718
-0.010171
-0.010624
-0.011076
-0.011526
-0.011976
-0.012425
-0.012873
-0.013320
-0.013766
-0.014211
-0.014655
-0.015097
-0.015538
-0.015978
-0.016417
-0.016855
-0.017291
-0.017726
-0.018159
-0.018591
-0.019022
-0.019451
-0.019878
-0.020304
-0.020728
-0.021150
-0.021570
-0.021989
-0.022406
-0.022821
-0.023234
-0.023645
-0.024054
-0.024461
-0.024866
-0.025269
-0.025669
-0.026067
-0.026463
-0.026856
-0.027247
-0.027636
-0.028021
-0.028404
-0.028785
-0.029163
-0.029538
-0.029910
-0.030279
-0.030645
-0.031008
-0.031368
-0.031724
-0.032078
-0.032428
-0.032775
-0.033118
-0.033458
-0.033794
-0.034127
-0.034455
-0.034780
-0.035102
-0.035419
-0.035732
-0.036041
-0.036346
-0.036646
-0.036942
-0.037234
-0.037521
-0.037804
-0.038082
-0.038355
-0.038624
-0.038888
-0.039146
-0.039400
-0.039648
-0.039891
-0.040129
-0.040361
-0.040588
-0.040810
-0.041025
-0.041235
-0.041440
-0.041638
-0.041830
-0.042016
-0.042196
-0.042370
-0.042537
-0.042698
-0.042852
-0.043000
-0.043141
-0.043275
-0.043403
-0.043523
-0.043637
-0.043743
-0.043842
-0.043934
-0.044019
-0.044096
-0.044166
-0.044228
-0.044283
-0.044329
-0.044369
-0.044400
-0.044424
-0.044439
-0.044447
-0.044447
-0.044438
-0.044422
-0.044397
-0.044364
-0.044323
-0.044274
-0.044217
-0.044151
-0.044077
-0.043994
-0.043903
-0.043804
-0.043697
-0.043581
-0.043456
-0.043323
-0.043182
-0.043033
-0.042875
-0.042709
-0.042534
-0.042351
-0.042160
-0.041961
-0.041753
-0.041537
-0.041314
-0.041082
-0.040842
-0.040594
-0.040338
-0.040075
-0.039804
-0.039525
-0.039239
-0.038945
-0.038644
-0.038335
-0.038019
-0.037697
-0.037366
-0.037029
-0.036685
-0.036335
-0.035977
-0.035613
-0.035242
-0.034864
-0.034481
-0.034091
-0.033695
-0.033292
-0.032884
-0.032471
-0.032051
-0.031626
-0.031196
-0.030761
-0.030321
-0.029875
-0.029426
-0.028971
-0.028513
-0.028050
-0.027583
-0.027113
-0.026639
-0.026161
-0.025680
-0.025196
-0.024709
-0.024219
-0.023726
-0.023231
-0.022733
-0.022233
-0.021731
-0.021226
-0.020720
-0.020212
-0.019703
-0.019191
-0.018678
-0.018164
-0.017649
-0.017132
-0.016614
-0.016095
-0.015575
-0.015053
-0.014532
-0.014009
-0.013485
-0.012961
-0.012437
-0.011911
-0.011386
-0.010860
-0.010333
-0.009806
-0.009279
-0.008751
-0.008224
-0.007696
-0.007168
-0.006639
-0.006111
-0.005583
-0.005055
-0.004527
-0.003999
-0.003473
-0.002947
-0.002419
-0.001882
-0.001337
-0.000784
-0.000239
0.000323
0.000896
0.001393
0.001856
0.002340
0.002849
0.003378
0.003917
0.004457
0.004992
0.005524
0.006055
0.006588
0.007124
0.007661
0.008196
0.008739
0.009374
0.010025
0.010531
0.010971
0.011435
0.012030
0.012667
0.013141
0.013567
0.014041
0.014534
0.015192
0.015894
0.016349
0.016706
0.017185
0.017803
0.018510
0.018977
0.019337
0.019859
0.020434
0.021112
0.021833
0.022244
0.022483
0.023083
0.023832
0.024303
0.024592
0.025260
0.026005
0.026465
0.026713
0.027375
0.028131
0.028575
0.028784
0.029467
0.030247
0.030681
0.030852
0.031534
0.032300
0.032717
0.032853
0.033517
0.033966
0.034713
0.035001
0.035250
0.035905
0.036215
0.036510
0.037209
0.037544
0.037936
0.038618
0.039031
0.039428
0.040141
0.040510
0.040876
0.041589
0.041940
0.042360
0.043114
0.043486
0.043877
0.044637
0.044955
0.045382
0.046170
0.046529
0.046941
0.047738
0.048028
0.048469
0.049293
0.049652
0.050084
0.050911
0.051166
0.051637
0.052503
0.052888
0.053343
0.054211
0.054424
0.054963
0.055877
0.056217
0.056625
0.057544
0.057802
0.058542
0.058910
0.059505
0.059939
0.060765
0.061176
0.061537
0.062398
0.062632
0.062632
0.063189
0.063737
0.064683
0.064930
0.065587
0.065940
0.066395
0.067307
0.067641
0.068400
0.068763
0.069518
0.069817
0.070315
0.071225
0.071653
0.072386
0.072665
0.073451
0.073864
0.074367
0.075229
0.075598
0.076442
0.076740
0.077500
0.077890
0.078461
0.079207
0.079712
0.080567
0.080917
0.081743
0.081972
0.082708
0.083194
0.083857
0.084421
0.085283
0.085680
0.086434
0.086825
0.087579
0.088007
0.088764
0.089238
0.089998
0.090465
0.091221
0.091693
0.092443
0.092911
0.093664
0.094139
0.094890
0.095362
0.096111
0.096589
0.097338
0.097815
0.098560
0.099041
0.099785
0.100268
0.101009
0.101493
0.102232
0.102718
0.103453
0.103940
0.104673
0.105161
0.105892
0.106380
0.107108
0.107597
0.108321
0.108810
0.109531
0.110019
0.110736
0.111222
0.111936
0.112422
0.113131
0.113616
0.114321
0.114806
0.115508
0.115992
0.116690
0.117173
0.117867
0.118349
0.119041
0.119521
0.120210
0.120689
0.121375
0.121852
0.122536
0.123011
0.123694
0.124166
0.124847
0.125316
0.125995
0.126461
0.127136
0.127599
0.128268
0.128729
0.129393
0.129851
0.130510
0.130967
0.131621
0.132077
0.132725
0.133181
0.133824
0.134279
0.134916
0.135372
0.136003
0.136458
0.137084
0.137539
0.138158
0.138613
0.139224
0.139681
0.140281
0.140742
0.141332
0.141796
0.142377
0.142846
0.143419
0.143893
0.144457
0.144935
0.145492
0.145975
0.146523
0.147010
0.147550
0.148040
0.148573
0.149066
0.149591
0.150086
0.150603
0.151099
0.151609
0.152105
0.152608
0.153103
0.153600
0.154092
0.154583
0.155071
0.155556
0.156039
0.156518
0.156995
0.157468
0.157939
0.158405
0.158868
0.159327
0.159782
0.160233
0.160679
0.161121
0.161558
0.161990
0.162418
0.162839
0.163256
0.163667
0.164072
0.164471
0.164864
0.165250
0.165630
0.166003
0.166370
0.166730
0.167082
0.167428
0.167766
0.168096
0.168420
0.168735
0.169043
0.169344
0.169637
0.169922
0.170199
0.170469
0.170731
0.170986
0.171233
0.171473
0.171706
0.171931
0.172150
0.172362
0.172567
0.172765
0.172957
0.173142
0.173322
0.173495
0.173663
0.173825
0.173981
0.174133
0.174278
0.174419
0.174555
0.174686
0.174812
0.174934
0.175051
0.175164
0.175273
0.175377
0.175477
0.175574
0.175666
0.175754
0.175838
0.175918
0.175994
0.176066
0.176134
0.176198
0.176257
0.176313
0.176364
0.176410
0.176452
0.176489
0.176521
0.176548
0.176571
0.176588
0.176600
0.176607
0.176609
0.176606
0.176597
0.176584
0.176565
0.176542
0.176514
0.176481
0.176445
0.176405
0.176361
0.176314
0.176264
0.176212
0.176158
0.176103
0.176047
0.175990
0.175934
0.175879
0.175825
0.175773
0.175724
0.175677
0.175634
0.175594
0.175559
0.175529
0.175503
0.175483
0.175468
0.175460
0.175457
0.175460
0.175469
0.175485
0.175507
0.175535
0.175569
0.175609
0.175655
0.175707
0.175765
0.175827
0.175895
0.175968
0.176046
0.176129
0.176216
0.176307
0.176401
0.176500
0.176602
0.176708
0.176817
0.176928
0.177043
0.177160
0.177280
0.177403
0.177527
0.177654
0.177783
0.177913
0.178046
0.178180
0.178315
0.178452
0.178589
0.178727
0.178865
0.179003
0.179140
0.179277
0.179412
0.179547
0.179680
0.179814
0.179947
0.180080
0.180215
0.180350
0.180486
0.180623
0.180762
0.180902
0.181043
0.181186
0.181329
0.181474
0.181620
0.181767
0.181914
0.182063
0.182211
0.182360
0.182510
0.182659
0.182809
0.182958
0.183107
0.183256
0.183405
0.183553
0.183701
0.183849
0.183995
0.184141
0.184286
0.184430
0.184573
0.184715
0.184855
0.184995
0.185133
0.185269
0.185405
0.185539
0.185673
0.185806
0.185938
0.186070
0.186203
0.186335
0.186468
0.186602
0.186735
0.186869
0.187003
0.187136
0.187270
0.187402
0.187535
0.187666
0.187797
0.187927
0.188056
0.188183
0.188311
0.188437
0.188563
0.188689
0.188816
0.188941
0.189067
0.189193
0.189318
0.189443
0.189568
0.189692
0.189816
0.189939
0.190061
0.190183
0.190304
0.190425
0.190545
0.190664
0.190783
0.190900
0.191017
0.191134
0.191249
0.191364
0.191478
0.191592
0.191704
0.191816
0.191927
0.192038
0.192147
0.192256
0.192364
0.192471
0.192578
0.192684
0.192789
0.192894
0.192998
0.193102
0.193205
0.193307
0.193409
0.193510
0.193611
0.193712
0.193812
0.193912
0.194012
0.194111
0.194211
0.194310
0.194409
0.194508
0.194607
0.194706
0.194805
0.194904
0.195003
0.195103
0.195203
0.195303
0.195404
0.195505
0.195606
0.195708
0.195811
0.195914
0.196018
0.196123
0.196228
0.196334
0.196441
0.196549
0.196658
0.196768
0.196878
0.196990
0.197103
0.197216
0.197331
0.197447
0.197564
0.197682
0.197801
0.197921
0.198042
0.198165
0.198289
0.198414
0.198540
0.198668
0.198797
0.198927
0.199058
0.199191
0.199325
0.199461
0.199597
0.199735
0.199874
0.200014
0.200155
0.200297
0.200439
0.200583
0.200728
0.200873
0.200873
0.201019
0.201166
0.201313
0.201470
0.201531
0.201739
0.201897
0.202050
0.202182
0.202309
0.202446
0.202571
0.202698
0.202830
0.202962
0.203094
0.203226
0.203358
0.203489
0.203621
0.203753
0.203885
0.204019
0.204154
0.204289
0.204426
0.204565
0.204704
0.204845
0.204987
0.205130
0.205274
0.205420
0.205567
0.205715
0.205864
0.206015
0.206167
0.206320
0.206474
0.206630
0.206786
0.206944
0.207102
0.207262
0.207422
0.207584
0.207746
0.207910
0.208074
0.208238
0.208404
0.208571
0.208738
0.208906
0.209074
0.209244
0.209414
0.209585
0.209757
0.209931
0.210105
0.210280
0.210456
0.210633
0.210811
0.210990
0.211171
0.211352
0.211535
0.211719
0.211903
0.212089
0.212277
0.212465
0.212654
0.212845
0.213036
0.213229
0.213423
0.213618
0.213814
0.214012
0.214210
0.214409
0.214610
0.214811
0.215014
0.215218
0.215423
0.215629
0.215836
0.216044
0.216253
0.216463
0.216674
0.216887
0.217100
0.217314
0.217529
0.217745
0.217962
0.218180
0.218399
0.218618
0.218838
0.219060
0.219282
0.219504
0.219727
0.219951
0.220176
0.220401
0.220627
0.220853
0.221079
0.221306
0.221533
0.221761
0.221989
0.222217
0.222445
0.222673
0.222901
0.223130
0.223358
0.223587
0.223815
0.224043
0.224271
0.224498
0.224725
0.224952
0.225179
0.225405
0.225631
0.225856
0.226080
0.226304
0.226528
0.226750
0.226972
0.227193
0.227414
0.227634
0.227852
0.228070
0.228287
0.228503
0.228718
0.228932
0.229145
0.229357
0.229568
0.229778
0.229986
0.230194
0.230400
0.230605
0.230809
0.231011
0.231212
0.231412
0.231611
0.231808
0.232003
0.232198
0.232391
0.232582
0.232772
0.232961
0.233148
0.233333
0.233517
0.233700
0.233881
0.234061
0.234239
0.234415
0.234590
0.234763
0.234935
0.235105
0.235273
0.235440
0.235606
0.235769
0.235932
0.236092
0.236251
0.236408
0.236564
0.236719
0.236871
0.237022
0.237172
0.237320
0.237466
0.237611
0.237755
0.237897
0.238037
0.238176
0.238314
0.238450
0.238584
0.238717
0.238849
0.238979
0.239108
0.239236
0.239362
0.239487
0.239611
0.239733
0.239854
0.239973
0.240092
0.240209
0.240325
0.240440
0.240554
0.240666
0.240777
0.240888
0.240997
0.241105
0.241212
0.241317
0.241422
0.241526
0.241629
0.241731
0.241831
0.241931
0.242030
0.242128
0.242225
0.242321
0.242417
0.242511
0.242605
0.242698
0.242790
0.242881
0.242971
0.243061
0.243150
0.243238
0.243325
0.243412
0.243498
0.243583
0.243668
0.243752
0.243835
0.243918
0.244000
0.244081
0.244162
0.244242
0.244322
0.244401
0.244479
0.244557
0.244634
0.244711
0.244787
0.244863
0.244938
0.245013
0.245087
0.245161
0.245234
0.245307
0.245379
0.245451
0.245522
0.245593
0.245664
0.245734
0.245803
0.245872
0.245941
0.246010
0.246078
0.246145
0.246212
0.246279
0.246346
0.246412
0.246477
0.246543
0.246608
0.246672
0.246737
0.246801
0.246864
0.246928
0.246991
0.247053
0.247115
0.247177
0.247239
0.247300
0.247362
0.247422
0.247483
0.247543
0.247603
0.247662
0.247722
0.247781
0.247840
0.247898
0.247956
0.248014
0.248072
0.248129
0.248187
0.248244
0.248300
0.248357
0.248413
0.248469
0.248525
0.248580
0.248635
0.248690
0.248745
0.248800
0.248854
0.248908
0.248962
0.249016
0.249070
0.249123
0.249176
0.249229
0.249282
0.249335
0.249387
0.249439
0.249491
0.249543
0.249595
0.249647
0.249698
0.249749
0.249800
0.249851
0.249902
0.249953
0.250004
0.250054
0.250104
0.250155
0.250205
0.250255
0.250304
0.250354
0.250404
0.250454
0.250503
0.250552
0.250602
0.250651
0.250700
0.250750
0.250799
0.250848
0.250897
0.250946
0.250995
0.251044
0.251093
0.251142
0.251191
0.251239
0.251288
0.251337
0.251386
0.251435
0.251484
0.251532
0.251581
0.251630
0.251679
0.251727
0.251776
0.251824
0.251873
0.251921
0.251969
0.252017
0.252064
0.252111
0.252158
0.252205
0.252250
0.252295
0.252340
0.252383
0.252425
0.252466
0.252506
0.252544
0.252580
0.252615
0.252648
0.252681
0.252714
0.252749
0.252789
0.252835
0.252886
0.252942
0.253002
0.253063
0.253125
0.253185
0.253244
0.253301
0.253355
0.253407
0.253456
0.253502
0.253545
0.253585
0.253622
0.253657
0.253688
0.253717
0.253742
0.253765
0.253784
0.253801
0.253814
0.253824
0.253831
0.253835
0.253836
0.253833
0.253828
0.253819
0.253808
0.253793
0.253776
0.253755
0.253731
0.253705
0.253675
0.253642
0.253607
0.253568
0.253527
0.253483
0.253435
0.253385
0.253333
0.253277
0.253219
0.253157
0.253093
0.253027
0.252957
0.252885
0.252810
0.252733
0.252653
0.252570
0.252485
0.252397
0.252306
0.252213
0.252117
0.252019
0.251918
0.251815
0.251709
0.251601
0.251490
0.251377
0.251261
0.251143
0.251023
0.250900
0.250775
0.250648
0.250518
0.250386
0.250252
0.250115
0.249977
0.249835
0.249692
0.249547
0.249399
0.249249
0.249249
0.249097
0.248943
0.248787
0.248629
0.248468
0.248306
0.248141
0.247975
0.247806
0.247636
0.247463
0.247289
0.247112
0.246934
0.246754
0.246572
0.246388
0.246202
0.246014
0.245824
0.245633
0.245440
0.245245
0.245048
0.244849
0.244649
0.244447
0.244243
0.244038
0.243830
0.243622
0.243411
0.243199
0.242985
0.242770
0.242553
0.242334
0.242114
0.241892
0.241669
0.241444
0.241218
0.240990
0.240761
0.240530
0.240298
0.240064
0.239829
0.239592
0.239354
0.239115
0.238874
0.238632
0.238388
0.238143
0.237897
0.237649
0.237400
0.237150
0.236898
0.236645
0.236391
0.236135
0.235878
0.235620
0.235361
0.235100
0.234838
0.234575
0.234310
0.234045
0.233778
0.233509
0.233240
0.232969
0.232697
0.232424
0.232149
0.231873
0.231596
0.231318
0.231038
0.230757
0.230475
0.230192
0.229907
0.229621
0.229333
0.229044
0.228754
0.228463
0.228170
0.227876
0.227580
0.227283
0.226984
0.226684
0.226383
0.226080
0.225775
0.225469
0.225162
0.224853
0.224542
0.224230
0.223916
0.223601
0.223283
0.222965
0.222644
0.222322
0.221999
0.221673
0.221346
0.221017
0.220687
0.220355
0.220021
0.219685
0.219348
0.219008
0.218667
0.218325
0.217980
0.217634
0.217286
0.216937
0.216586
0.216232
0.215878
0.215521
0.215163
0.214803
0.214442
0.214079
0.213714
0.213348
0.212980
0.212610
0.212239
0.211866
0.211491
0.211116
0.210738
0.210359
0.209978
0.209596
0.209213
0.208828
0.208441
0.208053
0.207664
0.207273
0.206881
0.206487
0.206092
0.205696
0.205298
0.204899
0.204498
0.204096
0.203692
0.203288
0.202882
0.202474
0.202065
0.201655
0.201243
0.200830
0.200416
0.200000
0.199583
0.199164
0.198744
0.198323
0.197900
0.197476
0.197051
0.196624
0.196195
0.195766
0.195335
0.194902
0.194468
0.194033
0.193596
0.193158
0.192718
0.192277
0.191835
0.191392
0.190947
0.190501
0.190055
0.189607
0.189159
0.188711
0.188263
0.187817
0.187375
0.186940
0.186519
0.186126
0.185806
0.185217
0.184617
0.183985
0.183493
0.182867
0.182516
0.181671
0.181633
0.180466
0.180731
0.179950
0.179537
0.178550
0.178731
0.177706
0.177587
0.176384
0.176679
0.176037
0.175079
0.175007
0.173619
0.174078
0.173627
0.171971
0.172658
0.172259
0.170367
0.171097
0.170765
0.169239
0.169230
0.167635
0.168113
0.167824
0.166168
0.166418
0.165462
0.164837
0.163649
0.163950
0.163222
0.162050
0.162110
0.160379
0.161242
0.161021
0.160202
0.159274
0.157659
0.158226
0.157823
0.156302
0.156064
0.154038
0.155306
0.155088
0.154463
0.154435
0.154202
0.153856
0.153469
0.153015
0.152529
0.152013
0.151475
0.150925
0.150368
0.149803
0.149232
0.148655
0.148073
0.147485
0.146894
0.146300
0.145703
0.145105
0.144504
0.143901
0.143296
0.142688
0.142077
0.141463
0.140846
0.140226
0.139603
0.138977
0.138349
0.137717
0.137082
0.136444
0.135803
0.135159
0.134512
0.133861
0.133208
0.132551
0.131891
0.131228
0.130562
0.129893
0.129221
0.128546
0.127868
0.127187
0.126504
0.125817
0.125127
0.124434
0.123738
0.123039
0.122338
0.121633
0.120925
0.120214
0.119500
0.118783
0.118063
0.117340
0.116613
0.115883
0.115149
0.114412
0.113672
0.112928
0.112180
0.111429
0.110674
0.109915
0.109152
0.108385
0.107613
0.106838
0.106058
0.105273
0.104484
0.103691
0.102892
0.102089
0.101281
0.100468
0.099649
0.098825
0.097996
0.097161
0.096320
0.095473
0.094621
0.093762
0.092897
0.092026
0.091148
0.090264
0.089373
0.088475
0.087570
0.086657
0.085738
0.084811
0.083877
0.082935
0.081985
0.081028
0.080063
0.079090
0.078108
0.077119
0.076122
0.075116
0.074103
0.073080
0.072050
0.071011
0.069964
0.068909
0.067845
0.066772
0.065691
0.064602
0.063504
0.062398
0.061284
0.060161
0.059030
0.057890
0.056743
0.055587
0.054423
0.053251
0.052070
0.050882
0.049686
0.048482
0.047271
0.046051
0.044825
0.043590
0.042349
0.041100
0.039844
0.038582
0.037312
0.036036
0.034753
0.033464
0.032168
0.030866
0.029559
0.028245
0.026926
0.025602
0.024272
0.022937
0.021597
0.020252
0.018903
0.017549
0.016191
0.014829
0.013463
0.012093
0.010720
0.009344
0.007964
0.006582
0.005197
0.003810
0.002420
0.001029
-0.000365
-0.001760
-0.003157
-0.004555
-0.005953
-0.007353
-0.008753
-0.010154
-0.011555
-0.012956
-0.014356
-0.015756
-0.017156
-0.018554
-0.019952
-0.021348
-0.022743
-0.024137
-0.025529
-0.026918
-0.028306
-0.029691
-0.031073
-0.032453
-0.033831
-0.035205
-0.036576
-0.037943
-0.039307
-0.040668
-0.042024
-0.043377
-0.044726
-0.046070
-0.047411
-0.048746
-0.050078
-0.051404
-0.052726
-0.054043
-0.055355
-0.056662
-0.057963
-0.059260
-0.060551
-0.061837
-0.063117
-0.064391
-0.065660
-0.066923
-0.068181
-0.069432
-0.070678
-0.071917
-0.073150
-0.074378
-0.075599
-0.076814
-0.078022
-0.079225
-0.080420
-0.081610
-0.082793
-0.083969
-0.085139
-0.086302
-0.086302
-0.087459
-0.088609
-0.089752
-0.090888
-0.092018
-0.093140
-0.094256
-0.095365
-0.096467
-0.097562
-0.098650
-0.099730
-0.100804
-0.101871
-0.102930
-0.103983
-0.105028
-0.106066
-0.107096
-0.108120
-0.109136
-0.110145
-0.111147
-0.112141
-0.113129
-0.114108
-0.115081
-0.116046
-0.117004
-0.117954
-0.118898
-0.119834
-0.120762
-0.121684
-0.122597
-0.123504
-0.124404
-0.125296
-0.126181
-0.127058
-0.127929
-0.128792
-0.129648
-0.130497
-0.131339
-0.132173
-0.133001
-0.133821
-0.134635
-0.135441
-0.136241
-0.137033
-0.137819
-0.138598
-0.139370
-0.140135
-0.140893
-0.141645
-0.142390
-0.143128
-0.143860
-0.144585
-0.145304
-0.146016
-0.146721
-0.147420
-0.148113
-0.148799
-0.149479
-0.150153
-0.150820
-0.151481
-0.152136
-0.152785
-0.153427
-0.154063
-0.154693
-0.155316
-0.155934
-0.156545
-0.157150
-0.157748
-0.158341
-0.158926
-0.159506
-0.160078
-0.160644
-0.161202
-0.161754
-0.162297
-0.162833
-0.163360
-0.163878
-0.164385
-0.164879
-0.165359
-0.165819
-0.166249
-0.166626
-0.166881
-0.167252
-0.168108
-0.168087
-0.168898
-0.169179
-0.170243
-0.170262
-0.171065
-0.171332
-0.172379
-0.172387
-0.173183
-0.173515
-0.174524
-0.174535
-0.175407
-0.175605
-0.176702
-0.176699
-0.177407
-0.177818
-0.178596
-0.178670
-0.179667
-0.179710
-0.180562
-0.180712
-0.181684
-0.181670
-0.182416
-0.182632
-0.183515
-0.183514
-0.184318
-0.184442
-0.185324
-0.185336
-0.186122
-0.186226
-0.187064
-0.187088
-0.187869
-0.187959
-0.188763
-0.188804
-0.189576
-0.189652
-0.190426
-0.190484
-0.191240
-0.191313
-0.192062
-0.192133
-0.192869
-0.192946
-0.193672
-0.193753
-0.194468
-0.194554
-0.195258
-0.195350
-0.196042
-0.196140
-0.196820
-0.196924
-0.197592
-0.197704
-0.198359
-0.198478
-0.199121
-0.199248
-0.199877
-0.200013
-0.200629
-0.200773
-0.201375
-0.201530
-0.202116
-0.202281
-0.202852
-0.203029
-0.203583
-0.203772
-0.204310
-0.204511
-0.205032
-0.205246
-0.205749
-0.205977
-0.206462
-0.206703
-0.207171
-0.207426
-0.207875
-0.208144
-0.208576
-0.208857
-0.209272
-0.209566
-0.209965
-0.210269
-0.210655
-0.210968
-0.211341
-0.211661
-0.212024
-0.212349
-0.212703
-0.213031
-0.213378
-0.213707
-0.214049
-0.214379
-0.214715
-0.215045
-0.215378
-0.215706
-0.216035
-0.216362
-0.216689
-0.217013
-0.217337
-0.217659
-0.217981
-0.218301
-0.218620
-0.218937
-0.219254
-0.219569
-0.219884
-0.220197
-0.220509
-0.220820
-0.221129
-0.221438
-0.221745
-0.222052
-0.222357
-0.222661
-0.222964
-0.223266
-0.223567
-0.223866
-0.224165
-0.224463
-0.224759
-0.225054
-0.225349
-0.225642
-0.225934
-0.226225
-0.226515
-0.226804
-0.227092
-0.227379
-0.227665
-0.227950
-0.228233
-0.228516
-0.228798
-0.229078
-0.229358
-0.229637
-0.229914
-0.230191
-0.230466
-0.230741
-0.231014
-0.231287
-0.231558
-0.231829
-0.232098
-0.232366
-0.232634
-0.232900
-0.233166
-0.233430
-0.233694
-0.233956
-0.234218
-0.234478
-0.234738
-0.234996
-0.235254
-0.235510
-0.235766
-0.236021
-0.236274
-0.236527
-0.236779
-0.237030
-0.237279
-0.237528
-0.237776
-0.238023
-0.238269
-0.238514
-0.238758
-0.239001
-0.239244
-0.239485
-0.239725
-0.239965
-0.240203
-0.240440
-0.240677
-0.240913
-0.241147
-0.241381
-0.241614
-0.241846
-0.242077
-0.242307
-0.242536
-0.242765
-0.242992
-0.243219
-0.243444
-0.243669
-0.243893
-0.244115
-0.244337
-0.244558
-0.244779
-0.244998
-0.245216
-0.245434
-0.245650
-0.245866
-0.246081
-0.246295
-0.246508
-0.246720
-0.246932
-0.247142
-0.247352
-0.247560
-0.247768
-0.247975
-0.248181
-0.248387
-0.248591
-0.248795
-0.248998
-0.249199
-0.249400
-0.249601
-0.249800
-0.249999
-0.250196
-0.250393
-0.250589
-0.250784
-0.250979
-0.251172
-0.251365
-0.251557
-0.251748
-0.251938
-0.252127
-0.252316
-0.252504
-0.252691
-0.252877
-0.253062
-0.253247
-0.253431
-0.253614
-0.253796
-0.253977
-0.254158
-0.254338
-0.254517
-0.254695
-0.254873
-0.255049
-0.255225
-0.255400
-0.255575
-0.255748
-0.255921
-0.256093
-0.256265
-0.256435
-0.256605
-0.256774
-0.256942
-0.257110
-0.257277
-0.257443
-0.257608
-0.257773
-0.257937
-0.258100
-0.258263
-0.258424
-0.258585
-0.258746
-0.258905
-0.259064
-0.259222
-0.259380
-0.259536
-0.259692
-0.259848
-0.260002
-0.260156
-0.260310
-0.260462
-0.260614
-0.260765
-0.260916
-0.261066
-0.261215
-0.261363
-0.261511
-0.261659
-0.261805
-0.261951
-0.262096
-0.262241
-0.262385
-0.262528
-0.262671
-0.262813
-0.262954
-0.263095
-0.263235
-0.263374
-0.263513
-0.263651
-0.263789
-0.263926
-0.264062
-0.264198
-0.264333
-0.264468
-0.264602
-0.264735
-0.264868
-0.265000
-0.265131
-0.265262
-0.265393
-0.265522
-0.265652
-0.265780
-0.265908
-0.266036
-0.266163
-0.266289
-0.266415
-0.266540
-0.266664
-0.266788
-0.266912
-0.267035
-0.267157
-0.267279
-0.267400
-0.267521
-0.267641
-0.267761
-0.267880
-0.267999
-0.268117
-0.268234
-0.268351
-0.268468
-0.268583
-0.268699
-0.268814
-0.268928
-0.269042
-0.269155
-0.269268
-0.269380
-0.269492
-0.269603
-0.269714
-0.269824
-0.269933
-0.270042
-0.270151
-0.270259
-0.270367
-0.270474
-0.270580
-0.270686
-0.270792
-0.270897
-0.271002
-0.271106
-0.271209
-0.271312
-0.271415
-0.271517
-0.271618
-0.271719
-0.271719
-0.271820
-0.271920
-0.272020
-0.272119
-0.272217
-0.272315
-0.272413
-0.272510
-0.272606
-0.272702
-0.272798
-0.272893
-0.272987
-0.273082
-0.273175
-0.273268
-0.273361
-0.273453
-0.273544
-0.273635
-0.273726
-0.273816
-0.273906
-0.273995
-0.274084
-0.274172
-0.274259
-0.274347
-0.274433
-0.274520
-0.274605
-0.274691
-0.274775
-0.274860
-0.274944
-0.275027
-0.275110
-0.275193
-0.275275
-0.275356
-0.275437
-0.275518
-0.275598
-0.275678
-0.275758
-0.275837
-0.275915
-0.275994
-0.276071
-0.276149
-0.276226
-0.276302
-0.276378
-0.276454
-0.276530
-0.276605
-0.276679
-0.276753
-0.276827
-0.276901
-0.276974
-0.277047
-0.277119
-0.277191
-0.277262
-0.277334
-0.277405
-0.277475
-0.277545
-0.277615
-0.277684
-0.277754
-0.277822
-0.277891
-0.277958
-0.278026
-0.278093
-0.278160
-0.278227
-0.278293
-0.278359
-0.278424
-0.278489
-0.278554
-0.278618
-0.278682
-0.278745
-0.278809
-0.278872
-0.278934
-0.278996
-0.279058
-0.279119
-0.279180
-0.279241
-0.279301
-0.279361
-0.279421
-0.279480
-0.279539
-0.279597
-0.279655
-0.279713
-0.279770
-0.279827
-0.279884
-0.279940
-0.279996
-0.280052
-0.280107
-0.280162
-0.280216
-0.280271
-0.280324
-0.280378
-0.280431
-0.280484
-0.280536
-0.280589
-0.280640
-0.280692
-0.280743
-0.280794
-0.280844
-0.280894
-0.280944
-0.280994
-0.281043
-0.281092
-0.281140
-0.281189
-0.281236
-0.281284
-0.281331
-0.281378
-0.281425
-0.281471
-0.281517
-0.281563
-0.281609
-0.281654
-0.281699
-0.281743
-0.281788
-0.281831
-0.281875
-0.281919
-0.281962
-0.282004
-0.282047
-0.282089
-0.282131
-0.282173
-0.282214
-0.282255
-0.282296
-0.282337
-0.282377
-0.282417
-0.282457
-0.282496
-0.282535
-0.282574
-0.282613
-0.282651
-0.282690
-0.282728
-0.282765
-0.282802
-0.282840
-0.282876
-0.282913
-0.282949
-0.282985
-0.283021
-0.283057
-0.283092
-0.283127
-0.283162
-0.283196
-0.283231
-0.283265
-0.283299
-0.283332
-0.283366
-0.283399
-0.283432
-0.283464
-0.283497
-0.283529
-0.283561
-0.283592
-0.283624
-0.283655
-0.283686
-0.283717
-0.283747
-0.283777
-0.283807
-0.283837
-0.283867
-0.283896
-0.283925
-0.283954
-0.283983
-0.284011
-0.284040
-0.284068
-0.284096
-0.284123
-0.284150
-0.284178
-0.284205
-0.284231
-0.284258
-0.284284
-0.284310
-0.284336
-0.284362
-0.284387
-0.284412
-0.284438
-0.284462
-0.284487
-0.284511
-0.284536
-0.284560
-0.284583
-0.284607
-0.284630
-0.284654
-0.284677
-0.284699
-0.284722
-0.284745
-0.284767
-0.284789
-0.284811
-0.284832
-0.284854
-0.284875
-0.284896
-0.284917
-0.284938
-0.284958
-0.284978
-0.284999
-0.285018
-0.285038
-0.285058
-0.285077
-0.285096
-0.285115
-0.285134
-0.285153
-0.285171
-0.285190
-0.285208
-0.285226
-0.285243
-0.285261
-0.285278
-0.285296
-0.285313
-0.285330
-0.285346
-0.285363
-0.285379
-0.285395
-0.285411
-0.285427
-0.285443
-0.285459
-0.285474
-0.285489
-0.285504
-0.285519
-0.285534
-0.285548
-0.285563
-0.285577
-0.285591
-0.285605
-0.285618
-0.285632
-0.285645
-0.285659
-0.285672
-0.285685
-0.285698
-0.285710
-0.285723
-0.285735
-0.285747
-0.285759
-0.285771
-0.285783
-0.285794
-0.285806
-0.285817
-0.285828
-0.285839
-0.285850
-0.285861
-0.285871
-0.285881
-0.285892
-0.285902
-0.285912
-0.285921
-0.285931
-0.285941
-0.285950
-0.285959
-0.285968
-0.285977
-0.285986
-0.285995
-0.286003
-0.286012
-0.286020
-0.286028
-0.286036
-0.286044
-0.286052
-0.286059
-0.286067
-0.286074
-0.286081
-0.286088
-0.286095
-0.286102
-0.286109
-0.286115
-0.286122
-0.286128
-0.286134
-0.286140
-0.286146
-0.286152
-0.286157
-0.286163
-0.286168
-0.286173
-0.286179
-0.286184
-0.286188
-0.286193
-0.286198
-0.286202
-0.286207
-0.286211
-0.286215
-0.286219
-0.286223
-0.286227
-0.286231
-0.286234
-0.286238
-0.286241
-0.286244
-0.286247
-0.286250
-0.286253
-0.286256
-0.286258
-0.286261
-0.286263
-0.286266
-0.286268
-0.286270
-0.286272
-0.286274
-0.286275
-0.286277
-0.286279
-0.286280
-0.286281
-0.286282
-0.286284
-0.286285
-0.286285
-0.286286
-0.286287
-0.286287
-0.286288
-0.286288
-0.286288
-0.286288
-0.286288
-0.286288
-0.286288
-0.286288
-0.286287
-0.286287
-0.286286
-0.286286
-0.286285
-0.286284
-0.286283
-0.286282
-0.286281
-0.286279
-0.286278
-0.286276
-0.286275
-0.286273
-0.286271
-0.286269
-0.286267
-0.286265
-0.286263
-0.286261
-0.286258
-0.286256
-0.286253
-0.286251
-0.286248
-0.286245
-0.286242
-0.286239
-0.286236
-0.286233
-0.286230
-0.286226
-0.286223
-0.286219
-0.286215
-0.286212
-0.286208
-0.286204
-0.286200
-0.286196
-0.286191
-0.286187
-0.286183
-0.286178
-0.286174
-0.286169
-0.286164
-0.286160
-0.286155
-0.286150
-0.286145
-0.286139
-0.286134
-0.286129
-0.286123
-0.286118
-0.286112
-0.286107
-0.286101
-0.286095
-0.286089
-0.286083
-0.286077
-0.286071
-0.286065
-0.286059
-0.286052
-0.286046
-0.286039
-0.286033
-0.286026
-0.286019
-0.286012
-0.286005
-0.285998
-0.285991
-0.285984
-0.285977
-0.285969
-0.285962
-0.285955
-0.285947
-0.285939
-0.285932
-0.285924
-0.285916
-0.285908
-0.285900
-0.285892
-0.285884
-0.285876
-0.285868
-0.285859
-0.285851
-0.285842
-0.285834
-0.285825
-0.285817
-0.285808
-0.285799
-0.285790
-0.285781
-0.285772
-0.285763
-0.285754
-0.285744
-0.285744
-0.285735
-0.285726
-0.285716
-0.285707
-0.285697
-0.285688
-0.285678
-0.285668
-0.285658
-0.285648
-0.285638
-0.285628
-0.285618
-0.285608
-0.285598
-0.285588
-0.285577
-0.285567
-0.285557
-0.285546
-0.285536
-0.285525
-0.285514
-0.285503
-0.285493
-0.285482
-0.285471
-0.285460
-0.285449
-0.285438
-0.285427
-0.285415
-0.285404
-0.285393
-0.285381
-0.285370
-0.285358
-0.285347
-0.285335
-0.285324
-0.285312
-0.285300
-0.285288
-0.285276
-0.285264
-0.285253
-0.285240
-0.285228
-0.285216
-0.285204
-0.285192
-0.285180
-0.285167
-0.285155
-0.285142
-0.285130
-0.285117
-0.285105
-0.285092
-0.285080
-0.285067
-0.285054
-0.285041
-0.285029
-0.285016
-0.285003
-0.284990
-0.284977
-0.284964
-0.284951
-0.284937
-0.284924
-0.284911
-0.284898
-0.284884
-0.284871
-0.284858
-0.284844
-0.284831
-0.284817
-0.284804
-0.284790
-0.284776
-0.284763
-0.284749
-0.284735
-0.284721
-0.284708
-0.284694
-0.284680
-0.284666
-0.284652
-0.284638
-0.284624
-0.284610
-0.284596
-0.284582
-0.284567
-0.284553
-0.284539
-0.284525
-0.284510
-0.284496
-0.284482
-0.284467
-0.284453
-0.284439
-0.284424
-0.284410
-0.284395
-0.284381
-0.284366
-0.284351
-0.284337
-0.284322
-0.284307
-0.284293
-0.284278
-0.284263
-0.284248
-0.284234
-0.284219
-0.284204
-0.284189
-0.284174
-0.284159
-0.284144
-0.284130
-0.284115
-0.284100
-0.284085
-0.284070
-0.284055
-0.284040
-0.284025
-0.284009
-0.283994
-0.283979
-0.283964
-0.283949
-0.283934
-0.283919
-0.283904
-0.283888
-0.283873
-0.283858
-0.283843
-0.283828
-0.283812
-0.283797
-0.283782
-0.283767
-0.283751
-0.283736
-0.283721
-0.283706
-0.283690
-0.283675
-0.283660
-0.283644
-0.283629
-0.283614
-0.283598
-0.283583
-0.283568
-0.283553
-0.283537
-0.283522
-0.283507
-0.283491
-0.283476
-0.283461
-0.283445
-0.283430
-0.283415
-0.283400
-0.283384
-0.283369
-0.283354
-0.283339
-0.283323
-0.283308
-0.283293
-0.283278
-0.283262
-0.283247
-0.283232
-0.283217
-0.283202
-0.283187
-0.283172
-0.283156
-0.283141
-0.283126
-0.283111
-0.283096
-0.283081
-0.283066
-0.283051
-0.283036
-0.283021
-0.283006
-0.282991
-0.282976
-0.282962
-0.282947
-0.282932
-0.282917
-0.282902
-0.282888
-0.282873
-0.282858
-0.282844
-0.282829
-0.282814
-0.282800
-0.282785
-0.282771
-0.282756
-0.282742
-0.282727
-0.282713
-0.282699
-0.282684
-0.282670
-0.282656
-0.282642
-0.282627
-0.282613
-0.282599
-0.282585
-0.282571
-0.282557
-0.282543
-0.282529
-0.282515
-0.282502
-0.282488
-0.282474
-0.282461
-0.282447
-0.282433
-0.282420
-0.282406
-0.282393
-0.282380
-0.282366
-0.282353
-0.282340
-0.282327
-0.282314
-0.282301
-0.282288
-0.282275
-0.282262
-0.282249
-0.282236
-0.282224
-0.282211
-0.282198
-0.282186
-0.282173
-0.282161
-0.282149
-0.282136
-0.282124
-0.282112
-0.282100
-0.282088
-0.282076
-0.282064
-0.282053
-0.282041
-0.282029
-0.282018
-0.282006
-0.281995
-0.281983
-0.281972
-0.281961
-0.281950
-0.281939
-0.281928
-0.281917
-0.281906
-0.281896
-0.281885
-0.281874
-0.281864
-0.281854
-0.281843
-0.281833
-0.281823
-0.281813
-0.281803
-0.281793
-0.281784
-0.281774
-0.281764
-0.281755
-0.281746
-0.281736
-0.281727
-0.281718
-0.281709
-0.281700
-0.281692
-0.281683
-0.281674
-0.281666
-0.281658
-0.281649
-0.281641
-0.281633
-0.281625
-0.281617
-0.281610
-0.281602
-0.281595
-0.281587
-0.281580
-0.281573
-0.281566
-0.281559
-0.281552
-0.281545
-0.281539
-0.281532
-0.281526
-0.281520
-0.281514
-0.281508
-0.281502
-0.281496
-0.281491
-0.281485
-0.281480
-0.281475
-0.281470
-0.281465
-0.281460
-0.281455
-0.281451
-0.281446
-0.281442
-0.281438
-0.281434
-0.281430
-0.281426
-0.281423
-0.281419
-0.281416
-0.281413
-0.281410
-0.281407
-0.281404
-0.281402
-0.281399
-0.281397
-0.281395
-0.281393
-0.281391
-0.281390
-0.281388
-0.281387
-0.281386
-0.281385
-0.281384
-0.281383
-0.281383
-0.281382
-0.281382
-0.281382
-0.281382
-0.281382
-0.281383
-0.281383
-0.281384
-0.281385
-0.281386
-0.281387
-0.281389
-0.281390
-0.281392
-0.281394
-0.281396
-0.281399
-0.281401
-0.281404
-0.281407
-0.281410
-0.281413
-0.281417
-0.281420
-0.281424
-0.281428
-0.281432
-0.281436
-0.281441
-0.281446
-0.281451
-0.281456
-0.281461
-0.281467
-0.281472
-0.281478
-0.281484
-0.281491
-0.281497
-0.281504
-0.281511
-0.281518
-0.281525
-0.281533
-0.281540
-0.281548
-0.281556
-0.281565
-0.281573
-0.281582
-0.281591
-0.281600
-0.281610
-0.281619
-0.281629
-0.281639
-0.281649
-0.281660
-0.281671
-0.281681
-0.281693
-0.281704
-0.281716
-0.281727
-0.281739
-0.281752
-0.281764
-0.281777
-0.281790
-0.281803
-0.281817
-0.281830
-0.281844
-0.281858
-0.281873
-0.281887
-0.281902
-0.281917
-0.281932
-0.281948
-0.281964
-0.281980
-0.281996
-0.282013
-0.282029
-0.282046
-0.282064
-0.282081
-0.282099
-0.282117
-0.282135
-0.282154
-0.282172
-0.282191
-0.282211
-0.282230
-0.282250
-0.282270
-0.282290
-0.282311
-0.282332
-0.282353
-0.282374
-0.282396
-0.282418
-0.282440
-0.282462
-0.282485
-0.282508
-0.282531
-0.282555
-0.282579
-0.282603
-0.282627
-0.282651
-0.282676
-0.282701
-0.282727
-0.282753
-0.282779
-0.282805
-0.282831
-0.282858
-0.282885
-0.282913
-0.282940
-0.282968
-0.282996
-0.283025
-0.283025
-0.283054
-0.283083
-0.283112
-0.283142
-0.283172
-0.283202
-0.283233
-0.283264
-0.283295
-0.283326
-0.283358
-0.283390
-0.283422
-0.283455
-0.283488
-0.283521
-0.283555
-0.283588
-0.283623
-0.283657
-0.283692
-0.283727
-0.283762
-0.283798
-0.283834
-0.283870
-0.283907
-0.283944
-0.283981
-0.284018
-0.284056
-0.284094
-0.284133
-0.284171
-0.284211
-0.284250
-0.284290
-0.284330
-0.284370
-0.284411
-0.284452
-0.284493
-0.284535
-0.284577
-0.284619
-0.284662
-0.284705
-0.284748
-0.284792
-0.284836
-0.284880
-0.284924
-0.284969
-0.285015
-0.285060
-0.285106
-0.285152
-0.285199
-0.285246
-0.285293
-0.285341
-0.285389
-0.285437
-0.285485
-0.285534
-0.285584
-0.285633
-0.285683
-0.285734
-0.285784
-0.285835
-0.285887
-0.285938
-0.285990
-0.286043
-0.286095
-0.286148
-0.286202
-0.286256
-0.286310
-0.286364
-0.286419
-0.286474
-0.286530
-0.286585
-0.286642
-0.286698
-0.286755
-0.286812
-0.286870
-0.286928
-0.286986
-0.287045
-0.287104
-0.287164
-0.287223
-0.287283
-0.287344
-0.287405
-0.287466
-0.287528
-0.287590
-0.287652
-0.287714
-0.287778
-0.287841
-0.287905
-0.287969
-0.288033
-0.288098
-0.288163
-0.288229
-0.288295
-0.288361
-0.288428
-0.288495
-0.288563
-0.288630
-0.288699
-0.288767
-0.288836
-0.288906
-0.288975
-0.289045
-0.289116
-0.289187
-0.289258
-0.289329
-0.289401
-0.289474
-0.289546
-0.289619
-0.289693
-0.289767
-0.289841
-0.289916
-0.289991
-0.290066
-0.290142
-0.290218
-0.290295
-0.290371
-0.290449
-0.290526
-0.290605
-0.290683
-0.290762
-0.290841
-0.290921
-0.291001
-0.291081
-0.291162
-0.291243
-0.291325
-0.291407
-0.291489
-0.291572
-0.291655
-0.291738
-0.291822
-0.291907
-0.291991
-0.292076
-0.292162
-0.292248
-0.292334
-0.292421
-0.292508
-0.292595
-0.292683
-0.292772
-0.292860
-0.292949
-0.293039
-0.293129
-0.293219
-0.293309
-0.293400
-0.293492
-0.293584
-0.293676
-0.293769
-0.293862
-0.293955
-0.294049
-0.294143
-0.294238
-0.294333
-0.294428
-0.294524
-0.294620
-0.294717
-0.294814
-0.294911
-0.295009
-0.295108
-0.295206
-0.295305
-0.295405
-0.295505
-0.295605
-0.295705
-0.295806
-0.295908
-0.296010
-0.296112
-0.296215
-0.296318
-0.296421
-0.296525
-0.296629
-0.296734
-0.296839
-0.296944
-0.297050
-0.297156
-0.297263
-0.297370
-0.297478
-0.297585
-0.297694
-0.297802
-0.297911
-0.298021
-0.298130
-0.298241
-0.298351
-0.298462
-0.298573
-0.298685
-0.298797
-0.298910
-0.299023
-0.299136
-0.299250
-0.299364
-0.299478
-0.299593
-0.299708
-0.299824
-0.299940
-0.300056
-0.300173
-0.300290
-0.300407
-0.300525
-0.300643
-0.300762
-0.300881
-0.301000
-0.301120
-0.301240
-0.301360
-0.301481
-0.301602
-0.301723
-0.301845
-0.301967
-0.302090
-0.302213
-0.302336
-0.302459
-0.302583
-0.302707
-0.302832
-0.302957
-0.303082
-0.303207
-0.303333
-0.303459
-0.303585
-0.303712
-0.303839
-0.303967
-0.304094
-0.304222
-0.304350
-0.304479
-0.304608
-0.304737
-0.304866
-0.304996
-0.305126
-0.305256
-0.305386
-0.305517
-0.305648
-0.305779
-0.305910
-0.306042
-0.306174
-0.306306
-0.306438
-0.306571
-0.306704
-0.306837
-0.306970
-0.307103
-0.307237
-0.307371
-0.307505
-0.307639
-0.307773
-0.307908
-0.308042
-0.308177
-0.308312
-0.308447
-0.308582
-0.308718
-0.308853
-0.308989
-0.309124
-0.309260
-0.309396
-0.309532
-0.309668
-0.309805
-0.309941
-0.310077
-0.310214
-0.310350
-0.310487
-0.310623
-0.310760
-0.310896
-0.311033
-0.311170
-0.311306
-0.311443
-0.311580
-0.311716
-0.311853
-0.311990
-0.312126
-0.312263
-0.312400
-0.312536
-0.312673
-0.312809
-0.312945
-0.313082
-0.313218
-0.313354
-0.313490
-0.313626
-0.313762
-0.313898
-0.314033
-0.314169
-0.314304
-0.314439
-0.314575
-0.314710
-0.314845
-0.314979
-0.315114
-0.315248
-0.315383
-0.315517
-0.315651
-0.315785
-0.315918
-0.316052
-0.316185
-0.316318
-0.316451
-0.316584
-0.316716
-0.316849
-0.316981
-0.317113
-0.317245
-0.317376
-0.317508
-0.317639
-0.317770
-0.317901
-0.318031
-0.318162
-0.318292
-0.318422
-0.318551
-0.318681
-0.318810
-0.318939
-0.319068
-0.319197
-0.319326
-0.319454
-0.319582
-0.319710
-0.319838
-0.319965
-0.320093
-0.320220
-0.320347
-0.320474
-0.320600
-0.320727
-0.320853
-0.320979
-0.321105
-0.321231
-0.321356
-0.321482
-0.321607
-0.321732
-0.321857
-0.321982
-0.322107
-0.322231
-0.322356
-0.322480
-0.322604
-0.322729
-0.322853
-0.322976
-0.323100
-0.323224
-0.323348
-0.323471
-0.323595
-0.323718
-0.323842
-0.323965
-0.324089
-0.324212
-0.324335
-0.324458
-0.324582
-0.324705
-0.324828
-0.324952
-0.325075
-0.325198
-0.325321
-0.325445
-0.325568
-0.325692
-0.325815
-0.325939
-0.326063
-0.326187
-0.326310
-0.326434
-0.326559
-0.326683
-0.326807
-0.326932
-0.327056
-0.327181
-0.327306
-0.327431
-0.327557
-0.327682
-0.327808
-0.327934
-0.328060
-0.328186
-0.328313
-0.328440
-0.328567
-0.328694
-0.328822
-0.328950
-0.329078
-0.329207
-0.329335
-0.329465
-0.329594
-0.329724
-0.329854
-0.329984
-0.330115
-0.330246
-0.330378
-0.330510
-0.330642
-0.330775
-0.330908
-0.331041
-0.331175
-0.331310
-0.331445
-0.331580
-0.331716
-0.331852
-0.331989
-0.332126
-0.332264
-0.332402
-0.332541
-0.332680
-0.332820
-0.332960
-0.333101
-0.333243
-0.333385
-0.333385
-0.333527
-0.333671
-0.333815
-0.333959
-0.334104
-0.334250
-0.334396
-0.334543
-0.334691
-0.334839
-0.334988
-0.335138
-0.335288
-0.335439
-0.335591
-0.335744
-0.335897
-0.336051
-0.336206
-0.336361
-0.336518
-0.336675
-0.336833
-0.336992
-0.337151
-0.337312
-0.337473
-0.337636
-0.337799
-0.337963
-0.338128
-0.338294
-0.338460
-0.338628
-0.338797
-0.338967
-0.339138
-0.339310
-0.339483
-0.339657
-0.339832
-0.340009
-0.340186
-0.340365
-0.340545
-0.340727
-0.340909
-0.341093
-0.341279
-0.341465
-0.341654
-0.341844
-0.342035
-0.342228
-0.342423
-0.342619
-0.342818
-0.343018
-0.343220
-0.343425
-0.343631
-0.343840
-0.344052
-0.344266
-0.344482
-0.344702
-0.344925
-0.345151
-0.345381
-0.345614
-0.345852
-0.346094
-0.346342
-0.346595
-0.346853
-0.347119
-0.347392
-0.347674
-0.347965
-0.348267
-0.348581
-0.348910
-0.349255
-0.349621
-0.350009
-0.350423
-0.350868
-0.351349
-0.351867
-0.352425
-0.353023
-0.353659
-0.354328
-0.355025
-0.355744
-0.356477
-0.357217
-0.357959
-0.358698
-0.359429
-0.360149
-0.360855
-0.361546
-0.362220
-0.362875
-0.363510
-0.364124
-0.364718
-0.365290
-0.365841
-0.366370
-0.366878
-0.367364
-0.367829
-0.368272
-0.368695
-0.369097
-0.369479
-0.369840
-0.370183
-0.370507
-0.370812
-0.371100
-0.371371
-0.371626
-0.371865
-0.372090
-0.372300
-0.372497
-0.372682
-0.372854
-0.373014
-0.373164
-0.373303
-0.373433
-0.373553
-0.373665
-0.373769
-0.373864
-0.373953
-0.374034
-0.374109
-0.374178
-0.374240
-0.374298
-0.374350
-0.374398
-0.374441
-0.374480
-0.374515
-0.374546
-0.374574
-0.374599
-0.374621
-0.374640
-0.374658
-0.374672
-0.374685
-0.374697
-0.374706
-0.374715
-0.374722
-0.374728
-0.374733
-0.374738
-0.374741
-0.374745
-0.374748
-0.374750
-0.374753
-0.374755
-0.374758
-0.374760
-0.374763
-0.374766
-0.374769
-0.374773
-0.374776
-0.374781
-0.374785
-0.374790
-0.374796
-0.374802
-0.374808
-0.374815
-0.374823
-0.374831
-0.374840
-0.374849
-0.374859
-0.374870
-0.374881
-0.374892
-0.374904
-0.374917
-0.374930
-0.374944
-0.374959
-0.374973
-0.374989
-0.375005
-0.375021
-0.375038
-0.375055
-0.375073
-0.375091
-0.375110
-0.375129
-0.375148
-0.375168
-0.375189
-0.375210
-0.375231
-0.375252
-0.375274
-0.375296
-0.375319
-0.375342
-0.375365
-0.375389
-0.375413
-0.375437
-0.375461
-0.375486
-0.375511
-0.375537
-0.375563
-0.375589
-0.375615
-0.375641
-0.375668
-0.375695
-0.375723
-0.375750
-0.375778
-0.375807
-0.375835
-0.375864
-0.375893
-0.375922
-0.375951
-0.375981
-0.376011
-0.376041
-0.376072
-0.376102
-0.376133
-0.376165
-0.376196
-0.376228
-0.376260
-0.376293
-0.376325
-0.376358
-0.376391
-0.376425
-0.376459
-0.376493
-0.376527
-0.376562
-0.376597
-0.376632
-0.376667
-0.376703
-0.376739
-0.376776
-0.376812
-0.376849
-0.376887
-0.376925
-0.376963
-0.377001
-0.377040
-0.377078
-0.377118
-0.377157
-0.377197
-0.377238
-0.377278
-0.377319
-0.377361
-0.377402
-0.377444
-0.377486
-0.377529
-0.377572
-0.377615
-0.377659
-0.377703
-0.377747
-0.377792
-0.377837
-0.377883
-0.377928
-0.377974
-0.378021
-0.378068
-0.378115
-0.378162
-0.378210
-0.378258
-0.378306
-0.378355
-0.378404
-0.378454
-0.378504
-0.378554
-0.378604
-0.378655
-0.378706
-0.378758
-0.378810
-0.378862
-0.378914
-0.378967
-0.379020
-0.379074
-0.379128
-0.379182
-0.379236
-0.379291
-0.379346
-0.379401
-0.379457
-0.379513
-0.379569
-0.379626
-0.379683
-0.379740
-0.379798
-0.379856
-0.379914
-0.379972
-0.380031
-0.380090
-0.380150
-0.380209
-0.380269
-0.380329
-0.380390
-0.380451
-0.380512
-0.380573
-0.380635
-0.380697
-0.380759
-0.380822
-0.380885
-0.380948
-0.381012
-0.381075
-0.381139
-0.381204
-0.381268
-0.381333
-0.381398
-0.381464
-0.381529
-0.381595
-0.381662
-0.381728
-0.381795
-0.381862
-0.381930
-0.381997
-0.382065
-0.382134
-0.382202
-0.382271
-0.382340
-0.382409
-0.382479
-0.382549
-0.382619
-0.382690
-0.382760
-0.382832
-0.382903
-0.382975
-0.383046
-0.383119
-0.383191
-0.383264
-0.383337
-0.383410
-0.383484
-0.383558
-0.383632
-0.383706
-0.383781
-0.383856
-0.383931
-0.384007
-0.384083
-0.384159
-0.384236
-0.384312
-0.384389
-0.384467
-0.384544
-0.384622
-0.384700
-0.384779
-0.384858
-0.384937
-0.385016
-0.385096
-0.385176
-0.385256
-0.385337
-0.385418
-0.385499
-0.385581
-0.385662
-0.385744
-0.385827
-0.385910
-0.385993
-0.386076
-0.386159
-0.386243
-0.386328
-0.386412
-0.386497
-0.386582
-0.386668
-0.386753
-0.386839
-0.386926
-0.387013
-0.387100
-0.387187
-0.387274
-0.387362
-0.387451
-0.387539
-0.387628
-0.387717
-0.387807
-0.387897
-0.387987
-0.388077
-0.388168
-0.388259
-0.388351
-0.388442
-0.388534
-0.388627
-0.388719
-0.388812
-0.388906
-0.388999
-0.389093
-0.389187
-0.389282
-0.389377
-0.389472
-0.389568
-0.389663
-0.389760
-0.389856
-0.389953
-0.390050
-0.390147
-0.390245
-0.390343
-0.390442
-0.390540
-0.390639
-0.390739
-0.390838
-0.390938
-0.391039
-0.391139
-0.391240
-0.391341
-0.391443
-0.391545
-0.391647
-0.391749
-0.391852
-0.391955
-0.392058
-0.392162
-0.392266
-0.392370
-0.392475
-0.392580
-0.392685
-0.392791
-0.392897
-0.393003
-0.393109
-0.393216
-0.393323
-0.393430
-0.393538
-0.393646
-0.393754
-0.393754
-0.393863
-0.393972
-0.394081
-0.394190
-0.394300
-0.394410
-0.394520
-0.394631
-0.394741
-0.394853
-0.394964
-0.395076
-0.395188
-0.395300
-0.395413
-0.395525
-0.395638
-0.395752
-0.395866
-0.395979
-0.396094
-0.396208
-0.396323
-0.396438
-0.396553
-0.396669
-0.396784
-0.396900
-0.397017
-0.397133
-0.397250
-0.397367
-0.397485
-0.397602
-0.397720
-0.397838
-0.397956
-0.398075
-0.398194
-0.398313
-0.398432
-0.398552
-0.398671
-0.398791
-0.398912
-0.399032
-0.399153
-0.399274
-0.399395
-0.399516
-0.399638
-0.399759
-0.399881
-0.400004
-0.400126
-0.400249
-0.400372
-0.400495
-0.400618
-0.400742
-0.400865
-0.400989
-0.401113
-0.401238
-0.401362
-0.401487
-0.401612
-0.401737
-0.401862
-0.401987
-0.402113
-0.402239
-0.402365
-0.402491
-0.402617
-0.402744
-0.402870
-0.402997
-0.403124
-0.403251
-0.403379
-0.403506
-0.403634
-0.403762
-0.403890
-0.404018
-0.404146
-0.404274
-0.404403
-0.404532
-0.404661
-0.404790
-0.404919
-0.405048
-0.405177
-0.405307
-0.405437
-0.405566
-0.405696
-0.405826
-0.405957
-0.406087
-0.406217
-0.406348
-0.406479
-0.406609
-0.406740
-0.406871
-0.407002
-0.407134
-0.407265
-0.407396
-0.407528
-0.407660
-0.407791
-0.407923
-0.408055
-0.408187
-0.408319
-0.408452
-0.408584
-0.408716
-0.408849
-0.408981
-0.409114
-0.409247
-0.409379
-0.409512
-0.409645
-0.409778
-0.409911
-0.410044
-0.410177
-0.410311
-0.410444
-0.410577
-0.410711
-0.410844
-0.410978
-0.411112
-0.411245
-0.411379
-0.411513
-0.411647
-0.411780
-0.411914
-0.412048
-0.412182
-0.412316
-0.412450
-0.412584
-0.412719
-0.412853
-0.412987
-0.413121
-0.413255
-0.413390
-0.413524
-0.413658
-0.413793
-0.413927
-0.414062
-0.414196
-0.414331
-0.414465
-0.414600
-0.414734
-0.414869
-0.415003
-0.415138
-0.415272
-0.415407
-0.415541
-0.415676
-0.415810
-0.415945
-0.416080
-0.416214
-0.416349
-0.416483
-0.416618
-0.416752
-0.416887
-0.417022
-0.417156
-0.417291
-0.417425
-0.417560
-0.417694
-0.417829
-0.417963
-0.418098
-0.418232
-0.418366
-0.418501
-0.418635
-0.418770
-0.418904
-0.419038
-0.419172
-0.419307
-0.419441
-0.419575
-0.419709
-0.419844
-0.419978
-0.420112
-0.420246
-0.420380
-0.420514
-0.420648
-0.420782
-0.420916
-0.421050
-0.421183
-0.421317
-0.421451
-0.421585
-0.421718
-0.421852
-0.421986
-0.422119
-0.422253
-0.422386
-0.422519
-0.422653
-0.422786
-0.422919
-0.423053
-0.423186
-0.423319
-0.423452
-0.423585
-0.423718
-0.423851
-0.423984
-0.424117
-0.424250
-0.424382
-0.424515
-0.424648
-0.424780
-0.424913
-0.425045
-0.425178
-0.425310
-0.425442
-0.425574
-0.425707
-0.425839
-0.425971
-0.426103
-0.426235
-0.426367
-0.426498
-0.426630
-0.426762
-0.426894
-0.427025
-0.427157
-0.427288
-0.427419
-0.427551
-0.427682
-0.427813
-0.427944
-0.428075
-0.428206
-0.428337
-0.428468
-0.428599
-0.428730
-0.428861
-0.428991
-0.429122
-0.429252
-0.429383
-0.429513
-0.429643
-0.429773
-0.429904
-0.430034
-0.430164
-0.430294
-0.430423
-0.430553
-0.430683
-0.430813
-0.430942
-0.431072
-0.431201
-0.431331
-0.431460
-0.431589
-0.431718
-0.431848
-0.431977
-0.432106
-0.432235
-0.432363
-0.432492
-0.432621
-0.432750
-0.432878
-0.433007
-0.433135
-0.433263
-0.433392
-0.433520
-0.433648
-0.433776
-0.433904
-0.434032
-0.434160
-0.434288
-0.434416
-0.434543
-0.434671
-0.434798
-0.434926
-0.435053
-0.435181
-0.435308
-0.435435
-0.435562
-0.435689
-0.435816
-0.435943
-0.436070
-0.436197
-0.436324
-0.436450
-0.436577
-0.436704
-0.436830
-0.436956
-0.437083
-0.437209
-0.437335
-0.437461
-0.437588
-0.437714
-0.437840
-0.437965
-0.438091
-0.438217
-0.438343
-0.438468
-0.438594
-0.438720
-0.438845
-0.438970
-0.439096
-0.439221
-0.439346
-0.439471
-0.439597
-0.439722
-0.439847
-0.439972
-0.440096
-0.440221
-0.440346
-0.440471
-0.440595
-0.440720
-0.440845
-0.440969
-0.441093
-0.441218
-0.441342
-0.441466
-0.441591
-0.441715
-0.441839
-0.441963
-0.442087
-0.442211
-0.442335
-0.442459
-0.442583
-0.442706
-0.442830
-0.442954
-0.443077
-0.443201
-0.443324
-0.443448
-0.443571
-0.443695
-0.443818
-0.443941
-0.444065
-0.444188
-0.444311
-0.444434
-0.444557
-0.444680
-0.444803
-0.444926
-0.445049
-0.445172
-0.445295
-0.445418
-0.445540
-0.445663
-0.445786
-0.445909
-0.446031
-0.446154
-0.446276
-0.446399
-0.446521
-0.446644
-0.446766
-0.446889
-0.447011
-0.447134
-0.447256
-0.447378
-0.447500
-0.447623
-0.447745
-0.447867
-0.447989
-0.448111
-0.448234
-0.448356
-0.448478
-0.448600
-0.448722
-0.448844
-0.448966
-0.449088
-0.449210
-0.449332
-0.449454
-0.449576
-0.449697
-0.449819
-0.449941
-0.450063
-0.450185
-0.450307
-0.450429
-0.450550
-0.450672
-0.450794
-0.450916
-0.451038
-0.451159
-0.451281
-0.451403
-0.451525
-0.451646
-0.451768
-0.451890
-0.452012
-0.452133
-0.452255
-0.452377
-0.452499
-0.452620
-0.452742
-0.452864
-0.452986
-0.453108
-0.453229
-0.453351
-0.453473
-0.453595
-0.453717
-0.453838
-0.453960
-0.454082
-0.454204
-0.454326
-0.454448
-0.454570
-0.454692
-0.454814
-0.454936
-0.455058
-0.455180
-0.455302
-0.455424
-0.455546
-0.455668
-0.455790
-0.455912
-0.456035
-0.456157
-0.456279
-0.456401
-0.456524
-0.456646
-0.456768
-0.456891
-0.457013
-0.457013
-0.457136
-0.457258
-0.457381
-0.457504
-0.457626
-0.457749
-0.457872
-0.457994
-0.458117
-0.458240
-0.458363
-0.458486
-0.458609
-0.458732
-0.458855
-0.458978
-0.459101
-0.459225
-0.459348
-0.459471
-0.459595
-0.459718
-0.459842
-0.459965
-0.460089
-0.460213
-0.460336
-0.460460
-0.460584
-0.460708
-0.460832
-0.460956
-0.461080
-0.461205
-0.461329
-0.461453
-0.461578
-0.461702
-0.461827
-0.461951
-0.462076
-0.462201
-0.462326
-0.462451
-0.462576
-0.462701
-0.462826
-0.462952
-0.463077
-0.463203
-0.463328
-0.463454
-0.463580
-0.463705
-0.463831
-0.463957
-0.464084
-0.464210
-0.464336
-0.464463
-0.464589
-0.464716
-0.464842
-0.464969
-0.465096
-0.465223
-0.465350
-0.465478
-0.465605
-0.465733
-0.465860
-0.465988
-0.466116
-0.466244
-0.466372
-0.466500
-0.466628
-0.466757
-0.466885
-0.467014
-0.467143
-0.467272
-0.467401
-0.467530
-0.467660
-0.467789
-0.467919
-0.468048
-0.468178
-0.468308
-0.468438
-0.468569
-0.468699
-0.468830
-0.468961
-0.469092
-0.469223
-0.469354
-0.469485
-0.469617
-0.469748
-0.469880
-0.470012
-0.470144
-0.470277
-0.470409
-0.470542
-0.470675
-0.470808
-0.470941
-0.471074
-0.471208
-0.471341
-0.471475
-0.471609
-0.471743
-0.471878
-0.472012
-0.472147
-0.472282
-0.472417
-0.472553
-0.472688
-0.472824
-0.472960
-0.473096
-0.473232
-0.473369
-0.473505
-0.473642
-0.473780
-0.473917
-0.474054
-0.474192
-0.474330
-0.474468
-0.474607
-0.474745
-0.474884
-0.475023
-0.475163
-0.475302
-0.475442
-0.475582
-0.475722
-0.475863
-0.476003
-0.476144
-0.476286
-0.476427
-0.476569
-0.476711
-0.476853
-0.476995
-0.477138
-0.477281
-0.477424
-0.477567
-0.477711
-0.477855
-0.477999
-0.478144
-0.478288
-0.478433
-0.478579
-0.478724
-0.478870
-0.479016
-0.479163
-0.479309
-0.479456
-0.479603
-0.479751
-0.479899
-0.480047
-0.480195
-0.480344
-0.480493
-0.480642
-0.480792
-0.480942
-0.481092
-0.481242
-0.481393
-0.481544
-0.481695
-0.481847
-0.481999
-0.482151
-0.482304
-0.482457
-0.482610
-0.482764
-0.482918
-0.483072
-0.483227
-0.483381
-0.483537
-0.483692
-0.483848
-0.484004
-0.484161
-0.484318
-0.484475
-0.484632
-0.484790
-0.484948
-0.485107
-0.485265
-0.485425
-0.485584
-0.485744
-0.485904
-0.486065
-0.486226
-0.486387
-0.486548
-0.486710
-0.486872
-0.487035
-0.487198
-0.487361
-0.487524
-0.487688
-0.487853
-0.488017
-0.488182
-0.488347
-0.488513
-0.488679
-0.488845
-0.489012
-0.489179
-0.489346
-0.489513
-0.489681
-0.489850
-0.490018
-0.490187
-0.490356
-0.490526
-0.490696
-0.490866
-0.491036
-0.491207
-0.491378
-0.491550
-0.491722
-0.491894
-0.492066
-0.492239
-0.492412
-0.492585
-0.492759
-0.492933
-0.493107
-0.493282
-0.493456
-0.493631
-0.493807
-0.493982
-0.494158
-0.494335
-0.494511
-0.494688
-0.494865
-0.495042
-0.495220
-0.495398
-0.495576
-0.495754
-0.495933
-0.496112
-0.496291
-0.496470
-0.496650
-0.496830
-0.497010
-0.497190
-0.497370
-0.497551
-0.497732
-0.497913
-0.498095
-0.498277
-0.498458
-0.498640
-0.498823
-0.499005
-0.499188
-0.499371
-0.499554
-0.499737
-0.499921
-0.500104
-0.500288
-0.500472
-0.500656
-0.500841
-0.501025
-0.501210
-0.501395
-0.501580
-0.501765
-0.501950
-0.502136
-0.502321
-0.502507
-0.502693
-0.502879
-0.503065
-0.503252
-0.503438
-0.503625
-0.503812
-0.503999
-0.504186
-0.504373
-0.504560
-0.504748
-0.504935
-0.505123
-0.505310
-0.505498
-0.505686
-0.505874
-0.506063
-0.506251
-0.506439
-0.506628
-0.506817
-0.507005
-0.507194
-0.507383
-0.507572
-0.507761
-0.507950
-0.508140
-0.508329
-0.508519
-0.508708
-0.508898
-0.509087
-0.509277
-0.509467
-0.509657
-0.509847
-0.510037
-0.510227
-0.510418
-0.510608
-0.510799
-0.510989
-0.511180
-0.511370
-0.511561
-0.511752
-0.511943
-0.512133
-0.512324
-0.512515
-0.512707
-0.512898
-0.513089
-0.513280
-0.513472
-0.513663
-0.513854
-0.514046
-0.514238
-0.514429
-0.514621
-0.514813
-0.515005
-0.515197
-0.515388
-0.515580
-0.515773
-0.515965
-0.516157
-0.516349
-0.516541
-0.516734
-0.516926
-0.517119
-0.517311
-0.517504
-0.517697
-0.517889
-0.518082
-0.518275
-0.518468
-0.518661
-0.518854
-0.519047
-0.519240
-0.519433
-0.519627
-0.519820
-0.520013
-0.520207
-0.520401
-0.520594
-0.520788
-0.520982
-0.521175
-0.521369
-0.521563
-0.521757
-0.521952
-0.522146
-0.522340
-0.522534
-0.522729
-0.522923
-0.523118
-0.523313
-0.523508
-0.523702
-0.523897
-0.524092
-0.524288
-0.524483
-0.524678
-0.524874
-0.525069
-0.525265
-0.525460
-0.525656
-0.525852
-0.526048
-0.526244
-0.526441
-0.526637
-0.526834
-0.527030
-0.527227
-0.527424
-0.527621
-0.527818
-0.528015
-0.528212
-0.528410
-0.528607
-0.528805
-0.529003
-0.529201
-0.529399
-0.529598
-0.529796
-0.529995
-0.530194
-0.530393
-0.530592
-0.530791
-0.530990
-0.531190
-0.531390
-0.531590
-0.531790
-0.531990
-0.532191
-0.532391
-0.532592
-0.532793
-0.532995
-0.533196
-0.533398
-0.533600
-0.533802
-0.534004
-0.534206
-0.534409
-0.534612
-0.534815
-0.535018
-0.535222
-0.535426
-0.535630
-0.535834
-0.536039
-0.536243
-0.536448
-0.536654
-0.536859
-0.537065
-0.537271
-0.537477
-0.537683
-0.537890
-0.538097
-0.538304
-0.538512
-0.538720
-0.538928
-0.539136
-0.539345
-0.539554
-0.539763
-0.539763
-0.539973
-0.540182
-0.540393
-0.540603
-0.540814
-0.541025
-0.541236
-0.541448
-0.541660
-0.541872
-0.542084
-0.542297
-0.542510
-0.542724
-0.542938
-0.543152
-0.543366
-0.543581
-0.543796
-0.544012
-0.544228
-0.544444
-0.544660
-0.544877
-0.545094
-0.545312
-0.545530
-0.545748
-0.545967
-0.546185
-0.546405
-0.546624
-0.546844
-0.547065
-0.547285
-0.547507
-0.547728
-0.547950
-0.548172
-0.548395
-0.548617
-0.548841
-0.549064
-0.549288
-0.549513
-0.549738
-0.549963
-0.550188
-0.550414
-0.550641
-0.550867
-0.551094
-0.551322
-0.551549
-0.551778
-0.552006
-0.552235
-0.552465
-0.552694
-0.552924
-0.553155
-0.553386
-0.553617
-0.553849
-0.554080
-0.554314
-0.554544
-0.554781
-0.555009
-0.555253
-0.555470
-0.555735
-0.555918
-0.556243
-0.556326
-0.556830
-0.556610
-0.557665
-0.556562
-0.559135
-0.555849
-0.559998
-0.557179
-0.560803
-0.557604
-0.561535
-0.559470
-0.562495
-0.559500
-0.563095
-0.560776
-0.563856
-0.561169
-0.564577
-0.562262
-0.565355
-0.562785
-0.566058
-0.563716
-0.566883
-0.564473
-0.567704
-0.565367
-0.568507
-0.566108
-0.569254
-0.566894
-0.569987
-0.567614
-0.570693
-0.568340
-0.571385
-0.569032
-0.572057
-0.569717
-0.572714
-0.570378
-0.573352
-0.571026
-0.573978
-0.571659
-0.574594
-0.572283
-0.575201
-0.572899
-0.575803
-0.573509
-0.576402
-0.574117
-0.577001
-0.574725
-0.577602
-0.575334
-0.578206
-0.575945
-0.578814
-0.576559
-0.579425
-0.577175
-0.580040
-0.577794
-0.580659
-0.578416
-0.581281
-0.579040
-0.581905
-0.579665
-0.582532
-0.580292
-0.583161
-0.580920
-0.583791
-0.581548
-0.584422
-0.582176
-0.585053
-0.582804
-0.585684
-0.583431
-0.586314
-0.584057
-0.586944
-0.584682
-0.587572
-0.585305
-0.588200
-0.585927
-0.588826
-0.586548
-0.589451
-0.587168
-0.590075
-0.587786
-0.590698
-0.588403
-0.591320
-0.589019
-0.591942
-0.589635
-0.592562
-0.590250
-0.593183
-0.590864
-0.593803
-0.591479
-0.594423
-0.592093
-0.595043
-0.592708
-0.595664
-0.593323
-0.596285
-0.593939
-0.596907
-0.594556
-0.597530
-0.595174
-0.598154
-0.595793
-0.598779
-0.596414
-0.599405
-0.597035
-0.600033
-0.597658
-0.600662
-0.598283
-0.601292
-0.598909
-0.601923
-0.599536
-0.602556
-0.600165
-0.603190
-0.600796
-0.603826
-0.601427
-0.604462
-0.602060
-0.605100
-0.602694
-0.605738
-0.603330
-0.606377
-0.603965
-0.607017
-0.604602
-0.607658
-0.605240
-0.608299
-0.605877
-0.608940
-0.606515
-0.609581
-0.607154
-0.610222
-0.607792
-0.610863
-0.608430
-0.611504
-0.609068
-0.612144
-0.609705
-0.612783
-0.610342
-0.613422
-0.610978
-0.614060
-0.611613
-0.614696
-0.612247
-0.615332
-0.612880
-0.615966
-0.613512
-0.616599
-0.614142
-0.617231
-0.614771
-0.617862
-0.615399
-0.618490
-0.616025
-0.619118
-0.616650
-0.619743
-0.617273
-0.620367
-0.617895
-0.620990
-0.618515
-0.621610
-0.619133
-0.622230
-0.619750
-0.622847
-0.620365
-0.623463
-0.620978
-0.624077
-0.621590
-0.624690
-0.622201
-0.625301
-0.622809
-0.625910
-0.623417
-0.626518
-0.624022
-0.627125
-0.624627
-0.627730
-0.625229
-0.628334
-0.625831
-0.628936
-0.626431
-0.629537
-0.627030
-0.630136
-0.627627
-0.630735
-0.628223
-0.631332
-0.628818
-0.631928
-0.629412
-0.632522
-0.630004
-0.633116
-0.630596
-0.633709
-0.631186
-0.634300
-0.631777
-0.634891
-0.632362
-0.635479
-0.632955
-0.636071
-0.633532
-0.636652
-0.634134
-0.637251
-0.634689
-0.637814
-0.635327
-0.638440
-0.635812
-0.638946
-0.636579
-0.639667
-0.636827
-0.639969
-0.638062
-0.640940
-0.637623
-0.640736
-0.640079
-0.641356
-0.639444
-0.642753
-0.638898
-0.641898
-0.642663
-0.640810
-0.643697
-0.640530
-0.643844
-0.643545
-0.643480
-0.642968
-0.644340
-0.643088
-0.646559
-0.640862
-0.644462
-0.647637
-0.641421
-0.645460
-0.649086
-0.645650
-0.647773
-0.648359
-0.647604
-0.648854
-0.647338
-0.649998
-0.646577
-0.649399
-0.648768
-0.649851
-0.648358
-0.651813
-0.647586
-0.650722
-0.652768
-0.648584
-0.651669
-0.653385
-0.651893
-0.654394
-0.650788
-0.653571
-0.652641
-0.654057
-0.651965
-0.655569
-0.651785
-0.654598
-0.655248
-0.653370
-0.656359
-0.652969
-0.656247
-0.657046
-0.654970
-0.657639
-0.653934
-0.657259
-0.658641
-0.655846
-0.658758
-0.655754
-0.659117
-0.658051
-0.660117
-0.656632
-0.659856
-0.659234
-0.660887
-0.658145
-0.661756
-0.658528
-0.661675
-0.660424
-0.662765
-0.659217
-0.662541
-0.662926
-0.662258
-0.663274
-0.661486
-0.665507
-0.659616
-0.663681
-0.667046
-0.660194
-0.664469
-0.668215
-0.665065
-0.667032
-0.667576
-0.666950
-0.668018
-0.666554
-0.669241
-0.665522
-0.668231
-0.668982
-0.667474
-0.670295
-0.666594
-0.669852
-0.671589
-0.668001
-0.670963
-0.670387
-0.672878
-0.669622
-0.672541
-0.670918
-0.673267
-0.668998
-0.672164
-0.674376
-0.670568
-0.673146
-0.673619
-0.673344
-0.674358
-0.672769
-0.676195
-0.670231
-0.674198
-0.677685
-0.670918
-0.675077
-0.678774
-0.675562
-0.677447
-0.678128
-0.677403
-0.678700
-0.676953
-0.679861
-0.676098
-0.678691
-0.679787
-0.677707
-0.680883
-0.677327
-0.680434
-0.682004
-0.678927
-0.681959
-0.680183
-0.683720
-0.680062
-0.682593
-0.682857
-0.681754
-0.683702
-0.680768
-0.684151
-0.682420
-0.685257
-0.679887
-0.683529
-0.683529
-0.687187
-0.681220
-0.684408
-0.687721
-0.684128
-0.686156
-0.687589
-0.686119
-0.688190
-0.685458
-0.688249
-0.686133
-0.689065
-0.685478
-0.688307
-0.689313
-0.687909
-0.690608
-0.686597
-0.689700
-0.692120
-0.687519
-0.690095
-0.692802
-0.689327
-0.691700
-0.692589
-0.690982
-0.693290
-0.689558
-0.692402
-0.693668
-0.691230
-0.694296
-0.690540
-0.693526
-0.695419
-0.691691
-0.694258
-0.694327
-0.695400
-0.694198
-0.697049
-0.691652
-0.694979
-0.698518
-0.691221
-0.696003
-0.699773
-0.695889
-0.697754
-0.699653
-0.697777
-0.699947
-0.697820
-0.700555
-0.697648
-0.700400
-0.699021
-0.701679
-0.697651
-0.700476
-0.702822
-0.698783
-0.701350
-0.703340
-0.701011
-0.704009
-0.701283
-0.704279
-0.701605
-0.704639
-0.701314
-0.704220
-0.703800
-0.705032
-0.702698
-0.706393
-0.701183
-0.704600
-0.708011
-0.701396
-0.705323
-0.708995
-0.705449
-0.707186
-0.708617
-0.706924
-0.709081
-0.706414
-0.709201
-0.707231
-0.710151
-0.706244
-0.708901
-0.710980
-0.707536
-0.710138
-0.710353
-0.711141
-0.710314
-0.712565
-0.708410
-0.711228
-0.713329
-0.708612
-0.711278
-0.714373
-0.709731
-0.712208
-0.715271
-0.710329
-0.712696
-0.715838
-0.712211
-0.714172
-0.716020
-0.713533
-0.715877
-0.713743
-0.716724
-0.713342
-0.715950
-0.716409
-0.715974
-0.717274
-0.715244
-0.719351
-0.712975
-0.717537
-0.721098
-0.713704
-0.718470
-0.722356
-0.719176
-0.720672
-0.721446
-0.720421
-0.722007
-0.719567
-0.722515
-0.719461
-0.722097
-0.720805
-0.723446
-0.719099
-0.722086
-0.725368
-0.719331
-0.722688
-0.726324
-0.722051
-0.724166
-0.726845
-0.723884
-0.725641
-0.725322
-0.725852
-0.724876
-0.726865
-0.723394
-0.726069
-0.726175
-0.725893
-0.726324
-0.725897
-0.728805
-0.723113
-0.727010
-0.731051
-0.720829
-0.728156
-0.732222
-0.729670
-0.730889
-0.730785
-0.732071
-0.730974
-0.732398
-0.728937
-0.731497
-0.730540
-0.733301
-0.728897
-0.731679
-0.735098
-0.728294
-0.732427
-0.736151
-0.731869
-0.734068
-0.736951
-0.734382
-0.736081
-0.735284
-0.736336
-0.734299
-0.737314
-0.732974
-0.735530
-0.738640
-0.732888
-0.736035
-0.739753
-0.735737
-0.737618
-0.740118
-0.737319
-0.739276
-0.738943
-0.739862
-0.738203
-0.740874
-0.735972
-0.738681
-0.742091
-0.735529
-0.739392
-0.743105
-0.739296
-0.741039
-0.743252
-0.740959
-0.742998
-0.741432
-0.743821
-0.740341
-0.742557
-0.743168
-0.742037
-0.744049
-0.740287
-0.743067
-0.745330
-0.740972
-0.743247
-0.745914
-0.742314
-0.744572
-0.746446
-0.743161
-0.745467
-0.744239
-0.747071
-0.742447
-0.745037
-0.748420
-0.741988
-0.745452
-0.749064
-0.744899
-0.746720
-0.749505
-0.746883
-0.748734
-0.748557
-0.749299
-0.748145
-0.750561
-0.746326
-0.748827
-0.752070
-0.745496
-0.749589
-0.753507
-0.748645
-0.750893
-0.754075
-0.751213
-0.752887
-0.753409
-0.752938
-0.753860
-0.751914
-0.755097
-0.749428
-0.752903
-0.756530
-0.749703
-0.753766
-0.757575
-0.754202
-0.755739
-0.757449
-0.755568
-0.757675
-0.755157
-0.757755
-0.755358
-0.758072
-0.754766
-0.757190
-0.757074
-0.757912
-0.756417
-0.759966
-0.753267
-0.758700
-0.762264
-0.754074
-0.758676
-0.762537
-0.759582
-0.760907
-0.761920
-0.760572
-0.762243
-0.759496
-0.762109
-0.760504
-0.763394
-0.758780
-0.761300
-0.764785
-0.758907
-0.762057
-0.765650
-0.761815
-0.763586
-0.766165
-0.763622
-0.765422
-0.764695
-0.766041
-0.763499
-0.766419
-0.762868
-0.765121
-0.766748
-0.763830
-0.766622
-0.764843
-0.768430
-0.763957
-0.766327
-0.769391
-0.763723
-0.766618
-0.770193
-0.765922
-0.767397
-0.769993
-0.766943
-0.768600
-0.769385
-0.768686
-0.770197
-0.767342
-0.770200
-0.768022
-0.771269
-0.766662
-0.769501
-0.773145
-0.767067
-0.770471
-0.774006
-0.769654
-0.771335
-0.774162
-0.771471
-0.773129
-0.773225
-0.773259
-0.772997
-0.773171
-0.772786
-0.774035
-0.771320
-0.775275
-0.769248
-0.774083
-0.777906
-0.769601
-0.775112
-0.779116
-0.774807
-0.776121
-0.778590
-0.776513
-0.778268
-0.777004
-0.778919
-0.775646
-0.777728
-0.777784
-0.778243
-0.777302
-0.779822
-0.775269
-0.778418
-0.782471
-0.773430
-0.779578
-0.783776
-0.779345
-0.780718
-0.783387
-0.781819
-0.783456
-0.781581
-0.783595
-0.780410
-0.782558
-0.783093
-0.782759
-0.783438
-0.781798
-0.785794
-0.777579
-0.784441
-0.788463
-0.780174
-0.784608
-0.788672
-0.786945
-0.788149
-0.787500
-0.787611
-0.786610
-0.788064
-0.785702
-0.788603
-0.785406
-0.787488
-0.787432
-0.787746
-0.787200
-0.789251
-0.785838
-0.788406
-0.789207
-0.787231
-0.790742
-0.782741
-0.789702
-0.793769
-0.784246
-0.788514
-0.792336
-0.790473
-0.791956
-0.792345
-0.792269
-0.792221
-0.791663
-0.792526
-0.790954
-0.794511
-0.787487
-0.793158
-0.796706
-0.788877
-0.793355
-0.797388
-0.794731
-0.796120
-0.797408
-0.795891
-0.797595
-0.794786
-0.796981
-0.795798
-0.798054
-0.793697
-0.795789
-0.799090
-0.793590
-0.796422
-0.799901
-0.795887
-0.797514
-0.800323
-0.797527
-0.798874
-0.799317
-0.798699
-0.799600
-0.797425
-0.800494
-0.795645
-0.798323
-0.801689
-0.795501
-0.798889
-0.802467
-0.798912
-0.800174
-0.802406
-0.800058
-0.801814
-0.800896
-0.802814
-0.799660
-0.801611
-0.801442
-0.802234
-0.800381
-0.803885
-0.803885
-0.797228
-0.802798
-0.806097
-0.798828
-0.802316
-0.806098
-0.803530
-0.804782
-0.805923
-0.804211
-0.805988
-0.803094
-0.805252
-0.805221
-0.806031
-0.804143
-0.807377
-0.801071
-0.806066
-0.809339
-0.802545
-0.805839
-0.809638
-0.806978
-0.808237
-0.809645
-0.807602
-0.809437
-0.806811
-0.809149
-0.808064
-0.810486
-0.806118
-0.808151
-0.811539
-0.806002
-0.808792
-0.812221
-0.808465
-0.809922
-0.812661
-0.810032
-0.811398
-0.811724
-0.811462
-0.811880
-0.810658
-0.813287
-0.807846
-0.811194
-0.814744
-0.807526
-0.811819
-0.815462
-0.811959
-0.813156
-0.815468
-0.813275
-0.814931
-0.813841
-0.815850
-0.812638
-0.814372
-0.815170
-0.814036
-0.816051
-0.811875
-0.814410
-0.818149
-0.811314
-0.815359
-0.818652
-0.814634
-0.815992
-0.818812
-0.816366
-0.817657
-0.817634
-0.817815
-0.817369
-0.818178
-0.816702
-0.820139
-0.812499
-0.818461
-0.822224
-0.814223
-0.818557
-0.822576
-0.820398
-0.821535
-0.822260
-0.821355
-0.822526
-0.820265
-0.822773
-0.820015
-0.821936
-0.821483
-0.822718
-0.820171
-0.823325
-0.820156
-0.822332
-0.824271
-0.820863
-0.822728
-0.823854
-0.823081
-0.824933
-0.820133
-0.822246
-0.825736
-0.818706
-0.822923
-0.826210
-0.822104
-0.823268
-0.826106
-0.823804
-0.825172
-0.825523
-0.825479
-0.825797
-0.825133
-0.827017
-0.823390
-0.825221
-0.827815
-0.822834
-0.825393
-0.829302
-0.823718
-0.826845
-0.830033
-0.826112
-0.827212
-0.829875
-0.827474
-0.828841
-0.829101
-0.828944
-0.829022
-0.828360
-0.830018
-0.826865
-0.829011
-0.829520
-0.829208
-0.830018
-0.828247
-0.833023
-0.822694
-0.827504
-0.832947
-0.831376
-0.831340
-0.832721
-0.835055
-0.835146
-0.834874
-0.831769
-0.833800
-0.829305
-0.833050
-0.836981
-0.831171
-0.833323
-0.836136
-0.832734
-0.834151
-0.836801
-0.834808
-0.836525
-0.835864
-0.837522
-0.834518
-0.836327
-0.835613
-0.837606
-0.833615
-0.835565
-0.838823
-0.833458
-0.836240
-0.839498
-0.835208
-0.836712
-0.839722
-0.836741
-0.837727
-0.839370
-0.837266
-0.839151
-0.837050
-0.839548
-0.836946
-0.839015
-0.838036
-0.840556
-0.836124
-0.838505
-0.842013
-0.836045
-0.838985
-0.842070
-0.838737
-0.839850
-0.842180
-0.839902
-0.841367
-0.840576
-0.842285
-0.839319
-0.841218
-0.841266
-0.842271
-0.840160
-0.843603
-0.836840
-0.842475
-0.845494
-0.839210
-0.841565
-0.845234
-0.843060
-0.844196
-0.845231
-0.843417
-0.845246
-0.842161
-0.843927
-0.845822
-0.843230
-0.845040
-0.843436
-0.846705
-0.842145
-0.844745
-0.847969
-0.842716
-0.845041
-0.848352
-0.845218
-0.846177
-0.848318
-0.845787
-0.847146
-0.847042
-0.848091
-0.846412
-0.849263
-0.843687
-0.847405
-0.850279
-0.845117
-0.846986
-0.850580
-0.847837
-0.849000
-0.851067
-0.848297
-0.849593
-0.849758
-0.850539
-0.849460
-0.851479
-0.846849
-0.849085
-0.852558
-0.845803
-0.849930
-0.853174
-0.849901
-0.850913
-0.853199
-0.851182
-0.852802
-0.851546
-0.853765
-0.850021
-0.851512
-0.854395
-0.849974
-0.851546
-0.854724
-0.851066
-0.852475
-0.855409
-0.852506
-0.853583
-0.855558
-0.853409
-0.855156
-0.853729
-0.856342
-0.852167
-0.853958
-0.857084
-0.852302
-0.854304
-0.857524
-0.854337
-0.855408
-0.857822
-0.855281
-0.856528
-0.857104
-0.856873
-0.857606
-0.855762
-0.858962
-0.852241
-0.857253
-0.859904
-0.854807
-0.856326
-0.859999
-0.857869
-0.858996
-0.860260
-0.857976
-0.859831
-0.857411
-0.859608
-0.859137
-0.860856
-0.857074
-0.858516
-0.861116
-0.857253
-0.858806
-0.862025
-0.857694
-0.859641
-0.862736
-0.858927
-0.859943
-0.862641
-0.859825
-0.860844
-0.862650
-0.860582
-0.862430
-0.860546
-0.863209
-0.860187
-0.861782
-0.863618
-0.861123
-0.863134
-0.861830
-0.865164
-0.859591
-0.863022
-0.865624
-0.861290
-0.862474
-0.865646
-0.862898
-0.863939
-0.865905
-0.863011
-0.864213
-0.864952
-0.864894
-0.865856
-0.863732
-0.866984
-0.860444
-0.865418
-0.867855
-0.863498
-0.864728
-0.868116
-0.865889
-0.867042
-0.868302
-0.865781
-0.867695
-0.865403
-0.867826
-0.866878
-0.869457
-0.863702
-0.867064
-0.869878
-0.865646
-0.866987
-0.870291
-0.867508
-0.868680
-0.870988
-0.867876
-0.868795
-0.870568
-0.868626
-0.870713
-0.868419
-0.870720
-0.868830
-0.871617
-0.867612
-0.869778
-0.873005
-0.868088
-0.870233
-0.873247
-0.869842
-0.870853
-0.873428
-0.870722
-0.871747
-0.873241
-0.871432
-0.873605
-0.870391
-0.871988
-0.874366
-0.870870
-0.872031
-0.874765
-0.871427
-0.872779
-0.875560
-0.871708
-0.872969
-0.875858
-0.872322
-0.873455
-0.876158
-0.872965
-0.873894
-0.876229
-0.873515
-0.874663
-0.876148
-0.874589
-0.877016
-0.872901
-0.875036
-0.878187
-0.873120
-0.875269
-0.878297
-0.875303
-0.876295
-0.878557
-0.876088
-0.877344
-0.877565
-0.878039
-0.877276
-0.878741
-0.875420
-0.877019
-0.878978
-0.875530
-0.876951
-0.879092
-0.876614
-0.878632
-0.877515
-0.880757
-0.873182
-0.878422
-0.882168
-0.875030
-0.877978
-0.881213
-0.879464
-0.880549
-0.880776
-0.881072
-0.880731
-0.881387
-0.880139
-0.883574
-0.875499
-0.880366
-0.884128
-0.880451
-0.881321
-0.883852
-0.884560
-0.886557
-0.883111
-0.883788
-0.883380
-0.884627
-0.882897
-0.886164
-0.880006
-0.884220
-0.885826
-0.882338
-0.883706
-0.884710
-0.886729
-0.886729
-0.885162
-0.887714
-0.880038
-0.884922
-0.888294
-0.882082
-0.884616
-0.887789
-0.886266
-0.887407
-0.886726
-0.887937
-0.885702
-0.888039
-0.885768
-0.887696
-0.887253
-0.888957
-0.885266
-0.886847
-0.889833
-0.884833
-0.887360
-0.890068
-0.886865
-0.887887
-0.890289
-0.887617
-0.888537
-0.889634
-0.888029
-0.890445
-0.885689
-0.888641
-0.891308
-0.887351
-0.888260
-0.891241
-0.888547
-0.889724
-0.892082
-0.889006
-0.889864
-0.891933
-0.889688
-0.891168
-0.890894
-0.892441
-0.889403
-0.890991
-0.891156
-0.892320
-0.890093
-0.893565
-0.886344
-0.891964
-0.896025
-0.887726
-0.891197
-0.895322
-0.893674
-0.894478
-0.895201
-0.894722
-0.895714
-0.893703
-0.896001
-0.892905
-0.894327
-0.896929
-0.893134
-0.894608
-0.897727
-0.894137
-0.895555
-0.898334
-0.895262
-0.896179
-0.898484
-0.895927
-0.896801
-0.897728
-0.896497
-0.898569
-0.893980
-0.896503
-0.899266
-0.895157
-0.896344
-0.899350
-0.896605
-0.897628
-0.899874
-0.897003
-0.897819
-0.899430
-0.897724
-0.899818
-0.896924
-0.898279
-0.899831
-0.897538
-0.899510
-0.897228
-0.899520
-0.898866
-0.901384
-0.895554
-0.899213
-0.901180
-0.898600
-0.900113
-0.898435
-0.901495
-0.898646
-0.899789
-0.901272
-0.898636
-0.900319
-0.899779
-0.902950
-0.896630
-0.900714
-0.902572
-0.899639
-0.900984
-0.900879
-0.904129
-0.899812
-0.901513
-0.903800
-0.899504
-0.900999
-0.904200
-0.901437
-0.902400
-0.904726
-0.901555
-0.902407
-0.904820
-0.902316
-0.903434
-0.905267
-0.903136
-0.904886
-0.902940
-0.905647
-0.902279
-0.903921
-0.906545
-0.902628
-0.904086
-0.906989
-0.903297
-0.904521
-0.907165
-0.903916
-0.904851
-0.907358
-0.904549
-0.905421
-0.907482
-0.904952
-0.906056
-0.906925
-0.906417
-0.908159
-0.904163
-0.906102
-0.909239
-0.903340
-0.906640
-0.908727
-0.907080
-0.909005
-0.906167
-0.907741
-0.909490
-0.907048
-0.908671
-0.906592
-0.909268
-0.906879
-0.908634
-0.908072
-0.910152
-0.905650
-0.908209
-0.911085
-0.906620
-0.908232
-0.910952
-0.908029
-0.909067
-0.911464
-0.908442
-0.909294
-0.911499
-0.908736
-0.909782
-0.911816
-0.909418
-0.910761
-0.910802
-0.912162
-0.909730
-0.912379
-0.908493
-0.910945
-0.913414
-0.909418
-0.910809
-0.913815
-0.910106
-0.911548
-0.914096
-0.910540
-0.911570
-0.914278
-0.911303
-0.912262
-0.914689
-0.911560
-0.912473
-0.914969
-0.912040
-0.913126
-0.915653
-0.912647
-0.913662
-0.916112
-0.912997
-0.914028
-0.916515
-0.913318
-0.914362
-0.916885
-0.913594
-0.914653
-0.917222
-0.913914
-0.914970
-0.917549
-0.914322
-0.915334
-0.917869
-0.914757
-0.915722
-0.918174
-0.915167
-0.916108
-0.918448
-0.915558
-0.916502
-0.918644
-0.915985
-0.917031
-0.918446
-0.916858
-0.919561
-0.913669
-0.917898
-0.919379
-0.917677
-0.919471
-0.915599
-0.918391
-0.921320
-0.917070
-0.917747
-0.920221
-0.917657
-0.918898
-0.921238
-0.918392
-0.919064
-0.920681
-0.918650
-0.920656
-0.918787
-0.921403
-0.918533
-0.919936
-0.921525
-0.919362
-0.921573
-0.918704
-0.920450
-0.922304
-0.919436
-0.920691
-0.920692
-0.922579
-0.919214
-0.920449
-0.922396
-0.918952
-0.920169
-0.922635
-0.919174
-0.920658
-0.923338
-0.919036
-0.920848
-0.923283
-0.920523
-0.921491
-0.923410
-0.921335
-0.923126
-0.921321
-0.924355
-0.919054
-0.922784
-0.924158
-0.923411
-0.924889
-0.921475
-0.923529
-0.926615
-0.921107
-0.923686
-0.925270
-0.924473
-0.926878
-0.921884
-0.925095
-0.926692
-0.924738
-0.926778
-0.922161
-0.925973
-0.928103
-0.925931
-0.927479
-0.923552
-0.926202
-0.929106
-0.925567
-0.926277
-0.928672
-0.925702
-0.926975
-0.929496
-0.926094
-0.927075
-0.929551
-0.926345
-0.927538
-0.930129
-0.926884
-0.927934
-0.930421
-0.927232
-0.928319
-0.930842
-0.927732
-0.928768
-0.931216
-0.928091
-0.929107
-0.931536
-0.928421
-0.929448
-0.931874
-0.928751
-0.929781
-0.932202
-0.929061
-0.930093
-0.932517
-0.929363
-0.930396
-0.932822
-0.929666
-0.930695
-0.933117
-0.929973
-0.930995
-0.933408
-0.930286
-0.931299
-0.933698
-0.930601
-0.931606
-0.933989
-0.930914
-0.931915
-0.934278
-0.931223
-0.932221
-0.934564
-0.931527
-0.932523
-0.934841
-0.931825
-0.932819
-0.935103
-0.932123
-0.933112
-0.935337
-0.932434
-0.933419
-0.935495
-0.932815
-0.933868
-0.935269
-0.933705
-0.936660
-0.929579
-0.934084
-0.938385
-0.931458
-0.934149
-0.937691
-0.936553
-0.937607
-0.937394
-0.938185
-0.936588
-0.939215
-0.933374
-0.937536
-0.939225
-0.937447
-0.939287
-0.935759
-0.938530
-0.941265
-0.937809
-0.938132
-0.940149
-0.938115
-0.939538
-0.939828
-0.939879
-0.938782
-0.939931
-0.936269
-0.938166
-0.940871
-0.935663
-0.938500
-0.939371
-0.940457
-0.938917
-0.941794
-0.933620
-0.936305
-0.940760
-0.939284
-0.939924
-0.939584
-0.942771
-0.940907
-0.941590
-0.940816
-0.941216
-0.939859
-0.943900
-0.936102
-0.937000
-0.942438
-0.942707
-0.941801
-0.943431
-0.945021
-0.947144
-0.944700
-0.945590
-0.940501
-0.943041
-0.945298
-0.944016
-0.946057
-0.942018
-0.943966
-0.945887
-0.943172
-0.944273
-0.944811
-0.946322
-0.944637
-0.947562
-0.938420
-0.939031
-0.944577
-0.945806
-0.944880
-0.946434
-0.947611
-0.949446
-0.947105
-0.947995
-0.943652
-0.945756
-0.948455
-0.946514
-0.947532
-0.947532
-0.947631
-0.948200
-0.946775
-0.949442
-0.941825
-0.945891
-0.949525
-0.947026
-0.947724
-0.947796
-0.950479
-0.948266
-0.948976
-0.947663
-0.949463
-0.945301
-0.948106
-0.950160
-0.948175
-0.949744
-0.945889
-0.948148
-0.950448
-0.948018
-0.949035
-0.948997
-0.950836
-0.947912
-0.948844
-0.949764
-0.948183
-0.951237
-0.942938
-0.944358
-0.950399
-0.950377
-0.950087
-0.950603
-0.952569
-0.952897
-0.953689
-0.950262
-0.951024
-0.950253
-0.953889
-0.947561
-0.951689
-0.955689
-0.948859
-0.951311
-0.954370
-0.953841
-0.955413
-0.954174
-0.955847
-0.952667
-0.953373
-0.955245
-0.952856
-0.953729
-0.954847
-0.954140
-0.956471
-0.950448
-0.954619
-0.955305
-0.955722
-0.954270
-0.956770
-0.951794
-0.955433
-0.955190
-0.956057
-0.952807
-0.954263
-0.955817
-0.955565
-0.956985
-0.951417
-0.954407
-0.954427
-0.956905
-0.952290
-0.955010
-0.956576
-0.955976
-0.957155
-0.953027
-0.955082
-0.957272
-0.955076
-0.956253
-0.955162
-0.958555
-0.951797
-0.955312
-0.958999
-0.954616
-0.955715
-0.958427
-0.958474
-0.960264
-0.957684
-0.958461
-0.957891
-0.959918
-0.956660
-0.958311
-0.960685
-0.957622
-0.958394
-0.960404
-0.958257
-0.959547
-0.960069
-0.960378
-0.959844
-0.960349
-0.958245
-0.961943
-0.950671
-0.952180
-0.957161
-0.960061
-0.960201
-0.962415
-0.964996
-0.966066
-0.965312
-0.963836
-0.963066
-0.963173
-0.964270
-0.964074
-0.966355
-0.959351
-0.963152
-0.966693
-0.959117
-0.962546
-0.967004
-0.965942
-0.966593
-0.966604
-0.966525
-0.966261
-0.965880
-0.965781
-0.965144
-0.966129
-0.963387
-0.964629
-0.965539
-0.964787
-0.967301
-0.960033
-0.964274
-0.968232
-0.963046
-0.964187
-0.966238
-0.966566
-0.967940
-0.965482
-0.966251
-0.964561
-0.966817
-0.963656
-0.965466
-0.967456
-0.965553
-0.966731
-0.965669
-0.968537
-0.963707
-0.966899
-0.967113
-0.968301
-0.966019
-0.967792
-0.966163
-0.968137
-0.965934
-0.967458
-0.965361
-0.967413
-0.966218
-0.968953
-0.964151
-0.967057
-0.967112
-0.968563
-0.965996
-0.967381
-0.967664
-0.969183
-0.966264
-0.967096
-0.967164
-0.968384
-0.966328
-0.968985
-0.963252
-0.967556
-0.967691
-0.968933
-0.966106
-0.967609
-0.968991
-0.968750
-0.969732
-0.965371
-0.967152
-0.968588
-0.967859
-0.970367
-0.963390
-0.966806
-0.970451
-0.967588
-0.967954
-0.969809
-0.970454
-0.972387
-0.969199
-0.969339
-0.970621
-0.968803
-0.970621
-0.969794
-0.973010
-0.966722
-0.970365
-0.973776
-0.968208
-0.970683
-0.973181
-0.973364
-0.974574
-0.972033
-0.972972
-0.971993
-0.974515
-0.969419
-0.972840
-0.973232
-0.974793
-0.972162
-0.973397
-0.974043
-0.975129
-0.973439
-0.976055
-0.967424
-0.967121
-0.971629
-0.974415
-0.973545
-0.974756
-0.976532
-0.977512
-0.977134
-0.975935
-0.975534
-0.974966
-0.977369
-0.973228
-0.976369
-0.975408
-0.977733
-0.972154
-0.976230
-0.977371
-0.978378
-0.976539
-0.978342
-0.973803
-0.976687
-0.976681
-0.977660
-0.974917
-0.976147
-0.976119
-0.978527
-0.973640
-0.976294
-0.975904
-0.978402
-0.974190
-0.976804
-0.977902
-0.978262
-0.977488
-0.977760
-0.976447
-0.979998
-0.970313
-0.969465
-0.973133
-0.976589
-0.977100
-0.979273
-0.981904
-0.983172
-0.982501
-0.981116
-0.980172
-0.980511
-0.980881
-0.982369
-0.980336
-0.981673
-0.978560
-0.979765
-0.980860
-0.980060
-0.982654
-0.976607
-0.980950
-0.982186
-0.979410
-0.980128
-0.978073
-0.979909
-0.980404
-0.980358
-0.979089
-0.980074
-0.976893
-0.978748
-0.980413
-0.978333
-0.979816
-0.977361
-0.979117
-0.980371
-0.979274
-0.981315
-0.974838
-0.978658
-0.982502
-0.976504
-0.978592
-0.981214
-0.980710
-0.982050
-0.980679
-0.982326
-0.979955
-0.980916
-0.982422
-0.981220
-0.983266
-0.979657
-0.981920
-0.982849
-0.982773
-0.983163
-0.981937
-0.985096
-0.977288
-0.978158
-0.983194
-0.981612
-0.982355
-0.983390
-0.985440
-0.985190
-0.985566
-0.982435
-0.983114
-0.982880
-0.985529
-0.981742
-0.984214
-0.984248
-0.985359
-0.982659
-0.984047
-0.984256
-0.986323
-0.982463
-0.983763
-0.984691
-0.983589
-0.985593
-0.980023
-0.983941
-0.984632
-0.984906
-0.983476
-0.985672
-0.981671
-0.985039
-0.984506
-0.986336
-0.981944
-0.984425
-0.985790
-0.986573
-0.985828
-0.986338
-0.984232
-0.986331
-0.983803
-0.985250
-0.986399
-0.985385
-0.987913
-0.981218
-0.984319
-0.987597
-0.985135
-0.985601
-0.986811
-0.988173
-0.988538
-0.987933
-0.987378
-0.986419
-0.988312
-0.983416
-0.987735
-0.986189
-0.987900
-0.987133
-0.989662
-0.985829
-0.988501
-0.988593
-0.989517
-0.986886
-0.988243
-0.987352
-0.990238
-0.984211
-0.987324
-0.990301
-0.985596
-0.987668
-0.989646
-0.990518
-0.991163
-0.989522
-0.991331
-0.986178
-0.989686
-0.990039
-0.991554
-0.989153
-0.990350
-0.991379
-0.991522
-0.991700
-0.989853
-0.992803
-0.983683
-0.982620
-0.986014
-0.989954
-0.990629
-0.992378
-0.994491
-0.995539
-0.995001
-0.993825
-0.993026
-0.993203
-0.993615
-0.994616
-0.993471
-0.995844
-0.987057
-0.986863
-0.992148
-0.994952
-0.993944
-0.995631
-0.997693
-0.998221
-0.997589
-0.995602
-0.995575
-0.993721
-0.995578
-0.994398
-0.996171
-0.993525
-0.994380
-0.995379
-0.994422
-0.996446
-0.992075
-0.995172
-0.994742
-0.996223
-0.992837
-0.993836
-0.995523
-0.995523
-0.994008
-0.995072
-0.993002
-0.994446
-0.993714
-0.996055
-0.991636
-0.994496
-0.994221
-0.996067
-0.993042
-0.994190
-0.996094
-0.994713
-0.995888
-0.993896
-0.995426
-0.994357
-0.996664
-0.992481
-0.995095
-0.994939
-0.996775
-0.993797
-0.994923
-0.996758
-0.995261
-0.996454
-0.994442
-0.996032
-0.994968
-0.997352
-0.992782
-0.995772
-0.995407
-0.997409
-0.994266
-0.995598
-0.997434
-0.996172
-0.997488
-0.994719
-0.995845
-0.997297
-0.996084
-0.997935
-0.993725
-0.996673
-0.996371
-0.998435
-0.994800
-0.996623
-0.998071
-0.997755
-0.998801
-0.995497
-0.996755
-0.998238
-0.996982
-0.998929
-0.994192
-0.997819
-0.997468
-0.999479
-0.996081
-0.997601
-0.999409
-0.998608
-1.000177
-0.996017
-0.998370
-0.998489
-1.000347
-0.997401
-0.998518
-1.000255
-0.998895
-1.000397
-0.997474
-0.998966
-1.000361
-0.999498
-1.001482
-0.996085
-0.999727
-1.001051
-0.999977
-1.000929
-0.998425
-1.000145
-1.001920
-1.000130
-1.001257
-0.998153
-1.000022
-1.001374
-1.000977
-1.002309
-0.997879
-1.000866
-1.000073
-1.002331
-0.998991
-1.000790
-1.002143
-1.002039
-1.002884
-0.999926
-1.000895
-1.002126
-1.001188
-1.003556
-0.996622
-0.997987
-1.002891
-1.001328
-1.001827
-1.002830
-1.004427
-1.004653
-1.004832
-1.002722
-1.004490
-0.998817
-1.002329
-1.006262
-1.002075
-1.003525
-1.005246
-1.006125
-1.006834
-1.005366
-1.006793
-1.002289
-1.005173
-1.004693
-1.006608
-1.003530
-1.004751
-1.006368
-1.005235
-1.006663
-1.003194
-1.005062
-1.005981
-1.006211
-1.006044
-1.005444
-1.006280
-1.003720
-1.004739
-1.004586
-1.006059
-1.002437
-1.004703
-1.004638
-1.006991
-1.000908
-1.004118
-1.007053
-1.002650
-1.004189
-1.005297
-1.006592
-1.006080
-1.006902
-1.004334
-1.005196
-1.006185
-1.005752
-1.007740
-1.002404
-1.006205
-1.007488
-1.006708
-1.007362
-1.005370
-1.007185
-1.007267
-1.008667
-1.003964
-1.006154
-1.005345
-1.007893
-1.004797
-1.006422
-1.007378
-1.007512
-1.007870
-1.006419
-1.009102
-1.001130
-0.999667
-1.002982
-1.006108
-1.006934
-1.008571
-1.010236
-1.010943
-1.010377
-1.009360
-1.008709
-1.008973
-1.009246
-1.010486
-1.008416
-1.009669
-1.007030
-1.008548
-1.008768
-1.010479
-1.007531
-1.008805
-1.009572
-1.008372
-1.009843
-1.003206
-1.006114
-1.009448
-1.005616
-1.006502
-1.008273
-1.008986
-1.010194
-1.008187
-1.009168
-1.007269
-1.008805
-1.008651
-1.010957
-1.006502
-1.009555
-1.008781
-1.010701
-1.008365
-1.009578
-1.011129
-1.010488
-1.012062
-1.007156
-1.010013
-1.009389
-1.011388
-1.008963
-1.010144
-1.011834
-1.010838
-1.012343
-1.008332
-1.010731
-1.010607
-1.012782
-1.009424
-1.011085
-1.011941
-1.012378
-1.011855
-1.012241
-1.010839
-1.013621
-1.005554
-1.004383
-1.008120
-1.011242
-1.011558
-1.013120
-1.014576
-1.015297
-1.014611
-1.013909
-1.012707
-1.014130
-1.011475
-1.013475
-1.014134
-1.014449
-1.013393
-1.014943
-1.010405
-1.014216
-1.012626
-1.013767
-1.012953
-1.014810
-1.011967
-1.013137
-1.013773
-1.012651
-1.013873
-1.010052
-1.013062
-1.012718
-1.014741
-1.011175
-1.012942
-1.013797
-1.014834
-1.013739
-1.015376
-1.010544
-1.014001
-1.013639
-1.015356
-1.012445
-1.013827
-1.015608
-1.014893
-1.016252
-1.012186
-1.014514
-1.014380
-1.016544
-1.013334
-1.014892
-1.015827
-1.016137
-1.016036
-1.015470
-1.016418
-1.014020
-1.015159
-1.015381
-1.016175
-1.014340
-1.016650
-1.010416
-1.013441
-1.016675
-1.013576
-1.014178
-1.016178
-1.016486
-1.017880
-1.015058
-1.015213
-1.016044
-1.015575
-1.017705
-1.013316
-1.016674
-1.015986
-1.017731
-1.015568
-1.016846
-1.018201
-1.018149
-1.018941
-1.015703
-1.016508
-1.017402
-1.017100
-1.018581
-1.014273
-1.017384
-1.015925
-1.017393
-1.016925
-1.018841
-1.015930
-1.017632
-1.018006
-1.018487
-1.017027
-1.019044
-1.013209
-1.015843
-1.018971
-1.016799
-1.017250
-1.018607
-1.019790
-1.020483
-1.019240
-1.020244
-1.015046
-1.018564
-1.018912
-1.020888
-1.017823
-1.019300
-1.020739
-1.020577
-1.021393
-1.018355
-1.019427
-1.020548
-1.020153
-1.021541
-1.016744
-1.019953
-1.018701
-1.020167
-1.019512
-1.021559
-1.018785
-1.020520
-1.020861
-1.021372
-1.019836
-1.021794
-1.016612
-1.019836
-1.023124
-1.018194
-1.019982
-1.021783
-1.022911
-1.023334
-1.022552
-1.023129
-1.020825
-1.021772
-1.022044
-1.023155
-1.021224
-1.022656
-1.020648
-1.022095
-1.021975
-1.023545
-1.019718
-1.022045
-1.021297
-1.023368
-1.019534
-1.021578
-1.021500
-1.023487
-1.020391
-1.021618
-1.022430
-1.022927
-1.022789
-1.022927
-1.022412
-1.024124
-1.018324
-1.021558
-1.025118
-1.018597
-1.020244
-1.024111
-1.024547
-1.025475
-1.024392
-1.025464
-1.023643
-1.024466
-1.024380
-1.025417
-1.023529
-1.024772
-1.024057
-1.026491
-1.021224
-1.024585
-1.026496
-1.025008
-1.026044
-1.024385
-1.025800
-1.025715
-1.026423
-1.023743
-1.024363
-1.024639
-1.025928
-1.023966
-1.025101
-1.023489
-1.025266
-1.023178
-1.024475
-1.024928
-1.025852
-1.024385
-1.026344
-1.019675
-1.020794
-1.024828
-1.023558
-1.024307
-1.025374
-1.026887
-1.026772
-1.027112
-1.024611
-1.025448
-1.024742
-1.027514
-1.023203
-1.026468
-1.026292
-1.027948
-1.025348
-1.026477
-1.028168
-1.027545
-1.028832
-1.028832
-1.024611
-1.026753
-1.026086
-1.027944
-1.025862
-1.026815
-1.027999
-1.027610
-1.028900
-1.024875
-1.027267
-1.026487
-1.028329
-1.026610
-1.027775
-1.027841
-1.029192
-1.026493
-1.027131
-1.027857
-1.027712
-1.028862
-1.025797
-1.027399
-1.027298
-1.029161
-1.024469
-1.027686
-1.027082
-1.028813
-1.027226
-1.028544
-1.027639
-1.029595
-1.026310
-1.028014
-1.027754
-1.029722
-1.026689
-1.028524
-1.028986
-1.030429
-1.028113
-1.028848
-1.029298
-1.030375
-1.029006
-1.030919
-1.024379
-1.025778
-1.029714
-1.028640
-1.029543
-1.030221
-1.032036
-1.031041
-1.032016
-1.027905
-1.029741
-1.029512
-1.031806
-1.029677
-1.030770
-1.031932
-1.031258
-1.032518
-1.028513
-1.031227
-1.030565
-1.032245
-1.030477
-1.031567
-1.031255
-1.032967
-1.029176
-1.031124
-1.030480
-1.032463
-1.029902
-1.031322
-1.032353
-1.032384
-1.032677
-1.031022
-1.032959
-1.027751
-1.030770
-1.034082
-1.029600
-1.031374
-1.032851
-1.034233
-1.033826
-1.034233
-1.032224
-1.033371
-1.032000
-1.033558
-1.032217
-1.033744
-1.032167
-1.033579
-1.032803
-1.034881
-1.030304
-1.033426
-1.033152
-1.034721
-1.032321
-1.033136
-1.034429
-1.033936
-1.035154
-1.031140
-1.033512
-1.032847
-1.034678
-1.033333
-1.034746
-1.033912
-1.035776
-1.032410
-1.034180
-1.033897
-1.035822
-1.032949
-1.034475
-1.035066
-1.035960
-1.034415
-1.035948
-1.031511
-1.034943
-1.034700
-1.036256
-1.034025
-1.035052
-1.036438
-1.036122
-1.037125
-1.033231
-1.035243
-1.034657
-1.036645
-1.034509
-1.035545
-1.036615
-1.036352
-1.037270
-1.034028
-1.035593
-1.035626
-1.037622
-1.033473
-1.036164
-1.035460
-1.037031
-1.035572
-1.036928
-1.035837
-1.037494
-1.035688
-1.036575
-1.036381
-1.037771
-1.034913
-1.036381
-1.036614
-1.038168
-1.034970
-1.036591
-1.036717
-1.038804
-1.034630
-1.037129
-1.036406
-1.038034
-1.036567
-1.037880
-1.037042
-1.038919
-1.035630
-1.037459
-1.037078
-1.039061
-1.036266
-1.037955
-1.038558
-1.039756
-1.037830
-1.038836
-1.037320
-1.038932
-1.037969
-1.039835
-1.035861
-1.038704
-1.037974
-1.039502
-1.038295
-1.039852
-1.038186
-1.039297
-1.039424
-1.040138
-1.038321
-1.039807
-1.036645
-1.039269
-1.038362
-1.039936
-1.038744
-1.040457
-1.038748
-1.039896
-1.040007
-1.040723
-1.038841
-1.040230
-1.037486
-1.039614
-1.039117
-1.041136
-1.037192
-1.040141
-1.039859
-1.041528
-1.039516
-1.040369
-1.040965
-1.041834
-1.040789
-1.042330
-1.035826
-1.036242
-1.041190
-1.040252
-1.041088
-1.042690
-1.043779
-1.044554
-1.043150
-1.043824
-1.039304
-1.042375
-1.042191
-1.043898
-1.042550
-1.043883
-1.043197
-1.044965
-1.041510
-1.043310
-1.042969
-1.044737
-1.042047
-1.043177
-1.043794
-1.044105
-1.043395
-1.044001
-1.041699
-1.042927
-1.043190
-1.044385
-1.041243
-1.042707
-1.042561
-1.044696
-1.039640
-1.042515
-1.044392
-1.042819
-1.043620
-1.042047
-1.043497
-1.043652
-1.044696
-1.041846
-1.042755
-1.043364
-1.044727
-1.042997
-1.044117
-1.042409
-1.043884
-1.043350
-1.045403
-1.040338
-1.043138
-1.046015
-1.042337
-1.043376
-1.044304
-1.046033
-1.045013
-1.046097
-1.042688
-1.044577
-1.044319
-1.046301
-1.044022
-1.045234
-1.046321
-1.046548
-1.046823
-1.045517
-1.047309
-1.040684
-1.040907
-1.045788
-1.044815
-1.045556
-1.047085
-1.048109
-1.048787
-1.047485
-1.047903
-1.044377
-1.046387
-1.046416
-1.048459
-1.046096
-1.047111
-1.048069
-1.048119
-1.048616
-1.047021
-1.048527
-1.044709
-1.047403
-1.046123
-1.047053
-1.046893
-1.048253
-1.046660
-1.047611
-1.047116
-1.048590
-1.044575
-1.047229
-1.046540
-1.047903
-1.047186
-1.048708
-1.046581
-1.047680
-1.048484
-1.048428
-1.048800
-1.047515
-1.049364
-1.044296
-1.046851
-1.049972
-1.045997
-1.047680
-1.049100
-1.050904
-1.050066
-1.050696
-1.048026
-1.048761
-1.049677
-1.049868
-1.050399
-1.049181
-1.050914
-1.045883
-1.048887
-1.051295
-1.048692
-1.049170
-1.050825
-1.051122
-1.052008
-1.049350
-1.049441
-1.049854
-1.050325
-1.050372
-1.050686
-1.049893
-1.051414
-1.044697
-1.045758
-1.049904
-1.048845
-1.049726
-1.051140
-1.052128
-1.052443
-1.051400
-1.051401
-1.049189
-1.050114
-1.050492
-1.052024
-1.049547
-1.050431
-1.051054
-1.051808
-1.051071
-1.052478
-1.047779
-1.050894
-1.050108
-1.051073
-1.049760
-1.051230
-1.050451
-1.051854
-1.050206
-1.050944
-1.050239
-1.052063
-1.048987
-1.051111
-1.050719
-1.052272
-1.050583
-1.051493
-1.052193
-1.053039
-1.052187
-1.053278
-1.048895
-1.051764
-1.050895
-1.052074
-1.052115
-1.053553
-1.052242
-1.053244
-1.052188
-1.053534
-1.050090
-1.052212
-1.051954
-1.053630
-1.052090
-1.052926
-1.052970
-1.054203
-1.052124
-1.052705
-1.053117
-1.053862
-1.052991
-1.054443
-1.049407
-1.052335
-1.054334
-1.052365
-1.052949
-1.053314
-1.055296
-1.053157
-1.053336
-1.053560
-1.053552
-1.054045
-1.053325
-1.055064
-1.049352
-1.051157
-1.054361
-1.052017
-1.052935
-1.055014
-1.055744
-1.056577
-1.054564
-1.054876
-1.053345
-1.054689
-1.054131
-1.055830
-1.053353
-1.054619
-1.055052
-1.056229
-1.054685
-1.055742
-1.054512
-1.055809
-1.054370
-1.055382
-1.054118
-1.055478
-1.053908
-1.054934
-1.054950
-1.056090
-1.053770
-1.054566
-1.055178
-1.055794
-1.055078
-1.055078
-1.056289
-1.051778
-1.054953
-1.053999
-1.055028
-1.054907
-1.056537
-1.055067
-1.055860
-1.055902
-1.056369
-1.054868
-1.056407
-1.052565
-1.055684
-1.054992
-1.056134
-1.055924
-1.057466
-1.056010
-1.056872
-1.056971
-1.057494
-1.055944
-1.057353
-1.053772
-1.056627
-1.055676
-1.056782
-1.057014
-1.058268
-1.057274
-1.058549
-1.055734
-1.056845
-1.056713
-1.058243
-1.055896
-1.057064
-1.057805
-1.058473
-1.057508
-1.058704
-1.054464
-1.057598
-1.056851
-1.057864
-1.057464
-1.059006
-1.057419
-1.058209
-1.058584
-1.058585
-1.058285
-1.058553
-1.058026
-1.059565
-1.053441
-1.054995
-1.058267
-1.056721
-1.057623
-1.059452
-1.060229
-1.060924
-1.058931
-1.059297
-1.056728
-1.058116
-1.058796
-1.060128
-1.058484
-1.059367
-1.058596
-1.060428
-1.056984
-1.059293
-1.058704
-1.060065
-1.059248
-1.060521
-1.058740
-1.059448
-1.059896
-1.060097
-1.059895
-1.060306
-1.059490
-1.061176
-1.054680
-1.055258
-1.059473
-1.058712
-1.059705
-1.061263
-1.062280
-1.062686
-1.061561
-1.061584
-1.059096
-1.059913
-1.060884
-1.061575
-1.061337
-1.061822
-1.060111
-1.061293
-1.059125
-1.060442
-1.060714
-1.061923
-1.059542
-1.060150
-1.060519
-1.060886
-1.060070
-1.061186
-1.057101
-1.060166
-1.058697
-1.059815
-1.060260
-1.061530
-1.060887
-1.062294
-1.059076
-1.060620
-1.059997
-1.061509
-1.060335
-1.061522
-1.061570
-1.062841
-1.060292
-1.061020
-1.061596
-1.062593
-1.061741
-1.063177
-1.058940
-1.061780
-1.061029
-1.062093
-1.061720
-1.063378
-1.061969
-1.062695
-1.062860
-1.062988
-1.062188
-1.063241
-1.060109
-1.062206
-1.061261
-1.062527
-1.062114
-1.063757
-1.061598
-1.062742
-1.063129
-1.063656
-1.062383
-1.063677
-1.059933
-1.062716
-1.061866
-1.062799
-1.062732
-1.064175
-1.063057
-1.064112
-1.063196
-1.064391
-1.061153
-1.063064
-1.062931
-1.064582
-1.063032
-1.063804
-1.064206
-1.065126
-1.063875
-1.065033
-1.061472
-1.063931
-1.063192
-1.064354
-1.064221
-1.065546
-1.064044
-1.064853
-1.064704
-1.065594
-1.063281
-1.064026
-1.064688
-1.065478
-1.064548
-1.065770
-1.061131
-1.064292
-1.064492
-1.065706
-1.063650
-1.064604
-1.065964
-1.065993
-1.066295
-1.064174
-1.064923
-1.064055
-1.065802
-1.063507
-1.064925
-1.065134
-1.066595
-1.064279
-1.065189
-1.065926
-1.066625
-1.065805
-1.066803
-1.062814
-1.065508
-1.064320
-1.065363
-1.065878
-1.067037
-1.066535
-1.067852
-1.064265
-1.065956
-1.065083
-1.066381
-1.066059
-1.067633
-1.065957
-1.066666
-1.067145
-1.067232
-1.067204
-1.067129
-1.067630
-1.066724
-1.068111
-1.061394
-1.061872
-1.066493
-1.065780
-1.066709
-1.068354
-1.069176
-1.069801
-1.068382
-1.068668
-1.065822
-1.067104
-1.067692
-1.069171
-1.067601
-1.068369
-1.068437
-1.069724
-1.067485
-1.068139
-1.068745
-1.069151
-1.068705
-1.069030
-1.067200
-1.068102
-1.066415
-1.067549
-1.067421
-1.069080
-1.065796
-1.067851
-1.067112
-1.068255
-1.067299
-1.068594
-1.067227
-1.068152
-1.068387
-1.069036
-1.067669
-1.068911
-1.066038
-1.068270
-1.067811
-1.069196
-1.068290
-1.069659
-1.068555
-1.069647
-1.068959
-1.070112
-1.067266
-1.068745
-1.068877
-1.070376
-1.068259
-1.068991
-1.069934
-1.070204
-1.070541
-1.069520
-1.070805
-1.066265
-1.069260
-1.069280
-1.070424
-1.068748
-1.069821
-1.070830
-1.071469
-1.070635
-1.070904
-1.068241
-1.069330
-1.069690
-1.071036
-1.068635
-1.069530
-1.070191
-1.071215
-1.069905
-1.071030
-1.067606
-1.069948
-1.069097
-1.070070
-1.069926
-1.071137
-1.069798
-1.070729
-1.070221
-1.071507
-1.068354
-1.070196
-1.070015
-1.071608
-1.070261
-1.071168
-1.071214
-1.072478
-1.070371
-1.070911
-1.071409
-1.072033
-1.071413
-1.072429
-1.068949
-1.071144
-1.070035
-1.071165
-1.071491
-1.072732
-1.071618
-1.072596
-1.070563
-1.071170
-1.071338
-1.072264
-1.070962
-1.072132
-1.070090
-1.071261
-1.071488
-1.072570
-1.070724
-1.071607
-1.071841
-1.072978
-1.070486
-1.071167
-1.071477
-1.072635
-1.070843
-1.071674
-1.071411
-1.073090
-1.069226
-1.071724
-1.071056
-1.072174
-1.071989
-1.073323
-1.071882
-1.072679
-1.072648
-1.073472
-1.071491
-1.072271
-1.072515
-1.073939
-1.071372
-1.072452
-1.072605
-1.074152
-1.071445
-1.072771
-1.072899
-1.074336
-1.071759
-1.072633
-1.073091
-1.074190
-1.072656
-1.073510
-1.072124
-1.073377
-1.072901
-1.074415
-1.071258
-1.073290
-1.072949
-1.074350
-1.073103
-1.074176
-1.073614
-1.075039
-1.072679
-1.073572
-1.073874
-1.074979
-1.073542
-1.074561
-1.073521
-1.074832
-1.073330
-1.074325
-1.074105
-1.075614
-1.072714
-1.074296
-1.073936
-1.075316
-1.073275
-1.074160
-1.075064
-1.075589
-1.075245
-1.075501
-1.074098
-1.075545
-1.071321
-1.074522
-1.074386
-1.075610
-1.074541
-1.075978
-1.075431
-1.076687
-1.074704
-1.075081
-1.075250
-1.076162
-1.075012
-1.076232
-1.073271
-1.075257
-1.074779
-1.076239
-1.075337
-1.076698
-1.075760
-1.076861
-1.075473
-1.076296
-1.075085
-1.076318
-1.075185
-1.076377
-1.075627
-1.076972
-1.074544
-1.075899
-1.076198
-1.077474
-1.075502
-1.076168
-1.076645
-1.077470
-1.076197
-1.077301
-1.073522
-1.076342
-1.075694
-1.076675
-1.076611
-1.077893
-1.076707
-1.077666
-1.076607
-1.077624
-1.075247
-1.076424
-1.076987
-1.076987
