0.543868
0.547935
0.556130
0.564281
0.572162
0.579556
0.586329
0.592456
0.598002
0.603052
0.607671
0.611881
0.615675
0.619035
0.621946
0.624399
0.626399
0.627961
0.629113
0.629890
0.630337
0.630499
0.630424
0.630159
0.629748
0.629230
0.628644
0.628021
0.627391
0.626775
0.626189
0.625643
0.625143
0.624689
0.624282
0.623919
0.623598
0.623318
0.623076
0.622871
0.622701
0.622563
0.622458
0.622381
0.622331
0.622305
0.622301
0.622316
0.622349
0.622398
0.622464
0.622543
0.622628
0.622705
0.622751
0.622732
0.622619
0.622387
0.621994
0.621518
0.621146
0.620935
0.620800
0.620632
0.620368
0.620008
0.619590
0.619153
0.618723
0.618324
0.617971
0.617677
0.617449
0.617286
0.617185
0.617134
0.617121
0.617134
0.617162
0.617198
0.617236
0.617272
0.617304
0.617331
0.617351
0.617364
0.617371
0.617372
0.617367
0.617356
0.617340
0.617320
0.617297
0.617270
0.617240
0.617209
0.617176
0.617144
0.617112
0.617083
0.617057
0.617037
0.617024
0.617022
0.617033
0.617057
0.617094
0.617139
0.617187
0.617237
0.617292
0.617356
0.617432
0.617522
0.617630
0.617757
0.617897
0.618044
0.618193
0.618341
0.618487
0.618630
0.618772
0.618911
0.619049
0.619185
0.619320
0.619454
0.619588
0.619722
0.619855
0.619988
0.620120
0.620250
0.620378
0.620501
0.620615
0.620718
0.620806
0.620875
0.620923
0.620954
0.620972
0.620984
0.620995
0.621008
0.621023
0.621039
0.621057
0.621074
0.621086
0.621086
0.621067
0.621024
0.620956
0.620866
0.620758
0.620639
0.620512
0.620382
0.620251
0.620123
0.620000
0.619882
0.619771
0.619666
0.619570
0.619481
0.619400
0.619329
0.619267
0.619218
0.619184
0.619181
0.619227
0.619274
0.619273
0.619264
0.619267
0.619285
0.619315
0.619339
0.619309
0.619222
0.619093
0.618934
0.618975
0.619026
0.619133
0.619200
0.619401
0.619413
0.619687
0.619652
0.619956
0.620033
0.620084
0.620201
0.620339
0.620489
0.620662
0.620805
0.620888
0.620962
0.621067
0.621196
0.621326
0.621461
0.621603
0.621749
0.621902
0.622062
0.622226
0.622396
0.622570
0.622748
0.622930
0.623116
0.623304
0.623495
0.623689
0.623885
0.624082
0.624282
0.624483
0.624686
0.624890
0.625096
0.625302
0.625509
0.625717
0.625925
0.626134
0.626343
0.626551
0.626760
0.626967
0.627174
0.627379
0.627582
0.627782
0.627978
0.628171
0.628360
0.628543
0.628722
0.628895
0.629064
0.629227
0.629385
0.629538
0.629686
0.629829
0.629969
0.630104
0.630235
0.630362
0.630486
0.630606
0.630724
0.630838
0.630950
0.631059
0.631165
0.631269
0.631371
0.631470
0.631567
0.631661
0.631753
0.631841
0.631928
0.632011
0.632091
0.632168
0.632242
0.632312
0.632378
0.632440
0.632498
0.632551
0.632600
0.632644
0.632684
0.632718
0.632748
0.632773
0.632795
0.632813
0.632830
0.632845
0.632859
0.632873
0.632885
0.632896
0.632903
0.632906
0.632904
0.632896
0.632881
0.632858
0.632826
0.632785
0.632734
0.632672
0.632596
0.632505
0.632396
0.632269
0.632122
0.631953
0.631766
0.631563
0.631351
0.631139
0.630936
0.630747
0.630577
0.630424
0.630287
0.630162
0.630044
0.629930
0.629816
0.629700
0.629581
0.629459
0.629333
0.629204
0.629071
0.628934
0.628794
0.628649
0.628501
0.628350
0.628194
0.628035
0.627872
0.627706
0.627537
0.627364
0.627188
0.627010
0.626829
0.626646
0.626460
0.626273
0.626084
0.625894
0.625702
0.625510
0.625317
0.625124
0.624930
0.624736
0.624543
0.624350
0.624157
0.623965
0.623773
0.623582
0.623393
0.623204
0.623017
0.622830
0.622645
0.622462
0.622280
0.622100
0.621921
0.621744
0.621568
0.621395
0.621223
0.621053
0.620886
0.620720
0.620556
0.620394
0.620234
0.620076
0.619920
0.619767
0.619615
0.619465
0.619318
0.619173
0.619030
0.618889
0.618750
0.618613
0.618479
0.618346
0.618216
0.618088
0.617963
0.617839
0.617718
0.617599
0.617482
0.617367
0.617254
0.617144
0.617036
0.616930
0.616827
0.616725
0.616626
0.616530
0.616435
0.616343
0.616253
0.616165
0.616080
0.615997
0.615916
0.615838
0.615761
0.615688
0.615616
0.615547
0.615480
0.615416
0.615354
0.615294
0.615236
0.615181
0.615128
0.615078
0.615029
0.614983
0.614939
0.614897
0.614857
0.614819
0.614784
0.614750
0.614718
0.614688
0.614660
0.614634
0.614609
0.614586
0.614565
0.614546
0.614528
0.614512
0.614497
0.614484
0.614473
0.614463
0.614454
0.614447
0.614442
0.614438
0.614435
0.614434
0.614434
0.614436
0.614439
0.614444
0.614450
0.614457
0.614466
0.614476
0.614487
0.614500
0.614514
0.614529
0.614546
0.614564
0.614584
0.614604
0.614626
0.614650
0.614674
0.614700
0.614727
0.614756
0.614785
0.614816
0.614848
0.614881
0.614916
0.614951
0.614988
0.615026
0.615065
0.615105
0.615146
0.615189
0.615232
0.615277
0.615323
0.615370
0.615417
0.615466
0.615516
0.615567
0.615619
0.615619
0.615672
0.615726
0.615781
0.615837
0.615894
0.615951
0.616010
0.616070
0.616131
0.616192
0.616255
0.616318
0.616382
0.616447
0.616513
0.616580
0.616648
0.616716
0.616786
0.616856
0.616927
0.616999
0.617071
0.617145
0.617219
0.617294
0.617370
0.617446
0.617524
0.617602
0.617680
0.617760
0.617840
0.617921
0.618002
0.618085
0.618168
0.618251
0.618335
0.618420
0.618506
0.618592
0.618679
0.618766
0.618855
0.618943
0.619032
0.619122
0.619213
0.619304
0.619395
0.619487
0.619580
0.619673
0.619767
0.619861
0.619955
0.620050
0.620146
0.620242
0.620339
0.620436
0.620533
0.620631
0.620729
0.620828
0.620927
0.621026
0.621126
0.621226
0.621326
0.621427
0.621528
0.621630
0.621731
0.621833
0.621936
0.622038
0.622141
0.622244
0.622347
0.622451
0.622554
0.622658
0.622762
0.622866
0.622971
0.623075
0.623180
0.623284
0.623389
0.623494
0.623598
0.623703
0.623808
0.623913
0.624018
0.624123
0.624228
0.624332
0.624437
0.624542
0.624646
0.624750
0.624855
0.624959
0.625063
0.625166
0.625270
0.625373
0.625476
0.625579
0.625681
0.625783
0.625885
0.625987
0.626088
0.626188
0.626289
0.626389
0.626488
0.626587
0.626686
0.626784
0.626881
0.626978
0.627075
0.627171
0.627266
0.627361
0.627455
0.627548
0.627641
0.627733
0.627824
0.627914
0.628004
0.628093
0.628181
0.628268
0.628355
0.628440
0.628525
0.628608
0.628691
0.628773
0.628854
0.628933
0.629012
0.629090
0.629166
0.629242
0.629316
0.629389
0.629461
0.629532
0.629602
0.629670
0.629737
0.629803
0.629867
0.629930
0.629992
0.630052
0.630111
0.630169
0.630225
0.630280
0.630333
0.630384
0.630435
0.630483
0.630530
0.630575
0.630619
0.630661
0.630702
0.630740
0.630777
0.630813
0.630846
0.630878
0.630908
0.630936
0.630962
0.630987
0.631009
0.631030
0.631049
0.631066
0.631081
0.631094
0.631105
0.631114
0.631120
0.631125
0.631128
0.631129
0.631127
0.631124
0.631118
0.631110
0.631100
0.631088
0.631074
0.631057
0.631039
0.631017
0.630994
0.630969
0.630941
0.630910
0.630878
0.630843
0.630806
0.630766
0.630724
0.630680
0.630633
0.630584
0.630532
0.630478
0.630421
0.630362
0.630300
0.630236
0.630170
0.630101
0.630029
0.629955
0.629878
0.629799
0.629717
0.629632
0.629545
0.629456
0.629363
0.629268
0.629171
0.629071
0.628968
0.628862
0.628754
0.628643
0.628530
0.628413
0.628295
0.628173
0.628049
0.627922
0.627792
0.627660
0.627525
0.627387
0.627246
0.627103
0.626957
0.626808
0.626657
0.626503
0.626346
0.626186
0.626024
0.625859
0.625691
0.625520
0.625347
0.625171
0.624992
0.624810
0.624626
0.624439
0.624250
0.624057
0.623862
0.623665
0.623464
0.623262
0.623056
0.622848
0.622638
0.622425
0.622209
0.621991
0.621771
0.621548
0.621323
0.621096
0.620866
0.620634
0.620400
0.620164
0.619926
0.619686
0.619444
0.619201
0.618955
0.618708
0.618459
0.618209
0.617957
0.617704
0.617450
0.617194
0.616938
0.616681
0.616423
0.616164
0.615905
0.615645
0.615385
0.615125
0.614865
0.614604
0.614343
0.614082
0.613822
0.613561
0.613300
0.613039
0.612779
0.612518
0.612258
0.611997
0.611736
0.611476
0.611215
0.610954
0.610693
0.610431
0.610170
0.609908
0.609645
0.609383
0.609119
0.608855
0.608591
0.608326
0.608061
0.607795
0.607528
0.607261
0.606993
0.606725
0.606456
0.606186
0.605915
0.605644
0.605373
0.605101
0.604828
0.604554
0.604280
0.604006
0.603731
0.603455
0.603179
0.602902
0.602625
0.602347
0.602069
0.601791
0.601512
0.601232
0.600953
0.600673
0.600393
0.600114
0.599835
0.599558
0.599285
0.599025
0.598787
0.598574
0.598413
0.598263
0.598150
0.598045
0.597733
0.597621
0.597063
0.596306
0.595652
0.595113
0.594677
0.594296
0.593923
0.593540
0.593149
0.592766
0.592406
0.592080
0.591802
0.591623
0.591530
0.591478
0.591862
0.591441
0.590933
0.590643
0.590242
0.590836
0.590237
0.589701
0.589385
0.589428
0.589134
0.589935
0.589250
0.588806
0.588645
0.588294
0.589044
0.588430
0.588009
0.587662
0.588188
0.587802
0.588617
0.587865
0.587502
0.586744
0.587651
0.587107
0.586903
0.586451
0.587401
0.586873
0.586610
0.586125
0.587152
0.586596
0.586290
0.585851
0.586973
0.586389
0.586035
0.585594
0.586709
0.586085
0.585333
0.585832
0.585288
0.586308
0.585821
0.584458
0.585172
0.584617
0.583509
0.584277
0.583873
0.583064
0.583724
0.583534
0.582653
0.583409
0.583038
0.582067
0.582825
0.582423
0.581530
0.582407
0.582001
0.580982
0.581908
0.581389
0.580445
0.581453
0.580969
0.579927
0.580979
0.580374
0.579392
0.580535
0.579970
0.578932
0.580078
0.579399
0.578413
0.579680
0.579007
0.578009
0.579167
0.578373
0.577445
0.578918
0.578033
0.576927
0.578429
0.576808
0.577819
0.576606
0.577263
0.575923
0.577098
0.576515
0.575193
0.576414
0.575155
0.575155
0.575440
0.574455
0.576326
0.574330
0.574999
0.574110
0.572965
0.574595
0.572976
0.574227
0.572443
0.573504
0.572510
0.571320
0.573054
0.571655
0.572852
0.570718
0.571731
0.570994
0.569899
0.571456
0.569610
0.571263
0.569021
0.570084
0.568951
0.568445
0.569332
0.567982
0.569690
0.567406
0.569021
0.566569
0.567318
0.566274
0.566933
0.565598
0.567404
0.565296
0.566598
0.564437
0.565750
0.563765
0.565064
0.563307
0.564633
0.562788
0.564098
0.562290
0.563571
0.561677
0.563013
0.561131
0.562470
0.560533
0.561888
0.559954
0.561330
0.559360
0.560741
0.558764
0.560162
0.558163
0.559571
0.557555
0.558979
0.556943
0.558382
0.556325
0.557784
0.555704
0.557184
0.555078
0.556582
0.554450
0.555975
0.553818
0.555361
0.553180
0.554736
0.552534
0.554103
0.551884
0.553465
0.551233
0.552826
0.550583
0.552188
0.549936
0.551553
0.549290
0.550920
0.548644
0.550293
0.547996
0.549670
0.547344
0.549055
0.546688
0.548447
0.546030
0.547844
0.545373
0.547241
0.544718
0.546626
0.544066
0.545992
0.543412
0.545337
0.542750
0.544668
0.542078
0.543991
0.541404
0.543311
0.540731
0.542629
0.540058
0.541947
0.539381
0.541264
0.538698
0.540578
0.538009
0.539882
0.537322
0.539162
0.536649
0.538409
0.535993
0.537623
0.535344
0.536819
0.534690
0.536015
0.534035
0.535221
0.533391
0.534442
0.532762
0.533677
0.532146
0.532920
0.531541
0.532169
0.530943
0.531418
0.530350
0.530665
0.529756
0.529909
0.529156
0.529151
0.528541
0.528397
0.527902
0.527653
0.527234
0.526918
0.526537
0.526188
0.525818
0.525453
0.525081
0.524708
0.524332
0.523953
0.523571
0.523187
0.522800
0.522411
0.522019
0.521626
0.521231
0.520833
0.520434
0.520033
0.519631
0.519226
0.518820
0.518412
0.518002
0.517590
0.517176
0.516760
0.516341
0.515920
0.515497
0.515070
0.514641
0.514209
0.513774
0.513335
0.512892
0.512445
0.511995
0.511540
0.511080
0.510616
0.510146
0.509672
0.509192
0.508707
0.508217
0.507722
0.507221
0.506715
0.506203
0.505686
0.505164
0.504637
0.504106
0.503569
0.503028
0.502483
0.501933
0.501380
0.500823
0.500262
0.499697
0.499130
0.498559
0.497985
0.497409
0.496829
0.496247
0.495663
0.495076
0.494487
0.493896
0.493302
0.492706
0.492108
0.491507
0.490904
0.490299
0.489691
0.489081
0.488469
0.487854
0.487236
0.486615
0.485992
0.485365
0.484736
0.484103
0.483467
0.482828
0.482185
0.481539
0.480890
0.480237
0.479581
0.478921
0.478258
0.477592
0.476922
0.476250
0.475574
0.474896
0.474215
0.473532
0.472846
0.472157
0.471467
0.470775
0.470080
0.469385
0.468688
0.467989
0.467290
0.466590
0.465890
0.465190
0.464490
0.463790
0.463092
0.462395
0.461700
0.461007
0.460317
0.459630
0.458948
0.458269
0.457596
0.456928
0.456266
0.455611
0.454962
0.454322
0.453689
0.453064
0.452449
0.451842
0.451245
0.450657
0.450079
0.449510
0.448952
0.448403
0.447864
0.447335
0.446816
0.446306
0.445805
0.445313
0.444830
0.444355
0.443888
0.443429
0.442977
0.442531
0.442091
0.441655
0.441222
0.440792
0.440362
0.439930
0.439497
0.439061
0.438624
0.438189
0.437760
0.437339
0.436929
0.436533
0.436151
0.435784
0.435433
0.435100
0.434785
0.434488
0.434209
0.433947
0.433702
0.433472
0.433256
0.433052
0.432857
0.432672
0.432494
0.432322
0.432156
0.431995
0.431838
0.431686
0.431539
0.431395
0.431255
0.431120
0.430989
0.430862
0.430740
0.430622
0.430510
0.430404
0.430303
0.430208
0.430121
0.430040
0.429968
0.429905
0.429851
0.429809
0.429777
0.429759
0.429753
0.429761
0.429782
0.429815
0.429857
0.429908
0.429963
0.430021
0.430079
0.430136
0.430189
0.430239
0.430286
0.430329
0.430371
0.430412
0.430454
0.430499
0.430549
0.430606
0.430670
0.430741
0.430815
0.430892
0.430965
0.431031
0.431088
0.431135
0.431172
0.431203
0.431229
0.431253
0.431276
0.431300
0.431326
0.431355
0.431387
0.431423
0.431464
0.431510
0.431560
0.431615
0.431675
0.431739
0.431807
0.431878
0.431954
0.432032
0.432114
0.432198
0.432284
0.432373
0.432464
0.432557
0.432651
0.432747
0.432844
0.432943
0.433042
0.433143
0.433244
0.433347
0.433450
0.433553
0.433657
0.433762
0.433867
0.433973
0.434079
0.434185
0.434291
0.434398
0.434505
0.434612
0.434719
0.434826
0.434933
0.435040
0.435147
0.435253
0.435360
0.435467
0.435573
0.435679
0.435785
0.435890
0.435995
0.436100
0.436204
0.436307
0.436410
0.436512
0.436613
0.436714
0.436814
0.436913
0.437011
0.437108
0.437204
0.437298
0.437391
0.437483
0.437573
0.437662
0.437748
0.437833
0.437916
0.437996
0.438074
0.438149
0.438221
0.438291
0.438357
0.438419
0.438478
0.438533
0.438584
0.438632
0.438678
0.438720
0.438762
0.438803
0.438844
0.438886
0.438929
0.438974
0.439021
0.439070
0.439121
0.439172
0.439225
0.439225
0.439279
0.439329
0.439405
0.439312
0.440860
0.439008
0.439006
0.439268
0.439615
0.439841
0.439548
0.439740
0.439890
0.439931
0.440007
0.440095
0.440185
0.440278
0.440377
0.440484
0.440597
0.440709
0.440815
0.440909
0.440989
0.441055
0.441110
0.441155
0.441192
0.441224
0.441252
0.441276
0.441295
0.441311
0.441325
0.441335
0.441344
0.441351
0.441357
0.441362
0.441368
0.441373
0.441378
0.441384
0.441391
0.441399
0.441408
0.441418
0.441429
0.441442
0.441456
0.441472
0.441488
0.441506
0.441523
0.441541
0.441559
0.441577
0.441594
0.441610
0.441625
0.441639
0.441651
0.441663
0.441672
0.441681
0.441689
0.441695
0.441700
0.441705
0.441709
0.441712
0.441715
0.441718
0.441721
0.441724
0.441727
0.441730
0.441734
0.441738
0.441743
0.441749
0.441756
0.441763
0.441772
0.441781
0.441792
0.441803
0.441816
0.441830
0.441845
0.441862
0.441880
0.441899
0.441919
0.441941
0.441965
0.441989
0.442016
0.442043
0.442073
0.442103
0.442136
0.442170
0.442206
0.442243
0.442283
0.442324
0.442367
0.442412
0.442458
0.442507
0.442558
0.442611
0.442666
0.442724
0.442783
0.442845
0.442909
0.442976
0.443045
0.443116
0.443190
0.443267
0.443346
0.443427
0.443511
0.443598
0.443687
0.443779
0.443874
0.443972
0.444072
0.444175
0.444281
0.444390
0.444501
0.444615
0.444732
0.444852
0.444974
0.445100
0.445228
0.445359
0.445492
0.445629
0.445768
0.445909
0.446054
0.446201
0.446351
0.446503
0.446658
0.446816
0.446976
0.447138
0.447303
0.447471
0.447640
0.447813
0.447987
0.448164
0.448343
0.448524
0.448707
0.448892
0.449079
0.449268
0.449459
0.449652
0.449847
0.450043
0.450241
0.450440
0.450641
0.450844
0.451047
0.451252
0.451458
0.451666
0.451874
0.452083
0.452293
0.452504
0.452715
0.452927
0.453140
0.453352
0.453566
0.453779
0.453992
0.454206
0.454419
0.454632
0.454845
0.455058
0.455270
0.455481
0.455692
0.455902
0.456111
0.456319
0.456526
0.456733
0.456937
0.457141
0.457343
0.457544
0.457744
0.457941
0.458137
0.458332
0.458524
0.458715
0.458904
0.459091
0.459276
0.459458
0.459639
0.459817
0.459994
0.460168
0.460339
0.460509
0.460676
0.460840
0.461003
0.461162
0.461320
0.461475
0.461627
0.461777
0.461924
0.462069
0.462211
0.462351
0.462488
0.462623
0.462755
0.462885
0.463012
0.463136
0.463258
0.463378
0.463495
0.463609
0.463721
0.463830
0.463937
0.464042
0.464144
0.464244
0.464341
0.464436
0.464528
0.464618
0.464706
0.464792
0.464875
0.464956
0.465034
0.465111
0.465185
0.465257
0.465327
0.465395
0.465460
0.465524
0.465585
0.465645
0.465702
0.465757
0.465811
0.465862
0.465911
0.465959
0.466004
0.466048
0.466090
0.466130
0.466168
0.466204
0.466239
0.466272
0.466303
0.466332
0.466359
0.466385
0.466410
0.466432
0.466453
0.466472
0.466490
0.466506
0.466521
0.466534
0.466545
0.466555
0.466563
0.466570
0.466575
0.466579
0.466582
0.466583
0.466582
0.466580
0.466577
0.466572
0.466566
0.466558
0.466549
0.466538
0.466526
0.466513
0.466499
0.466483
0.466465
0.466447
0.466427
0.466405
0.466383
0.466359
0.466333
0.466306
0.466278
0.466249
0.466218
0.466186
0.466153
0.466118
0.466082
0.466044
0.466005
0.465965
0.465924
0.465881
0.465837
0.465791
0.465744
0.465696
0.465646
0.465595
0.465543
0.465489
0.465433
0.465377
0.465318
0.465259
0.465198
0.465135
0.465071
0.465006
0.464939
0.464870
0.464800
0.464729
0.464656
0.464581
0.464505
0.464427
0.464348
0.464267
0.464184
0.464100
0.464014
0.463927
0.463838
0.463747
0.463654
0.463560
0.463464
0.463366
0.463267
0.463165
0.463062
0.462958
0.462851
0.462743
0.462633
0.462521
0.462407
0.462292
0.462175
0.462056
0.461936
0.461814
0.461690
0.461565
0.461438
0.461310
0.461180
0.461049
0.460916
0.460783
0.460648
0.460512
0.460376
0.460238
0.460100
0.459962
0.459824
0.459685
0.459547
0.459410
0.459274
0.459138
0.459005
0.458873
0.458743
0.458614
0.458486
0.458357
0.458226
0.458090
0.457950
0.457805
0.457656
0.457504
0.457351
0.457198
0.457045
0.456893
0.456743
0.456596
0.456450
0.456306
0.456165
0.456026
0.455888
0.455753
0.455619
0.455487
0.455357
0.455229
0.455102
0.454977
0.454854
0.454732
0.454612
0.454494
0.454377
0.454262
0.454148
0.454035
0.453924
0.453815
0.453706
0.453599
0.453494
0.453389
0.453286
0.453184
0.453083
0.452984
0.452886
0.452788
0.452692
0.452597
0.452503
0.452410
0.452318
0.452228
0.452138
0.452049
0.451961
0.451874
0.451788
0.451703
0.451619
0.451536
0.451453
0.451372
0.451291
0.451212
0.451133
0.451055
0.450977
0.450901
0.450825
0.450750
0.450676
0.450603
0.450530
0.450458
0.450387
0.450316
0.450246
0.450177
0.450109
0.450041
0.449974
0.449907
0.449842
0.449776
0.449712
0.449647
0.449584
0.449521
0.449459
0.449459
0.449397
0.449336
0.449275
0.449215
0.449155
0.449095
0.449037
0.448978
0.448920
0.448863
0.448806
0.448749
0.448693
0.448637
0.448582
0.448526
0.448472
0.448417
0.448363
0.448309
0.448255
0.448202
0.448149
0.448096
0.448043
0.447990
0.447938
0.447886
0.447834
0.447782
0.447730
0.447678
0.447626
0.447575
0.447523
0.447471
0.447420
0.447368
0.447316
0.447264
0.447212
0.447160
0.447108
0.447055
0.447003
0.446950
0.446897
0.446844
0.446790
0.446736
0.446682
0.446628
0.446573
0.446518
0.446463
0.446407
0.446351
0.446294
0.446237
0.446179
0.446121
0.446063
0.446004
0.445945
0.445885
0.445825
0.445764
0.445703
0.445641
0.445578
0.445516
0.445452
0.445389
0.445324
0.445260
0.445194
0.445129
0.445063
0.444996
0.444930
0.444862
0.444795
0.444727
0.444659
0.444590
0.444521
0.444453
0.444384
0.444314
0.444245
0.444176
0.444106
0.444037
0.443968
0.443899
0.443830
0.443761
0.443692
0.443624
0.443556
0.443489
0.443422
0.443355
0.443289
0.443224
0.443159
0.443095
0.443032
0.442969
0.442908
0.442847
0.442787
0.442729
0.442671
0.442614
0.442559
0.442505
0.442452
0.442400
0.442349
0.442300
0.442253
0.442206
0.442161
0.442118
0.442076
0.442036
0.441998
0.441961
0.441926
0.441892
0.441860
0.441830
0.441802
0.441776
0.441751
0.441729
0.441708
0.441689
0.441672
0.441657
0.441644
0.441632
0.441623
0.441615
0.441610
0.441606
0.441604
0.441604
0.441605
0.441609
0.441614
0.441621
0.441629
0.441639
0.441651
0.441664
0.441678
0.441694
0.441712
0.441731
0.441751
0.441772
0.441794
0.441818
0.441843
0.441869
0.441896
0.441923
0.441952
0.441982
0.442012
0.442044
0.442076
0.442109
0.442143
0.442177
0.442212
0.442248
0.442284
0.442322
0.442359
0.442398
0.442437
0.442476
0.442517
0.442558
0.442600
0.442642
0.442686
0.442730
0.442776
0.442823
0.442872
0.442923
0.442977
0.443035
0.443098
0.443169
0.443254
0.443359
0.443493
0.443602
0.443750
0.443827
0.443848
0.443863
0.443904
0.443911
0.444002
0.443915
0.444114
0.443870
0.444222
0.444150
0.444183
0.444032
0.444320
0.444190
0.444326
0.444079
0.444421
0.444438
0.444238
0.444445
0.444107
0.444524
0.444616
0.444097
0.444598
0.444756
0.444134
0.444647
0.444828
0.444410
0.444618
0.444210
0.444623
0.444791
0.444315
0.444620
0.444547
0.444480
0.444248
0.444574
0.444586
0.444283
0.444563
0.444056
0.444620
0.444826
0.444728
0.444612
0.444136
0.444613
0.444769
0.444356
0.444520
0.443846
0.444600
0.444790
0.444731
0.444951
0.445095
0.445188
0.445268
0.445313
0.445342
0.445354
0.445351
0.445340
0.445324
0.445303
0.445280
0.445252
0.445222
0.445188
0.445150
0.445109
0.445066
0.445020
0.444971
0.444920
0.444867
0.444810
0.444751
0.444690
0.444626
0.444560
0.444491
0.444421
0.444349
0.444275
0.444200
0.444124
0.444047
0.443969
0.443891
0.443813
0.443734
0.443655
0.443577
0.443500
0.443423
0.443347
0.443272
0.443199
0.443127
0.443056
0.442987
0.442920
0.442855
0.442792
0.442731
0.442672
0.442615
0.442561
0.442509
0.442460
0.442413
0.442368
0.442326
0.442287
0.442251
0.442217
0.442185
0.442157
0.442131
0.442108
0.442087
0.442070
0.442055
0.442042
0.442033
0.442026
0.442021
0.442019
0.442020
0.442024
0.442029
0.442038
0.442048
0.442062
0.442077
0.442095
0.442115
0.442137
0.442162
0.442188
0.442216
0.442246
0.442278
0.442312
0.442347
0.442384
0.442423
0.442462
0.442503
0.442546
0.442589
0.442633
0.442678
0.442724
0.442771
0.442818
0.442866
0.442915
0.442963
0.443013
0.443062
0.443112
0.443162
0.443212
0.443262
0.443312
0.443362
0.443412
0.443462
0.443512
0.443561
0.443611
0.443660
0.443710
0.443759
0.443807
0.443856
0.443904
0.443952
0.444000
0.444047
0.444094
0.444141
0.444187
0.444234
0.444279
0.444325
0.444370
0.444416
0.444460
0.444505
0.444549
0.444593
0.444637
0.444681
0.444724
0.444767
0.444811
0.444853
0.444896
0.444939
0.444982
0.445024
0.445067
0.445109
0.445151
0.445194
0.445236
0.445279
0.445321
0.445364
0.445407
0.445449
0.445492
0.445536
0.445579
0.445623
0.445666
0.445710
0.445755
0.445799
0.445844
0.445890
0.445935
0.445981
0.446028
0.446075
0.446122
0.446170
0.446218
0.446267
0.446317
0.446367
0.446418
0.446469
0.446522
0.446574
0.446628
0.446682
0.446738
0.446793
0.446850
0.446908
0.446966
0.447026
0.447086
0.447148
0.447210
0.447273
0.447337
0.447403
0.447469
0.447536
0.447605
0.447674
0.447744
0.447816
0.447888
0.447962
0.448037
0.448112
0.448189
0.448267
0.448346
0.448425
0.448506
0.448588
0.448671
0.448754
0.448839
0.448924
0.449010
0.449097
0.449185
0.449273
0.449363
0.449453
0.449543
0.449635
0.449727
0.449819
0.449912
0.450005
0.450099
0.450194
0.450289
0.450384
0.450479
0.450575
0.450671
0.450671
0.450768
0.450864
0.450961
0.451058
0.451155
0.451252
0.451349
0.451447
0.451544
0.451641
0.451739
0.451836
0.451933
0.452030
0.452127
0.452224
0.452321
0.452417
0.452514
0.452610
0.452706
0.452802
0.452897
0.452993
0.453088
0.453182
0.453277
0.453371
0.453464
0.453558
0.453651
0.453743
0.453836
0.453928
0.454019
0.454110
0.454201
0.454291
0.454381
0.454470
0.454559
0.454647
0.454735
0.454822
0.454909
0.454995
0.455081
0.455166
0.455251
0.455335
0.455419
0.455502
0.455584
0.455666
0.455747
0.455828
0.455908
0.455987
0.456066
0.456144
0.456222
0.456299
0.456375
0.456450
0.456525
0.456599
0.456673
0.456746
0.456818
0.456889
0.456960
0.457030
0.457099
0.457167
0.457235
0.457302
0.457368
0.457433
0.457498
0.457561
0.457624
0.457686
0.457746
0.457806
0.457865
0.457923
0.457979
0.458035
0.458089
0.458142
0.458193
0.458242
0.458289
0.458334
0.458377
0.458416
0.458453
0.458486
0.458520
0.458567
0.458419
0.457964
0.458411
0.458120
0.458331
0.457929
0.458520
0.458352
0.458629
0.458273
0.458891
0.458738
0.458964
0.458647
0.459238
0.459015
0.459357
0.458949
0.459567
0.459465
0.459596
0.459438
0.459882
0.459526
0.460044
0.459812
0.460169
0.459823
0.460378
0.460205
0.460472
0.460185
0.460690
0.460458
0.460810
0.460512
0.460989
0.460762
0.461118
0.460844
0.461288
0.461055
0.461417
0.461163
0.461573
0.461341
0.461707
0.461470
0.461851
0.461625
0.461986
0.461763
0.462121
0.461906
0.462253
0.462043
0.462383
0.462180
0.462510
0.462314
0.462635
0.462446
0.462757
0.462575
0.462878
0.462703
0.462995
0.462828
0.463111
0.462952
0.463224
0.463073
0.463334
0.463193
0.463442
0.463310
0.463548
0.463426
0.463652
0.463540
0.463753
0.463652
0.463851
0.463762
0.463948
0.463870
0.464042
0.463976
0.464134
0.464080
0.464224
0.464182
0.464313
0.464283
0.464399
0.464381
0.464484
0.464476
0.464567
0.464570
0.464649
0.464660
0.464730
0.464749
0.464810
0.464834
0.464889
0.464918
0.464967
0.464999
0.465043
0.465077
0.465119
0.465154
0.465193
0.465228
0.465266
0.465301
0.465337
0.465372
0.465407
0.465441
0.465475
0.465508
0.465542
0.465574
0.465607
0.465639
0.465670
0.465702
0.465732
0.465763
0.465793
0.465823
0.465852
0.465881
0.465910
0.465939
0.465967
0.465994
0.466022
0.466049
0.466075
0.466102
0.466128
0.466153
0.466179
0.466204
0.466228
0.466253
0.466277
0.466301
0.466324
0.466348
0.466370
0.466393
0.466415
0.466438
0.466459
0.466481
0.466502
0.466523
0.466544
0.466564
0.466584
0.466604
0.466624
0.466643
0.466662
0.466681
0.466700
0.466718
0.466737
0.466755
0.466772
0.466790
0.466807
0.466824
0.466841
0.466857
0.466874
0.466890
0.466906
0.466922
0.466937
0.466953
0.466968
0.466983
0.466997
0.467012
0.467026
0.467040
0.467054
0.467068
0.467082
0.467095
0.467109
0.467122
0.467135
0.467147
0.467160
0.467172
0.467185
0.467197
0.467209
0.467221
0.467232
0.467244
0.467255
0.467266
0.467277
0.467288
0.467299
0.467310
0.467320
0.467331
0.467341
0.467351
0.467361
0.467371
0.467380
0.467390
0.467399
0.467409
0.467418
0.467427
0.467436
0.467445
0.467454
0.467463
0.467471
0.467480
0.467488
0.467496
0.467504
0.467512
0.467520
0.467528
0.467536
0.467543
0.467551
0.467558
0.467566
0.467573
0.467580
0.467587
0.467594
0.467601
0.467608
0.467615
0.467621
0.467628
0.467635
0.467641
0.467647
0.467654
0.467660
0.467666
0.467672
0.467678
0.467684
0.467690
0.467696
0.467701
0.467707
0.467712
0.467718
0.467723
0.467729
0.467734
0.467739
0.467745
0.467750
0.467755
0.467760
0.467765
0.467770
0.467775
0.467779
0.467784
0.467789
0.467793
0.467798
0.467803
0.467807
0.467811
0.467816
0.467820
0.467825
0.467829
0.467833
0.467837
0.467841
0.467845
0.467849
0.467853
0.467857
0.467861
0.467865
0.467869
0.467873
0.467876
0.467880
0.467884
0.467887
0.467891
0.467895
0.467898
0.467902
0.467905
0.467908
0.467912
0.467915
0.467919
0.467922
0.467925
0.467928
0.467932
0.467935
0.467938
0.467941
0.467944
0.467947
0.467950
0.467953
0.467956
0.467959
0.467962
0.467965
0.467968
0.467971
0.467974
0.467976
0.467979
0.467982
0.467985
0.467987
0.467990
0.467993
0.467995
0.467998
0.468001
0.468003
0.468006
0.468008
0.468011
0.468013
0.468016
0.468018
0.468021
0.468023
0.468025
0.468028
0.468030
0.468032
0.468035
0.468037
0.468039
0.468041
0.468043
0.468045
0.468047
0.468050
0.468052
0.468054
0.468056
0.468057
0.468059
0.468061
0.468063
0.468065
0.468067
0.468068
0.468070
0.468072
0.468073
0.468075
0.468076
0.468077
0.468079
0.468080
0.468081
0.468083
0.468084
0.468085
0.468086
0.468087
0.468088
0.468088
0.468089
0.468090
0.468090
0.468091
0.468091
0.468092
0.468092
0.468092
0.468092
0.468092
0.468092
0.468092
0.468092
0.468091
0.468091
0.468090
0.468089
0.468089
0.468088
0.468087
0.468086
0.468084
0.468083
0.468081
0.468080
0.468078
0.468076
0.468074
0.468071
0.468069
0.468066
0.468064
0.468061
0.468058
0.468055
0.468051
0.468048
0.468044
0.468041
0.468037
0.468033
0.468028
0.468024
0.468020
0.468015
0.468010
0.468005
0.468000
0.467995
0.467990
0.467984
0.467979
0.467973
0.467967
0.467962
0.467955
0.467949
0.467943
0.467937
0.467931
0.467924
0.467918
0.467911
0.467904
0.467897
0.467891
0.467884
0.467877
0.467870
0.467863
0.467856
0.467849
0.467842
0.467835
0.467828
0.467821
0.467814
0.467807
0.467800
0.467793
0.467786
0.467779
0.467772
0.467765
0.467758
0.467751
0.467745
0.467738
0.467731
0.467725
0.467718
0.467711
0.467705
0.467699
0.467692
0.467686
0.467680
0.467674
0.467668
0.467662
0.467656
0.467650
0.467644
0.467639
0.467633
0.467628
0.467622
0.467617
0.467612
0.467607
0.467601
0.467596
0.467592
0.467587
0.467582
0.467577
0.467573
0.467568
0.467564
0.467560
0.467556
0.467551
0.467547
0.467544
0.467540
0.467536
0.467532
0.467529
0.467525
0.467522
0.467518
0.467515
0.467512
0.467509
0.467506
0.467503
0.467500
0.467497
0.467494
0.467492
0.467489
0.467486
0.467484
0.467482
0.467479
0.467477
0.467475
0.467473
0.467471
0.467469
0.467467
0.467465
0.467463
0.467462
0.467460
0.467458
0.467457
0.467455
0.467454
0.467453
0.467451
0.467450
0.467449
0.467448
0.467447
0.467446
0.467445
0.467444
0.467443
0.467442
0.467441
0.467440
0.467440
0.467439
0.467438
0.467438
0.467437
0.467437
0.467436
0.467436
0.467436
0.467435
0.467435
0.467435
0.467435
0.467434
0.467434
0.467434
0.467434
0.467434
0.467434
0.467434
0.467434
0.467434
0.467434
0.467435
0.467435
0.467435
0.467435
0.467436
0.467436
0.467436
0.467437
0.467437
0.467437
0.467438
0.467438
0.467439
0.467439
0.467440
0.467440
0.467441
0.467442
0.467442
0.467443
0.467443
0.467444
0.467445
0.467446
0.467446
0.467447
0.467448
0.467449
0.467449
0.467450
0.467451
0.467452
0.467453
0.467454
0.467455
0.467455
0.467456
0.467457
0.467458
0.467459
0.467460
0.467461
0.467462
0.467463
0.467464
0.467465
0.467466
0.467467
0.467468
0.467470
0.467471
0.467472
0.467473
0.467474
0.467475
0.467476
0.467477
0.467478
0.467480
0.467481
0.467482
0.467483
0.467484
0.467485
0.467487
0.467488
0.467489
0.467490
0.467491
0.467492
0.467494
0.467495
0.467496
0.467497
0.467499
0.467500
0.467501
0.467502
0.467503
0.467505
0.467506
0.467507
0.467508
0.467509
0.467511
0.467512
0.467513
0.467514
0.467516
0.467517
0.467518
0.467519
0.467520
0.467522
0.467523
0.467524
0.467525
0.467527
0.467528
0.467529
0.467530
0.467531
0.467532
0.467534
0.467535
0.467536
0.467537
0.467538
0.467539
0.467541
0.467542
0.467543
0.467544
0.467545
0.467546
0.467547
0.467549
0.467550
0.467551
0.467552
0.467553
0.467554
0.467555
0.467556
0.467557
0.467558
0.467559
0.467560
0.467561
0.467562
0.467563
0.467564
0.467565
0.467566
0.467567
0.467568
0.467569
0.467570
0.467571
0.467572
0.467573
0.467574
0.467575
0.467575
0.467576
0.467577
0.467578
0.467579
0.467580
0.467580
0.467581
0.467582
0.467583
0.467583
0.467584
0.467585
0.467586
0.467586
0.467587
0.467588
0.467588
0.467589
0.467589
0.467590
0.467591
0.467591
0.467592
0.467592
0.467593
0.467593
0.467594
0.467594
0.467595
0.467595
0.467596
0.467596
0.467596
0.467597
0.467597
0.467598
0.467598
0.467598
0.467599
0.467599
0.467599
0.467599
0.467600
0.467600
0.467600
0.467600
0.467600
0.467600
0.467600
0.467601
0.467601
0.467601
0.467601
0.467601
0.467601
0.467601
0.467601
0.467601
0.467601
0.467600
0.467600
0.467600
0.467600
0.467600
0.467600
0.467599
0.467599
0.467599
0.467599
0.467598
0.467598
0.467598
0.467597
0.467597
0.467596
0.467596
0.467595
0.467595
0.467594
0.467594
0.467593
0.467593
0.467592
0.467591
0.467591
0.467590
0.467589
0.467589
0.467588
0.467587
0.467586
0.467586
0.467585
0.467584
0.467583
0.467582
0.467581
0.467580
0.467579
0.467578
0.467577
0.467576
0.467575
0.467574
0.467572
0.467571
0.467570
0.467569
0.467567
0.467566
0.467565
0.467564
0.467562
0.467561
0.467559
0.467558
0.467556
0.467555
0.467553
0.467552
0.467550
0.467548
0.467547
0.467545
0.467543
0.467542
0.467540
0.467538
0.467536
0.467534
0.467532
0.467530
0.467529
0.467527
0.467524
0.467522
0.467520
0.467518
0.467516
0.467514
0.467512
0.467509
0.467507
0.467505
0.467503
0.467500
0.467498
0.467495
0.467493
0.467490
0.467488
0.467485
0.467483
0.467480
0.467477
0.467475
0.467472
0.467469
0.467466
0.467464
0.467461
0.467458
0.467455
0.467452
0.467449
0.467446
0.467443
0.467440
0.467437
0.467433
0.467430
0.467430
0.467427
0.467424
0.467420
0.467417
0.467414
0.467410
0.467407
0.467403
0.467400
0.467396
0.467392
0.467389
0.467385
0.467381
0.467378
0.467374
0.467370
0.467366
0.467362
0.467358
0.467354
0.467350
0.467346
0.467342
0.467338
0.467334
0.467329
0.467325
0.467321
0.467316
0.467312
0.467308
0.467303
0.467299
0.467294
0.467289
0.467285
0.467280
0.467275
0.467271
0.467266
0.467261
0.467256
0.467251
0.467246
0.467241
0.467236
0.467231
0.467226
0.467221
0.467215
0.467210
0.467205
0.467199
0.467194
0.467188
0.467183
0.467177
0.467172
0.467166
0.467160
0.467155
0.467149
0.467143
0.467137
0.467131
0.467125
0.467119
0.467113
0.467107
0.467101
0.467095
0.467089
0.467082
0.467076
0.467070
0.467063
0.467057
0.467050
0.467044
0.467037
0.467030
0.467024
0.467017
0.467010
0.467003
0.466996
0.466989
0.466982
0.466975
0.466968
0.466961
0.466953
0.466946
0.466939
0.466931
0.466924
0.466916
0.466909
0.466901
0.466894
0.466886
0.466878
0.466870
0.466862
0.466855
0.466847
0.466838
0.466830
0.466822
0.466814
0.466806
0.466797
0.466789
0.466781
0.466772
0.466764
0.466755
0.466746
0.466738
0.466729
0.466720
0.466711
0.466702
0.466693
0.466684
0.466675
0.466666
0.466657
0.466647
0.466638
0.466629
0.466619
0.466610
0.466600
0.466590
0.466581
0.466571
0.466561
0.466551
0.466541
0.466531
0.466521
0.466511
0.466501
0.466490
0.466480
0.466470
0.466459
0.466449
0.466438
0.466427
0.466417
0.466406
0.466395
0.466384
0.466373
0.466362
0.466351
0.466340
0.466328
0.466317
0.466306
0.466294
0.466283
0.466271
0.466260
0.466248
0.466236
0.466224
0.466212
0.466200
0.466188
0.466176
0.466164
0.466151
0.466139
0.466127
0.466114
0.466102
0.466089
0.466076
0.466063
0.466051
0.466038
0.466025
0.466011
0.465998
0.465985
0.465972
0.465958
0.465945
0.465931
0.465918
0.465904
0.465890
0.465877
0.465863
0.465849
0.465835
0.465820
0.465806
0.465792
0.465777
0.465763
0.465749
0.465734
0.465719
0.465704
0.465690
0.465675
0.465660
0.465645
0.465629
0.465614
0.465599
0.465583
0.465568
0.465552
0.465537
0.465521
0.465505
0.465489
0.465473
0.465457
0.465441
0.465424
0.465408
0.465392
0.465375
0.465359
0.465342
0.465325
0.465308
0.465291
0.465274
0.465257
0.465240
0.465223
0.465205
0.465188
0.465170
0.465152
0.465135
0.465117
0.465099
0.465081
0.465063
0.465044
0.465026
0.465008
0.464989
0.464971
0.464952
0.464933
0.464914
0.464895
0.464876
0.464857
0.464838
0.464819
0.464799
0.464780
0.464760
0.464740
0.464720
0.464701
0.464681
0.464660
0.464640
0.464620
0.464599
0.464579
0.464558
0.464538
0.464517
0.464496
0.464475
0.464454
0.464432
0.464411
0.464390
0.464368
0.464347
0.464325
0.464303
0.464281
0.464259
0.464237
0.464214
0.464192
0.464170
0.464147
0.464124
0.464102
0.464079
0.464056
0.464032
0.464009
0.463986
0.463962
0.463939
0.463915
0.463891
0.463868
0.463844
0.463819
0.463795
0.463771
0.463746
0.463722
0.463697
0.463672
0.463647
0.463622
0.463597
0.463572
0.463547
0.463521
0.463495
0.463470
0.463444
0.463418
0.463392
0.463366
0.463339
0.463313
0.463286
0.463260
0.463233
0.463206
0.463179
0.463152
0.463125
0.463097
0.463070
0.463042
0.463014
0.462986
0.462958
0.462930
0.462902
0.462873
0.462845
0.462816
0.462788
0.462759
0.462730
0.462700
0.462671
0.462642
0.462612
0.462583
0.462553
0.462523
0.462493
0.462463
0.462432
0.462402
0.462371
0.462341
0.462310
0.462279
0.462248
0.462216
0.462185
0.462153
0.462122
0.462090
0.462058
0.462026
0.461994
0.461961
0.461929
0.461896
0.461864
0.461831
0.461798
0.461765
0.461731
0.461698
0.461664
0.461630
0.461597
0.461563
0.461528
0.461494
0.461460
0.461425
0.461390
0.461355
0.461320
0.461285
0.461250
0.461214
0.461179
0.461143
0.461107
0.461071
0.461035
0.460998
0.460962
0.460925
0.460888
0.460852
0.460814
0.460777
0.460740
0.460702
0.460664
0.460627
0.460589
0.460550
0.460512
0.460474
0.460435
0.460396
0.460357
0.460318
0.460279
0.460239
0.460200
0.460160
0.460120
0.460080
0.460040
0.459999
0.459959
0.459918
0.459877
0.459836
0.459795
0.459754
0.459712
0.459670
0.459628
0.459586
0.459544
0.459502
0.459459
0.459417
0.459374
0.459331
0.459288
0.459244
0.459201
0.459157
0.459113
0.459069
0.459025
0.458980
0.458936
0.458891
0.458846
0.458801
0.458756
0.458710
0.458665
0.458619
0.458573
0.458527
0.458480
0.458434
0.458387
0.458340
0.458293
0.458246
0.458199
0.458151
0.458103
0.458056
0.458007
0.457959
0.457911
0.457862
0.457813
0.457764
0.457715
0.457665
0.457616
0.457566
0.457516
0.457466
0.457416
0.457365
0.457314
0.457263
0.457212
0.457161
0.457110
0.457058
0.457006
0.456954
0.456902
0.456849
0.456797
0.456744
0.456691
0.456638
0.456638
0.456584
0.456530
0.456477
0.456423
0.456368
0.456314
0.456259
0.456205
0.456150
0.456094
0.456039
0.455983
0.455928
0.455872
0.455815
0.455759
0.455702
0.455645
0.455588
0.455531
0.455474
0.455416
0.455358
0.455300
0.455242
0.455183
0.455125
0.455066
0.455006
0.454947
0.454888
0.454828
0.454768
0.454708
0.454647
0.454587
0.454526
0.454465
0.454403
0.454342
0.454280
0.454218
0.454156
0.454094
0.454031
0.453968
0.453905
0.453842
0.453779
0.453715
0.453651
0.453587
0.453523
0.453458
0.453393
0.453328
0.453263
0.453198
0.453132
0.453066
0.453000
0.452933
0.452867
0.452800
0.452733
0.452665
0.452598
0.452530
0.452462
0.452394
0.452325
0.452257
0.452188
0.452118
0.452049
0.451979
0.451909
0.451839
0.451769
0.451698
0.451627
0.451556
0.451485
0.451413
0.451342
0.451270
0.451197
0.451125
0.451052
0.450979
0.450906
0.450832
0.450758
0.450684
0.450610
0.450535
0.450461
0.450386
0.450310
0.450235
0.450159
0.450083
0.450007
0.449930
0.449853
0.449776
0.449699
0.449621
0.449544
0.449466
0.449387
0.449309
0.449230
0.449151
0.449071
0.448992
0.448912
0.448832
0.448751
0.448671
0.448590
0.448508
0.448427
0.448345
0.448263
0.448181
0.448098
0.448016
0.447933
0.447849
0.447766
0.447682
0.447598
0.447513
0.447428
0.447343
0.447258
0.447173
0.447087
0.447001
0.446914
0.446828
0.446741
0.446654
0.446566
0.446479
0.446391
0.446302
0.446214
0.446125
0.446036
0.445946
0.445857
0.445767
0.445676
0.445586
0.445495
0.445404
0.445312
0.445221
0.445129
0.445036
0.444944
0.444851
0.444758
0.444664
0.444570
0.444476
0.444382
0.444287
0.444193
0.444097
0.444002
0.443906
0.443810
0.443713
0.443617
0.443520
0.443422
0.443325
0.443227
0.443129
0.443030
0.442931
0.442832
0.442733
0.442633
0.442533
0.442433
0.442332
0.442231
0.442130
0.442028
0.441927
0.441824
0.441722
0.441619
0.441516
0.441412
0.441309
0.441205
0.441100
0.440996
0.440891
0.440785
0.440680
0.440574
0.440467
0.440361
0.440254
0.440147
0.440039
0.439931
0.439823
0.439714
0.439606
0.439496
0.439387
0.439277
0.439167
0.439056
0.438946
0.438834
0.438723
0.438611
0.438499
0.438387
0.438274
0.438161
0.438047
0.437934
0.437819
0.437705
0.437590
0.437475
0.437360
0.437244
0.437128
0.437011
0.436894
0.436777
0.436660
0.436542
0.436424
0.436305
0.436186
0.436067
0.435948
0.435828
0.435707
0.435587
0.435466
0.435345
0.435223
0.435101
0.434979
0.434856
0.434733
0.434610
0.434486
0.434362
0.434237
0.434113
0.433987
0.433862
0.433736
0.433610
0.433483
0.433356
0.433229
0.433101
0.432973
0.432845
0.432716
0.432587
0.432458
0.432328
0.432198
0.432067
0.431936
0.431805
0.431673
0.431541
0.431409
0.431276
0.431143
0.431010
0.430876
0.430742
0.430607
0.430472
0.430337
0.430201
0.430065
0.429928
0.429791
0.429654
0.429517
0.429379
0.429240
0.429102
0.428962
0.428823
0.428683
0.428543
0.428402
0.428261
0.428120
0.427978
0.427836
0.427693
0.427550
0.427407
0.427263
0.427119
0.426974
0.426829
0.426684
0.426538
0.426392
0.426246
0.426099
0.425952
0.425804
0.425656
0.425508
0.425359
0.425210
0.425060
0.424910
0.424759
0.424609
0.424457
0.424306
0.424154
0.424001
0.423848
0.423695
0.423541
0.423387
0.423233
0.423078
0.422922
0.422767
0.422611
0.422454
0.422297
0.422140
0.421982
0.421824
0.421665
0.421506
0.421346
0.421187
0.421026
0.420866
0.420704
0.420543
0.420381
0.420218
0.420056
0.419892
0.419729
0.419564
0.419400
0.419235
0.419069
0.418904
0.418737
0.418570
0.418403
0.418236
0.418068
0.417899
0.417730
0.417561
0.417391
0.417221
0.417050
0.416879
0.416707
0.416535
0.416363
0.416190
0.416016
0.415842
0.415668
0.415493
0.415318
0.415142
0.414966
0.414789
0.414612
0.414434
0.414256
0.414078
0.413898
0.413719
0.413539
0.413358
0.413177
0.412996
0.412814
0.412632
0.412449
0.412265
0.412081
0.411897
0.411712
0.411527
0.411341
0.411154
0.410967
0.410780
0.410592
0.410404
0.410215
0.410025
0.409835
0.409645
0.409454
0.409262
0.409070
0.408877
0.408684
0.408491
0.408296
0.408102
0.407907
0.407711
0.407514
0.407318
0.407120
0.406922
0.406724
0.406525
0.406325
0.406125
0.405924
0.405723
0.405521
0.405319
0.405116
0.404913
0.404709
0.404504
0.404299
0.404093
0.403887
0.403680
0.403473
0.403265
0.403056
0.402847
0.402638
0.402427
0.402217
0.402005
0.401793
0.401581
0.401367
0.401154
0.400940
0.400725
0.400509
0.400293
0.400077
0.399859
0.399642
0.399423
0.399204
0.398985
0.398765
0.398544
0.398323
0.398101
0.397879
0.397656
0.397432
0.397208
0.396983
0.396758
0.396532
0.396305
0.396078
0.395850
0.395622
0.395393
0.395164
0.394934
0.394703
0.394472
0.394241
0.394008
0.393775
0.393542
0.393308
0.393073
0.392838
0.392838
0.392602
0.392366
0.392129
0.391892
0.391654
0.391415
0.391176
0.390937
0.390697
0.390456
0.390215
0.389973
0.389730
0.389487
0.389244
0.389000
0.388756
0.388510
0.388265
0.388019
0.387772
0.387525
0.387278
0.387029
0.386781
0.386532
0.386282
0.386032
0.385782
0.385530
0.385279
0.385027
0.384775
0.384522
0.384268
0.384015
0.383760
0.383506
0.383251
0.382995
0.382739
0.382483
0.382227
0.381970
0.381712
0.381454
0.381196
0.380938
0.380679
0.380420
0.380161
0.379901
0.379642
0.379381
0.379121
0.378861
0.378600
0.378339
0.378078
0.377817
0.377556
0.377294
0.377033
0.376772
0.376511
0.376250
0.375989
0.375729
0.375469
0.375209
0.374950
0.374692
0.374434
0.374178
0.373922
0.373668
0.373416
0.373166
0.372918
0.372674
0.372432
0.372196
0.371964
0.371738
0.371519
0.371307
0.371105
0.370911
0.370724
0.370544
0.370364
0.370181
0.369985
0.369772
0.369536
0.369276
0.368991
0.368684
0.368357
0.368011
0.367651
0.367278
0.366895
0.366506
0.366111
0.365713
0.365314
0.364914
0.364515
0.364118
0.363724
0.363333
0.362947
0.362566
0.362191
0.361821
0.361458
0.361102
0.360753
0.360411
0.360078
0.359753
0.359437
0.359130
0.358833
0.358546
0.358268
0.358001
0.357743
0.357495
0.357256
0.357026
0.356804
0.356589
0.356382
0.356182
0.355987
0.355798
0.355615
0.355435
0.355260
0.355089
0.354922
0.354757
0.354595
0.354435
0.354278
0.354123
0.353969
0.353816
0.353665
0.353515
0.353366
0.353218
0.353070
0.352923
0.352776
0.352629
0.352483
0.352336
0.352189
0.352042
0.351895
0.351747
0.351599
0.351450
0.351301
0.351151
0.351001
0.350849
0.350697
0.350545
0.350391
0.350236
0.350081
0.349925
0.349768
0.349610
0.349451
0.349291
0.349130
0.348968
0.348805
0.348642
0.348477
0.348312
0.348145
0.347978
0.347810
0.347641
0.347471
0.347300
0.347128
0.346956
0.346783
0.346609
0.346435
0.346260
0.346084
0.345907
0.345730
0.345552
0.345374
0.345195
0.345016
0.344836
0.344655
0.344474
0.344293
0.344111
0.343929
0.343747
0.343564
0.343381
0.343198
0.343014
0.342830
0.342646
0.342461
0.342277
0.342092
0.341907
0.341722
0.341536
0.341351
0.341165
0.340980
0.340794
0.340608
0.340422
0.340236
0.340050
0.339864
0.339678
0.339492
0.339306
0.339120
0.338934
0.338748
0.338562
0.338376
0.338190
0.338005
0.337819
0.337633
0.337447
0.337262
0.337076
0.336891
0.336706
0.336520
0.336335
0.336150
0.335965
0.335781
0.335596
0.335411
0.335227
0.335043
0.334858
0.334674
0.334490
0.334306
0.334123
0.333939
0.333756
0.333572
0.333389
0.333206
0.333023
0.332840
0.332658
0.332475
0.332293
0.332111
0.331928
0.331747
0.331565
0.331383
0.331202
0.331020
0.330839
0.330658
0.330477
0.330297
0.330116
0.329936
0.329756
0.329576
0.329396
0.329216
0.329037
0.328858
0.328679
0.328500
0.328321
0.328142
0.327964
0.327786
0.327608
0.327430
0.327252
0.327075
0.326898
0.326721
0.326544
0.326368
0.326191
0.326015
0.325839
0.325664
0.325488
0.325313
0.325138
0.324963
0.324789
0.324614
0.324440
0.324267
0.324093
0.323920
0.323747
0.323574
0.323401
0.323229
0.323057
0.322885
0.322714
0.322543
0.322372
0.322201
0.322031
0.321861
0.321691
0.321522
0.321353
0.321184
0.321015
0.320847
0.320679
0.320511
0.320344
0.320177
0.320010
0.319844
0.319678
0.319512
0.319347
0.319182
0.319017
0.318852
0.318688
0.318524
0.318361
0.318198
0.318035
0.317873
0.317711
0.317549
0.317388
0.317227
0.317066
0.316906
0.316746
0.316586
0.316427
0.316268
0.316109
0.315951
0.315793
0.315636
0.315479
0.315322
0.315166
0.315010
0.314854
0.314699
0.314544
0.314390
0.314236
0.314082
0.313929
0.313776
0.313623
0.313471
0.313319
0.313168
0.313017
0.312866
0.312716
0.312566
0.312416
0.312267
0.312119
0.311970
0.311822
0.311675
0.311528
0.311381
0.311234
0.311088
0.310943
0.310797
0.310653
0.310508
0.310364
0.310220
0.310077
0.309934
0.309792
0.309650
0.309508
0.309367
0.309226
0.309085
0.308945
0.308805
0.308666
0.308527
0.308388
0.308250
0.308112
0.307975
0.307838
0.307701
0.307565
0.307429
0.307294
0.307159
0.307024
0.306890
0.306756
0.306622
0.306489
0.306356
0.306224
0.306092
0.305961
0.305829
0.305699
0.305568
0.305438
0.305309
0.305179
0.305051
0.304922
0.304794
0.304666
0.304539
0.304412
0.304286
0.304160
0.304034
0.303908
0.303783
0.303659
0.303535
0.303411
0.303287
0.303164
0.303042
0.302919
0.302797
0.302676
0.302554
0.302434
0.302313
0.302193
0.302073
0.301954
0.301835
0.301717
0.301599
0.301481
0.301363
0.301246
0.301129
0.301013
0.300897
0.300782
0.300666
0.300552
0.300437
0.300323
0.300209
0.300096
0.299983
0.299870
0.299758
0.299646
0.299534
0.299423
0.299312
0.299202
0.299092
0.298982
0.298873
0.298764
0.298655
0.298655
0.298547
0.298439
0.298331
0.298224
0.298117
0.298010
0.297904
0.297798
0.297693
0.297588
0.297483
0.297378
0.297274
0.297171
0.297067
0.296964
0.296861
0.296759
0.296657
0.296555
0.296454
0.296353
0.296253
0.296152
0.296052
0.295953
0.295853
0.295754
0.295656
0.295558
0.295460
0.295362
0.295265
0.295168
0.295071
0.294975
0.294879
0.294784
0.294689
0.294594
0.294499
0.294405
0.294311
0.294217
0.294124
0.294031
0.293939
0.293846
0.293754
0.293663
0.293572
0.293481
0.293390
0.293300
0.293210
0.293120
0.293031
0.292942
0.292853
0.292765
0.292677
0.292589
0.292501
0.292414
0.292327
0.292241
0.292155
0.292069
0.291983
0.291898
0.291813
0.291729
0.291644
0.291561
0.291477
0.291394
0.291310
0.291228
0.291145
0.291063
0.290981
0.290900
0.290819
0.290738
0.290657
0.290577
0.290497
0.290417
0.290338
0.290259
0.290180
0.290102
0.290024
0.289946
0.289868
0.289791
0.289714
0.289637
0.289561
0.289485
0.289409
0.289334
0.289259
0.289184
0.289109
0.289035
0.288961
0.288887
0.288814
0.288741
0.288668
0.288595
0.288523
0.288451
0.288380
0.288308
0.288237
0.288166
0.288096
0.288026
0.287956
0.287886
0.287817
0.287748
0.287679
0.287610
0.287542
0.287474
0.287407
0.287339
0.287272
0.287205
0.287139
0.287073
0.287007
0.286941
0.286876
0.286811
0.286746
0.286681
0.286617
0.286553
0.286489
0.286426
0.286363
0.286300
0.286237
0.286175
0.286113
0.286051
0.285990
0.285928
0.285867
0.285807
0.285746
0.285686
0.285626
0.285567
0.285507
0.285448
0.285390
0.285331
0.285273
0.285215
0.285157
0.285100
0.285043
0.284986
0.284929
0.284873
0.284817
0.284761
0.284705
0.284650
0.284595
0.284540
0.284486
0.284432
0.284378
0.284324
0.284270
0.284217
0.284164
0.284112
0.284059
0.284007
0.283955
0.283904
0.283852
0.283801
0.283751
0.283700
0.283650
0.283600
0.283550
0.283500
0.283451
0.283402
0.283353
0.283305
0.283257
0.283209
0.283161
0.283114
0.283066
0.283020
0.282973
0.282926
0.282880
0.282834
0.282789
0.282743
0.282698
0.282653
0.282609
0.282564
0.282520
0.282476
0.282433
0.282389
0.282346
0.282303
0.282261
0.282218
0.282176
0.282134
0.282093
0.282051
0.282010
0.281969
0.281929
0.281888
0.281848
0.281808
0.281769
0.281730
0.281690
0.281652
0.281613
0.281575
0.281536
0.281499
0.281461
0.281424
0.281386
0.281350
0.281313
0.281277
0.281240
0.281205
0.281169
0.281133
0.281098
0.281063
0.281029
0.280994
0.280960
0.280926
0.280892
0.280859
0.280826
0.280793
0.280760
0.280728
0.280695
0.280663
0.280632
0.280600
0.280569
0.280538
0.280507
0.280476
0.280446
0.280416
0.280386
0.280357
0.280327
0.280298
0.280269
0.280241
0.280212
0.280184
0.280156
0.280129
0.280101
0.280074
0.280047
0.280020
0.279994
0.279968
0.279942
0.279916
0.279890
0.279865
0.279840
0.279815
0.279791
0.279766
0.279742
0.279718
0.279695
0.279671
0.279648
0.279625
0.279603
0.279580
0.279558
0.279536
0.279514
0.279493
0.279471
0.279450
0.279430
0.279409
0.279389
0.279368
0.279349
0.279329
0.279310
0.279290
0.279271
0.279253
0.279234
0.279216
0.279198
0.279180
0.279163
0.279145
0.279128
0.279111
0.279095
0.279078
0.279062
0.279046
0.279030
0.279015
0.279000
0.278985
0.278970
0.278955
0.278941
0.278927
0.278913
0.278899
0.278886
0.278873
0.278860
0.278847
0.278834
0.278822
0.278810
0.278798
0.278787
0.278775
0.278764
0.278753
0.278743
0.278732
0.278722
0.278712
0.278702
0.278693
0.278683
0.278674
0.278665
0.278657
0.278648
0.278640
0.278632
0.278624
0.278617
0.278609
0.278602
0.278595
0.278589
0.278582
0.278576
0.278570
0.278564
0.278559
0.278554
0.278549
0.278544
0.278539
0.278535
0.278531
0.278527
0.278523
0.278519
0.278516
0.278513
0.278510
0.278507
0.278505
0.278503
0.278501
0.278499
0.278498
0.278496
0.278495
0.278494
0.278494
0.278493
0.278493
0.278493
0.278493
0.278494
0.278495
0.278495
0.278497
0.278498
0.278499
0.278501
0.278503
0.278505
0.278508
0.278511
0.278513
0.278517
0.278520
0.278523
0.278527
0.278531
0.278535
0.278540
0.278544
0.278549
0.278554
0.278559
0.278565
0.278571
0.278577
0.278583
0.278589
0.278596
0.278602
0.278609
0.278617
0.278624
0.278632
0.278640
0.278648
0.278656
0.278664
0.278673
0.278682
0.278691
0.278701
0.278710
0.278720
0.278730
0.278740
0.278751
0.278762
0.278772
0.278784
0.278795
0.278806
0.278818
0.278830
0.278842
0.278855
0.278867
0.278880
0.278893
0.278907
0.278920
0.278934
0.278948
0.278962
0.278976
0.278991
0.279005
0.279020
0.279036
0.279051
0.279067
0.279083
0.279099
0.279115
0.279131
0.279148
0.279165
0.279182
0.279200
0.279217
0.279235
0.279253
0.279271
0.279290
0.279308
0.279327
0.279346
0.279365
0.279385
0.279405
0.279425
0.279445
0.279465
0.279465
0.279486
0.279506
0.279527
0.279549
0.279570
0.279592
0.279614
0.279636
0.279658
0.279681
0.279703
0.279726
0.279749
0.279773
0.279796
0.279820
0.279844
0.279869
0.279893
0.279918
0.279943
0.279968
0.279993
0.280019
0.280044
0.280070
0.280097
0.280123
0.280150
0.280177
0.280204
0.280231
0.280259
0.280286
0.280314
0.280342
0.280371
0.280399
0.280428
0.280457
0.280487
0.280516
0.280546
0.280576
0.280606
0.280636
0.280667
0.280698
0.280729
0.280760
0.280791
0.280823
0.280855
0.280887
0.280920
0.280952
0.280985
0.281018
0.281051
0.281085
0.281118
0.281152
0.281187
0.281221
0.281256
0.281290
0.281325
0.281361
0.281396
0.281432
0.281468
0.281504
0.281540
0.281577
0.281614
0.281651
0.281688
0.281726
0.281764
0.281802
0.281840
0.281878
0.281917
0.281956
0.281995
0.282035
0.282074
0.282114
0.282154
0.282194
0.282235
0.282276
0.282317
0.282358
0.282399
0.282441
0.282483
0.282525
0.282568
0.282610
0.282653
0.282696
0.282739
0.282783
0.282827
0.282871
0.282915
0.282960
0.283004
0.283049
0.283095
0.283140
0.283186
0.283232
0.283278
0.283324
0.283371
0.283418
0.283465
0.283513
0.283560
0.283608
0.283656
0.283705
0.283753
0.283802
0.283851
0.283900
0.283950
0.284000
0.284050
0.284100
0.284151
0.284202
0.284253
0.284304
0.284355
0.284407
0.284459
0.284512
0.284564
0.284617
0.284670
0.284723
0.284777
0.284830
0.284884
0.284939
0.284993
0.285048
0.285103
0.285158
0.285214
0.285270
0.285326
0.285382
0.285438
0.285495
0.285552
0.285609
0.285667
0.285725
0.285783
0.285841
0.285900
0.285958
0.286017
0.286077
0.286136
0.286196
0.286256
0.286316
0.286377
0.286438
0.286499
0.286560
0.286621
0.286683
0.286745
0.286808
0.286870
0.286933
0.286996
0.287059
0.287123
0.287187
0.287251
0.287315
0.287379
0.287444
0.287509
0.287574
0.287640
0.287706
0.287772
0.287838
0.287904
0.287971
0.288038
0.288105
0.288173
0.288240
0.288308
0.288377
0.288445
0.288514
0.288582
0.288652
0.288721
0.288791
0.288860
0.288930
0.289001
0.289071
0.289142
0.289213
0.289284
0.289355
0.289427
0.289499
0.289571
0.289643
0.289716
0.289788
0.289861
0.289934
0.290008
0.290081
0.290155
0.290229
0.290303
0.290378
0.290452
0.290527
0.290602
0.290677
0.290753
0.290828
0.290904
0.290980
0.291056
0.291132
0.291209
0.291286
0.291362
0.291440
0.291517
0.291594
0.291672
0.291750
0.291827
0.291906
0.291984
0.292062
0.292141
0.292220
0.292298
0.292377
0.292457
0.292536
0.292616
0.292695
0.292775
0.292855
0.292935
0.293015
0.293095
0.293176
0.293257
0.293337
0.293418
0.293499
0.293580
0.293661
0.293743
0.293824
0.293906
0.293987
0.294069
0.294151
0.294233
0.294315
0.294397
0.294480
0.294562
0.294644
0.294727
0.294810
0.294892
0.294975
0.295058
0.295141
0.295224
0.295307
0.295390
0.295473
0.295557
0.295640
0.295723
0.295807
0.295890
0.295974
0.296058
0.296141
0.296225
0.296309
0.296393
0.296477
0.296560
0.296644
0.296728
0.296812
0.296896
0.296980
0.297064
0.297149
0.297233
0.297317
0.297401
0.297485
0.297569
0.297653
0.297738
0.297822
0.297906
0.297990
0.298074
0.298159
0.298243
0.298327
0.298411
0.298495
0.298579
0.298663
0.298747
0.298832
0.298916
0.299000
0.299084
0.299168
0.299251
0.299335
0.299419
0.299503
0.299587
0.299671
0.299754
0.299838
0.299921
0.300005
0.300089
0.300172
0.300255
0.300339
0.300422
0.300505
0.300588
0.300671
0.300754
0.300837
0.300920
0.301003
0.301086
0.301168
0.301251
0.301333
0.301416
0.301498
0.301580
0.301662
0.301744
0.301826
0.301908
0.301990
0.302071
0.302153
0.302234
0.302315
0.302397
0.302478
0.302559
0.302640
0.302720
0.302801
0.302881
0.302962
0.303042
0.303122
0.303202
0.303282
0.303362
0.303442
0.303521
0.303600
0.303680
0.303759
0.303838
0.303917
0.303995
0.304074
0.304152
0.304231
0.304309
0.304387
0.304465
0.304542
0.304620
0.304697
0.304774
0.304852
0.304929
0.305005
0.305082
0.305159
0.305235
0.305311
0.305387
0.305463
0.305539
0.305614
0.305690
0.305765
0.305840
0.305915
0.305990
0.306064
0.306139
0.306213
0.306287
0.306361
0.306435
0.306509
0.306582
0.306656
0.306729
0.306802
0.306875
0.306948
0.307020
0.307093
0.307165
0.307237
0.307309
0.307381
0.307452
0.307524
0.307595
0.307666
0.307737
0.307808
0.307879
0.307949
0.308020
0.308090
0.308160
0.308230
0.308300
0.308370
0.308439
0.308509
0.308578
0.308647
0.308716
0.308785
0.308853
0.308922
0.308990
0.309059
0.309127
0.309195
0.309263
0.309330
0.309398
0.309465
0.309533
0.309600
0.309667
0.309734
0.309801
0.309867
0.309934
0.310001
0.310067
0.310133
0.310199
0.310265
0.310331
0.310397
0.310463
0.310528
0.310594
0.310659
0.310724
0.310789
0.310854
0.310919
0.310984
0.311049
0.311113
0.311113
0.311178
0.311242
0.311307
0.311371
0.311435
0.311499
0.311563
0.311627
0.311691
0.311755
0.311818
0.311882
0.311946
0.312009
0.312072
0.312136
0.312199
0.312262
0.312325
0.312388
0.312451
0.312514
0.312577
0.312639
0.312702
0.312765
0.312827
0.312890
0.312952
0.313015
0.313077
0.313139
0.313201
0.313264
0.313326
0.313388
0.313450
0.313512
0.313574
0.313636
0.313698
0.313760
0.313821
0.313883
0.313945
0.314007
0.314068
0.314130
0.314192
0.314253
0.314315
0.314376
0.314438
0.314499
0.314561
0.314622
0.314684
0.314745
0.314806
0.314868
0.314929
0.314990
0.315052
0.315112
0.315175
0.315234
0.315300
0.315354
0.315427
0.315468
0.315563
0.315567
0.315726
0.315619
0.315971
0.315525
0.316459
0.314994
0.317540
0.313626
0.318690
0.313529
0.318198
0.313385
0.318414
0.313957
0.317690
0.313433
0.317921
0.313446
0.317310
0.313161
0.317502
0.313296
0.317256
0.313138
0.317287
0.313077
0.316996
0.312857
0.316861
0.312729
0.316655
0.312590
0.316569
0.312533
0.316471
0.312486
0.316434
0.312477
0.316404
0.312482
0.316408
0.312511
0.316424
0.312552
0.316456
0.312604
0.316496
0.312661
0.316544
0.312723
0.316597
0.312787
0.316654
0.312852
0.316711
0.312914
0.316768
0.312973
0.316820
0.313025
0.316867
0.313071
0.316909
0.313108
0.316944
0.313138
0.316973
0.313160
0.316995
0.313174
0.317011
0.313181
0.317022
0.313182
0.317027
0.313176
0.317027
0.313165
0.317023
0.313148
0.317015
0.313128
0.317004
0.313104
0.316990
0.313076
0.316973
0.313047
0.316954
0.313014
0.316934
0.312981
0.316912
0.312946
0.316889
0.312910
0.316866
0.312873
0.316842
0.312837
0.316819
0.312800
0.316795
0.312764
0.316772
0.312728
0.316750
0.312693
0.316728
0.312659
0.316707
0.312626
0.316687
0.312593
0.316669
0.312562
0.316651
0.312532
0.316634
0.312504
0.316619
0.312476
0.316604
0.312450
0.316591
0.312425
0.316579
0.312401
0.316568
0.312378
0.316558
0.312356
0.316549
0.312336
0.316541
0.312316
0.316535
0.312298
0.316528
0.312280
0.316523
0.312263
0.316519
0.312248
0.316515
0.312232
0.316512
0.312218
0.316509
0.312204
0.316507
0.312192
0.316506
0.312179
0.316505
0.312168
0.316505
0.312157
0.316505
0.312146
0.316505
0.312136
0.316506
0.312127
0.316508
0.312118
0.316509
0.312110
0.316512
0.312102
0.316514
0.312095
0.316517
0.312089
0.316520
0.312083
0.316524
0.312077
0.316528
0.312072
0.316533
0.312067
0.316537
0.312063
0.316542
0.312060
0.316548
0.312056
0.316553
0.312054
0.316559
0.312051
0.316565
0.312049
0.316572
0.312047
0.316578
0.312046
0.316585
0.312044
0.316592
0.312043
0.316599
0.312043
0.316606
0.312042
0.316613
0.312041
0.316620
0.312041
0.316628
0.312040
0.316635
0.312040
0.316642
0.312039
0.316649
0.312038
0.316655
0.312038
0.316662
0.312037
0.316668
0.312035
0.316675
0.312034
0.316680
0.312032
0.316686
0.312030
0.316691
0.312028
0.316696
0.312025
0.316701
0.312022
0.316705
0.312019
0.316708
0.312014
0.316712
0.312011
0.316714
0.312004
0.316717
0.312003
0.316717
0.311990
0.316722
0.311996
0.316717
0.311968
0.316728
0.312001
0.316708
0.311920
0.316741
0.312054
0.316670
0.311800
0.316773
0.312316
0.316460
0.311602
0.316831
0.313236
0.315228
0.312768
0.317005
0.311483
0.316925
0.314469
0.312763
0.316737
0.312178
0.317468
0.314024
0.314648
0.314288
0.315779
0.313669
0.317620
0.311000
0.317916
0.316773
0.310162
0.318136
0.317138
0.312144
0.317067
0.314970
0.313987
0.315604
0.313225
0.316778
0.312050
0.317438
0.314108
0.316109
0.314182
0.318261
0.312364
0.317895
0.316032
0.311509
0.317189
0.315569
0.313649
0.317399
0.312635
0.317787
0.313948
0.316247
0.313599
0.318512
0.312854
0.318456
0.316000
0.314295
0.318307
0.313357
0.318741
0.316102
0.314166
0.318102
0.313105
0.318730
0.316635
0.313888
0.318781
0.313750
0.319064
0.314847
0.317936
0.313641
0.319065
0.315153
0.317523
0.314156
0.319421
0.313595
0.319021
0.314688
0.318088
0.313632
0.319224
0.316159
0.315769
0.317333
0.314919
0.319620
0.312101
0.319687
0.318312
0.310913
0.319748
0.318483
0.313450
0.318281
0.316214
0.315329
0.316700
0.314381
0.317975
0.312922
0.318557
0.316366
0.315099
0.319003
0.313964
0.319412
0.317250
0.313252
0.318473
0.314779
0.317863
0.313699
0.319142
0.314701
0.318431
0.313388
0.319407
0.318080
0.314033
0.319595
0.317089
0.316891
0.318207
0.315978
0.320123
0.312875
0.320438
0.319237
0.311818
0.320782
0.319583
0.314490
0.319344
0.317323
0.316169
0.317820
0.315023
0.319107
0.313693
0.319413
0.317581
0.315602
0.320352
0.314829
0.320239
0.317991
0.314427
0.319428
0.314753
0.319613
0.313882
0.319512
0.316926
0.316268
0.319100
0.315298
0.320742
0.315719
0.320039
0.313626
0.320699
0.319968
0.319968
0.312981
0.320743
0.319694
0.314392
0.319591
0.318135
0.315980
0.319296
0.315009
0.319929
0.315144
0.319971
0.314553
0.320300
0.318070
0.316475
0.320106
0.314594
0.320144
0.318627
0.313508
0.319525
0.318867
0.314587
0.320048
0.318103
0.316416
0.319937
0.314898
0.320424
0.318350
0.315868
0.320962
0.315303
0.321121
0.319468
0.315443
0.320837
0.317714
0.319029
0.317227
0.320903
0.314477
0.321325
0.320553
0.312512
0.322357
0.320733
0.314990
0.320535
0.319375
0.316295
0.319963
0.315643
0.320090
0.314974
0.320417
0.316308
0.320548
0.315261
0.321097
0.319714
0.314863
0.320347
0.318822
0.315613
0.320530
0.315304
0.320606
0.315244
0.320632
0.315040
0.320836
0.317380
0.319592
0.316697
0.321949
0.314475
0.321418
0.320482
0.312941
0.321800
0.320643
0.315183
0.320451
0.319114
0.316587
0.320116
0.315534
0.320537
0.315778
0.320724
0.315051
0.321038
0.319800
0.315761
0.321084
0.317942
0.318762
0.317334
0.320076
0.314943
0.320710
0.319401
0.314734
0.321196
0.320944
0.315492
0.321808
0.321158
0.314905
0.321229
0.320664
0.315489
0.321023
0.320103
0.316924
0.321643
0.317011
0.321804
0.315963
0.321465
0.318711
0.318492
0.320327
0.317398
0.322722
0.313945
0.322444
0.320722
0.312335
0.322395
0.320816
0.315518
0.320434
0.318719
0.317218
0.319596
0.315863
0.320942
0.315431
0.321202
0.317144
0.321414
0.315860
0.322009
0.321222
0.313917
0.321548
0.320500
0.314307
0.320430
0.319997
0.315759
0.320584
0.317898
0.319096
0.317826
0.320734
0.316242
0.321881
0.318776
0.319112
0.320025
0.319201
0.322205
0.315561
0.322795
0.321904
0.311195
0.324678
0.321414
0.316093
0.320532
0.318766
0.320217
0.317893
0.320241
0.315599
0.321101
0.317119
0.321503
0.316152
0.322752
0.322355
0.314175
0.322873
0.320944
0.314287
0.320341
0.319824
0.315640
0.320262
0.317252
0.319400
0.316592
0.321443
0.315048
0.321367
0.321010
0.314235
0.322118
0.321397
0.315174
0.320806
0.319976
0.315577
0.320193
0.317281
0.319019
0.316916
0.321263
0.314996
0.321742
0.321459
0.313727
0.322774
0.321519
0.315522
0.320974
0.320040
0.316274
0.320497
0.316480
0.320549
0.315431
0.321126
0.319005
0.318202
0.321485
0.316665
0.322272
0.320798
0.315730
0.321481
0.320761
0.316136
0.321747
0.320573
0.316748
0.322047
0.317800
0.321979
0.315841
0.322381
0.322130
0.314514
0.323315
0.322108
0.315856
0.321837
0.321256
0.316733
0.321266
0.318319
0.319540
0.317796
0.321316
0.315695
0.321785
0.321479
0.313897
0.323042
0.321720
0.314668
0.321352
0.320556
0.315500
0.320143
0.318100
0.317676
0.319372
0.316869
0.321919
0.314321
0.322384
0.321556
0.313304
0.322889
0.321382
0.315569
0.320553
0.319290
0.316169
0.320071
0.315406
0.320645
0.315711
0.321329
0.315807
0.321706
0.318531
0.320050
0.317814
0.322246
0.313503
0.323084
0.320694
0.311440
0.322367
0.320684
0.315466
0.320400
0.318985
0.316918
0.319775
0.315340
0.320606
0.316018
0.321153
0.314797
0.321625
0.321467
0.313877
0.321853
0.320620
0.314327
0.319824
0.319241
0.315076
0.319729
0.316561
0.319104
0.315639
0.321102
0.314911
0.320704
0.319296
0.315949
0.321470
0.316366
0.321663
0.314302
0.320466
0.319954
0.313037
0.320889
0.320477
0.314359
0.320421
0.320103
0.315373
0.320231
0.318325
0.317382
0.319815
0.315865
0.321416
0.315861
0.321466
0.314290
0.321068
0.320853
0.313148
0.321545
0.320222
0.313691
0.319609
0.319255
0.314776
0.319575
0.317282
0.317837
0.317826
0.318423
0.317959
0.319696
0.316159
0.322352
0.313338
0.322398
0.320893
0.311527
0.322856
0.320389
0.313510
0.319155
0.318616
0.314790
0.319122
0.315694
0.319443
0.314743
0.320387
0.317530
0.318695
0.317503
0.320784
0.314613
0.321012
0.320639
0.310185
0.322495
0.319960
0.312771
0.318948
0.318678
0.315155
0.318864
0.314822
0.318841
0.313657
0.319292
0.317105
0.317333
0.318873
0.316583
0.321636
0.311021
0.322697
0.319482
0.309048
0.320152
0.318658
0.314232
0.318155
0.315470
0.316149
0.314627
0.317033
0.313605
0.319459
0.313761
0.319767
0.316925
0.317924
0.317011
0.319263
0.314249
0.319470
0.316706
0.314610
0.319974
0.310679
0.322937
0.320340
0.309180
0.321116
0.318991
0.314031
0.318242
0.316387
0.316219
0.316198
0.315526
0.316919
0.314523
0.319849
0.310693
0.321664
0.318967
0.309459
0.319922
0.317850
0.312088
0.316460
0.315034
0.312548
0.315989
0.311531
0.317058
0.313267
0.317740
0.312066
0.318442
0.318479
0.311070
0.318695
0.317737
0.311340
0.317073
0.316801
0.312127
0.316800
0.314971
0.314503
0.316376
0.313500
0.318843
0.311438
0.318622
0.318291
0.310490
0.319376
0.318187
0.312253
0.317320
0.316636
0.312563
0.316931
0.313496
0.316946
0.312416
0.317991
0.315027
0.316762
0.314320
0.319448
0.310254
0.310254
0.320505
0.317581
0.308839
0.318470
0.317211
0.312171
0.316796
0.315519
0.312975
0.316531
0.311627
0.317013
0.314151
0.316074
0.313813
0.319002
0.310210
0.319915
0.317191
0.308706
0.317780
0.316639
0.311439
0.316136
0.315083
0.312025
0.316063
0.311161
0.316551
0.312535
0.317018
0.310996
0.317427
0.317471
0.309873
0.317705
0.316650
0.310505
0.316000
0.315774
0.311211
0.315775
0.313738
0.313722
0.314731
0.313209
0.317215
0.310052
0.318141
0.317275
0.308398
0.318787
0.316851
0.310953
0.316021
0.315416
0.311355
0.315551
0.311995
0.315725
0.310966
0.316574
0.314802
0.313713
0.317182
0.311463
0.317570
0.317435
0.308551
0.318313
0.316246
0.310261
0.316080
0.316009
0.311575
0.315959
0.313578
0.314234
0.313802
0.315340
0.313149
0.318229
0.308445
0.320052
0.317254
0.307224
0.318255
0.316304
0.311105
0.315118
0.313345
0.311779
0.313930
0.310457
0.315818
0.310545
0.316319
0.313269
0.315820
0.312242
0.317762
0.310891
0.316102
0.314700
0.310440
0.315801
0.314123
0.313116
0.316297
0.310391
0.316789
0.316884
0.308145
0.318631
0.316682
0.310668
0.316549
0.316375
0.311727
0.315912
0.313638
0.313602
0.314156
0.313281
0.316122
0.311201
0.316726
0.316284
0.310140
0.317208
0.317120
0.309179
0.317447
0.315761
0.309754
0.315166
0.315193
0.311005
0.315719
0.313767
0.314030
0.314546
0.313835
0.316237
0.311790
0.317199
0.314385
0.314309
0.315668
0.313022
0.318975
0.306691
0.319914
0.318354
0.310577
0.313501
0.314901
0.316457
0.314895
0.314902
0.311198
0.315462
0.308521
0.316915
0.317155
0.309861
0.318594
0.317168
0.311118
0.315658
0.314826
0.310499
0.314758
0.311604
0.314823
0.310651
0.316208
0.312640
0.316092
0.310645
0.316443
0.316454
0.309190
0.316988
0.315938
0.309642
0.315798
0.315690
0.310631
0.315366
0.314795
0.311647
0.316243
0.311630
0.316871
0.311340
0.316703
0.312595
0.316692
0.310229
0.316803
0.316567
0.308498
0.317024
0.315509
0.310221
0.315325
0.315149
0.311226
0.315610
0.312300
0.315351
0.310895
0.316276
0.313370
0.315170
0.312283
0.317821
0.308138
0.318880
0.315480
0.307727
0.316017
0.315408
0.310710
0.315010
0.313731
0.311142
0.315005
0.309782
0.315214
0.314551
0.311274
0.316467
0.311935
0.317113
0.309287
0.316192
0.315276
0.308009
0.315578
0.314971
0.309690
0.314657
0.314434
0.310277
0.314718
0.312091
0.313842
0.311273
0.316220
0.308154
0.317083
0.314976
0.308353
0.315445
0.315296
0.309917
0.314494
0.313913
0.309505
0.313974
0.311719
0.313125
0.311749
0.315467
0.309368
0.316110
0.315924
0.307220
0.317362
0.315037
0.309654
0.314478
0.314029
0.310143
0.314303
0.310454
0.314596
0.308912
0.314842
0.315197
0.309202
0.315743
0.315658
0.309597
0.315040
0.314771
0.309525
0.314092
0.313660
0.310178
0.314817
0.310775
0.315509
0.308857
0.315177
0.315127
0.308381
0.315479
0.315023
0.309542
0.314452
0.314220
0.309778
0.314151
0.312315
0.312117
0.313546
0.311094
0.316383
0.307031
0.317783
0.314463
0.308111
0.314876
0.315063
0.310182
0.314271
0.313065
0.309744
0.314160
0.309298
0.314796
0.311528
0.314957
0.309993
0.315455
0.315099
0.309535
0.315053
0.315165
0.308697
0.315302
0.314883
0.309021
0.314538
0.314609
0.309793
0.314480
0.314039
0.310726
0.315304
0.310632
0.315766
0.309619
0.314862
0.313882
0.310370
0.315309
0.310782
0.315832
0.307273
0.315922
0.313728
0.308085
0.314065
0.314521
0.309619
0.314315
0.313930
0.309567
0.314138
0.312384
0.312235
0.313812
0.310903
0.316491
0.306891
0.317403
0.313746
0.308302
0.314128
0.314515
0.309806
0.313952
0.312737
0.309272
0.314034
0.309152
0.314787
0.310798
0.315481
0.307703
0.316479
0.314279
0.308256
0.314038
0.314171
0.308947
0.313682
0.313497
0.308706
0.313348
0.312895
0.309843
0.314689
0.309683
0.314971
0.309756
0.315063
0.307996
0.314340
0.314136
0.307291
0.314548
0.313716
0.308244
0.313282
0.313330
0.308713
0.313223
0.312524
0.309793
0.314459
0.308731
0.314074
0.313704
0.308858
0.313964
0.314112
0.308884
0.313974
0.313968
0.308207
0.313738
0.313898
0.308436
0.313887
0.314130
0.309065
0.313963
0.313973
0.309524
0.314056
0.313115
0.310552
0.315052
0.308371
0.314801
0.314458
0.307528
0.315027
0.314191
0.309120
0.313802
0.313561
0.309330
0.313652
0.311426
0.312314
0.311408
0.314119
0.309729
0.314971
0.314152
0.309869
0.315007
0.314381
0.310676
0.315547
0.311059
0.315752
0.305965
0.317299
0.315180
0.305820
0.316088
0.314323
0.310138
0.313938
0.311748
0.311901
0.311106
0.312167
0.310120
0.315136
0.305227
0.317391
0.314886
0.307623
0.312721
0.312308
0.310708
0.312588
0.307063
0.311378
0.308564
0.311023
0.308829
0.315104
0.306464
0.316735
0.312420
0.307977
0.312663
0.310496
0.312039
0.308903
0.308903
0.313568
0.303751
0.314919
0.312722
0.304651
0.314001
0.312793
0.308919
0.312395
0.309130
0.310984
0.307048
0.312119
0.306980
0.312409
0.309295
0.312505
0.307477
0.312729
0.312536
0.305465
0.312765
0.311311
0.306517
0.311495
0.311670
0.307433
0.311848
0.310766
0.308459
0.312991
0.305834
0.313783
0.312154
0.306758
0.312241
0.312548
0.307460
0.311961
0.311699
0.306756
0.311256
0.311143
0.307526
0.312178
0.309401
0.311953
0.307559
0.312565
0.309627
0.311224
0.307997
0.313891
0.303805
0.314973
0.312927
0.302095
0.313213
0.312032
0.306778
0.310355
0.309037
0.307873
0.309573
0.306391
0.311464
0.305737
0.311318
0.311540
0.306177
0.311880
0.311750
0.305548
0.310694
0.310256
0.305056
0.309796
0.310115
0.306155
0.310709
0.309777
0.308120
0.311940
0.305338
0.312564
0.311391
0.305655
0.311552
0.311733
0.306743
0.311258
0.311054
0.306388
0.310678
0.310191
0.307464
0.312168
0.306839
0.311879
0.310890
0.307704
0.312481
0.307305
0.312367
0.308245
0.312152
0.304318
0.313530
0.310254
0.306801
0.311563
0.307239
0.312516
0.306253
0.311063
0.310127
0.306665
0.311591
0.308172
0.312627
0.303852
0.313928
0.309894
0.305876
0.310565
0.307608
0.311552
0.304538
0.311062
0.309872
0.304074
0.310380
0.310715
0.305821
0.310586
0.310524
0.305344
0.309776
0.309791
0.305429
0.309921
0.309614
0.306304
0.310913
0.306108
0.311295
0.304686
0.310171
0.309989
0.304544
0.310379
0.310431
0.304747
0.310208
0.310092
0.304932
0.309828
0.310131
0.305563
0.310134
0.310166
0.306167
0.310508
0.308994
0.308014
0.310670
0.305263
0.311208
0.311104
0.303470
0.312607
0.309569
0.306775
0.310968
0.305570
0.310287
0.309239
0.305869
0.310747
0.306236
0.311869
0.306359
0.311460
0.307857
0.311065
0.304764
0.311649
0.310567
0.304465
0.310931
0.310398
0.305700
0.310394
0.310443
0.305658
0.310164
0.310184
0.305854
0.310448
0.310306
0.306546
0.310995
0.308321
0.310109
0.306361
0.311804
0.304644
0.311204
0.310048
0.304945
0.310717
0.310884
0.305115
0.310715
0.310205
0.304857
0.310074
0.310431
0.305629
0.310551
0.310792
0.305851
0.310540
0.310632
0.305732
0.310358
0.310460
0.305599
0.310258
0.310356
0.305482
0.310225
0.310364
0.305437
0.310304
0.310489
0.305470
0.310464
0.310650
0.305568
0.310595
0.310764
0.305729
0.310657
0.310827
0.305917
0.310697
0.310856
0.306108
0.310756
0.310860
0.306325
0.310844
0.310781
0.306655
0.311033
0.310135
0.307599
0.312357
0.303887
0.313710
0.309172
0.307099
0.311123
0.305252
0.311932
0.310758
0.304804
0.310325
0.310372
0.306026
0.310761
0.310863
0.306428
0.310669
0.310116
0.306805
0.311428
0.306639
0.311891
0.305837
0.310845
0.309765
0.306681
0.311562
0.305775
0.310801
0.309791
0.306013
0.310704
0.308082
0.310671
0.306009
0.311056
0.310497
0.306030
0.311067
0.311061
0.306181
0.311569
0.311371
0.305340
0.311762
0.310620
0.306284
0.310765
0.310427
0.307015
0.311592
0.306790
0.312185
0.303587
0.312787
0.308371
0.307290
0.310014
0.305097
0.310468
0.310104
0.302709
0.311002
0.307885
0.306402
0.310378
0.303325
0.311615
0.307877
0.305112
0.309605
0.302701
0.311202
0.308079
0.304994
0.309433
0.303161
0.309635
0.308643
0.303465
0.308433
0.308679
0.303972
0.308832
0.308899
0.303776
0.308733
0.308822
0.303856
0.308896
0.309039
0.304006
0.308947
0.308995
0.303994
0.308851
0.308950
0.304057
0.308860
0.308989
0.304152
0.308932
0.309052
0.304240
0.309008
0.309123
0.304322
0.309099
0.309207
0.304403
0.309199
0.309301
0.304489
0.309301
0.309398
0.304584
0.309400
0.309491
0.304688
0.309490
0.309575
0.304794
0.309570
0.309646
0.304895
0.309640
0.309706
0.304988
0.309706
0.309759
0.305076
0.309769
0.309805
0.305161
0.309831
0.309849
0.305252
0.309896
0.309887
0.305359
0.309963
0.309908
0.305512
0.310035
0.309850
0.305802
0.310185
0.309219
0.306695
0.311606
0.302219
0.312622
0.311472
0.301209
0.310994
0.309631
0.305448
0.308598
0.306189
0.307329
0.304639
0.309307
0.301104
0.311486
0.307404
0.305115
0.309251
0.303236
0.309198
0.307463
0.302176
0.306459
0.306782
0.303586
0.308229
0.306497
0.307091
0.306135
0.308503
0.303830
0.309390
0.309101
0.302732
0.311051
0.306906
0.307939
0.305438
0.309803
0.300224
0.310616
0.310150
0.303884
0.307512
0.305939
0.309881
0.304614
0.307931
0.304703
0.305867
0.303807
0.309562
0.300175
0.310622
0.311668
0.304664
0.304315
0.306250
0.305559
0.306462
0.302050
0.305995
0.299131
0.307140
0.306012
0.304202
0.308926
0.302647
0.308446
0.306263
0.301858
0.305789
0.304036
0.305829
0.303289
0.308578
0.298650
0.309036
0.310388
0.304780
0.304091
0.306827
0.305941
0.306879
0.302493
0.305982
0.299662
0.306387
0.306363
0.303402
0.307823
0.305860
0.305860
0.306272
0.303584
0.307073
0.297952
0.308370
0.307090
0.301592
0.306091
0.304393
0.307316
0.302479
0.305925
0.302283
0.305690
0.300123
0.307859
0.306272
0.303486
0.307733
0.301423
0.307071
0.305412
0.301456
0.305493
0.303353
0.305970
0.301858
0.306459
0.305204
0.303010
0.307712
0.298356
0.308447
0.310061
0.302810
0.303792
0.304142
0.305321
0.303690
0.304635
0.300226
0.304735
0.301750
0.306937
0.298717
0.308755
0.307789
0.297344
0.305738
0.303679
0.300340
0.303216
0.300046
0.303812
0.298908
0.303774
0.304067
0.300679
0.304855
0.303996
0.302342
0.305404
0.297387
0.306672
0.301270
0.302023
0.300500
0.304719
0.297865
0.306485
0.300582
0.302713
0.298799
0.303822
0.302954
0.301963
0.304309
0.297805
0.306055
0.300740
0.304072
0.297725
0.305292
0.302407
0.300924
0.303075
0.297775
0.303827
0.302604
0.299257
0.303487
0.300138
0.304956
0.295803
0.305164
0.304169
0.296205
0.302243
0.301802
0.299638
0.302302
0.297647
0.301480
0.298688
0.301821
0.297005
0.302641
0.302353
0.297790
0.301893
0.301521
0.297672
0.301336
0.299533
0.299896
0.299496
0.300999
0.298500
0.304243
0.292820
0.305980
0.305283
0.302047
0.299395
0.301954
0.302319
0.301121
0.299283
0.298039
0.298099
0.298852
0.300597
0.300401
0.304122
0.296518
0.305512
0.303918
0.293664
0.302403
0.301922
0.297095
0.299890
0.298660
0.298989
0.299176
0.299557
0.300352
0.300260
0.302449
0.299176
0.303428
0.301864
0.300293
0.303322
0.295153
0.304438
0.303552
0.295144
0.301779
0.300854
0.299858
0.301872
0.298208
0.302005
0.298353
0.302795
0.297266
0.303037
0.302111
0.298855
0.302249
0.298614
0.302405
0.294729
0.302680
0.297903
0.299930
0.296866
0.301530
0.297461
0.301627
0.296746
0.300973
0.296514
0.301127
0.297202
0.301845
0.294465
0.302225
0.297328
0.299415
0.295543
0.299820
0.297663
0.299545
0.295549
0.299724
0.297703
0.299305
0.296347
0.301422
0.293242
0.302469
0.296446
0.298434
0.294523
0.298957
0.297768
0.296739
0.298574
0.293636
0.299785
0.297948
0.296471
0.300225
0.292307
0.301373
0.300222
0.293592
0.297162
0.297155
0.296269
0.298437
0.293715
0.297611
0.297387
0.294650
0.298920
0.295620
0.300179
0.291347
0.299735
0.298549
0.290066
0.297839
0.295988
0.294573
0.296560
0.292877
0.296742
0.293668
0.297693
0.290636
0.299433
0.294617
0.296682
0.292625
0.296477
0.294519
0.295219
0.292547
0.297061
0.288461
0.298056
0.299497
0.296529
0.293848
0.296416
0.296372
0.295680
0.294364
0.293345
0.293904
0.293720
0.297422
0.292322
0.300252
0.294486
0.297938
0.289964
0.297874
0.293509
0.294159
0.291693
0.295833
0.289927
0.297637
0.293540
0.295677
0.292313
0.296563
0.294184
0.296932
0.290156
0.297490
0.292428
0.295901
0.289746
0.296683
0.293806
0.293756
0.292833
0.293858
0.291884
0.296553
0.286691
0.297372
0.297631
0.295441
0.292566
0.294816
0.295368
0.294388
0.292452
0.291222
0.290955
0.292062
0.292721
0.295104
0.292788
0.296924
0.291948
0.295414
0.293715
0.291707
0.295003
0.287812
0.296449
0.293652
0.290778
0.294663
0.291471
0.295536
0.293818
0.293953
0.292861
0.295177
0.291313
0.296204
0.295254
0.292328
0.296096
0.291689
0.295613
0.294218
0.292333
0.295728
0.288459
0.296841
0.296849
0.288097
0.295713
0.294646
0.291938
0.294247
0.291044
0.294297
0.289929
0.293652
0.293418
0.291326
0.295117
0.289591
0.295164
0.292236
0.291560
0.292067
0.290337
0.294679
0.286559
0.294489
0.296645
0.289358
0.292334
0.291995
0.293342
0.291467
0.292549
0.288779
0.292484
0.290664
0.294264
0.289158
0.295601
0.291755
0.293000
0.289067
0.292579
0.290404
0.292883
0.288167
0.293497
0.292281
0.290876
0.294299
0.287619
0.295836
0.291447
0.291644
0.289937
0.293469
0.287837
0.294949
0.289681
0.292749
0.286875
0.293428
0.291091
0.291233
0.290057
0.291436
0.288688
0.292896
0.288177
0.292350
0.291314
0.289667
0.293375
0.285884
0.293717
0.292942
0.287352
0.290478
0.290270
0.290899
0.290587
0.290099
0.290192
0.289527
0.292330
0.286611
0.295187
0.288302
0.291677
0.288275
0.291461
0.285628
0.291587
0.287904
0.289625
0.286670
0.291087
0.288367
0.292657
0.284872
0.292250
0.291643
0.284577
0.290793
0.289012
0.288547
0.288905
0.286787
0.290331
0.283765
0.291755
0.287387
0.289472
0.286059
0.289602
0.288425
0.287752
0.287919
0.285766
0.290283
0.281939
0.291248
0.292060
0.290234
0.287445
0.288997
0.289416
0.288764
0.287334
0.286450
0.286445
0.287418
0.288256
0.289785
0.288383
0.291958
0.283897
0.291100
0.291898
0.288778
0.285801
0.288566
0.289013
0.288459
0.288032
0.286791
0.288703
0.286947
0.291091
0.288405
0.291994
0.287739
0.290774
0.289694
0.287663
0.290433
0.284834
0.291465
0.287421
0.290206
0.286046
0.290318
0.290266
0.287676
0.287676
0.290491
0.287022
0.290425
0.287682
0.291056
0.285085
0.291818
0.287464
0.289978
0.285458
0.289358
0.289192
0.286547
0.289452
0.286075
0.289638
0.286603
0.290300
0.284413
0.290708
0.286680
0.289065
0.284693
0.288527
0.288369
0.285685
0.288679
0.285252
0.288841
0.285754
0.289490
0.283251
0.290058
0.285470
0.288220
0.283511
0.287656
0.287293
0.284850
0.287815
0.283809
0.287486
0.287091
0.285030
0.288393
0.282831
0.289144
0.284719
0.287477
0.282360
0.287315
0.286050
0.284911
0.286767
0.282949
0.287077
0.286454
0.284307
0.287765
0.281767
0.288951
0.283946
0.286752
0.281771
0.286219
0.285651
0.283718
0.286572
0.281350
0.287266
0.283914
0.286229
0.282139
0.285973
0.285747
0.283175
0.286218
0.281874
0.285852
0.285052
0.283414
0.286623
0.280365
0.287625
0.284794
0.282967
0.285115
0.281873
0.285690
0.285286
0.282546
0.285786
0.281572
0.286051
0.284860
0.283753
0.285859
0.280813
0.287197
0.282360
0.285695
0.280620
0.285360
0.284175
0.283346
0.284791
0.281463
0.284963
0.284411
0.282658
0.286172
0.279525
0.285968
0.287862
0.281402
0.283492
0.283188
0.284012
0.283266
0.283790
0.281576
0.285447
0.279316
0.286315
0.286918
0.280032
0.284748
0.283226
0.282503
0.282672
0.280813
0.283991
0.278950
0.285844
0.281949
0.284989
0.280630
0.284295
0.283627
0.281176
0.283734
0.279228
0.283939
0.282526
0.282698
0.282863
0.282643
0.284124
0.281190
0.284254
0.282316
0.284228
0.280266
0.285378
0.282323
0.285078
0.278354
0.284891
0.284896
0.278802
0.284105
0.282399
0.283073
0.281831
0.283602
0.280539
0.283670
0.282978
0.281868
0.284480
0.278640
0.285577
0.282552
0.280967
0.282406
0.279969
0.283402
0.281485
0.283532
0.278536
0.284659
0.280610
0.284087
0.279180
0.283401
0.281802
0.281323
0.281739
0.279957
0.283836
0.276807
0.283495
0.284487
0.282379
0.280698
0.281905
0.282195
0.281778
0.280802
0.280252
0.280350
0.281222
0.281652
0.283303
0.280992
0.284088
0.279976
0.282719
0.280513
0.282205
0.278906
0.282567
0.281984
0.280738
0.283763
0.277934
0.284372
0.284894
0.278780
0.282727
0.282262
0.281632
0.282655
0.279954
0.282890
0.279803
0.282968
0.281007
0.283782
0.278387
0.284532
0.279852
0.282442
0.278540
0.281664
0.281588
0.280181
0.282899
0.277488
0.283933
0.279617
0.282403
0.278528
0.281703
0.281543
0.279427
0.282062
0.277135
0.282471
0.279193
0.281910
0.277472
0.281846
0.280257
0.280186
0.279464
0.280385
0.278596
0.282472
0.275602
0.281881
0.282984
0.280939
0.278925
0.280378
0.280472
0.280310
0.279304
0.279300
0.278612
0.281218
0.278254
0.282531
0.280869
0.280802
0.279292
0.281290
0.276214
0.282386
0.277522
0.280317
0.278425
0.281437
0.277927
0.281430
0.280306
0.278807
0.281054
0.276816
0.282389
0.278734
0.281372
0.276642
0.280903
0.279200
0.279722
0.278020
0.280816
0.275573
0.282060
0.277920
0.280328
0.276428
0.279943
0.279665
0.277830
0.280131
0.275473
0.280665
0.277557
0.280188
0.275953
0.279991
0.278635
0.278348
0.278136
0.277706
0.279243
0.276693
0.279726
0.278397
0.279282
0.277086
0.280791
0.274673
0.280258
0.280474
0.275277
0.278261
0.278701
0.277760
0.279575
0.276211
0.278806
0.278528
0.277435
0.280107
0.275067
0.281098
0.276547
0.278798
0.275246
0.278015
0.277720
0.277055
0.278570
0.275513
0.278815
0.278185
0.277385
0.279389
0.274893
0.280603
0.275883
0.278260
0.276070
0.278566
0.274944
0.278846
0.277111
0.277608
0.275927
0.279221
0.273792
0.279317
0.279465
0.274982
0.277065
0.277078
0.277245
0.277422
0.276016
0.278371
0.273352
0.279851
0.276431
0.278455
0.274498
0.277897
0.276955
0.275802
0.277154
0.274199
0.277610
0.277264
0.276451
0.278599
0.273800
0.279752
0.275050
0.277220
0.274924
0.277613
0.273983
0.277806
0.276052
0.276613
0.274874
0.278161
0.272904
0.278192
0.278609
0.272106
0.276977
0.275884
0.275753
0.275705
0.274957
0.276465
0.274137
0.276918
0.275869
0.277042
0.274773
0.277691
0.274439
0.276963
0.274999
0.276909
0.272962
0.277896
0.274637
0.277547
0.272831
0.277442
0.274758
0.276980
0.273019
0.276508
0.275416
0.275449
0.275180
0.275593
0.274949
0.277174
0.272044
0.277185
0.277992
0.270970
0.275917
0.276744
0.274312
0.275346
0.273726
0.275945
0.273575
0.276062
0.274963
0.276350
0.274108
0.276674
0.274304
0.276998
0.271199
0.276554
0.275345
0.273040
0.275524
0.273247
0.275893
0.274464
0.275738
0.273134
0.275797
0.274872
0.276103
0.273748
0.276428
0.273628
0.276421
0.273098
0.275755
0.274656
0.275527
0.273723
0.277024
0.271511
0.276231
0.277709
0.273143
0.274900
0.274804
0.275553
0.274650
0.275562
0.273152
0.275872
0.273944
0.277178
0.272058
0.277510
0.273738
0.275461
0.271968
0.274714
0.274852
0.273523
0.275956
0.271744
0.271744
0.276696
0.273426
0.275776
0.272584
0.274934
0.274615
0.273476
0.275323
0.271236
0.276103
0.272752
0.275230
0.272398
0.274808
0.273505
0.275016
0.272024
0.274569
0.274054
0.273537
0.275166
0.272210
0.275724
0.273481
0.275442
0.270534
0.276093
0.272490
0.274728
0.271987
0.274547
0.272447
0.275245
0.271164
0.275074
0.272579
0.274805
0.271065
0.274795
0.272961
0.274223
0.271450
0.273829
0.273046
0.273904
0.272095
0.275251
0.270009
0.274488
0.275636
0.271479
0.273101
0.272625
0.273975
0.272109
0.274371
0.270163
0.274613
0.272021
0.274471
0.271326
0.273764
0.273242
0.271767
0.273644
0.269639
0.274551
0.271440
0.273820
0.271189
0.273530
0.271961
0.273967
0.269848
0.274028
0.271153
0.273629
0.270306
0.273331
0.272607
0.272101
0.272591
0.270901
0.273996
0.269097
0.273660
0.274439
0.268832
0.273038
0.271907
0.272218
0.271218
0.272348
0.270455
0.273140
0.270921
0.273474
0.271046
0.273451
0.270777
0.272964
0.270732
0.273328
0.268555
0.273835
0.270759
0.272800
0.269869
0.272259
0.272199
0.270989
0.272837
0.268885
0.273469
0.270370
0.272539
0.270061
0.272344
0.270303
0.272768
0.268849
0.272551
0.270223
0.272448
0.269134
0.272390
0.271144
0.271709
0.269837
0.272518
0.268051
0.273216
0.269930
0.271798
0.268979
0.271271
0.271193
0.270152
0.271767
0.268188
0.272358
0.269655
0.271978
0.269031
0.271299
0.270908
0.270026
0.271403
0.268443
0.271777
0.269952
0.272018
0.267841
0.272498
0.269386
0.271240
0.268764
0.271036
0.269014
0.271484
0.268944
0.271054
0.269796
0.271415
0.268504
0.271479
0.269856
0.271294
0.268060
0.271351
0.269547
0.271582
0.267364
0.271922
0.268949
0.270937
0.268550
0.270782
0.268909
0.271389
0.267672
0.271250
0.268833
0.270975
0.267670
0.270758
0.269430
0.270322
0.268193
0.270552
0.268396
0.270755
0.268620
0.271178
0.267036
0.271465
0.268359
0.270170
0.267991
0.270326
0.268009
0.270077
0.269089
0.269924
0.268119
0.270811
0.267315
0.271147
0.268087
0.269993
0.267788
0.270166
0.267763
0.269840
0.268833
0.269724
0.267938
0.270616
0.267525
0.270724
0.268224
0.270426
0.266309
0.270626
0.267934
0.269805
0.267242
0.269280
0.268795
0.269359
0.268062
0.270472
0.266153
0.269397
0.271510
0.267200
0.268394
0.268662
0.268697
0.269108
0.267744
0.269762
0.265987
0.270702
0.268069
0.269688
0.267462
0.269248
0.267402
0.269477
0.265975
0.269460
0.267516
0.269640
0.266866
0.269395
0.268573
0.268483
0.267741
0.268928
0.266980
0.269263
0.268223
0.269441
0.266753
0.269602
0.267767
0.269826
0.265409
0.269509
0.269156
0.267054
0.269040
0.267156
0.269213
0.268098
0.269295
0.266760
0.269179
0.268344
0.269238
0.267339
0.269551
0.267312
0.269376
0.267558
0.269948
0.265727
0.269574
0.270185
0.266028
0.268968
0.268047
0.268939
0.267338
0.269416
0.266234
0.269638
0.267406
0.269296
0.266556
0.268740
0.268231
0.267857
0.268201
0.267015
0.269641
0.265538
0.268575
0.270701
0.266562
0.267622
0.267876
0.267888
0.268225
0.267052
0.268689
0.265864
0.269311
0.267413
0.269160
0.266411
0.268304
0.267750
0.267234
0.267922
0.266614
0.269244
0.265829
0.269880
0.266953
0.268326
0.267178
0.268450
0.266628
0.268409
0.267089
0.268917
0.265424
0.269513
0.266948
0.268392
0.266737
0.268548
0.266206
0.268252
0.267796
0.267484
0.268128
0.266978
0.269533
0.265511
0.268830
0.269519
0.265029
0.268224
0.267413
0.268165
0.266840
0.268479
0.266240
0.268337
0.267997
0.267689
0.268194
0.266931
0.269213
0.265121
0.268710
0.268706
0.265759
0.267592
0.267936
0.267361
0.268496
0.266350
0.268057
0.267708
0.267829
0.267738
0.268104
0.267212
0.269136
0.265061
0.268218
0.269588
0.266119
0.267365
0.267581
0.267767
0.267891
0.267216
0.268235
0.266628
0.268545
0.267746
0.268906
0.266549
0.268428
0.267636
0.267839
0.266935
0.269000
0.265449
0.269915
0.267149
0.268465
0.266676
0.268570
0.266972
0.268763
0.266696
0.268350
0.266969
0.269006
0.265966
0.269222
0.266974
0.268486
0.266346
0.267989
0.267627
0.268086
0.267152
0.269012
0.265546
0.269711
0.266882
0.268108
0.267069
0.268304
0.266722
0.268460
0.266828
0.268829
0.265708
0.269100
0.267029
0.268576
0.266512
0.268022
0.267144
0.268320
0.266396
0.268108
0.267653
0.268097
0.267086
0.269115
0.265350
0.268933
0.268543
0.266168
0.267735
0.267175
0.268766
0.266595
0.268194
0.267754
0.267607
0.268094
0.267257
0.269371
0.265496
0.268557
0.269271
0.265743
0.267554
0.267938
0.267563
0.268413
0.266769
0.268545
0.266917
0.268755
0.267261
0.269086
0.266471
0.268598
0.267474
0.268262
0.266705
0.268689
0.267099
0.269003
0.267131
0.268875
0.267124
0.268993
0.267005
0.268609
0.267636
0.268803
0.266783
0.268649
0.268133
0.268333
0.267525
0.269256
0.269256
0.265811
0.270004
0.267122
0.268303
0.267243
0.268752
0.267080
0.268675
0.267955
0.268490
0.267163
0.269482
0.266081
0.270008
0.267188
0.268296
0.267143
0.268622
0.266982
0.268607
0.267939
0.268541
0.267209
0.269454
0.266233
0.269901
0.267083
0.268240
0.267406
0.268365
0.267134
0.269148
0.266609
0.268932
0.267527
0.268943
0.266705
0.268740
0.268075
0.268241
0.267229
0.269060
0.265805
0.269842
0.267217
0.268340
0.267167
0.268710
0.266963
0.268491
0.268012
0.267948
0.267880
0.268359
0.267755
0.269591
0.265946
0.268845
0.269515
0.266456
0.267767
0.268157
0.268009
0.268720
0.267224
0.269095
0.266914
0.269073
0.268148
0.268903
0.267218
0.268798
0.267314
0.269276
0.266165
0.269552
0.267466
0.268899
0.267476
0.269162
0.267301
0.268768
0.268305
0.268291
0.268165
0.268710
0.267825
0.269883
0.266183
0.268763
0.270089
0.266895
0.267931
0.268228
0.268404
0.268647
0.267946
0.269048
0.267350
0.269102
0.268730
0.268689
0.268222
0.268879
0.267456
0.269388
0.267273
0.269229
0.268343
0.269524
0.267658
0.269352
0.268812
0.268916
0.268153
0.269776
0.266703
0.270631
0.267659
0.269009
0.268171
0.268889
0.267882
0.269747
0.267043
0.269886
0.267963
0.269463
0.267826
0.269328
0.268432
0.269650
0.267491
0.269312
0.268757
0.269249
0.268249
0.270190
0.266922
0.270562
0.268028
0.269072
0.267956
0.269568
0.267984
0.269401
0.268857
0.268971
0.268356
0.269829
0.267389
0.270345
0.268044
0.269256
0.267957
0.269592
0.267563
0.269507
0.268790
0.269176
0.268110
0.270087
0.267097
0.270585
0.268077
0.269048
0.268143
0.269342
0.268031
0.269609
0.268232
0.269944
0.267266
0.270089
0.268378
0.269737
0.267906
0.269259
0.268781
0.269386
0.268187
0.270123
0.267290
0.270553
0.268295
0.269374
0.268377
0.269587
0.268088
0.269540
0.268722
0.269778
0.268016
0.269681
0.269242
0.269488
0.268474
0.270214
0.266964
0.270582
0.268611
0.269643
0.267783
0.269416
0.269469
0.268977
0.269648
0.268225
0.269947
0.268563
0.270354
0.268017
0.269992
0.268790
0.269933
0.267938
0.269734
0.269347
0.269618
0.268855
0.270449
0.267578
0.271087
0.268497
0.269584
0.268949
0.269550
0.268749
0.270453
0.267718
0.270686
0.268616
0.269833
0.268702
0.270187
0.268465
0.269813
0.269398
0.269285
0.269365
0.269441
0.269952
0.269043
0.270914
0.267474
0.269799
0.271271
0.268128
0.269046
0.269412
0.269400
0.269911
0.268906
0.270335
0.268289
0.270366
0.269389
0.270154
0.268547
0.269809
0.269049
0.270179
0.268449
0.270095
0.269854
0.269984
0.269668
0.270423
0.269118
0.270776
0.269012
0.270452
0.269371
0.270861
0.268243
0.271138
0.269194
0.270389
0.269003
0.270612
0.269113
0.270488
0.269900
0.270395
0.269207
0.271037
0.268597
0.271305
0.269381
0.270586
0.269194
0.270783
0.269403
0.270846
0.269656
0.271175
0.268918
0.271177
0.269913
0.271049
0.269122
0.270581
0.270378
0.270152
0.270477
0.269688
0.271502
0.268420
0.271800
0.269830
0.270714
0.269061
0.270484
0.270324
0.270503
0.269894
0.270995
0.269304
0.271175
0.270229
0.271128
0.269176
0.270799
0.270242
0.270734
0.269551
0.271460
0.268885
0.271942
0.269824
0.270821
0.269948
0.271018
0.269703
0.271118
0.270043
0.271493
0.269044
0.271666
0.270053
0.271283
0.269658
0.270954
0.270245
0.271407
0.269738
0.271199
0.270841
0.271049
0.270392
0.271747
0.269278
0.272199
0.269992
0.271084
0.270403
0.271265
0.270142
0.271773
0.270029
0.271379
0.270729
0.271367
0.270171
0.271868
0.269993
0.271573
0.270642
0.271484
0.270021
0.271525
0.270892
0.271881
0.270058
0.271686
0.271009
0.271796
0.270319
0.271785
0.270786
0.272318
0.269417
0.272597
0.270594
0.271585
0.270666
0.271889
0.270510
0.271852
0.271143
0.271982
0.270492
0.271931
0.271217
0.272263
0.270265
0.272111
0.271080
0.272287
0.270178
0.272299
0.271220
0.272418
0.270369
0.272135
0.271462
0.272103
0.270752
0.272320
0.270867
0.272279
0.271037
0.272563
0.270085
0.272728
0.271050
0.272252
0.270778
0.272200
0.271131
0.272680
0.270688
0.272358
0.271587
0.272280
0.270982
0.272504
0.271159
0.272653
0.271028
0.272369
0.271419
0.272838
0.270622
0.272937
0.271438
0.272713
0.270881
0.272344
0.272104
0.272120
0.271833
0.272404
0.271360
0.273284
0.270282
0.273489
0.271503
0.272404
0.271057
0.272571
0.271485
0.273002
0.271323
0.272601
0.272113
0.272668
0.271551
0.273189
0.270838
0.273257
0.271490
0.272684
0.271383
0.272890
0.271662
0.273084
0.271647
0.273012
0.271670
0.273132
0.271730
0.273058
0.271792
0.273270
0.271261
0.273103
0.272169
0.273125
0.271575
0.272938
0.272553
0.272970
0.271879
0.273598
0.270960
0.274024
0.271992
0.272832
0.272058
0.273082
0.271924
0.273338
0.272079
0.273554
0.271658
0.273330
0.272600
0.273242
0.273242
