0.442093
0.381276
0.393194
0.403527
0.412671
0.420777
0.428042
0.434772
0.441290
0.447818
0.454431
0.461094
0.467704
0.474123
0.480206
0.485826
0.490887
0.495339
0.499171
0.502405
0.505088
0.507280
0.509046
0.510450
0.511554
0.512413
0.513075
0.513584
0.513975
0.514275
0.514506
0.514687
0.514830
0.514947
0.515046
0.515137
0.515224
0.515312
0.515407
0.515511
0.515628
0.515760
0.515909
0.516077
0.516265
0.516473
0.516702
0.516951
0.517220
0.517505
0.517803
0.518109
0.518411
0.518692
0.518928
0.519080
0.519109
0.518974
0.518665
0.518237
0.517788
0.517377
0.517011
0.516661
0.516288
0.515863
0.515378
0.514840
0.514260
0.513657
0.513049
0.512455
0.511889
0.511359
0.510867
0.510409
0.509980
0.509572
0.509177
0.508791
0.508410
0.508032
0.507654
0.507277
0.506899
0.506521
0.506144
0.505766
0.505389
0.505012
0.504637
0.504263
0.503892
0.503523
0.503157
0.502794
0.502436
0.502081
0.501732
0.501386
0.501046
0.500710
0.500379
0.500052
0.499728
0.499406
0.499087
0.498771
0.498459
0.498149
0.497840
0.497530
0.497217
0.496898
0.496574
0.496247
0.495923
0.495612
0.495318
0.495040
0.494776
0.494521
0.494276
0.494036
0.493803
0.493574
0.493349
0.493129
0.492912
0.492700
0.492493
0.492291
0.492093
0.491898
0.491704
0.491507
0.491300
0.491077
0.490828
0.490549
0.490241
0.489914
0.489585
0.489266
0.488964
0.488678
0.488404
0.488142
0.487891
0.487653
0.487432
0.487232
0.487054
0.486900
0.486771
0.486665
0.486580
0.486514
0.486464
0.486427
0.486400
0.486382
0.486370
0.486362
0.486357
0.486354
0.486353
0.486352
0.486353
0.486354
0.486358
0.486364
0.486376
0.486401
0.486452
0.486487
0.486469
0.486434
0.486400
0.486364
0.486324
0.486262
0.486139
0.485968
0.485780
0.485595
0.485550
0.485490
0.485498
0.485449
0.485502
0.485377
0.485487
0.485314
0.485430
0.485327
0.485205
0.485144
0.485095
0.485047
0.485009
0.484936
0.484809
0.484677
0.484573
0.484491
0.484407
0.484322
0.484239
0.484154
0.484069
0.483983
0.483897
0.483811
0.483724
0.483636
0.483547
0.483458
0.483367
0.483276
0.483183
0.483090
0.482996
0.482901
0.482805
0.482708
0.482610
0.482512
0.482413
0.482313
0.482213
0.482112
0.482011
0.481909
0.481807
0.481704
0.481600
0.481495
0.481390
0.481283
0.481176
0.481066
0.480955
0.480841
0.480726
0.480608
0.480488
0.480366
0.480243
0.480118
0.479991
0.479863
0.479733
0.479603
0.479472
0.479341
0.479209
0.479077
0.478945
0.478813
0.478681
0.478549
0.478418
0.478287
0.478157
0.478027
0.477898
0.477769
0.477640
0.477512
0.477385
0.477257
0.477130
0.477003
0.476876
0.476750
0.476623
0.476496
0.476369
0.476242
0.476114
0.475986
0.475857
0.475728
0.475599
0.475469
0.475338
0.475207
0.475076
0.474943
0.474810
0.474674
0.474537
0.474397
0.474253
0.474106
0.473955
0.473799
0.473639
0.473475
0.473306
0.473133
0.472955
0.472773
0.472586
0.472394
0.472195
0.471989
0.471774
0.471550
0.471317
0.471076
0.470829
0.470580
0.470335
0.470102
0.469884
0.469686
0.469511
0.469358
0.469226
0.469114
0.469020
0.468941
0.468877
0.468825
0.468785
0.468755
0.468736
0.468726
0.468724
0.468730
0.468743
0.468764
0.468791
0.468824
0.468864
0.468909
0.468960
0.469016
0.469078
0.469145
0.469216
0.469293
0.469375
0.469461
0.469553
0.469649
0.469750
0.469856
0.469967
0.470083
0.470204
0.470329
0.470459
0.470594
0.470733
0.470878
0.471026
0.471180
0.471338
0.471501
0.471668
0.471840
0.472016
0.472197
0.472382
0.472572
0.472766
0.472964
0.473166
0.473373
0.473584
0.473799
0.474019
0.474242
0.474469
0.474701
0.474936
0.475176
0.475419
0.475666
0.475917
0.476171
0.476430
0.476692
0.476958
0.477227
0.477500
0.477776
0.478056
0.478339
0.478626
0.478916
0.479209
0.479505
0.479805
0.480108
0.480414
0.480723
0.481035
0.481350
0.481668
0.481988
0.482312
0.482638
0.482967
0.483299
0.483633
0.483970
0.484309
0.484651
0.484996
0.485342
0.485691
0.486043
0.486396
0.486752
0.487110
0.487469
0.487831
0.488195
0.488561
0.488929
0.489299
0.489670
0.490043
0.490418
0.490794
0.491173
0.491552
0.491934
0.492317
0.492701
0.493087
0.493475
0.493863
0.494254
0.494645
0.495039
0.495433
0.495829
0.496227
0.496626
0.497026
0.497428
0.497831
0.498236
0.498642
0.499050
0.499460
0.499871
0.500284
0.500698
0.501114
0.501531
0.501950
0.502371
0.502794
0.503218
0.503644
0.504071
0.504500
0.504931
0.505363
0.505797
0.506233
0.506670
0.507108
0.507549
0.507991
0.508434
0.508879
0.509325
0.509773
0.510222
0.510673
0.511125
0.511579
0.512033
0.512490
0.512947
0.513406
0.513866
0.514327
0.514790
0.515253
0.515718
0.516184
0.516651
0.517120
0.517589
0.518059
0.518531
0.519003
0.519477
0.519952
0.520427
0.520903
0.521381
0.521381
0.521859
0.522338
0.522818
0.523299
0.523781
0.524264
0.524747
0.525231
0.525716
0.526202
0.526688
0.527175
0.527663
0.528152
0.528641
0.529131
0.529621
0.530112
0.530604
0.531096
0.531589
0.532082
0.532576
0.533071
0.533566
0.534061
0.534557
0.535053
0.535550
0.536047
0.536545
0.537043
0.537541
0.538040
0.538539
0.539038
0.539538
0.540038
0.540538
0.541039
0.541540
0.542041
0.542542
0.543043
0.543545
0.544047
0.544549
0.545051
0.545553
0.546055
0.546558
0.547060
0.547562
0.548065
0.548568
0.549070
0.549573
0.550075
0.550578
0.551081
0.551583
0.552085
0.552588
0.553090
0.553592
0.554094
0.554596
0.555097
0.555598
0.556100
0.556601
0.557101
0.557602
0.558102
0.558602
0.559102
0.559601
0.560100
0.560599
0.561097
0.561595
0.562093
0.562590
0.563087
0.563583
0.564079
0.564574
0.565069
0.565564
0.566058
0.566551
0.567044
0.567536
0.568028
0.568519
0.569010
0.569500
0.569989
0.570478
0.570966
0.571453
0.571940
0.572426
0.572911
0.573395
0.573879
0.574362
0.574844
0.575326
0.575806
0.576286
0.576764
0.577242
0.577719
0.578196
0.578671
0.579145
0.579618
0.580091
0.580562
0.581032
0.581501
0.581970
0.582437
0.582903
0.583368
0.583832
0.584294
0.584756
0.585216
0.585675
0.586133
0.586590
0.587045
0.587499
0.587952
0.588403
0.588853
0.589302
0.589749
0.590195
0.590640
0.591083
0.591524
0.591964
0.592403
0.592840
0.593275
0.593709
0.594141
0.594571
0.595000
0.595427
0.595852
0.596276
0.596698
0.597118
0.597536
0.597952
0.598367
0.598779
0.599190
0.599598
0.600005
0.600409
0.600812
0.601212
0.601611
0.602007
0.602401
0.602792
0.603182
0.603569
0.603954
0.604336
0.604716
0.605094
0.605469
0.605842
0.606212
0.606580
0.606945
0.607307
0.607667
0.608024
0.608378
0.608730
0.609078
0.609424
0.609767
0.610107
0.610444
0.610778
0.611109
0.611437
0.611761
0.612083
0.612401
0.612716
0.613027
0.613335
0.613640
0.613942
0.614239
0.614534
0.614824
0.615111
0.615394
0.615674
0.615949
0.616221
0.616489
0.616753
0.617013
0.617269
0.617521
0.617768
0.618012
0.618251
0.618486
0.618716
0.618942
0.619164
0.619381
0.619593
0.619801
0.620004
0.620202
0.620396
0.620584
0.620768
0.620947
0.621120
0.621289
0.621452
0.621611
0.621763
0.621911
0.622053
0.622190
0.622321
0.622447
0.622567
0.622682
0.622790
0.622893
0.622990
0.623082
0.623167
0.623246
0.623319
0.623387
0.623448
0.623502
0.623551
0.623593
0.623629
0.623658
0.623681
0.623698
0.623708
0.623711
0.623708
0.623698
0.623681
0.623657
0.623627
0.623589
0.623545
0.623494
0.623436
0.623371
0.623299
0.623220
0.623133
0.623040
0.622940
0.622832
0.622718
0.622596
0.622467
0.622331
0.622188
0.622038
0.621881
0.621717
0.621545
0.621367
0.621182
0.620990
0.620791
0.620585
0.620372
0.620153
0.619927
0.619694
0.619455
0.619210
0.618959
0.618701
0.618437
0.618168
0.617893
0.617612
0.617326
0.617034
0.616738
0.616436
0.616130
0.615819
0.615503
0.615183
0.614859
0.614530
0.614198
0.613861
0.613521
0.613177
0.612830
0.612479
0.612125
0.611767
0.611407
0.611044
0.610677
0.610308
0.609937
0.609562
0.609186
0.608807
0.608425
0.608042
0.607656
0.607268
0.606879
0.606487
0.606094
0.605700
0.605304
0.604906
0.604507
0.604107
0.603705
0.603303
0.602899
0.602495
0.602089
0.601683
0.601276
0.600868
0.600459
0.600049
0.599640
0.599229
0.598818
0.598406
0.597994
0.597582
0.597169
0.596756
0.596343
0.595930
0.595516
0.595102
0.594688
0.594274
0.593859
0.593444
0.593029
0.592612
0.592194
0.591773
0.591348
0.590918
0.590495
0.590082
0.589684
0.589306
0.588909
0.588593
0.588188
0.587722
0.587287
0.586887
0.586518
0.586168
0.585823
0.585476
0.585126
0.584775
0.584428
0.584082
0.583737
0.583395
0.583064
0.582774
0.582632
0.582273
0.581834
0.581461
0.581073
0.580982
0.580591
0.580133
0.579767
0.579465
0.579118
0.579194
0.578792
0.578295
0.578001
0.577595
0.577692
0.577311
0.576851
0.576473
0.576415
0.576057
0.576271
0.575862
0.575408
0.574911
0.575214
0.574892
0.574508
0.574108
0.574421
0.574097
0.573673
0.573234
0.573601
0.573264
0.572796
0.572359
0.572789
0.572448
0.571929
0.571474
0.571906
0.571553
0.570742
0.570798
0.570026
0.570351
0.569931
0.568875
0.569082
0.568646
0.567717
0.567892
0.567472
0.566732
0.566840
0.566541
0.565764
0.565961
0.565590
0.564783
0.564972
0.564570
0.563803
0.564080
0.563692
0.562876
0.563158
0.562687
0.561892
0.562234
0.561796
0.560968
0.561306
0.560769
0.559949
0.560354
0.559870
0.559036
0.559409
0.558797
0.557979
0.558457
0.557956
0.557133
0.557548
0.556861
0.556093
0.556657
0.556085
0.555139
0.555749
0.554589
0.554899
0.554054
0.554078
0.553175
0.553508
0.553061
0.552016
0.552413
0.551422
0.551422
0.551202
0.550379
0.551055
0.549913
0.549949
0.549340
0.548384
0.548874
0.547792
0.548097
0.547064
0.547172
0.546504
0.545579
0.546002
0.545104
0.545310
0.544133
0.544231
0.543617
0.542725
0.543065
0.541972
0.542347
0.541182
0.541231
0.540489
0.539825
0.539802
0.538920
0.539257
0.538146
0.538443
0.537215
0.537149
0.536389
0.536170
0.535399
0.535631
0.534623
0.534701
0.533686
0.533712
0.532762
0.532741
0.531878
0.531846
0.530970
0.530923
0.530069
0.530004
0.529140
0.529077
0.528230
0.528158
0.527309
0.527228
0.526395
0.526309
0.525481
0.525385
0.524570
0.524468
0.523662
0.523552
0.522757
0.522641
0.521856
0.521734
0.520958
0.520832
0.520065
0.519935
0.519177
0.519043
0.518294
0.518158
0.517418
0.517279
0.516546
0.516404
0.515679
0.515535
0.514817
0.514671
0.513962
0.513814
0.513112
0.512962
0.512269
0.512118
0.511432
0.511281
0.510602
0.510452
0.509779
0.509631
0.508964
0.508819
0.508157
0.508018
0.507360
0.507227
0.506573
0.506445
0.505796
0.505673
0.505027
0.504905
0.504263
0.504141
0.503503
0.503380
0.502747
0.502623
0.501997
0.501871
0.501253
0.501124
0.500516
0.500383
0.499785
0.499649
0.499061
0.498921
0.498345
0.498200
0.497636
0.497481
0.496930
0.496762
0.496225
0.496042
0.495521
0.495322
0.494819
0.494607
0.494124
0.493899
0.493437
0.493200
0.492759
0.492511
0.492090
0.491832
0.491430
0.491163
0.490779
0.490502
0.490137
0.489851
0.489502
0.489208
0.488874
0.488575
0.488253
0.487951
0.487639
0.487335
0.487030
0.486728
0.486427
0.486128
0.485830
0.485533
0.485238
0.484945
0.484652
0.484361
0.484072
0.483784
0.483497
0.483212
0.482928
0.482646
0.482365
0.482086
0.481809
0.481534
0.481260
0.480988
0.480717
0.480449
0.480183
0.479918
0.479656
0.479396
0.479138
0.478882
0.478629
0.478378
0.478130
0.477885
0.477641
0.477401
0.477164
0.476929
0.476698
0.476469
0.476243
0.476021
0.475802
0.475586
0.475373
0.475163
0.474957
0.474754
0.474554
0.474357
0.474163
0.473973
0.473785
0.473601
0.473419
0.473241
0.473065
0.472892
0.472722
0.472554
0.472389
0.472226
0.472066
0.471908
0.471753
0.471600
0.471449
0.471300
0.471154
0.471010
0.470868
0.470728
0.470590
0.470454
0.470321
0.470190
0.470061
0.469935
0.469811
0.469689
0.469569
0.469452
0.469338
0.469226
0.469116
0.469009
0.468904
0.468802
0.468702
0.468605
0.468511
0.468418
0.468328
0.468240
0.468155
0.468071
0.467990
0.467910
0.467831
0.467755
0.467679
0.467605
0.467532
0.467460
0.467389
0.467319
0.467249
0.467179
0.467109
0.467040
0.466970
0.466901
0.466831
0.466760
0.466689
0.466617
0.466545
0.466471
0.466396
0.466319
0.466241
0.466161
0.466079
0.465994
0.465907
0.465818
0.465725
0.465629
0.465529
0.465426
0.465319
0.465208
0.465092
0.464972
0.464848
0.464719
0.464586
0.464449
0.464307
0.464160
0.464009
0.463855
0.463696
0.463534
0.463368
0.463198
0.463026
0.462851
0.462673
0.462492
0.462310
0.462126
0.461939
0.461751
0.461562
0.461372
0.461180
0.460987
0.460792
0.460596
0.460398
0.460197
0.459992
0.459784
0.459571
0.459354
0.459132
0.458907
0.458679
0.458449
0.458218
0.457986
0.457755
0.457526
0.457298
0.457073
0.456850
0.456631
0.456415
0.456202
0.455993
0.455787
0.455583
0.455382
0.455184
0.454987
0.454793
0.454600
0.454409
0.454219
0.454030
0.453843
0.453655
0.453469
0.453283
0.453097
0.452911
0.452724
0.452538
0.452351
0.452163
0.451975
0.451786
0.451595
0.451403
0.451210
0.451015
0.450819
0.450622
0.450424
0.450225
0.450026
0.449828
0.449630
0.449434
0.449238
0.449044
0.448852
0.448660
0.448470
0.448281
0.448093
0.447905
0.447718
0.447530
0.447343
0.447155
0.446967
0.446779
0.446590
0.446402
0.446216
0.446031
0.445848
0.445667
0.445488
0.445311
0.445136
0.444962
0.444789
0.444617
0.444446
0.444276
0.444107
0.443938
0.443770
0.443603
0.443436
0.443270
0.443105
0.442940
0.442775
0.442611
0.442447
0.442284
0.442120
0.441957
0.441795
0.441632
0.441469
0.441307
0.441145
0.440982
0.440820
0.440658
0.440495
0.440333
0.440170
0.440007
0.439844
0.439681
0.439518
0.439355
0.439191
0.439027
0.438863
0.438698
0.438533
0.438368
0.438202
0.438036
0.437870
0.437703
0.437536
0.437368
0.437200
0.437031
0.436862
0.436693
0.436522
0.436352
0.436180
0.436008
0.435836
0.435662
0.435489
0.435314
0.435139
0.434963
0.434786
0.434608
0.434430
0.434250
0.434070
0.433889
0.433707
0.433525
0.433341
0.433156
0.432971
0.432784
0.432596
0.432408
0.432218
0.432027
0.431836
0.431643
0.431449
0.431254
0.431058
0.430861
0.430663
0.430464
0.430265
0.430064
0.429863
0.429660
0.429457
0.429254
0.429050
0.428844
0.428639
0.428432
0.428225
0.428016
0.427807
0.427598
0.427387
0.427176
0.426963
0.426963
0.426750
0.426537
0.426320
0.426121
0.425749
0.425632
0.425446
0.425232
0.424991
0.424721
0.424482
0.424220
0.423960
0.423708
0.423455
0.423202
0.422947
0.422690
0.422432
0.422173
0.421913
0.421653
0.421392
0.421130
0.420869
0.420608
0.420347
0.420086
0.419825
0.419565
0.419304
0.419044
0.418784
0.418524
0.418264
0.418004
0.417744
0.417484
0.417225
0.416965
0.416704
0.416444
0.416184
0.415923
0.415661
0.415400
0.415138
0.414875
0.414612
0.414348
0.414083
0.413818
0.413552
0.413285
0.413017
0.412748
0.412479
0.412208
0.411937
0.411664
0.411391
0.411118
0.410843
0.410568
0.410292
0.410015
0.409738
0.409461
0.409182
0.408904
0.408625
0.408345
0.408065
0.407785
0.407505
0.407224
0.406943
0.406662
0.406381
0.406100
0.405819
0.405538
0.405257
0.404976
0.404695
0.404414
0.404134
0.403853
0.403573
0.403293
0.403014
0.402735
0.402456
0.402177
0.401899
0.401621
0.401343
0.401066
0.400789
0.400512
0.400236
0.399961
0.399685
0.399410
0.399135
0.398861
0.398587
0.398313
0.398039
0.397766
0.397492
0.397219
0.396946
0.396674
0.396401
0.396128
0.395856
0.395583
0.395310
0.395038
0.394765
0.394492
0.394219
0.393946
0.393672
0.393399
0.393125
0.392851
0.392576
0.392301
0.392026
0.391751
0.391475
0.391198
0.390921
0.390644
0.390366
0.390088
0.389810
0.389530
0.389251
0.388971
0.388690
0.388409
0.388127
0.387845
0.387562
0.387279
0.386995
0.386711
0.386427
0.386142
0.385856
0.385570
0.385284
0.384997
0.384709
0.384422
0.384134
0.383845
0.383557
0.383268
0.382978
0.382689
0.382399
0.382109
0.381818
0.381528
0.381237
0.380946
0.380655
0.380364
0.380073
0.379782
0.379491
0.379200
0.378909
0.378618
0.378327
0.378036
0.377745
0.377455
0.377165
0.376875
0.376585
0.376296
0.376006
0.375718
0.375429
0.375141
0.374854
0.374567
0.374280
0.373995
0.373709
0.373424
0.373140
0.372857
0.372574
0.372292
0.372010
0.371730
0.371450
0.371171
0.370893
0.370616
0.370339
0.370064
0.369789
0.369516
0.369243
0.368972
0.368701
0.368432
0.368164
0.367896
0.367630
0.367366
0.367102
0.366839
0.366578
0.366318
0.366059
0.365801
0.365545
0.365289
0.365036
0.364783
0.364532
0.364282
0.364033
0.363786
0.363540
0.363295
0.363052
0.362810
0.362570
0.362331
0.362093
0.361857
0.361622
0.361388
0.361156
0.360925
0.360696
0.360468
0.360241
0.360016
0.359793
0.359570
0.359349
0.359130
0.358911
0.358695
0.358479
0.358265
0.358052
0.357841
0.357631
0.357423
0.357216
0.357010
0.356805
0.356602
0.356400
0.356200
0.356000
0.355803
0.355606
0.355411
0.355217
0.355024
0.354833
0.354643
0.354454
0.354266
0.354080
0.353895
0.353711
0.353528
0.353347
0.353166
0.352987
0.352810
0.352633
0.352458
0.352283
0.352110
0.351938
0.351768
0.351598
0.351429
0.351262
0.351096
0.350931
0.350767
0.350604
0.350442
0.350282
0.350122
0.349964
0.349806
0.349650
0.349495
0.349341
0.349187
0.349035
0.348884
0.348734
0.348586
0.348438
0.348291
0.348145
0.348000
0.347856
0.347714
0.347572
0.347431
0.347292
0.347153
0.347015
0.346878
0.346743
0.346608
0.346474
0.346342
0.346210
0.346079
0.345949
0.345821
0.345693
0.345566
0.345440
0.345316
0.345192
0.345069
0.344947
0.344826
0.344707
0.344588
0.344470
0.344353
0.344237
0.344123
0.344009
0.343896
0.343784
0.343674
0.343564
0.343455
0.343348
0.343241
0.343136
0.343031
0.342928
0.342826
0.342724
0.342624
0.342525
0.342428
0.342331
0.342235
0.342141
0.342047
0.341955
0.341864
0.341774
0.341686
0.341599
0.341512
0.341428
0.341344
0.341262
0.341180
0.341101
0.341022
0.340945
0.340869
0.340795
0.340722
0.340650
0.340580
0.340511
0.340443
0.340377
0.340312
0.340249
0.340187
0.340126
0.340067
0.340009
0.339952
0.339897
0.339843
0.339791
0.339740
0.339689
0.339640
0.339593
0.339546
0.339500
0.339455
0.339410
0.339366
0.339323
0.339280
0.339237
0.339195
0.339152
0.339110
0.339070
0.339033
0.339001
0.338975
0.338959
0.338951
0.338951
0.338957
0.338968
0.338980
0.338994
0.339008
0.339021
0.339033
0.339043
0.339052
0.339058
0.339063
0.339065
0.339065
0.339063
0.339060
0.339054
0.339046
0.339036
0.339024
0.339010
0.338994
0.338976
0.338957
0.338936
0.338914
0.338890
0.338864
0.338838
0.338810
0.338781
0.338751
0.338720
0.338688
0.338655
0.338621
0.338587
0.338552
0.338516
0.338480
0.338444
0.338407
0.338369
0.338332
0.338294
0.338256
0.338217
0.338179
0.338140
0.338101
0.338062
0.338024
0.337985
0.337946
0.337907
0.337869
0.337830
0.337792
0.337753
0.337715
0.337677
0.337640
0.337602
0.337565
0.337528
0.337492
0.337455
0.337420
0.337384
0.337349
0.337314
0.337279
0.337245
0.337211
0.337178
0.337145
0.337113
0.337081
0.337049
0.337018
0.336987
0.336957
0.336927
0.336927
0.336898
0.336869
0.336841
0.336813
0.336786
0.336759
0.336733
0.336707
0.336682
0.336657
0.336633
0.336609
0.336586
0.336563
0.336541
0.336519
0.336498
0.336477
0.336457
0.336437
0.336418
0.336399
0.336380
0.336362
0.336345
0.336328
0.336311
0.336295
0.336279
0.336263
0.336248
0.336234
0.336219
0.336205
0.336191
0.336178
0.336165
0.336152
0.336140
0.336128
0.336116
0.336104
0.336092
0.336081
0.336070
0.336059
0.336049
0.336038
0.336028
0.336017
0.336007
0.335997
0.335987
0.335977
0.335967
0.335957
0.335947
0.335937
0.335927
0.335917
0.335907
0.335897
0.335887
0.335876
0.335866
0.335855
0.335845
0.335834
0.335823
0.335812
0.335801
0.335789
0.335778
0.335766
0.335754
0.335742
0.335729
0.335716
0.335703
0.335690
0.335677
0.335663
0.335650
0.335635
0.335621
0.335607
0.335592
0.335577
0.335562
0.335547
0.335531
0.335515
0.335499
0.335483
0.335467
0.335451
0.335434
0.335417
0.335400
0.335384
0.335366
0.335349
0.335332
0.335315
0.335297
0.335280
0.335263
0.335245
0.335228
0.335210
0.335193
0.335176
0.335158
0.335141
0.335124
0.335107
0.335090
0.335073
0.335057
0.335040
0.335024
0.335008
0.334992
0.334976
0.334961
0.334946
0.334931
0.334916
0.334902
0.334888
0.334875
0.334862
0.334849
0.334837
0.334825
0.334813
0.334802
0.334791
0.334781
0.334771
0.334762
0.334753
0.334745
0.334737
0.334729
0.334722
0.334715
0.334709
0.334704
0.334698
0.334694
0.334689
0.334685
0.334681
0.334678
0.334675
0.334672
0.334670
0.334668
0.334666
0.334665
0.334664
0.334663
0.334662
0.334661
0.334661
0.334661
0.334661
0.334660
0.334660
0.334661
0.334661
0.334661
0.334661
0.334661
0.334661
0.334661
0.334661
0.334661
0.334660
0.334660
0.334659
0.334658
0.334657
0.334656
0.334655
0.334654
0.334652
0.334650
0.334649
0.334647
0.334645
0.334643
0.334642
0.334642
0.334642
0.334644
0.334648
0.334656
0.334672
0.334697
0.334733
0.334746
0.335045
0.335075
0.334953
0.334792
0.334757
0.334595
0.334803
0.334320
0.334960
0.333981
0.335055
0.334633
0.334618
0.333928
0.334874
0.334251
0.334644
0.333659
0.334710
0.334653
0.333769
0.334501
0.333181
0.334554
0.334817
0.332808
0.334535
0.334998
0.332641
0.334425
0.334966
0.333311
0.334086
0.332531
0.333897
0.334479
0.332603
0.333688
0.333295
0.333028
0.332118
0.333237
0.333240
0.332074
0.333077
0.331159
0.333099
0.333757
0.333244
0.332809
0.331017
0.332676
0.333210
0.331694
0.332272
0.329813
0.332393
0.332954
0.332486
0.333123
0.333426
0.333591
0.333731
0.333764
0.333762
0.333712
0.333615
0.333488
0.333339
0.333176
0.333002
0.332821
0.332633
0.332442
0.332246
0.332048
0.331848
0.331647
0.331446
0.331245
0.331044
0.330845
0.330646
0.330448
0.330250
0.330054
0.329858
0.329664
0.329472
0.329281
0.329093
0.328906
0.328722
0.328540
0.328360
0.328183
0.328008
0.327836
0.327667
0.327501
0.327337
0.327176
0.327018
0.326862
0.326710
0.326559
0.326411
0.326266
0.326122
0.325981
0.325842
0.325705
0.325569
0.325435
0.325303
0.325172
0.325042
0.324913
0.324784
0.324657
0.324530
0.324404
0.324278
0.324152
0.324026
0.323900
0.323774
0.323648
0.323522
0.323395
0.323267
0.323139
0.323010
0.322881
0.322750
0.322619
0.322487
0.322353
0.322219
0.322083
0.321946
0.321807
0.321668
0.321526
0.321384
0.321240
0.321094
0.320947
0.320798
0.320647
0.320495
0.320341
0.320185
0.320027
0.319868
0.319706
0.319543
0.319377
0.319210
0.319041
0.318870
0.318697
0.318522
0.318345
0.318167
0.317986
0.317804
0.317620
0.317434
0.317246
0.317057
0.316866
0.316674
0.316481
0.316286
0.316090
0.315892
0.315694
0.315495
0.315294
0.315093
0.314892
0.314689
0.314487
0.314284
0.314080
0.313877
0.313673
0.313470
0.313266
0.313063
0.312861
0.312659
0.312457
0.312257
0.312057
0.311859
0.311662
0.311466
0.311271
0.311078
0.310887
0.310698
0.310511
0.310326
0.310143
0.309962
0.309784
0.309609
0.309437
0.309267
0.309101
0.308938
0.308778
0.308622
0.308469
0.308320
0.308174
0.308033
0.307896
0.307762
0.307633
0.307508
0.307388
0.307272
0.307161
0.307054
0.306952
0.306855
0.306762
0.306675
0.306592
0.306514
0.306441
0.306374
0.306311
0.306254
0.306201
0.306154
0.306112
0.306075
0.306043
0.306016
0.305994
0.305977
0.305965
0.305958
0.305956
0.305959
0.305966
0.305978
0.305995
0.306017
0.306043
0.306074
0.306109
0.306148
0.306192
0.306240
0.306291
0.306347
0.306407
0.306470
0.306537
0.306608
0.306682
0.306760
0.306841
0.306925
0.307012
0.307102
0.307196
0.307292
0.307391
0.307492
0.307596
0.307702
0.307811
0.307922
0.308036
0.308151
0.308269
0.308389
0.308510
0.308633
0.308759
0.308886
0.309014
0.309144
0.309276
0.309409
0.309544
0.309680
0.309818
0.309956
0.310096
0.310096
0.310238
0.310381
0.310524
0.310669
0.310816
0.310963
0.311112
0.311261
0.311412
0.311564
0.311717
0.311871
0.312026
0.312183
0.312340
0.312499
0.312659
0.312820
0.312982
0.313145
0.313310
0.313476
0.313643
0.313811
0.313981
0.314152
0.314324
0.314498
0.314673
0.314850
0.315028
0.315207
0.315388
0.315571
0.315755
0.315941
0.316129
0.316318
0.316509
0.316702
0.316896
0.317093
0.317291
0.317491
0.317694
0.317898
0.318104
0.318312
0.318523
0.318735
0.318950
0.319167
0.319386
0.319607
0.319831
0.320057
0.320285
0.320516
0.320749
0.320985
0.321223
0.321464
0.321707
0.321953
0.322202
0.322454
0.322708
0.322965
0.323225
0.323488
0.323754
0.324023
0.324295
0.324570
0.324848
0.325130
0.325415
0.325703
0.325995
0.326290
0.326590
0.326893
0.327200
0.327512
0.327827
0.328147
0.328472
0.328802
0.329138
0.329479
0.329826
0.330180
0.330541
0.330910
0.331289
0.331679
0.332083
0.332509
0.332979
0.333592
0.333871
0.333341
0.335033
0.335192
0.335916
0.335095
0.336386
0.336252
0.336810
0.336044
0.337510
0.337527
0.337980
0.337241
0.338624
0.338423
0.339168
0.338293
0.339656
0.339752
0.339890
0.339485
0.340605
0.340070
0.341297
0.340990
0.341670
0.340941
0.342178
0.342111
0.342650
0.342070
0.343260
0.343052
0.343829
0.343286
0.344353
0.344107
0.344887
0.344433
0.345454
0.345199
0.346015
0.345626
0.346570
0.346291
0.347128
0.346800
0.347681
0.347403
0.348240
0.347957
0.348794
0.348531
0.349348
0.349095
0.349898
0.349659
0.350447
0.350221
0.350993
0.350781
0.351537
0.351339
0.352078
0.351895
0.352616
0.352448
0.353151
0.352999
0.353683
0.353548
0.354211
0.354094
0.354737
0.354638
0.355259
0.355179
0.355777
0.355718
0.356293
0.356255
0.356805
0.356790
0.357313
0.357322
0.357819
0.357852
0.358322
0.358379
0.358822
0.358905
0.359320
0.359427
0.359817
0.359948
0.360312
0.360466
0.360806
0.360981
0.361301
0.361493
0.361795
0.362003
0.362290
0.362511
0.362786
0.363016
0.363282
0.363518
0.363778
0.364019
0.364274
0.364518
0.364770
0.365016
0.365266
0.365513
0.365761
0.366008
0.366256
0.366502
0.366749
0.366995
0.367241
0.367487
0.367733
0.367978
0.368222
0.368467
0.368711
0.368955
0.369198
0.369441
0.369684
0.369926
0.370168
0.370410
0.370651
0.370891
0.371132
0.371371
0.371611
0.371850
0.372088
0.372326
0.372564
0.372801
0.373037
0.373273
0.373509
0.373744
0.373979
0.374213
0.374446
0.374679
0.374912
0.375144
0.375375
0.375606
0.375837
0.376067
0.376296
0.376525
0.376753
0.376981
0.377208
0.377434
0.377660
0.377886
0.378110
0.378335
0.378558
0.378781
0.379004
0.379226
0.379447
0.379668
0.379888
0.380108
0.380327
0.380545
0.380763
0.380980
0.381196
0.381412
0.381628
0.381842
0.382056
0.382270
0.382483
0.382695
0.382907
0.383118
0.383328
0.383538
0.383747
0.383955
0.384163
0.384371
0.384577
0.384783
0.384989
0.385193
0.385397
0.385601
0.385804
0.386006
0.386208
0.386408
0.386609
0.386808
0.387008
0.387206
0.387404
0.387601
0.387797
0.387993
0.388188
0.388383
0.388577
0.388770
0.388963
0.389155
0.389347
0.389537
0.389728
0.389917
0.390106
0.390294
0.390482
0.390669
0.390856
0.391041
0.391227
0.391411
0.391595
0.391778
0.391961
0.392143
0.392325
0.392505
0.392686
0.392865
0.393044
0.393223
0.393400
0.393578
0.393754
0.393930
0.394106
0.394280
0.394455
0.394628
0.394801
0.394973
0.395145
0.395316
0.395487
0.395657
0.395827
0.395995
0.396164
0.396331
0.396499
0.396665
0.396831
0.396997
0.397161
0.397326
0.397489
0.397653
0.397815
0.397977
0.398139
0.398300
0.398460
0.398620
0.398779
0.398938
0.399096
0.399254
0.399411
0.399568
0.399724
0.399880
0.400035
0.400189
0.400344
0.400497
0.400650
0.400803
0.400955
0.401106
0.401257
0.401408
0.401558
0.401707
0.401856
0.402005
0.402153
0.402301
0.402448
0.402594
0.402741
0.402886
0.403032
0.403176
0.403321
0.403465
0.403608
0.403751
0.403894
0.404036
0.404177
0.404319
0.404459
0.404600
0.404740
0.404879
0.405018
0.405157
0.405295
0.405433
0.405570
0.405707
0.405844
0.405980
0.406116
0.406252
0.406387
0.406521
0.406655
0.406789
0.406923
0.407056
0.407189
0.407321
0.407453
0.407585
0.407716
0.407847
0.407977
0.408107
0.408237
0.408367
0.408496
0.408625
0.408753
0.408881
0.409009
0.409136
0.409263
0.409390
0.409516
0.409643
0.409768
0.409894
0.410019
0.410144
0.410268
0.410392
0.410516
0.410640
0.410763
0.410886
0.411009
0.411131
0.411253
0.411375
0.411496
0.411617
0.411738
0.411859
0.411979
0.412099
0.412219
0.412339
0.412458
0.412577
0.412696
0.412814
0.412932
0.413050
0.413168
0.413285
0.413403
0.413520
0.413636
0.413753
0.413869
0.413985
0.414101
0.414217
0.414332
0.414448
0.414563
0.414678
0.414792
0.414792
0.414907
0.415021
0.415136
0.415250
0.415364
0.415477
0.415591
0.415705
0.415818
0.415932
0.416045
0.416158
0.416271
0.416384
0.416497
0.416610
0.416724
0.416836
0.416949
0.417063
0.417176
0.417289
0.417402
0.417515
0.417628
0.417742
0.417855
0.417969
0.418083
0.418197
0.418311
0.418425
0.418540
0.418654
0.418769
0.418884
0.419000
0.419116
0.419232
0.419348
0.419464
0.419581
0.419698
0.419816
0.419934
0.420052
0.420170
0.420289
0.420408
0.420527
0.420647
0.420767
0.420888
0.421008
0.421129
0.421251
0.421372
0.421494
0.421616
0.421739
0.421861
0.421984
0.422107
0.422231
0.422354
0.422477
0.422601
0.422725
0.422849
0.422973
0.423097
0.423221
0.423344
0.423468
0.423592
0.423716
0.423839
0.423963
0.424086
0.424209
0.424332
0.424454
0.424576
0.424698
0.424820
0.424941
0.425062
0.425182
0.425302
0.425422
0.425541
0.425659
0.425777
0.425895
0.426012
0.426128
0.426244
0.426359
0.426473
0.426587
0.426700
0.426813
0.426925
0.427036
0.427146
0.427256
0.427365
0.427473
0.427581
0.427688
0.427794
0.427899
0.428004
0.428107
0.428210
0.428313
0.428414
0.428515
0.428615
0.428714
0.428813
0.428910
0.429007
0.429104
0.429199
0.429294
0.429388
0.429481
0.429574
0.429665
0.429756
0.429847
0.429936
0.430025
0.430114
0.430201
0.430288
0.430374
0.430460
0.430545
0.430629
0.430713
0.430795
0.430878
0.430959
0.431041
0.431121
0.431201
0.431280
0.431359
0.431437
0.431515
0.431592
0.431668
0.431744
0.431820
0.431895
0.431969
0.432043
0.432116
0.432189
0.432262
0.432334
0.432405
0.432476
0.432547
0.432617
0.432687
0.432756
0.432825
0.432894
0.432962
0.433030
0.433097
0.433164
0.433230
0.433297
0.433362
0.433428
0.433493
0.433558
0.433622
0.433687
0.433750
0.433814
0.433877
0.433940
0.434003
0.434065
0.434127
0.434189
0.434250
0.434312
0.434373
0.434433
0.434494
0.434554
0.434614
0.434674
0.434733
0.434792
0.434851
0.434910
0.434969
0.435027
0.435085
0.435143
0.435201
0.435259
0.435316
0.435373
0.435430
0.435487
0.435544
0.435600
0.435657
0.435713
0.435769
0.435825
0.435880
0.435936
0.435991
0.436047
0.436102
0.436157
0.436212
0.436266
0.436321
0.436375
0.436430
0.436484
0.436538
0.436592
0.436646
0.436700
0.436753
0.436807
0.436861
0.436914
0.436967
0.437021
0.437074
0.437127
0.437180
0.437233
0.437285
0.437338
0.437391
0.437443
0.437496
0.437549
0.437601
0.437653
0.437706
0.437758
0.437810
0.437862
0.437914
0.437967
0.438019
0.438071
0.438123
0.438174
0.438226
0.438278
0.438330
0.438382
0.438434
0.438485
0.438537
0.438589
0.438641
0.438692
0.438744
0.438796
0.438848
0.438899
0.438951
0.439003
0.439054
0.439106
0.439158
0.439210
0.439261
0.439313
0.439365
0.439417
0.439468
0.439520
0.439572
0.439624
0.439676
0.439728
0.439780
0.439832
0.439884
0.439936
0.439988
0.440040
0.440092
0.440144
0.440197
0.440249
0.440301
0.440354
0.440406
0.440459
0.440511
0.440564
0.440616
0.440669
0.440722
0.440775
0.440828
0.440881
0.440934
0.440987
0.441040
0.441093
0.441147
0.441200
0.441253
0.441307
0.441361
0.441414
0.441468
0.441522
0.441576
0.441630
0.441684
0.441738
0.441793
0.441847
0.441901
0.441956
0.442011
0.442065
0.442120
0.442175
0.442230
0.442285
0.442341
0.442396
0.442451
0.442507
0.442563
0.442618
0.442674
0.442730
0.442786
0.442843
0.442899
0.442955
0.443012
0.443068
0.443125
0.443182
0.443239
0.443296
0.443353
0.443411
0.443468
0.443526
0.443583
0.443641
0.443699
0.443757
0.443815
0.443874
0.443932
0.443991
0.444049
0.444108
0.444167
0.444226
0.444285
0.444345
0.444404
0.444464
0.444523
0.444583
0.444643
0.444703
0.444764
0.444824
0.444885
0.444945
0.445006
0.445067
0.445128
0.445189
0.445250
0.445312
0.445373
0.445435
0.445497
0.445559
0.445621
0.445684
0.445746
0.445809
0.445871
0.445934
0.445997
0.446060
0.446124
0.446187
0.446250
0.446314
0.446378
0.446442
0.446506
0.446570
0.446635
0.446699
0.446764
0.446829
0.446894
0.446959
0.447024
0.447090
0.447155
0.447221
0.447287
0.447353
0.447419
0.447485
0.447552
0.447618
0.447685
0.447752
0.447819
0.447886
0.447953
0.448021
0.448088
0.448156
0.448224
0.448292
0.448360
0.448429
0.448497
0.448566
0.448634
0.448703
0.448772
0.448842
0.448911
0.448980
0.449050
0.449120
0.449190
0.449260
0.449330
0.449400
0.449471
0.449542
0.449612
0.449683
0.449754
0.449826
0.449897
0.449969
0.450040
0.450112
0.450184
0.450256
0.450328
0.450401
0.450473
0.450546
0.450619
0.450692
0.450765
0.450838
0.450911
0.450985
0.451059
0.451132
0.451206
0.451280
0.451355
0.451429
0.451504
0.451578
0.451653
0.451728
0.451803
0.451878
0.451954
0.452029
0.452105
0.452181
0.452256
0.452332
0.452409
0.452485
0.452562
0.452638
0.452638
0.452715
0.452792
0.452869
0.452946
0.453023
0.453101
0.453178
0.453256
0.453334
0.453412
0.453490
0.453568
0.453647
0.453725
0.453804
0.453883
0.453962
0.454041
0.454120
0.454199
0.454279
0.454358
0.454438
0.454518
0.454598
0.454678
0.454759
0.454839
0.454920
0.455000
0.455081
0.455162
0.455243
0.455324
0.455406
0.455487
0.455569
0.455651
0.455732
0.455815
0.455897
0.455979
0.456061
0.456144
0.456227
0.456309
0.456392
0.456475
0.456559
0.456642
0.456725
0.456809
0.456893
0.456976
0.457060
0.457144
0.457229
0.457313
0.457398
0.457482
0.457567
0.457652
0.457737
0.457822
0.457907
0.457992
0.458078
0.458164
0.458249
0.458335
0.458421
0.458507
0.458594
0.458680
0.458766
0.458853
0.458940
0.459027
0.459114
0.459201
0.459288
0.459375
0.459463
0.459551
0.459638
0.459726
0.459814
0.459902
0.459990
0.460079
0.460167
0.460256
0.460345
0.460434
0.460522
0.460612
0.460701
0.460790
0.460880
0.460969
0.461059
0.461149
0.461239
0.461329
0.461419
0.461509
0.461600
0.461690
0.461781
0.461872
0.461963
0.462054
0.462145
0.462236
0.462328
0.462419
0.462511
0.462602
0.462694
0.462786
0.462878
0.462971
0.463063
0.463156
0.463248
0.463341
0.463434
0.463527
0.463620
0.463713
0.463806
0.463900
0.463993
0.464087
0.464181
0.464275
0.464369
0.464463
0.464557
0.464651
0.464746
0.464840
0.464935
0.465030
0.465125
0.465220
0.465315
0.465410
0.465506
0.465601
0.465697
0.465793
0.465889
0.465985
0.466081
0.466177
0.466273
0.466370
0.466467
0.466563
0.466660
0.466757
0.466854
0.466951
0.467048
0.467146
0.467243
0.467341
0.467439
0.467537
0.467635
0.467733
0.467831
0.467929
0.468028
0.468126
0.468225
0.468324
0.468422
0.468521
0.468621
0.468720
0.468819
0.468919
0.469018
0.469118
0.469218
0.469318
0.469418
0.469518
0.469618
0.469718
0.469819
0.469919
0.470020
0.470121
0.470222
0.470323
0.470424
0.470525
0.470627
0.470728
0.470830
0.470931
0.471033
0.471135
0.471237
0.471339
0.471442
0.471544
0.471647
0.471749
0.471852
0.471955
0.472058
0.472161
0.472264
0.472367
0.472471
0.472574
0.472678
0.472781
0.472885
0.472989
0.473093
0.473197
0.473302
0.473406
0.473511
0.473615
0.473720
0.473825
0.473930
0.474035
0.474140
0.474245
0.474350
0.474456
0.474561
0.474667
0.474773
0.474879
0.474985
0.475091
0.475197
0.475304
0.475410
0.475517
0.475623
0.475730
0.475837
0.475944
0.476051
0.476158
0.476266
0.476373
0.476480
0.476588
0.476696
0.476804
0.476912
0.477020
0.477128
0.477236
0.477344
0.477453
0.477562
0.477670
0.477779
0.477888
0.477997
0.478106
0.478215
0.478325
0.478434
0.478543
0.478653
0.478763
0.478873
0.478983
0.479093
0.479203
0.479313
0.479423
0.479534
0.479644
0.479755
0.479866
0.479977
0.480088
0.480199
0.480310
0.480421
0.480533
0.480644
0.480756
0.480867
0.480979
0.481091
0.481203
0.481315
0.481427
0.481539
0.481652
0.481764
0.481877
0.481990
0.482102
0.482215
0.482328
0.482441
0.482554
0.482668
0.482781
0.482894
0.483008
0.483122
0.483235
0.483349
0.483463
0.483577
0.483691
0.483806
0.483920
0.484034
0.484149
0.484263
0.484378
0.484493
0.484608
0.484723
0.484838
0.484953
0.485068
0.485184
0.485299
0.485415
0.485530
0.485646
0.485762
0.485878
0.485994
0.486110
0.486226
0.486342
0.486459
0.486575
0.486692
0.486808
0.486925
0.487042
0.487159
0.487276
0.487393
0.487510
0.487627
0.487745
0.487862
0.487980
0.488097
0.488215
0.488333
0.488451
0.488568
0.488687
0.488805
0.488923
0.489041
0.489160
0.489278
0.489397
0.489515
0.489634
0.489753
0.489872
0.489990
0.490110
0.490229
0.490348
0.490467
0.490586
0.490706
0.490825
0.490945
0.491065
0.491185
0.491304
0.491424
0.491544
0.491664
0.491785
0.491905
0.492025
0.492145
0.492266
0.492386
0.492507
0.492628
0.492749
0.492869
0.492990
0.493111
0.493232
0.493353
0.493475
0.493596
0.493717
0.493839
0.493960
0.494082
0.494204
0.494325
0.494447
0.494569
0.494691
0.494813
0.494935
0.495057
0.495179
0.495301
0.495424
0.495546
0.495669
0.495791
0.495914
0.496036
0.496159
0.496282
0.496405
0.496528
0.496651
0.496774
0.496897
0.497020
0.497143
0.497267
0.497390
0.497514
0.497637
0.497761
0.497884
0.498008
0.498132
0.498255
0.498379
0.498503
0.498627
0.498751
0.498875
0.498999
0.499124
0.499248
0.499372
0.499496
0.499621
0.499745
0.499870
0.499994
0.500119
0.500244
0.500368
0.500493
0.500618
0.500743
0.500868
0.500993
0.501118
0.501243
0.501368
0.501493
0.501619
0.501744
0.501869
0.501995
0.502120
0.502245
0.502371
0.502497
0.502622
0.502748
0.502873
0.502999
0.503125
0.503251
0.503377
0.503503
0.503628
0.503754
0.503880
0.504006
0.504133
0.504259
0.504385
0.504511
0.504637
0.504764
0.504890
0.505016
0.505143
0.505143
0.505269
0.505396
0.505522
0.505649
0.505775
0.505902
0.506028
0.506155
0.506282
0.506408
0.506535
0.506662
0.506789
0.506916
0.507042
0.507169
0.507296
0.507423
0.507550
0.507677
0.507804
0.507931
0.508058
0.508185
0.508312
0.508440
0.508567
0.508694
0.508821
0.508948
0.509076
0.509203
0.509330
0.509457
0.509585
0.509712
0.509839
0.509967
0.510094
0.510221
0.510349
0.510476
0.510604
0.510731
0.510859
0.510986
0.511113
0.511241
0.511368
0.511496
0.511623
0.511751
0.511878
0.512006
0.512134
0.512261
0.512389
0.512516
0.512644
0.512771
0.512899
0.513026
0.513154
0.513282
0.513409
0.513537
0.513664
0.513792
0.513919
0.514047
0.514175
0.514302
0.514430
0.514557
0.514685
0.514812
0.514940
0.515067
0.515195
0.515322
0.515450
0.515577
0.515705
0.515832
0.515960
0.516087
0.516214
0.516342
0.516469
0.516597
0.516724
0.516851
0.516979
0.517106
0.517233
0.517361
0.517488
0.517615
0.517742
0.517870
0.517997
0.518124
0.518251
0.518378
0.518505
0.518632
0.518759
0.518886
0.519013
0.519140
0.519267
0.519394
0.519521
0.519648
0.519774
0.519901
0.520028
0.520155
0.520281
0.520408
0.520534
0.520661
0.520788
0.520914
0.521041
0.521167
0.521293
0.521420
0.521546
0.521672
0.521798
0.521925
0.522051
0.522177
0.522303
0.522429
0.522555
0.522681
0.522806
0.522932
0.523058
0.523184
0.523309
0.523435
0.523560
0.523686
0.523811
0.523937
0.524062
0.524187
0.524313
0.524438
0.524563
0.524688
0.524813
0.524938
0.525063
0.525188
0.525312
0.525437
0.525562
0.525686
0.525811
0.525935
0.526060
0.526184
0.526308
0.526432
0.526556
0.526681
0.526805
0.526928
0.527052
0.527176
0.527300
0.527423
0.527547
0.527671
0.527794
0.527917
0.528041
0.528164
0.528287
0.528410
0.528533
0.528656
0.528779
0.528902
0.529024
0.529147
0.529269
0.529392
0.529514
0.529637
0.529759
0.529881
0.530003
0.530125
0.530247
0.530369
0.530491
0.530612
0.530734
0.530855
0.530977
0.531098
0.531219
0.531341
0.531462
0.531583
0.531704
0.531825
0.531945
0.532066
0.532187
0.532307
0.532428
0.532548
0.532668
0.532789
0.532909
0.533029
0.533149
0.533269
0.533389
0.533508
0.533628
0.533748
0.533867
0.533987
0.534106
0.534225
0.534345
0.534464
0.534583
0.534702
0.534821
0.534940
0.535059
0.535177
0.535296
0.535415
0.535533
0.535652
0.535770
0.535888
0.536007
0.536125
0.536243
0.536361
0.536479
0.536597
0.536715
0.536833
0.536951
0.537069
0.537187
0.537304
0.537422
0.537540
0.537657
0.537775
0.537893
0.538010
0.538127
0.538245
0.538362
0.538480
0.538597
0.538714
0.538832
0.538949
0.539066
0.539184
0.539301
0.539418
0.539536
0.539653
0.539770
0.539888
0.540005
0.540122
0.540240
0.540357
0.540474
0.540592
0.540709
0.540827
0.540944
0.541062
0.541179
0.541297
0.541415
0.541532
0.541650
0.541768
0.541886
0.542004
0.542122
0.542240
0.542358
0.542477
0.542595
0.542713
0.542832
0.542951
0.543069
0.543188
0.543307
0.543426
0.543545
0.543664
0.543784
0.543903
0.544023
0.544143
0.544263
0.544383
0.544503
0.544623
0.544744
0.544864
0.544985
0.545106
0.545227
0.545348
0.545469
0.545591
0.545713
0.545834
0.545957
0.546079
0.546201
0.546324
0.546446
0.546569
0.546693
0.546816
0.546939
0.547063
0.547187
0.547311
0.547435
0.547560
0.547684
0.547809
0.547934
0.548060
0.548185
0.548311
0.548436
0.548562
0.548689
0.548815
0.548942
0.549069
0.549196
0.549323
0.549450
0.549578
0.549706
0.549834
0.549962
0.550090
0.550219
0.550348
0.550477
0.550606
0.550735
0.550864
0.550994
0.551124
0.551254
0.551384
0.551514
0.551645
0.551775
0.551906
0.552037
0.552168
0.552299
0.552431
0.552562
0.552694
0.552826
0.552957
0.553089
0.553221
0.553354
0.553486
0.553618
0.553751
0.553883
0.554016
0.554149
0.554281
0.554414
0.554547
0.554680
0.554813
0.554946
0.555080
0.555213
0.555346
0.555479
0.555612
0.555746
0.555879
0.556012
0.556145
0.556279
0.556412
0.556545
0.556678
0.556811
0.556944
0.557077
0.557211
0.557343
0.557476
0.557609
0.557742
0.557875
0.558007
0.558140
0.558272
0.558404
0.558536
0.558669
0.558800
0.558932
0.559064
0.559195
0.559327
0.559458
0.559589
0.559720
0.559851
0.559981
0.560112
0.560242
0.560372
0.560502
0.560631
0.560760
0.560890
0.561019
0.561147
0.561276
0.561404
0.561532
0.561660
0.561787
0.561914
0.562041
0.562168
0.562294
0.562420
0.562546
0.562672
0.562797
0.562922
0.563046
0.563170
0.563294
0.563418
0.563541
0.563664
0.563787
0.563909
0.564031
0.564153
0.564274
0.564395
0.564515
0.564635
0.564755
0.564874
0.564993
0.565112
0.565230
0.565348
0.565465
0.565582
0.565699
0.565815
0.565931
0.566046
0.566161
0.566276
0.566390
0.566504
0.566617
0.566730
0.566842
0.566954
0.567065
0.567176
0.567287
0.567287
0.567397
0.567507
0.567616
0.567725
0.567833
0.567941
0.568048
0.568155
0.568262
0.568367
0.568473
0.568578
0.568682
0.568786
0.568890
0.568993
0.569095
0.569197
0.569299
0.569400
0.569500
0.569600
0.569699
0.569798
0.569896
0.569994
0.570091
0.570187
0.570283
0.570378
0.570473
0.570567
0.570660
0.570753
0.570845
0.570936
0.571027
0.571117
0.571206
0.571294
0.571381
0.571468
0.571554
0.571638
0.571722
0.571805
0.571887
0.571967
0.572047
0.572125
0.572202
0.572278
0.572352
0.572425
0.572496
0.572565
0.572633
0.572698
0.572762
0.572823
0.572882
0.572938
0.572991
0.573041
0.573088
0.573131
0.573170
0.573205
0.573235
0.573259
0.573277
0.573288
0.573292
0.573287
0.573272
0.573246
0.573206
0.573152
0.573080
0.572988
0.572872
0.572727
0.572549
0.572331
0.572067
0.571749
0.571370
0.570924
0.570412
0.569836
0.569212
0.568557
0.567897
0.567252
0.566643
0.566084
0.565586
0.565157
0.564800
0.564517
0.564305
0.564160
0.564078
0.564054
0.564083
0.564162
0.564284
0.564446
0.564644
0.564875
0.565133
0.565418
0.565726
0.566054
0.566401
0.566764
0.567141
0.567531
0.567930
0.568336
0.568747
0.569161
0.569574
0.569986
0.570393
0.570795
0.571189
0.571575
0.571952
0.572319
0.572676
0.573024
0.573362
0.573691
0.574011
0.574322
0.574625
0.574920
0.575208
0.575489
0.575765
0.576034
0.576298
0.576556
0.576810
0.577059
0.577304
0.577545
0.577782
0.578016
0.578246
0.578472
0.578696
0.578916
0.579134
0.579348
0.579560
0.579770
0.579976
0.580181
0.580383
0.580583
0.580781
0.580977
0.581171
0.581363
0.581554
0.581743
0.581931
0.582117
0.582303
0.582487
0.582671
0.582853
0.583035
0.583217
0.583398
0.583578
0.583758
0.583938
0.584118
0.584298
0.584477
0.584657
0.584837
0.585017
0.585198
0.585378
0.585559
0.585740
0.585922
0.586104
0.586286
0.586469
0.586653
0.586837
0.587021
0.587206
0.587391
0.587577
0.587763
0.587949
0.588136
0.588324
0.588512
0.588700
0.588889
0.589078
0.589267
0.589457
0.589647
0.589837
0.590027
0.590218
0.590409
0.590600
0.590792
0.590983
0.591175
0.591366
0.591558
0.591750
0.591942
0.592134
0.592325
0.592517
0.592709
0.592901
0.593092
0.593284
0.593475
0.593666
0.593858
0.594048
0.594239
0.594430
0.594620
0.594810
0.595000
0.595189
0.595378
0.595567
0.595756
0.595944
0.596132
0.596320
0.596507
0.596694
0.596880
0.597067
0.597252
0.597438
0.597623
0.597807
0.597991
0.598175
0.598358
0.598541
0.598724
0.598906
0.599087
0.599268
0.599449
0.599629
0.599809
0.599988
0.600167
0.600345
0.600523
0.600700
0.600877
0.601054
0.601230
0.601405
0.601581
0.601755
0.601929
0.602103
0.602276
0.602449
0.602621
0.602793
0.602965
0.603136
0.603306
0.603476
0.603646
0.603815
0.603984
0.604152
0.604320
0.604488
0.604655
0.604821
0.604988
0.605153
0.605319
0.605484
0.605648
0.605812
0.605976
0.606140
0.606303
0.606465
0.606627
0.606789
0.606951
0.607112
0.607272
0.607433
0.607592
0.607752
0.607911
0.608070
0.608229
0.608387
0.608545
0.608702
0.608859
0.609016
0.609172
0.609328
0.609484
0.609640
0.609795
0.609950
0.610104
0.610258
0.610412
0.610566
0.610719
0.610872
0.611024
0.611176
0.611328
0.611480
0.611632
0.611783
0.611933
0.612084
0.612234
0.612384
0.612534
0.612683
0.612832
0.612981
0.613129
0.613277
0.613425
0.613573
0.613720
0.613868
0.614014
0.614161
0.614307
0.614453
0.614599
0.614744
0.614890
0.615035
0.615179
0.615324
0.615468
0.615612
0.615755
0.615899
0.616042
0.616185
0.616327
0.616470
0.616612
0.616754
0.616895
0.617037
0.617178
0.617319
0.617459
0.617599
0.617740
0.617879
0.618019
0.618158
0.618297
0.618436
0.618575
0.618713
0.618851
0.618989
0.619127
0.619264
0.619401
0.619538
0.619675
0.619811
0.619947
0.620083
0.620219
0.620354
0.620489
0.620624
0.620759
0.620894
0.621028
0.621162
0.621295
0.621429
0.621562
0.621695
0.621828
0.621961
0.622093
0.622225
0.622357
0.622488
0.622620
0.622751
0.622882
0.623012
0.623143
0.623273
0.623403
0.623532
0.623662
0.623791
0.623920
0.624049
0.624177
0.624305
0.624433
0.624561
0.624689
0.624816
0.624943
0.625070
0.625196
0.625323
0.625449
0.625575
0.625700
0.625826
0.625951
0.626076
0.626201
0.626325
0.626449
0.626573
0.626697
0.626820
0.626944
0.627067
0.627189
0.627312
0.627434
0.627556
0.627678
0.627800
0.627921
0.628042
0.628163
0.628284
0.628404
0.628524
0.628644
0.628764
0.628883
0.629002
0.629121
0.629240
0.629359
0.629477
0.629595
0.629713
0.629830
0.629948
0.630065
0.630181
0.630298
0.630414
0.630531
0.630646
0.630762
0.630878
0.630993
0.631108
0.631222
0.631337
0.631451
0.631565
0.631679
0.631792
0.631906
0.632019
0.632132
0.632244
0.632357
0.632469
0.632581
0.632692
0.632804
0.632804
0.632915
0.633026
0.633137
0.633247
0.633357
0.633468
0.633577
0.633687
0.633796
0.633905
0.634014
0.634123
0.634231
0.634340
0.634448
0.634555
0.634663
0.634770
0.634877
0.634984
0.635091
0.635197
0.635303
0.635409
0.635515
0.635620
0.635726
0.635831
0.635935
0.636040
0.636144
0.636249
0.636353
0.636456
0.636560
0.636663
0.636766
0.636869
0.636971
0.637074
0.637176
0.637278
0.637380
0.637481
0.637583
0.637684
0.637785
0.637885
0.637986
0.638086
0.638186
0.638286
0.638385
0.638485
0.638584
0.638683
0.638782
0.638880
0.638979
0.639077
0.639175
0.639272
0.639370
0.639467
0.639564
0.639661
0.639758
0.639855
0.639951
0.640047
0.640143
0.640239
0.640334
0.640429
0.640524
0.640619
0.640714
0.640809
0.640903
0.640997
0.641091
0.641185
0.641278
0.641372
0.641465
0.641558
0.641651
0.641743
0.641836
0.641928
0.642020
0.642112
0.642203
0.642295
0.642386
0.642477
0.642568
0.642659
0.642749
0.642840
0.642930
0.643020
0.643110
0.643199
0.643289
0.643378
0.643467
0.643556
0.643645
0.643733
0.643822
0.643910
0.643998
0.644086
0.644174
0.644261
0.644349
0.644436
0.644523
0.644610
0.644697
0.644783
0.644870
0.644956
0.645042
0.645128
0.645213
0.645299
0.645384
0.645470
0.645555
0.645640
0.645724
0.645809
0.645893
0.645978
0.646062
0.646146
0.646230
0.646313
0.646397
0.646480
0.646563
0.646646
0.646729
0.646812
0.646895
0.646977
0.647059
0.647141
0.647223
0.647305
0.647387
0.647469
0.647550
0.647631
0.647712
0.647793
0.647874
0.647955
0.648036
0.648116
0.648196
0.648276
0.648357
0.648436
0.648516
0.648596
0.648675
0.648755
0.648834
0.648913
0.648992
0.649071
0.649149
0.649228
0.649306
0.649384
0.649463
0.649541
0.649618
0.649696
0.649774
0.649851
0.649929
0.650006
0.650083
0.650160
0.650237
0.650314
0.650390
0.650467
0.650543
0.650619
0.650696
0.650772
0.650848
0.650923
0.650999
0.651075
0.651150
0.651225
0.651301
0.651376
0.651451
0.651525
0.651600
0.651675
0.651749
0.651824
0.651898
0.651972
0.652046
0.652120
0.652194
0.652268
0.652341
0.652415
0.652488
0.652562
0.652635
0.652708
0.652781
0.652854
0.652926
0.652999
0.653072
0.653144
0.653216
0.653289
0.653361
0.653433
0.653505
0.653577
0.653648
0.653720
0.653791
0.653863
0.653934
0.654005
0.654077
0.654148
0.654219
0.654289
0.654360
0.654431
0.654501
0.654572
0.654642
0.654712
0.654783
0.654853
0.654923
0.654992
0.655062
0.655132
0.655202
0.655271
0.655341
0.655410
0.655479
0.655548
0.655617
0.655686
0.655755
0.655824
0.655893
0.655961
0.656030
0.656098
0.656167
0.656235
0.656303
0.656371
0.656439
0.656507
0.656575
0.656643
0.656711
0.656778
0.656846
0.656913
0.656980
0.657048
0.657115
0.657182
0.657249
0.657316
0.657383
0.657450
0.657516
0.657583
0.657650
0.657716
0.657782
0.657849
0.657915
0.657981
0.658047
0.658113
0.658179
0.658245
0.658311
0.658376
0.658442
0.658508
0.658573
0.658639
0.658704
0.658769
0.658834
0.658899
0.658964
0.659029
0.659094
0.659159
0.659224
0.659289
0.659353
0.659418
0.659482
0.659547
0.659611
0.659675
0.659739
0.659804
0.659868
0.659932
0.659996
0.660060
0.660123
0.660187
0.660251
0.660314
0.660378
0.660441
0.660505
0.660568
0.660631
0.660695
0.660758
0.660821
0.660884
0.660947
0.661010
0.661073
0.661136
0.661198
0.661261
0.661324
0.661386
0.661449
0.661511
0.661573
0.661636
0.661698
0.661760
0.661822
0.661884
0.661947
0.662008
0.662070
0.662132
0.662194
0.662256
0.662318
0.662379
0.662441
0.662502
0.662564
0.662625
0.662687
0.662748
0.662809
0.662871
0.662932
0.662993
0.663054
0.663115
0.663176
0.663237
0.663298
0.663359
0.663420
0.663480
0.663541
0.663602
0.663662
0.663723
0.663784
0.663844
0.663905
0.663965
0.664025
0.664086
0.664146
0.664206
0.664266
0.664327
0.664387
0.664447
0.664507
0.664567
0.664627
0.664687
0.664747
0.664806
0.664866
0.664926
0.664986
0.665045
0.665105
0.665165
0.665224
0.665284
0.665343
0.665403
0.665462
0.665522
0.665581
0.665641
0.665700
0.665759
0.665819
0.665878
0.665937
0.665996
0.666055
0.666115
0.666174
0.666233
0.666292
0.666351
0.666410
0.666469
0.666528
0.666587
0.666646
0.666705
0.666764
0.666823
0.666881
0.666940
0.666999
0.667058
0.667117
0.667175
0.667234
0.667293
0.667352
0.667410
0.667469
0.667528
0.667586
0.667645
0.667704
0.667762
0.667821
0.667879
0.667938
0.667997
0.668055
0.668114
0.668172
0.668231
0.668289
0.668348
0.668407
0.668465
0.668524
0.668582
0.668641
0.668699
0.668758
0.668816
0.668875
0.668933
0.668992
0.669050
0.669109
0.669167
0.669226
0.669285
0.669343
0.669402
0.669460
0.669519
0.669577
0.669636
0.669695
0.669753
0.669812
0.669870
0.669929
0.669988
0.670046
0.670105
0.670164
0.670223
0.670223
0.670281
0.670340
0.670399
0.670458
0.670517
0.670575
0.670634
0.670693
0.670752
0.670811
0.670870
0.670929
0.670988
0.671047
0.671106
0.671165
0.671224
0.671284
0.671343
0.671402
0.671461
0.671521
0.671580
0.671639
0.671699
0.671758
0.671818
0.671877
0.671937
0.671996
0.672056
0.672116
0.672175
0.672235
0.672295
0.672355
0.672415
0.672475
0.672535
0.672595
0.672655
0.672715
0.672775
0.672836
0.672896
0.672956
0.673017
0.673077
0.673138
0.673199
0.673259
0.673320
0.673381
0.673442
0.673503
0.673564
0.673625
0.673686
0.673747
0.673808
0.673870
0.673931
0.673992
0.674054
0.674116
0.674177
0.674239
0.674301
0.674363
0.674425
0.674487
0.674549
0.674611
0.674674
0.674736
0.674798
0.674861
0.674924
0.674986
0.675049
0.675112
0.675175
0.675238
0.675302
0.675365
0.675428
0.675492
0.675555
0.675619
0.675683
0.675747
0.675811
0.675875
0.675939
0.676003
0.676068
0.676132
0.676197
0.676262
0.676326
0.676391
0.676456
0.676521
0.676587
0.676652
0.676718
0.676783
0.676849
0.676915
0.676981
0.677047
0.677113
0.677180
0.677246
0.677313
0.677379
0.677446
0.677513
0.677580
0.677647
0.677715
0.677782
0.677850
0.677918
0.677986
0.678054
0.678122
0.678190
0.678258
0.678327
0.678396
0.678465
0.678534
0.678603
0.678672
0.678741
0.678811
0.678881
0.678951
0.679021
0.679091
0.679161
0.679232
0.679302
0.679373
0.679444
0.679515
0.679586
0.679658
0.679729
0.679801
0.679873
0.679945
0.680017
0.680089
0.680162
0.680234
0.680307
0.680380
0.680453
0.680526
0.680600
0.680673
0.680747
0.680821
0.680895
0.680969
0.681044
0.681118
0.681193
0.681268
0.681343
0.681418
0.681494
0.681569
0.681645
0.681721
0.681797
0.681873
0.681950
0.682026
0.682103
0.682180
0.682257
0.682334
0.682412
0.682489
0.682567
0.682645
0.682723
0.682801
0.682880
0.682958
0.683037
0.683116
0.683195
0.683274
0.683354
0.683433
0.683513
0.683593
0.683673
0.683753
0.683833
0.683914
0.683994
0.684075
0.684156
0.684237
0.684319
0.684400
0.684482
0.684563
0.684645
0.684727
0.684810
0.684892
0.684974
0.685057
0.685140
0.685223
0.685306
0.685389
0.685472
0.685556
0.685639
0.685723
0.685807
0.685891
0.685975
0.686059
0.686144
0.686228
0.686313
0.686398
0.686483
0.686568
0.686653
0.686738
0.686824
0.686909
0.686995
0.687081
0.687167
0.687253
0.687339
0.687425
0.687511
0.687598
0.687684
0.687771
0.687858
0.687945
0.688032
0.688119
0.688206
0.688294
0.688381
0.688469
0.688556
0.688644
0.688732
0.688820
0.688908
0.688996
0.689084
0.689173
0.689261
0.689350
0.689439
0.689527
0.689616
0.689705
0.689794
0.689883
0.689973
0.690062
0.690152
0.690241
0.690331
0.690421
0.690510
0.690600
0.690690
0.690781
0.690871
0.690961
0.691052
0.691142
0.691233
0.691324
0.691415
0.691505
0.691597
0.691688
0.691779
0.691870
0.691962
0.692053
0.692145
0.692237
0.692329
0.692421
0.692513
0.692605
0.692697
0.692789
0.692882
0.692974
0.693067
0.693160
0.693253
0.693346
0.693439
0.693532
0.693625
0.693718
0.693812
0.693905
0.693999
0.694093
0.694187
0.694281
0.694375
0.694469
0.694563
0.694657
0.694751
0.694846
0.694940
0.695035
0.695130
0.695225
0.695320
0.695415
0.695510
0.695605
0.695700
0.695795
0.695891
0.695986
0.696082
0.696177
0.696273
0.696369
0.696464
0.696560
0.696656
0.696752
0.696848
0.696944
0.697041
0.697137
0.697233
0.697330
0.697426
0.697523
0.697619
0.697716
0.697812
0.697909
0.698006
0.698103
0.698199
0.698296
0.698393
0.698490
0.698587
0.698685
0.698782
0.698879
0.698976
0.699073
0.699171
0.699268
0.699365
0.699463
0.699560
0.699658
0.699755
0.699853
0.699951
0.700048
0.700146
0.700244
0.700342
0.700439
0.700537
0.700635
0.700733
0.700831
0.700929
0.701027
0.701125
0.701223
0.701322
0.701420
0.701518
0.701616
0.701715
0.701813
0.701911
0.702010
0.702108
0.702207
0.702305
0.702404
0.702503
0.702601
0.702700
0.702799
0.702898
0.702996
0.703095
0.703194
0.703293
0.703392
0.703491
0.703590
0.703690
0.703789
0.703888
0.703987
0.704087
0.704186
0.704286
0.704385
0.704485
0.704584
0.704684
0.704783
0.704883
0.704983
0.705083
0.705183
0.705283
0.705382
0.705482
0.705583
0.705683
0.705783
0.705883
0.705983
0.706083
0.706184
0.706284
0.706385
0.706485
0.706586
0.706686
0.706787
0.706887
0.706988
0.707089
0.707189
0.707290
0.707391
0.707492
0.707593
0.707694
0.707795
0.707896
0.707997
0.708098
0.708199
0.708300
0.708401
0.708502
0.708603
0.708705
0.708806
0.708907
0.709008
0.709110
0.709211
0.709312
0.709414
0.709515
0.709616
0.709718
0.709819
0.709921
0.710022
0.710123
0.710225
0.710326
0.710428
0.710529
0.710630
0.710732
0.710833
0.710935
0.711036
0.711137
0.711239
0.711340
0.711441
0.711542
0.711644
0.711644
0.711745
0.711846
0.711947
0.712048
0.712149
0.712250
0.712351
0.712452
0.712553
0.712654
0.712755
0.712856
0.712957
0.713057
0.713158
0.713259
0.713359
0.713460
0.713560
0.713660
0.713761
0.713861
0.713961
0.714061
0.714161
0.714261
0.714361
0.714461
0.714560
0.714660
0.714760
0.714859
0.714958
0.715058
0.715157
0.715256
0.715355
0.715454
0.715553
0.715651
0.715750
0.715848
0.715947
0.716045
0.716143
0.716241
0.716339
0.716437
0.716535
0.716632
0.716730
0.716827
0.716924
0.717021
0.717118
0.717215
0.717312
0.717408
0.717505
0.717601
0.717698
0.717793
0.717890
0.717984
0.718083
0.718173
0.718277
0.718358
0.718477
0.718531
0.718694
0.718673
0.718966
0.718719
0.719401
0.718475
0.720336
0.717370
0.722573
0.714696
0.725824
0.715237
0.724132
0.713938
0.724158
0.714633
0.721401
0.712701
0.722475
0.713633
0.721192
0.712735
0.721728
0.713261
0.721242
0.713224
0.722263
0.714346
0.722773
0.714892
0.723524
0.715564
0.723856
0.715938
0.724342
0.716416
0.724618
0.716703
0.724877
0.716954
0.725009
0.717096
0.725109
0.717205
0.725148
0.717266
0.725174
0.717313
0.725177
0.717335
0.725164
0.717337
0.725131
0.717318
0.725087
0.717288
0.725035
0.717249
0.724979
0.717205
0.724921
0.717160
0.724867
0.717116
0.724818
0.717076
0.724777
0.717043
0.724746
0.717017
0.724726
0.716999
0.724715
0.716988
0.724715
0.716986
0.724724
0.716991
0.724744
0.717004
0.724773
0.717026
0.724811
0.717055
0.724859
0.717093
0.724916
0.717138
0.724981
0.717191
0.725055
0.717252
0.725138
0.717319
0.725228
0.717394
0.725325
0.717475
0.725428
0.717562
0.725538
0.717654
0.725653
0.717751
0.725772
0.717852
0.725895
0.717957
0.726022
0.718064
0.726151
0.718173
0.726281
0.718284
0.726413
0.718395
0.726546
0.718507
0.726678
0.718618
0.726809
0.718728
0.726939
0.718837
0.727068
0.718944
0.727194
0.719049
0.727318
0.719152
0.727439
0.719251
0.727557
0.719348
0.727672
0.719442
0.727783
0.719532
0.727891
0.719619
0.727996
0.719703
0.728097
0.719784
0.728195
0.719862
0.728290
0.719937
0.728381
0.720009
0.728470
0.720079
0.728555
0.720146
0.728638
0.720211
0.728719
0.720273
0.728797
0.720334
0.728873
0.720393
0.728947
0.720450
0.729019
0.720506
0.729090
0.720561
0.729159
0.720614
0.729228
0.720667
0.729295
0.720719
0.729361
0.720771
0.729426
0.720822
0.729490
0.720873
0.729554
0.720923
0.729618
0.720973
0.729681
0.721023
0.729744
0.721074
0.729806
0.721124
0.729868
0.721174
0.729930
0.721224
0.729992
0.721274
0.730054
0.721324
0.730116
0.721374
0.730177
0.721424
0.730239
0.721475
0.730300
0.721525
0.730362
0.721576
0.730423
0.721626
0.730484
0.721677
0.730546
0.721728
0.730607
0.721779
0.730668
0.721830
0.730729
0.721880
0.730790
0.721931
0.730852
0.721982
0.730913
0.722033
0.730974
0.722085
0.731035
0.722136
0.731096
0.722187
0.731157
0.722238
0.731219
0.722289
0.731279
0.722340
0.731341
0.722393
0.731402
0.722442
0.731465
0.722497
0.731523
0.722543
0.731590
0.722604
0.731643
0.722639
0.731720
0.722722
0.731754
0.722717
0.731866
0.722874
0.731834
0.722735
0.732064
0.723152
0.731800
0.722558
0.732416
0.723925
0.731224
0.722008
0.733053
0.726096
0.728453
0.723651
0.732286
0.722227
0.734306
0.729264
0.724355
0.731896
0.723328
0.734368
0.727282
0.727016
0.726684
0.730002
0.726003
0.733176
0.720920
0.737603
0.734313
0.719974
0.737766
0.734144
0.720857
0.730155
0.726866
0.723985
0.726981
0.722624
0.729245
0.720285
0.731410
0.725273
0.727891
0.724671
0.733583
0.723855
0.737816
0.734742
0.725258
0.737854
0.733772
0.726939
0.732725
0.723883
0.735205
0.728393
0.731077
0.725272
0.734183
0.723107
0.734737
0.729991
0.725570
0.733676
0.724915
0.736492
0.730765
0.725378
0.733265
0.724719
0.736795
0.731449
0.723801
0.733464
0.724911
0.735537
0.727130
0.731312
0.723436
0.735411
0.728299
0.731024
0.724518
0.735474
0.725209
0.736024
0.727944
0.732998
0.724717
0.736847
0.730683
0.728033
0.730839
0.727110
0.736495
0.723051
0.740540
0.736137
0.720237
0.739861
0.735910
0.722380
0.730949
0.727930
0.725459
0.728202
0.724367
0.731209
0.722048
0.733927
0.729789
0.726002
0.733955
0.726141
0.739608
0.736100
0.727933
0.739683
0.733194
0.736582
0.727291
0.737859
0.729729
0.735417
0.726097
0.739094
0.735110
0.724798
0.736134
0.731693
0.729526
0.731393
0.727590
0.735881
0.723558
0.741350
0.737278
0.721033
0.740450
0.736677
0.723273
0.732179
0.729628
0.726759
0.729968
0.725201
0.732833
0.722944
0.734605
0.730950
0.725659
0.735329
0.726741
0.739590
0.736012
0.728586
0.739441
0.731481
0.739130
0.727343
0.738008
0.732812
0.729672
0.734447
0.727540
0.738512
0.729178
0.735971
0.724887
0.741193
0.738171
0.738171
0.722497
0.739324
0.737095
0.724199
0.734004
0.731633
0.725630
0.731281
0.723950
0.733780
0.725551
0.733920
0.724419
0.736538
0.732681
0.728588
0.736223
0.728019
0.741634
0.738675
0.727491
0.740546
0.738597
0.727579
0.737670
0.733759
0.728736
0.735178
0.726788
0.738627
0.734026
0.726920
0.736252
0.726671
0.738955
0.735343
0.726246
0.738119
0.733371
0.733928
0.729798
0.736415
0.725705
0.741935
0.739386
0.722640
0.744014
0.738705
0.724081
0.734590
0.733615
0.726343
0.733105
0.726017
0.734097
0.724944
0.734857
0.727411
0.734057
0.725225
0.739074
0.737461
0.727986
0.740921
0.738833
0.730983
0.739809
0.730471
0.739950
0.730178
0.739318
0.728983
0.739507
0.732379
0.734006
0.728529
0.739160
0.726986
0.742766
0.739692
0.723652
0.742777
0.739121
0.724971
0.734463
0.732895
0.726794
0.733272
0.725689
0.735249
0.726754
0.734713
0.724725
0.737497
0.735452
0.726983
0.739120
0.735032
0.735529
0.732974
0.738308
0.729857
0.742764
0.739298
0.728277
0.741659
0.739989
0.727192
0.740482
0.739321
0.725916
0.739416
0.738058
0.725043
0.734695
0.732593
0.724358
0.733135
0.726086
0.735191
0.725663
0.737105
0.732603
0.730697
0.734181
0.730100
0.741377
0.727621
0.747670
0.742577
0.725306
0.747107
0.741880
0.727085
0.735197
0.733142
0.729211
0.733216
0.726608
0.735799
0.725769
0.735888
0.728613
0.735254
0.726273
0.741270
0.740475
0.726695
0.744979
0.742891
0.728321
0.739680
0.738184
0.726869
0.735078
0.730643
0.731249
0.728546
0.733689
0.726129
0.738187
0.733048
0.732144
0.734178
0.733823
0.739984
0.729452
0.747584
0.744581
0.724227
0.755149
0.743907
0.727459
0.732534
0.729602
0.730961
0.726112
0.730258
0.722955
0.734203
0.726993
0.732253
0.722077
0.737036
0.737264
0.722969
0.744968
0.742083
0.727566
0.739494
0.738200
0.726618
0.733742
0.728585
0.731106
0.725969
0.734988
0.724311
0.737858
0.736868
0.723168
0.741131
0.740261
0.726574
0.738397
0.738158
0.728100
0.736548
0.731453
0.732341
0.727538
0.735049
0.724570
0.739685
0.738701
0.723116
0.743357
0.740548
0.726487
0.737396
0.736968
0.728043
0.735466
0.728581
0.734607
0.724922
0.735639
0.731470
0.727812
0.733858
0.726799
0.740299
0.738137
0.727774
0.741003
0.739945
0.728904
0.739594
0.736902
0.727430
0.737668
0.730741
0.736341
0.724690
0.738311
0.736870
0.720842
0.739935
0.737362
0.722738
0.734555
0.734656
0.724062
0.732419
0.728214
0.729178
0.725995
0.732596
0.723656
0.737538
0.737200
0.722593
0.743672
0.740957
0.725682
0.740086
0.739933
0.727702
0.735662
0.732192
0.729014
0.730741
0.725956
0.735183
0.722850
0.740849
0.738543
0.721895
0.743390
0.740525
0.726585
0.736371
0.735729
0.728384
0.735003
0.726722
0.735349
0.725869
0.734576
0.724701
0.736006
0.731006
0.732569
0.729469
0.739085
0.725787
0.748172
0.740708
0.721340
0.745418
0.740326
0.725185
0.732745
0.731035
0.725843
0.730899
0.723480
0.733130
0.724523
0.731730
0.720468
0.735497
0.735811
0.721263
0.740254
0.739254
0.725441
0.736538
0.736069
0.725411
0.733060
0.727535
0.730274
0.723690
0.734056
0.723935
0.735492
0.732983
0.725253
0.736803
0.729313
0.738754
0.726243
0.739838
0.738631
0.723820
0.740159
0.738007
0.722514
0.733786
0.733868
0.722655
0.731591
0.728698
0.724917
0.728664
0.722241
0.733819
0.725207
0.735230
0.723753
0.738897
0.738247
0.722607
0.741731
0.739462
0.724553
0.736426
0.736172
0.724301
0.731823
0.727557
0.726329
0.725699
0.726973
0.726745
0.730443
0.725344
0.738743
0.725139
0.745546
0.740321
0.721486
0.747973
0.741586
0.724599
0.735406
0.735149
0.724196
0.729746
0.722638
0.727204
0.718296
0.729239
0.724813
0.725371
0.724003
0.731782
0.723367
0.739771
0.739256
0.719841
0.748881
0.740970
0.722913
0.734226
0.734543
0.724229
0.729024
0.721839
0.728486
0.719429
0.729670
0.725049
0.722692
0.725399
0.723167
0.734938
0.719671
0.748703
0.739302
0.718094
0.743054
0.738793
0.724276
0.728769
0.724655
0.725642
0.723335
0.727122
0.719854
0.729337
0.718560
0.729592
0.725441
0.726730
0.726752
0.732952
0.725981
0.738634
0.733861
0.727581
0.736516
0.720341
0.746951
0.735649
0.711645
0.739371
0.734845
0.720129
0.724782
0.720922
0.718790
0.718522
0.717831
0.720781
0.716875
0.726965
0.712534
0.738209
0.731801
0.714075
0.740456
0.737656
0.723436
0.731327
0.729611
0.722763
0.727749
0.719026
0.728016
0.720000
0.725429
0.715193
0.729740
0.730825
0.716556
0.734783
0.734092
0.719820
0.731694
0.731759
0.719718
0.727624
0.724425
0.721186
0.723582
0.718412
0.728757
0.716568
0.732320
0.731237
0.715099
0.735251
0.733234
0.718957
0.729395
0.729759
0.719911
0.727354
0.721011
0.724977
0.715794
0.726429
0.721537
0.722883
0.718925
0.730031
0.716144
0.716144
0.740241
0.732347
0.714013
0.736461
0.734013
0.719370
0.726444
0.724587
0.718012
0.724282
0.715835
0.725538
0.719448
0.719811
0.715329
0.726265
0.713370
0.736677
0.730577
0.713352
0.734932
0.733205
0.718703
0.726270
0.724871
0.717202
0.724425
0.716049
0.725306
0.717191
0.722922
0.712152
0.726853
0.728062
0.713080
0.731526
0.730730
0.716592
0.727882
0.728334
0.716715
0.724592
0.721225
0.718958
0.719891
0.717123
0.724742
0.713046
0.731761
0.729571
0.711567
0.735627
0.731651
0.716839
0.727198
0.727781
0.717678
0.724591
0.717942
0.722437
0.712637
0.723051
0.719860
0.715690
0.722605
0.714467
0.729789
0.730117
0.712369
0.734928
0.730379
0.715266
0.726706
0.727213
0.715220
0.722379
0.718458
0.717644
0.715990
0.718314
0.714334
0.724036
0.708449
0.736013
0.728301
0.708094
0.734584
0.731299
0.716729
0.723273
0.721246
0.716810
0.719878
0.712817
0.721577
0.711038
0.720572
0.715085
0.718543
0.713393
0.726687
0.716909
0.728692
0.726509
0.716492
0.727548
0.724216
0.718714
0.722976
0.712650
0.727491
0.726983
0.708039
0.730382
0.724561
0.708733
0.720567
0.722015
0.710575
0.718113
0.714901
0.713174
0.713651
0.712114
0.717621
0.709666
0.722889
0.723579
0.711579
0.728773
0.729493
0.712642
0.731177
0.728316
0.713196
0.723690
0.723962
0.711815
0.718681
0.714681
0.712745
0.713212
0.712545
0.717914
0.711085
0.723696
0.720012
0.718389
0.721453
0.718070
0.730697
0.710750
0.745388
0.740753
0.718395
0.717684
0.718810
0.718032
0.711260
0.710158
0.706060
0.717525
0.706941
0.722418
0.718013
0.699109
0.718744
0.720194
0.709371
0.721614
0.722866
0.712378
0.719276
0.712898
0.716058
0.707204
0.717990
0.712413
0.717613
0.708501
0.722722
0.723870
0.708880
0.726867
0.725239
0.710094
0.722859
0.723208
0.709701
0.717880
0.717061
0.708310
0.716181
0.708090
0.717330
0.707484
0.717697
0.711197
0.718149
0.707372
0.723173
0.723353
0.706320
0.725878
0.723383
0.709357
0.719012
0.719299
0.708705
0.716236
0.710648
0.714708
0.706108
0.716978
0.712206
0.713473
0.708337
0.720674
0.705877
0.731340
0.722439
0.704850
0.724443
0.724313
0.710156
0.716508
0.714364
0.707496
0.714528
0.705239
0.715324
0.712980
0.703378
0.713747
0.707730
0.718230
0.705515
0.721955
0.720928
0.704978
0.721844
0.720940
0.706516
0.715575
0.716055
0.705718
0.714034
0.709821
0.710950
0.705352
0.714904
0.701680
0.722147
0.717838
0.702881
0.719880
0.721646
0.708131
0.717026
0.717117
0.706666
0.715257
0.711210
0.710586
0.706051
0.712428
0.702211
0.718378
0.718793
0.700958
0.724721
0.720130
0.705987
0.716170
0.717168
0.707173
0.714258
0.707117
0.712970
0.701634
0.713411
0.713909
0.699903
0.714569
0.716462
0.703218
0.715630
0.717051
0.704628
0.713693
0.713623
0.704199
0.712346
0.705310
0.713257
0.701363
0.715470
0.716154
0.701175
0.717150
0.717578
0.704092
0.714261
0.715353
0.704525
0.712825
0.709884
0.706932
0.708385
0.703681
0.714437
0.698956
0.723923
0.715919
0.700855
0.717179
0.719768
0.706533
0.713556
0.712078
0.703970
0.712291
0.703221
0.712056
0.704312
0.707802
0.698621
0.712067
0.713588
0.701893
0.715061
0.716617
0.701941
0.716117
0.715658
0.700822
0.711927
0.712981
0.700442
0.708906
0.708565
0.699734
0.708377
0.700882
0.710695
0.700126
0.711187
0.710391
0.701944
0.712738
0.706184
0.715487
0.700323
0.720088
0.715271
0.700821
0.713672
0.715308
0.701929
0.710309
0.710234
0.699767
0.709072
0.706510
0.703472
0.705104
0.699721
0.711920
0.696669
0.721500
0.713166
0.699507
0.713488
0.716287
0.703740
0.711164
0.709527
0.701007
0.710177
0.701081
0.710068
0.700986
0.707464
0.693733
0.715006
0.711740
0.697818
0.711645
0.713805
0.700477
0.709428
0.709627
0.697860
0.707256
0.707115
0.698399
0.707068
0.698327
0.708699
0.699982
0.710263
0.698419
0.712827
0.712708
0.696989
0.713547
0.712957
0.699045
0.709407
0.710444
0.698400
0.706686
0.705652
0.697726
0.706311
0.696426
0.707885
0.707769
0.696364
0.708285
0.710461
0.698703
0.710166
0.711351
0.698000
0.710043
0.710994
0.697108
0.707814
0.708716
0.695848
0.705724
0.706932
0.696088
0.705362
0.704678
0.697762
0.706657
0.695525
0.710318
0.710059
0.694123
0.711299
0.710972
0.697844
0.707526
0.708503
0.697937
0.706269
0.702524
0.701658
0.698636
0.703552
0.695836
0.708141
0.707669
0.697714
0.709929
0.710275
0.700929
0.711098
0.703559
0.711136
0.692856
0.718930
0.710490
0.687501
0.710079
0.707163
0.693717
0.699710
0.696763
0.696157
0.694599
0.696747
0.693013
0.703047
0.686196
0.716765
0.711605
0.694389
0.706537
0.709700
0.704258
0.705718
0.694642
0.704657
0.700497
0.701473
0.693724
0.703777
0.687494
0.711522
0.704080
0.694002
0.706709
0.705176
0.705201
0.696329
0.696329
0.704798
0.687961
0.714437
0.706372
0.685611
0.705946
0.704528
0.692356
0.698601
0.694309
0.698153
0.691004
0.701023
0.690783
0.699917
0.693470
0.698295
0.689953
0.704411
0.706638
0.692035
0.709819
0.707422
0.693892
0.703514
0.703906
0.691958
0.700134
0.698481
0.691514
0.699964
0.686975
0.704600
0.700923
0.686830
0.699766
0.703033
0.691001
0.700666
0.701444
0.689664
0.699341
0.699976
0.689906
0.698472
0.693600
0.697148
0.688988
0.701144
0.697413
0.698947
0.692545
0.705648
0.688666
0.715663
0.707671
0.683054
0.710290
0.707976
0.691575
0.696167
0.694026
0.689801
0.691994
0.685115
0.694817
0.683949
0.695356
0.696739
0.684976
0.699979
0.703365
0.690630
0.703831
0.704893
0.691608
0.700694
0.700837
0.688761
0.696470
0.694651
0.688958
0.696347
0.684719
0.701902
0.699878
0.685415
0.699130
0.701442
0.688779
0.698265
0.699132
0.687617
0.696577
0.696205
0.687661
0.695918
0.685679
0.696161
0.694974
0.686710
0.697486
0.689334
0.700000
0.692203
0.698375
0.683690
0.705715
0.698760
0.687374
0.697078
0.690125
0.699980
0.686874
0.696134
0.694649
0.685276
0.695352
0.689141
0.696091
0.678995
0.703422
0.695712
0.684442
0.695250
0.691382
0.697395
0.682219
0.697142
0.696012
0.681997
0.696033
0.697094
0.683258
0.692808
0.694404
0.682813
0.693452
0.695194
0.683994
0.692845
0.692699
0.683807
0.693693
0.686173
0.697274
0.685502
0.697826
0.697935
0.684535
0.698002
0.699124
0.684978
0.697115
0.697852
0.684405
0.694438
0.695447
0.682994
0.691996
0.692813
0.682543
0.691906
0.690288
0.686751
0.692169
0.682664
0.697710
0.698216
0.680803
0.702728
0.697297
0.687460
0.695740
0.686319
0.696634
0.694137
0.683562
0.692699
0.684104
0.694361
0.682871
0.692750
0.686586
0.692349
0.680914
0.698182
0.696264
0.680676
0.695582
0.695514
0.682413
0.691980
0.692761
0.680394
0.689968
0.690884
0.679507
0.688934
0.689395
0.679584
0.689404
0.685899
0.688660
0.681604
0.694662
0.682687
0.697582
0.694912
0.681379
0.694971
0.696555
0.682117
0.694567
0.694290
0.680226
0.691024
0.691875
0.678340
0.687915
0.689231
0.677100
0.687936
0.690178
0.678649
0.689303
0.691124
0.679395
0.690100
0.691944
0.680215
0.691072
0.692743
0.680592
0.691464
0.692971
0.680406
0.691431
0.692872
0.680042
0.691069
0.692488
0.679686
0.690424
0.691890
0.679383
0.689773
0.691269
0.679206
0.689342
0.690774
0.679274
0.689179
0.690294
0.679733
0.689289
0.688638
0.681411
0.691357
0.676100
0.699607
0.689835
0.680913
0.689444
0.679643
0.695437
0.692358
0.676038
0.688703
0.690608
0.678557
0.687370
0.687456
0.675531
0.684987
0.685876
0.677581
0.687447
0.678769
0.689309
0.677732
0.688565
0.687425
0.679146
0.690204
0.680209
0.691243
0.689128
0.678442
0.688666
0.684374
0.687329
0.676763
0.688493
0.688336
0.677002
0.688581
0.689368
0.676745
0.688826
0.689216
0.674434
0.689308
0.687899
0.675342
0.684408
0.684516
0.674947
0.684406
0.676058
0.687235
0.671410
0.693012
0.684482
0.678160
0.684058
0.676219
0.690291
0.690230
0.672598
0.692326
0.686986
0.679357
0.686126
0.672517
0.692668
0.685770
0.676113
0.685735
0.673726
0.693288
0.685518
0.674092
0.684037
0.674514
0.690402
0.687803
0.672834
0.684020
0.686288
0.674392
0.684978
0.685707
0.672543
0.683938
0.685514
0.672876
0.684063
0.685279
0.672330
0.683618
0.685241
0.672782
0.683944
0.685432
0.672890
0.683665
0.685132
0.672787
0.683602
0.685117
0.672867
0.683661
0.685126
0.672859
0.683649
0.685069
0.672757
0.683571
0.684952
0.672574
0.683392
0.684740
0.672317
0.683114
0.684451
0.672035
0.682787
0.684131
0.671773
0.682465
0.683823
0.671556
0.682192
0.683559
0.671397
0.681984
0.683349
0.671290
0.681835
0.683180
0.671221
0.681718
0.683025
0.671175
0.681609
0.682854
0.671155
0.681484
0.682622
0.671206
0.681327
0.682176
0.671501
0.681213
0.680361
0.672924
0.683487
0.666285
0.692641
0.688065
0.662978
0.686641
0.685606
0.672008
0.676816
0.672635
0.674122
0.668169
0.677881
0.661802
0.685957
0.677196
0.668715
0.679930
0.672087
0.689071
0.686825
0.672460
0.682320
0.683844
0.673046
0.680307
0.675178
0.673378
0.670917
0.677130
0.668996
0.683044
0.682509
0.666334
0.686626
0.679550
0.677979
0.671494
0.681858
0.664269
0.692120
0.689700
0.668176
0.671038
0.667963
0.675608
0.663231
0.670374
0.666116
0.668718
0.664806
0.677280
0.658766
0.687638
0.694367
0.675458
0.671836
0.678978
0.678396
0.677881
0.665977
0.674374
0.661993
0.679538
0.674540
0.664141
0.673457
0.663056
0.680661
0.679999
0.669732
0.679602
0.676261
0.676080
0.667188
0.677702
0.658900
0.689285
0.694922
0.675367
0.666847
0.672761
0.671069
0.671394
0.660770
0.669573
0.658708
0.673967
0.671792
0.659628
0.668712
0.667484
0.667484
0.670359
0.667709
0.679012
0.662847
0.690927
0.684600
0.665225
0.672545
0.670213
0.675442
0.663381
0.671061
0.664734
0.670974
0.658004
0.674708
0.669676
0.659315
0.670359
0.661199
0.677912
0.675864
0.663915
0.672557
0.668203
0.671149
0.660211
0.670615
0.668904
0.662260
0.673426
0.655863
0.685193
0.690094
0.666816
0.663642
0.665587
0.668387
0.662924
0.663256
0.653661
0.665243
0.660269
0.669870
0.651370
0.678006
0.676752
0.653829
0.679432
0.679130
0.667801
0.671169
0.662146
0.667931
0.655662
0.665456
0.665962
0.655512
0.665371
0.665857
0.662182
0.671111
0.656579
0.682787
0.671232
0.668191
0.663321
0.673097
0.658304
0.679817
0.666420
0.666920
0.657341
0.669476
0.667078
0.660623
0.664365
0.651029
0.673905
0.663733
0.667705
0.652400
0.671882
0.666252
0.659128
0.663710
0.653339
0.669514
0.666563
0.654355
0.663162
0.656744
0.667540
0.648391
0.674388
0.671684
0.650399
0.665324
0.666610
0.657501
0.660951
0.650011
0.659640
0.655258
0.661410
0.650243
0.664458
0.665474
0.654061
0.666671
0.669766
0.660676
0.670097
0.666388
0.664214
0.661197
0.663313
0.657049
0.670817
0.648259
0.690268
0.692843
0.676328
0.662504
0.665902
0.664803
0.658680
0.652462
0.649994
0.651169
0.652025
0.652751
0.648500
0.656249
0.641499
0.672224
0.673266
0.652453
0.681630
0.681243
0.663419
0.665516
0.660420
0.657010
0.653673
0.651132
0.650319
0.648395
0.653311
0.646718
0.659950
0.659687
0.656712
0.666741
0.651195
0.679971
0.675280
0.650145
0.665556
0.663474
0.654737
0.654445
0.642934
0.651239
0.643628
0.653522
0.640609
0.654731
0.653973
0.644934
0.655638
0.651155
0.662266
0.646015
0.667248
0.656165
0.656373
0.647338
0.658672
0.649910
0.659302
0.648161
0.658233
0.648850
0.659438
0.649944
0.659799
0.643084
0.664074
0.654029
0.656160
0.646421
0.657536
0.653011
0.655076
0.644479
0.655500
0.652231
0.654409
0.646681
0.660141
0.643497
0.669527
0.655427
0.656561
0.647008
0.658936
0.656056
0.649735
0.652270
0.640842
0.657736
0.653832
0.646521
0.655225
0.638920
0.667227
0.664700
0.645081
0.653755
0.655390
0.649784
0.651444
0.638154
0.648103
0.649541
0.641547
0.652118
0.645301
0.657093
0.638976
0.665395
0.663308
0.641664
0.663469
0.659849
0.650482
0.651738
0.641733
0.651450
0.644944
0.653311
0.636374
0.660166
0.649861
0.652652
0.643919
0.656828
0.654831
0.655024
0.647190
0.658142
0.639314
0.669467
0.675544
0.660414
0.646033
0.651448
0.651919
0.648085
0.642851
0.639719
0.641156
0.639914
0.647324
0.633422
0.655993
0.645354
0.656530
0.642130
0.669344
0.659366
0.656108
0.646841
0.655351
0.639516
0.657790
0.645086
0.645160
0.635395
0.647485
0.643279
0.649520
0.633176
0.655090
0.644457
0.650746
0.634760
0.654030
0.647126
0.643314
0.640010
0.643297
0.639214
0.651630
0.629408
0.666047
0.673399
0.661264
0.646583
0.649570
0.649577
0.644284
0.637754
0.635272
0.635881
0.638040
0.636557
0.639138
0.631552
0.645386
0.638696
0.654682
0.655731
0.651585
0.660902
0.642916
0.667276
0.654444
0.640527
0.649084
0.640808
0.649571
0.642330
0.638637
0.634588
0.641261
0.632433
0.646805
0.644440
0.634647
0.646364
0.637837
0.649797
0.646157
0.638368
0.646671
0.629364
0.654584
0.651036
0.624719
0.646850
0.645595
0.634794
0.639306
0.631222
0.639903
0.629340
0.639146
0.638999
0.631768
0.642860
0.631647
0.650430
0.645855
0.643037
0.644927
0.641235
0.653088
0.633443
0.660050
0.665639
0.640994
0.645101
0.644076
0.644888
0.636670
0.637708
0.628235
0.639107
0.634770
0.641895
0.627347
0.647393
0.640615
0.644983
0.637526
0.650444
0.645716
0.648994
0.633782
0.647562
0.643311
0.635797
0.644042
0.627738
0.653430
0.641153
0.637703
0.632659
0.643073
0.628887
0.649209
0.634672
0.639773
0.624530
0.644577
0.638818
0.635404
0.630962
0.635565
0.629899
0.642815
0.631068
0.642286
0.639448
0.633024
0.643970
0.627021
0.654214
0.651118
0.631725
0.639005
0.638535
0.636359
0.631490
0.627873
0.628141
0.627706
0.636862
0.623657
0.651771
0.635964
0.645745
0.639123
0.649211
0.634643
0.652099
0.640378
0.639202
0.627867
0.638350
0.629986
0.639818
0.619558
0.644186
0.642541
0.622339
0.642654
0.639562
0.634065
0.632242
0.625556
0.636053
0.620199
0.644797
0.632667
0.635226
0.626257
0.639146
0.638557
0.635942
0.636121
0.630563
0.643671
0.623272
0.657902
0.665939
0.654962
0.638747
0.639812
0.639246
0.634127
0.627496
0.624028
0.623652
0.624917
0.624455
0.626249
0.621862
0.636260
0.621474
0.657596
0.668521
0.654754
0.640803
0.646824
0.644373
0.635883
0.628910
0.622180
0.626030
0.619478
0.629465
0.620065
0.630361
0.620572
0.633868
0.635247
0.630519
0.639873
0.624519
0.644581
0.630453
0.633473
0.619471
0.631946
0.631556
0.621026
0.621026
0.628672
0.619536
0.629686
0.621880
0.630518
0.613834
0.635991
0.624866
0.630652
0.618264
0.631538
0.632003
0.621678
0.629373
0.620149
0.630403
0.621733
0.631583
0.615529
0.636232
0.626122
0.631421
0.619226
0.632157
0.632474
0.622143
0.630298
0.621064
0.631492
0.622624
0.632600
0.615615
0.638299
0.626291
0.632419
0.619046
0.632755
0.632009
0.621819
0.629664
0.618751
0.630206
0.628926
0.620414
0.630372
0.616284
0.638080
0.626398
0.632589
0.618007
0.634479
0.630771
0.623813
0.627841
0.617160
0.631052
0.629403
0.620436
0.630625
0.615235
0.640140
0.626016
0.631963
0.617519
0.632285
0.630356
0.620768
0.627636
0.612946
0.632504
0.622988
0.627151
0.614647
0.628099
0.628839
0.619656
0.629318
0.618028
0.631138
0.628274
0.620252
0.629178
0.612436
0.638189
0.628635
0.619835
0.626605
0.618409
0.630860
0.628282
0.616538
0.625996
0.615044
0.629758
0.625634
0.619278
0.625381
0.612354
0.635543
0.622278
0.630254
0.614713
0.629963
0.625873
0.619764
0.622729
0.613158
0.625522
0.624242
0.616681
0.627355
0.610184
0.636887
0.643361
0.619700
0.624749
0.624585
0.624289
0.617971
0.616352
0.608643
0.621373
0.605852
0.631886
0.632882
0.611095
0.631280
0.631858
0.628461
0.626719
0.618741
0.626306
0.609881
0.630841
0.617427
0.624271
0.611748
0.626995
0.627824
0.619515
0.627855
0.614687
0.629546
0.622833
0.618373
0.616543
0.615708
0.621424
0.613694
0.625535
0.620608
0.625351
0.613012
0.631085
0.621575
0.627775
0.607387
0.631837
0.628636
0.606018
0.623218
0.617811
0.615266
0.608063
0.612541
0.603731
0.615477
0.614790
0.610622
0.620121
0.605273
0.633425
0.624538
0.617544
0.622942
0.616598
0.627444
0.619242
0.621662
0.605268
0.626616
0.615140
0.624118
0.608317
0.623155
0.618858
0.614998
0.615252
0.609592
0.622623
0.603412
0.633429
0.642457
0.631376
0.619441
0.620534
0.619237
0.614583
0.608998
0.606414
0.606779
0.609183
0.609585
0.614730
0.609095
0.625010
0.618811
0.634145
0.630248
0.634443
0.622007
0.632642
0.626876
0.617199
0.623546
0.604963
0.629574
0.627369
0.603643
0.617323
0.616775
0.610969
0.611152
0.600805
0.610986
0.602331
0.613233
0.607188
0.616158
0.600636
0.626346
0.614231
0.622616
0.610550
0.621142
0.619422
0.610593
0.617047
0.600066
0.623989
0.610748
0.617937
0.605377
0.617276
0.617408
0.608495
0.617023
0.602506
0.622201
0.611429
0.617479
0.602302
0.618769
0.614496
0.612217
0.609203
0.612516
0.607186
0.620700
0.601029
0.631321
0.640444
0.628909
0.615839
0.618182
0.615894
0.611211
0.604433
0.602623
0.599784
0.608177
0.598171
0.614736
0.611273
0.612809
0.612019
0.623881
0.611125
0.635768
0.617260
0.622204
0.612478
0.618844
0.604532
0.615901
0.611064
0.603513
0.610772
0.597518
0.618657
0.605737
0.612871
0.597584
0.615300
0.610591
0.609829
0.602533
0.612054
0.595911
0.621299
0.606599
0.612448
0.599592
0.613904
0.613428
0.604496
0.611593
0.596958
0.616989
0.606343
0.612633
0.597624
0.613707
0.610206
0.607516
0.606342
0.605301
0.611055
0.602674
0.614320
0.610073
0.611920
0.604905
0.620043
0.602705
0.628168
0.625662
0.603555
0.613235
0.613404
0.604566
0.606223
0.592377
0.601908
0.602169
0.597558
0.607574
0.592611
0.619624
0.606706
0.615192
0.604492
0.615658
0.613673
0.607286
0.609612
0.598225
0.611002
0.609012
0.604203
0.611002
0.597396
0.622299
0.607618
0.615375
0.607158
0.614076
0.600099
0.613771
0.606081
0.604317
0.597199
0.609517
0.593018
0.618286
0.617543
0.598940
0.607478
0.608810
0.606522
0.603325
0.595825
0.603720
0.588416
0.615927
0.603971
0.609879
0.597596
0.614439
0.613185
0.606826
0.609706
0.598284
0.610217
0.606946
0.600179
0.606715
0.591725
0.618741
0.604010
0.611334
0.602828
0.611152
0.596931
0.610454
0.602458
0.601030
0.593668
0.606372
0.589915
0.613775
0.613236
0.588810
0.610894
0.608555
0.604142
0.600397
0.595564
0.600202
0.591810
0.602794
0.599527
0.603270
0.596275
0.610641
0.602391
0.614046
0.607389
0.612246
0.597097
0.615845
0.602585
0.609687
0.591434
0.609560
0.599363
0.604632
0.588962
0.603028
0.599134
0.596741
0.594577
0.596233
0.594831
0.604441
0.588848
0.614774
0.616527
0.591454
0.616791
0.620131
0.604817
0.603345
0.594030
0.599315
0.588227
0.595716
0.590872
0.595464
0.588761
0.602596
0.598122
0.611410
0.593994
0.619932
0.613443
0.600849
0.608828
0.599652
0.607757
0.599546
0.600617
0.589621
0.600354
0.597417
0.600636
0.591644
0.603951
0.595927
0.607901
0.596232
0.606498
0.601185
0.601158
0.592393
0.604554
0.586260
0.610438
0.615159
0.593356
0.598210
0.597251
0.596848
0.589806
0.591121
0.582213
0.594406
0.589120
0.602406
0.585443
0.612463
0.601051
0.607920
0.595997
0.607638
0.606004
0.595499
0.600859
0.584312
0.584312
0.605106
0.593475
0.601324
0.589450
0.600217
0.599764
0.593807
0.600187
0.585654
0.607116
0.594655
0.602397
0.590851
0.600661
0.595789
0.600175
0.588138
0.599071
0.597007
0.592675
0.597713
0.586790
0.603156
0.595782
0.602471
0.585001
0.610606
0.596168
0.601930
0.589556
0.598409
0.589243
0.598362
0.582000
0.598433
0.589234
0.596613
0.582439
0.599783
0.593644
0.597093
0.586148
0.597185
0.594832
0.596245
0.588052
0.601135
0.584286
0.609889
0.614571
0.594569
0.599597
0.596875
0.598536
0.587057
0.593390
0.577402
0.597266
0.588136
0.597060
0.585135
0.598204
0.598531
0.592590
0.600400
0.585896
0.607355
0.593520
0.599842
0.588037
0.597737
0.591845
0.598938
0.582885
0.601932
0.590646
0.598486
0.584319
0.597596
0.594370
0.590079
0.591241
0.584976
0.598701
0.581392
0.604398
0.604580
0.580444
0.601423
0.597885
0.595114
0.587288
0.589443
0.580824
0.591659
0.582752
0.593469
0.584689
0.596710
0.588334
0.599662
0.591778
0.601706
0.582837
0.606416
0.591523
0.595912
0.582505
0.592946
0.592225
0.584649
0.591103
0.576158
0.598452
0.586634
0.594624
0.584261
0.594662
0.586920
0.596965
0.581237
0.598121
0.588155
0.594805
0.580135
0.595239
0.590138
0.590484
0.582299
0.594650
0.578801
0.604168
0.589355
0.594880
0.583099
0.594345
0.593635
0.586356
0.591323
0.576954
0.597144
0.586227
0.594622
0.581949
0.593306
0.592157
0.586820
0.591795
0.579882
0.595890
0.587850
0.594176
0.576756
0.600615
0.588150
0.595001
0.583905
0.593159
0.583559
0.592350
0.579975
0.588555
0.583093
0.589328
0.577690
0.593586
0.587909
0.593041
0.579699
0.596554
0.589087
0.595258
0.576794
0.599271
0.586260
0.592728
0.581146
0.590295
0.581590
0.591198
0.575207
0.592820
0.582964
0.591222
0.577126
0.593087
0.587592
0.589394
0.579411
0.590884
0.582475
0.592893
0.583017
0.593698
0.577101
0.600317
0.586757
0.593192
0.582660
0.592114
0.580886
0.589190
0.583270
0.584695
0.576410
0.590000
0.577100
0.597646
0.584837
0.593067
0.583238
0.593636
0.582071
0.590467
0.583999
0.585017
0.576000
0.588892
0.576758
0.593588
0.582942
0.592336
0.575273
0.598257
0.584971
0.590369
0.577075
0.586012
0.582621
0.582217
0.574845
0.586393
0.570846
0.595461
0.607349
0.584579
0.589694
0.590619
0.586848
0.583701
0.573853
0.581523
0.566221
0.592251
0.580704
0.588804
0.580862
0.592826
0.586409
0.595543
0.578800
0.594705
0.583151
0.588834
0.574151
0.587355
0.583873
0.582054
0.578331
0.584219
0.575920
0.587963
0.582658
0.586690
0.574781
0.591660
0.584204
0.592173
0.571903
0.594691
0.588672
0.574186
0.582370
0.573514
0.582663
0.575479
0.578639
0.566689
0.580836
0.578430
0.581791
0.573018
0.585846
0.577519
0.588583
0.579863
0.589546
0.570516
0.592859
0.591986
0.569674
0.585587
0.581690
0.581989
0.570916
0.579427
0.565602
0.584813
0.575573
0.584431
0.572388
0.586062
0.584741
0.581303
0.581646
0.575743
0.588370
0.571435
0.594882
0.606337
0.582742
0.586829
0.587159
0.582799
0.579001
0.569393
0.575503
0.563038
0.583104
0.575415
0.584931
0.573869
0.588189
0.587696
0.583649
0.584547
0.576034
0.586894
0.570020
0.591722
0.576884
0.583456
0.578148
0.583486
0.573332
0.581385
0.573499
0.580147
0.563223
0.586740
0.574205
0.580862
0.572863
0.581978
0.570394
0.580888
0.576860
0.572007
0.573394
0.567686
0.581677
0.565024
0.588307
0.590672
0.567951
0.587351
0.583101
0.581389
0.569739
0.574941
0.563325
0.574838
0.573352
0.570653
0.573673
0.569503
0.584096
0.568157
0.592687
0.590294
0.573086
0.583314
0.584274
0.576763
0.577922
0.565021
0.573941
0.572505
0.571700
0.570676
0.573125
0.570413
0.582479
0.566984
0.593235
0.600642
0.579298
0.583463
0.581783
0.576752
0.571139
0.563481
0.566800
0.559313
0.571420
0.569449
0.576706
0.567445
0.582299
0.581166
0.581145
0.574936
0.583204
0.565414
0.590433
0.574378
0.578723
0.569335
0.578706
0.569396
0.576471
0.564357
0.572087
0.565078
0.575015
0.560429
0.580407
0.570304
0.577807
0.567146
0.576440
0.573807
0.573049
0.566049
0.574811
0.559371
0.585666
0.572303
0.578728
0.573703
0.579044
0.569582
0.577434
0.567864
0.576344
0.560671
0.580333
0.569928
0.576860
0.566105
0.575101
0.570865
0.575160
0.563907
0.573106
0.570534
0.571155
0.565494
0.577042
0.561030
0.586157
0.582447
0.567948
0.576812
0.573723
0.578266
0.563304
0.570452
0.567577
0.565249
0.567067
0.563086
0.575477
0.559170
0.583722
0.587959
0.568111
0.578456
0.578846
0.570733
0.569153
0.557096
0.565684
0.558259
0.569122
0.562501
0.573618
0.562363
0.577564
0.573459
0.576064
0.566572
0.576321
0.567166
0.575750
0.564985
0.573790
0.564916
0.574883
0.564588
0.573282
0.567640
0.571948
0.560780
0.571928
0.569290
0.568425
0.563338
0.572681
0.572681
0.557141
0.584336
0.569127
0.574446
0.568291
0.574293
0.563179
0.570199
0.564618
0.564956
0.557334
0.570650
0.555530
0.581415
0.567487
0.573410
0.567516
0.574171
0.563571
0.570746
0.565117
0.565559
0.557764
0.570949
0.556787
0.581204
0.567547
0.574014
0.569359
0.572435
0.563518
0.572345
0.558042
0.571283
0.563902
0.570248
0.558348
0.571760
0.568782
0.567869
0.561542
0.571358
0.555771
0.581530
0.566656
0.571605
0.565134
0.572637
0.561881
0.569438
0.565069
0.561941
0.560225
0.562616
0.560037
0.571426
0.555896
0.581958
0.587186
0.568937
0.575863
0.575381
0.567850
0.564831
0.552443
0.561468
0.551021
0.565495
0.561892
0.566194
0.558306
0.570225
0.564253
0.574771
0.557801
0.577613
0.564712
0.569897
0.560326
0.568414
0.557532
0.565765
0.562472
0.560392
0.558810
0.561871
0.557942
0.571083
0.555179
0.580522
0.590576
0.570068
0.573792
0.572183
0.566456
0.560788
0.552106
0.556319
0.547920
0.561102
0.561800
0.562816
0.562401
0.568881
0.563502
0.576040
0.564828
0.575265
0.567955
0.570494
0.558024
0.567840
0.564120
0.562023
0.556077
0.564290
0.548683
0.574844
0.558673
0.566693
0.562146
0.564275
0.556347
0.564753
0.548845
0.566062
0.555515
0.563119
0.553789
0.563272
0.558527
0.564550
0.552404
0.564537
0.561892
0.562720
0.556032
0.567387
0.551586
0.577293
0.563549
0.568499
0.561445
0.568558
0.557190
0.563676
0.558872
0.557310
0.553321
0.562358
0.550693
0.571918
0.560999
0.568741
0.561683
0.569922
0.557010
0.567416
0.560949
0.559292
0.551348
0.562601
0.547497
0.571835
0.558140
0.563739
0.558782
0.564446
0.555033
0.562669
0.553410
0.562011
0.547490
0.566778
0.557814
0.564869
0.554033
0.562779
0.559771
0.560824
0.552069
0.562788
0.548083
0.570635
0.558409
0.564616
0.558829
0.564766
0.554718
0.562330
0.556133
0.559917
0.549115
0.560677
0.559166
0.559753
0.553894
0.565092
0.549178
0.575319
0.562328
0.565290
0.553512
0.563432
0.561767
0.554462
0.555220
0.546204
0.557715
0.551211
0.562742
0.550442
0.565038
0.559147
0.564445
0.551817
0.562850
0.559173
0.557077
0.550289
0.559105
0.544353
0.569913
0.555988
0.562944
0.559173
0.560629
0.553480
0.561287
0.544789
0.564469
0.553039
0.559897
0.553096
0.561627
0.551072
0.559797
0.556891
0.554192
0.553393
0.553397
0.556379
0.551690
0.564667
0.549240
0.574971
0.586613
0.564392
0.567052
0.565205
0.557692
0.553132
0.541973
0.548655
0.537837
0.554479
0.551821
0.558176
0.550691
0.562057
0.559263
0.564567
0.552337
0.561694
0.558560
0.556122
0.552336
0.556416
0.549367
0.561118
0.552005
0.561692
0.555058
0.562353
0.546271
0.565627
0.553109
0.558016
0.547846
0.555858
0.545219
0.552707
0.548077
0.549580
0.542465
0.555429
0.543289
0.563581
0.552923
0.559770
0.550885
0.559851
0.550091
0.557235
0.548301
0.555840
0.542330
0.558521
0.551770
0.557898
0.546283
0.557247
0.556350
0.552705
0.552719
0.547183
0.558493
0.542191
0.568633
0.556861
0.561325
0.551502
0.560674
0.557355
0.553338
0.545677
0.550608
0.540975
0.555441
0.551520
0.557252
0.546472
0.559696
0.557018
0.557212
0.547377
0.557660
0.542233
0.563066
0.549527
0.554586
0.548525
0.553677
0.544060
0.552124
0.544645
0.552490
0.538088
0.557847
0.549289
0.556622
0.546345
0.554943
0.550004
0.554820
0.542713
0.552204
0.550129
0.550146
0.545793
0.555093
0.542166
0.564707
0.552332
0.558928
0.553619
0.556136
0.546432
0.554809
0.543010
0.551561
0.547419
0.550113
0.542350
0.554297
0.544141
0.556080
0.550583
0.554148
0.544022
0.553914
0.549307
0.553174
0.540807
0.552634
0.549133
0.552581
0.542546
0.552805
0.547057
0.555562
0.537874
0.561269
0.548485
0.553348
0.546375
0.552088
0.541555
0.549234
0.543903
0.547800
0.538632
0.550218
0.547663
0.554407
0.542623
0.557190
0.551760
0.557403
0.542987
0.557256
0.549686
0.554297
0.539946
0.552236
0.548017
0.549840
0.540034
0.550722
0.542630
0.552560
0.544902
0.554146
0.539188
0.558769
0.548057
0.553760
0.542856
0.551042
0.543073
0.551185
0.537621
0.549575
0.545376
0.548897
0.540477
0.551726
0.544263
0.554305
0.544027
0.552967
0.546582
0.554035
0.539311
0.555866
0.546221
0.552691
0.540127
0.550212
0.547888
0.545102
0.541341
0.544496
0.538594
0.552842
0.536887
0.563652
0.551151
0.555966
0.546658
0.554934
0.544819
0.550403
0.536501
0.543885
0.540765
0.543705
0.536846
0.549610
0.537259
0.557041
0.546706
0.553448
0.543717
0.552088
0.542188
0.549479
0.538651
0.546917
0.538265
0.548194
0.539405
0.548809
0.540973
0.550756
0.538182
0.551922
0.545514
0.549381
0.537888
0.547641
0.545082
0.545844
0.537603
0.549370
0.534398
0.558889
0.545653
0.550491
0.544839
0.549651
0.539692
0.547210
0.537476
0.546172
0.534240
0.547695
0.544019
0.547398
0.547398
