0.166371
0.156096
0.158421
0.159372
0.159697
0.159670
0.159389
0.158890
0.158195
0.157334
0.156334
0.155215
0.153987
0.152657
0.151229
0.149713
0.148117
0.146455
0.144744
0.143004
0.141258
0.139533
0.137857
0.136259
0.134765
0.133399
0.132177
0.131109
0.130200
0.129450
0.128855
0.128406
0.128093
0.127904
0.127827
0.127847
0.127952
0.128128
0.128363
0.128644
0.128961
0.129302
0.129657
0.130016
0.130371
0.130713
0.131033
0.131322
0.131570
0.131763
0.131886
0.131923
0.131855
0.131666
0.131347
0.130903
0.130360
0.129769
0.129193
0.128648
0.128088
0.127472
0.126789
0.126046
0.125251
0.124408
0.123521
0.122603
0.121677
0.120773
0.119930
0.119192
0.118607
0.118219
0.118062
0.118155
0.118501
0.119089
0.119899
0.120912
0.122105
0.123460
0.124959
0.126590
0.128338
0.130195
0.132152
0.134200
0.136334
0.138548
0.140838
0.143198
0.145624
0.148113
0.150661
0.153263
0.155915
0.158612
0.161349
0.164121
0.166920
0.169741
0.172575
0.175413
0.178246
0.181061
0.183841
0.186562
0.189202
0.191738
0.194150
0.196423
0.198538
0.200484
0.202265
0.203906
0.205443
0.206905
0.208306
0.209650
0.210940
0.212175
0.213352
0.214468
0.215521
0.216507
0.217419
0.218254
0.219003
0.219659
0.220214
0.220656
0.220979
0.221173
0.221239
0.221191
0.221077
0.221006
0.221198
0.222024
0.224002
0.227656
0.233320
0.241038
0.250623
0.261781
0.274197
0.287589
0.301709
0.316355
0.331366
0.346629
0.362070
0.377641
0.393302
0.409005
0.424700
0.440340
0.455880
0.471286
0.486526
0.501580
0.516433
0.531073
0.545496
0.559699
0.573681
0.587443
0.600984
0.614304
0.627401
0.640267
0.652885
0.665200
0.677086
0.688902
0.700614
0.712015
0.723137
0.733971
0.744510
0.754644
0.764280
0.774084
0.784618
0.795961
0.806511
0.815268
0.825544
0.835111
0.844767
0.853101
0.862830
0.871818
0.880888
0.890589
0.898947
0.907132
0.915769
0.924692
0.934187
0.943714
0.952295
0.959847
0.966777
0.973613
0.980419
0.987134
0.993795
1.000378
1.006864
1.013255
1.019543
1.025724
1.031798
1.037763
1.043620
1.049370
1.055013
1.060551
1.065984
1.071315
1.076543
1.081671
1.086700
1.091629
1.096460
1.101194
1.105829
1.110366
1.114804
1.119141
1.123376
1.127507
1.131532
1.135450
1.139260
1.142962
1.146559
1.150055
1.153457
1.156771
1.160006
1.163167
1.166261
1.169293
1.172267
1.175184
1.178049
1.180862
1.183626
1.186343
1.189013
1.191638
1.194218
1.196755
1.199249
1.201699
1.204105
1.206468
1.208787
1.211061
1.213289
1.215471
1.217605
1.219690
1.221725
1.223709
1.225639
1.227513
1.229330
1.231086
1.232780
1.234407
1.235964
1.237448
1.238853
1.240175
1.241407
1.242544
1.243580
1.244509
1.245325
1.246027
1.246616
1.247099
1.247489
1.247807
1.248078
1.248328
1.248576
1.248834
1.249101
1.249371
1.249635
1.249892
1.250143
1.250392
1.250645
1.250905
1.251174
1.251456
1.251751
1.252062
1.252388
1.252727
1.253076
1.253426
1.253766
1.254080
1.254353
1.254577
1.254755
1.254912
1.255089
1.255326
1.255639
1.256012
1.256412
1.256807
1.257190
1.257565
1.257950
1.258360
1.258810
1.259313
1.259876
1.260507
1.261211
1.261990
1.262848
1.263784
1.264798
1.265890
1.267055
1.268293
1.269599
1.270969
1.272400
1.273887
1.275426
1.277013
1.278645
1.280316
1.282023
1.283761
1.285527
1.287318
1.289129
1.290957
1.292799
1.294652
1.296513
1.298380
1.300250
1.302121
1.303992
1.305860
1.307724
1.309583
1.311435
1.313280
1.315117
1.316945
1.318763
1.320571
1.322368
1.324155
1.325930
1.327693
1.329445
1.331184
1.332911
1.334625
1.336326
1.338014
1.339689
1.341351
1.342998
1.344632
1.346253
1.347859
1.349450
1.351028
1.352591
1.354139
1.355672
1.357191
1.358695
1.360183
1.361656
1.363115
1.364557
1.365985
1.367397
1.368793
1.370174
1.371540
1.372890
1.374224
1.375542
1.376845
1.378132
1.379403
1.380659
1.381898
1.383122
1.384329
1.385521
1.386697
1.387857
1.389000
1.390128
1.391240
1.392336
1.393416
1.394480
1.395528
1.396561
1.397579
1.398580
1.399567
1.400539
1.401497
1.402440
1.403369
1.404285
1.405188
1.406079
1.406958
1.407826
1.408683
1.409529
1.410367
1.411195
1.412016
1.412828
1.413633
1.414432
1.415224
1.416009
1.416789
1.417564
1.418333
1.419096
1.419855
1.420608
1.421356
1.422099
1.422837
1.423570
1.424298
1.425021
1.425738
1.426450
1.427157
1.427859
1.428555
1.429246
1.429932
1.430612
1.431287
1.431957
1.432622
1.433281
1.433935
1.434585
1.435229
1.435868
1.436502
1.437132
1.437757
1.438377
1.438993
1.439604
1.440211
1.440813
1.441411
1.442005
1.442595
1.443182
1.443764
1.444342
1.444916
1.445487
1.446054
1.446618
1.447178
1.447735
1.448288
1.448838
1.449385
1.449928
1.450469
1.451006
1.451540
1.452071
1.452599
1.453124
1.453647
1.453647
1.454166
1.454683
1.455197
1.455708
1.456217
1.456723
1.457226
1.457727
1.458225
1.458721
1.459214
1.459705
1.460194
1.460680
1.461163
1.461645
1.462124
1.462601
1.463075
1.463548
1.464018
1.464486
1.464952
1.465416
1.465877
1.466337
1.466795
1.467250
1.467704
1.468156
1.468606
1.469054
1.469499
1.469944
1.470386
1.470826
1.471265
1.471702
1.472137
1.472570
1.473001
1.473431
1.473859
1.474286
1.474711
1.475134
1.475555
1.475975
1.476394
1.476811
1.477226
1.477640
1.478052
1.478462
1.478872
1.479280
1.479686
1.480091
1.480494
1.480896
1.481297
1.481696
1.482094
1.482491
1.482886
1.483280
1.483673
1.484065
1.484455
1.484844
1.485231
1.485618
1.486003
1.486387
1.486770
1.487152
1.487533
1.487912
1.488290
1.488668
1.489044
1.489419
1.489793
1.490166
1.490537
1.490908
1.491278
1.491647
1.492015
1.492381
1.492747
1.493112
1.493476
1.493839
1.494201
1.494562
1.494922
1.495281
1.495639
1.495997
1.496353
1.496709
1.497063
1.497417
1.497770
1.498123
1.498474
1.498825
1.499174
1.499523
1.499871
1.500219
1.500565
1.500911
1.501256
1.501600
1.501943
1.502286
1.502628
1.502969
1.503310
1.503649
1.503988
1.504326
1.504664
1.505001
1.505337
1.505672
1.506007
1.506341
1.506674
1.507007
1.507338
1.507670
1.508000
1.508330
1.508659
1.508988
1.509315
1.509643
1.509969
1.510295
1.510620
1.510945
1.511269
1.511592
1.511915
1.512237
1.512558
1.512879
1.513199
1.513518
1.513837
1.514155
1.514473
1.514790
1.515106
1.515422
1.515737
1.516052
1.516366
1.516679
1.516992
1.517304
1.517615
1.517926
1.518236
1.518546
1.518855
1.519164
1.519471
1.519779
1.520086
1.520392
1.520697
1.521002
1.521307
1.521610
1.521914
1.522216
1.522518
1.522820
1.523121
1.523421
1.523721
1.524020
1.524319
1.524617
1.524915
1.525212
1.525509
1.525805
1.526100
1.526395
1.526689
1.526983
1.527276
1.527569
1.527861
1.528153
1.528445
1.528735
1.529026
1.529315
1.529605
1.529893
1.530182
1.530470
1.530757
1.531044
1.531330
1.531617
1.531902
1.532187
1.532472
1.532757
1.533041
1.533324
1.533607
1.533890
1.534173
1.534455
1.534737
1.535019
1.535300
1.535581
1.535861
1.536142
1.536422
1.536702
1.536982
1.537261
1.537541
1.537820
1.538099
1.538378
1.538657
1.538936
1.539215
1.539493
1.539772
1.540051
1.540330
1.540609
1.540887
1.541167
1.541446
1.541725
1.542005
1.542284
1.542564
1.542845
1.543125
1.543406
1.543688
1.543970
1.544252
1.544534
1.544817
1.545101
1.545385
1.545670
1.545955
1.546242
1.546528
1.546816
1.547104
1.547393
1.547682
1.547973
1.548264
1.548557
1.548850
1.549144
1.549439
1.549736
1.550033
1.550332
1.550631
1.550932
1.551234
1.551538
1.551843
1.552149
1.552457
1.552766
1.553077
1.553389
1.553703
1.554019
1.554337
1.554657
1.554978
1.555302
1.555627
1.555955
1.556285
1.556617
1.556952
1.557289
1.557629
1.557971
1.558316
1.558664
1.559015
1.559369
1.559726
1.560087
1.560450
1.560818
1.561189
1.561564
1.561942
1.562325
1.562712
1.563103
1.563498
1.563898
1.564302
1.564710
1.565123
1.565541
1.565963
1.566390
1.566822
1.567258
1.567699
1.568145
1.568595
1.569050
1.569509
1.569974
1.570442
1.570915
1.571393
1.571875
1.572362
1.572852
1.573347
1.573847
1.574350
1.574858
1.575370
1.575886
1.576406
1.576930
1.577457
1.577989
1.578525
1.579065
1.579608
1.580156
1.580707
1.581263
1.581822
1.582386
1.582953
1.583525
1.584101
1.584682
1.585268
1.585860
1.586458
1.587063
1.587677
1.588302
1.588941
1.589599
1.590282
1.591003
1.591777
1.592612
1.593444
1.594100
1.594563
1.594910
1.595143
1.595627
1.593847
1.593636
1.594417
1.595451
1.596403
1.597072
1.597480
1.597771
1.598084
1.598504
1.599049
1.599701
1.600443
1.601287
1.602309
1.603550
1.604408
1.602459
1.602252
1.603142
1.604813
1.606392
1.603558
1.603825
1.604912
1.606438
1.608372
1.609740
1.605488
1.605911
1.607543
1.609814
1.611737
1.608131
1.608657
1.610251
1.612440
1.613425
1.614405
1.609783
1.610407
1.612708
1.615108
1.611690
1.612731
1.615053
1.616965
1.613338
1.614169
1.616479
1.618348
1.614676
1.615605
1.618088
1.619887
1.616141
1.617043
1.619643
1.621371
1.617618
1.618545
1.621220
1.622477
1.624029
1.620244
1.621199
1.623452
1.620634
1.622300
1.624996
1.622826
1.624200
1.626382
1.624800
1.625760
1.627653
1.625285
1.626339
1.628464
1.626557
1.627806
1.629755
1.627374
1.628589
1.630705
1.628389
1.629803
1.631801
1.629288
1.630692
1.632841
1.630311
1.631882
1.633887
1.631230
1.632775
1.634950
1.632344
1.634092
1.635981
1.633207
1.634817
1.637001
1.634406
1.636322
1.637975
1.635177
1.636852
1.639143
1.636760
1.638875
1.637057
1.639162
1.639919
1.641395
1.638011
1.638889
1.641077
1.638826
1.641203
1.642175
1.642175
1.643656
1.640419
1.642281
1.640920
1.642601
1.644769
1.642176
1.644197
1.642741
1.645006
1.643735
1.645399
1.647357
1.644431
1.646029
1.645408
1.647565
1.645116
1.646466
1.648466
1.646310
1.648660
1.646724
1.649232
1.647685
1.649559
1.651063
1.650203
1.651631
1.648869
1.650998
1.649115
1.651564
1.650425
1.652270
1.652765
1.654277
1.651449
1.653233
1.651425
1.653752
1.652507
1.654864
1.653564
1.655640
1.654324
1.656331
1.654769
1.656742
1.655427
1.657478
1.655939
1.657982
1.656537
1.658630
1.657107
1.659196
1.657671
1.659786
1.658241
1.660363
1.658804
1.660943
1.659371
1.661523
1.659937
1.662104
1.660505
1.662686
1.661071
1.663266
1.661632
1.663840
1.662184
1.664403
1.662725
1.664954
1.663262
1.665503
1.663805
1.666057
1.664360
1.666622
1.664926
1.667193
1.665499
1.667768
1.666075
1.668344
1.666650
1.668920
1.667223
1.669495
1.667790
1.670068
1.668346
1.670636
1.668884
1.671193
1.669395
1.671730
1.669875
1.672241
1.670331
1.672732
1.670789
1.673221
1.671274
1.673726
1.671800
1.674258
1.672360
1.674815
1.672939
1.675382
1.673525
1.675949
1.674115
1.676521
1.674711
1.677100
1.675314
1.677691
1.675924
1.678288
1.676544
1.678882
1.677181
1.679458
1.677842
1.680012
1.678525
1.680547
1.679210
1.681073
1.679884
1.681597
1.680544
1.682115
1.681190
1.682626
1.681826
1.683130
1.682456
1.683627
1.683080
1.684117
1.683699
1.684598
1.684312
1.685071
1.684917
1.685537
1.685508
1.685996
1.686076
1.686453
1.686611
1.686908
1.687110
1.687360
1.687576
1.687802
1.688017
1.688231
1.688439
1.688643
1.688842
1.689037
1.689227
1.689413
1.689594
1.689770
1.689941
1.690107
1.690268
1.690425
1.690577
1.690724
1.690866
1.691003
1.691135
1.691263
1.691386
1.691503
1.691616
1.691725
1.691828
1.691926
1.692020
1.692109
1.692192
1.692272
1.692346
1.692415
1.692480
1.692541
1.692596
1.692647
1.692694
1.692736
1.692775
1.692808
1.692838
1.692863
1.692885
1.692902
1.692916
1.692925
1.692931
1.692932
1.692930
1.692924
1.692915
1.692902
1.692885
1.692865
1.692842
1.692815
1.692785
1.692752
1.692716
1.692677
1.692635
1.692591
1.692544
1.692494
1.692442
1.692388
1.692331
1.692273
1.692212
1.692149
1.692084
1.692018
1.691950
1.691880
1.691808
1.691736
1.691661
1.691585
1.691508
1.691430
1.691351
1.691271
1.691189
1.691107
1.691024
1.690941
1.690857
1.690773
1.690688
1.690603
1.690519
1.690434
1.690350
1.690266
1.690183
1.690101
1.690019
1.689939
1.689860
1.689782
1.689706
1.689632
1.689559
1.689488
1.689420
1.689353
1.689289
1.689227
1.689168
1.689111
1.689058
1.689006
1.688958
1.688913
1.688871
1.688832
1.688797
1.688764
1.688736
1.688711
1.688689
1.688672
1.688658
1.688648
1.688643
1.688641
1.688644
1.688650
1.688661
1.688675
1.688694
1.688717
1.688743
1.688774
1.688808
1.688845
1.688886
1.688931
1.688978
1.689029
1.689083
1.689140
1.689200
1.689263
1.689329
1.689397
1.689469
1.689543
1.689620
1.689699
1.689781
1.689866
1.689952
1.690040
1.690129
1.690218
1.690306
1.690391
1.690474
1.690551
1.690624
1.690691
1.690753
1.690809
1.690860
1.690906
1.690947
1.690984
1.691018
1.691049
1.691079
1.691108
1.691137
1.691167
1.691196
1.691226
1.691256
1.691287
1.691316
1.691346
1.691375
1.691404
1.691433
1.691461
1.691488
1.691514
1.691540
1.691565
1.691589
1.691612
1.691633
1.691654
1.691673
1.691690
1.691706
1.691721
1.691733
1.691743
1.691752
1.691758
1.691762
1.691763
1.691762
1.691759
1.691752
1.691743
1.691731
1.691716
1.691697
1.691677
1.691653
1.691628
1.691600
1.691571
1.691540
1.691508
1.691473
1.691435
1.691394
1.691349
1.691299
1.691243
1.691181
1.691111
1.691033
1.690944
1.690844
1.690733
1.690614
1.690491
1.690368
1.690250
1.690138
1.690032
1.689930
1.689829
1.689728
1.689625
1.689520
1.689413
1.689303
1.689192
1.689079
1.688964
1.688848
1.688730
1.688610
1.688489
1.688368
1.688245
1.688122
1.687998
1.687874
1.687750
1.687626
1.687503
1.687379
1.687256
1.687133
1.687011
1.686890
1.686769
1.686650
1.686531
1.686413
1.686297
1.686182
1.686068
1.685955
1.685844
1.685734
1.685626
1.685519
1.685413
1.685309
1.685207
1.685106
1.685007
1.684910
1.684814
1.684720
1.684628
1.684537
1.684449
1.684362
1.684276
1.684193
1.684111
1.684031
1.683953
1.683877
1.683803
1.683730
1.683659
1.683590
1.683523
1.683458
1.683395
1.683333
1.683273
1.683215
1.683159
1.683105
1.683053
1.683002
1.682953
1.682906
1.682861
1.682817
1.682776
1.682735
1.682697
1.682660
1.682624
1.682590
1.682557
1.682526
1.682496
1.682467
1.682440
1.682414
1.682388
1.682365
1.682343
1.682323
1.682305
1.682290
1.682278
1.682269
1.682263
1.682260
1.682261
1.682263
1.682268
1.682275
1.682285
1.682285
1.682296
1.682309
1.682329
1.682318
1.682656
1.682612
1.682337
1.682226
1.682224
1.682482
1.682591
1.682655
1.682690
1.682672
1.682635
1.682614
1.682626
1.682673
1.682742
1.682820
1.682893
1.682958
1.683013
1.683064
1.683116
1.683171
1.683230
1.683294
1.683361
1.683430
1.683500
1.683571
1.683643
1.683717
1.683792
1.683870
1.683950
1.684032
1.684116
1.684202
1.684289
1.684379
1.684471
1.684565
1.684661
1.684759
1.684860
1.684963
1.685068
1.685176
1.685286
1.685399
1.685514
1.685632
1.685752
1.685874
1.685999
1.686126
1.686256
1.686387
1.686521
1.686656
1.686794
1.686933
1.687075
1.687218
1.687363
1.687510
1.687658
1.687809
1.687961
1.688114
1.688269
1.688426
1.688584
1.688744
1.688905
1.689067
1.689231
1.689397
1.689564
1.689732
1.689901
1.690071
1.690243
1.690416
1.690591
1.690766
1.690942
1.691120
1.691299
1.691478
1.691659
1.691841
1.692023
1.692207
1.692391
1.692576
1.692762
1.692949
1.693136
1.693324
1.693513
1.693703
1.693893
1.694083
1.694274
1.694466
1.694658
1.694851
1.695044
1.695237
1.695431
1.695625
1.695820
1.696014
1.696209
1.696405
1.696600
1.696795
1.696991
1.697187
1.697383
1.697579
1.697775
1.697971
1.698167
1.698363
1.698559
1.698755
1.698951
1.699147
1.699343
1.699539
1.699734
1.699930
1.700125
1.700320
1.700515
1.700710
1.700905
1.701099
1.701293
1.701487
1.701681
1.701874
1.702067
1.702260
1.702452
1.702645
1.702837
1.703028
1.703220
1.703411
1.703602
1.703792
1.703982
1.704172
1.704361
1.704551
1.704739
1.704928
1.705116
1.705304
1.705491
1.705679
1.705866
1.706052
1.706238
1.706424
1.706610
1.706795
1.706980
1.707165
1.707349
1.707534
1.707717
1.707901
1.708084
1.708267
1.708450
1.708633
1.708815
1.708997
1.709179
1.709360
1.709542
1.709723
1.709904
1.710085
1.710265
1.710446
1.710626
1.710806
1.710986
1.711166
1.711346
1.711526
1.711705
1.711885
1.712064
1.712243
1.712422
1.712601
1.712781
1.712960
1.713139
1.713318
1.713497
1.713676
1.713855
1.714034
1.714213
1.714392
1.714571
1.714750
1.714929
1.715108
1.715288
1.715467
1.715647
1.715826
1.716006
1.716186
1.716366
1.716546
1.716726
1.716907
1.717087
1.717268
1.717449
1.717630
1.717811
1.717993
1.718174
1.718356
1.718538
1.718720
1.718902
1.719085
1.719268
1.719451
1.719634
1.719818
1.720001
1.720185
1.720369
1.720554
1.720738
1.720923
1.721109
1.721294
1.721480
1.721665
1.721852
1.722038
1.722225
1.722412
1.722599
1.722786
1.722974
1.723162
1.723350
1.723539
1.723727
1.723916
1.724106
1.724295
1.724485
1.724675
1.724865
1.725056
1.725247
1.725438
1.725629
1.725820
1.726012
1.726204
1.726397
1.726589
1.726782
1.726975
1.727168
1.727362
1.727555
1.727749
1.727944
1.728138
1.728333
1.728528
1.728723
1.728918
1.729113
1.729309
1.729505
1.729701
1.729898
1.730094
1.730291
1.730488
1.730685
1.730882
1.731079
1.731277
1.731475
1.731673
1.731871
1.732069
1.732268
1.732466
1.732665
1.732864
1.733063
1.733262
1.733461
1.733661
1.733860
1.734060
1.734259
1.734459
1.734659
1.734859
1.735060
1.735260
1.735460
1.735661
1.735861
1.736062
1.736263
1.736463
1.736664
1.736865
1.737066
1.737267
1.737468
1.737670
1.737871
1.738072
1.738273
1.738475
1.738676
1.738877
1.739079
1.739280
1.739482
1.739683
1.739885
1.740086
1.740287
1.740489
1.740690
1.740892
1.741093
1.741295
1.741496
1.741698
1.741899
1.742100
1.742302
1.742503
1.742704
1.742905
1.743106
1.743307
1.743508
1.743709
1.743910
1.744111
1.744312
1.744512
1.744713
1.744913
1.745114
1.745314
1.745514
1.745714
1.745914
1.746114
1.746314
1.746513
1.746712
1.746912
1.747111
1.747310
1.747508
1.747707
1.747905
1.748103
1.748301
1.748499
1.748696
1.748894
1.749091
1.749288
1.749485
1.749681
1.749878
1.750074
1.750270
1.750465
1.750661
1.750857
1.751052
1.751247
1.751443
1.751638
1.751833
1.752029
1.752224
1.752419
1.752614
1.752808
1.753001
1.753191
1.753380
1.753565
1.753748
1.753929
1.754109
1.754288
1.754466
1.754645
1.754824
1.755002
1.755181
1.755361
1.755540
1.755719
1.755898
1.756077
1.756256
1.756436
1.756616
1.756796
1.756976
1.757156
1.757337
1.757518
1.757699
1.757881
1.758063
1.758245
1.758428
1.758610
1.758793
1.758977
1.759160
1.759344
1.759528
1.759713
1.759897
1.760082
1.760267
1.760453
1.760638
1.760824
1.761010
1.761196
1.761383
1.761570
1.761757
1.761944
1.762131
1.762318
1.762506
1.762694
1.762882
1.763070
1.763258
1.763447
1.763635
1.763824
1.764013
1.764202
1.764391
1.764581
1.764770
1.764960
1.765149
1.765339
1.765529
1.765719
1.765909
1.766099
1.766289
1.766480
1.766670
1.766861
1.767051
1.767242
1.767432
1.767623
1.767814
1.768005
1.768196
1.768387
1.768578
1.768769
1.768960
1.768960
1.769151
1.769342
1.769534
1.769725
1.769916
1.770107
1.770299
1.770490
1.770681
1.770873
1.771064
1.771255
1.771447
1.771638
1.771829
1.772021
1.772212
1.772403
1.772594
1.772786
1.772977
1.773168
1.773359
1.773550
1.773741
1.773932
1.774123
1.774314
1.774505
1.774695
1.774886
1.775076
1.775267
1.775457
1.775648
1.775838
1.776028
1.776218
1.776408
1.776598
1.776787
1.776977
1.777167
1.777356
1.777545
1.777734
1.777923
1.778112
1.778300
1.778489
1.778677
1.778865
1.779053
1.779241
1.779428
1.779616
1.779803
1.779990
1.780177
1.780363
1.780550
1.780736
1.780922
1.781107
1.781293
1.781478
1.781663
1.781848
1.782032
1.782216
1.782400
1.782584
1.782767
1.782951
1.783133
1.783316
1.783498
1.783680
1.783862
1.784043
1.784224
1.784405
1.784585
1.784765
1.784945
1.785125
1.785304
1.785482
1.785661
1.785839
1.786017
1.786194
1.786371
1.786548
1.786725
1.786901
1.787076
1.787252
1.787427
1.787602
1.787776
1.787950
1.788124
1.788297
1.788470
1.788643
1.788815
1.788987
1.789159
1.789331
1.789502
1.789673
1.789843
1.790013
1.790183
1.790353
1.790522
1.790691
1.790860
1.791029
1.791197
1.791365
1.791533
1.791700
1.791867
1.792035
1.792201
1.792368
1.792534
1.792701
1.792867
1.793032
1.793198
1.793363
1.793529
1.793694
1.793859
1.794024
1.794188
1.794353
1.794517
1.794681
1.794845
1.795009
1.795173
1.795337
1.795501
1.795664
1.795827
1.795991
1.796154
1.796317
1.796480
1.796643
1.796806
1.796968
1.797131
1.797293
1.797456
1.797618
1.797780
1.797942
1.798104
1.798266
1.798427
1.798589
1.798750
1.798911
1.799072
1.799233
1.799394
1.799555
1.799715
1.799876
1.800036
1.800196
1.800356
1.800515
1.800675
1.800834
1.800993
1.801152
1.801311
1.801469
1.801628
1.801786
1.801944
1.802102
1.802259
1.802417
1.802574
1.802731
1.802888
1.803046
1.803203
1.803360
1.803517
1.803675
1.803833
1.803993
1.804156
1.804326
1.804520
1.804684
1.804806
1.804922
1.805046
1.805195
1.805363
1.805526
1.805708
1.805850
1.806029
1.806140
1.806259
1.806411
1.806603
1.806747
1.806882
1.807018
1.807193
1.807325
1.807416
1.807602
1.807735
1.807942
1.808062
1.808108
1.808329
1.808461
1.808499
1.808735
1.808877
1.808922
1.809090
1.809224
1.809444
1.809589
1.809621
1.809790
1.809917
1.810023
1.810173
1.810362
1.810498
1.810558
1.810715
1.810800
1.811019
1.811140
1.811152
1.811209
1.811295
1.811557
1.811736
1.811798
1.811932
1.812014
1.812277
1.812394
1.812409
1.812490
1.812556
1.812645
1.812761
1.812894
1.813041
1.813191
1.813337
1.813476
1.813611
1.813742
1.813875
1.814008
1.814145
1.814282
1.814419
1.814555
1.814690
1.814822
1.814953
1.815083
1.815213
1.815342
1.815470
1.815598
1.815725
1.815852
1.815977
1.816101
1.816225
1.816347
1.816469
1.816590
1.816710
1.816830
1.816948
1.817066
1.817183
1.817299
1.817414
1.817528
1.817642
1.817754
1.817866
1.817978
1.818088
1.818198
1.818307
1.818415
1.818523
1.818630
1.818737
1.818843
1.818949
1.819054
1.819158
1.819262
1.819366
1.819469
1.819572
1.819675
1.819777
1.819879
1.819980
1.820082
1.820182
1.820283
1.820384
1.820484
1.820584
1.820684
1.820783
1.820882
1.820982
1.821081
1.821179
1.821278
1.821377
1.821475
1.821573
1.821671
1.821769
1.821866
1.821964
1.822061
1.822159
1.822256
1.822352
1.822449
1.822546
1.822642
1.822738
1.822834
1.822930
1.823025
1.823120
1.823215
1.823310
1.823404
1.823498
1.823592
1.823686
1.823779
1.823872
1.823964
1.824057
1.824148
1.824240
1.824331
1.824422
1.824512
1.824602
1.824691
1.824780
1.824868
1.824956
1.825044
1.825131
1.825217
1.825303
1.825389
1.825474
1.825558
1.825642
1.825726
1.825808
1.825890
1.825972
1.826053
1.826134
1.826213
1.826293
1.826371
1.826449
1.826527
1.826604
1.826680
1.826756
1.826831
1.826905
1.826979
1.827052
1.827124
1.827196
1.827268
1.827338
1.827408
1.827478
1.827546
1.827615
1.827682
1.827749
1.827815
1.827881
1.827946
1.828011
1.828075
1.828138
1.828201
1.828263
1.828324
1.828385
1.828445
1.828505
1.828564
1.828623
1.828681
1.828739
1.828796
1.828852
1.828908
1.828963
1.829018
1.829072
1.829126
1.829179
1.829232
1.829284
1.829336
1.829387
1.829437
1.829488
1.829537
1.829587
1.829635
1.829684
1.829731
1.829779
1.829826
1.829872
1.829918
1.829964
1.830009
1.830054
1.830099
1.830143
1.830186
1.830230
1.830273
1.830315
1.830358
1.830399
1.830441
1.830482
1.830523
1.830564
1.830604
1.830644
1.830684
1.830724
1.830763
1.830802
1.830840
1.830879
1.830917
1.830955
1.830993
1.831031
1.831068
1.831106
1.831143
1.831180
1.831216
1.831253
1.831290
1.831326
1.831362
1.831398
1.831434
1.831470
1.831506
1.831542
1.831577
1.831613
1.831648
1.831684
1.831719
1.831755
1.831755
1.831790
1.831825
1.831860
1.831896
1.831931
1.831966
1.832001
1.832036
1.832072
1.832107
1.832142
1.832177
1.832213
1.832248
1.832283
1.832319
1.832354
1.832390
1.832425
1.832461
1.832497
1.832533
1.832569
1.832605
1.832641
1.832677
1.832714
1.832750
1.832787
1.832824
1.832861
1.832898
1.832935
1.832972
1.833010
1.833048
1.833085
1.833124
1.833162
1.833200
1.833239
1.833277
1.833316
1.833355
1.833395
1.833434
1.833474
1.833514
1.833554
1.833594
1.833635
1.833676
1.833717
1.833758
1.833799
1.833841
1.833883
1.833925
1.833967
1.834010
1.834053
1.834096
1.834139
1.834183
1.834227
1.834271
1.834315
1.834359
1.834404
1.834449
1.834494
1.834540
1.834585
1.834631
1.834677
1.834724
1.834770
1.834817
1.834864
1.834911
1.834959
1.835006
1.835054
1.835102
1.835151
1.835199
1.835248
1.835296
1.835345
1.835395
1.835444
1.835493
1.835543
1.835592
1.835642
1.835691
1.835740
1.835789
1.835834
1.835872
1.835929
1.836060
1.836109
1.836156
1.836167
1.836243
1.836257
1.836294
1.836321
1.836424
1.836457
1.836499
1.836530
1.836627
1.836656
1.836707
1.836730
1.836828
1.836859
1.836892
1.836936
1.837025
1.837065
1.837157
1.837184
1.837238
1.837266
1.837361
1.837399
1.837453
1.837492
1.837588
1.837629
1.837696
1.837731
1.837817
1.837855
1.837923
1.837961
1.838047
1.838089
1.838162
1.838202
1.838284
1.838326
1.838402
1.838444
1.838523
1.838566
1.838643
1.838688
1.838766
1.838811
1.838888
1.838934
1.839012
1.839058
1.839135
1.839182
1.839260
1.839308
1.839385
1.839433
1.839510
1.839560
1.839636
1.839687
1.839763
1.839814
1.839890
1.839942
1.840018
1.840071
1.840146
1.840199
1.840275
1.840329
1.840404
1.840459
1.840533
1.840589
1.840663
1.840720
1.840793
1.840851
1.840923
1.840982
1.841054
1.841114
1.841185
1.841246
1.841317
1.841378
1.841449
1.841511
1.841581
1.841644
1.841713
1.841777
1.841845
1.841910
1.841978
1.842043
1.842111
1.842177
1.842244
1.842310
1.842377
1.842444
1.842511
1.842577
1.842644
1.842711
1.842778
1.842844
1.842911
1.842978
1.843045
1.843112
1.843178
1.843245
1.843312
1.843379
1.843445
1.843512
1.843579
1.843646
1.843712
1.843779
1.843845
1.843912
1.843979
1.844045
1.844112
1.844178
1.844244
1.844311
1.844377
1.844443
1.844509
1.844576
1.844642
1.844708
1.844774
1.844839
1.844905
1.844971
1.845037
1.845102
1.845168
1.845233
1.845299
1.845364
1.845430
1.845495
1.845560
1.845625
1.845690
1.845755
1.845819
1.845884
1.845949
1.846013
1.846078
1.846142
1.846206
1.846270
1.846334
1.846398
1.846462
1.846526
1.846589
1.846653
1.846716
1.846779
1.846842
1.846905
1.846968
1.847031
1.847094
1.847156
1.847219
1.847281
1.847343
1.847406
1.847468
1.847529
1.847591
1.847653
1.847714
1.847776
1.847837
1.847898
1.847959
1.848020
1.848080
1.848141
1.848201
1.848262
1.848322
1.848382
1.848442
1.848501
1.848561
1.848620
1.848680
1.848739
1.848798
1.848857
1.848916
1.848974
1.849033
1.849091
1.849149
1.849207
1.849265
1.849323
1.849381
1.849438
1.849495
1.849552
1.849609
1.849666
1.849723
1.849780
1.849836
1.849892
1.849948
1.850004
1.850060
1.850116
1.850171
1.850227
1.850282
1.850337
1.850392
1.850446
1.850501
1.850555
1.850610
1.850664
1.850718
1.850772
1.850825
1.850879
1.850932
1.850985
1.851038
1.851091
1.851144
1.851197
1.851249
1.851301
1.851354
1.851405
1.851457
1.851509
1.851560
1.851612
1.851663
1.851714
1.851765
1.851816
1.851866
1.851917
1.851967
1.852017
1.852067
1.852117
1.852167
1.852216
1.852266
1.852315
1.852364
1.852413
1.852462
1.852510
1.852559
1.852607
1.852655
1.852703
1.852751
1.852799
1.852846
1.852894
1.852941
1.852988
1.853035
1.853082
1.853129
1.853175
1.853221
1.853268
1.853314
1.853360
1.853405
1.853451
1.853497
1.853542
1.853587
1.853632
1.853677
1.853722
1.853767
1.853811
1.853855
1.853900
1.853944
1.853988
1.854031
1.854075
1.854119
1.854162
1.854205
1.854248
1.854291
1.854334
1.854377
1.854419
1.854462
1.854504
1.854546
1.854588
1.854630
1.854672
1.854713
1.854755
1.854796
1.854837
1.854878
1.854919
1.854960
1.855001
1.855041
1.855081
1.855122
1.855162
1.855202
1.855242
1.855281
1.855321
1.855360
1.855400
1.855439
1.855478
1.855517
1.855556
1.855595
1.855633
1.855672
1.855710
1.855748
1.855786
1.855824
1.855862
1.855900
1.855937
1.855975
1.856012
1.856049
1.856086
1.856123
1.856160
1.856197
1.856233
1.856270
1.856306
1.856343
1.856379
1.856415
1.856451
1.856487
1.856522
1.856558
1.856593
1.856629
1.856664
1.856699
1.856734
1.856769
1.856804
1.856838
1.856873
1.856907
1.856942
1.856976
1.857010
1.857044
1.857078
1.857112
1.857146
1.857179
1.857213
1.857246
1.857279
1.857313
1.857346
1.857379
1.857412
1.857412
1.857444
1.857477
1.857510
1.857542
1.857575
1.857607
1.857639
1.857671
1.857703
1.857735
1.857767
1.857799
1.857830
1.857862
1.857893
1.857925
1.857956
1.857987
1.858018
1.858049
1.858080
1.858111
1.858142
1.858172
1.858203
1.858233
1.858263
1.858293
1.858324
1.858354
1.858383
1.858413
1.858443
1.858473
1.858502
1.858531
1.858561
1.858590
1.858619
1.858648
1.858677
1.858705
1.858734
1.858763
1.858791
1.858819
1.858847
1.858875
1.858903
1.858931
1.858959
1.858986
1.859014
1.859041
1.859068
1.859096
1.859123
1.859149
1.859176
1.859203
1.859229
1.859255
1.859282
1.859308
1.859334
1.859360
1.859385
1.859411
1.859436
1.859462
1.859487
1.859512
1.859537
1.859562
1.859586
1.859611
1.859635
1.859659
1.859684
1.859708
1.859732
1.859755
1.859779
1.859803
1.859826
1.859849
1.859872
1.859895
1.859918
1.859941
1.859964
1.859986
1.860009
1.860031
1.860053
1.860075
1.860097
1.860119
1.860141
1.860162
1.860184
1.860205
1.860226
1.860248
1.860269
1.860289
1.860310
1.860331
1.860352
1.860372
1.860392
1.860413
1.860433
1.860453
1.860473
1.860493
1.860512
1.860532
1.860551
1.860571
1.860590
1.860609
1.860628
1.860647
1.860666
1.860685
1.860704
1.860722
1.860741
1.860759
1.860778
1.860796
1.860814
1.860832
1.860850
1.860868
1.860886
1.860903
1.860921
1.860939
1.860956
1.860973
1.860991
1.861008
1.861025
1.861042
1.861059
1.861076
1.861093
1.861109
1.861126
1.861142
1.861159
1.861175
1.861192
1.861208
1.861224
1.861240
1.861256
1.861272
1.861288
1.861304
1.861320
1.861335
1.861351
1.861366
1.861382
1.861397
1.861412
1.861428
1.861443
1.861458
1.861473
1.861488
1.861503
1.861518
1.861533
1.861547
1.861562
1.861577
1.861591
1.861606
1.861620
1.861635
1.861649
1.861663
1.861678
1.861692
1.861706
1.861720
1.861734
1.861748
1.861762
1.861776
1.861789
1.861803
1.861817
1.861830
1.861844
1.861858
1.861871
1.861885
1.861898
1.861911
1.861925
1.861938
1.861951
1.861964
1.861977
1.861990
1.862003
1.862016
1.862029
1.862042
1.862055
1.862068
1.862081
1.862094
1.862106
1.862119
1.862132
1.862144
1.862157
1.862169
1.862182
1.862194
1.862207
1.862219
1.862231
1.862244
1.862256
1.862268
1.862280
1.862292
1.862304
1.862317
1.862329
1.862341
1.862353
1.862365
1.862377
1.862388
1.862400
1.862412
1.862424
1.862436
1.862448
1.862459
1.862471
1.862483
1.862494
1.862506
1.862518
1.862529
1.862541
1.862552
1.862564
1.862575
1.862587
1.862598
1.862609
1.862621
1.862632
1.862643
1.862655
1.862666
1.862677
1.862688
1.862700
1.862711
1.862722
1.862733
1.862744
1.862755
1.862766
1.862778
1.862789
1.862800
1.862811
1.862822
1.862833
1.862844
1.862854
1.862865
1.862876
1.862887
1.862898
1.862909
1.862920
1.862930
1.862941
1.862952
1.862963
1.862974
1.862984
1.862995
1.863006
1.863016
1.863027
1.863038
1.863048
1.863059
1.863069
1.863080
1.863091
1.863101
1.863112
1.863122
1.863133
1.863143
1.863154
1.863164
1.863175
1.863185
1.863196
1.863206
1.863216
1.863227
1.863237
1.863248
1.863258
1.863268
1.863279
1.863289
1.863299
1.863309
1.863320
1.863330
1.863340
1.863350
1.863361
1.863371
1.863381
1.863391
1.863401
1.863412
1.863422
1.863432
1.863442
1.863452
1.863462
1.863472
1.863482
1.863492
1.863502
1.863512
1.863522
1.863532
1.863542
1.863552
1.863562
1.863572
1.863582
1.863592
1.863602
1.863612
1.863622
1.863632
1.863642
1.863652
1.863662
1.863671
1.863681
1.863691
1.863701
1.863711
1.863720
1.863730
1.863740
1.863750
1.863759
1.863769
1.863779
1.863788
1.863798
1.863808
1.863817
1.863827
1.863837
1.863846
1.863856
1.863865
1.863875
1.863884
1.863894
1.863903
1.863913
1.863922
1.863932
1.863941
1.863951
1.863960
1.863970
1.863979
1.863988
1.863998
1.864007
1.864016
1.864026
1.864035
1.864044
1.864054
1.864063
1.864072
1.864081
1.864091
1.864100
1.864109
1.864118
1.864127
1.864136
1.864146
1.864155
1.864164
1.864173
1.864182
1.864191
1.864200
1.864209
1.864218
1.864227
1.864236
1.864245
1.864254
1.864263
1.864271
1.864280
1.864289
1.864298
1.864307
1.864315
1.864324
1.864333
1.864342
1.864350
1.864359
1.864368
1.864376
1.864385
1.864394
1.864402
1.864411
1.864419
1.864428
1.864436
1.864445
1.864453
1.864462
1.864470
1.864479
1.864487
1.864495
1.864504
1.864512
1.864520
1.864529
1.864537
1.864545
1.864553
1.864561
1.864570
1.864578
1.864586
1.864594
1.864602
1.864610
1.864618
1.864626
1.864634
1.864642
1.864650
1.864658
1.864666
1.864674
1.864682
1.864689
1.864697
1.864705
1.864713
1.864720
1.864728
1.864736
1.864743
1.864751
1.864759
1.864766
1.864774
1.864781
1.864789
1.864796
1.864804
1.864811
1.864819
1.864826
1.864833
1.864841
1.864848
1.864855
1.864863
1.864863
1.864870
1.864877
1.864884
1.864891
1.864899
1.864906
1.864913
1.864920
1.864927
1.864934
1.864941
1.864948
1.864955
1.864961
1.864968
1.864975
1.864982
1.864989
1.864996
1.865002
1.865009
1.865016
1.865022
1.865029
1.865035
1.865042
1.865049
1.865055
1.865062
1.865068
1.865074
1.865081
1.865087
1.865094
1.865100
1.865106
1.865112
1.865119
1.865125
1.865131
1.865137
1.865143
1.865149
1.865155
1.865161
1.865167
1.865173
1.865179
1.865185
1.865191
1.865197
1.865203
1.865209
1.865214
1.865220
1.865226
1.865232
1.865237
1.865243
1.865248
1.865254
1.865260
1.865265
1.865271
1.865276
1.865281
1.865287
1.865292
1.865298
1.865303
1.865308
1.865313
1.865319
1.865324
1.865329
1.865334
1.865339
1.865344
1.865349
1.865354
1.865359
1.865364
1.865369
1.865374
1.865379
1.865384
1.865389
1.865393
1.865398
1.865403
1.865408
1.865412
1.865417
1.865422
1.865426
1.865431
1.865435
1.865440
1.865444
1.865449
1.865453
1.865457
1.865462
1.865466
1.865470
1.865475
1.865479
1.865483
1.865487
1.865491
1.865495
1.865499
1.865504
1.865508
1.865512
1.865515
1.865519
1.865523
1.865527
1.865531
1.865535
1.865539
1.865542
1.865546
1.865550
1.865554
1.865557
1.865561
1.865564
1.865568
1.865572
1.865575
1.865579
1.865582
1.865585
1.865589
1.865592
1.865595
1.865599
1.865602
1.865605
1.865609
1.865612
1.865615
1.865618
1.865621
1.865624
1.865627
1.865630
1.865633
1.865636
1.865639
1.865642
1.865645
1.865648
1.865651
1.865654
1.865656
1.865659
1.865662
1.865665
1.865667
1.865670
1.865673
1.865675
1.865678
1.865680
1.865683
1.865685
1.865688
1.865690
1.865692
1.865695
1.865697
1.865700
1.865702
1.865704
1.865706
1.865709
1.865711
1.865713
1.865715
1.865717
1.865719
1.865721
1.865723
1.865725
1.865727
1.865729
1.865731
1.865733
1.865735
1.865737
1.865739
1.865741
1.865742
1.865744
1.865746
1.865748
1.865749
1.865751
1.865753
1.865754
1.865756
1.865757
1.865759
1.865761
1.865762
1.865763
1.865765
1.865766
1.865768
1.865769
1.865770
1.865772
1.865773
1.865774
1.865776
1.865777
1.865778
1.865779
1.865780
1.865782
1.865783
1.865784
1.865785
1.865786
1.865787
1.865788
1.865789
1.865790
1.865791
1.865792
1.865793
1.865794
1.865794
1.865795
1.865796
1.865797
1.865798
1.865798
1.865799
1.865800
1.865800
1.865801
1.865802
1.865802
1.865803
1.865804
1.865804
1.865805
1.865805
1.865806
1.865806
1.865807
1.865807
1.865807
1.865808
1.865808
1.865809
1.865809
1.865809
1.865809
1.865810
1.865810
1.865810
1.865810
1.865811
1.865811
1.865811
1.865811
1.865811
1.865811
1.865811
1.865811
1.865812
1.865812
1.865812
1.865812
1.865812
1.865811
1.865811
1.865811
1.865811
1.865811
1.865811
1.865811
1.865811
1.865810
1.865810
1.865810
1.865810
1.865810
1.865809
1.865809
1.865809
1.865808
1.865808
1.865808
1.865807
1.865807
1.865807
1.865806
1.865806
1.865805
1.865805
1.865804
1.865804
1.865803
1.865803
1.865802
1.865802
1.865801
1.865800
1.865800
1.865799
1.865799
1.865798
1.865797
1.865797
1.865796
1.865795
1.865794
1.865794
1.865793
1.865792
1.865791
1.865791
1.865790
1.865789
1.865788
1.865787
1.865786
1.865786
1.865785
1.865784
1.865783
1.865782
1.865781
1.865780
1.865779
1.865778
1.865777
1.865776
1.865775
1.865774
1.865773
1.865772
1.865771
1.865770
1.865769
1.865767
1.865766
1.865765
1.865764
1.865763
1.865762
1.865761
1.865759
1.865758
1.865757
1.865756
1.865754
1.865753
1.865752
1.865751
1.865749
1.865748
1.865747
1.865746
1.865744
1.865743
1.865742
1.865740
1.865739
1.865737
1.865736
1.865735
1.865733
1.865732
1.865730
1.865729
1.865728
1.865726
1.865725
1.865723
1.865722
1.865720
1.865719
1.865717
1.865716
1.865714
1.865713
1.865711
1.865710
1.865708
1.865706
1.865705
1.865703
1.865702
1.865700
1.865698
1.865697
1.865695
1.865694
1.865692
1.865690
1.865689
1.865687
1.865685
1.865684
1.865682
1.865680
1.865679
1.865677
1.865675
1.865673
1.865672
1.865670
1.865668
1.865667
1.865665
1.865663
1.865661
1.865659
1.865658
1.865656
1.865654
1.865652
1.865650
1.865649
1.865647
1.865645
1.865643
1.865641
1.865640
1.865638
1.865636
1.865634
1.865632
1.865630
1.865628
1.865627
1.865625
1.865623
1.865621
1.865619
1.865617
1.865615
1.865613
1.865611
1.865609
1.865607
1.865606
1.865604
1.865602
1.865600
1.865598
1.865596
1.865594
1.865592
1.865590
1.865588
1.865586
1.865584
1.865582
1.865580
1.865578
1.865576
1.865574
1.865572
1.865570
1.865568
1.865566
1.865564
1.865562
1.865560
1.865558
1.865556
1.865554
1.865552
1.865550
1.865548
1.865546
1.865544
1.865542
1.865540
1.865538
1.865536
1.865534
1.865532
1.865529
1.865527
1.865525
1.865523
1.865521
1.865519
1.865517
1.865515
1.865515
1.865513
1.865511
1.865509
1.865507
1.865505
1.865503
1.865500
1.865498
1.865496
1.865494
1.865492
1.865490
1.865488
1.865486
1.865484
1.865482
1.865480
1.865478
1.865475
1.865473
1.865471
1.865469
1.865467
1.865465
1.865463
1.865461
1.865459
1.865457
1.865454
1.865452
1.865450
1.865448
1.865446
1.865444
1.865442
1.865440
1.865438
1.865436
1.865433
1.865431
1.865429
1.865427
1.865425
1.865423
1.865421
1.865419
1.865417
1.865415
1.865413
1.865410
1.865408
1.865406
1.865404
1.865402
1.865400
1.865398
1.865396
1.865394
1.865392
1.865390
1.865387
1.865385
1.865383
1.865381
1.865379
1.865377
1.865375
1.865373
1.865371
1.865369
1.865367
1.865365
1.865363
1.865361
1.865359
1.865356
1.865354
1.865352
1.865350
1.865348
1.865346
1.865344
1.865342
1.865340
1.865338
1.865336
1.865334
1.865332
1.865330
1.865328
1.865326
1.865324
1.865322
1.865320
1.865318
1.865316
1.865314
1.865312
1.865310
1.865308
1.865306
1.865304
1.865302
1.865300
1.865298
1.865296
1.865294
1.865292
1.865290
1.865288
1.865286
1.865284
1.865282
1.865280
1.865278
1.865276
1.865274
1.865272
1.865270
1.865268
1.865266
1.865265
1.865263
1.865261
1.865259
1.865257
1.865255
1.865253
1.865251
1.865249
1.865247
1.865245
1.865244
1.865242
1.865240
1.865238
1.865236
1.865234
1.865232
1.865231
1.865229
1.865227
1.865225
1.865223
1.865221
1.865219
1.865218
1.865216
1.865214
1.865212
1.865210
1.865209
1.865207
1.865205
1.865203
1.865201
1.865200
1.865198
1.865196
1.865194
1.865193
1.865191
1.865189
1.865187
1.865186
1.865184
1.865182
1.865180
1.865179
1.865177
1.865175
1.865174
1.865172
1.865170
1.865168
1.865167
1.865165
1.865163
1.865162
1.865160
1.865158
1.865157
1.865155
1.865153
1.865152
1.865150
1.865149
1.865147
1.865145
1.865144
1.865142
1.865140
1.865139
1.865137
1.865136
1.865134
1.865133
1.865131
1.865129
1.865128
1.865126
1.865125
1.865123
1.865122
1.865120
1.865119
1.865117
1.865116
1.865114
1.865113
1.865111
1.865110
1.865108
1.865107
1.865105
1.865104
1.865102
1.865101
1.865099
1.865098
1.865096
1.865095
1.865093
1.865092
1.865091
1.865089
1.865088
1.865086
1.865085
1.865083
1.865082
1.865081
1.865079
1.865078
1.865076
1.865075
1.865074
1.865072
1.865071
1.865070
1.865068
1.865067
1.865065
1.865064
1.865063
1.865061
1.865060
1.865059
1.865057
1.865056
1.865055
1.865053
1.865052
1.865051
1.865050
1.865048
1.865047
1.865046
1.865044
1.865043
1.865042
1.865040
1.865039
1.865038
1.865037
1.865035
1.865034
1.865033
1.865031
1.865030
1.865029
1.865028
1.865026
1.865025
1.865024
1.865022
1.865021
1.865020
1.865019
1.865017
1.865016
1.865015
1.865014
1.865012
1.865011
1.865010
1.865008
1.865007
1.865006
1.865005
1.865003
1.865002
1.865001
1.865000
1.864998
1.864997
1.864996
1.864994
1.864993
1.864992
1.864990
1.864989
1.864988
1.864987
1.864985
1.864984
1.864983
1.864981
1.864980
1.864979
1.864977
1.864976
1.864974
1.864973
1.864972
1.864970
1.864969
1.864968
1.864966
1.864965
1.864963
1.864962
1.864961
1.864959
1.864958
1.864956
1.864955
1.864954
1.864952
1.864951
1.864949
1.864948
1.864946
1.864945
1.864943
1.864942
1.864940
1.864939
1.864937
1.864936
1.864934
1.864933
1.864931
1.864930
1.864928
1.864927
1.864925
1.864924
1.864922
1.864920
1.864919
1.864917
1.864916
1.864914
1.864912
1.864911
1.864909
1.864908
1.864906
1.864904
1.864903
1.864901
1.864900
1.864898
1.864896
1.864895
1.864893
1.864891
1.864890
1.864888
1.864887
1.864885
1.864883
1.864882
1.864880
1.864878
1.864877
1.864875
1.864874
1.864872
1.864870
1.864869
1.864867
1.864866
1.864864
1.864862
1.864861
1.864859
1.864858
1.864856
1.864855
1.864853
1.864852
1.864850
1.864848
1.864847
1.864846
1.864844
1.864843
1.864841
1.864840
1.864838
1.864837
1.864836
1.864834
1.864833
1.864832
1.864830
1.864829
1.864828
1.864827
1.864825
1.864824
1.864823
1.864822
1.864821
1.864820
1.864819
1.864818
1.864817
1.864816
1.864815
1.864814
1.864813
1.864812
1.864811
1.864811
1.864810
1.864809
1.864808
1.864808
1.864807
1.864807
1.864806
1.864806
1.864805
1.864805
1.864804
1.864804
1.864804
1.864803
1.864803
1.864803
1.864803
1.864803
1.864803
1.864803
1.864803
1.864803
1.864803
1.864803
1.864803
1.864804
1.864804
1.864804
1.864805
1.864805
1.864806
1.864807
1.864807
1.864808
1.864809
1.864810
1.864810
1.864811
1.864812
1.864813
1.864814
1.864816
1.864817
1.864818
1.864819
1.864821
1.864822
1.864824
1.864825
1.864827
1.864829
1.864830
1.864832
1.864834
1.864836
1.864838
1.864840
1.864842
1.864845
1.864847
1.864849
1.864852
1.864854
1.864857
1.864859
1.864862
1.864865
1.864868
1.864870
1.864873
1.864876
1.864880
1.864880
1.864883
1.864886
1.864889
1.864893
1.864896
1.864900
1.864903
1.864907
1.864911
1.864914
1.864918
1.864922
1.864926
1.864930
1.864935
1.864939
1.864943
1.864948
1.864952
1.864957
1.864961
1.864966
1.864971
1.864976
1.864981
1.864986
1.864991
1.864996
1.865001
1.865007
1.865012
1.865018
1.865023
1.865029
1.865035
1.865040
1.865046
1.865052
1.865058
1.865065
1.865071
1.865077
1.865084
1.865090
1.865097
1.865104
1.865111
1.865118
1.865125
1.865132
1.865139
1.865147
1.865154
1.865162
1.865169
1.865177
1.865185
1.865193
1.865202
1.865210
1.865219
1.865228
1.865236
1.865246
1.865255
1.865264
1.865274
1.865284
1.865294
1.865305
1.865316
1.865327
1.865338
1.865350
1.865363
1.865376
1.865389
1.865403
1.865418
1.865433
1.865450
1.865468
1.865487
1.865507
1.865530
1.865554
1.865580
1.865609
1.865641
1.865675
1.865711
1.865749
1.865787
1.865825
1.865863
1.865898
1.865932
1.865963
1.865992
1.866019
1.866044
1.866066
1.866087
1.866107
1.866124
1.866140
1.866155
1.866168
1.866179
1.866189
1.866197
1.866204
1.866210
1.866215
1.866218
1.866221
1.866223
1.866224
1.866223
1.866222
1.866221
1.866218
1.866215
1.866211
1.866207
1.866202
1.866197
1.866192
1.866186
1.866180
1.866174
1.866168
1.866162
1.866155
1.866148
1.866141
1.866134
1.866127
1.866120
1.866113
1.866105
1.866098
1.866090
1.866082
1.866074
1.866066
1.866059
1.866051
1.866043
1.866035
1.866027
1.866020
1.866012
1.866004
1.865997
1.865990
1.865983
1.865976
1.865969
1.865962
1.865956
1.865950
1.865944
1.865938
1.865933
1.865927
1.865923
1.865918
1.865914
1.865910
1.865906
1.865902
1.865899
1.865896
1.865894
1.865892
1.865890
1.865888
1.865887
1.865886
1.865885
1.865885
1.865884
1.865885
1.865885
1.865886
1.865887
1.865888
1.865889
1.865891
1.865893
1.865896
1.865898
1.865901
1.865904
1.865907
1.865910
1.865914
1.865918
1.865922
1.865926
1.865930
1.865935
1.865940
1.865944
1.865950
1.865955
1.865960
1.865966
1.865971
1.865977
1.865983
1.865989
1.865995
1.866001
1.866008
1.866014
1.866021
1.866028
1.866035
1.866041
1.866048
1.866055
1.866063
1.866070
1.866077
1.866085
1.866092
1.866099
1.866107
1.866115
1.866122
1.866130
1.866138
1.866146
1.866154
1.866161
1.866169
1.866177
1.866185
1.866194
1.866202
1.866210
1.866218
1.866226
1.866234
1.866243
1.866251
1.866259
1.866268
1.866276
1.866284
1.866293
1.866301
1.866310
1.866318
1.866327
1.866335
1.866344
1.866352
1.866361
1.866369
1.866378
1.866386
1.866395
1.866403
1.866412
1.866420
1.866429
1.866438
1.866446
1.866455
1.866463
1.866472
1.866481
1.866489
1.866498
1.866507
1.866515
1.866524
1.866533
1.866541
1.866550
1.866559
1.866567
1.866576
1.866584
1.866593
1.866602
1.866610
1.866619
1.866628
1.866636
1.866645
1.866654
1.866662
1.866671
1.866680
1.866688
1.866697
1.866705
1.866714
1.866723
1.866731
1.866740
1.866749
1.866757
1.866766
1.866774
1.866783
1.866792
1.866800
1.866809
1.866817
1.866826
1.866834
1.866843
1.866852
1.866860
1.866869
1.866877
1.866886
1.866894
1.866903
1.866911
1.866920
1.866928
1.866937
1.866945
1.866954
1.866962
1.866971
1.866979
1.866988
1.866996
1.867005
1.867013
1.867021
1.867030
1.867038
1.867047
1.867055
1.867064
1.867072
1.867080
1.867089
1.867097
1.867105
1.867114
1.867122
1.867131
1.867139
1.867147
1.867156
1.867164
1.867172
1.867181
1.867189
1.867197
1.867205
1.867214
1.867222
1.867230
1.867239
1.867247
1.867255
1.867264
1.867272
1.867280
1.867288
1.867297
1.867305
1.867313
1.867321
1.867330
1.867338
1.867346
1.867354
1.867363
1.867371
1.867379
1.867387
1.867395
1.867404
1.867412
1.867420
1.867428
1.867437
1.867445
1.867453
1.867461
1.867469
1.867478
1.867486
1.867494
1.867502
1.867510
1.867519
1.867527
1.867535
1.867543
1.867551
1.867560
1.867568
1.867576
1.867584
1.867592
1.867601
1.867609
1.867617
1.867625
1.867634
1.867642
1.867650
1.867658
1.867666
1.867675
1.867683
1.867691
1.867699
1.867708
1.867716
1.867724
1.867732
1.867741
1.867749
1.867757
1.867765
1.867774
1.867782
1.867790
1.867798
1.867807
1.867815
1.867823
1.867832
1.867840
1.867848
1.867857
1.867865
1.867873
1.867882
1.867890
1.867898
1.867907
1.867915
1.867923
1.867932
1.867940
1.867948
1.867957
1.867965
1.867974
1.867982
1.867990
1.867999
1.868007
1.868016
1.868024
1.868033
1.868041
1.868050
1.868058
1.868067
1.868075
1.868084
1.868092
1.868101
1.868109
1.868118
1.868126
1.868135
1.868143
1.868152
1.868161
1.868169
1.868178
1.868186
1.868195
1.868204
1.868212
1.868221
1.868230
1.868238
1.868247
1.868256
1.868264
1.868273
1.868282
1.868291
1.868299
1.868308
1.868317
1.868326
1.868334
1.868343
1.868352
1.868361
1.868370
1.868370
1.868378
1.868387
1.868396
1.868405
1.868414
1.868423
1.868432
1.868441
1.868450
1.868459
1.868468
1.868477
1.868485
1.868494
1.868503
1.868512
1.868522
1.868531
1.868540
1.868549
1.868558
1.868567
1.868576
1.868585
1.868594
1.868603
1.868612
1.868622
1.868631
1.868640
1.868649
1.868658
1.868668
1.868677
1.868686
1.868695
1.868704
1.868714
1.868723
1.868732
1.868742
1.868751
1.868760
1.868770
1.868779
1.868788
1.868798
1.868807
1.868817
1.868826
1.868835
1.868845
1.868854
1.868864
1.868873
1.868883
1.868892
1.868902
1.868911
1.868921
1.868930
1.868940
1.868950
1.868959
1.868969
1.868978
1.868988
1.868998
1.869007
1.869017
1.869027
1.869036
1.869046
1.869056
1.869066
1.869075
1.869085
1.869095
1.869105
1.869114
1.869124
1.869134
1.869144
1.869154
1.869164
1.869174
1.869183
1.869193
1.869203
1.869213
1.869223
1.869233
1.869243
1.869253
1.869263
1.869273
1.869283
1.869293
1.869303
1.869313
1.869323
1.869333
1.869343
1.869353
1.869363
1.869374
1.869384
1.869394
1.869404
1.869414
1.869424
1.869435
1.869445
1.869455
1.869465
1.869476
1.869486
1.869496
1.869506
1.869517
1.869527
1.869537
1.869548
1.869558
1.869568
1.869579
1.869589
1.869600
1.869610
1.869620
1.869631
1.869641
1.869652
1.869662
1.869673
1.869683
1.869694
1.869704
1.869715
1.869725
1.869736
1.869747
1.869757
1.869768
1.869779
1.869789
1.869800
1.869810
1.869821
1.869832
1.869843
1.869853
1.869864
1.869875
1.869886
1.869896
1.869907
1.869918
1.869929
1.869940
1.869951
1.869961
1.869972
1.869983
1.869994
1.870005
1.870016
1.870027
1.870038
1.870049
1.870060
1.870071
1.870082
1.870093
1.870104
1.870115
1.870126
1.870137
1.870148
1.870159
1.870171
1.870182
1.870193
1.870204
1.870215
1.870226
1.870238
1.870249
1.870260
1.870271
1.870283
1.870294
1.870305
1.870317
1.870328
1.870339
1.870351
1.870362
1.870374
1.870385
1.870396
1.870408
1.870419
1.870431
1.870442
1.870454
1.870465
1.870477
1.870488
1.870500
1.870511
1.870523
1.870535
1.870546
1.870558
1.870570
1.870581
1.870593
1.870605
1.870616
1.870628
1.870640
1.870652
1.870663
1.870675
1.870687
1.870699
1.870711
1.870723
1.870734
1.870746
1.870758
1.870770
1.870782
1.870794
1.870806
1.870818
1.870830
1.870842
1.870854
1.870866
1.870878
1.870890
1.870902
1.870914
1.870927
1.870939
1.870951
1.870963
1.870975
1.870987
1.871000
1.871012
1.871024
1.871036
1.871049
1.871061
1.871073
1.871086
1.871098
1.871110
1.871123
1.871135
1.871147
1.871160
1.871172
1.871185
1.871197
1.871210
1.871222
1.871235
1.871247
1.871260
1.871272
1.871285
1.871297
1.871310
1.871322
1.871335
1.871348
1.871360
1.871373
1.871386
1.871398
1.871411
1.871424
1.871437
1.871449
1.871462
1.871475
1.871488
1.871500
1.871513
1.871526
1.871539
1.871552
1.871565
1.871578
1.871590
1.871603
1.871616
1.871629
1.871642
1.871655
1.871668
1.871681
1.871694
1.871707
1.871720
1.871733
1.871746
1.871759
1.871772
1.871786
1.871799
1.871812
1.871825
1.871838
1.871851
1.871864
1.871878
1.871891
1.871904
1.871917
1.871930
1.871944
1.871957
1.871970
1.871983
1.871997
1.872010
1.872023
1.872037
1.872050
1.872063
1.872077
1.872090
1.872103
1.872117
1.872130
1.872144
1.872157
1.872170
1.872184
1.872197
1.872211
1.872224
1.872238
1.872251
1.872265
1.872278
1.872292
1.872305
1.872319
1.872332
1.872346
1.872359
1.872373
1.872386
1.872400
1.872413
1.872427
1.872441
1.872454
1.872468
1.872481
1.872495
1.872509
1.872522
1.872536
1.872549
1.872563
1.872577
1.872590
1.872604
1.872618
1.872631
1.872645
1.872659
1.872672
1.872686
1.872700
1.872713
1.872727
1.872741
1.872755
1.872768
1.872782
1.872796
1.872809
1.872823
1.872837
1.872851
1.872864
1.872878
1.872892
1.872906
1.872919
1.872933
1.872947
1.872961
1.872974
1.872988
1.873002
1.873016
1.873029
1.873043
1.873057
1.873071
1.873084
1.873098
1.873112
1.873126
1.873139
1.873153
1.873167
1.873181
1.873194
1.873208
1.873222
1.873236
1.873249
1.873263
1.873277
1.873290
1.873304
1.873318
1.873332
1.873345
1.873359
1.873373
1.873387
1.873400
1.873414
1.873428
1.873441
1.873455
1.873469
1.873482
1.873496
1.873510
1.873523
1.873537
1.873551
1.873564
1.873578
1.873592
1.873605
1.873619
1.873633
1.873646
1.873660
1.873674
1.873687
1.873701
1.873714
1.873728
1.873742
1.873755
1.873769
1.873782
1.873796
1.873809
1.873823
1.873836
1.873850
1.873863
1.873877
1.873890
1.873904
1.873917
1.873931
1.873944
1.873958
1.873971
1.873985
1.873998
1.874011
1.874025
1.874038
1.874052
1.874065
1.874078
1.874092
1.874105
1.874118
1.874132
1.874145
1.874158
1.874171
1.874185
1.874198
1.874211
1.874224
1.874238
1.874251
1.874264
1.874277
1.874290
1.874290
1.874304
1.874317
1.874330
1.874343
1.874356
1.874369
1.874382
1.874395
1.874409
1.874422
1.874435
1.874448
1.874461
1.874474
1.874487
1.874500
1.874513
1.874526
1.874539
1.874551
1.874564
1.874577
1.874590
1.874603
1.874616
1.874629
1.874642
1.874654
1.874667
1.874680
1.874693
1.874706
1.874718
1.874731
1.874744
1.874757
1.874769
1.874782
1.874795
1.874807
1.874820
1.874833
1.874845
1.874858
1.874870
1.874883
1.874896
1.874908
1.874921
1.874933
1.874946
1.874958
1.874971
1.874983
1.874996
1.875008
1.875021
1.875033
1.875045
1.875058
1.875070
1.875083
1.875095
1.875107
1.875120
1.875132
1.875144
1.875157
1.875169
1.875181
1.875194
1.875206
1.875218
1.875231
1.875243
1.875255
1.875267
1.875279
1.875292
1.875304
1.875316
1.875328
1.875340
1.875353
1.875365
1.875377
1.875389
1.875401
1.875413
1.875425
1.875438
1.875450
1.875462
1.875474
1.875486
1.875498
1.875510
1.875522
1.875534
1.875546
1.875558
1.875571
1.875583
1.875595
1.875607
1.875619
1.875631
1.875643
1.875655
1.875667
1.875679
1.875691
1.875703
1.875715
1.875727
1.875739
1.875751
1.875763
1.875775
1.875787
1.875799
1.875811
1.875823
1.875836
1.875848
1.875860
1.875872
1.875884
1.875896
1.875908
1.875920
1.875932
1.875944
1.875956
1.875968
1.875981
1.875993
1.876005
1.876017
1.876029
1.876041
1.876054
1.876066
1.876078
1.876090
1.876102
1.876115
1.876127
1.876139
1.876152
1.876164
1.876176
1.876188
1.876201
1.876213
1.876226
1.876238
1.876250
1.876263
1.876275
1.876288
1.876300
1.876313
1.876325
1.876338
1.876350
1.876363
1.876376
1.876388
1.876401
1.876414
1.876426
1.876439
1.876452
1.876465
1.876478
1.876490
1.876503
1.876516
1.876529
1.876542
1.876555
1.876568
1.876581
1.876594
1.876607
1.876620
1.876633
1.876647
1.876660
1.876673
1.876686
1.876700
1.876713
1.876726
1.876740
1.876753
1.876766
1.876780
1.876793
1.876807
1.876821
1.876834
1.876848
1.876861
1.876875
1.876889
1.876903
1.876916
1.876930
1.876944
1.876958
1.876972
1.876986
1.877000
1.877014
1.877028
1.877042
1.877056
1.877070
1.877084
1.877098
1.877112
1.877126
1.877141
1.877155
1.877169
1.877184
1.877198
1.877212
1.877227
1.877241
1.877255
1.877270
1.877284
1.877299
1.877313
1.877328
1.877342
1.877357
1.877371
1.877386
1.877400
1.877415
1.877429
1.877444
1.877459
1.877473
1.877488
1.877502
1.877517
1.877531
1.877546
1.877561
1.877575
1.877590
1.877604
1.877619
1.877633
1.877648
1.877662
1.877677
1.877691
1.877706
1.877720
1.877735
1.877749
1.877763
1.877778
1.877792
1.877806
1.877820
1.877835
1.877849
1.877863
1.877877
1.877891
1.877905
1.877919
1.877932
1.877946
1.877960
1.877974
1.877987
1.878001
1.878014
1.878027
1.878041
1.878054
1.878067
1.878080
1.878093
1.878106
1.878119
1.878131
1.878144
1.878156
1.878169
1.878181
1.878193
1.878205
1.878217
1.878229
1.878241
1.878252
1.878263
1.878275
1.878286
1.878297
1.878308
1.878319
1.878329
1.878340
1.878350
1.878360
1.878370
1.878380
1.878390
1.878399
1.878408
1.878418
1.878427
1.878436
1.878444
1.878453
1.878461
1.878469
1.878477
1.878485
1.878492
1.878500
1.878507
1.878514
1.878520
1.878527
1.878533
1.878539
1.878545
1.878551
1.878556
1.878562
1.878567
1.878571
1.878576
1.878580
1.878584
1.878588
1.878592
1.878595
1.878599
1.878602
1.878604
1.878607
1.878609
1.878611
1.878613
1.878614
1.878615
1.878616
1.878617
1.878618
1.878618
1.878618
1.878617
1.878617
1.878616
1.878615
1.878614
1.878612
1.878610
1.878608
1.878606
1.878603
1.878600
1.878597
1.878593
1.878589
1.878585
1.878581
1.878576
1.878572
1.878566
1.878561
1.878555
1.878549
1.878543
1.878537
1.878530
1.878523
1.878515
1.878508
1.878500
1.878492
1.878483
1.878475
1.878465
1.878456
1.878447
1.878437
1.878427
1.878416
1.878405
1.878394
1.878383
1.878372
1.878360
1.878348
1.878335
1.878323
1.878310
1.878296
1.878283
1.878269
1.878255
1.878241
1.878226
1.878211
1.878196
1.878180
1.878165
1.878149
1.878132
1.878116
1.878099
1.878082
1.878064
1.878047
1.878029
1.878011
1.877992
1.877973
1.877954
1.877935
1.877915
1.877896
1.877875
1.877855
1.877834
1.877813
1.877792
1.877771
1.877749
1.877727
1.877705
1.877682
1.877660
1.877637
1.877613
1.877590
1.877566
1.877542
1.877518
1.877493
1.877468
1.877443
1.877418
1.877392
1.877366
1.877340
1.877314
1.877287
1.877260
1.877233
1.877206
1.877178
1.877151
1.877123
1.877094
1.877066
1.877037
1.877008
1.876979
1.876949
1.876919
1.876889
1.876859
1.876829
1.876798
1.876767
1.876736
1.876705
1.876673
1.876642
1.876610
1.876577
1.876545
1.876512
1.876479
1.876446
1.876413
1.876379
1.876346
1.876312
1.876278
1.876243
1.876209
1.876174
1.876139
1.876104
1.876104
1.876068
1.876033
1.875997
1.875961
1.875925
1.875888
1.875852
1.875815
1.875778
1.875741
1.875704
1.875666
1.875628
1.875591
1.875552
1.875514
1.875476
1.875437
1.875398
1.875359
1.875320
1.875281
1.875241
1.875202
1.875162
1.875122
1.875082
1.875042
1.875001
1.874960
1.874920
1.874879
1.874838
1.874796
1.874755
1.874713
1.874672
1.874630
1.874588
1.874545
1.874503
1.874461
1.874418
1.874375
1.874332
1.874289
1.874246
1.874203
1.874159
1.874116
1.874072
1.874028
1.873984
1.873940
1.873896
1.873852
1.873807
1.873763
1.873718
1.873673
1.873628
1.873583
1.873538
1.873493
1.873447
1.873402
1.873356
1.873312
1.873264
1.873221
1.873170
1.873133
1.873071
1.873051
1.872958
1.872991
1.872797
1.872974
1.872503
1.872879
1.872326
1.872790
1.872445
1.873064
1.872812
1.873300
1.873009
1.873474
1.873062
1.873408
1.873004
1.873395
1.872980
1.873335
1.872926
1.873297
1.872867
1.873206
1.872771
1.873109
1.872663
1.872986
1.872539
1.872865
1.872414
1.872731
1.872279
1.872592
1.872135
1.872441
1.871983
1.872287
1.871828
1.872130
1.871673
1.871975
1.871520
1.871822
1.871368
1.871670
1.871219
1.871522
1.871073
1.871377
1.870930
1.871236
1.870791
1.871099
1.870656
1.870965
1.870525
1.870836
1.870398
1.870711
1.870276
1.870590
1.870157
1.870474
1.870043
1.870362
1.869932
1.870254
1.869827
1.870151
1.869725
1.870052
1.869628
1.869957
1.869535
1.869867
1.869446
1.869781
1.869362
1.869699
1.869281
1.869621
1.869204
1.869547
1.869130
1.869476
1.869060
1.869408
1.868993
1.869344
1.868929
1.869282
1.868868
1.869223
1.868809
1.869166
1.868752
1.869111
1.868697
1.869059
1.868644
1.869007
1.868592
1.868957
1.868542
1.868909
1.868492
1.868861
1.868444
1.868814
1.868396
1.868768
1.868349
1.868722
1.868302
1.868676
1.868255
1.868631
1.868208
1.868586
1.868162
1.868540
1.868115
1.868495
1.868068
1.868449
1.868021
1.868404
1.867974
1.868358
1.867927
1.868311
1.867879
1.868265
1.867831
1.868218
1.867782
1.868171
1.867734
1.868123
1.867684
1.868075
1.867635
1.868026
1.867585
1.867977
1.867534
1.867928
1.867483
1.867878
1.867432
1.867828
1.867380
1.867777
1.867328
1.867726
1.867276
1.867675
1.867223
1.867623
1.867169
1.867570
1.867115
1.867517
1.867061
1.867464
1.867006
1.867410
1.866951
1.867356
1.866895
1.867301
1.866839
1.867246
1.866782
1.867190
1.866725
1.867134
1.866667
1.867077
1.866609
1.867020
1.866551
1.866962
1.866492
1.866904
1.866432
1.866845
1.866372
1.866786
1.866312
1.866727
1.866251
1.866667
1.866190
1.866606
1.866128
1.866546
1.866066
1.866484
1.866004
1.866423
1.865941
1.866361
1.865878
1.866299
1.865814
1.866236
1.865750
1.866173
1.865686
1.866110
1.865622
1.866046
1.865557
1.865982
1.865493
1.865918
1.865427
1.865854
1.865362
1.865790
1.865297
1.865725
1.865231
1.865661
1.865166
1.865596
1.865100
1.865531
1.865034
1.865466
1.864968
1.865401
1.864902
1.865336
1.864836
1.865271
1.864770
1.865206
1.864704
1.865141
1.864638
1.865076
1.864572
1.865011
1.864507
1.864946
1.864440
1.864881
1.864378
1.864817
1.864305
1.864751
1.864254
1.864688
1.864164
1.864618
1.864149
1.864549
1.864020
1.864481
1.864081
1.864286
1.864087
1.864503
1.863774
1.864064
1.863619
1.863439
1.863985
1.863626
1.864139
1.863717
1.863740
1.863753
1.863943
1.863688
1.863891
1.862789
1.862968
1.862527
1.861861
1.862952
1.863314
1.863370
1.864342
1.864475
1.864558
1.864730
1.864354
1.864415
1.863507
1.863620
1.862996
1.863118
1.863004
1.863497
1.862758
1.863035
1.862588
1.862019
1.862713
1.862791
1.862868
1.863419
1.862936
1.863283
1.862701
1.862794
1.862474
1.862910
1.862145
1.862462
1.862056
1.861913
1.862487
1.862072
1.862564
1.862180
1.861938
1.862382
1.861862
1.862331
1.861998
1.861683
1.862245
1.861803
1.862339
1.861911
1.862205
1.861729
1.862197
1.861736
1.861932
1.861578
1.862062
1.861338
1.861718
1.861221
1.861603
1.861207
1.861784
1.861461
1.861444
1.861666
1.861460
1.861828
1.860701
1.860941
1.860438
1.859684
1.860876
1.861265
1.861396
1.862428
1.862603
1.862689
1.862793
1.862360
1.862360
1.861323
1.861380
1.860818
1.860608
1.861133
1.860656
1.861128
1.860756
1.860231
1.860783
1.860531
1.860944
1.860528
1.860961
1.860360
1.860593
1.859910
1.860364
1.860122
1.859671
1.860318
1.860228
1.860388
1.860649
1.860438
1.860675
1.859469
1.859622
1.859072
1.858245
1.859423
1.859828
1.859967
1.861028
1.861229
1.861301
1.861433
1.860941
1.860977
1.859887
1.859954
1.859449
1.859178
1.859804
1.859307
1.859814
1.859486
1.859058
1.859604
1.859206
1.859711
1.859033
1.859445
1.859086
1.859047
1.859435
1.859056
1.859465
1.858743
1.858968
1.858063
1.858555
1.858383
1.857729
1.857729
1.858709
1.858928
1.858819
1.859764
1.859946
1.859928
1.860282
1.859698
1.859897
1.859073
1.859268
1.858436
1.858844
1.858573
1.858493
1.858997
1.858394
1.858769
1.858369
1.857640
1.858233
1.858297
1.858043
1.858786
1.858736
1.858669
1.859045
1.858381
1.858663
1.858168
1.857753
1.858268
1.857656
1.858171
1.857937
1.857502
1.858141
1.857992
1.858269
1.858194
1.858508
1.857508
1.857687
1.857176
1.856153
1.857219
1.857407
1.857416
1.858599
1.858986
1.858988
1.859426
1.858875
1.859036
1.858133
1.858322
1.857660
1.857969
1.857277
1.857741
1.857500
1.856915
1.857519
1.857481
1.857291
1.857897
1.857373
1.857798
1.857101
1.857495
1.856780
1.857272
1.856923
1.857202
1.856980
1.857484
1.856428
1.856697
1.856272
1.855401
1.856468
1.856737
1.856717
1.857780
1.858051
1.858033
1.858412
1.857776
1.857960
1.857113
1.857304
1.856399
1.856795
1.856587
1.856167
1.856840
1.856692
1.856902
1.856831
1.857025
1.856145
1.856272
1.855724
1.854951
1.855614
1.855787
1.855441
1.856282
1.856359
1.855823
1.856563
1.856615
1.856224
1.856955
1.857015
1.856802
1.857324
1.856814
1.857147
1.856273
1.856560
1.856107
1.856061
1.856325
1.856049
1.856456
1.855078
1.855313
1.854700
1.853794
1.855150
1.855567
1.855729
1.856845
1.857097
1.857135
1.857312
1.856657
1.856739
1.855624
1.855752
1.855077
1.855460
1.854794
1.855341
1.855165
1.854273
1.855016
1.855012
1.854624
1.855606
1.855901
1.855727
1.856374
1.856157
1.856216
1.855956
1.856004
1.855082
1.855164
1.854436
1.854285
1.854426
1.854467
1.854775
1.853700
1.853859
1.853245
1.851833
1.853048
1.852967
1.853333
1.854939
1.855800
1.856506
1.856368
1.856267
1.855178
1.855083
1.854153
1.854318
1.853501
1.854037
1.853944
1.853029
1.853946
1.853909
1.853564
1.854639
1.855004
1.854887
1.855527
1.855267
1.855385
1.854904
1.855099
1.853894
1.853984
1.853552
1.852582
1.853429
1.853626
1.853340
1.854322
1.854565
1.854319
1.854894
1.854603
1.854680
1.854303
1.854486
1.853299
1.853402
1.852922
1.851811
1.852769
1.852954
1.852805
1.853903
1.854237
1.854104
1.854610
1.854125
1.854321
1.853416
1.853632
1.853127
1.852915
1.853258
1.852613
1.852993
1.852592
1.851786
1.852326
1.852354
1.851994
1.852756
1.852782
1.852467
1.853079
1.852703
1.853106
1.852271
1.852678
1.852407
1.851424
1.852314
1.852385
1.852097
1.853176
1.853541
1.853374
1.854006
1.853757
1.853809
1.853497
1.853613
1.852524
1.852607
1.852130
1.850961
1.851821
1.851883
1.851526
1.852697
1.853062
1.852881
1.853596
1.853502
1.853453
1.853505
1.853004
1.853150
1.851677
1.851792
1.851223
1.850148
1.851358
1.851710
1.851718
1.852825
1.853108
1.852983
1.853368
1.852675
1.852884
1.851979
1.852232
1.851325
1.851757
1.851391
1.851610
1.851478
1.851929
1.850609
1.850968
1.850131
1.848931
1.850326
1.850773
1.851032
1.852285
1.852645
1.852663
1.852904
1.852147
1.852264
1.851329
1.851500
1.850401
1.850822
1.850688
1.849811
1.850756
1.850878
1.850538
1.851505
1.851776
1.851549
1.852135
1.851812
1.851959
1.851383
1.851668
1.850546
1.850740
1.850341
1.849892
1.850606
1.850233
1.850871
1.849940
1.850372
1.850147
1.849304
1.850199
1.850360
1.849987
1.850955
1.851221
1.850931
1.851589
1.851457
1.851351
1.851510
1.850838
1.851083
1.850096
1.850371
1.849232
1.849740
1.849697
1.848910
1.849962
1.850071
1.849689
1.850685
1.850971
1.850721
1.851364
1.851170
1.851171
1.851044
1.850887
1.850528
1.850306
1.849403
1.849568
1.847888
1.848276
1.847913
1.847042
1.848667
1.848981
1.848965
1.850243
1.850693
1.850604
1.851164
1.850761
1.850942
1.850060
1.850266
1.849635
1.849559
1.849375
1.849673
1.848634
1.848844
1.848356
1.846815
1.847897
1.847773
1.847656
1.849239
1.850072
1.850289
1.850907
1.850430
1.850555
1.849506
1.849627
1.849024
1.848858
1.848985
1.848713
1.849116
1.847356
1.847672
1.846539
1.845284
1.847114
1.848015
1.848645
1.849877
1.850035
1.850157
1.849782
1.849614
1.848656
1.848692
1.847401
1.847608
1.847162
1.847396
1.847565
1.847974
1.847243
1.847456
1.846761
1.846330
1.846928
1.845783
1.846722
1.846052
1.844908
1.846637
1.847188
1.847651
1.848964
1.849343
1.849533
1.849424
1.849024
1.848695
1.847891
1.847932
1.846103
1.846480
1.845693
1.844617
1.846287
1.846880
1.847116
1.848289
1.848537
1.848407
1.848664
1.847851
1.848027
1.847206
1.847366
1.846322
1.846716
1.846541
1.845526
1.846353
1.846411
1.845941
1.846915
1.847211
1.846916
1.847582
1.847451
1.847387
1.847485
1.846942
1.847178
1.845704
1.845852
1.845423
1.844366
1.845532
1.845838
1.845679
1.846737
1.847027
1.846766
1.847291
1.846865
1.847067
1.846244
1.846528
1.845931
1.845946
1.845604
1.846092
1.844656
1.845184
1.845184
1.844346
1.843231
1.844669
1.845224
1.845424
1.846569
1.846817
1.846693
1.847003
1.846168
1.846381
1.845721
1.845693
1.845333
1.845817
1.844440
1.844960
1.844191
1.843093
1.844433
1.844937
1.845045
1.846154
1.846402
1.846219
1.846611
1.845841
1.846118
1.845375
1.845623
1.844594
1.845034
1.844870
1.843852
1.844747
1.844825
1.844414
1.845405
1.845718
1.845425
1.846064
1.845886
1.845850
1.845853
1.845501
1.845619
1.844142
1.844320
1.843687
1.842392
1.843702
1.843975
1.843961
1.845195
1.845614
1.845419
1.845938
1.845471
1.845672
1.844769
1.845042
1.844564
1.844298
1.844652
1.843771
1.844185
1.843886
1.842572
1.843564
1.843493
1.843215
1.844437
1.844946
1.844786
1.845443
1.845212
1.845198
1.845005
1.844940
1.844375
1.844521
1.842623
1.843010
1.842053
1.840837
1.842657
1.843376
1.843778
1.845009
1.845265
1.845235
1.845335
1.844602
1.844740
1.843552
1.843739
1.843160
1.843422
1.843052
1.843711
1.842702
1.843038
1.842703
1.842124
1.842889
1.842956
1.843100
1.843584
1.842725
1.843118
1.842762
1.841458
1.842553
1.842520
1.842279
1.843551
1.844083
1.843918
1.844579
1.844369
1.844299
1.844222
1.843922
1.843925
1.842764
1.842835
1.842369
1.841281
1.842064
1.842278
1.841617
1.842841
1.842922
1.842509
1.843450
1.843731
1.843417
1.844040
1.843837
1.843801
1.843730
1.843448
1.843393
1.842293
1.842360
1.841634
1.841489
1.841747
1.841591
1.842274
1.840288
1.840213
1.838364
1.837697
1.839874
1.842264
1.844013
1.844509
1.844353
1.843330
1.843022
1.841243
1.841433
1.841065
1.840078
1.841372
1.841772
1.841631
1.842671
1.842899
1.842514
1.842993
1.842556
1.842755
1.841971
1.842313
1.841651
1.841847
1.840872
1.841305
1.841136
1.840050
1.840899
1.840904
1.840370
1.841427
1.841764
1.841411
1.842155
1.842198
1.841844
1.842325
1.841642
1.842034
1.841069
1.841443
1.840842
1.841279
1.840302
1.840869
1.840671
1.839536
1.840553
1.840604
1.840319
1.841366
1.841723
1.841458
1.842020
1.841594
1.841778
1.840924
1.841231
1.840632
1.840667
1.840234
1.840793
1.839221
1.839880
1.839013
1.838051
1.839551
1.840266
1.840428
1.841458
1.841568
1.841321
1.841640
1.840665
1.840915
1.840503
1.839853
1.840429
1.839963
1.840620
1.839480
1.840035
1.839738
1.838765
1.839825
1.840095
1.839820
1.840785
1.841036
1.840660
1.841214
1.840883
1.840976
1.840517
1.840843
1.839292
1.839701
1.838996
1.838018
1.839194
1.839772
1.839640
1.840596
1.840738
1.840235
1.840733
1.840421
1.840499
1.840238
1.840468
1.839184
1.839393
1.838905
1.837486
1.838696
1.838759
1.838649
1.839883
1.840357
1.840175
1.840728
1.840194
1.840456
1.839330
1.839637
1.839393
1.838377
1.839137
1.839310
1.838738
1.839640
1.839847
1.839325
1.840000
1.840039
1.839626
1.840168
1.839639
1.840063
1.838868
1.839247
1.838980
1.837931
1.838843
1.839053
1.838646
1.839564
1.839799
1.839361
1.839938
1.839720
1.839647
1.839709
1.839216
1.839522
1.837676
1.838168
1.837224
1.836385
1.837804
1.838674
1.838740
1.839658
1.839657
1.839218
1.839612
1.838763
1.839167
1.838593
1.838877
1.838019
1.838518
1.838351
1.837438
1.838074
1.838186
1.837440
1.838391
1.838533
1.837958
1.838845
1.839075
1.838606
1.839307
1.839342
1.838939
1.839460
1.838787
1.839237
1.838139
1.838521
1.838280
1.837787
1.838498
1.838092
1.838742
1.837431
1.838137
1.837612
1.836858
1.837920
1.838450
1.838181
1.839001
1.839046
1.838437
1.838941
1.838696
1.838652
1.838777
1.838246
1.838628
1.836764
1.837316
1.836419
1.835784
1.837178
1.838059
1.838048
1.838869
1.838756
1.838209
1.838638
1.837801
1.838287
1.837671
1.838145
1.836872
1.837655
1.837187
1.836373
1.837392
1.837858
1.837518
1.838362
1.838458
1.837804
1.838357
1.838288
1.837858
1.838420
1.837655
1.838143
1.837310
1.837826
1.836633
1.837230
1.837140
1.836207
1.837247
1.837396
1.836928
1.837854
1.838100
1.837591
1.838206
1.838116
1.837711
1.838194
1.837147
1.837513
1.837233
1.836340
1.836977
1.837133
1.836484
1.837219
1.837301
1.836500
1.837213
1.837297
1.836579
1.837346
1.837493
1.836849
1.837535
1.837609
1.836986
1.837561
1.837452
1.837102
1.837600
1.836385
1.836813
1.836483
1.835324
1.836327
1.836519
1.836167
1.837133
1.837387
1.836922
1.837471
1.837147
1.837153
1.836918
1.837034
1.835938
1.836093
1.835581
1.834642
1.835306
1.835468
1.835201
1.836049
1.835689
1.836304
1.834773
1.835694
1.835017
1.833871
1.835680
1.836257
1.836542
1.837670
1.837779
1.837856
1.837573
1.837321
1.836574
1.836647
1.834315
1.834410
1.833154
1.832456
1.834522
1.836147
1.837137
1.837787
1.836852
1.836815
1.835849
1.835719
1.835182
1.835842
1.834288
1.835076
1.834193
1.833703
1.834928
1.835411
1.836088
1.835855
1.836220
1.836220
1.834254
1.834766
1.833819
1.832707
1.834545
1.835342
1.835707
1.836744
1.836618
1.836788
1.835952
1.836158
1.834891
1.835165
1.834592
1.835029
1.834263
1.834918
1.834822
1.833653
1.834511
1.834407
1.833955
1.834990
1.835384
1.835007
1.835682
1.835554
1.835221
1.835703
1.834379
1.834986
1.834468
1.833587
1.834561
1.835057
1.834692
1.835533
1.835608
1.834871
1.835430
1.835412
1.834866
1.835477
1.835161
1.835459
1.834646
1.835068
1.834494
1.834558
1.834035
1.834703
1.832889
1.833635
1.832869
1.831506
1.833549
1.834338
1.834718
1.836071
1.836442
1.836469
1.836497
1.835617
1.835684
1.834059
1.834155
1.833890
1.832941
1.833862
1.834179
1.833517
1.834401
1.834493
1.833805
1.834531
1.834672
1.834126
1.834763
1.834663
1.834438
1.834844
1.833507
1.833971
1.833426
1.832352
1.833294
1.833733
1.833373
1.834287
1.834446
1.833793
1.834363
1.834293
1.833888
1.834467
1.833501
1.833956
1.833678
1.833141
1.833823
1.833092
1.833748
1.833226
1.833732
1.832423
1.833369
1.832758
1.832409
1.833474
1.833365
1.834328
1.833404
1.833863
1.833568
1.832967
1.833694
1.833422
1.834080
1.832639
1.833566
1.832711
1.832256
1.833440
1.833743
1.834653
1.833609
1.834131
1.833564
1.832431
1.833349
1.833710
1.833305
1.834252
1.834442
1.833717
1.834322
1.834313
1.833587
1.834183
1.834161
1.833664
1.834269
1.833533
1.834106
1.832845
1.833357
1.833244
1.832383
1.833316
1.833541
1.832849
1.833745
1.833857
1.833141
1.833893
1.834018
1.833330
1.833979
1.834007
1.833344
1.833912
1.833707
1.833578
1.833855
1.832655
1.833019
1.832616
1.831154
1.832361
1.832245
1.832413
1.833565
1.833106
1.833803
1.833494
1.832762
1.833266
1.832495
1.833181
1.832243
1.832873
1.832454
1.832976
1.831922
1.832696
1.832368
1.831325
1.832341
1.832584
1.832199
1.833194
1.833441
1.832784
1.833422
1.833406
1.832645
1.833256
1.833258
1.832651
1.833280
1.832979
1.833226
1.832575
1.833126
1.831610
1.832111
1.831794
1.831048
1.832210
1.832675
1.832109
1.833074
1.833089
1.832285
1.833073
1.833222
1.832516
1.833264
1.833364
1.832558
1.833208
1.833246
1.832414
1.833055
1.833102
1.832278
1.832931
1.832985
1.832162
1.832827
1.832882
1.832047
1.832726
1.832788
1.831944
1.832645
1.832716
1.831874
1.832591
1.832672
1.831847
1.832559
1.832643
1.831834
1.832520
1.832593
1.831794
1.832451
1.832504
1.831724
1.832356
1.832378
1.831663
1.832273
1.832177
1.831823
1.832442
1.830838
1.831723
1.830782
1.830672
1.831763
1.831248
1.832323
1.832039
1.830881
1.831595
1.831758
1.831255
1.832167
1.832369
1.831693
1.832290
1.832208
1.831648
1.832258
1.831464
1.832087
1.830931
1.831510
1.831388
1.831030
1.831889
1.831009
1.831670
1.831482
1.830847
1.831613
1.831464
1.831945
1.831107
1.831650
1.831378
1.830436
1.831144
1.831293
1.830635
1.831584
1.831731
1.830880
1.831892
1.831886
1.831363
1.832251
1.832439
1.832030
1.832692
1.831938
1.832541
1.830885
1.831826
1.831115
1.831293
1.832192
1.831694
1.832493
1.832196
1.830648
1.831562
1.831193
1.831394
1.832413
1.831489
1.832496
1.831676
1.831185
1.831975
1.830946
1.832090
1.831531
1.831115
1.831973
1.831076
1.832003
1.831756
1.830767
1.831535
1.831749
1.831090
1.831926
1.832008
1.831105
1.831801
1.831830
1.830958
1.831722
1.831814
1.830961
1.831716
1.831788
1.830928
1.831663
1.831733
1.830878
1.831597
1.831666
1.830809
1.831517
1.831579
1.830718
1.831422
1.831482
1.830623
1.831330
1.831393
1.830537
1.831252
1.831319
1.830467
1.831190
1.831262
1.830415
1.831144
1.831219
1.830378
1.831108
1.831185
1.830350
1.831078
1.831155
1.830324
1.831047
1.831123
1.830297
1.831016
1.831090
1.830268
1.830984
1.831056
1.830240
1.830954
1.831023
1.830214
1.830925
1.830991
1.830194
1.830900
1.830959
1.830184
1.830879
1.830919
1.830210
1.830886
1.830815
1.830494
1.831192
1.829312
1.830075
1.829408
1.827919
1.830053
1.830925
1.831327
1.832521
1.832538
1.832633
1.831874
1.831954
1.829643
1.830161
1.828992
1.828819
1.830176
1.829799
1.830998
1.830694
1.829567
1.830110
1.830245
1.829795
1.830624
1.830492
1.830607
1.830428
1.830561
1.829197
1.829435
1.828955
1.827582
1.828907
1.828802
1.829619
1.829921
1.830863
1.828989
1.829113
1.827800
1.827192
1.829312
1.830918
1.832658
1.832186
1.832335
1.831237
1.830833
1.830141
1.830766
1.828449
1.828097
1.826531
1.825962
1.828100
1.830845
1.832403
1.833015
1.831982
1.831647
1.829269
1.829506
1.828956
1.828849
1.830105
1.829389
1.830382
1.829979
1.829114
1.829782
1.829726
1.830154
1.829816
1.830447
1.828003
1.827559
1.825914
1.825528
1.827584
1.830437
1.831991
1.832673
1.831707
1.831388
1.829127
1.829233
1.828839
1.828325
1.829476
1.829765
1.830216
1.830216
1.829932
1.830229
1.827828
1.827893
1.826671
1.826171
1.828375
1.829820
1.831302
1.830811
1.831007
1.829884
1.829842
1.828238
1.829047
1.828716
1.828461
1.829532
1.828699
1.829685
1.829424
1.828737
1.829530
1.829484
1.830059
1.829261
1.829813
1.829438
1.829019
1.829729
1.827665
1.827726
1.826665
1.826153
1.828322
1.830571
1.832173
1.832400
1.832132
1.830424
1.830130
1.828944
1.829461
1.827577
1.828654
1.828379
1.827028
1.829215
1.829924
1.830338
1.831380
1.831105
1.831495
1.830033
1.830172
1.829743
1.828748
1.829406
1.829457
1.829402
1.829928
1.828130
1.828988
1.827685
1.827980
1.828361
1.829609
1.828547
1.829572
1.828218
1.828486
1.827950
1.829166
1.829361
1.829377
1.829646
1.828035
1.828811
1.827655
1.828324
1.827449
1.829051
1.828955
1.829116
1.829713
1.828707
1.829492
1.829048
1.828314
1.829138
1.828904
1.829886
1.828051
1.828841
1.828198
1.827127
1.829131
1.830242
1.830782
1.831561
1.830609
1.830819
1.829904
1.830001
1.828526
1.829090
1.828892
1.827929
1.828800
1.829050
1.828541
1.829325
1.829138
1.829220
1.829102
1.829140
1.828349
1.828823
1.825732
1.825043
1.821037
1.820564
1.823707
1.827985
1.830637
1.831565
1.831257
1.830360
1.829396
1.828555
1.828027
1.827370
1.827539
1.825194
1.825773
1.825101
1.823385
1.825586
1.826621
1.827039
1.828529
1.828936
1.829157
1.828968
1.828539
1.828021
1.827328
1.827049
1.825577
1.825765
1.825308
1.825208
1.826031
1.824375
1.825263
1.824652
1.823601
1.825916
1.827140
1.828065
1.828893
1.828244
1.828524
1.827386
1.827681
1.826058
1.826734
1.826604
1.826210
1.827206
1.826986
1.827799
1.826167
1.827109
1.826093
1.826646
1.826503
1.827720
1.827159
1.827787
1.826652
1.827167
1.826194
1.827011
1.826447
1.827364
1.825920
1.827092
1.826295
1.826960
1.826587
1.827679
1.827528
1.827814
1.826742
1.827169
1.826659
1.826893
1.826334
1.827174
1.825346
1.826517
1.825404
1.826272
1.826248
1.827729
1.827919
1.827863
1.827962
1.826465
1.827017
1.826411
1.826291
1.827233
1.825653
1.826553
1.825896
1.825183
1.827076
1.828365
1.829077
1.829594
1.828234
1.828251
1.827608
1.826645
1.827337
1.826866
1.827785
1.825808
1.826750
1.826212
1.824883
1.826996
1.827556
1.828110
1.828853
1.828119
1.828457
1.827424
1.827615
1.825491
1.826450
1.825402
1.826132
1.825817
1.827034
1.826974
1.827068
1.826360
1.826752
1.824004
1.823328
1.821135
1.821209
1.823411
1.826767
1.828673
1.829258
1.828769
1.827768
1.826841
1.825860
1.825757
1.823732
1.824511
1.823220
1.824309
1.823257
1.825229
1.824837
1.825407
1.825383
1.826296
1.824914
1.825847
1.824748
1.825180
1.824718
1.825859
1.825705
1.826196
1.824471
1.825345
1.824182
1.825041
1.824121
1.825800
1.825635
1.826014
1.826163
1.826456
1.825987
1.826425
1.823358
1.822405
1.818222
1.817494
1.820529
1.824926
1.827776
1.828861
1.828625
1.827794
1.826811
1.826041
1.825317
1.825100
1.823953
1.824392
1.822939
1.823594
1.823533
1.823636
1.824618
1.823140
1.824417
1.823538
1.823336
1.824784
1.824760
1.825919
1.825680
1.825623
1.825284
1.825476
1.824117
1.824614
1.824170
1.823631
1.824729
1.824138
1.825242
1.825221
1.825154
1.825905
1.824166
1.825191
1.824757
1.823327
1.825601
1.826390
1.826883
1.827944
1.827561
1.827989
1.826489
1.826661
1.826226
1.825667
1.826449
1.825133
1.826094
1.825511
1.825611
1.825990
1.825860
1.826561
1.824005
1.823605
1.822569
1.821850
1.824576
1.826655
1.828186
1.828198
1.827952
1.826189
1.825957
1.824915
1.825319
1.823847
1.825017
1.824409
1.825046
1.824526
1.825510
1.825217
1.825605
1.824196
1.824931
1.824551
1.824496
1.825427
1.824008
1.825363
1.824297
1.824647
1.824923
1.826062
1.824878
1.825910
1.824505
1.825121
1.823995
1.825648
1.825553
1.825972
1.826035
1.826344
1.825478
1.825872
1.824156
1.824638
1.824459
1.824563
1.825713
1.824027
1.824837
1.824139
1.823541
1.825478
1.826700
1.827582
1.827653
1.827200
1.826557
1.825714
1.825548
1.823309
1.824269
1.822340
1.823572
1.824024
1.825699
1.824990
1.826214
1.825278
1.825535
1.824865
1.825851
1.825350
1.826125
1.823934
1.824850
1.824405
1.823245
1.825378
1.825904
1.826546
1.826927
1.826456
1.826731
1.824351
1.825031
1.823582
1.824317
1.824101
1.825552
1.825722
1.825681
1.825464
1.824610
1.825007
1.821950
1.821075
1.817523
1.817368
1.820308
1.824328
1.826847
1.827731
1.827377
1.826466
1.825445
1.824622
1.823936
1.823606
1.822828
1.823324
1.820402
1.819586
1.817500
1.817762
1.819954
1.823363
1.825179
1.825690
1.825379
1.824458
1.824011
1.822641
1.822854
1.821695
1.822342
1.821199
1.822081
1.822176
1.822143
1.822963
1.821554
1.822713
1.821709
1.822567
1.821921
1.823304
1.823591
1.823249
1.823958
1.823958
1.823100
1.823778
1.823166
1.823868
1.822293
1.823570
1.822664
1.823590
1.822907
1.824205
1.824414
1.823989
1.824678
1.823831
1.824549
1.823849
1.824619
1.823062
1.824279
1.823472
1.824334
1.823595
1.824786
1.824905
1.824391
1.825067
1.824179
1.824913
1.824209
1.825005
1.823357
1.824669
1.823683
1.824655
1.823882
1.825212
1.825328
1.824929
1.825592
1.824388
1.825062
1.824859
1.824462
1.825278
1.823798
1.825001
1.823945
1.824789
1.823766
1.825186
1.825108
1.825137
1.825620
1.824425
1.825090
1.824675
1.824162
1.824998
1.823445
1.824888
1.823709
1.824680
1.823826
1.825296
1.825419
1.825218
1.825848
1.824258
1.825243
1.824284
1.824928
1.823987
1.825124
1.825195
1.824695
1.825391
1.824052
1.824831
1.824575
1.824398
1.825254
1.823533
1.824838
1.823904
1.823928
1.825014
1.824527
1.825564
1.825291
1.824467
1.825079
1.823756
1.824745
1.824524
1.824585
1.825242
1.823862
1.825039
1.823623
1.824519
1.823461
1.825013
1.825117
1.825342
1.825783
1.824660
1.825172
1.824703
1.824226
1.825000
1.822754
1.823014
1.822709
1.822118
1.824550
1.826181
1.827299
1.827257
1.826834
1.825444
1.825401
1.822383
1.822726
1.822466
1.821443
1.824057
1.825048
1.825793
1.826052
1.825371
1.825442
1.823071
1.823779
1.822328
1.823352
1.822618
1.824124
1.824318
1.823945
1.824500
1.822906
1.823694
1.823160
1.823385
1.823710
1.823884
1.824127
1.822792
1.822985
1.822176
1.822589
1.821485
1.822858
1.822425
1.823422
1.821843
1.823425
1.823302
1.822287
1.824307
1.824615
1.825375
1.825416
1.825740
1.824376
1.824595
1.823969
1.823625
1.824250
1.822441
1.823788
1.822871
1.823111
1.824203
1.824043
1.825056
1.824513
1.824708
1.822949
1.824078
1.822969
1.824140
1.823211
1.824714
1.824676
1.824919
1.825137
1.824661
1.825234
1.822258
1.821382
1.818946
1.819349
1.822054
1.825323
1.827188
1.827671
1.827096
1.826071
1.825006
1.824201
1.823519
1.823358
1.822131
1.822670
1.821248
1.822100
1.821947
1.822796
1.822057
1.823095
1.822928
1.822818
1.823598
1.821678
1.822587
1.822259
1.821259
1.823510
1.824539
1.825234
1.825714
1.824777
1.825037
1.823480
1.823888
1.823281
1.824078
1.822522
1.824006
1.822762
1.823796
1.823105
1.824407
1.824639
1.824479
1.825020
1.823107
1.824212
1.822763
1.823749
1.823058
1.824464
1.824751
1.824434
1.825022
1.823267
1.824244
1.823219
1.824113
1.823062
1.824514
1.824342
1.824604
1.824588
1.824744
1.824015
1.824515
1.821409
1.820600
1.818646
1.819331
1.821859
1.825018
1.826667
1.827109
1.826508
1.825658
1.824504
1.824251
1.822249
1.822807
1.822285
1.822747
1.822998
1.823847
1.822232
1.823333
1.821390
1.822353
1.822592
1.824115
1.823502
1.824568
1.824134
1.823774
1.824302
1.822819
1.824042
1.822915
1.823866
1.822776
1.824357
1.824256
1.824741
1.824540
1.825193
1.823238
1.824395
1.822906
1.823917
1.823298
1.824957
1.825268
1.825080
1.825630
1.823907
1.824912
1.823852
1.824729
1.823653
1.825088
1.824966
1.825191
1.825271
1.825141
1.825219
1.823765
1.824073
1.823465
1.823818
1.823471
1.824650
1.822565
1.823408
1.823115
1.822529
1.824850
1.826132
1.826660
1.827212
1.825776
1.826003
1.825457
1.825030
1.825664
1.823826
1.825184
1.823695
1.824752
1.824202
1.825631
1.825880
1.825875
1.826072
1.824565
1.825032
1.824545
1.824434
1.825071
1.823593
1.824939
1.823241
1.824215
1.824250
1.825509
1.824631
1.825743
1.825133
1.825280
1.824918
1.825754
1.823444
1.823942
1.823408
1.822872
1.825021
1.826294
1.827036
1.827067
1.826263
1.826118
1.823413
1.824309
1.822942
1.824129
1.823656
1.825467
1.825615
1.825553
1.825777
1.824348
1.824928
1.824533
1.824419
1.825097
1.823492
1.824928
1.823201
1.824201
1.824243
1.825608
1.824706
1.825821
1.825186
1.825358
1.824960
1.825828
1.823629
1.824507
1.824136
1.822612
1.825050
1.825683
1.826500
1.826860
1.826634
1.826586
1.824962
1.825071
1.824339
1.824622
1.823929
1.824910
1.823798
1.824608
1.824211
1.824920
1.823699
1.825099
1.824160
1.825240
1.824025
1.825677
1.825192
1.826133
1.824971
1.826123
1.825817
1.825983
1.826002
1.826064
1.825709
1.825866
1.823205
1.823788
1.823550
1.821814
1.824204
1.825524
1.826186
1.827462
1.827481
1.828003
1.826615
1.826697
1.825794
1.825880
1.824798
1.825490
1.824752
1.825547
1.823325
1.824648
1.824131
1.824118
1.825651
1.825415
1.826438
1.825956
1.826083
1.824772
1.825312
1.824913
1.825276
1.824429
1.825214
1.824210
1.825073
1.823926
1.824972
1.824963
1.825559
1.825287
1.826194
1.823709
1.823866
1.823625
1.823299
1.825765
1.827278
1.828278
1.828085
1.827785
1.826029
1.826044
1.824875
1.825714
1.823822
1.825523
1.824591
1.825775
1.825164
1.826527
1.826670
1.826347
1.826866
1.825037
1.826156
1.826156
1.824895
1.825892
1.825111
1.826337
1.826484
1.826350
1.826754
1.824920
1.825956
1.824533
1.825581
1.825055
1.826421
1.826454
1.827010
1.825698
1.826240
1.825830
1.825763
1.826282
1.825070
1.826040
1.825334
1.826067
1.824525
1.826321
1.825195
1.826387
1.826051
1.827376
1.827006
1.827854
1.826146
1.827111
1.826227
1.827125
1.825960
1.827381
1.826967
1.827534
1.826544
1.827356
1.827079
1.827304
1.826665
1.827425
1.824793
1.824985
1.824807
1.824639
1.827054
1.828374
1.829419
1.828816
1.828896
1.826410
1.827050
1.825792
1.826904
1.826125
1.827508
1.827623
1.827412
1.827882
1.826024
1.827144
1.825720
1.826767
1.826280
1.827639
1.827543
1.828207
1.826416
1.827376
1.826111
1.827088
1.826090
1.827540
1.827586
1.827759
1.827971
1.827293
1.827911
1.825294
1.826088
1.825985
1.824781
1.827428
1.828058
1.828923
1.828937
1.829113
1.827885
1.828164
1.826706
1.827321
1.826388
1.827470
1.826716
1.827754
1.827234
1.828128
1.826255
1.827797
1.826669
1.827823
1.827258
1.828682
1.828893
1.828678
1.829078
1.827138
1.828223
1.826765
1.827820
1.827410
1.828778
1.828437
1.829303
1.827557
1.828555
1.827633
1.828585
1.827489
1.828904
1.828653
1.829041
1.828518
1.829277
1.827144
1.828436
1.826985
1.828127
1.827665
1.829224
1.829518
1.829374
1.829679
1.827783
1.828748
1.827437
1.828495
1.827665
1.829046
1.829231
1.829249
1.829628
1.828053
1.828847
1.828002
1.828796
1.827314
1.829120
1.828061
1.829184
1.828726
1.829917
1.829292
1.830118
1.828838
1.829510
1.829085
1.829697
1.828382
1.829401
1.828817
1.829423
1.828136
1.829412
1.828887
1.829744
1.828175
1.829819
1.828657
1.829758
1.829257
1.830474
1.829978
1.830791
1.828958
1.829993
1.828979
1.829989
1.828823
1.830266
1.829955
1.830436
1.829604
1.830384
1.829217
1.829943
1.829062
1.830030
1.828326
1.829970
1.828759
1.829921
1.829626
1.830884
1.829962
1.830732
1.830241
1.830434
1.829566
1.830362
1.828541
1.829781
1.828491
1.829713
1.829440
1.830814
1.829937
1.830800
1.830366
1.830632
1.829792
1.830622
1.828964
1.830054
1.829176
1.830349
1.828963
1.830841
1.829874
1.830942
1.830143
1.831306
1.831262
1.831475
1.830896
1.831379
1.828379
1.828034
1.828043
1.827467
1.830153
1.831885
1.832746
1.832845
1.831809
1.831628
1.828754
1.829715
1.828143
1.829452
1.829390
1.830921
1.830588
1.831265
1.829260
1.830176
1.829158
1.830207
1.829223
1.830640
1.830522
1.830711
1.830516
1.830724
1.829264
1.829760
1.829152
1.829699
1.828591
1.829962
1.829513
1.830530
1.828706
1.830398
1.830115
1.829963
1.831433
1.831005
1.832048
1.831584
1.831850
1.830322
1.831135
1.830763
1.831260
1.830542
1.831498
1.830378
1.831247
1.830671
1.831707
1.829735
1.831248
1.831246
1.830121
1.832202
1.832485
1.833242
1.832725
1.833253
1.831195
1.832066
1.830833
1.831841
1.830821
1.832194
1.832211
1.832301
1.832383
1.831746
1.832310
1.829282
1.828969
1.829125
1.828657
1.831371
1.833100
1.833931
1.834007
1.833020
1.832770
1.830268
1.830965
1.829855
1.831034
1.830192
1.831616
1.831656
1.831680
1.831855
1.831035
1.831699
1.829631
1.831018
1.829579
1.830885
1.831277
1.832378
1.831694
1.832349
1.831580
1.832034
1.830087
1.831614
1.830345
1.831563
1.831603
1.832858
1.831841
1.832705
1.832304
1.832221
1.832462
1.831950
1.832753
1.830197
1.831093
1.831065
1.829861
1.832417
1.832959
1.833871
1.833596
1.834065
1.832407
1.832887
1.832432
1.832429
1.832771
1.832337
1.833093
1.830545
1.831561
1.831200
1.830555
1.832538
1.833474
1.833794
1.834198
1.832746
1.833110
1.832660
1.832730
1.832796
1.832953
1.832556
1.832999
1.830105
1.830132
1.830196
1.830022
1.832661
1.834223
1.835053
1.835110
1.834438
1.834124
1.832403
1.832711
1.832214
1.832851
1.831756
1.832822
1.832652
1.832970
1.832817
1.833530
1.831538
1.833011
1.831517
1.832746
1.832828
1.834355
1.833967
1.834704
1.833436
1.833970
1.833299
1.834150
1.832568
1.833952
1.832961
1.833985
1.833258
1.834394
1.834409
1.834630
1.834168
1.834581
1.832342
1.833639
1.831925
1.833120
1.833585
1.834791
1.834303
1.834973
1.833972
1.834490
1.832594
1.833951
1.833064
1.834236
1.833689
1.834822
1.834655
1.835077
1.833755
1.834304
1.833963
1.834218
1.833955
1.834728
1.832433
1.833612
1.833087
1.832673
1.834399
1.834952
1.835845
1.834575
1.835050
1.834591
1.834589
1.834846
1.834562
1.835218
1.832525
1.833023
1.832985
1.832341
1.834760
1.835978
1.836479
1.836819
1.835677
1.835946
1.834551
1.835136
1.834400
1.835341
1.834016
1.835137
1.834792
1.835349
1.834722
1.835625
1.834729
1.835509
1.834540
1.835430
1.834728
1.835725
1.834755
1.835638
1.835365
1.835939
1.834799
1.835662
1.835432
1.835672
1.835531
1.836156
1.834125
1.834125
1.835562
1.833812
1.835035
1.835540
1.836902
1.836339
1.837100
1.836588
1.836620
1.835858
1.836653
1.834613
1.836142
1.834641
1.835874
1.836233
1.837450
1.836734
1.837414
1.836876
1.836938
1.836172
1.836980
1.835053
1.836515
1.834974
1.836166
1.836567
1.837552
1.837215
1.837910
1.836094
1.836837
1.836130
1.837012
1.836027
1.837285
1.837120
1.837351
1.837023
1.837619
1.835522
1.836916
1.835254
1.836430
1.836816
1.838170
1.837469
1.838201
1.837738
1.837588
1.837464
1.837522
1.837135
1.837576
1.834775
1.835144
1.835170
1.834911
1.837329
1.838652
1.839204
1.839417
1.838291
1.838556
1.836666
1.837461
1.837134
1.837866
1.837295
1.838257
1.837586
1.838340
1.836483
1.837933
1.836873
1.838097
1.838054
1.839247
1.838297
1.838991
1.838599
1.838550
1.838455
1.838546
1.837991
1.838555
1.835608
1.835648
1.835926
1.835742
1.838268
1.839753
1.840485
1.840529
1.839790
1.839559
1.837665
1.838048
1.837756
1.838064
1.838252
1.838676
1.837781
1.838378
1.836812
1.837766
1.837683
1.838671
1.838004
1.839135
1.838993
1.839150
1.838911
1.839439
1.837480
1.838965
1.837103
1.838460
1.839005
1.840142
1.840144
1.840892
1.838996
1.839925
1.838694
1.839743
1.839269
1.840518
1.840396
1.840931
1.839386
1.840059
1.839654
1.840001
1.839745
1.840621
1.838611
1.840035
1.838443
1.839551
1.839824
1.841141
1.840420
1.841131
1.840684
1.840626
1.840292
1.840738
1.838967
1.840086
1.838642
1.839734
1.839810
1.841095
1.840143
1.841170
1.840751
1.840981
1.840589
1.841436
1.839528
1.840945
1.839342
1.840420
1.840758
1.841883
1.841349
1.842050
1.841143
1.841708
1.839900
1.841243
1.840454
1.841563
1.840904
1.842004
1.841941
1.842206
1.841472
1.842089
1.840070
1.841436
1.840086
1.841277
1.841554
1.842634
1.841889
1.842562
1.841982
1.842280
1.840956
1.841813
1.841685
1.842032
1.841795
1.842536
1.840350
1.841769
1.840601
1.841736
1.841424
1.843035
1.843354
1.843293
1.843407
1.842211
1.842767
1.841793
1.842683
1.841326
1.842619
1.842368
1.843246
1.842221
1.843316
1.843154
1.843393
1.843157
1.843760
1.841787
1.843192
1.841390
1.842566
1.843061
1.844041
1.844039
1.844675
1.842613
1.843625
1.842114
1.843187
1.843270
1.844514
1.843604
1.844350
1.843971
1.843879
1.843856
1.843800
1.843808
1.843152
1.843710
1.840751
1.840896
1.841425
1.841166
1.843674
1.845154
1.845805
1.845981
1.845072
1.845111
1.842981
1.843664
1.843131
1.843907
1.843264
1.844273
1.844024
1.844488
1.843119
1.843898
1.843773
1.844085
1.844192
1.844560
1.843594
1.844168
1.842792
1.843623
1.843414
1.844476
1.843211
1.844825
1.843782
1.844809
1.844539
1.845705
1.844874
1.845701
1.845391
1.845622
1.844938
1.845714
1.843925
1.845195
1.844087
1.845221
1.845005
1.846248
1.845542
1.846309
1.845612
1.846247
1.844615
1.845771
1.845193
1.846050
1.845012
1.846074
1.846042
1.846074
1.846192
1.845706
1.846281
1.843866
1.845248
1.844098
1.845322
1.845155
1.846673
1.846868
1.846955
1.846489
1.846635
1.844979
1.845727
1.845268
1.846007
1.845010
1.846212
1.846115
1.846513
1.845989
1.846874
1.845129
1.846612
1.845318
1.846476
1.846726
1.847727
1.847021
1.847703
1.846961
1.847491
1.845693
1.847049
1.846206
1.847308
1.846710
1.847825
1.847651
1.848174
1.846784
1.847451
1.847196
1.847445
1.847305
1.847901
1.846065
1.847305
1.845693
1.846822
1.847192
1.848216
1.847883
1.848680
1.847233
1.847841
1.847508
1.848003
1.847463
1.848408
1.847038
1.847938
1.847583
1.848250
1.847452
1.848483
1.848285
1.848800
1.847497
1.848422
1.848160
1.848723
1.847861
1.848795
1.848396
1.849177
1.847314
1.848957
1.847681
1.848845
1.849058
1.850125
1.849303
1.849993
1.849451
1.849706
1.848456
1.849234
1.848939
1.849557
1.848192
1.849263
1.848827
1.849614
1.848350
1.849677
1.849262
1.850071
1.848829
1.849984
1.849737
1.850200
1.849424
1.850254
1.849144
1.849941
1.849366
1.850283
1.848717
1.850232
1.849299
1.850345
1.849813
1.850948
1.850507
1.851275
1.849667
1.850519
1.850121
1.850680
1.849994
1.850917
1.850011
1.850795
1.849635
1.850542
1.850265
1.851161
1.849717
1.851017
1.850199
1.851146
1.850128
1.851318
1.851358
1.851533
1.851420
1.851507
1.850605
1.851264
1.848845
1.850454
1.849388
1.850790
1.850902
1.852357
1.851952
1.852655
1.851194
1.851829
1.851587
1.852030
1.851494
1.852325
1.850496
1.851699
1.850580
1.851713
1.851439
1.852722
1.852149
1.852977
1.851953
1.852676
1.851777
1.852681
1.851795
1.852714
1.852114
1.853014
1.851573
1.852710
1.852322
1.853062
1.852110
1.853121
1.853009
1.853285
1.852676
1.853435
1.851371
1.852902
1.851491
1.852693
1.853078
1.854159
1.853560
1.854256
1.853252
1.853866
1.852299
1.853396
1.853235
1.853909
1.853218
1.853218
