0.375592
0.383852
0.381390
0.379550
0.378164
0.377156
0.376498
0.376155
0.376066
0.376153
0.376353
0.376627
0.376954
0.377320
0.377717
0.378137
0.378575
0.379029
0.379498
0.379983
0.380489
0.381018
0.381571
0.382148
0.382749
0.383376
0.384033
0.384720
0.385439
0.386189
0.386971
0.387784
0.388632
0.389515
0.390437
0.391398
0.392402
0.393451
0.394547
0.395693
0.396893
0.398150
0.399467
0.400848
0.402295
0.403813
0.405403
0.407071
0.408819
0.410656
0.412590
0.414637
0.416818
0.419165
0.421716
0.424506
0.427551
0.430835
0.434320
0.438003
0.441965
0.446289
0.451030
0.456244
0.461998
0.468358
0.475384
0.483115
0.491552
0.500634
0.510196
0.519945
0.529465
0.538280
0.545965
0.552266
0.557166
0.560837
0.563531
0.565491
0.566917
0.567960
0.568728
0.569299
0.569730
0.570059
0.570315
0.570517
0.570680
0.570812
0.570921
0.571012
0.571088
0.571150
0.571200
0.571238
0.571265
0.571280
0.571283
0.571274
0.571252
0.571217
0.571167
0.571103
0.571025
0.570934
0.570831
0.570719
0.570600
0.570478
0.570357
0.570241
0.570131
0.570028
0.569931
0.569841
0.569756
0.569671
0.569585
0.569497
0.569405
0.569310
0.569209
0.569102
0.568989
0.568870
0.568747
0.568618
0.568485
0.568349
0.568210
0.568070
0.567933
0.567800
0.567678
0.567574
0.567499
0.567465
0.567484
0.567564
0.567702
0.567883
0.568080
0.568271
0.568444
0.568595
0.568721
0.568823
0.568899
0.568946
0.568964
0.568952
0.568913
0.568847
0.568755
0.568638
0.568497
0.568336
0.568157
0.567962
0.567753
0.567532
0.567302
0.567065
0.566823
0.566575
0.566325
0.566071
0.565815
0.565557
0.565294
0.565028
0.564754
0.564464
0.564141
0.563827
0.563569
0.563327
0.563079
0.562828
0.562576
0.562343
0.562174
0.562052
0.561948
0.561846
0.561601
0.561382
0.561069
0.560836
0.560478
0.560335
0.559889
0.559794
0.559334
0.559147
0.558974
0.558713
0.558433
0.558149
0.557854
0.557608
0.557437
0.557269
0.557060
0.556819
0.556580
0.556340
0.556098
0.555856
0.555614
0.555370
0.555125
0.554880
0.554634
0.554388
0.554142
0.553897
0.553651
0.553406
0.553161
0.552917
0.552673
0.552430
0.552188
0.551947
0.551707
0.551468
0.551230
0.550994
0.550759
0.550525
0.550293
0.550062
0.549833
0.549607
0.549383
0.549161
0.548942
0.548728
0.548517
0.548310
0.548109
0.547912
0.547722
0.547537
0.547357
0.547183
0.547014
0.546851
0.546692
0.546539
0.546390
0.546245
0.546104
0.545966
0.545833
0.545702
0.545575
0.545450
0.545328
0.545209
0.545092
0.544977
0.544864
0.544753
0.544645
0.544538
0.544434
0.544332
0.544232
0.544135
0.544040
0.543948
0.543859
0.543773
0.543690
0.543611
0.543535
0.543463
0.543395
0.543332
0.543273
0.543218
0.543169
0.543124
0.543083
0.543046
0.543012
0.542981
0.542952
0.542923
0.542896
0.542869
0.542845
0.542824
0.542807
0.542796
0.542792
0.542794
0.542804
0.542822
0.542849
0.542885
0.542932
0.542990
0.543063
0.543151
0.543256
0.543381
0.543525
0.543689
0.543868
0.544056
0.544247
0.544432
0.544605
0.544760
0.544896
0.545012
0.545109
0.545190
0.545259
0.545316
0.545364
0.545404
0.545436
0.545461
0.545480
0.545493
0.545501
0.545505
0.545504
0.545499
0.545491
0.545479
0.545465
0.545449
0.545430
0.545409
0.545387
0.545362
0.545335
0.545305
0.545274
0.545240
0.545204
0.545164
0.545122
0.545076
0.545028
0.544975
0.544919
0.544859
0.544795
0.544728
0.544656
0.544580
0.544499
0.544415
0.544326
0.544232
0.544135
0.544032
0.543926
0.543815
0.543699
0.543580
0.543455
0.543327
0.543193
0.543056
0.542914
0.542768
0.542618
0.542463
0.542304
0.542141
0.541974
0.541802
0.541627
0.541447
0.541264
0.541076
0.540885
0.540689
0.540490
0.540287
0.540080
0.539870
0.539656
0.539438
0.539217
0.538993
0.538764
0.538533
0.538298
0.538060
0.537819
0.537574
0.537326
0.537076
0.536822
0.536565
0.536306
0.536043
0.535778
0.535510
0.535239
0.534966
0.534690
0.534412
0.534131
0.533848
0.533562
0.533274
0.532984
0.532691
0.532397
0.532100
0.531801
0.531500
0.531197
0.530893
0.530586
0.530277
0.529967
0.529655
0.529341
0.529025
0.528708
0.528389
0.528069
0.527747
0.527423
0.527098
0.526772
0.526444
0.526115
0.525785
0.525453
0.525120
0.524786
0.524450
0.524113
0.523775
0.523435
0.523094
0.522752
0.522408
0.522063
0.521716
0.521368
0.521018
0.520667
0.520315
0.519961
0.519605
0.519248
0.518889
0.518529
0.518167
0.517804
0.517439
0.517072
0.516704
0.516335
0.515963
0.515591
0.515216
0.514840
0.514463
0.514084
0.513704
0.513322
0.512938
0.512553
0.512167
0.511779
0.511390
0.511000
0.510608
0.510215
0.509820
0.509425
0.509028
0.508629
0.508230
0.507829
0.507427
0.507023
0.506619
0.506213
0.505806
0.505398
0.504989
0.504579
0.504168
0.503755
0.503342
0.503342
0.502927
0.502511
0.502095
0.501677
0.501258
0.500838
0.500417
0.499995
0.499573
0.499149
0.498724
0.498298
0.497871
0.497444
0.497015
0.496585
0.496155
0.495723
0.495291
0.494858
0.494423
0.493988
0.493552
0.493115
0.492677
0.492238
0.491798
0.491358
0.490916
0.490474
0.490031
0.489587
0.489142
0.488696
0.488249
0.487801
0.487353
0.486903
0.486453
0.486002
0.485550
0.485097
0.484643
0.484188
0.483733
0.483277
0.482819
0.482361
0.481902
0.481442
0.480982
0.480520
0.480057
0.479594
0.479130
0.478665
0.478199
0.477732
0.477264
0.476795
0.476325
0.475855
0.475383
0.474911
0.474438
0.473963
0.473488
0.473012
0.472535
0.472057
0.471578
0.471098
0.470618
0.470136
0.469653
0.469169
0.468685
0.468199
0.467712
0.467224
0.466736
0.466246
0.465755
0.465263
0.464770
0.464277
0.463782
0.463286
0.462788
0.462290
0.461791
0.461291
0.460789
0.460286
0.459783
0.459278
0.458772
0.458265
0.457756
0.457247
0.456736
0.456224
0.455711
0.455197
0.454681
0.454164
0.453646
0.453127
0.452607
0.452085
0.451562
0.451037
0.450512
0.449985
0.449457
0.448927
0.448396
0.447864
0.447330
0.446795
0.446258
0.445721
0.445181
0.444641
0.444099
0.443555
0.443010
0.442464
0.441916
0.441367
0.440816
0.440264
0.439710
0.439155
0.438598
0.438040
0.437481
0.436919
0.436356
0.435792
0.435226
0.434659
0.434090
0.433519
0.432947
0.432373
0.431798
0.431221
0.430643
0.430063
0.429481
0.428898
0.428313
0.427726
0.427138
0.426549
0.425957
0.425364
0.424770
0.424174
0.423576
0.422976
0.422375
0.421773
0.421168
0.420562
0.419955
0.419346
0.418735
0.418123
0.417509
0.416893
0.416276
0.415658
0.415037
0.414416
0.413792
0.413167
0.412541
0.411913
0.411284
0.410653
0.410020
0.409386
0.408751
0.408114
0.407476
0.406836
0.406195
0.405552
0.404909
0.404263
0.403617
0.402969
0.402320
0.401670
0.401018
0.400365
0.399711
0.399056
0.398400
0.397742
0.397084
0.396424
0.395764
0.395102
0.394440
0.393777
0.393112
0.392447
0.391781
0.391115
0.390447
0.389779
0.389110
0.388441
0.387771
0.387101
0.386430
0.385758
0.385087
0.384415
0.383742
0.383070
0.382397
0.381724
0.381051
0.380378
0.379706
0.379033
0.378360
0.377688
0.377016
0.376344
0.375673
0.375002
0.374331
0.373662
0.372992
0.372324
0.371657
0.370990
0.370324
0.369659
0.368996
0.368333
0.367672
0.367012
0.366353
0.365696
0.365040
0.364386
0.363734
0.363083
0.362435
0.361788
0.361143
0.360500
0.359860
0.359221
0.358585
0.357952
0.357321
0.356692
0.356066
0.355443
0.354823
0.354206
0.353591
0.352980
0.352372
0.351766
0.351164
0.350565
0.349970
0.349378
0.348789
0.348203
0.347621
0.347042
0.346467
0.345895
0.345327
0.344762
0.344200
0.343642
0.343087
0.342536
0.341988
0.341444
0.340903
0.340365
0.339830
0.339299
0.338771
0.338245
0.337723
0.337203
0.336686
0.336172
0.335659
0.335149
0.334640
0.334133
0.333627
0.333123
0.332619
0.332117
0.331614
0.331112
0.330611
0.330109
0.329608
0.329106
0.328605
0.328103
0.327601
0.327100
0.326598
0.326096
0.325595
0.325093
0.324593
0.324093
0.323594
0.323096
0.322600
0.322105
0.321612
0.321121
0.320633
0.320147
0.319664
0.319185
0.318709
0.318236
0.317768
0.317304
0.316844
0.316389
0.315939
0.315494
0.315055
0.314621
0.314192
0.313770
0.313354
0.312945
0.312542
0.312146
0.311757
0.311375
0.311001
0.310634
0.310275
0.309924
0.309582
0.309248
0.308923
0.308607
0.308301
0.308003
0.307715
0.307437
0.307168
0.306908
0.306658
0.306416
0.306181
0.305950
0.305712
0.305436
0.305088
0.304714
0.304333
0.304006
0.303640
0.303070
0.303103
0.303230
0.303245
0.303524
0.303781
0.304015
0.304242
0.304475
0.304735
0.305029
0.305355
0.305701
0.306056
0.306410
0.306708
0.306755
0.306590
0.306899
0.307154
0.307459
0.307932
0.307685
0.308352
0.308724
0.308906
0.309790
0.309797
0.309178
0.309795
0.310590
0.310427
0.311262
0.310213
0.310899
0.311531
0.311197
0.312178
0.311583
0.311128
0.311159
0.312578
0.311440
0.312114
0.311973
0.313574
0.311703
0.312362
0.311622
0.313064
0.310862
0.311519
0.310591
0.312103
0.309472
0.310294
0.309052
0.310603
0.307669
0.308404
0.306980
0.308548
0.305366
0.307330
0.302453
0.303806
0.302215
0.299212
0.301417
0.300761
0.297622
0.299824
0.298222
0.296023
0.296979
0.296050
0.293166
0.294614
0.293631
0.290843
0.292636
0.291167
0.288713
0.290177
0.289072
0.285986
0.288271
0.286360
0.283963
0.285666
0.284311
0.281046
0.283718
0.281317
0.279016
0.280818
0.279365
0.275782
0.279031
0.275746
0.273906
0.275296
0.274427
0.270228
0.274537
0.269900
0.269229
0.269401
0.269915
0.265872
0.270017
0.263434
0.265657
0.263939
0.261833
0.262181
0.263779
0.262256
0.257208
0.261296
0.255824
0.256153
0.256153
0.252876
0.253527
0.252205
0.254042
0.253807
0.249410
0.252315
0.245590
0.247100
0.245242
0.245621
0.246066
0.243154
0.244009
0.239493
0.238906
0.238064
0.241769
0.237973
0.233205
0.236617
0.229745
0.231907
0.229820
0.232417
0.230995
0.228561
0.228650
0.222390
0.224346
0.221052
0.223592
0.221661
0.226248
0.220610
0.218450
0.215979
0.217489
0.213433
0.216483
0.212375
0.214669
0.210541
0.212604
0.208038
0.209412
0.205419
0.207527
0.203091
0.204804
0.200708
0.203011
0.198349
0.200453
0.195997
0.198474
0.193629
0.196059
0.191257
0.193919
0.188894
0.191610
0.186511
0.189379
0.184131
0.187110
0.181737
0.184846
0.179334
0.182573
0.176916
0.180293
0.174485
0.178009
0.172047
0.175723
0.169613
0.173436
0.167188
0.171143
0.164767
0.168836
0.162335
0.166504
0.159885
0.164143
0.157411
0.161753
0.154911
0.159337
0.152384
0.156899
0.149827
0.154442
0.147232
0.151969
0.144592
0.149482
0.141899
0.146982
0.139154
0.144475
0.136380
0.141969
0.133617
0.139467
0.130905
0.136964
0.128259
0.134448
0.125647
0.131903
0.123024
0.129316
0.120373
0.126685
0.117697
0.124022
0.115008
0.121342
0.112306
0.118658
0.109596
0.115977
0.106892
0.113302
0.104244
0.110626
0.101725
0.107938
0.099378
0.105228
0.097169
0.102500
0.095014
0.099771
0.092849
0.097049
0.090666
0.094338
0.088478
0.091640
0.086294
0.088950
0.084114
0.086258
0.081935
0.083554
0.079746
0.080825
0.077533
0.078064
0.075277
0.075270
0.072948
0.072447
0.070511
0.069607
0.067938
0.066750
0.065222
0.063861
0.062371
0.060909
0.059394
0.057862
0.056296
0.054700
0.053072
0.051412
0.049720
0.047997
0.046244
0.044462
0.042653
0.040820
0.038965
0.037090
0.035199
0.033296
0.031382
0.029461
0.027536
0.025610
0.023686
0.021766
0.019853
0.017949
0.016057
0.014177
0.012313
0.010466
0.008637
0.006828
0.005040
0.003274
0.001533
-0.000184
-0.001874
-0.003538
-0.005174
-0.006781
-0.008358
-0.009906
-0.011423
-0.012909
-0.014364
-0.015787
-0.017179
-0.018539
-0.019868
-0.021166
-0.022433
-0.023669
-0.024875
-0.026051
-0.027198
-0.028316
-0.029406
-0.030469
-0.031505
-0.032514
-0.033499
-0.034458
-0.035393
-0.036305
-0.037194
-0.038061
-0.038907
-0.039731
-0.040536
-0.041320
-0.042085
-0.042832
-0.043560
-0.044271
-0.044964
-0.045640
-0.046299
-0.046942
-0.047568
-0.048179
-0.048773
-0.049352
-0.049915
-0.050461
-0.050992
-0.051506
-0.052005
-0.052486
-0.052951
-0.053398
-0.053828
-0.054240
-0.054635
-0.055010
-0.055367
-0.055704
-0.056021
-0.056319
-0.056596
-0.056852
-0.057086
-0.057300
-0.057490
-0.057659
-0.057804
-0.057926
-0.058025
-0.058099
-0.058148
-0.058172
-0.058170
-0.058142
-0.058087
-0.058004
-0.057892
-0.057751
-0.057580
-0.057378
-0.057143
-0.056875
-0.056573
-0.056234
-0.055858
-0.055442
-0.054985
-0.054485
-0.053940
-0.053348
-0.052705
-0.052009
-0.051256
-0.050444
-0.049569
-0.048625
-0.047610
-0.046517
-0.045341
-0.044076
-0.042716
-0.041253
-0.039679
-0.037986
-0.036164
-0.034203
-0.032093
-0.029820
-0.027374
-0.024743
-0.021915
-0.018879
-0.015631
-0.012168
-0.008498
-0.004641
-0.000634
0.003465
0.007576
0.011599
0.015427
0.018955
0.022103
0.024821
0.027094
0.028929
0.030351
0.031392
0.032090
0.032487
0.032624
0.032543
0.032284
0.031881
0.031367
0.030766
0.030099
0.029380
0.028620
0.027823
0.026994
0.026135
0.025248
0.024334
0.023395
0.022432
0.021446
0.020439
0.019411
0.018364
0.017299
0.016214
0.015112
0.013991
0.012853
0.011696
0.010519
0.009324
0.008107
0.006870
0.005611
0.004329
0.003026
0.001701
0.000358
-0.001000
-0.002366
-0.003731
-0.005085
-0.006418
-0.007722
-0.008993
-0.010232
-0.011447
-0.012653
-0.013864
-0.015099
-0.016370
-0.017691
-0.019069
-0.020507
-0.022006
-0.023564
-0.025179
-0.026849
-0.028570
-0.030342
-0.032164
-0.034039
-0.035972
-0.037970
-0.040037
-0.042172
-0.044369
-0.046612
-0.048884
-0.051170
-0.053460
-0.055751
-0.058039
-0.060325
-0.062607
-0.064886
-0.067160
-0.069430
-0.071697
-0.073959
-0.076218
-0.078473
-0.080725
-0.082973
-0.085218
-0.087458
-0.089694
-0.091926
-0.094154
-0.096377
-0.098595
-0.100808
-0.103016
-0.105218
-0.107415
-0.109606
-0.111791
-0.113970
-0.116142
-0.118307
-0.120464
-0.122614
-0.124757
-0.126891
-0.129017
-0.131135
-0.133244
-0.135344
-0.137435
-0.139517
-0.141589
-0.143652
-0.145706
-0.147749
-0.149783
-0.151807
-0.153822
-0.155826
-0.157821
-0.159805
-0.161780
-0.163745
-0.165700
-0.167646
-0.169582
-0.171508
-0.173424
-0.175331
-0.177229
-0.179117
-0.180995
-0.182865
-0.184724
-0.186575
-0.188416
-0.190247
-0.192069
-0.193881
-0.195683
-0.197475
-0.199256
-0.201027
-0.202787
-0.204534
-0.206269
-0.207990
-0.209697
-0.211387
-0.213061
-0.214716
-0.216350
-0.217961
-0.219546
-0.221103
-0.222628
-0.224119
-0.225572
-0.226986
-0.228358
-0.229689
-0.230982
-0.232244
-0.233487
-0.234724
-0.235970
-0.237242
-0.238552
-0.239911
-0.241323
-0.242790
-0.244313
-0.245888
-0.245888
-0.247508
-0.249183
-0.250823
-0.252990
-0.250492
-0.265755
-0.262688
-0.262675
-0.261867
-0.265872
-0.269766
-0.271804
-0.274647
-0.277678
-0.280180
-0.282402
-0.284475
-0.286480
-0.288483
-0.290524
-0.292620
-0.294763
-0.296936
-0.299117
-0.301292
-0.303449
-0.305587
-0.307703
-0.309801
-0.311881
-0.313944
-0.315990
-0.318021
-0.320036
-0.322035
-0.324020
-0.325992
-0.327953
-0.329902
-0.331842
-0.333775
-0.335701
-0.337622
-0.339539
-0.341454
-0.343367
-0.345282
-0.347197
-0.349116
-0.351039
-0.352966
-0.354898
-0.356836
-0.358779
-0.360728
-0.362681
-0.364639
-0.366600
-0.368564
-0.370530
-0.372497
-0.374464
-0.376430
-0.378395
-0.380357
-0.382317
-0.384273
-0.386226
-0.388174
-0.390118
-0.392056
-0.393990
-0.395918
-0.397841
-0.399758
-0.401670
-0.403576
-0.405476
-0.407370
-0.409258
-0.411140
-0.413016
-0.414886
-0.416751
-0.418609
-0.420461
-0.422306
-0.424146
-0.425980
-0.427807
-0.429628
-0.431443
-0.433252
-0.435055
-0.436851
-0.438641
-0.440425
-0.442202
-0.443974
-0.445739
-0.447498
-0.449250
-0.450996
-0.452737
-0.454470
-0.456198
-0.457919
-0.459635
-0.461344
-0.463046
-0.464743
-0.466434
-0.468118
-0.469797
-0.471469
-0.473135
-0.474795
-0.476450
-0.478098
-0.479741
-0.481377
-0.483008
-0.484633
-0.486252
-0.487866
-0.489473
-0.491076
-0.492673
-0.494264
-0.495850
-0.497431
-0.499006
-0.500576
-0.502141
-0.503701
-0.505256
-0.506807
-0.508352
-0.509893
-0.511429
-0.512961
-0.514488
-0.516010
-0.517529
-0.519043
-0.520553
-0.522059
-0.523560
-0.525058
-0.526552
-0.528043
-0.529529
-0.531012
-0.532491
-0.533967
-0.535439
-0.536907
-0.538373
-0.539834
-0.541293
-0.542749
-0.544201
-0.545650
-0.547096
-0.548539
-0.549979
-0.551416
-0.552850
-0.554281
-0.555709
-0.557135
-0.558557
-0.559977
-0.561394
-0.562809
-0.564220
-0.565629
-0.567036
-0.568440
-0.569841
-0.571239
-0.572635
-0.574028
-0.575419
-0.576808
-0.578193
-0.579577
-0.580957
-0.582336
-0.583711
-0.585085
-0.586455
-0.587824
-0.589190
-0.590553
-0.591914
-0.593272
-0.594628
-0.595982
-0.597333
-0.598681
-0.600027
-0.601371
-0.602712
-0.604051
-0.605387
-0.606720
-0.608051
-0.609380
-0.610705
-0.612029
-0.613350
-0.614668
-0.615983
-0.617296
-0.618607
-0.619914
-0.621220
-0.622522
-0.623822
-0.625119
-0.626413
-0.627705
-0.628994
-0.630281
-0.631564
-0.632845
-0.634123
-0.635398
-0.636671
-0.637940
-0.639207
-0.640471
-0.641732
-0.642991
-0.644246
-0.645499
-0.646748
-0.647995
-0.649239
-0.650479
-0.651717
-0.652952
-0.654184
-0.655413
-0.656638
-0.657861
-0.659081
-0.660297
-0.661511
-0.662721
-0.663929
-0.665133
-0.666334
-0.667532
-0.668727
-0.669918
-0.671107
-0.672292
-0.673474
-0.674653
-0.675829
-0.677001
-0.678170
-0.679336
-0.680499
-0.681658
-0.682814
-0.683967
-0.685116
-0.686263
-0.687406
-0.688545
-0.689681
-0.690814
-0.691944
-0.693070
-0.694193
-0.695313
-0.696430
-0.697543
-0.698652
-0.699759
-0.700862
-0.701962
-0.703058
-0.704151
-0.705241
-0.706328
-0.707411
-0.708491
-0.709567
-0.710641
-0.711711
-0.712778
-0.713841
-0.714901
-0.715959
-0.717012
-0.718063
-0.719110
-0.720155
-0.721196
-0.722234
-0.723269
-0.724300
-0.725329
-0.726354
-0.727377
-0.728396
-0.729412
-0.730426
-0.731436
-0.732443
-0.733448
-0.734449
-0.735448
-0.736443
-0.737436
-0.738426
-0.739413
-0.740397
-0.741379
-0.742357
-0.743334
-0.744307
-0.745278
-0.746246
-0.747211
-0.748174
-0.749134
-0.750092
-0.751047
-0.752000
-0.752950
-0.753898
-0.754844
-0.755787
-0.756728
-0.757666
-0.758603
-0.759537
-0.760469
-0.761398
-0.762326
-0.763252
-0.764175
-0.765096
-0.766016
-0.766933
-0.767849
-0.768763
-0.769674
-0.770584
-0.771492
-0.772399
-0.773304
-0.774207
-0.775108
-0.776008
-0.776906
-0.777803
-0.778699
-0.779592
-0.780485
-0.781376
-0.782266
-0.783155
-0.784043
-0.784929
-0.785814
-0.786699
-0.787582
-0.788465
-0.789347
-0.790228
-0.791108
-0.791988
-0.792868
-0.793747
-0.794626
-0.795505
-0.796383
-0.797263
-0.798142
-0.799022
-0.799903
-0.800785
-0.801668
-0.802553
-0.803439
-0.804329
-0.805221
-0.806116
-0.807015
-0.807920
-0.808829
-0.809746
-0.810670
-0.811603
-0.812547
-0.813504
-0.814475
-0.815464
-0.816473
-0.817505
-0.818563
-0.819650
-0.820767
-0.821912
-0.823078
-0.824251
-0.825411
-0.826532
-0.827591
-0.828576
-0.829484
-0.830325
-0.831112
-0.831860
-0.832579
-0.833280
-0.833969
-0.834649
-0.835325
-0.835998
-0.836668
-0.837335
-0.838001
-0.838665
-0.839328
-0.839991
-0.840653
-0.841314
-0.841977
-0.842640
-0.843304
-0.843970
-0.844638
-0.845307
-0.845979
-0.846652
-0.847329
-0.848008
-0.848689
-0.849373
-0.850061
-0.850751
-0.851444
-0.852140
-0.852839
-0.853541
-0.854247
-0.854955
-0.855666
-0.856380
-0.857098
-0.857818
-0.858542
-0.859268
-0.859997
-0.860729
-0.861464
-0.862202
-0.862943
-0.863686
-0.864432
-0.865181
-0.865932
-0.866687
-0.867443
-0.868202
-0.868964
-0.869728
-0.870495
-0.871264
-0.872036
-0.872810
-0.873586
-0.874365
-0.875145
-0.875929
-0.876714
-0.877502
-0.878291
-0.879083
-0.879878
-0.880674
-0.881472
-0.882273
-0.883075
-0.883880
-0.884687
-0.885495
-0.886306
-0.887119
-0.887934
-0.888750
-0.889569
-0.889569
-0.890390
-0.891212
-0.892037
-0.892863
-0.893692
-0.894522
-0.895354
-0.896188
-0.897025
-0.897862
-0.898702
-0.899544
-0.900388
-0.901233
-0.902080
-0.902930
-0.903781
-0.904634
-0.905488
-0.906345
-0.907203
-0.908064
-0.908926
-0.909790
-0.910656
-0.911523
-0.912393
-0.913264
-0.914137
-0.915012
-0.915889
-0.916767
-0.917648
-0.918530
-0.919414
-0.920299
-0.921187
-0.922076
-0.922967
-0.923860
-0.924755
-0.925651
-0.926549
-0.927449
-0.928350
-0.929254
-0.930158
-0.931065
-0.931973
-0.932883
-0.933794
-0.934708
-0.935622
-0.936538
-0.937456
-0.938376
-0.939296
-0.940219
-0.941142
-0.942067
-0.942994
-0.943922
-0.944851
-0.945781
-0.946713
-0.947645
-0.948579
-0.949514
-0.950450
-0.951387
-0.952325
-0.953264
-0.954203
-0.955143
-0.956084
-0.957026
-0.957968
-0.958910
-0.959853
-0.960796
-0.961739
-0.962683
-0.963626
-0.964569
-0.965513
-0.966456
-0.967398
-0.968340
-0.969282
-0.970223
-0.971163
-0.972102
-0.973040
-0.973977
-0.974913
-0.975848
-0.976781
-0.977713
-0.978643
-0.979572
-0.980498
-0.981423
-0.982346
-0.983267
-0.984185
-0.985102
-0.986016
-0.986928
-0.987837
-0.988744
-0.989649
-0.990551
-0.991450
-0.992347
-0.993241
-0.994133
-0.995022
-0.995908
-0.996792
-0.997673
-0.998551
-0.999427
-1.000301
-1.001171
-1.002040
-1.002906
-1.003769
-1.004630
-1.005489
-1.006345
-1.007199
-1.008051
-1.008901
-1.009749
-1.010595
-1.011438
-1.012280
-1.013120
-1.013958
-1.014795
-1.015629
-1.016463
-1.017294
-1.018124
-1.018953
-1.019780
-1.020606
-1.021431
-1.022254
-1.023077
-1.023898
-1.024718
-1.025537
-1.026355
-1.027173
-1.027989
-1.028805
-1.029619
-1.030433
-1.031246
-1.032058
-1.032869
-1.033680
-1.034489
-1.035298
-1.036106
-1.036913
-1.037718
-1.038524
-1.039328
-1.040131
-1.040933
-1.041734
-1.042533
-1.043332
-1.044130
-1.044926
-1.045721
-1.046515
-1.047308
-1.048099
-1.048889
-1.049677
-1.050464
-1.051250
-1.052034
-1.052816
-1.053596
-1.054375
-1.055152
-1.055927
-1.056700
-1.057472
-1.058241
-1.059008
-1.059775
-1.060541
-1.061309
-1.062085
-1.062883
-1.063741
-1.064743
-1.065859
-1.065577
-1.064646
-1.065585
-1.065986
-1.067099
-1.067373
-1.068508
-1.068218
-1.070238
-1.068519
-1.071419
-1.069446
-1.072162
-1.071986
-1.074189
-1.071465
-1.075229
-1.073520
-1.076632
-1.074049
-1.076666
-1.078379
-1.076739
-1.080057
-1.076558
-1.078877
-1.082270
-1.077169
-1.080079
-1.083972
-1.078473
-1.081045
-1.085149
-1.082473
-1.086725
-1.082560
-1.084108
-1.088748
-1.084629
-1.088704
-1.088570
-1.091153
-1.087476
-1.090516
-1.092499
-1.090687
-1.094460
-1.088399
-1.089828
-1.091813
-1.093964
-1.096941
-1.091898
-1.093853
-1.097578
-1.096784
-1.100103
-1.092863
-1.093874
-1.094274
-1.092859
-1.093087
-1.093230
-1.093529
-1.094026
-1.094543
-1.095143
-1.095798
-1.096483
-1.097191
-1.097915
-1.098651
-1.099399
-1.100156
-1.100922
-1.101695
-1.102475
-1.103261
-1.104053
-1.104850
-1.105652
-1.106460
-1.107273
-1.108092
-1.108917
-1.109749
-1.110588
-1.111434
-1.112287
-1.113148
-1.114017
-1.114893
-1.115777
-1.116669
-1.117569
-1.118475
-1.119388
-1.120306
-1.121230
-1.122157
-1.123088
-1.124021
-1.124956
-1.125891
-1.126825
-1.127758
-1.128688
-1.129616
-1.130539
-1.131457
-1.132371
-1.133278
-1.134179
-1.135074
-1.135962
-1.136843
-1.137717
-1.138583
-1.139442
-1.140294
-1.141138
-1.141974
-1.142804
-1.143626
-1.144442
-1.145250
-1.146052
-1.146847
-1.147635
-1.148418
-1.149194
-1.149964
-1.150729
-1.151488
-1.152242
-1.152991
-1.153734
-1.154473
-1.155207
-1.155936
-1.156661
-1.157382
-1.158098
-1.158810
-1.159519
-1.160223
-1.160923
-1.161620
-1.162313
-1.163003
-1.163689
-1.164371
-1.165050
-1.165726
-1.166398
-1.167068
-1.167734
-1.168397
-1.169058
-1.169716
-1.170371
-1.171023
-1.171673
-1.172320
-1.172965
-1.173608
-1.174249
-1.174887
-1.175524
-1.176158
-1.176791
-1.177422
-1.178051
-1.178678
-1.179304
-1.179928
-1.180550
-1.181171
-1.181791
-1.182409
-1.183025
-1.183640
-1.184254
-1.184866
-1.185477
-1.186087
-1.186696
-1.187303
-1.187909
-1.188514
-1.189117
-1.189719
-1.190320
-1.190920
-1.191519
-1.192116
-1.192712
-1.193307
-1.193901
-1.194493
-1.195085
-1.195675
-1.196264
-1.196851
-1.197438
-1.198023
-1.198607
-1.199189
-1.199771
-1.200351
-1.200929
-1.201507
-1.202083
-1.202658
-1.203231
-1.203804
-1.204375
-1.204944
-1.205512
-1.206079
-1.206645
-1.207209
-1.207772
-1.208334
-1.208894
-1.209453
-1.210010
-1.210567
-1.211122
-1.211675
-1.212228
-1.212778
-1.213328
-1.213876
-1.214423
-1.214969
-1.215513
-1.216056
-1.216598
-1.217139
-1.217678
-1.218215
-1.218752
-1.219287
-1.219821
-1.220354
-1.220885
-1.221415
-1.221944
-1.222471
-1.222998
-1.223523
-1.224046
-1.224569
-1.225090
-1.225610
-1.226129
-1.226646
-1.227163
-1.227678
-1.228192
-1.228705
-1.229216
-1.229727
-1.230236
-1.230744
-1.231251
-1.231757
-1.232262
-1.232766
-1.233269
-1.233771
-1.234272
-1.234772
-1.235271
-1.235769
-1.236266
-1.236762
-1.237258
-1.237752
-1.238246
-1.238739
-1.239231
-1.239722
-1.240213
-1.240703
-1.241193
-1.241681
-1.242170
-1.242657
-1.243144
-1.243631
-1.244116
-1.244602
-1.245087
-1.245571
-1.245571
-1.246056
-1.246539
-1.247022
-1.247505
-1.247988
-1.248470
-1.248952
-1.249434
-1.249915
-1.250396
-1.250877
-1.251358
-1.251838
-1.252318
-1.252798
-1.253278
-1.253758
-1.254237
-1.254716
-1.255195
-1.255674
-1.256153
-1.256632
-1.257110
-1.257589
-1.258067
-1.258545
-1.259023
-1.259501
-1.259979
-1.260457
-1.260934
-1.261412
-1.261889
-1.262366
-1.262843
-1.263320
-1.263797
-1.264274
-1.264750
-1.265227
-1.265703
-1.266179
-1.266654
-1.267130
-1.267606
-1.268081
-1.268556
-1.269031
-1.269505
-1.269980
-1.270454
-1.270928
-1.271401
-1.271875
-1.272348
-1.272821
-1.273294
-1.273767
-1.274239
-1.274711
-1.275183
-1.275655
-1.276127
-1.276599
-1.277070
-1.277542
-1.278013
-1.278485
-1.278956
-1.279428
-1.279900
-1.280372
-1.280845
-1.281318
-1.281792
-1.282267
-1.282743
-1.283220
-1.283699
-1.284179
-1.284661
-1.285146
-1.285634
-1.286125
-1.286621
-1.287121
-1.287628
-1.288143
-1.288667
-1.289202
-1.289752
-1.290320
-1.290913
-1.291539
-1.292210
-1.292950
-1.293797
-1.294832
-1.296257
-1.298693
-1.301494
-1.301669
-1.301169
-1.302241
-1.303178
-1.302845
-1.301966
-1.302789
-1.303487
-1.302889
-1.301844
-1.302863
-1.303667
-1.303121
-1.302361
-1.303090
-1.303775
-1.303423
-1.302255
-1.303521
-1.304312
-1.303949
-1.304045
-1.304043
-1.303638
-1.304349
-1.304916
-1.304702
-1.303976
-1.304831
-1.305550
-1.305326
-1.304938
-1.305491
-1.305945
-1.305954
-1.305705
-1.306178
-1.306550
-1.306606
-1.306496
-1.306882
-1.307172
-1.307304
-1.307321
-1.307616
-1.307826
-1.308011
-1.308121
-1.308360
-1.308538
-1.308745
-1.308903
-1.309115
-1.309291
-1.309496
-1.309675
-1.309877
-1.310063
-1.310261
-1.310453
-1.310648
-1.310845
-1.311037
-1.311239
-1.311429
-1.311634
-1.311822
-1.312031
-1.312217
-1.312429
-1.312614
-1.312828
-1.313013
-1.313229
-1.313414
-1.313630
-1.313815
-1.314032
-1.314218
-1.314435
-1.314623
-1.314839
-1.315028
-1.315243
-1.315434
-1.315648
-1.315841
-1.316053
-1.316248
-1.316458
-1.316656
-1.316864
-1.317065
-1.317270
-1.317473
-1.317677
-1.317882
-1.318084
-1.318291
-1.318493
-1.318700
-1.318901
-1.319109
-1.319311
-1.319519
-1.319721
-1.319929
-1.320132
-1.320340
-1.320544
-1.320751
-1.320956
-1.321163
-1.321368
-1.321575
-1.321781
-1.321988
-1.322194
-1.322401
-1.322607
-1.322813
-1.323020
-1.323226
-1.323433
-1.323639
-1.323845
-1.324051
-1.324257
-1.324463
-1.324669
-1.324875
-1.325080
-1.325286
-1.325491
-1.325696
-1.325901
-1.326106
-1.326311
-1.326516
-1.326720
-1.326925
-1.327129
-1.327332
-1.327536
-1.327740
-1.327943
-1.328146
-1.328349
-1.328552
-1.328754
-1.328956
-1.329159
-1.329360
-1.329562
-1.329763
-1.329964
-1.330165
-1.330366
-1.330566
-1.330766
-1.330966
-1.331165
-1.331364
-1.331563
-1.331762
-1.331960
-1.332158
-1.332356
-1.332554
-1.332751
-1.332948
-1.333144
-1.333340
-1.333536
-1.333732
-1.333927
-1.334122
-1.334317
-1.334511
-1.334705
-1.334898
-1.335091
-1.335284
-1.335477
-1.335669
-1.335861
-1.336052
-1.336243
-1.336434
-1.336624
-1.336814
-1.337003
-1.337192
-1.337381
-1.337569
-1.337757
-1.337945
-1.338132
-1.338319
-1.338505
-1.338691
-1.338876
-1.339061
-1.339246
-1.339430
-1.339614
-1.339797
-1.339980
-1.340162
-1.340344
-1.340526
-1.340707
-1.340887
-1.341068
-1.341247
-1.341427
-1.341605
-1.341784
-1.341962
-1.342139
-1.342316
-1.342492
-1.342668
-1.342844
-1.343019
-1.343193
-1.343367
-1.343541
-1.343714
-1.343887
-1.344059
-1.344230
-1.344401
-1.344572
-1.344742
-1.344911
-1.345080
-1.345249
-1.345417
-1.345584
-1.345751
-1.345918
-1.346084
-1.346249
-1.346414
-1.346578
-1.346742
-1.346905
-1.347068
-1.347230
-1.347391
-1.347552
-1.347713
-1.347873
-1.348032
-1.348191
-1.348349
-1.348507
-1.348664
-1.348821
-1.348977
-1.349132
-1.349287
-1.349441
-1.349595
-1.349748
-1.349901
-1.350053
-1.350204
-1.350355
-1.350505
-1.350655
-1.350804
-1.350953
-1.351101
-1.351248
-1.351395
-1.351541
-1.351687
-1.351832
-1.351976
-1.352120
-1.352263
-1.352406
-1.352548
-1.352689
-1.352830
-1.352970
-1.353110
-1.353248
-1.353387
-1.353525
-1.353662
-1.353798
-1.353934
-1.354070
-1.354205
-1.354339
-1.354472
-1.354605
-1.354737
-1.354869
-1.355000
-1.355131
-1.355261
-1.355390
-1.355519
-1.355647
-1.355774
-1.355901
-1.356027
-1.356153
-1.356278
-1.356402
-1.356526
-1.356649
-1.356772
-1.356894
-1.357015
-1.357136
-1.357256
-1.357375
-1.357494
-1.357612
-1.357730
-1.357847
-1.357963
-1.358079
-1.358194
-1.358309
-1.358422
-1.358536
-1.358648
-1.358760
-1.358872
-1.358982
-1.359092
-1.359202
-1.359310
-1.359418
-1.359526
-1.359633
-1.359739
-1.359844
-1.359949
-1.360053
-1.360156
-1.360259
-1.360361
-1.360462
-1.360562
-1.360662
-1.360761
-1.360859
-1.360957
-1.361054
-1.361150
-1.361245
-1.361339
-1.361433
-1.361526
-1.361617
-1.361709
-1.361799
-1.361888
-1.361977
-1.362064
-1.362151
-1.362236
-1.362321
-1.362405
-1.362488
-1.362569
-1.362650
-1.362730
-1.362808
-1.362886
-1.362962
-1.363037
-1.363111
-1.363184
-1.363256
-1.363326
-1.363395
-1.363463
-1.363530
-1.363595
-1.363658
-1.363721
-1.363781
-1.363841
-1.363898
-1.363955
-1.364009
-1.364062
-1.364114
-1.364163
-1.364163
-1.364211
-1.364257
-1.364301
-1.364344
-1.364385
-1.364423
-1.364460
-1.364495
-1.364528
-1.364559
-1.364587
-1.364614
-1.364639
-1.364661
-1.364682
-1.364700
-1.364716
-1.364730
-1.364742
-1.364751
-1.364759
-1.364764
-1.364767
-1.364768
-1.364767
-1.364763
-1.364758
-1.364751
-1.364741
-1.364730
-1.364717
-1.364702
-1.364685
-1.364667
-1.364647
-1.364625
-1.364602
-1.364578
-1.364552
-1.364525
-1.364497
-1.364468
-1.364438
-1.364408
-1.364376
-1.364344
-1.364312
-1.364279
-1.364246
-1.364213
-1.364179
-1.364146
-1.364113
-1.364080
-1.364047
-1.364015
-1.363983
-1.363952
-1.363921
-1.363891
-1.363862
-1.363833
-1.363806
-1.363779
-1.363753
-1.363728
-1.363704
-1.363682
-1.363660
-1.363639
-1.363620
-1.363602
-1.363584
-1.363568
-1.363553
-1.363540
-1.363527
-1.363515
-1.363505
-1.363496
-1.363488
-1.363480
-1.363474
-1.363469
-1.363465
-1.363462
-1.363460
-1.363459
-1.363459
-1.363459
-1.363461
-1.363463
-1.363466
-1.363470
-1.363475
-1.363481
-1.363487
-1.363494
-1.363501
-1.363509
-1.363518
-1.363527
-1.363537
-1.363547
-1.363558
-1.363570
-1.363582
-1.363594
-1.363607
-1.363620
-1.363633
-1.363647
-1.363661
-1.363676
-1.363691
-1.363706
-1.363721
-1.363737
-1.363753
-1.363769
-1.363786
-1.363803
-1.363820
-1.363837
-1.363854
-1.363872
-1.363889
-1.363907
-1.363925
-1.363943
-1.363962
-1.363980
-1.363999
-1.364017
-1.364036
-1.364055
-1.364074
-1.364093
-1.364112
-1.364132
-1.364151
-1.364171
-1.364190
-1.364210
-1.364230
-1.364249
-1.364269
-1.364289
-1.364309
-1.364330
-1.364350
-1.364370
-1.364390
-1.364411
-1.364431
-1.364452
-1.364472
-1.364493
-1.364514
-1.364534
-1.364555
-1.364576
-1.364597
-1.364618
-1.364639
-1.364660
-1.364681
-1.364703
-1.364724
-1.364745
-1.364767
-1.364788
-1.364810
-1.364831
-1.364853
-1.364875
-1.364896
-1.364918
-1.364940
-1.364962
-1.364984
-1.365006
-1.365028
-1.365051
-1.365073
-1.365095
-1.365118
-1.365140
-1.365163
-1.365186
-1.365208
-1.365231
-1.365254
-1.365277
-1.365300
-1.365323
-1.365346
-1.365370
-1.365393
-1.365416
-1.365440
-1.365464
-1.365487
-1.365511
-1.365535
-1.365559
-1.365583
-1.365607
-1.365631
-1.365655
-1.365680
-1.365704
-1.365729
-1.365753
-1.365778
-1.365803
-1.365828
-1.365853
-1.365878
-1.365903
-1.365928
-1.365953
-1.365979
-1.366004
-1.366030
-1.366056
-1.366082
-1.366108
-1.366134
-1.366160
-1.366186
-1.366212
-1.366238
-1.366265
-1.366292
-1.366318
-1.366345
-1.366372
-1.366399
-1.366426
-1.366453
-1.366480
-1.366508
-1.366535
-1.366563
-1.366590
-1.366618
-1.366646
-1.366674
-1.366702
-1.366730
-1.366759
-1.366787
-1.366815
-1.366844
-1.366873
-1.366901
-1.366930
-1.366959
-1.366988
-1.367017
-1.367047
-1.367076
-1.367106
-1.367135
-1.367165
-1.367195
-1.367224
-1.367254
-1.367284
-1.367315
-1.367345
-1.367375
-1.367406
-1.367436
-1.367467
-1.367498
-1.367529
-1.367560
-1.367591
-1.367622
-1.367653
-1.367684
-1.367716
-1.367747
-1.367779
-1.367811
-1.367843
-1.367875
-1.367907
-1.367939
-1.367971
-1.368003
-1.368036
-1.368068
-1.368101
-1.368133
-1.368166
-1.368199
-1.368232
-1.368265
-1.368298
-1.368332
-1.368365
-1.368399
-1.368432
-1.368466
-1.368500
-1.368533
-1.368567
-1.368601
-1.368635
-1.368670
-1.368704
-1.368738
-1.368773
-1.368807
-1.368842
-1.368877
-1.368912
-1.368947
-1.368982
-1.369017
-1.369052
-1.369087
-1.369123
-1.369158
-1.369194
-1.369229
-1.369265
-1.369301
-1.369337
-1.369373
-1.369409
-1.369445
-1.369481
-1.369518
-1.369554
-1.369590
-1.369627
-1.369664
-1.369700
-1.369737
-1.369774
-1.369811
-1.369848
-1.369886
-1.369923
-1.369960
-1.369998
-1.370035
-1.370073
-1.370110
-1.370148
-1.370186
-1.370224
-1.370262
-1.370300
-1.370338
-1.370376
-1.370415
-1.370453
-1.370492
-1.370530
-1.370569
-1.370607
-1.370646
-1.370685
-1.370724
-1.370763
-1.370802
-1.370841
-1.370881
-1.370920
-1.370959
-1.370999
-1.371038
-1.371078
-1.371118
-1.371157
-1.371197
-1.371237
-1.371277
-1.371317
-1.371357
-1.371398
-1.371438
-1.371478
-1.371519
-1.371559
-1.371600
-1.371640
-1.371681
-1.371722
-1.371763
-1.371804
-1.371845
-1.371886
-1.371927
-1.371968
-1.372009
-1.372051
-1.372092
-1.372134
-1.372175
-1.372217
-1.372259
-1.372300
-1.372342
-1.372384
-1.372426
-1.372468
-1.372510
-1.372552
-1.372595
-1.372637
-1.372679
-1.372722
-1.372764
-1.372807
-1.372849
-1.372892
-1.372935
-1.372978
-1.373021
-1.373064
-1.373107
-1.373150
-1.373193
-1.373236
-1.373279
-1.373323
-1.373366
-1.373409
-1.373453
-1.373497
-1.373540
-1.373584
-1.373628
-1.373672
-1.373715
-1.373759
-1.373803
-1.373847
-1.373892
-1.373936
-1.373980
-1.374024
-1.374069
-1.374113
-1.374158
-1.374202
-1.374247
-1.374291
-1.374336
-1.374381
-1.374426
-1.374471
-1.374516
-1.374561
-1.374606
-1.374651
-1.374696
-1.374741
-1.374787
-1.374832
-1.374877
-1.374923
-1.374968
-1.375014
-1.375060
-1.375105
-1.375151
-1.375197
-1.375243
-1.375289
-1.375335
-1.375381
-1.375427
-1.375473
-1.375519
-1.375565
-1.375611
-1.375658
-1.375704
-1.375751
-1.375797
-1.375844
-1.375890
-1.375937
-1.375984
-1.376030
-1.376077
-1.376124
-1.376171
-1.376218
-1.376265
-1.376312
-1.376359
-1.376359
-1.376406
-1.376454
-1.376501
-1.376548
-1.376596
-1.376643
-1.376690
-1.376738
-1.376786
-1.376833
-1.376881
-1.376929
-1.376976
-1.377024
-1.377072
-1.377120
-1.377168
-1.377216
-1.377264
-1.377312
-1.377360
-1.377409
-1.377457
-1.377505
-1.377553
-1.377602
-1.377650
-1.377699
-1.377747
-1.377796
-1.377845
-1.377893
-1.377942
-1.377991
-1.378040
-1.378088
-1.378137
-1.378186
-1.378235
-1.378284
-1.378333
-1.378383
-1.378432
-1.378481
-1.378530
-1.378580
-1.378629
-1.378678
-1.378728
-1.378777
-1.378827
-1.378876
-1.378926
-1.378976
-1.379025
-1.379075
-1.379125
-1.379175
-1.379225
-1.379275
-1.379325
-1.379375
-1.379425
-1.379475
-1.379525
-1.379575
-1.379625
-1.379676
-1.379726
-1.379776
-1.379827
-1.379877
-1.379928
-1.379978
-1.380029
-1.380079
-1.380130
-1.380181
-1.380231
-1.380282
-1.380333
-1.380384
-1.380435
-1.380486
-1.380537
-1.380588
-1.380639
-1.380690
-1.380741
-1.380792
-1.380843
-1.380894
-1.380946
-1.380997
-1.381048
-1.381100
-1.381151
-1.381203
-1.381254
-1.381306
-1.381357
-1.381409
-1.381461
-1.381512
-1.381564
-1.381616
-1.381668
-1.381720
-1.381771
-1.381823
-1.381875
-1.381927
-1.381979
-1.382032
-1.382084
-1.382136
-1.382188
-1.382240
-1.382292
-1.382345
-1.382397
-1.382449
-1.382502
-1.382554
-1.382607
-1.382659
-1.382712
-1.382764
-1.382817
-1.382870
-1.382922
-1.382975
-1.383028
-1.383081
-1.383134
-1.383186
-1.383239
-1.383292
-1.383345
-1.383398
-1.383451
-1.383504
-1.383557
-1.383611
-1.383664
-1.383717
-1.383770
-1.383824
-1.383877
-1.383930
-1.383984
-1.384037
-1.384090
-1.384144
-1.384197
-1.384251
-1.384305
-1.384358
-1.384412
-1.384466
-1.384519
-1.384573
-1.384627
-1.384681
-1.384734
-1.384788
-1.384842
-1.384896
-1.384950
-1.385004
-1.385058
-1.385112
-1.385166
-1.385220
-1.385275
-1.385329
-1.385383
-1.385437
-1.385492
-1.385546
-1.385600
-1.385655
-1.385709
-1.385763
-1.385818
-1.385872
-1.385927
-1.385982
-1.386036
-1.386091
-1.386145
-1.386200
-1.386255
-1.386310
-1.386364
-1.386419
-1.386474
-1.386529
-1.386584
-1.386639
-1.386694
-1.386749
-1.386804
-1.386859
-1.386914
-1.386969
-1.387024
-1.387079
-1.387134
-1.387190
-1.387245
-1.387300
-1.387355
-1.387411
-1.387466
-1.387521
-1.387577
-1.387632
-1.387688
-1.387743
-1.387799
-1.387854
-1.387910
-1.387966
-1.388021
-1.388077
-1.388133
-1.388188
-1.388244
-1.388300
-1.388356
-1.388412
-1.388468
-1.388523
-1.388579
-1.388635
-1.388691
-1.388747
-1.388803
-1.388859
-1.388916
-1.388972
-1.389028
-1.389084
-1.389140
-1.389196
-1.389253
-1.389309
-1.389365
-1.389422
-1.389478
-1.389534
-1.389591
-1.389647
-1.389704
-1.389760
-1.389817
-1.389873
-1.389930
-1.389987
-1.390043
-1.390100
-1.390157
-1.390213
-1.390270
-1.390327
-1.390384
-1.390440
-1.390497
-1.390554
-1.390611
-1.390668
-1.390725
-1.390782
-1.390839
-1.390896
-1.390953
-1.391010
-1.391067
-1.391124
-1.391181
-1.391239
-1.391296
-1.391353
-1.391410
-1.391468
-1.391525
-1.391582
-1.391640
-1.391697
-1.391755
-1.391812
-1.391869
-1.391927
-1.391985
-1.392042
-1.392100
-1.392157
-1.392215
-1.392273
-1.392330
-1.392388
-1.392446
-1.392503
-1.392561
-1.392619
-1.392677
-1.392735
-1.392793
-1.392851
-1.392908
-1.392966
-1.393024
-1.393082
-1.393141
-1.393199
-1.393257
-1.393315
-1.393373
-1.393431
-1.393489
-1.393548
-1.393606
-1.393664
-1.393722
-1.393781
-1.393839
-1.393897
-1.393956
-1.394014
-1.394073
-1.394131
-1.394190
-1.394248
-1.394307
-1.394365
-1.394424
-1.394483
-1.394541
-1.394600
-1.394659
-1.394717
-1.394776
-1.394835
-1.394894
-1.394953
-1.395012
-1.395070
-1.395129
-1.395188
-1.395247
-1.395306
-1.395365
-1.395424
-1.395483
-1.395543
-1.395602
-1.395661
-1.395720
-1.395779
-1.395839
-1.395898
-1.395957
-1.396016
-1.396076
-1.396135
-1.396195
-1.396254
-1.396313
-1.396373
-1.396432
-1.396492
-1.396551
-1.396611
-1.396671
-1.396730
-1.396790
-1.396850
-1.396909
-1.396969
-1.397029
-1.397089
-1.397149
-1.397208
-1.397268
-1.397328
-1.397388
-1.397448
-1.397508
-1.397568
-1.397628
-1.397688
-1.397748
-1.397809
-1.397869
-1.397929
-1.397989
-1.398049
-1.398110
-1.398170
-1.398230
-1.398291
-1.398351
-1.398411
-1.398472
-1.398532
-1.398593
-1.398653
-1.398714
-1.398775
-1.398835
-1.398896
-1.398957
-1.399017
-1.399078
-1.399139
-1.399200
-1.399260
-1.399321
-1.399382
-1.399443
-1.399504
-1.399565
-1.399626
-1.399687
-1.399748
-1.399809
-1.399870
-1.399931
-1.399993
-1.400054
-1.400115
-1.400176
-1.400238
-1.400299
-1.400360
-1.400422
-1.400483
-1.400545
-1.400606
-1.400668
-1.400729
-1.400791
-1.400853
-1.400914
-1.400976
-1.401038
-1.401099
-1.401161
-1.401223
-1.401285
-1.401347
-1.401409
-1.401471
-1.401533
-1.401595
-1.401657
-1.401719
-1.401781
-1.401843
-1.401905
-1.401967
-1.402030
-1.402092
-1.402154
-1.402217
-1.402279
-1.402342
-1.402404
-1.402467
-1.402529
-1.402592
-1.402654
-1.402717
-1.402780
-1.402842
-1.402905
-1.402968
-1.403031
-1.403093
-1.403156
-1.403219
-1.403282
-1.403345
-1.403408
-1.403471
-1.403535
-1.403598
-1.403661
-1.403724
-1.403787
-1.403851
-1.403914
-1.403977
-1.404041
-1.404104
-1.404168
-1.404231
-1.404295
-1.404295
-1.404359
-1.404422
-1.404486
-1.404550
-1.404614
-1.404677
-1.404741
-1.404805
-1.404869
-1.404933
-1.404997
-1.405061
-1.405125
-1.405190
-1.405254
-1.405318
-1.405382
-1.405447
-1.405511
-1.405575
-1.405640
-1.405704
-1.405769
-1.405834
-1.405898
-1.405963
-1.406028
-1.406092
-1.406157
-1.406222
-1.406287
-1.406352
-1.406417
-1.406482
-1.406547
-1.406612
-1.406678
-1.406743
-1.406808
-1.406874
-1.406939
-1.407004
-1.407070
-1.407135
-1.407201
-1.407267
-1.407332
-1.407398
-1.407464
-1.407530
-1.407596
-1.407662
-1.407728
-1.407794
-1.407860
-1.407926
-1.407992
-1.408058
-1.408125
-1.408191
-1.408258
-1.408324
-1.408391
-1.408457
-1.408524
-1.408591
-1.408657
-1.408724
-1.408791
-1.408858
-1.408925
-1.408992
-1.409059
-1.409126
-1.409194
-1.409261
-1.409328
-1.409396
-1.409463
-1.409531
-1.409598
-1.409666
-1.409734
-1.409801
-1.409869
-1.409937
-1.410005
-1.410073
-1.410141
-1.410209
-1.410278
-1.410346
-1.410414
-1.410483
-1.410551
-1.410620
-1.410689
-1.410757
-1.410826
-1.410895
-1.410964
-1.411033
-1.411102
-1.411171
-1.411240
-1.411309
-1.411379
-1.411448
-1.411518
-1.411587
-1.411657
-1.411726
-1.411796
-1.411866
-1.411936
-1.412006
-1.412076
-1.412146
-1.412216
-1.412287
-1.412357
-1.412428
-1.412498
-1.412569
-1.412640
-1.412710
-1.412781
-1.412852
-1.412923
-1.412994
-1.413066
-1.413137
-1.413208
-1.413280
-1.413351
-1.413423
-1.413495
-1.413566
-1.413638
-1.413710
-1.413782
-1.413855
-1.413927
-1.413999
-1.414072
-1.414144
-1.414217
-1.414290
-1.414362
-1.414435
-1.414508
-1.414581
-1.414655
-1.414728
-1.414801
-1.414875
-1.414948
-1.415022
-1.415096
-1.415170
-1.415244
-1.415318
-1.415392
-1.415466
-1.415541
-1.415615
-1.415690
-1.415765
-1.415840
-1.415915
-1.415990
-1.416065
-1.416140
-1.416216
-1.416291
-1.416367
-1.416442
-1.416518
-1.416594
-1.416670
-1.416746
-1.416823
-1.416899
-1.416976
-1.417052
-1.417129
-1.417206
-1.417283
-1.417360
-1.417437
-1.417515
-1.417592
-1.417670
-1.417748
-1.417826
-1.417904
-1.417982
-1.418060
-1.418138
-1.418217
-1.418296
-1.418374
-1.418453
-1.418532
-1.418611
-1.418691
-1.418770
-1.418850
-1.418929
-1.419009
-1.419089
-1.419169
-1.419250
-1.419330
-1.419411
-1.419491
-1.419572
-1.419653
-1.419734
-1.419815
-1.419897
-1.419978
-1.420060
-1.420142
-1.420224
-1.420306
-1.420388
-1.420470
-1.420553
-1.420635
-1.420718
-1.420801
-1.420884
-1.420968
-1.421051
-1.421135
-1.421218
-1.421302
-1.421386
-1.421470
-1.421555
-1.421639
-1.421724
-1.421808
-1.421893
-1.421978
-1.422064
-1.422149
-1.422234
-1.422320
-1.422406
-1.422492
-1.422578
-1.422664
-1.422751
-1.422837
-1.422924
-1.423011
-1.423098
-1.423185
-1.423272
-1.423360
-1.423447
-1.423535
-1.423623
-1.423711
-1.423799
-1.423888
-1.423976
-1.424065
-1.424154
-1.424243
-1.424332
-1.424421
-1.424510
-1.424600
-1.424689
-1.424779
-1.424869
-1.424959
-1.425049
-1.425140
-1.425230
-1.425321
-1.425411
-1.425502
-1.425593
-1.425684
-1.425776
-1.425867
-1.425958
-1.426050
-1.426142
-1.426233
-1.426325
-1.426417
-1.426509
-1.426601
-1.426694
-1.426786
-1.426879
-1.426971
-1.427064
-1.427157
-1.427250
-1.427342
-1.427435
-1.427529
-1.427622
-1.427715
-1.427808
-1.427902
-1.427995
-1.428088
-1.428182
-1.428275
-1.428369
-1.428463
-1.428556
-1.428650
-1.428744
-1.428837
-1.428931
-1.429025
-1.429119
-1.429213
-1.429306
-1.429400
-1.429494
-1.429588
-1.429682
-1.429775
-1.429869
-1.429963
-1.430056
-1.430150
-1.430244
-1.430337
-1.430431
-1.430524
-1.430617
-1.430711
-1.430804
-1.430897
-1.430990
-1.431083
-1.431176
-1.431269
-1.431361
-1.431454
-1.431546
-1.431639
-1.431731
-1.431823
-1.431915
-1.432007
-1.432098
-1.432190
-1.432281
-1.432372
-1.432463
-1.432554
-1.432645
-1.432736
-1.432826
-1.432916
-1.433006
-1.433096
-1.433186
-1.433275
-1.433365
-1.433454
-1.433543
-1.433631
-1.433720
-1.433808
-1.433896
-1.433984
-1.434072
-1.434159
-1.434246
-1.434333
-1.434420
-1.434506
-1.434593
-1.434679
-1.434764
-1.434850
-1.434935
-1.435020
-1.435105
-1.435190
-1.435274
-1.435358
-1.435442
-1.435526
-1.435609
-1.435692
-1.435775
-1.435858
-1.435940
-1.436022
-1.436104
-1.436186
-1.436267
-1.436348
-1.436429
-1.436510
-1.436590
-1.436671
-1.436751
-1.436830
-1.436910
-1.436989
-1.437068
-1.437147
-1.437226
-1.437304
-1.437382
-1.437460
-1.437538
-1.437615
-1.437693
-1.437770
-1.437847
-1.437923
-1.438000
-1.438076
-1.438152
-1.438228
-1.438304
-1.438380
-1.438455
-1.438530
-1.438605
-1.438680
-1.438755
-1.438829
-1.438904
-1.438978
-1.439052
-1.439126
-1.439200
-1.439273
-1.439347
-1.439420
-1.439493
-1.439566
-1.439639
-1.439712
-1.439785
-1.439858
-1.439930
-1.440003
-1.440075
-1.440147
-1.440220
-1.440292
-1.440364
-1.440436
-1.440508
-1.440580
-1.440652
-1.440723
-1.440795
-1.440867
-1.440938
-1.441010
-1.441082
-1.441153
-1.441225
-1.441296
-1.441368
-1.441439
-1.441511
-1.441583
-1.441654
-1.441726
-1.441798
-1.441869
-1.441941
-1.442013
-1.442085
-1.442157
-1.442229
-1.442301
-1.442373
-1.442445
-1.442518
-1.442590
-1.442662
-1.442735
-1.442808
-1.442881
-1.442954
-1.443027
-1.443100
-1.443174
-1.443247
-1.443247
-1.443321
-1.443395
-1.443469
-1.443544
-1.443618
-1.443693
-1.443768
-1.443843
-1.443919
-1.443994
-1.444070
-1.444146
-1.444223
-1.444299
-1.444376
-1.444453
-1.444531
-1.444609
-1.444687
-1.444765
-1.444844
-1.444923
-1.445002
-1.445082
-1.445162
-1.445242
-1.445323
-1.445405
-1.445486
-1.445568
-1.445651
-1.445733
-1.445817
-1.445900
-1.445984
-1.446069
-1.446154
-1.446239
-1.446325
-1.446412
-1.446499
-1.446586
-1.446674
-1.446763
-1.446852
-1.446941
-1.447031
-1.447122
-1.447213
-1.447305
-1.447397
-1.447490
-1.447583
-1.447677
-1.447772
-1.447867
-1.447962
-1.448058
-1.448155
-1.448252
-1.448350
-1.448448
-1.448547
-1.448645
-1.448745
-1.448844
-1.448944
-1.449043
-1.449143
-1.449242
-1.449341
-1.449440
-1.449537
-1.449633
-1.449727
-1.449819
-1.449908
-1.449994
-1.450074
-1.450148
-1.450215
-1.450271
-1.450316
-1.450346
-1.450359
-1.450351
-1.450321
-1.450268
-1.450195
-1.450111
-1.450032
-1.449980
-1.449981
-1.450058
-1.450228
-1.450497
-1.450859
-1.451304
-1.451818
-1.452388
-1.453002
-1.453649
-1.454321
-1.455010
-1.455710
-1.456416
-1.457126
-1.457836
-1.458545
-1.459250
-1.459952
-1.460648
-1.461338
-1.462019
-1.462691
-1.463351
-1.463998
-1.464628
-1.465241
-1.465832
-1.466399
-1.466938
-1.467447
-1.467923
-1.468363
-1.468766
-1.469130
-1.469457
-1.469746
-1.469999
-1.470219
-1.470407
-1.470567
-1.470702
-1.470813
-1.470905
-1.470980
-1.471040
-1.471087
-1.471123
-1.471150
-1.471169
-1.471181
-1.471188
-1.471190
-1.471189
-1.471184
-1.471178
-1.471169
-1.471160
-1.471149
-1.471138
-1.471128
-1.471117
-1.471107
-1.471098
-1.471091
-1.471084
-1.471079
-1.471076
-1.471074
-1.471074
-1.471076
-1.471080
-1.471086
-1.471095
-1.471105
-1.471117
-1.471132
-1.471148
-1.471167
-1.471187
-1.471210
-1.471234
-1.471260
-1.471288
-1.471318
-1.471349
-1.471381
-1.471415
-1.471450
-1.471487
-1.471524
-1.471563
-1.471603
-1.471643
-1.471685
-1.471727
-1.471769
-1.471813
-1.471857
-1.471901
-1.471946
-1.471992
-1.472037
-1.472083
-1.472129
-1.472176
-1.472222
-1.472269
-1.472316
-1.472362
-1.472409
-1.472456
-1.472503
-1.472549
-1.472596
-1.472643
-1.472689
-1.472735
-1.472782
-1.472828
-1.472874
-1.472920
-1.472965
-1.473011
-1.473056
-1.473102
-1.473147
-1.473192
-1.473236
-1.473281
-1.473325
-1.473370
-1.473414
-1.473458
-1.473502
-1.473546
-1.473589
-1.473633
-1.473676
-1.473719
-1.473762
-1.473805
-1.473848
-1.473891
-1.473934
-1.473976
-1.474019
-1.474061
-1.474104
-1.474146
-1.474188
-1.474231
-1.474273
-1.474315
-1.474357
-1.474399
-1.474441
-1.474483
-1.474525
-1.474567
-1.474609
-1.474651
-1.474693
-1.474735
-1.474777
-1.474819
-1.474861
-1.474903
-1.474945
-1.474987
-1.475029
-1.475072
-1.475114
-1.475156
-1.475198
-1.475240
-1.475283
-1.475325
-1.475367
-1.475410
-1.475452
-1.475494
-1.475537
-1.475580
-1.475622
-1.475665
-1.475707
-1.475750
-1.475793
-1.475836
-1.475878
-1.475921
-1.475964
-1.476007
-1.476050
-1.476093
-1.476136
-1.476179
-1.476222
-1.476265
-1.476309
-1.476352
-1.476395
-1.476438
-1.476482
-1.476525
-1.476569
-1.476612
-1.476655
-1.476699
-1.476742
-1.476786
-1.476830
-1.476873
-1.476917
-1.476960
-1.477004
-1.477048
-1.477092
-1.477135
-1.477179
-1.477223
-1.477267
-1.477311
-1.477355
-1.477399
-1.477442
-1.477486
-1.477530
-1.477575
-1.477619
-1.477663
-1.477707
-1.477751
-1.477795
-1.477839
-1.477884
-1.477928
-1.477972
-1.478016
-1.478061
-1.478105
-1.478150
-1.478194
-1.478239
-1.478283
-1.478328
-1.478372
-1.478417
-1.478462
-1.478506
-1.478551
-1.478596
-1.478641
-1.478686
-1.478730
-1.478775
-1.478820
-1.478866
-1.478911
-1.478956
-1.479001
-1.479046
-1.479092
-1.479137
-1.479183
-1.479228
-1.479274
-1.479319
-1.479365
-1.479411
-1.479457
-1.479503
-1.479549
-1.479595
-1.479641
-1.479687
-1.479733
-1.479780
-1.479826
-1.479872
-1.479919
-1.479966
-1.480012
-1.480059
-1.480106
-1.480153
-1.480200
-1.480247
-1.480295
-1.480342
-1.480390
-1.480437
-1.480485
-1.480532
-1.480580
-1.480628
-1.480676
-1.480724
-1.480773
-1.480821
-1.480869
-1.480918
-1.480967
-1.481015
-1.481064
-1.481113
-1.481162
-1.481212
-1.481261
-1.481310
-1.481360
-1.481410
-1.481460
-1.481509
-1.481560
-1.481610
-1.481660
-1.481710
-1.481761
-1.481812
-1.481862
-1.481913
-1.481964
-1.482016
-1.482067
-1.482118
-1.482170
-1.482222
-1.482274
-1.482326
-1.482378
-1.482430
-1.482483
-1.482535
-1.482588
-1.482641
-1.482694
-1.482747
-1.482800
-1.482853
-1.482907
-1.482961
-1.483014
-1.483068
-1.483123
-1.483177
-1.483231
-1.483286
-1.483341
-1.483396
-1.483451
-1.483506
-1.483561
-1.483617
-1.483672
-1.483728
-1.483784
-1.483840
-1.483896
-1.483953
-1.484009
-1.484066
-1.484123
-1.484180
-1.484237
-1.484295
-1.484352
-1.484410
-1.484468
-1.484526
-1.484584
-1.484642
-1.484701
-1.484759
-1.484818
-1.484877
-1.484936
-1.484995
-1.485055
-1.485114
-1.485174
-1.485234
-1.485294
-1.485354
-1.485415
-1.485475
-1.485536
-1.485597
-1.485658
-1.485719
-1.485780
-1.485842
-1.485903
-1.485965
-1.486027
-1.486089
-1.486152
-1.486214
-1.486277
-1.486340
-1.486403
-1.486466
-1.486529
-1.486592
-1.486656
-1.486720
-1.486720
-1.486783
-1.486848
-1.486912
-1.486976
-1.487041
-1.487105
-1.487170
-1.487235
-1.487300
-1.487366
-1.487431
-1.487497
-1.487562
-1.487628
-1.487694
-1.487760
-1.487827
-1.487893
-1.487960
-1.488027
-1.488094
-1.488161
-1.488228
-1.488296
-1.488363
-1.488431
-1.488499
-1.488567
-1.488635
-1.488703
-1.488772
-1.488840
-1.488909
-1.488978
-1.489047
-1.489116
-1.489185
-1.489255
-1.489324
-1.489394
-1.489464
-1.489534
-1.489604
-1.489674
-1.489745
-1.489815
-1.489886
-1.489957
-1.490028
-1.490099
-1.490170
-1.490242
-1.490313
-1.490385
-1.490456
-1.490528
-1.490600
-1.490672
-1.490745
-1.490817
-1.490890
-1.490962
-1.491035
-1.491108
-1.491181
-1.491254
-1.491327
-1.491401
-1.491474
-1.491548
-1.491622
-1.491696
-1.491770
-1.491844
-1.491918
-1.491992
-1.492067
-1.492141
-1.492216
-1.492291
-1.492366
-1.492441
-1.492516
-1.492591
-1.492666
-1.492742
-1.492817
-1.492893
-1.492969
-1.493045
-1.493121
-1.493197
-1.493273
-1.493349
-1.493426
-1.493502
-1.493579
-1.493656
-1.493732
-1.493809
-1.493886
-1.493963
-1.494041
-1.494118
-1.494195
-1.494273
-1.494350
-1.494428
-1.494506
-1.494584
-1.494662
-1.494740
-1.494818
-1.494896
-1.494974
-1.495053
-1.495131
-1.495210
-1.495288
-1.495367
-1.495446
-1.495525
-1.495604
-1.495683
-1.495762
-1.495841
-1.495921
-1.496000
-1.496079
-1.496159
-1.496239
-1.496318
-1.496398
-1.496478
-1.496558
-1.496638
-1.496718
-1.496798
-1.496878
-1.496959
-1.497039
-1.497119
-1.497200
-1.497280
-1.497361
-1.497442
-1.497523
-1.497603
-1.497684
-1.497765
-1.497846
-1.497927
-1.498009
-1.498090
-1.498171
-1.498253
-1.498334
-1.498415
-1.498497
-1.498579
-1.498660
-1.498742
-1.498824
-1.498906
-1.498988
-1.499070
-1.499152
-1.499234
-1.499316
-1.499398
-1.499480
-1.499562
-1.499645
-1.499727
-1.499810
-1.499892
-1.499975
-1.500057
-1.500140
-1.500223
-1.500305
-1.500388
-1.500471
-1.500554
-1.500637
-1.500720
-1.500803
-1.500886
-1.500969
-1.501052
-1.501136
-1.501219
-1.501302
-1.501386
-1.501469
-1.501552
-1.501636
-1.501719
-1.501803
-1.501887
-1.501970
-1.502054
-1.502138
-1.502221
-1.502305
-1.502389
-1.502473
-1.502557
-1.502641
-1.502725
-1.502809
-1.502893
-1.502977
-1.503061
-1.503145
-1.503230
-1.503314
-1.503398
-1.503482
-1.503567
-1.503651
-1.503735
-1.503820
-1.503904
-1.503989
-1.504073
-1.504158
-1.504243
-1.504327
-1.504412
-1.504496
-1.504581
-1.504666
-1.504751
-1.504835
-1.504920
-1.505005
-1.505090
-1.505175
-1.505260
-1.505345
-1.505430
-1.505515
-1.505600
-1.505685
-1.505770
-1.505855
-1.505940
-1.506025
-1.506110
-1.506196
-1.506281
-1.506366
-1.506451
-1.506537
-1.506622
-1.506707
-1.506793
-1.506878
-1.506963
-1.507049
-1.507134
-1.507220
-1.507305
-1.507391
-1.507476
-1.507562
-1.507647
-1.507733
-1.507818
-1.507904
-1.507989
-1.508075
-1.508161
-1.508246
-1.508332
-1.508418
-1.508503
-1.508589
-1.508675
-1.508760
-1.508846
-1.508932
-1.509018
-1.509104
-1.509189
-1.509275
-1.509361
-1.509447
-1.509533
-1.509619
-1.509704
-1.509790
-1.509876
-1.509962
-1.510048
-1.510134
-1.510220
-1.510306
-1.510392
-1.510478
-1.510564
-1.510650
-1.510736
-1.510822
-1.510908
-1.510994
-1.511080
-1.511166
-1.511252
-1.511338
-1.511424
-1.511510
-1.511596
-1.511682
-1.511768
-1.511855
-1.511941
-1.512027
-1.512113
-1.512199
-1.512285
-1.512371
-1.512457
-1.512543
-1.512630
-1.512716
-1.512802
-1.512888
-1.512974
-1.513060
-1.513147
-1.513233
-1.513319
-1.513405
-1.513491
-1.513577
-1.513664
-1.513750
-1.513836
-1.513922
-1.514008
-1.514095
-1.514181
-1.514267
-1.514353
-1.514439
-1.514525
-1.514612
-1.514698
-1.514784
-1.514870
-1.514956
-1.515043
-1.515129
-1.515215
-1.515301
-1.515387
-1.515473
-1.515560
-1.515646
-1.515732
-1.515818
-1.515904
-1.515990
-1.516077
-1.516163
-1.516249
-1.516335
-1.516421
-1.516507
-1.516594
-1.516680
-1.516766
-1.516852
-1.516938
-1.517024
-1.517110
-1.517196
-1.517282
-1.517369
-1.517455
-1.517541
-1.517627
-1.517713
-1.517799
-1.517885
-1.517971
-1.518057
-1.518143
-1.518229
-1.518315
-1.518401
-1.518487
-1.518573
-1.518659
-1.518745
-1.518831
-1.518917
-1.519003
-1.519089
-1.519175
-1.519261
-1.519347
-1.519433
-1.519519
-1.519605
-1.519691
-1.519777
-1.519862
-1.519948
-1.520034
-1.520120
-1.520206
-1.520292
-1.520378
-1.520463
-1.520549
-1.520635
-1.520721
-1.520806
-1.520892
-1.520978
-1.521064
-1.521149
-1.521235
-1.521321
-1.521407
-1.521492
-1.521578
-1.521664
-1.521749
-1.521835
-1.521920
-1.522006
-1.522092
-1.522177
-1.522263
-1.522348
-1.522434
-1.522519
-1.522605
-1.522690
-1.522776
-1.522861
-1.522947
-1.523032
-1.523118
-1.523203
-1.523289
-1.523374
-1.523459
-1.523545
-1.523630
-1.523716
-1.523801
-1.523886
-1.523971
-1.524057
-1.524142
-1.524227
-1.524313
-1.524398
-1.524483
-1.524568
-1.524653
-1.524739
-1.524824
-1.524909
-1.524994
-1.525079
-1.525164
-1.525249
-1.525334
-1.525419
-1.525504
-1.525589
-1.525674
-1.525759
-1.525844
-1.525929
-1.526014
-1.526099
-1.526184
-1.526269
-1.526354
-1.526439
-1.526524
-1.526608
-1.526693
-1.526778
-1.526863
-1.526947
-1.527032
-1.527117
-1.527202
-1.527286
-1.527371
-1.527456
-1.527456
-1.527540
-1.527625
-1.527710
-1.527794
-1.527879
-1.527963
-1.528048
-1.528132
-1.528217
-1.528301
-1.528386
-1.528470
-1.528555
-1.528639
-1.528723
-1.528808
-1.528892
-1.528977
-1.529061
-1.529145
-1.529229
-1.529314
-1.529398
-1.529482
-1.529566
-1.529651
-1.529735
-1.529819
-1.529903
-1.529987
-1.530071
-1.530155
-1.530240
-1.530324
-1.530408
-1.530492
-1.530576
-1.530660
-1.530744
-1.530828
-1.530912
-1.530995
-1.531079
-1.531163
-1.531247
-1.531331
-1.531415
-1.531499
-1.531582
-1.531666
-1.531750
-1.531834
-1.531917
-1.532001
-1.532085
-1.532169
-1.532252
-1.532336
-1.532419
-1.532503
-1.532587
-1.532670
-1.532754
-1.532837
-1.532921
-1.533004
-1.533088
-1.533171
-1.533255
-1.533338
-1.533421
-1.533505
-1.533588
-1.533672
-1.533755
-1.533838
-1.533922
-1.534005
-1.534088
-1.534171
-1.534255
-1.534338
-1.534421
-1.534504
-1.534587
-1.534670
-1.534754
-1.534837
-1.534920
-1.535003
-1.535086
-1.535169
-1.535252
-1.535335
-1.535418
-1.535501
-1.535584
-1.535667
-1.535750
-1.535833
-1.535916
-1.535998
-1.536081
-1.536164
-1.536247
-1.536330
-1.536413
-1.536495
-1.536578
-1.536661
-1.536744
-1.536826
-1.536909
-1.536992
-1.537074
-1.537157
-1.537240
-1.537322
-1.537405
-1.537487
-1.537570
-1.537652
-1.537735
-1.537817
-1.537900
-1.537982
-1.538065
-1.538147
-1.538230
-1.538312
-1.538394
-1.538477
-1.538559
-1.538641
-1.538724
-1.538806
-1.538888
-1.538971
-1.539053
-1.539135
-1.539217
-1.539299
-1.539381
-1.539464
-1.539546
-1.539628
-1.539710
-1.539792
-1.539874
-1.539956
-1.540038
-1.540120
-1.540202
-1.540284
-1.540366
-1.540448
-1.540529
-1.540611
-1.540693
-1.540775
-1.540857
-1.540938
-1.541020
-1.541102
-1.541184
-1.541265
-1.541347
-1.541428
-1.541510
-1.541591
-1.541673
-1.541754
-1.541836
-1.541917
-1.541999
-1.542080
-1.542161
-1.542243
-1.542324
-1.542405
-1.542486
-1.542568
-1.542649
-1.542730
-1.542811
-1.542892
-1.542973
-1.543054
-1.543135
-1.543215
-1.543296
-1.543377
-1.543458
-1.543538
-1.543619
-1.543700
-1.543780
-1.543861
-1.543941
-1.544021
-1.544102
-1.544182
-1.544262
-1.544342
-1.544422
-1.544502
-1.544582
-1.544662
-1.544742
-1.544822
-1.544902
-1.544981
-1.545061
-1.545140
-1.545220
-1.545299
-1.545378
-1.545458
-1.545537
-1.545616
-1.545695
-1.545774
-1.545852
-1.545931
-1.546010
-1.546088
-1.546167
-1.546245
-1.546323
-1.546401
-1.546479
-1.546557
-1.546635
-1.546713
-1.546791
-1.546868
-1.546946
-1.547023
-1.547100
-1.547177
-1.547254
-1.547331
-1.547408
-1.547485
-1.547561
-1.547638
-1.547714
-1.547790
-1.547866
-1.547942
-1.548018
-1.548093
-1.548169
-1.548244
-1.548320
-1.548395
-1.548470
-1.548545
-1.548620
-1.548694
-1.548769
-1.548843
-1.548917
-1.548991
-1.549065
-1.549139
-1.549213
-1.549286
-1.549360
-1.549433
-1.549506
-1.549579
-1.549652
-1.549725
-1.549797
-1.549870
-1.549942
-1.550014
-1.550086
-1.550158
-1.550230
-1.550301
-1.550373
-1.550444
-1.550515
-1.550587
-1.550658
-1.550728
-1.550799
-1.550870
-1.550940
-1.551010
-1.551081
-1.551151
-1.551221
-1.551291
-1.551360
-1.551430
-1.551500
-1.551569
-1.551638
-1.551707
-1.551776
-1.551845
-1.551914
-1.551983
-1.552052
-1.552120
-1.552189
-1.552257
-1.552325
-1.552394
-1.552462
-1.552530
-1.552598
-1.552665
-1.552733
-1.552801
-1.552868
-1.552936
-1.553003
-1.553071
-1.553138
-1.553205
-1.553272
-1.553339
-1.553406
-1.553473
-1.553540
-1.553607
-1.553674
-1.553740
-1.553807
-1.553874
-1.553940
-1.554007
-1.554073
-1.554139
-1.554206
-1.554272
-1.554338
-1.554405
-1.554471
-1.554537
-1.554603
-1.554669
-1.554735
-1.554801
-1.554867
-1.554933
-1.554998
-1.555064
-1.555130
-1.555196
-1.555261
-1.555327
-1.555393
-1.555458
-1.555524
-1.555589
-1.555655
-1.555720
-1.555786
-1.555851
-1.555917
-1.555982
-1.556048
-1.556113
-1.556178
-1.556244
-1.556309
-1.556374
-1.556439
-1.556505
-1.556570
-1.556635
-1.556700
-1.556765
-1.556830
-1.556895
-1.556961
-1.557026
-1.557091
-1.557156
-1.557221
-1.557286
-1.557351
-1.557416
-1.557481
-1.557546
-1.557611
-1.557676
-1.557740
-1.557805
-1.557870
-1.557935
-1.558000
-1.558065
-1.558130
-1.558194
-1.558259
-1.558324
-1.558389
-1.558453
-1.558518
-1.558583
-1.558648
-1.558712
-1.558777
-1.558842
-1.558906
-1.558971
-1.559036
-1.559100
-1.559165
-1.559230
-1.559294
-1.559359
-1.559423
-1.559488
-1.559553
-1.559617
-1.559682
-1.559746
-1.559811
-1.559875
-1.559940
-1.560004
-1.560069
-1.560133
-1.560198
-1.560262
-1.560327
-1.560391
-1.560456
-1.560520
-1.560585
-1.560649
-1.560714
-1.560778
-1.560843
-1.560907
-1.560972
-1.561036
-1.561100
-1.561165
-1.561229
-1.561294
-1.561358
-1.561423
-1.561487
-1.561551
-1.561616
-1.561680
-1.561745
-1.561809
-1.561874
-1.561938
-1.562002
-1.562067
-1.562131
-1.562196
-1.562260
-1.562325
-1.562389
-1.562453
-1.562518
-1.562582
-1.562647
-1.562711
-1.562776
-1.562840
-1.562905
-1.562969
-1.563034
-1.563098
-1.563163
-1.563227
-1.563292
-1.563356
-1.563421
-1.563485
-1.563550
-1.563614
-1.563679
-1.563744
-1.563808
-1.563873
-1.563937
-1.564002
-1.564067
-1.564131
-1.564196
-1.564261
-1.564325
-1.564390
-1.564455
-1.564520
-1.564584
-1.564584
-1.564649
-1.564714
-1.564779
-1.564843
-1.564908
-1.564973
-1.565038
-1.565103
-1.565168
-1.565233
-1.565298
-1.565363
-1.565428
-1.565493
-1.565558
-1.565623
-1.565688
-1.565753
-1.565818
-1.565883
-1.565948
-1.566013
-1.566079
-1.566144
-1.566209
-1.566274
-1.566340
-1.566405
-1.566470
-1.566536
-1.566601
-1.566666
-1.566732
-1.566797
-1.566863
-1.566929
-1.566994
-1.567060
-1.567125
-1.567191
-1.567257
-1.567322
-1.567388
-1.567454
-1.567520
-1.567586
-1.567652
-1.567718
-1.567784
-1.567850
-1.567916
-1.567982
-1.568048
-1.568114
-1.568180
-1.568246
-1.568313
-1.568379
-1.568445
-1.568512
-1.568578
-1.568644
-1.568711
-1.568777
-1.568845
-1.568910
-1.568979
-1.569042
-1.569115
-1.569171
-1.569257
-1.569291
-1.569412
-1.569386
-1.569610
-1.569401
-1.569927
-1.569132
-1.570569
-1.567808
-1.572392
-1.565335
-1.571850
-1.565685
-1.572006
-1.565672
-1.571790
-1.567622
-1.573155
-1.567444
-1.573303
-1.568434
-1.573760
-1.568154
-1.573707
-1.568669
-1.573904
-1.568419
-1.573767
-1.568624
-1.573862
-1.568662
-1.573973
-1.568972
-1.574200
-1.569130
-1.574338
-1.569328
-1.574467
-1.569455
-1.574573
-1.569618
-1.574700
-1.569768
-1.574825
-1.569925
-1.574944
-1.570057
-1.575042
-1.570172
-1.575122
-1.570268
-1.575188
-1.570354
-1.575248
-1.570434
-1.575307
-1.570512
-1.575369
-1.570595
-1.575440
-1.570684
-1.575522
-1.570782
-1.575615
-1.570888
-1.575719
-1.571001
-1.575832
-1.571119
-1.575953
-1.571242
-1.576080
-1.571369
-1.576212
-1.571499
-1.576348
-1.571631
-1.576487
-1.571764
-1.576629
-1.571899
-1.576772
-1.572034
-1.576917
-1.572170
-1.577062
-1.572306
-1.577208
-1.572441
-1.577353
-1.572575
-1.577497
-1.572709
-1.577641
-1.572842
-1.577784
-1.572974
-1.577927
-1.573106
-1.578069
-1.573237
-1.578211
-1.573368
-1.578353
-1.573498
-1.578494
-1.573628
-1.578636
-1.573758
-1.578777
-1.573888
-1.578918
-1.574018
-1.579060
-1.574147
-1.579201
-1.574277
-1.579343
-1.574407
-1.579485
-1.574537
-1.579627
-1.574666
-1.579768
-1.574796
-1.579910
-1.574926
-1.580052
-1.575055
-1.580194
-1.575185
-1.580335
-1.575314
-1.580476
-1.575443
-1.580617
-1.575572
-1.580757
-1.575700
-1.580897
-1.575828
-1.581036
-1.575956
-1.581175
-1.576083
-1.581313
-1.576209
-1.581451
-1.576336
-1.581587
-1.576462
-1.581724
-1.576587
-1.581859
-1.576712
-1.581994
-1.576836
-1.582128
-1.576960
-1.582261
-1.577084
-1.582394
-1.577207
-1.582526
-1.577330
-1.582658
-1.577452
-1.582789
-1.577574
-1.582919
-1.577696
-1.583049
-1.577817
-1.583178
-1.577938
-1.583307
-1.578059
-1.583435
-1.578180
-1.583564
-1.578300
-1.583691
-1.578420
-1.583818
-1.578540
-1.583945
-1.578659
-1.584072
-1.578779
-1.584199
-1.578898
-1.584325
-1.579017
-1.584451
-1.579136
-1.584577
-1.579255
-1.584702
-1.579374
-1.584828
-1.579492
-1.584953
-1.579611
-1.585078
-1.579729
-1.585203
-1.579847
-1.585328
-1.579965
-1.585452
-1.580083
-1.585577
-1.580201
-1.585701
-1.580318
-1.585825
-1.580435
-1.585949
-1.580553
-1.586073
-1.580670
-1.586197
-1.580786
-1.586320
-1.580903
-1.586444
-1.581019
-1.586567
-1.581135
-1.586690
-1.581251
-1.586812
-1.581367
-1.586935
-1.581482
-1.587057
-1.581597
-1.587179
-1.581712
-1.587300
-1.581826
-1.587422
-1.581940
-1.587541
-1.582055
-1.587665
-1.582166
-1.587779
-1.582283
-1.587909
-1.582388
-1.588009
-1.582514
-1.588164
-1.582601
-1.588217
-1.582760
-1.588456
-1.582788
-1.588348
-1.583070
-1.588879
-1.582921
-1.588231
-1.583724
-1.589535
-1.583217
-1.587959
-1.586005
-1.588227
-1.584162
-1.590956
-1.584061
-1.587841
-1.588449
-1.584430
-1.590323
-1.584017
-1.588975
-1.587848
-1.587836
-1.586924
-1.588859
-1.585296
-1.592920
-1.588559
-1.588008
-1.594537
-1.588367
-1.589024
-1.595090
-1.587132
-1.591246
-1.591762
-1.589818
-1.591859
-1.588048
-1.593393
-1.585888
-1.590182
-1.587860
-1.589246
-1.585484
-1.592542
-1.586484
-1.588808
-1.593051
-1.586358
-1.589936
-1.592037
-1.588378
-1.594086
-1.587027
-1.591710
-1.588959
-1.591175
-1.586441
-1.593709
-1.586684
-1.590605
-1.591044
-1.586979
-1.593268
-1.586832
-1.591316
-1.591930
-1.587790
-1.593975
-1.587427
-1.591356
-1.593033
-1.587348
-1.593486
-1.586847
-1.592057
-1.588920
-1.593541
-1.587221
-1.592213
-1.590023
-1.593041
-1.587432
-1.594428
-1.587120
-1.592173
-1.588780
-1.593941
-1.587799
-1.592609
-1.592337
-1.591029
-1.592932
-1.588665
-1.597359
-1.592854
-1.592467
-1.599326
-1.593640
-1.593900
-1.599760
-1.591625
-1.595788
-1.596037
-1.594300
-1.595861
-1.592065
-1.597716
-1.589988
-1.593656
-1.593468
-1.589669
-1.595741
-1.589737
-1.593064
-1.596106
-1.589317
-1.594127
-1.591907
-1.596750
-1.590306
-1.595479
-1.591515
-1.597100
-1.590965
-1.593657
-1.597652
-1.590545
-1.594831
-1.594786
-1.593908
-1.595446
-1.591762
-1.599764
-1.595407
-1.594701
-1.601471
-1.595871
-1.595823
-1.601630
-1.593390
-1.597425
-1.597840
-1.595822
-1.597923
-1.593537
-1.599788
-1.592036
-1.595459
-1.596054
-1.591150
-1.597901
-1.591380
-1.595061
-1.597488
-1.591394
-1.596981
-1.592258
-1.599431
-1.592298
-1.596595
-1.596218
-1.593853
-1.598082
-1.591739
-1.597205
-1.592672
-1.599745
-1.595711
-1.595711
-1.595892
-1.602933
-1.596001
-1.597146
-1.602925
-1.594392
-1.598180
-1.599830
-1.596032
-1.600531
-1.594189
-1.599255
-1.593515
-1.599713
-1.592748
-1.596512
-1.596924
-1.593574
-1.600036
-1.594177
-1.596885
-1.601708
-1.594993
-1.597258
-1.602202
-1.594643
-1.598916
-1.599490
-1.595907
-1.601631
-1.594380
-1.598428
-1.599407
-1.594135
-1.601268
-1.594465
-1.597889
-1.601180
-1.594114
-1.598523
-1.597673
-1.598700
-1.595934
-1.603164
-1.598287
-1.598528
-1.605416
-1.601686
-1.600389
-1.606445
-1.597143
-1.600916
-1.603450
-1.598354
-1.602773
-1.597385
-1.603002
-1.595740
-1.600374
-1.596150
-1.602130
-1.596147
-1.598450
-1.602799
-1.595856
-1.599136
-1.601899
-1.596395
-1.602601
-1.596310
-1.602164
-1.595809
-1.602311
-1.595073
-1.599832
-1.598186
-1.600373
-1.595701
-1.604349
-1.598891
-1.599600
-1.606415
-1.601282
-1.601503
-1.607450
-1.598642
-1.602462
-1.604079
-1.599667
-1.604320
-1.597786
-1.602796
-1.597288
-1.603855
-1.597225
-1.599855
-1.603312
-1.596376
-1.600823
-1.600219
-1.600890
-1.599144
-1.604853
-1.598375
-1.601275
-1.605383
-1.599027
-1.600784
-1.606703
-1.599125
-1.601436
-1.607634
-1.599228
-1.601625
-1.607327
-1.599051
-1.602702
-1.605454
-1.599477
-1.604401
-1.598756
-1.605133
-1.597400
-1.601694
-1.601069
-1.599957
-1.602218
-1.597516
-1.606870
-1.603926
-1.602796
-1.609574
-1.604963
-1.605080
-1.610590
-1.601877
-1.605972
-1.606255
-1.603532
-1.606525
-1.600535
-1.606703
-1.598887
-1.603357
-1.599374
-1.605590
-1.600642
-1.602002
-1.608474
-1.602811
-1.603397
-1.609802
-1.600796
-1.604064
-1.608605
-1.601268
-1.605404
-1.604000
-1.604255
-1.602005
-1.606626
-1.599250
-1.603770
-1.602492
-1.601795
-1.602225
-1.600789
-1.607674
-1.605119
-1.604624
-1.612490
-1.615572
-1.607441
-1.612739
-1.605526
-1.608814
-1.607498
-1.608680
-1.605809
-1.609285
-1.601475
-1.605595
-1.601573
-1.607609
-1.603441
-1.603928
-1.610647
-1.606820
-1.605859
-1.611893
-1.602602
-1.606036
-1.610517
-1.603716
-1.607820
-1.605592
-1.607016
-1.602187
-1.609379
-1.602793
-1.604087
-1.610229
-1.604826
-1.605285
-1.611648
-1.602764
-1.606052
-1.610243
-1.603237
-1.607515
-1.606016
-1.606981
-1.603350
-1.610287
-1.604355
-1.604934
-1.611398
-1.606861
-1.606581
-1.612585
-1.603466
-1.607223
-1.610487
-1.604518
-1.608868
-1.604700
-1.610270
-1.602454
-1.606563
-1.605712
-1.603100
-1.608448
-1.602261
-1.605399
-1.609592
-1.602972
-1.605625
-1.610507
-1.602903
-1.606964
-1.610015
-1.602883
-1.607597
-1.603915
-1.610640
-1.604409
-1.606283
-1.612966
-1.607173
-1.607861
-1.613759
-1.603908
-1.607458
-1.611871
-1.604559
-1.608931
-1.607687
-1.608107
-1.605414
-1.611518
-1.604579
-1.606564
-1.612665
-1.608680
-1.608310
-1.614692
-1.604595
-1.608193
-1.613191
-1.605251
-1.609622
-1.609398
-1.608324
-1.609534
-1.605213
-1.613175
-1.607668
-1.607901
-1.614290
-1.609161
-1.609567
-1.615096
-1.605877
-1.610028
-1.611978
-1.607101
-1.611879
-1.605496
-1.610716
-1.604262
-1.610531
-1.602751
-1.607152
-1.605833
-1.606653
-1.603795
-1.612704
-1.611792
-1.611070
-1.617215
-1.613659
-1.612602
-1.617163
-1.607741
-1.611826
-1.612158
-1.608718
-1.612557
-1.605646
-1.610391
-1.605364
-1.612524
-1.606614
-1.607809
-1.614270
-1.607907
-1.609145
-1.615027
-1.605799
-1.609563
-1.613630
-1.606859
-1.611168
-1.608970
-1.611217
-1.605417
-1.612592
-1.604297
-1.608031
-1.609971
-1.603845
-1.609489
-1.604444
-1.612778
-1.606193
-1.608446
-1.614705
-1.608090
-1.609909
-1.616002
-1.606471
-1.609757
-1.614271
-1.606159
-1.610486
-1.610303
-1.608650
-1.612136
-1.605606
-1.611138
-1.604875
-1.612760
-1.606647
-1.608402
-1.615182
-1.609241
-1.610999
-1.616831
-1.606783
-1.610528
-1.614972
-1.607359
-1.611828
-1.610996
-1.610737
-1.610316
-1.610059
-1.609281
-1.610699
-1.604656
-1.614083
-1.610997
-1.611393
-1.617872
-1.616568
-1.615239
-1.620371
-1.608760
-1.612904
-1.615958
-1.609564
-1.613533
-1.610101
-1.614819
-1.606623
-1.611087
-1.609573
-1.609191
-1.607337
-1.613905
-1.608883
-1.610896
-1.618228
-1.620460
-1.615065
-1.620760
-1.609248
-1.613244
-1.616190
-1.610783
-1.614542
-1.610116
-1.615463
-1.607148
-1.611584
-1.610401
-1.609654
-1.610359
-1.607181
-1.616793
-1.620463
-1.614843
-1.621105
-1.617141
-1.616298
-1.620078
-1.612935
-1.616612
-1.614659
-1.614230
-1.611901
-1.614085
-1.607930
-1.614626
-1.606489
-1.610741
-1.609380
-1.609332
-1.608422
-1.613393
-1.606682
-1.611691
-1.610708
-1.607469
-1.617004
-1.620831
-1.616534
-1.622738
-1.621694
-1.616957
-1.620680
-1.612695
-1.616615
-1.615916
-1.615298
-1.614625
-1.613417
-1.613333
-1.609527
-1.617905
-1.619255
-1.616040
-1.621213
-1.618063
-1.616920
-1.621138
-1.611817
-1.616161
-1.616770
-1.612973
-1.617327
-1.610046
-1.614191
-1.610187
-1.616217
-1.610305
-1.611971
-1.618022
-1.611765
-1.613649
-1.619372
-1.610029
-1.613790
-1.618270
-1.610410
-1.614681
-1.613935
-1.612663
-1.613952
-1.609182
-1.617250
-1.610869
-1.612483
-1.618538
-1.613148
-1.614831
-1.620041
-1.610222
-1.614485
-1.617645
-1.611025
-1.615202
-1.612375
-1.616885
-1.609034
-1.613609
-1.612038
-1.612172
-1.608878
-1.608878
-1.617906
-1.616951
-1.616944
-1.621835
-1.615487
-1.617267
-1.621369
-1.611964
-1.616602
-1.617049
-1.613016
-1.618002
-1.609839
-1.614498
-1.612970
-1.613190
-1.609911
-1.618593
-1.615880
-1.616650
-1.621397
-1.614560
-1.616888
-1.621342
-1.611831
-1.616567
-1.617719
-1.612763
-1.617847
-1.610431
-1.614877
-1.611118
-1.617720
-1.610645
-1.613403
-1.619440
-1.611968
-1.614860
-1.620258
-1.610316
-1.614689
-1.619051
-1.611197
-1.615791
-1.614968
-1.614450
-1.614224
-1.612144
-1.619109
-1.613703
-1.615756
-1.621307
-1.617308
-1.618249
-1.622606
-1.611814
-1.616592
-1.619498
-1.612927
-1.616986
-1.613836
-1.618846
-1.610154
-1.615090
-1.613678
-1.611304
-1.617569
-1.610664
-1.614267
-1.620616
-1.616611
-1.618159
-1.622601
-1.611510
-1.616208
-1.620101
-1.612159
-1.616601
-1.615562
-1.615290
-1.614807
-1.614859
-1.612466
-1.621001
-1.623169
-1.619882
-1.624754
-1.620226
-1.620471
-1.623953
-1.615048
-1.619546
-1.619037
-1.616872
-1.618951
-1.613046
-1.619241
-1.610545
-1.614898
-1.612910
-1.614897
-1.609355
-1.617617
-1.609078
-1.613792
-1.617169
-1.610073
-1.615334
-1.614760
-1.613327
-1.619522
-1.612709
-1.615780
-1.621567
-1.618325
-1.619136
-1.623465
-1.612126
-1.616886
-1.620818
-1.612716
-1.617348
-1.616584
-1.616366
-1.615918
-1.614761
-1.619648
-1.610936
-1.614927
-1.619427
-1.612703
-1.615741
-1.622028
-1.613190
-1.617950
-1.622623
-1.611919
-1.616570
-1.620617
-1.612741
-1.617531
-1.616717
-1.616446
-1.615832
-1.614976
-1.618913
-1.610317
-1.615768
-1.614200
-1.613947
-1.614168
-1.610835
-1.622622
-1.626962
-1.610464
-1.619618
-1.614521
-1.615672
-1.617658
-1.620408
-1.620475
-1.619988
-1.615046
-1.621533
-1.614351
-1.616724
-1.622451
-1.617368
-1.618643
-1.622649
-1.612124
-1.616411
-1.619810
-1.613551
-1.617962
-1.615903
-1.619879
-1.612196
-1.616351
-1.613510
-1.618802
-1.612124
-1.615428
-1.621275
-1.614537
-1.617984
-1.623121
-1.612750
-1.617266
-1.622044
-1.612682
-1.617225
-1.619029
-1.613583
-1.618625
-1.612704
-1.618973
-1.611273
-1.615727
-1.612711
-1.619645
-1.613094
-1.616580
-1.622497
-1.615388
-1.618772
-1.622919
-1.612680
-1.617465
-1.620671
-1.613751
-1.617926
-1.615643
-1.619817
-1.611756
-1.616702
-1.615613
-1.615788
-1.612390
-1.621745
-1.620415
-1.620977
-1.624707
-1.615317
-1.619355
-1.623366
-1.614178
-1.619241
-1.619386
-1.615429
-1.621423
-1.611768
-1.616846
-1.618503
-1.611976
-1.616817
-1.612390
-1.620672
-1.612833
-1.616912
-1.622400
-1.613797
-1.618085
-1.622910
-1.612758
-1.617504
-1.620886
-1.613257
-1.617709
-1.616713
-1.617089
-1.614176
-1.622282
-1.615764
-1.619220
-1.623075
-1.613503
-1.617656
-1.622717
-1.612693
-1.617733
-1.621251
-1.613438
-1.618072
-1.617267
-1.616908
-1.615273
-1.621685
-1.613873
-1.617696
-1.622989
-1.618735
-1.620922
-1.624577
-1.613934
-1.619248
-1.621882
-1.615456
-1.619443
-1.616019
-1.622291
-1.612433
-1.616706
-1.621751
-1.612557
-1.616466
-1.622013
-1.611781
-1.616642
-1.621815
-1.612626
-1.617568
-1.620208
-1.614172
-1.618541
-1.614591
-1.621851
-1.612683
-1.616687
-1.622086
-1.613110
-1.617377
-1.622524
-1.612542
-1.617430
-1.621486
-1.613451
-1.618411
-1.617622
-1.617400
-1.617514
-1.614820
-1.623223
-1.620904
-1.621581
-1.624543
-1.613810
-1.618425
-1.623131
-1.613857
-1.619107
-1.620198
-1.615033
-1.620976
-1.613157
-1.617690
-1.615448
-1.620604
-1.612199
-1.616533
-1.621044
-1.612232
-1.616580
-1.622474
-1.613009
-1.618022
-1.623251
-1.612759
-1.617394
-1.622083
-1.612646
-1.617557
-1.619661
-1.614094
-1.619132
-1.613690
-1.621082
-1.611506
-1.616699
-1.618669
-1.612369
-1.617211
-1.613937
-1.622236
-1.615801
-1.619749
-1.623356
-1.613108
-1.617680
-1.622655
-1.612730
-1.617751
-1.621338
-1.613018
-1.618108
-1.617273
-1.617293
-1.617911
-1.614515
-1.623356
-1.619580
-1.621485
-1.623882
-1.613371
-1.618256
-1.622914
-1.613584
-1.618993
-1.620056
-1.614317
-1.620440
-1.613020
-1.617524
-1.614965
-1.622233
-1.616293
-1.619976
-1.623537
-1.612910
-1.617897
-1.623084
-1.612927
-1.618126
-1.622479
-1.613023
-1.617987
-1.619474
-1.613974
-1.619894
-1.613183
-1.618426
-1.612929
-1.621140
-1.612459
-1.617216
-1.622699
-1.614085
-1.618932
-1.623545
-1.612967
-1.617967
-1.622362
-1.613162
-1.618360
-1.619053
-1.614511
-1.621830
-1.612043
-1.617030
-1.621126
-1.612329
-1.616696
-1.621822
-1.612431
-1.617249
-1.622543
-1.612865
-1.617438
-1.622676
-1.612636
-1.617275
-1.622302
-1.612533
-1.617165
-1.621413
-1.612642
-1.617915
-1.618158
-1.614561
-1.622412
-1.613317
-1.618157
-1.623129
-1.614535
-1.618990
-1.623329
-1.613174
-1.618272
-1.621847
-1.613936
-1.618774
-1.618126
-1.617500
-1.616687
-1.621351
-1.612144
-1.617272
-1.620140
-1.611482
-1.616603
-1.619258
-1.612553
-1.617103
-1.615598
-1.623866
-1.626231
-1.624117
-1.628314
-1.620211
-1.623297
-1.625491
-1.617484
-1.621934
-1.621108
-1.620631
-1.620286
-1.618921
-1.617451
-1.625835
-1.627845
-1.621535
-1.625652
-1.614375
-1.619664
-1.620903
-1.620482
-1.625009
-1.616367
-1.620603
-1.618639
-1.618323
-1.614793
-1.623550
-1.618771
-1.622077
-1.622567
-1.613845
-1.619019
-1.619465
-1.619465
-1.619840
-1.618118
-1.626586
-1.627584
-1.624801
-1.627893
-1.618380
-1.622739
-1.624964
-1.618110
-1.622005
-1.620396
-1.622351
-1.616284
-1.622824
-1.614278
-1.618571
-1.616566
-1.621690
-1.613534
-1.618355
-1.623252
-1.614990
-1.620223
-1.624068
-1.614014
-1.619406
-1.623400
-1.614177
-1.619636
-1.618890
-1.615973
-1.623659
-1.614714
-1.620373
-1.623983
-1.613838
-1.618625
-1.623700
-1.613438
-1.618812
-1.623350
-1.613751
-1.618760
-1.621797
-1.614414
-1.618807
-1.617679
-1.621500
-1.613139
-1.618219
-1.617649
-1.617574
-1.614162
-1.624405
-1.627431
-1.624668
-1.629601
-1.627279
-1.625145
-1.628694
-1.619971
-1.624481
-1.623744
-1.622561
-1.623398
-1.618068
-1.625090
-1.613914
-1.618792
-1.623196
-1.614232
-1.618815
-1.624248
-1.614096
-1.619489
-1.624411
-1.614579
-1.619518
-1.623551
-1.614762
-1.619928
-1.618826
-1.616821
-1.623709
-1.615288
-1.620483
-1.624507
-1.614650
-1.619556
-1.624554
-1.614296
-1.619600
-1.623833
-1.614484
-1.619663
-1.620510
-1.615748
-1.622956
-1.613328
-1.618912
-1.619636
-1.613916
-1.620718
-1.613400
-1.618004
-1.616720
-1.623623
-1.617259
-1.622694
-1.622647
-1.616103
-1.621402
-1.616065
-1.623782
-1.613255
-1.618968
-1.620888
-1.613845
-1.618076
-1.617496
-1.624788
-1.620073
-1.624133
-1.624381
-1.616348
-1.620650
-1.619686
-1.626112
-1.615349
-1.621458
-1.624945
-1.614047
-1.619394
-1.624325
-1.613764
-1.619432
-1.624189
-1.613829
-1.619074
-1.623393
-1.614057
-1.619736
-1.621683
-1.615773
-1.620898
-1.615254
-1.623306
-1.613105
-1.618560
-1.623307
-1.614249
-1.619525
-1.624616
-1.614021
-1.619619
-1.624372
-1.613942
-1.619175
-1.623869
-1.614022
-1.619250
-1.622889
-1.614322
-1.619836
-1.618400
-1.617935
-1.623646
-1.615190
-1.620827
-1.625100
-1.616949
-1.622945
-1.622316
-1.617826
-1.624890
-1.614475
-1.620727
-1.621510
-1.615221
-1.620895
-1.614579
-1.621818
-1.613332
-1.617846
-1.616732
-1.622855
-1.614929
-1.620881
-1.624874
-1.614621
-1.620570
-1.624593
-1.613861
-1.619595
-1.624039
-1.613762
-1.619157
-1.623287
-1.613558
-1.619153
-1.622300
-1.614445
-1.619247
-1.618962
-1.620244
-1.614771
-1.623611
-1.613090
-1.619406
-1.623099
-1.614161
-1.619593
-1.624666
-1.613794
-1.620065
-1.624569
-1.613885
-1.619452
-1.624351
-1.613868
-1.619394
-1.624147
-1.613787
-1.619087
-1.623810
-1.613770
-1.619158
-1.623938
-1.614015
-1.619266
-1.623893
-1.613912
-1.619063
-1.623754
-1.613843
-1.619008
-1.623832
-1.613861
-1.619095
-1.623985
-1.613896
-1.619190
-1.624078
-1.613945
-1.619223
-1.624046
-1.613979
-1.619187
-1.623872
-1.613962
-1.619108
-1.623555
-1.613891
-1.619065
-1.622903
-1.613887
-1.619588
-1.618955
-1.616531
-1.624595
-1.616493
-1.623106
-1.620277
-1.617390
-1.624666
-1.613954
-1.620998
-1.624876
-1.614821
-1.619640
-1.624013
-1.613740
-1.619454
-1.623743
-1.614158
-1.619623
-1.621144
-1.615298
-1.620851
-1.614953
-1.622922
-1.612804
-1.618815
-1.619304
-1.613928
-1.622108
-1.612451
-1.618551
-1.621000
-1.613279
-1.617847
-1.617516
-1.622288
-1.613451
-1.619058
-1.622455
-1.613122
-1.618589
-1.623004
-1.613473
-1.619655
-1.624276
-1.613857
-1.620381
-1.623801
-1.613843
-1.619805
-1.621818
-1.615684
-1.620379
-1.616430
-1.624472
-1.613215
-1.621524
-1.618757
-1.617782
-1.623746
-1.613882
-1.620890
-1.624865
-1.614599
-1.621956
-1.619660
-1.618756
-1.625583
-1.613778
-1.622474
-1.620086
-1.616705
-1.624357
-1.613021
-1.621834
-1.620734
-1.616091
-1.624041
-1.613199
-1.620099
-1.623877
-1.614131
-1.619316
-1.623956
-1.613491
-1.619369
-1.623997
-1.613833
-1.619333
-1.623940
-1.613622
-1.619338
-1.624079
-1.613805
-1.619413
-1.624042
-1.613733
-1.619309
-1.623972
-1.613802
-1.619319
-1.623932
-1.613786
-1.619241
-1.623815
-1.613742
-1.619198
-1.623788
-1.613764
-1.619234
-1.623818
-1.613788
-1.619265
-1.623843
-1.613800
-1.619283
-1.623862
-1.613806
-1.619292
-1.623865
-1.613806
-1.619288
-1.623850
-1.613800
-1.619276
-1.623819
-1.613792
-1.619259
-1.623777
-1.613780
-1.619242
-1.623727
-1.613766
-1.619226
-1.623671
-1.613748
-1.619210
-1.623606
-1.613725
-1.619195
-1.623516
-1.613692
-1.619174
-1.623346
-1.613635
-1.619171
-1.622836
-1.613650
-1.619707
-1.618509
-1.616437
-1.625884
-1.628812
-1.625578
-1.630492
-1.623899
-1.625981
-1.628550
-1.621702
-1.625522
-1.624713
-1.623514
-1.621822
-1.628162
-1.619537
-1.625179
-1.622138
-1.618446
-1.625717
-1.614059
-1.621735
-1.625180
-1.615271
-1.620232
-1.623654
-1.615526
-1.620801
-1.620381
-1.618902
-1.618561
-1.623317
-1.614367
-1.620742
-1.624149
-1.613195
-1.621348
-1.620972
-1.619331
-1.618104
-1.628098
-1.627738
-1.620178
-1.625479
-1.619625
-1.622963
-1.622065
-1.628267
-1.619712
-1.623920
-1.622204
-1.619873
-1.617190
-1.628289
-1.628092
-1.612745
-1.623027
-1.620234
-1.619594
-1.623369
-1.625956
-1.627433
-1.622729
-1.628898
-1.617285
-1.622782
-1.621050
-1.617010
-1.624818
-1.615347
-1.621447
-1.623495
-1.615595
-1.620381
-1.621072
-1.620604
-1.617447
-1.628727
-1.630866
-1.610315
-1.621203
-1.620188
-1.618784
-1.623391
-1.625636
-1.627283
-1.622357
-1.628498
-1.618353
-1.622416
-1.624450
-1.616475
-1.616475
-1.620791
-1.620594
-1.619203
-1.617786
-1.626711
-1.630114
-1.624036
-1.627988
-1.619514
-1.623773
-1.623221
-1.627750
-1.619804
-1.623009
-1.620969
-1.626222
-1.616625
-1.623569
-1.622732
-1.617914
-1.625667
-1.615216
-1.621869
-1.624101
-1.616536
-1.620859
-1.620649
-1.625133
-1.615813
-1.621795
-1.618926
-1.616035
-1.627291
-1.629498
-1.613949
-1.624807
-1.621504
-1.622795
-1.625006
-1.627026
-1.627274
-1.629135
-1.619839
-1.622234
-1.620334
-1.628132
-1.632764
-1.628396
-1.633206
-1.626413
-1.628790
-1.630030
-1.625748
-1.628780
-1.625417
-1.630965
-1.618472
-1.623492
-1.625863
-1.616482
-1.621914
-1.620555
-1.621081
-1.627677
-1.619783
-1.626765
-1.624870
-1.622896
-1.622404
-1.628940
-1.615271
-1.624391
-1.621446
-1.624624
-1.615841
-1.622393
-1.621057
-1.622168
-1.626801
-1.614910
-1.622718
-1.621419
-1.626691
-1.616091
-1.624846
-1.622770
-1.622445
-1.627586
-1.616359
-1.623929
-1.625071
-1.617857
-1.621353
-1.620147
-1.629176
-1.631029
-1.627564
-1.632072
-1.617403
-1.625504
-1.627146
-1.625129
-1.629982
-1.621619
-1.625182
-1.623609
-1.628355
-1.617093
-1.623806
-1.627293
-1.616556
-1.622464
-1.625773
-1.617529
-1.623192
-1.623095
-1.622587
-1.623126
-1.621584
-1.618303
-1.629537
-1.639846
-1.622532
-1.621950
-1.625632
-1.623975
-1.628710
-1.632615
-1.633544
-1.631697
-1.629010
-1.626512
-1.625270
-1.622951
-1.622381
-1.628875
-1.636375
-1.628557
-1.633478
-1.634840
-1.629879
-1.634496
-1.626703
-1.630663
-1.629312
-1.628326
-1.626740
-1.625701
-1.623751
-1.622905
-1.626042
-1.618023
-1.623329
-1.620920
-1.620698
-1.629478
-1.635483
-1.629957
-1.634740
-1.622380
-1.628784
-1.628895
-1.627906
-1.630752
-1.623877
-1.627443
-1.622624
-1.629573
-1.618562
-1.625287
-1.627072
-1.620890
-1.624764
-1.623246
-1.630379
-1.618683
-1.626948
-1.624935
-1.626669
-1.620597
-1.626855
-1.620739
-1.626335
-1.619311
-1.625464
-1.618691
-1.623768
-1.620860
-1.628878
-1.616921
-1.625480
-1.623654
-1.627420
-1.619453
-1.624617
-1.624715
-1.628212
-1.618973
-1.623739
-1.623602
-1.623436
-1.619840
-1.628523
-1.618126
-1.626174
-1.623784
-1.627672
-1.618695
-1.625944
-1.624519
-1.625138
-1.629156
-1.617248
-1.625382
-1.621856
-1.621405
-1.630143
-1.631700
-1.628258
-1.632489
-1.620921
-1.627288
-1.628037
-1.628572
-1.633211
-1.620838
-1.626754
-1.627192
-1.620180
-1.623759
-1.622426
-1.631271
-1.633446
-1.631707
-1.635179
-1.621552
-1.630226
-1.630037
-1.628909
-1.632128
-1.624532
-1.627585
-1.626363
-1.631416
-1.617610
-1.626970
-1.625237
-1.628849
-1.620079
-1.626035
-1.626870
-1.624886
-1.621899
-1.632551
-1.632765
-1.613091
-1.622900
-1.626082
-1.622643
-1.628692
-1.632241
-1.633540
-1.632169
-1.630594
-1.627378
-1.627384
-1.630865
-1.617574
-1.625608
-1.622274
-1.628660
-1.621625
-1.628398
-1.627944
-1.627532
-1.625462
-1.632301
-1.617864
-1.626671
-1.624172
-1.626899
-1.619001
-1.623644
-1.624859
-1.630262
-1.617712
-1.626531
-1.624809
-1.630813
-1.618566
-1.627809
-1.627248
-1.626495
-1.626462
-1.624760
-1.622873
-1.633339
-1.640598
-1.624280
-1.623301
-1.628336
-1.627347
-1.632795
-1.637226
-1.638528
-1.636579
-1.633626
-1.631236
-1.628873
-1.627960
-1.628356
-1.621529
-1.627889
-1.619099
-1.623486
-1.622042
-1.621188
-1.629883
-1.632592
-1.633545
-1.631400
-1.624891
-1.631128
-1.622248
-1.627845
-1.627184
-1.625590
-1.624950
-1.630063
-1.619945
-1.627118
-1.627028
-1.620958
-1.628701
-1.619177
-1.626289
-1.624123
-1.623214
-1.632054
-1.636755
-1.633153
-1.637520
-1.629605
-1.633347
-1.634571
-1.630949
-1.633999
-1.629935
-1.635684
-1.623464
-1.629781
-1.628665
-1.625173
-1.632255
-1.619371
-1.628231
-1.626577
-1.626925
-1.625683
-1.623907
-1.634882
-1.637773
-1.621338
-1.631848
-1.623700
-1.628696
-1.630975
-1.633459
-1.632799
-1.635133
-1.625547
-1.628365
-1.627159
-1.632081
-1.620175
-1.627811
-1.626110
-1.629167
-1.621212
-1.625749
-1.625886
-1.631175
-1.621285
-1.628057
-1.625148
-1.624429
-1.631188
-1.623190
-1.630633
-1.629350
-1.627613
-1.627345
-1.633764
-1.618887
-1.629154
-1.626397
-1.631896
-1.619618
-1.628593
-1.628705
-1.628097
-1.627879
-1.629479
-1.623549
-1.631238
-1.619288
-1.626599
-1.624049
-1.622715
-1.632541
-1.634066
-1.630722
-1.634810
-1.624775
-1.630637
-1.632077
-1.633427
-1.632883
-1.632258
-1.628724
-1.629876
-1.632284
-1.618132
-1.630573
-1.621186
-1.625376
-1.623969
-1.631647
-1.619289
-1.628706
-1.627438
-1.629726
-1.622186
-1.626694
-1.625171
-1.633495
-1.635914
-1.634010
-1.637382
-1.621735
-1.632134
-1.632346
-1.633130
-1.631784
-1.630743
-1.636258
-1.621193
-1.630346
-1.627648
-1.631310
-1.622091
-1.628863
-1.628689
-1.629579
-1.627033
-1.623691
-1.634607
-1.639121
-1.616763
-1.622523
-1.628374
-1.628075
-1.633861
-1.638411
-1.640078
-1.638588
-1.635961
-1.633694
-1.631621
-1.631089
-1.628237
-1.624263
-1.634428
-1.640715
-1.623307
-1.629034
-1.632199
-1.628135
-1.634263
-1.637442
-1.637462
-1.634871
-1.631269
-1.631788
-1.624625
-1.628884
-1.623049
-1.630067
-1.622354
-1.627172
-1.626681
-1.625142
-1.632285
-1.623377
-1.630638
-1.626891
-1.632672
-1.623548
-1.628926
-1.628926
-1.630326
-1.625002
-1.630875
-1.624009
-1.628420
-1.626863
-1.633700
-1.621862
-1.630632
-1.627593
-1.633736
-1.623143
-1.629952
-1.631706
-1.626292
-1.631924
-1.624955
-1.629482
-1.626343
-1.633442
-1.620423
-1.629298
-1.626980
-1.633065
-1.622761
-1.629768
-1.631562
-1.625981
-1.631820
-1.624761
-1.629321
-1.626501
-1.633557
-1.620432
-1.629942
-1.626689
-1.633294
-1.622265
-1.629912
-1.630877
-1.626322
-1.633416
-1.622316
-1.629242
-1.628454
-1.625530
-1.632671
-1.619432
-1.628963
-1.626211
-1.632693
-1.621458
-1.629921
-1.628903
-1.628237
-1.633341
-1.622062
-1.629513
-1.628147
-1.625432
-1.632578
-1.619640
-1.629991
-1.626254
-1.632991
-1.621489
-1.629743
-1.629646
-1.627742
-1.634082
-1.620194
-1.629067
-1.627197
-1.632518
-1.621675
-1.628970
-1.629901
-1.625049
-1.632578
-1.621039
-1.628821
-1.627091
-1.626061
-1.633725
-1.628056
-1.633665
-1.630912
-1.628641
-1.634340
-1.622915
-1.631024
-1.630934
-1.625100
-1.632459
-1.620197
-1.628668
-1.626783
-1.627160
-1.632165
-1.619127
-1.629671
-1.624794
-1.632169
-1.620226
-1.628935
-1.628199
-1.628145
-1.632684
-1.622097
-1.629273
-1.626796
-1.623932
-1.634543
-1.637486
-1.625479
-1.634870
-1.626051
-1.631396
-1.633669
-1.635546
-1.635876
-1.633658
-1.629667
-1.637241
-1.638642
-1.634119
-1.638642
-1.624267
-1.633126
-1.633826
-1.634581
-1.633719
-1.631953
-1.637183
-1.621919
-1.631111
-1.626200
-1.632595
-1.621929
-1.629240
-1.630033
-1.626911
-1.634263
-1.622468
-1.630618
-1.629675
-1.629543
-1.628129
-1.628248
-1.631808
-1.622390
-1.626577
-1.626269
-1.630585
-1.619660
-1.626810
-1.626776
-1.634456
-1.639069
-1.636662
-1.640033
-1.623648
-1.633773
-1.634011
-1.633736
-1.632643
-1.636939
-1.625572
-1.632243
-1.629255
-1.629692
-1.635841
-1.629524
-1.635566
-1.632858
-1.631221
-1.635126
-1.627354
-1.632140
-1.632481
-1.635539
-1.620609
-1.630740
-1.626298
-1.633807
-1.621066
-1.630357
-1.630384
-1.631600
-1.630155
-1.626748
-1.637666
-1.638135
-1.616831
-1.625927
-1.630167
-1.630522
-1.636270
-1.640244
-1.641301
-1.639518
-1.636760
-1.634678
-1.632188
-1.631554
-1.632097
-1.624236
-1.631049
-1.621110
-1.625561
-1.624752
-1.630296
-1.623283
-1.629607
-1.627518
-1.625523
-1.634400
-1.639433
-1.633800
-1.638929
-1.624349
-1.633326
-1.634885
-1.635577
-1.637698
-1.631011
-1.637022
-1.627744
-1.631312
-1.630439
-1.635681
-1.622600
-1.632867
-1.627031
-1.633991
-1.623634
-1.630726
-1.630621
-1.629843
-1.635927
-1.622548
-1.632564
-1.627433
-1.634432
-1.623664
-1.631342
-1.632268
-1.629697
-1.636469
-1.622315
-1.631556
-1.628993
-1.635244
-1.622975
-1.631371
-1.631424
-1.630929
-1.630942
-1.630244
-1.625665
-1.636936
-1.639606
-1.617383
-1.626970
-1.631330
-1.630430
-1.636520
-1.640098
-1.641007
-1.639311
-1.635891
-1.633244
-1.636892
-1.624157
-1.630796
-1.629768
-1.628182
-1.627105
-1.632918
-1.624479
-1.634309
-1.624888
-1.628940
-1.626094
-1.633660
-1.623406
-1.630624
-1.629088
-1.627547
-1.633740
-1.621671
-1.631644
-1.628142
-1.635289
-1.623436
-1.631562
-1.631976
-1.631432
-1.629926
-1.636792
-1.624731
-1.633734
-1.628827
-1.635165
-1.623700
-1.631616
-1.632139
-1.630079
-1.636472
-1.622646
-1.631916
-1.629131
-1.635602
-1.623384
-1.631764
-1.631834
-1.632146
-1.630870
-1.630872
-1.634882
-1.624679
-1.629927
-1.629565
-1.628923
-1.623636
-1.635101
-1.637979
-1.633478
-1.638843
-1.625788
-1.633690
-1.635951
-1.635198
-1.640151
-1.627778
-1.633922
-1.631763
-1.631027
-1.636830
-1.623324
-1.634431
-1.628310
-1.634973
-1.624987
-1.631855
-1.631677
-1.631222
-1.635676
-1.624121
-1.630853
-1.628672
-1.628738
-1.633585
-1.621650
-1.633848
-1.625084
-1.629779
-1.628047
-1.635432
-1.623689
-1.632037
-1.631803
-1.630187
-1.626763
-1.636890
-1.637236
-1.633534
-1.638328
-1.627874
-1.634033
-1.636020
-1.637757
-1.635950
-1.634983
-1.639455
-1.626437
-1.634261
-1.631221
-1.636650
-1.624152
-1.633087
-1.632863
-1.632079
-1.636766
-1.625143
-1.632521
-1.630441
-1.630310
-1.635176
-1.623079
-1.634718
-1.626502
-1.631039
-1.628688
-1.636714
-1.624459
-1.633109
-1.632762
-1.631414
-1.628026
-1.637791
-1.638840
-1.637355
-1.641832
-1.628181
-1.636954
-1.637764
-1.638541
-1.637505
-1.636457
-1.639573
-1.628579
-1.633100
-1.632281
-1.633522
-1.626114
-1.634238
-1.625014
-1.629992
-1.629591
-1.634854
-1.622153
-1.632001
-1.628108
-1.635515
-1.621682
-1.631167
-1.629616
-1.636537
-1.624112
-1.632615
-1.633059
-1.633164
-1.633322
-1.631737
-1.632106
-1.638895
-1.643108
-1.637465
-1.643111
-1.639350
-1.636942
-1.641484
-1.639266
-1.641602
-1.638602
-1.643079
-1.633395
-1.636981
-1.635257
-1.637437
-1.629310
-1.633721
-1.631679
-1.639628
-1.635329
-1.638923
-1.638813
-1.632899
-1.639608
-1.631615
-1.636323
-1.634868
-1.637952
-1.627348
-1.632568
-1.632824
-1.635311
-1.627782
-1.634419
-1.627708
-1.635763
-1.625296
-1.631537
-1.632234
-1.631985
-1.627115
-1.638715
-1.640211
-1.629542
-1.638004
-1.630148
-1.636007
-1.638828
-1.640615
-1.639984
-1.641642
-1.632003
-1.635614
-1.632419
-1.639140
-1.625141
-1.635401
-1.631492
-1.637969
-1.626741
-1.634322
-1.634949
-1.632773
-1.632773
-1.638852
-1.623916
-1.634294
-1.628863
-1.636031
-1.626021
-1.633105
-1.633442
-1.633022
-1.638620
-1.624600
-1.635323
-1.628672
-1.635349
-1.626785
-1.631972
-1.631443
-1.636967
-1.626160
-1.632516
-1.631266
-1.630643
-1.635652
-1.623989
-1.630979
-1.630461
-1.636182
-1.626095
-1.636218
-1.630179
-1.636370
-1.629349
-1.635129
-1.631343
-1.638852
-1.624070
-1.632895
-1.630443
-1.637090
-1.624038
-1.632788
-1.632261
-1.636982
-1.627136
-1.632714
-1.633311
-1.632898
-1.627190
-1.638511
-1.639688
-1.630122
-1.637947
-1.630859
-1.636388
-1.638329
-1.641002
-1.637443
-1.642793
-1.625840
-1.635062
-1.630097
-1.637030
-1.626044
-1.633175
-1.633378
-1.631484
-1.637717
-1.624914
-1.635259
-1.628457
-1.634884
-1.626700
-1.631698
-1.630542
-1.637171
-1.624140
-1.633517
-1.628691
-1.636512
-1.625081
-1.632851
-1.633133
-1.633197
-1.633382
-1.628485
-1.639011
-1.640358
-1.637470
-1.642701
-1.628596
-1.637804
-1.638780
-1.639353
-1.637790
-1.640285
-1.632186
-1.637936
-1.629703
-1.635417
-1.627846
-1.635030
-1.627462
-1.632720
-1.629821
-1.638275
-1.626963
-1.636431
-1.631567
-1.638332
-1.627209
-1.634293
-1.634750
-1.633256
-1.639237
-1.624758
-1.636062
-1.629567
-1.635792
-1.628750
-1.634735
-1.630779
-1.638813
-1.624634
-1.633409
-1.629987
-1.637145
-1.624916
-1.632928
-1.633335
-1.634021
-1.629540
-1.638549
-1.625953
-1.636103
-1.630560
-1.637424
-1.627190
-1.634158
-1.634744
-1.633312
-1.638853
-1.624879
-1.634776
-1.628738
-1.636371
-1.625785
-1.632618
-1.632990
-1.631843
-1.637532
-1.625210
-1.632566
-1.631021
-1.637243
-1.625798
-1.636182
-1.629876
-1.635985
-1.629081
-1.635879
-1.629765
-1.637544
-1.628049
-1.632746
-1.631131
-1.636904
-1.624684
-1.632015
-1.631091
-1.636731
-1.624386
-1.632228
-1.631185
-1.637854
-1.625641
-1.636134
-1.629730
-1.636102
-1.628819
-1.634923
-1.630641
-1.638813
-1.624141
-1.633669
-1.629574
-1.637237
-1.624673
-1.633003
-1.632781
-1.635941
-1.627997
-1.635433
-1.627598
-1.633283
-1.627845
-1.636408
-1.624072
-1.635062
-1.628336
-1.634260
-1.628136
-1.636747
-1.627922
-1.633491
-1.632714
-1.634426
-1.627364
-1.636209
-1.622204
-1.633452
-1.626049
-1.632365
-1.626115
-1.635136
-1.626408
-1.632051
-1.631204
-1.633425
-1.625942
-1.634932
-1.622184
-1.630895
-1.626536
-1.635414
-1.624805
-1.635158
-1.629778
-1.637227
-1.627476
-1.633319
-1.633956
-1.633611
-1.628136
-1.639279
-1.639460
-1.624939
-1.637105
-1.628497
-1.633953
-1.637753
-1.639684
-1.640035
-1.635711
-1.641584
-1.629090
-1.637066
-1.629981
-1.635729
-1.628664
-1.634793
-1.630614
-1.638833
-1.625558
-1.633954
-1.629048
-1.636552
-1.625195
-1.632098
-1.632691
-1.632423
-1.630618
-1.636131
-1.626380
-1.631812
-1.630415
-1.635413
-1.624047
-1.631119
-1.628421
-1.637791
-1.637485
-1.638442
-1.640063
-1.632583
-1.640175
-1.631718
-1.636903
-1.635037
-1.639694
-1.626747
-1.633559
-1.633370
-1.636207
-1.627791
-1.636076
-1.627374
-1.632806
-1.628515
-1.638835
-1.639086
-1.638239
-1.643460
-1.626959
-1.636847
-1.637710
-1.639788
-1.634727
-1.642247
-1.626003
-1.636278
-1.631020
-1.638390
-1.626568
-1.634042
-1.634936
-1.634922
-1.634693
-1.628493
-1.640261
-1.640440
-1.624465
-1.637321
-1.629024
-1.634426
-1.638623
-1.640696
-1.641402
-1.637127
-1.642325
-1.626516
-1.635189
-1.629814
-1.637206
-1.626914
-1.633168
-1.633954
-1.633084
-1.634957
-1.628483
-1.637382
-1.626009
-1.635903
-1.626703
-1.631464
-1.629817
-1.636415
-1.629235
-1.634528
-1.631913
-1.639025
-1.627685
-1.637639
-1.630227
-1.635232
-1.630536
-1.638974
-1.628110
-1.634871
-1.634759
-1.633796
-1.634506
-1.628597
-1.639799
-1.640097
-1.636887
-1.643269
-1.628157
-1.638086
-1.639271
-1.641415
-1.636494
-1.643023
-1.629841
-1.636079
-1.635526
-1.634638
-1.635298
-1.630231
-1.641035
-1.639660
-1.638913
-1.642991
-1.630307
-1.636946
-1.639129
-1.637229
-1.642111
-1.630447
-1.635638
-1.635453
-1.635086
-1.635141
-1.634671
-1.630507
-1.641042
-1.642918
-1.630209
-1.640103
-1.631527
-1.637313
-1.640623
-1.642327
-1.641908
-1.638698
-1.641743
-1.630601
-1.634995
-1.633167
-1.638649
-1.627513
-1.633987
-1.634619
-1.634399
-1.631280
-1.639821
-1.631640
-1.639273
-1.631749
-1.637127
-1.630947
-1.638360
-1.632986
-1.640264
-1.631998
-1.636981
-1.633025
-1.640792
-1.625508
-1.636603
-1.631120
-1.638306
-1.629290
-1.634994
-1.635933
-1.636285
-1.632903
-1.640415
-1.628900
-1.638784
-1.630173
-1.634831
-1.633268
-1.639269
-1.632544
-1.638227
-1.632814
-1.640427
-1.625025
-1.635713
-1.630274
-1.637422
-1.629449
-1.634944
-1.633631
-1.639487
-1.629291
-1.634547
-1.634630
-1.634486
-1.630071
-1.640193
-1.638644
-1.638870
-1.641670
-1.632129
-1.637659
-1.636927
-1.643018
-1.630895
-1.636430
-1.635829
-1.635304
-1.635033
-1.630714
-1.641447
-1.641157
-1.635818
-1.642722
-1.629674
-1.637297
-1.640938
-1.640414
-1.643438
-1.634562
-1.640494
-1.631771
-1.636913
-1.631130
-1.639363
-1.626879
-1.634564
-1.633797
-1.637532
-1.629905
-1.637169
-1.629810
-1.636627
-1.628482
-1.634913
-1.627888
-1.636204
-1.627877
-1.633342
-1.631710
-1.638087
-1.627700
-1.633922
-1.634578
-1.634203
-1.634203
-1.631375
-1.639514
-1.630680
-1.639536
-1.630677
-1.635282
-1.632881
-1.640143
-1.631549
-1.637010
-1.636239
-1.636946
-1.630348
-1.639798
-1.625816
-1.637720
-1.630046
-1.634855
-1.632232
-1.639789
-1.631371
-1.636772
-1.635828
-1.636802
-1.629732
-1.638952
-1.624578
-1.636927
-1.628315
-1.633387
-1.632870
-1.637242
-1.631477
-1.640358
-1.626610
-1.634035
-1.630362
-1.637376
-1.626239
-1.633425
-1.634401
-1.634872
-1.630885
-1.639750
-1.629676
-1.639057
-1.630732
-1.635210
-1.631658
-1.639519
-1.630377
-1.636090
-1.635978
-1.635211
-1.634703
-1.634389
-1.630130
-1.640194
-1.641107
-1.633005
-1.640660
-1.630744
-1.637016
-1.640584
-1.640743
-1.642839
-1.633917
-1.641169
-1.626879
-1.633808
-1.632481
-1.636905
-1.629167
-1.635636
-1.630572
-1.639546
-1.626151
-1.636798
-1.629882
-1.635443
-1.629798
-1.638265
-1.629046
-1.634678
-1.635010
-1.634870
-1.634625
-1.635262
-1.629128
-1.640610
-1.640807
-1.628015
-1.639040
-1.631298
-1.636865
-1.640698
-1.642377
-1.642437
-1.638037
-1.642161
-1.629149
-1.634477
-1.634573
-1.634249
-1.632846
-1.636513
-1.628675
-1.637143
-1.625932
-1.631576
-1.629188
-1.635563
-1.626432
-1.632122
-1.632963
-1.633198
-1.630176
-1.638643
-1.628947
-1.639629
-1.628293
-1.634527
-1.634443
-1.637833
-1.633351
-1.642140
-1.626768
-1.636825
-1.629846
-1.636639
-1.628920
-1.634632
-1.632356
-1.639506
-1.627817
-1.634038
-1.634046
-1.635130
-1.629906
-1.639719
-1.629644
-1.638897
-1.631159
-1.635959
-1.632138
-1.640288
-1.631623
-1.636968
-1.636547
-1.635837
-1.632417
-1.639331
-1.625123
-1.636457
-1.628411
-1.633661
-1.629229
-1.638267
-1.627527
-1.634472
-1.634055
-1.635013
-1.628941
-1.638673
-1.626855
-1.637625
-1.629458
-1.634189
-1.632079
-1.638579
-1.631557
-1.637462
-1.631250
-1.639314
-1.624734
-1.634610
-1.629165
-1.636699
-1.628374
-1.633869
-1.633985
-1.636450
-1.629591
-1.638924
-1.625743
-1.636581
-1.628639
-1.633557
-1.630755
-1.637976
-1.630043
-1.635297
-1.632454
-1.638076
-1.627027
-1.632664
-1.633084
-1.633818
-1.628660
-1.639062
-1.631687
-1.638009
-1.633058
-1.639588
-1.629353
-1.635875
-1.637520
-1.635347
-1.638868
-1.629388
-1.635943
-1.628692
-1.637449
-1.624753
-1.632664
-1.630080
-1.637523
-1.626793
-1.633335
-1.634102
-1.634497
-1.630140
-1.638681
-1.627401
-1.637945
-1.627860
-1.633250
-1.633448
-1.636530
-1.632573
-1.641411
-1.626333
-1.637083
-1.629024
-1.634164
-1.629438
-1.638031
-1.628835
-1.634512
-1.634831
-1.634338
-1.634051
-1.633879
-1.634412
-1.627023
-1.638665
-1.639184
-1.624966
-1.637507
-1.629773
-1.635217
-1.639836
-1.640821
-1.642513
-1.635706
-1.642006
-1.626733
-1.633987
-1.631469
-1.636769
-1.628735
-1.634062
-1.631530
-1.638027
-1.627448
-1.632290
-1.632465
-1.632294
-1.630107
-1.634156
-1.626082
-1.634172
-1.625322
-1.630958
-1.627413
-1.636589
-1.625803
-1.636253
-1.629501
-1.635534
-1.629142
-1.637624
-1.629201
-1.634601
-1.633690
-1.636005
-1.628504
-1.638090
-1.623945
-1.634838
-1.627978
-1.634243
-1.627826
-1.635977
-1.628829
-1.634687
-1.628992
-1.637364
-1.624299
-1.632770
-1.629118
-1.636703
-1.626847
-1.632714
-1.634249
-1.633748
-1.634767
-1.629084
-1.639223
-1.631661
-1.637331
-1.631712
-1.638214
-1.629650
-1.635784
-1.636946
-1.637112
-1.632866
-1.638747
-1.625760
-1.632452
-1.629743
-1.636167
-1.625467
-1.632017
-1.632316
-1.634968
-1.627408
-1.637497
-1.624356
-1.635456
-1.627291
-1.632245
-1.629688
-1.636640
-1.629204
-1.635195
-1.630356
-1.638484
-1.624183
-1.634367
-1.628535
-1.635861
-1.627845
-1.633546
-1.630802
-1.637709
-1.626930
-1.632209
-1.632346
-1.632836
-1.628618
-1.636988
-1.624871
-1.635815
-1.626607
-1.631812
-1.630547
-1.635659
-1.628676
-1.637393
-1.626891
-1.632077
-1.630480
-1.634020
-1.626299
-1.635755
-1.624913
-1.631496
-1.628974
-1.634837
-1.625938
-1.631631
-1.629386
-1.635826
-1.624592
-1.630556
-1.628964
-1.634343
-1.625400
-1.631491
-1.627376
-1.636882
-1.627422
-1.636684
-1.629189
-1.634388
-1.630886
-1.638192
-1.629477
-1.634846
-1.632038
-1.637008
-1.626578
-1.632149
-1.629547
-1.636416
-1.624000
-1.631507
-1.628267
-1.635991
-1.623427
-1.631713
-1.628234
-1.636029
-1.624146
-1.631215
-1.630444
-1.634791
-1.626416
-1.634734
-1.626429
-1.632708
-1.626723
-1.636103
-1.623237
-1.633647
-1.627312
-1.634338
-1.626661
-1.633451
-1.627570
-1.636480
-1.624208
-1.630932
-1.629142
-1.633813
-1.625703
-1.633410
-1.625830
-1.633938
-1.624904
-1.630632
-1.626049
-1.634963
-1.622629
-1.631874
-1.626019
-1.634325
-1.624366
-1.630331
-1.631739
-1.632265
-1.630659
-1.633507
-1.625085
-1.636252
-1.628306
-1.635189
-1.628681
-1.635120
-1.628410
-1.636097
-1.629636
-1.637593
-1.626580
-1.631506
-1.630268
-1.633312
-1.625642
-1.635850
-1.622095
-1.632902
-1.625925
-1.632789
-1.625838
-1.633770
-1.626630
-1.634012
-1.625550
-1.632502
-1.624562
-1.632422
-1.624684
-1.631546
-1.624958
-1.634467
-1.622740
-1.630406
-1.627312
-1.634095
-1.624735
-1.630157
-1.629936
-1.632470
-1.624583
-1.635346
-1.625585
-1.634929
-1.626875
-1.631856
-1.629174
-1.635818
-1.628117
-1.634865
-1.626857
-1.635309
-1.622741
-1.629690
-1.629690
