0.445449
0.445668
0.445879
0.446094
0.446300
0.446492
0.446669
0.446834
0.446990
0.447143
0.447296
0.447450
0.447606
0.447763
0.447919
0.448074
0.448226
0.448375
0.448520
0.448659
0.448793
0.448920
0.449041
0.449155
0.449261
0.449361
0.449454
0.449539
0.449617
0.449688
0.449752
0.449810
0.449862
0.449909
0.449951
0.449988
0.450020
0.450048
0.450071
0.450090
0.450106
0.450118
0.450125
0.450129
0.450130
0.450126
0.450118
0.450105
0.450086
0.450063
0.450035
0.450003
0.449970
0.449940
0.449921
0.449921
0.449949
0.450005
0.450073
0.450130
0.450164
0.450179
0.450183
0.450181
0.450177
0.450171
0.450165
0.450159
0.450151
0.450142
0.450132
0.450120
0.450106
0.450091
0.450074
0.450057
0.450038
0.450020
0.450001
0.449982
0.449963
0.449943
0.449922
0.449900
0.449876
0.449852
0.449825
0.449798
0.449768
0.449738
0.449705
0.449671
0.449635
0.449599
0.449560
0.449521
0.449481
0.449440
0.449398
0.449356
0.449313
0.449271
0.449229
0.449189
0.449149
0.449112
0.449076
0.449042
0.449010
0.448978
0.448945
0.448911
0.448875
0.448837
0.448798
0.448759
0.448721
0.448685
0.448651
0.448617
0.448584
0.448551
0.448518
0.448485
0.448452
0.448419
0.448386
0.448353
0.448320
0.448288
0.448256
0.448225
0.448195
0.448167
0.448142
0.448120
0.448100
0.448083
0.448069
0.448056
0.448044
0.448031
0.448017
0.448001
0.447984
0.447965
0.447945
0.447924
0.447902
0.447879
0.447853
0.447826
0.447797
0.447766
0.447734
0.447700
0.447667
0.447633
0.447600
0.447567
0.447535
0.447503
0.447472
0.447442
0.447413
0.447385
0.447357
0.447329
0.447302
0.447275
0.447248
0.447221
0.447195
0.447171
0.447159
0.447157
0.447155
0.447155
0.447160
0.447172
0.447195
0.447228
0.447270
0.447311
0.447335
0.447325
0.447314
0.447321
0.447312
0.447302
0.447295
0.447294
0.447290
0.447288
0.447289
0.447297
0.447308
0.447323
0.447338
0.447352
0.447362
0.447369
0.447374
0.447382
0.447391
0.447402
0.447415
0.447428
0.447442
0.447457
0.447472
0.447488
0.447504
0.447521
0.447538
0.447555
0.447573
0.447591
0.447609
0.447627
0.447646
0.447664
0.447684
0.447703
0.447723
0.447742
0.447763
0.447783
0.447804
0.447825
0.447846
0.447868
0.447890
0.447913
0.447936
0.447959
0.447984
0.448008
0.448034
0.448060
0.448088
0.448116
0.448145
0.448176
0.448208
0.448241
0.448275
0.448311
0.448348
0.448386
0.448426
0.448468
0.448511
0.448556
0.448602
0.448650
0.448700
0.448752
0.448805
0.448860
0.448918
0.448977
0.449039
0.449103
0.449169
0.449237
0.449308
0.449381
0.449457
0.449535
0.449617
0.449701
0.449789
0.449879
0.449973
0.450070
0.450170
0.450274
0.450382
0.450494
0.450610
0.450730
0.450854
0.450983
0.451117
0.451257
0.451402
0.451554
0.451712
0.451878
0.452051
0.452233
0.452422
0.452620
0.452826
0.453041
0.453265
0.453498
0.453740
0.453991
0.454252
0.454523
0.454804
0.455095
0.455397
0.455707
0.456027
0.456354
0.456688
0.457027
0.457369
0.457714
0.458065
0.458425
0.458802
0.459201
0.459630
0.460090
0.460585
0.461114
0.461676
0.462269
0.462889
0.463534
0.464200
0.464886
0.465587
0.466302
0.467029
0.467766
0.468513
0.469267
0.470029
0.470798
0.471575
0.472358
0.473148
0.473947
0.474753
0.475567
0.476391
0.477224
0.478067
0.478921
0.479786
0.480663
0.481552
0.482454
0.483369
0.484298
0.485241
0.486200
0.487174
0.488163
0.489169
0.490192
0.491233
0.492291
0.493369
0.494465
0.495581
0.496717
0.497875
0.499053
0.500254
0.501478
0.502726
0.503998
0.505294
0.506617
0.507966
0.509342
0.510746
0.512179
0.513641
0.515135
0.516660
0.518217
0.519808
0.521433
0.523094
0.524792
0.526527
0.528301
0.530115
0.531970
0.533868
0.535810
0.537798
0.539832
0.541914
0.544046
0.546230
0.548467
0.550758
0.553105
0.555511
0.557977
0.560505
0.563096
0.565753
0.568477
0.571271
0.574136
0.577074
0.580087
0.583176
0.586343
0.589590
0.592917
0.596325
0.599816
0.603389
0.607044
0.610780
0.614598
0.618494
0.622466
0.626512
0.630628
0.634809
0.639049
0.643344
0.647685
0.652065
0.656477
0.660912
0.665361
0.669815
0.674265
0.678702
0.683117
0.687504
0.691853
0.696159
0.700415
0.704616
0.708759
0.712839
0.716853
0.720800
0.724678
0.728487
0.732227
0.735896
0.739497
0.743030
0.746495
0.749895
0.753230
0.756503
0.759714
0.762865
0.765958
0.768994
0.771975
0.774902
0.777778
0.780602
0.783378
0.786105
0.788785
0.791421
0.794012
0.796559
0.799065
0.801530
0.803955
0.806342
0.808690
0.811002
0.813277
0.815517
0.817723
0.819895
0.822035
0.824143
0.826219
0.828265
0.830281
0.832269
0.834227
0.836158
0.838062
0.839939
0.841791
0.843617
0.845418
0.847196
0.848949
0.850680
0.852388
0.854074
0.855739
0.857382
0.859005
0.860608
0.862192
0.863756
0.865302
0.865302
0.866829
0.868339
0.869831
0.871306
0.872765
0.874208
0.875635
0.877046
0.878442
0.879824
0.881192
0.882545
0.883885
0.885212
0.886526
0.887827
0.889116
0.890393
0.891659
0.892913
0.894156
0.895388
0.896610
0.897822
0.899024
0.900216
0.901398
0.902572
0.903737
0.904893
0.906040
0.907180
0.908311
0.909435
0.910552
0.911661
0.912763
0.913858
0.914946
0.916028
0.917104
0.918174
0.919237
0.920295
0.921348
0.922395
0.923437
0.924474
0.925506
0.926533
0.927555
0.928574
0.929587
0.930597
0.931603
0.932605
0.933603
0.934597
0.935588
0.936576
0.937560
0.938542
0.939520
0.940495
0.941468
0.942438
0.943405
0.944370
0.945332
0.946292
0.947250
0.948206
0.949160
0.950112
0.951062
0.952011
0.952957
0.953902
0.954846
0.955788
0.956729
0.957668
0.958607
0.959544
0.960480
0.961415
0.962349
0.963282
0.964214
0.965146
0.966076
0.967006
0.967936
0.968865
0.969793
0.970721
0.971648
0.972575
0.973502
0.974428
0.975354
0.976280
0.977205
0.978131
0.979056
0.979981
0.980906
0.981831
0.982756
0.983681
0.984606
0.985531
0.986456
0.987381
0.988307
0.989232
0.990158
0.991084
0.992009
0.992936
0.993862
0.994789
0.995715
0.996643
0.997570
0.998497
0.999425
1.000353
1.001282
1.002210
1.003139
1.004069
1.004998
1.005928
1.006858
1.007789
1.008719
1.009650
1.010582
1.011513
1.012445
1.013377
1.014310
1.015243
1.016176
1.017109
1.018043
1.018976
1.019910
1.020845
1.021779
1.022714
1.023649
1.024584
1.025519
1.026455
1.027391
1.028327
1.029263
1.030199
1.031136
1.032072
1.033009
1.033946
1.034882
1.035819
1.036757
1.037694
1.038631
1.039568
1.040506
1.041443
1.042380
1.043318
1.044255
1.045193
1.046130
1.047067
1.048005
1.048942
1.049879
1.050817
1.051754
1.052691
1.053628
1.054565
1.055502
1.056438
1.057375
1.058311
1.059248
1.060184
1.061120
1.062056
1.062992
1.063928
1.064863
1.065798
1.066734
1.067669
1.068603
1.069538
1.070473
1.071407
1.072341
1.073275
1.074209
1.075143
1.076076
1.077010
1.077943
1.078876
1.079809
1.080741
1.081674
1.082606
1.083539
1.084471
1.085403
1.086335
1.087266
1.088198
1.089130
1.090061
1.090993
1.091924
1.092855
1.093786
1.094718
1.095649
1.096580
1.097511
1.098442
1.099373
1.100304
1.101235
1.102166
1.103097
1.104028
1.104959
1.105890
1.106821
1.107753
1.108684
1.109615
1.110546
1.111478
1.112409
1.113341
1.114272
1.115204
1.116136
1.117068
1.117999
1.118931
1.119863
1.120795
1.121727
1.122659
1.123591
1.124523
1.125455
1.126387
1.127320
1.128252
1.129184
1.130116
1.131048
1.131981
1.132913
1.133845
1.134777
1.135709
1.136641
1.137572
1.138504
1.139435
1.140366
1.141297
1.142227
1.143157
1.144087
1.145016
1.145944
1.146872
1.147800
1.148726
1.149652
1.150577
1.151501
1.152424
1.153346
1.154267
1.155187
1.156105
1.157022
1.157937
1.158850
1.159762
1.160672
1.161580
1.162486
1.163390
1.164291
1.165190
1.166086
1.166979
1.167870
1.168757
1.169642
1.170523
1.171401
1.172275
1.173146
1.174014
1.174878
1.175738
1.176595
1.177448
1.178298
1.179144
1.179986
1.180825
1.181660
1.182492
1.183321
1.184146
1.184969
1.185789
1.186605
1.187420
1.188231
1.189041
1.189848
1.190653
1.191457
1.192259
1.193059
1.193859
1.194657
1.195454
1.196251
1.197048
1.197844
1.198641
1.199438
1.200236
1.201035
1.201835
1.202638
1.203443
1.204250
1.205062
1.205877
1.206698
1.207525
1.208358
1.209200
1.210052
1.210915
1.211793
1.212687
1.213601
1.214541
1.215512
1.216523
1.217588
1.218725
1.219966
1.221358
1.222968
1.224805
1.226723
1.228667
1.230577
1.231914
1.233948
1.231106
1.232124
1.232896
1.233572
1.234504
1.235404
1.236213
1.236937
1.237605
1.238269
1.238975
1.239765
1.240680
1.241793
1.243287
1.245430
1.247598
1.244416
1.245655
1.246692
1.248532
1.250974
1.245752
1.248648
1.249327
1.250333
1.252821
1.255269
1.248274
1.252391
1.253191
1.254686
1.257457
1.250774
1.254950
1.256024
1.258025
1.258703
1.261160
1.253699
1.257873
1.259595
1.261541
1.254752
1.259296
1.261491
1.263235
1.256689
1.260748
1.262960
1.264667
1.258045
1.261979
1.264458
1.266212
1.259645
1.263254
1.266040
1.267276
1.260928
1.264451
1.267461
1.267162
1.270903
1.263849
1.267588
1.270099
1.263111
1.267491
1.270295
1.264430
1.268416
1.270881
1.266647
1.269342
1.272166
1.266867
1.269972
1.272695
1.267794
1.270925
1.273701
1.268437
1.271680
1.274606
1.269208
1.272769
1.275573
1.270113
1.273622
1.276695
1.271038
1.274926
1.277776
1.272202
1.275881
1.279143
1.273384
1.277596
1.280230
1.274743
1.278373
1.281915
1.276058
1.280787
1.283237
1.278175
1.281440
1.286160
1.280599
1.285789
1.280734
1.284619
1.284562
1.287434
1.283093
1.285448
1.289151
1.283393
1.288267
1.287882
1.291539
1.291539
1.286531
1.290347
1.287053
1.289161
1.293753
1.288451
1.293114
1.288928
1.292531
1.289604
1.291817
1.296720
1.291670
1.295352
1.293026
1.295952
1.292347
1.294891
1.298422
1.293963
1.298718
1.294163
1.298086
1.295020
1.297684
1.299913
1.298194
1.302310
1.297964
1.301942
1.298211
1.301361
1.298997
1.301847
1.301675
1.304719
1.301484
1.304717
1.301449
1.304582
1.301829
1.304940
1.302546
1.305562
1.303347
1.306307
1.303969
1.306922
1.304747
1.307713
1.305409
1.308442
1.306171
1.309228
1.306936
1.310038
1.307721
1.310851
1.308533
1.311688
1.309351
1.312530
1.310184
1.313384
1.311026
1.314249
1.311881
1.315125
1.312747
1.316012
1.313623
1.316903
1.314498
1.317777
1.315353
1.318616
1.316171
1.319406
1.316945
1.320152
1.317683
1.320862
1.318393
1.321544
1.319080
1.322204
1.319746
1.322844
1.320393
1.323471
1.321025
1.324091
1.321645
1.324710
1.322254
1.325339
1.322857
1.325981
1.323450
1.326631
1.324026
1.327267
1.324571
1.327856
1.325074
1.328368
1.325529
1.328794
1.325937
1.329159
1.326310
1.329492
1.326664
1.329805
1.327003
1.330099
1.327330
1.330378
1.327646
1.330649
1.327958
1.330920
1.328272
1.331189
1.328594
1.331439
1.328923
1.331636
1.329248
1.331764
1.329560
1.331845
1.329853
1.331918
1.330137
1.332005
1.330419
1.332106
1.330702
1.332217
1.330987
1.332339
1.331279
1.332470
1.331579
1.332612
1.331890
1.332765
1.332216
1.332933
1.332556
1.333121
1.332909
1.333335
1.333270
1.333583
1.333633
1.333871
1.333994
1.334193
1.334355
1.334541
1.334721
1.334909
1.335099
1.335292
1.335489
1.335689
1.335893
1.336099
1.336309
1.336521
1.336737
1.336954
1.337175
1.337398
1.337623
1.337850
1.338078
1.338309
1.338540
1.338773
1.339007
1.339242
1.339477
1.339712
1.339948
1.340183
1.340417
1.340651
1.340883
1.341115
1.341345
1.341573
1.341799
1.342022
1.342244
1.342463
1.342679
1.342892
1.343103
1.343311
1.343516
1.343717
1.343916
1.344112
1.344305
1.344495
1.344682
1.344866
1.345046
1.345224
1.345398
1.345569
1.345737
1.345902
1.346063
1.346221
1.346375
1.346526
1.346673
1.346817
1.346957
1.347094
1.347227
1.347356
1.347482
1.347604
1.347723
1.347838
1.347950
1.348058
1.348163
1.348264
1.348363
1.348458
1.348550
1.348639
1.348726
1.348810
1.348891
1.348970
1.349047
1.349121
1.349194
1.349265
1.349335
1.349403
1.349470
1.349535
1.349600
1.349664
1.349728
1.349791
1.349853
1.349915
1.349976
1.350037
1.350098
1.350159
1.350219
1.350279
1.350338
1.350398
1.350457
1.350516
1.350575
1.350633
1.350691
1.350750
1.350808
1.350866
1.350924
1.350983
1.351041
1.351101
1.351161
1.351221
1.351283
1.351346
1.351410
1.351476
1.351543
1.351612
1.351682
1.351755
1.351829
1.351906
1.351984
1.352064
1.352146
1.352229
1.352314
1.352400
1.352486
1.352574
1.352662
1.352750
1.352838
1.352926
1.353013
1.353100
1.353185
1.353269
1.353352
1.353432
1.353512
1.353589
1.353664
1.353737
1.353808
1.353877
1.353944
1.354009
1.354073
1.354135
1.354196
1.354257
1.354319
1.354382
1.354447
1.354514
1.354581
1.354648
1.354715
1.354780
1.354844
1.354907
1.354967
1.355025
1.355080
1.355131
1.355178
1.355222
1.355262
1.355298
1.355331
1.355360
1.355388
1.355414
1.355438
1.355461
1.355483
1.355504
1.355525
1.355546
1.355566
1.355587
1.355607
1.355628
1.355649
1.355670
1.355692
1.355715
1.355738
1.355763
1.355789
1.355816
1.355846
1.355877
1.355911
1.355947
1.355985
1.356026
1.356069
1.356113
1.356157
1.356200
1.356240
1.356275
1.356303
1.356325
1.356340
1.356348
1.356351
1.356349
1.356344
1.356337
1.356330
1.356324
1.356320
1.356319
1.356321
1.356328
1.356338
1.356352
1.356368
1.356385
1.356399
1.356406
1.356404
1.356393
1.356375
1.356352
1.356330
1.356309
1.356293
1.356282
1.356277
1.356277
1.356283
1.356293
1.356308
1.356327
1.356349
1.356374
1.356402
1.356432
1.356464
1.356498
1.356533
1.356570
1.356609
1.356648
1.356688
1.356729
1.356772
1.356814
1.356858
1.356903
1.356948
1.356993
1.357040
1.357087
1.357134
1.357182
1.357231
1.357281
1.357331
1.357381
1.357432
1.357484
1.357537
1.357590
1.357643
1.357698
1.357753
1.357808
1.357865
1.357921
1.357979
1.358037
1.358096
1.358155
1.358215
1.358276
1.358337
1.358399
1.358461
1.358524
1.358588
1.358652
1.358716
1.358781
1.358846
1.358912
1.358978
1.359045
1.359112
1.359179
1.359246
1.359313
1.359381
1.359449
1.359516
1.359584
1.359651
1.359719
1.359786
1.359853
1.359920
1.359986
1.360051
1.360116
1.360181
1.360245
1.360307
1.360369
1.360430
1.360489
1.360547
1.360603
1.360658
1.360710
1.360761
1.360809
1.360856
1.360900
1.360943
1.360984
1.361024
1.361064
1.361103
1.361142
1.361181
1.361220
1.361258
1.361297
1.361335
1.361335
1.361373
1.361411
1.361456
1.361440
1.361871
1.361809
1.361893
1.361831
1.362054
1.362147
1.362270
1.362403
1.362511
1.362594
1.362659
1.362714
1.362769
1.362827
1.362889
1.362955
1.363023
1.363091
1.363160
1.363229
1.363299
1.363370
1.363441
1.363514
1.363587
1.363660
1.363733
1.363807
1.363880
1.363954
1.364027
1.364101
1.364174
1.364247
1.364320
1.364393
1.364465
1.364537
1.364609
1.364680
1.364751
1.364822
1.364891
1.364961
1.365030
1.365098
1.365166
1.365233
1.365300
1.365367
1.365433
1.365498
1.365563
1.365628
1.365692
1.365755
1.365819
1.365881
1.365943
1.366005
1.366066
1.366127
1.366187
1.366247
1.366307
1.366365
1.366424
1.366482
1.366539
1.366596
1.366652
1.366709
1.366764
1.366819
1.366874
1.366929
1.366983
1.367037
1.367090
1.367143
1.367196
1.367248
1.367300
1.367352
1.367404
1.367455
1.367506
1.367557
1.367607
1.367658
1.367708
1.367757
1.367807
1.367856
1.367905
1.367954
1.368002
1.368051
1.368099
1.368146
1.368194
1.368241
1.368287
1.368334
1.368380
1.368426
1.368472
1.368517
1.368562
1.368606
1.368650
1.368694
1.368737
1.368780
1.368822
1.368864
1.368906
1.368947
1.368987
1.369027
1.369067
1.369106
1.369144
1.369182
1.369219
1.369256
1.369292
1.369327
1.369362
1.369396
1.369430
1.369463
1.369495
1.369526
1.369557
1.369587
1.369617
1.369645
1.369673
1.369700
1.369726
1.369752
1.369777
1.369801
1.369824
1.369847
1.369868
1.369889
1.369910
1.369929
1.369947
1.369965
1.369982
1.369998
1.370014
1.370028
1.370042
1.370055
1.370068
1.370079
1.370090
1.370100
1.370109
1.370117
1.370125
1.370132
1.370138
1.370144
1.370148
1.370152
1.370156
1.370158
1.370160
1.370162
1.370162
1.370162
1.370161
1.370160
1.370158
1.370155
1.370152
1.370148
1.370144
1.370139
1.370133
1.370127
1.370120
1.370113
1.370105
1.370097
1.370088
1.370078
1.370069
1.370058
1.370047
1.370036
1.370024
1.370012
1.370000
1.369987
1.369973
1.369960
1.369945
1.369931
1.369916
1.369901
1.369885
1.369869
1.369853
1.369836
1.369819
1.369802
1.369784
1.369766
1.369748
1.369730
1.369711
1.369693
1.369673
1.369654
1.369635
1.369615
1.369595
1.369575
1.369554
1.369534
1.369513
1.369492
1.369471
1.369450
1.369428
1.369407
1.369385
1.369364
1.369342
1.369320
1.369298
1.369275
1.369253
1.369231
1.369208
1.369185
1.369163
1.369140
1.369117
1.369094
1.369071
1.369048
1.369025
1.369002
1.368979
1.368956
1.368933
1.368909
1.368886
1.368863
1.368839
1.368816
1.368793
1.368769
1.368746
1.368723
1.368699
1.368676
1.368653
1.368629
1.368606
1.368582
1.368559
1.368536
1.368513
1.368489
1.368466
1.368443
1.368420
1.368397
1.368373
1.368350
1.368327
1.368304
1.368281
1.368258
1.368235
1.368213
1.368190
1.368167
1.368144
1.368122
1.368099
1.368077
1.368054
1.368032
1.368009
1.367987
1.367965
1.367942
1.367920
1.367898
1.367876
1.367854
1.367832
1.367811
1.367789
1.367767
1.367745
1.367724
1.367702
1.367681
1.367660
1.367638
1.367617
1.367596
1.367575
1.367554
1.367533
1.367513
1.367492
1.367471
1.367451
1.367430
1.367410
1.367390
1.367370
1.367349
1.367329
1.367310
1.367290
1.367270
1.367250
1.367231
1.367211
1.367192
1.367173
1.367154
1.367135
1.367116
1.367097
1.367078
1.367060
1.367041
1.367023
1.367005
1.366987
1.366969
1.366951
1.366933
1.366915
1.366898
1.366881
1.366863
1.366846
1.366829
1.366812
1.366796
1.366779
1.366763
1.366747
1.366731
1.366715
1.366699
1.366683
1.366668
1.366653
1.366638
1.366623
1.366608
1.366593
1.366579
1.366565
1.366551
1.366537
1.366523
1.366510
1.366497
1.366483
1.366471
1.366458
1.366445
1.366433
1.366421
1.366409
1.366398
1.366386
1.366375
1.366364
1.366353
1.366342
1.366332
1.366321
1.366311
1.366301
1.366291
1.366281
1.366271
1.366261
1.366251
1.366242
1.366232
1.366222
1.366212
1.366201
1.366191
1.366180
1.366168
1.366157
1.366145
1.366134
1.366124
1.366115
1.366107
1.366101
1.366096
1.366092
1.366090
1.366088
1.366086
1.366085
1.366084
1.366084
1.366083
1.366083
1.366083
1.366083
1.366083
1.366084
1.366084
1.366085
1.366086
1.366087
1.366088
1.366089
1.366091
1.366093
1.366095
1.366097
1.366099
1.366102
1.366104
1.366107
1.366110
1.366113
1.366117
1.366120
1.366124
1.366128
1.366132
1.366136
1.366141
1.366145
1.366150
1.366155
1.366160
1.366166
1.366171
1.366177
1.366183
1.366189
1.366195
1.366202
1.366208
1.366215
1.366222
1.366229
1.366236
1.366243
1.366251
1.366259
1.366266
1.366274
1.366282
1.366291
1.366299
1.366308
1.366316
1.366325
1.366334
1.366343
1.366352
1.366362
1.366371
1.366381
1.366390
1.366400
1.366410
1.366420
1.366430
1.366440
1.366451
1.366461
1.366472
1.366483
1.366494
1.366504
1.366516
1.366527
1.366527
1.366538
1.366549
1.366561
1.366572
1.366584
1.366596
1.366607
1.366619
1.366631
1.366643
1.366656
1.366668
1.366680
1.366693
1.366705
1.366718
1.366730
1.366743
1.366756
1.366769
1.366782
1.366795
1.366808
1.366821
1.366834
1.366847
1.366860
1.366873
1.366887
1.366900
1.366914
1.366927
1.366941
1.366954
1.366968
1.366981
1.366995
1.367008
1.367022
1.367036
1.367049
1.367063
1.367076
1.367090
1.367104
1.367117
1.367131
1.367145
1.367158
1.367172
1.367185
1.367199
1.367212
1.367225
1.367239
1.367252
1.367265
1.367279
1.367292
1.367305
1.367318
1.367331
1.367344
1.367356
1.367369
1.367382
1.367394
1.367407
1.367419
1.367431
1.367443
1.367456
1.367467
1.367479
1.367491
1.367503
1.367514
1.367525
1.367537
1.367548
1.367559
1.367570
1.367580
1.367591
1.367601
1.367612
1.367622
1.367632
1.367642
1.367652
1.367661
1.367671
1.367680
1.367689
1.367699
1.367708
1.367716
1.367725
1.367734
1.367742
1.367751
1.367759
1.367767
1.367775
1.367783
1.367791
1.367798
1.367806
1.367814
1.367821
1.367828
1.367836
1.367843
1.367850
1.367857
1.367864
1.367871
1.367878
1.367885
1.367892
1.367899
1.367906
1.367912
1.367919
1.367926
1.367933
1.367940
1.367947
1.367953
1.367960
1.367967
1.367974
1.367981
1.367989
1.367996
1.368003
1.368010
1.368018
1.368025
1.368033
1.368040
1.368048
1.368056
1.368064
1.368072
1.368080
1.368089
1.368097
1.368105
1.368114
1.368123
1.368132
1.368141
1.368150
1.368159
1.368168
1.368178
1.368187
1.368197
1.368207
1.368216
1.368226
1.368236
1.368246
1.368256
1.368267
1.368277
1.368287
1.368298
1.368308
1.368319
1.368329
1.368340
1.368350
1.368361
1.368372
1.368383
1.368393
1.368404
1.368415
1.368426
1.368437
1.368447
1.368458
1.368469
1.368480
1.368491
1.368502
1.368513
1.368524
1.368535
1.368546
1.368557
1.368568
1.368579
1.368590
1.368602
1.368613
1.368625
1.368636
1.368647
1.368657
1.368675
1.368692
1.368699
1.368697
1.368704
1.368707
1.368720
1.368718
1.368742
1.368730
1.368776
1.368760
1.368773
1.368760
1.368798
1.368785
1.368809
1.368784
1.368834
1.368819
1.368818
1.368824
1.368813
1.368863
1.368854
1.368834
1.368877
1.368883
1.368855
1.368896
1.368906
1.368887
1.368884
1.368862
1.368918
1.368909
1.368890
1.368903
1.368891
1.368894
1.368864
1.368905
1.368893
1.368884
1.368887
1.368864
1.368930
1.368936
1.368945
1.368907
1.368877
1.368920
1.368926
1.368906
1.368896
1.368859
1.368948
1.368962
1.369001
1.369022
1.369054
1.369078
1.369096
1.369113
1.369128
1.369141
1.369153
1.369164
1.369174
1.369183
1.369191
1.369198
1.369205
1.369212
1.369219
1.369225
1.369230
1.369236
1.369241
1.369245
1.369250
1.369254
1.369258
1.369261
1.369265
1.369268
1.369271
1.369274
1.369276
1.369279
1.369281
1.369283
1.369285
1.369287
1.369289
1.369291
1.369293
1.369295
1.369297
1.369299
1.369301
1.369303
1.369305
1.369308
1.369310
1.369313
1.369316
1.369319
1.369322
1.369325
1.369329
1.369332
1.369336
1.369341
1.369345
1.369350
1.369355
1.369360
1.369365
1.369371
1.369377
1.369383
1.369390
1.369396
1.369403
1.369411
1.369418
1.369426
1.369434
1.369442
1.369451
1.369460
1.369469
1.369478
1.369487
1.369497
1.369507
1.369517
1.369528
1.369539
1.369550
1.369561
1.369572
1.369584
1.369595
1.369607
1.369619
1.369632
1.369644
1.369657
1.369670
1.369683
1.369696
1.369709
1.369722
1.369736
1.369749
1.369763
1.369777
1.369791
1.369804
1.369818
1.369832
1.369846
1.369861
1.369875
1.369889
1.369903
1.369917
1.369931
1.369946
1.369960
1.369974
1.369988
1.370002
1.370016
1.370030
1.370044
1.370058
1.370072
1.370086
1.370100
1.370113
1.370127
1.370141
1.370154
1.370168
1.370181
1.370194
1.370208
1.370221
1.370234
1.370247
1.370260
1.370273
1.370286
1.370299
1.370311
1.370324
1.370336
1.370349
1.370361
1.370373
1.370386
1.370398
1.370410
1.370422
1.370434
1.370445
1.370457
1.370469
1.370481
1.370492
1.370504
1.370515
1.370526
1.370538
1.370549
1.370560
1.370571
1.370582
1.370593
1.370604
1.370615
1.370625
1.370636
1.370647
1.370657
1.370668
1.370678
1.370689
1.370699
1.370709
1.370719
1.370730
1.370740
1.370750
1.370760
1.370770
1.370779
1.370789
1.370799
1.370808
1.370818
1.370828
1.370837
1.370846
1.370856
1.370865
1.370874
1.370883
1.370892
1.370901
1.370910
1.370919
1.370928
1.370937
1.370945
1.370954
1.370962
1.370971
1.370979
1.370987
1.370995
1.371004
1.371012
1.371019
1.371027
1.371035
1.371043
1.371050
1.371058
1.371065
1.371073
1.371080
1.371087
1.371094
1.371101
1.371108
1.371115
1.371122
1.371129
1.371135
1.371142
1.371148
1.371155
1.371161
1.371167
1.371173
1.371179
1.371185
1.371191
1.371197
1.371203
1.371209
1.371214
1.371220
1.371220
1.371225
1.371230
1.371236
1.371241
1.371246
1.371251
1.371256
1.371261
1.371266
1.371271
1.371276
1.371280
1.371285
1.371289
1.371294
1.371298
1.371303
1.371307
1.371311
1.371316
1.371320
1.371324
1.371328
1.371332
1.371336
1.371340
1.371344
1.371347
1.371351
1.371355
1.371359
1.371362
1.371366
1.371369
1.371373
1.371376
1.371380
1.371383
1.371386
1.371390
1.371393
1.371396
1.371399
1.371403
1.371406
1.371409
1.371412
1.371415
1.371418
1.371421
1.371424
1.371427
1.371430
1.371433
1.371436
1.371439
1.371441
1.371444
1.371447
1.371450
1.371453
1.371455
1.371458
1.371461
1.371464
1.371466
1.371469
1.371472
1.371474
1.371477
1.371479
1.371482
1.371485
1.371487
1.371490
1.371493
1.371495
1.371498
1.371500
1.371503
1.371506
1.371508
1.371511
1.371513
1.371516
1.371518
1.371521
1.371524
1.371526
1.371529
1.371532
1.371534
1.371537
1.371540
1.371543
1.371546
1.371549
1.371553
1.371557
1.371562
1.371567
1.371568
1.371572
1.371574
1.371578
1.371579
1.371583
1.371584
1.371589
1.371588
1.371593
1.371594
1.371599
1.371598
1.371603
1.371604
1.371609
1.371607
1.371613
1.371615
1.371619
1.371618
1.371624
1.371622
1.371628
1.371628
1.371635
1.371632
1.371638
1.371639
1.371645
1.371643
1.371649
1.371649
1.371656
1.371653
1.371660
1.371659
1.371666
1.371664
1.371671
1.371670
1.371677
1.371675
1.371682
1.371681
1.371688
1.371686
1.371693
1.371691
1.371698
1.371697
1.371704
1.371702
1.371709
1.371708
1.371714
1.371713
1.371720
1.371718
1.371725
1.371724
1.371730
1.371729
1.371735
1.371734
1.371740
1.371740
1.371746
1.371745
1.371751
1.371750
1.371756
1.371755
1.371761
1.371760
1.371766
1.371766
1.371771
1.371771
1.371776
1.371776
1.371781
1.371781
1.371786
1.371786
1.371790
1.371791
1.371795
1.371796
1.371800
1.371801
1.371805
1.371806
1.371809
1.371811
1.371814
1.371815
1.371819
1.371820
1.371823
1.371825
1.371828
1.371830
1.371832
1.371834
1.371837
1.371839
1.371841
1.371844
1.371846
1.371848
1.371850
1.371853
1.371855
1.371857
1.371859
1.371862
1.371864
1.371866
1.371868
1.371871
1.371873
1.371875
1.371877
1.371880
1.371882
1.371884
1.371886
1.371888
1.371891
1.371893
1.371895
1.371897
1.371899
1.371901
1.371904
1.371906
1.371908
1.371910
1.371912
1.371914
1.371917
1.371919
1.371921
1.371923
1.371925
1.371927
1.371929
1.371931
1.371934
1.371936
1.371938
1.371940
1.371942
1.371944
1.371946
1.371948
1.371950
1.371952
1.371954
1.371957
1.371959
1.371961
1.371963
1.371965
1.371967
1.371969
1.371971
1.371973
1.371975
1.371977
1.371979
1.371981
1.371983
1.371985
1.371987
1.371989
1.371991
1.371993
1.371995
1.371997
1.371999
1.372001
1.372003
1.372005
1.372007
1.372009
1.372011
1.372013
1.372015
1.372017
1.372019
1.372021
1.372023
1.372025
1.372027
1.372029
1.372031
1.372033
1.372035
1.372037
1.372039
1.372041
1.372043
1.372045
1.372047
1.372049
1.372051
1.372053
1.372055
1.372057
1.372059
1.372060
1.372062
1.372064
1.372066
1.372068
1.372070
1.372072
1.372074
1.372076
1.372078
1.372080
1.372082
1.372083
1.372085
1.372087
1.372089
1.372091
1.372093
1.372095
1.372097
1.372099
1.372100
1.372102
1.372104
1.372106
1.372108
1.372110
1.372112
1.372113
1.372115
1.372117
1.372119
1.372121
1.372123
1.372125
1.372126
1.372128
1.372130
1.372132
1.372134
1.372136
1.372137
1.372139
1.372141
1.372143
1.372145
1.372147
1.372148
1.372150
1.372152
1.372154
1.372156
1.372157
1.372159
1.372161
1.372163
1.372165
1.372166
1.372168
1.372170
1.372172
1.372174
1.372175
1.372177
1.372179
1.372181
1.372182
1.372184
1.372186
1.372188
1.372190
1.372191
1.372193
1.372195
1.372197
1.372198
1.372200
1.372202
1.372204
1.372205
1.372207
1.372209
1.372211
1.372212
1.372214
1.372216
1.372217
1.372219
1.372221
1.372223
1.372224
1.372226
1.372228
1.372230
1.372231
1.372233
1.372235
1.372236
1.372238
1.372240
1.372241
1.372243
1.372245
1.372247
1.372248
1.372250
1.372252
1.372253
1.372255
1.372257
1.372258
1.372260
1.372262
1.372263
1.372265
1.372267
1.372268
1.372270
1.372272
1.372273
1.372275
1.372277
1.372278
1.372280
1.372282
1.372283
1.372285
1.372287
1.372288
1.372290
1.372291
1.372293
1.372295
1.372296
1.372298
1.372300
1.372301
1.372303
1.372304
1.372306
1.372308
1.372309
1.372311
1.372313
1.372314
1.372316
1.372317
1.372319
1.372321
1.372322
1.372324
1.372325
1.372327
1.372329
1.372330
1.372332
1.372333
1.372335
1.372336
1.372338
1.372340
1.372341
1.372343
1.372344
1.372346
1.372347
1.372349
1.372351
1.372352
1.372354
1.372355
1.372357
1.372358
1.372360
1.372362
1.372363
1.372365
1.372366
1.372368
1.372369
1.372371
1.372372
1.372374
1.372375
1.372377
1.372378
1.372378
1.372380
1.372381
1.372383
1.372384
1.372386
1.372387
1.372389
1.372390
1.372392
1.372393
1.372395
1.372396
1.372398
1.372399
1.372401
1.372402
1.372404
1.372405
1.372407
1.372408
1.372410
1.372411
1.372413
1.372414
1.372416
1.372417
1.372418
1.372420
1.372421
1.372423
1.372424
1.372426
1.372427
1.372429
1.372430
1.372431
1.372433
1.372434
1.372436
1.372437
1.372438
1.372440
1.372441
1.372443
1.372444
1.372445
1.372447
1.372448
1.372450
1.372451
1.372452
1.372454
1.372455
1.372457
1.372458
1.372459
1.372461
1.372462
1.372463
1.372465
1.372466
1.372468
1.372469
1.372470
1.372472
1.372473
1.372475
1.372476
1.372477
1.372479
1.372480
1.372482
1.372483
1.372484
1.372486
1.372487
1.372489
1.372490
1.372492
1.372493
1.372494
1.372496
1.372497
1.372499
1.372500
1.372502
1.372503
1.372504
1.372506
1.372507
1.372509
1.372510
1.372512
1.372513
1.372515
1.372516
1.372518
1.372519
1.372521
1.372522
1.372524
1.372525
1.372527
1.372528
1.372530
1.372531
1.372533
1.372534
1.372536
1.372537
1.372539
1.372541
1.372542
1.372544
1.372545
1.372547
1.372548
1.372550
1.372552
1.372553
1.372555
1.372556
1.372558
1.372559
1.372561
1.372563
1.372564
1.372566
1.372568
1.372569
1.372571
1.372572
1.372574
1.372576
1.372577
1.372579
1.372581
1.372582
1.372584
1.372586
1.372587
1.372589
1.372591
1.372592
1.372594
1.372596
1.372597
1.372599
1.372601
1.372602
1.372604
1.372606
1.372608
1.372609
1.372611
1.372613
1.372614
1.372616
1.372618
1.372620
1.372621
1.372623
1.372625
1.372627
1.372628
1.372630
1.372632
1.372634
1.372635
1.372637
1.372639
1.372641
1.372643
1.372644
1.372646
1.372648
1.372650
1.372651
1.372653
1.372655
1.372657
1.372659
1.372660
1.372662
1.372664
1.372666
1.372668
1.372670
1.372671
1.372673
1.372675
1.372677
1.372679
1.372681
1.372682
1.372684
1.372686
1.372688
1.372690
1.372692
1.372694
1.372695
1.372697
1.372699
1.372701
1.372703
1.372705
1.372707
1.372708
1.372710
1.372712
1.372714
1.372716
1.372718
1.372720
1.372722
1.372724
1.372726
1.372727
1.372729
1.372731
1.372733
1.372735
1.372737
1.372739
1.372741
1.372743
1.372745
1.372747
1.372748
1.372750
1.372752
1.372754
1.372756
1.372758
1.372760
1.372762
1.372764
1.372766
1.372768
1.372770
1.372772
1.372774
1.372776
1.372778
1.372780
1.372781
1.372783
1.372785
1.372787
1.372789
1.372791
1.372793
1.372795
1.372797
1.372799
1.372801
1.372803
1.372805
1.372807
1.372809
1.372811
1.372813
1.372815
1.372817
1.372819
1.372821
1.372823
1.372825
1.372827
1.372829
1.372831
1.372833
1.372835
1.372837
1.372839
1.372841
1.372843
1.372845
1.372847
1.372849
1.372851
1.372853
1.372855
1.372857
1.372859
1.372861
1.372863
1.372865
1.372867
1.372869
1.372871
1.372873
1.372875
1.372877
1.372879
1.372881
1.372883
1.372885
1.372887
1.372889
1.372891
1.372893
1.372895
1.372897
1.372899
1.372901
1.372903
1.372905
1.372907
1.372909
1.372911
1.372913
1.372916
1.372918
1.372920
1.372922
1.372924
1.372926
1.372928
1.372930
1.372932
1.372934
1.372936
1.372938
1.372940
1.372942
1.372944
1.372946
1.372948
1.372950
1.372952
1.372954
1.372956
1.372958
1.372960
1.372962
1.372964
1.372967
1.372969
1.372971
1.372973
1.372975
1.372977
1.372979
1.372981
1.372983
1.372985
1.372987
1.372989
1.372991
1.372993
1.372995
1.372997
1.372999
1.373001
1.373003
1.373005
1.373008
1.373010
1.373012
1.373014
1.373016
1.373018
1.373020
1.373022
1.373024
1.373026
1.373028
1.373030
1.373032
1.373034
1.373036
1.373038
1.373040
1.373042
1.373044
1.373047
1.373049
1.373051
1.373053
1.373055
1.373057
1.373059
1.373061
1.373063
1.373065
1.373067
1.373069
1.373071
1.373073
1.373075
1.373077
1.373079
1.373081
1.373083
1.373086
1.373088
1.373090
1.373092
1.373094
1.373096
1.373098
1.373100
1.373102
1.373104
1.373106
1.373108
1.373110
1.373112
1.373114
1.373116
1.373118
1.373120
1.373122
1.373125
1.373127
1.373129
1.373131
1.373133
1.373135
1.373137
1.373139
1.373141
1.373143
1.373145
1.373147
1.373149
1.373151
1.373153
1.373155
1.373157
1.373159
1.373161
1.373163
1.373165
1.373168
1.373170
1.373172
1.373174
1.373176
1.373178
1.373180
1.373182
1.373184
1.373186
1.373188
1.373190
1.373192
1.373194
1.373196
1.373198
1.373200
1.373202
1.373204
1.373206
1.373208
1.373210
1.373212
1.373214
1.373216
1.373219
1.373221
1.373223
1.373225
1.373227
1.373229
1.373231
1.373233
1.373235
1.373237
1.373239
1.373241
1.373243
1.373245
1.373247
1.373249
1.373251
1.373253
1.373255
1.373257
1.373259
1.373261
1.373263
1.373265
1.373267
1.373269
1.373271
1.373273
1.373275
1.373277
1.373279
1.373281
1.373283
1.373285
1.373287
1.373289
1.373291
1.373293
1.373293
1.373296
1.373298
1.373300
1.373302
1.373304
1.373306
1.373308
1.373310
1.373312
1.373314
1.373316
1.373318
1.373320
1.373322
1.373324
1.373326
1.373328
1.373330
1.373332
1.373334
1.373336
1.373338
1.373340
1.373342
1.373344
1.373346
1.373348
1.373350
1.373352
1.373354
1.373356
1.373358
1.373360
1.373362
1.373364
1.373366
1.373368
1.373370
1.373372
1.373374
1.373376
1.373378
1.373380
1.373382
1.373384
1.373386
1.373388
1.373390
1.373392
1.373394
1.373396
1.373398
1.373399
1.373401
1.373403
1.373405
1.373407
1.373409
1.373411
1.373413
1.373415
1.373417
1.373419
1.373421
1.373423
1.373425
1.373427
1.373429
1.373431
1.373433
1.373435
1.373437
1.373439
1.373441
1.373443
1.373445
1.373447
1.373449
1.373451
1.373453
1.373455
1.373457
1.373459
1.373461
1.373463
1.373465
1.373466
1.373468
1.373470
1.373472
1.373474
1.373476
1.373478
1.373480
1.373482
1.373484
1.373486
1.373488
1.373490
1.373492
1.373494
1.373496
1.373498
1.373500
1.373502
1.373504
1.373505
1.373507
1.373509
1.373511
1.373513
1.373515
1.373517
1.373519
1.373521
1.373523
1.373525
1.373527
1.373529
1.373531
1.373533
1.373535
1.373536
1.373538
1.373540
1.373542
1.373544
1.373546
1.373548
1.373550
1.373552
1.373554
1.373556
1.373558
1.373560
1.373561
1.373563
1.373565
1.373567
1.373569
1.373571
1.373573
1.373575
1.373577
1.373579
1.373581
1.373583
1.373584
1.373586
1.373588
1.373590
1.373592
1.373594
1.373596
1.373598
1.373600
1.373602
1.373604
1.373605
1.373607
1.373609
1.373611
1.373613
1.373615
1.373617
1.373619
1.373621
1.373622
1.373624
1.373626
1.373628
1.373630
1.373632
1.373634
1.373636
1.373638
1.373639
1.373641
1.373643
1.373645
1.373647
1.373649
1.373651
1.373653
1.373655
1.373656
1.373658
1.373660
1.373662
1.373664
1.373666
1.373668
1.373670
1.373671
1.373673
1.373675
1.373677
1.373679
1.373681
1.373683
1.373684
1.373686
1.373688
1.373690
1.373692
1.373694
1.373696
1.373697
1.373699
1.373701
1.373703
1.373705
1.373707
1.373709
1.373710
1.373712
1.373714
1.373716
1.373718
1.373720
1.373722
1.373723
1.373725
1.373727
1.373729
1.373731
1.373733
1.373734
1.373736
1.373738
1.373740
1.373742
1.373744
1.373745
1.373747
1.373749
1.373751
1.373753
1.373755
1.373756
1.373758
1.373760
1.373762
1.373764
1.373766
1.373767
1.373769
1.373771
1.373773
1.373775
1.373777
1.373778
1.373780
1.373782
1.373784
1.373786
1.373787
1.373789
1.373791
1.373793
1.373795
1.373797
1.373798
1.373800
1.373802
1.373804
1.373806
1.373807
1.373809
1.373811
1.373813
1.373815
1.373816
1.373818
1.373820
1.373822
1.373824
1.373825
1.373827
1.373829
1.373831
1.373833
1.373834
1.373836
1.373838
1.373840
1.373841
1.373843
1.373845
1.373847
1.373849
1.373850
1.373852
1.373854
1.373856
1.373858
1.373859
1.373861
1.373863
1.373865
1.373866
1.373868
1.373870
1.373872
1.373874
1.373875
1.373877
1.373879
1.373881
1.373882
1.373884
1.373886
1.373888
1.373889
1.373891
1.373893
1.373895
1.373897
1.373898
1.373900
1.373902
1.373904
1.373905
1.373907
1.373909
1.373911
1.373912
1.373914
1.373916
1.373918
1.373919
1.373921
1.373923
1.373925
1.373926
1.373928
1.373930
1.373932
1.373933
1.373935
1.373937
1.373939
1.373940
1.373942
1.373944
1.373946
1.373947
1.373949
1.373951
1.373952
1.373954
1.373956
1.373958
1.373959
1.373961
1.373963
1.373965
1.373966
1.373968
1.373970
1.373972
1.373973
1.373975
1.373977
1.373978
1.373980
1.373982
1.373984
1.373985
1.373987
1.373989
1.373990
1.373992
1.373994
1.373996
1.373997
1.373999
1.374001
1.374002
1.374004
1.374006
1.374008
1.374009
1.374011
1.374013
1.374014
1.374016
1.374018
1.374020
1.374021
1.374023
1.374025
1.374026
1.374028
1.374030
1.374031
1.374033
1.374035
1.374037
1.374038
1.374040
1.374042
1.374043
1.374045
1.374047
1.374048
1.374050
1.374052
1.374053
1.374055
1.374057
1.374059
1.374060
1.374062
1.374064
1.374065
1.374067
1.374069
1.374070
1.374072
1.374074
1.374075
1.374077
1.374079
1.374080
1.374082
1.374084
1.374085
1.374087
1.374089
1.374090
1.374092
1.374094
1.374095
1.374097
1.374099
1.374100
1.374102
1.374104
1.374105
1.374107
1.374109
1.374110
1.374112
1.374114
1.374115
1.374117
1.374119
1.374120
1.374122
1.374124
1.374125
1.374127
1.374129
1.374130
1.374132
1.374134
1.374135
1.374137
1.374139
1.374140
1.374142
1.374144
1.374145
1.374147
1.374149
1.374150
1.374152
1.374154
1.374155
1.374157
1.374158
1.374160
1.374162
1.374163
1.374165
1.374167
1.374168
1.374170
1.374172
1.374173
1.374175
1.374177
1.374178
1.374180
1.374181
1.374183
1.374185
1.374186
1.374188
1.374190
1.374191
1.374193
1.374195
1.374196
1.374198
1.374199
1.374201
1.374203
1.374203
1.374204
1.374206
1.374208
1.374209
1.374211
1.374212
1.374214
1.374216
1.374217
1.374219
1.374221
1.374222
1.374224
1.374225
1.374227
1.374229
1.374230
1.374232
1.374234
1.374235
1.374237
1.374238
1.374240
1.374242
1.374243
1.374245
1.374246
1.374248
1.374250
1.374251
1.374253
1.374254
1.374256
1.374258
1.374259
1.374261
1.374263
1.374264
1.374266
1.374267
1.374269
1.374271
1.374272
1.374274
1.374275
1.374277
1.374279
1.374280
1.374282
1.374283
1.374285
1.374287
1.374288
1.374290
1.374291
1.374293
1.374295
1.374296
1.374298
1.374299
1.374301
1.374303
1.374304
1.374306
1.374307
1.374309
1.374311
1.374312
1.374314
1.374315
1.374317
1.374318
1.374320
1.374322
1.374323
1.374325
1.374326
1.374328
1.374330
1.374331
1.374333
1.374334
1.374336
1.374338
1.374339
1.374341
1.374342
1.374344
1.374345
1.374347
1.374349
1.374350
1.374352
1.374353
1.374355
1.374356
1.374358
1.374360
1.374361
1.374363
1.374364
1.374366
1.374368
1.374369
1.374371
1.374372
1.374374
1.374375
1.374377
1.374379
1.374380
1.374382
1.374383
1.374385
1.374386
1.374388
1.374390
1.374391
1.374393
1.374394
1.374396
1.374397
1.374399
1.374401
1.374402
1.374404
1.374405
1.374407
1.374408
1.374410
1.374411
1.374413
1.374415
1.374416
1.374418
1.374419
1.374421
1.374422
1.374424
1.374426
1.374427
1.374429
1.374430
1.374432
1.374433
1.374435
1.374436
1.374438
1.374440
1.374441
1.374443
1.374444
1.374446
1.374447
1.374449
1.374450
1.374452
1.374454
1.374455
1.374457
1.374458
1.374460
1.374461
1.374463
1.374464
1.374466
1.374468
1.374469
1.374471
1.374472
1.374474
1.374475
1.374477
1.374478
1.374480
1.374481
1.374483
1.374485
1.374486
1.374488
1.374489
1.374491
1.374492
1.374494
1.374495
1.374497
1.374498
1.374500
1.374502
1.374503
1.374505
1.374506
1.374508
1.374509
1.374511
1.374512
1.374514
1.374515
1.374517
1.374519
1.374520
1.374522
1.374523
1.374525
1.374526
1.374528
1.374529
1.374531
1.374532
1.374534
1.374535
1.374537
1.374539
1.374540
1.374542
1.374543
1.374545
1.374546
1.374548
1.374549
1.374551
1.374552
1.374554
1.374555
1.374557
1.374558
1.374560
1.374562
1.374563
1.374565
1.374566
1.374568
1.374569
1.374571
1.374572
1.374574
1.374575
1.374577
1.374578
1.374580
1.374581
1.374583
1.374585
1.374586
1.374588
1.374589
1.374591
1.374592
1.374594
1.374595
1.374597
1.374598
1.374600
1.374601
1.374603
1.374604
1.374606
1.374608
1.374609
1.374611
1.374612
1.374614
1.374615
1.374617
1.374618
1.374620
1.374621
1.374623
1.374624
1.374626
1.374627
1.374629
1.374630
1.374632
1.374633
1.374635
1.374637
1.374638
1.374640
1.374641
1.374643
1.374644
1.374646
1.374647
1.374649
1.374650
1.374652
1.374653
1.374655
1.374656
1.374658
1.374659
1.374661
1.374663
1.374664
1.374666
1.374667
1.374669
1.374670
1.374672
1.374673
1.374675
1.374676
1.374678
1.374679
1.374681
1.374682
1.374684
1.374685
1.374687
1.374689
1.374690
1.374692
1.374693
1.374695
1.374696
1.374698
1.374699
1.374701
1.374702
1.374704
1.374705
1.374707
1.374708
1.374710
1.374711
1.374713
1.374715
1.374716
1.374718
1.374719
1.374721
1.374722
1.374724
1.374725
1.374727
1.374728
1.374730
1.374731
1.374733
1.374735
1.374736
1.374738
1.374739
1.374741
1.374742
1.374744
1.374745
1.374747
1.374748
1.374750
1.374751
1.374753
1.374755
1.374756
1.374758
1.374759
1.374761
1.374762
1.374764
1.374765
1.374767
1.374769
1.374770
1.374772
1.374773
1.374775
1.374776
1.374778
1.374779
1.374781
1.374783
1.374784
1.374786
1.374787
1.374789
1.374790
1.374792
1.374794
1.374795
1.374797
1.374798
1.374800
1.374801
1.374803
1.374805
1.374806
1.374808
1.374809
1.374811
1.374812
1.374814
1.374816
1.374817
1.374819
1.374820
1.374822
1.374824
1.374825
1.374827
1.374828
1.374830
1.374832
1.374833
1.374835
1.374837
1.374838
1.374840
1.374841
1.374843
1.374845
1.374846
1.374848
1.374849
1.374851
1.374853
1.374854
1.374856
1.374858
1.374859
1.374861
1.374863
1.374864
1.374866
1.374868
1.374869
1.374871
1.374873
1.374874
1.374876
1.374878
1.374879
1.374881
1.374883
1.374884
1.374886
1.374888
1.374889
1.374891
1.374893
1.374894
1.374896
1.374898
1.374900
1.374901
1.374903
1.374905
1.374906
1.374908
1.374910
1.374912
1.374913
1.374915
1.374917
1.374919
1.374920
1.374922
1.374924
1.374926
1.374927
1.374929
1.374931
1.374933
1.374934
1.374936
1.374938
1.374940
1.374942
1.374943
1.374945
1.374947
1.374949
1.374951
1.374952
1.374954
1.374956
1.374958
1.374960
1.374961
1.374963
1.374965
1.374967
1.374969
1.374971
1.374973
1.374974
1.374976
1.374978
1.374980
1.374982
1.374984
1.374986
1.374988
1.374989
1.374991
1.374993
1.374995
1.374997
1.374999
1.374999
1.375001
1.375003
1.375005
1.375007
1.375009
1.375011
1.375013
1.375015
1.375017
1.375019
1.375021
1.375022
1.375024
1.375026
1.375028
1.375030
1.375032
1.375034
1.375036
1.375038
1.375041
1.375043
1.375045
1.375047
1.375049
1.375051
1.375053
1.375055
1.375057
1.375059
1.375061
1.375063
1.375065
1.375067
1.375069
1.375071
1.375074
1.375076
1.375078
1.375080
1.375082
1.375084
1.375086
1.375088
1.375090
1.375093
1.375095
1.375097
1.375099
1.375101
1.375103
1.375106
1.375108
1.375110
1.375112
1.375114
1.375116
1.375119
1.375121
1.375123
1.375125
1.375127
1.375130
1.375132
1.375134
1.375136
1.375139
1.375141
1.375143
1.375145
1.375147
1.375150
1.375152
1.375154
1.375156
1.375159
1.375161
1.375163
1.375165
1.375168
1.375170
1.375172
1.375174
1.375177
1.375179
1.375181
1.375183
1.375186
1.375188
1.375190
1.375192
1.375195
1.375197
1.375199
1.375201
1.375203
1.375206
1.375208
1.375210
1.375212
1.375214
1.375216
1.375218
1.375220
1.375222
1.375224
1.375226
1.375228
1.375230
1.375232
1.375234
1.375236
1.375238
1.375240
1.375242
1.375244
1.375246
1.375248
1.375251
1.375253
1.375255
1.375257
1.375259
1.375261
1.375264
1.375266
1.375268
1.375271
1.375273
1.375275
1.375278
1.375280
1.375283
1.375285
1.375288
1.375290
1.375292
1.375295
1.375297
1.375300
1.375302
1.375305
1.375308
1.375310
1.375313
1.375315
1.375318
1.375320
1.375323
1.375325
1.375328
1.375330
1.375333
1.375335
1.375338
1.375340
1.375343
1.375345
1.375348
1.375350
1.375353
1.375355
1.375358
1.375360
1.375363
1.375365
1.375368
1.375370
1.375373
1.375375
1.375378
1.375380
1.375383
1.375385
1.375388
1.375390
1.375393
1.375395
1.375398
1.375401
1.375403
1.375406
1.375408
1.375411
1.375413
1.375416
1.375418
1.375421
1.375423
1.375426
1.375429
1.375431
1.375434
1.375436
1.375439
1.375441
1.375444
1.375447
1.375449
1.375452
1.375455
1.375457
1.375460
1.375462
1.375465
1.375468
1.375470
1.375473
1.375476
1.375478
1.375481
1.375484
1.375487
1.375489
1.375492
1.375495
1.375497
1.375500
1.375503
1.375506
1.375508
1.375511
1.375514
1.375517
1.375520
1.375522
1.375525
1.375528
1.375531
1.375534
1.375536
1.375539
1.375542
1.375545
1.375548
1.375551
1.375554
1.375557
1.375559
1.375562
1.375565
1.375568
1.375571
1.375574
1.375577
1.375580
1.375583
1.375586
1.375589
1.375592
1.375595
1.375598
1.375601
1.375604
1.375607
1.375610
1.375613
1.375616
1.375619
1.375623
1.375626
1.375629
1.375632
1.375635
1.375638
1.375641
1.375644
1.375648
1.375651
1.375654
1.375657
1.375660
1.375664
1.375667
1.375670
1.375673
1.375677
1.375680
1.375683
1.375686
1.375690
1.375693
1.375696
1.375700
1.375703
1.375706
1.375710
1.375713
1.375717
1.375720
1.375723
1.375727
1.375730
1.375734
1.375737
1.375741
1.375744
1.375748
1.375751
1.375755
1.375758
1.375762
1.375765
1.375769
1.375772
1.375776
1.375780
1.375783
1.375787
1.375790
1.375794
1.375798
1.375801
1.375805
1.375809
1.375812
1.375816
1.375820
1.375824
1.375827
1.375831
1.375835
1.375839
1.375843
1.375846
1.375850
1.375854
1.375858
1.375862
1.375866
1.375870
1.375874
1.375877
1.375881
1.375885
1.375889
1.375893
1.375897
1.375901
1.375905
1.375909
1.375913
1.375917
1.375922
1.375926
1.375930
1.375934
1.375938
1.375942
1.375946
1.375951
1.375955
1.375959
1.375963
1.375967
1.375972
1.375976
1.375980
1.375985
1.375989
1.375993
1.375998
1.376002
1.376006
1.376011
1.376015
1.376020
1.376024
1.376028
1.376033
1.376037
1.376042
1.376046
1.376051
1.376056
1.376060
1.376065
1.376069
1.376074
1.376079
1.376083
1.376088
1.376093
1.376097
1.376102
1.376107
1.376112
1.376116
1.376121
1.376126
1.376131
1.376136
1.376140
1.376145
1.376150
1.376155
1.376160
1.376165
1.376170
1.376175
1.376180
1.376185
1.376190
1.376195
1.376200
1.376205
1.376210
1.376215
1.376220
1.376226
1.376231
1.376236
1.376241
1.376246
1.376252
1.376257
1.376262
1.376267
1.376273
1.376278
1.376283
1.376289
1.376294
1.376299
1.376305
1.376310
1.376316
1.376321
1.376327
1.376332
1.376338
1.376343
1.376349
1.376355
1.376360
1.376366
1.376371
1.376377
1.376383
1.376389
1.376394
1.376400
1.376406
1.376412
1.376417
1.376423
1.376429
1.376435
1.376441
1.376447
1.376453
1.376459
1.376464
1.376470
1.376476
1.376482
1.376489
1.376495
1.376501
1.376507
1.376513
1.376519
1.376525
1.376531
1.376538
1.376544
1.376550
1.376556
1.376563
1.376569
1.376575
1.376582
1.376588
1.376594
1.376601
1.376607
1.376614
1.376620
1.376626
1.376633
1.376640
1.376646
1.376653
1.376659
1.376666
1.376672
1.376679
1.376686
1.376692
1.376699
1.376706
1.376713
1.376719
1.376726
1.376733
1.376740
1.376747
1.376754
1.376761
1.376761
1.376768
1.376774
1.376781
1.376788
1.376795
1.376802
1.376810
1.376817
1.376824
1.376831
1.376838
1.376845
1.376852
1.376859
1.376867
1.376874
1.376881
1.376888
1.376896
1.376903
1.376910
1.376918
1.376925
1.376933
1.376940
1.376948
1.376955
1.376963
1.376970
1.376978
1.376985
1.376993
1.377000
1.377008
1.377016
1.377023
1.377031
1.377039
1.377046
1.377054
1.377062
1.377070
1.377078
1.377085
1.377093
1.377101
1.377109
1.377117
1.377125
1.377133
1.377141
1.377149
1.377157
1.377165
1.377173
1.377181
1.377189
1.377197
1.377205
1.377214
1.377222
1.377230
1.377238
1.377247
1.377255
1.377263
1.377271
1.377280
1.377288
1.377297
1.377305
1.377313
1.377322
1.377330
1.377339
1.377347
1.377356
1.377364
1.377373
1.377382
1.377390
1.377399
1.377407
1.377416
1.377425
1.377433
1.377442
1.377451
1.377460
1.377469
1.377477
1.377486
1.377495
1.377504
1.377513
1.377522
1.377531
1.377540
1.377549
1.377558
1.377567
1.377576
1.377585
1.377594
1.377603
1.377612
1.377621
1.377630
1.377639
1.377648
1.377658
1.377667
1.377676
1.377685
1.377695
1.377704
1.377713
1.377723
1.377732
1.377741
1.377751
1.377760
1.377770
1.377779
1.377788
1.377798
1.377807
1.377817
1.377826
1.377836
1.377846
1.377855
1.377865
1.377874
1.377884
1.377894
1.377903
1.377913
1.377923
1.377932
1.377942
1.377952
1.377962
1.377972
1.377981
1.377991
1.378001
1.378011
1.378021
1.378031
1.378041
1.378050
1.378060
1.378070
1.378080
1.378090
1.378100
1.378110
1.378120
1.378131
1.378141
1.378151
1.378161
1.378171
1.378181
1.378191
1.378201
1.378212
1.378222
1.378232
1.378242
1.378252
1.378263
1.378273
1.378283
1.378294
1.378304
1.378314
1.378325
1.378335
1.378345
1.378356
1.378366
1.378376
1.378387
1.378397
1.378408
1.378418
1.378429
1.378439
1.378450
1.378460
1.378471
1.378481
1.378492
1.378503
1.378513
1.378524
1.378534
1.378545
1.378556
1.378566
1.378577
1.378588
1.378598
1.378609
1.378620
1.378630
1.378641
1.378652
1.378663
1.378674
1.378684
1.378695
1.378706
1.378717
1.378728
1.378738
1.378749
1.378760
1.378771
1.378782
1.378793
1.378804
1.378815
1.378826
1.378837
1.378847
1.378858
1.378869
1.378880
1.378891
1.378902
1.378913
1.378924
1.378935
1.378947
1.378958
1.378969
1.378980
1.378991
1.379002
1.379013
1.379024
1.379035
1.379046
1.379057
1.379069
1.379080
1.379091
1.379102
1.379113
1.379124
1.379136
1.379147
1.379158
1.379169
1.379180
1.379192
1.379203
1.379214
1.379225
1.379237
1.379248
1.379259
1.379270
1.379282
1.379293
1.379304
1.379316
1.379327
1.379338
1.379350
1.379361
1.379372
1.379384
1.379395
1.379406
1.379418
1.379429
1.379440
1.379452
1.379463
1.379474
1.379486
1.379497
1.379509
1.379520
1.379531
1.379543
1.379554
1.379566
1.379577
1.379589
1.379600
1.379611
1.379623
1.379634
1.379646
1.379657
1.379669
1.379680
1.379692
1.379703
1.379715
1.379726
1.379738
1.379749
1.379760
1.379772
1.379783
1.379795
1.379806
1.379818
1.379829
1.379841
1.379852
1.379864
1.379875
1.379887
1.379898
1.379910
1.379921
1.379933
1.379944
1.379956
1.379968
1.379979
1.379991
1.380002
1.380014
1.380025
1.380037
1.380048
1.380060
1.380071
1.380083
1.380094
1.380106
1.380117
1.380129
1.380140
1.380152
1.380163
1.380175
1.380186
1.380198
1.380209
1.380221
1.380232
1.380244
1.380255
1.380267
1.380278
1.380290
1.380302
1.380313
1.380325
1.380336
1.380348
1.380359
1.380371
1.380382
1.380393
1.380405
1.380416
1.380428
1.380439
1.380451
1.380462
1.380474
1.380485
1.380497
1.380508
1.380520
1.380531
1.380543
1.380554
1.380566
1.380577
1.380588
1.380600
1.380611
1.380623
1.380634
1.380646
1.380657
1.380668
1.380680
1.380691
1.380703
1.380714
1.380725
1.380737
1.380748
1.380759
1.380771
1.380782
1.380794
1.380805
1.380816
1.380828
1.380839
1.380850
1.380862
1.380873
1.380884
1.380896
1.380907
1.380918
1.380929
1.380941
1.380952
1.380963
1.380975
1.380986
1.380997
1.381008
1.381020
1.381031
1.381042
1.381053
1.381064
1.381076
1.381087
1.381098
1.381109
1.381120
1.381132
1.381143
1.381154
1.381165
1.381176
1.381187
1.381199
1.381210
1.381221
1.381232
1.381243
1.381254
1.381265
1.381276
1.381287
1.381298
1.381309
1.381320
1.381331
1.381342
1.381354
1.381365
1.381376
1.381387
1.381398
1.381408
1.381419
1.381430
1.381441
1.381452
1.381463
1.381474
1.381485
1.381496
1.381507
1.381518
1.381529
1.381540
1.381550
1.381561
1.381572
1.381583
1.381594
1.381605
1.381615
1.381626
1.381637
1.381648
1.381659
1.381669
1.381680
1.381691
1.381702
1.381712
1.381723
1.381734
1.381745
1.381755
1.381766
1.381777
1.381787
1.381798
1.381809
1.381819
1.381830
1.381841
1.381851
1.381862
1.381872
1.381883
1.381894
1.381894
1.381904
1.381915
1.381925
1.381936
1.381946
1.381957
1.381968
1.381978
1.381989
1.381999
1.382010
1.382020
1.382031
1.382041
1.382051
1.382062
1.382072
1.382083
1.382093
1.382104
1.382114
1.382124
1.382135
1.382145
1.382156
1.382166
1.382176
1.382187
1.382197
1.382208
1.382218
1.382228
1.382239
1.382249
1.382259
1.382269
1.382280
1.382290
1.382300
1.382311
1.382321
1.382331
1.382342
1.382352
1.382362
1.382372
1.382383
1.382393
1.382403
1.382413
1.382424
1.382434
1.382444
1.382454
1.382464
1.382475
1.382485
1.382495
1.382505
1.382516
1.382526
1.382536
1.382546
1.382556
1.382567
1.382577
1.382587
1.382597
1.382607
1.382618
1.382628
1.382638
1.382648
1.382658
1.382669
1.382679
1.382689
1.382699
1.382709
1.382720
1.382730
1.382740
1.382750
1.382760
1.382771
1.382781
1.382791
1.382801
1.382812
1.382822
1.382832
1.382842
1.382853
1.382863
1.382873
1.382883
1.382894
1.382904
1.382914
1.382925
1.382935
1.382945
1.382956
1.382966
1.382976
1.382987
1.382997
1.383008
1.383018
1.383028
1.383039
1.383049
1.383060
1.383070
1.383081
1.383091
1.383102
1.383112
1.383123
1.383134
1.383144
1.383155
1.383165
1.383176
1.383187
1.383197
1.383208
1.383219
1.383230
1.383240
1.383251
1.383262
1.383273
1.383284
1.383295
1.383305
1.383316
1.383327
1.383338
1.383349
1.383360
1.383371
1.383383
1.383394
1.383405
1.383416
1.383427
1.383439
1.383450
1.383461
1.383472
1.383484
1.383495
1.383507
1.383518
1.383530
1.383541
1.383553
1.383564
1.383576
1.383588
1.383600
1.383611
1.383623
1.383635
1.383647
1.383659
1.383671
1.383683
1.383695
1.383707
1.383719
1.383731
1.383743
1.383756
1.383768
1.383780
1.383793
1.383805
1.383818
1.383830
1.383843
1.383855
1.383868
1.383881
1.383894
1.383906
1.383919
1.383932
1.383945
1.383958
1.383971
1.383984
1.383997
1.384011
1.384024
1.384037
1.384050
1.384064
1.384077
1.384091
1.384104
1.384118
1.384132
1.384145
1.384159
1.384173
1.384187
1.384201
1.384214
1.384228
1.384242
1.384257
1.384271
1.384285
1.384299
1.384313
1.384328
1.384342
1.384356
1.384371
1.384385
1.384400
1.384414
1.384429
1.384444
1.384458
1.384473
1.384488
1.384503
1.384518
1.384533
1.384548
1.384563
1.384578
1.384593
1.384608
1.384623
1.384638
1.384653
1.384669
1.384684
1.384699
1.384715
1.384730
1.384745
1.384761
1.384776
1.384792
1.384807
1.384823
1.384839
1.384854
1.384870
1.384885
1.384901
1.384917
1.384933
1.384948
1.384964
1.384980
1.384996
1.385011
1.385027
1.385043
1.385059
1.385075
1.385091
1.385107
1.385123
1.385139
1.385155
1.385170
1.385186
1.385202
1.385218
1.385234
1.385250
1.385266
1.385282
1.385298
1.385314
1.385330
1.385346
1.385362
1.385378
1.385394
1.385410
1.385426
1.385443
1.385459
1.385475
1.385491
1.385507
1.385523
1.385539
1.385555
1.385571
1.385587
1.385603
1.385618
1.385634
1.385650
1.385666
1.385682
1.385698
1.385714
1.385730
1.385746
1.385762
1.385778
1.385794
1.385810
1.385826
1.385841
1.385857
1.385873
1.385889
1.385905
1.385921
1.385936
1.385952
1.385968
1.385984
1.386000
1.386015
1.386031
1.386047
1.386063
1.386078
1.386094
1.386110
1.386125
1.386141
1.386157
1.386172
1.386188
1.386204
1.386219
1.386235
1.386251
1.386266
1.386282
1.386297
1.386313
1.386328
1.386344
1.386359
1.386375
1.386391
1.386406
1.386422
1.386437
1.386453
1.386468
1.386484
1.386499
1.386514
1.386530
1.386545
1.386561
1.386576
1.386592
1.386607
1.386622
1.386638
1.386653
1.386669
1.386684
1.386699
1.386715
1.386730
1.386745
1.386761
1.386776
1.386791
1.386807
1.386822
1.386837
1.386853
1.386868
1.386883
1.386898
1.386914
1.386929
1.386944
1.386960
1.386975
1.386990
1.387005
1.387021
1.387036
1.387051
1.387066
1.387082
1.387097
1.387112
1.387127
1.387142
1.387158
1.387173
1.387188
1.387203
1.387218
1.387234
1.387249
1.387264
1.387279
1.387294
1.387310
1.387325
1.387340
1.387355
1.387370
1.387386
1.387401
1.387416
1.387431
1.387446
1.387461
1.387477
1.387492
1.387507
1.387522
1.387537
1.387552
1.387568
1.387583
1.387598
1.387613
1.387628
1.387643
1.387659
1.387674
1.387689
1.387704
1.387719
1.387734
1.387750
1.387765
1.387780
1.387795
1.387810
1.387825
1.387841
1.387856
1.387871
1.387886
1.387901
1.387917
1.387932
1.387947
1.387962
1.387977
1.387992
1.388008
1.388023
1.388038
1.388053
1.388068
1.388084
1.388099
1.388114
1.388129
1.388145
1.388160
1.388175
1.388190
1.388206
1.388221
1.388236
1.388251
1.388267
1.388282
1.388297
1.388312
1.388328
1.388343
1.388358
1.388374
1.388389
1.388404
1.388420
1.388435
1.388450
1.388466
1.388481
1.388496
1.388512
1.388527
1.388542
1.388558
1.388573
1.388589
1.388604
1.388619
1.388635
1.388650
1.388666
1.388666
1.388681
1.388697
1.388712
1.388728
1.388743
1.388759
1.388774
1.388790
1.388805
1.388821
1.388836
1.388852
1.388867
1.388883
1.388899
1.388914
1.388930
1.388945
1.388961
1.388977
1.388992
1.389008
1.389024
1.389039
1.389055
1.389071
1.389087
1.389102
1.389118
1.389134
1.389150
1.389165
1.389181
1.389197
1.389213
1.389229
1.389245
1.389260
1.389276
1.389292
1.389308
1.389324
1.389340
1.389356
1.389372
1.389388
1.389404
1.389420
1.389436
1.389452
1.389468
1.389484
1.389500
1.389516
1.389532
1.389549
1.389565
1.389581
1.389597
1.389613
1.389630
1.389646
1.389662
1.389678
1.389695
1.389710
1.389728
1.389741
1.389763
1.389770
1.389802
1.389791
1.389855
1.389787
1.389946
1.389701
1.390120
1.389394
1.390202
1.389488
1.390150
1.389327
1.390062
1.389482
1.390010
1.389291
1.389979
1.389375
1.389935
1.389259
1.389907
1.389299
1.389879
1.389229
1.389856
1.389237
1.389828
1.389195
1.389805
1.389187
1.389780
1.389157
1.389758
1.389143
1.389734
1.389119
1.389713
1.389101
1.389691
1.389080
1.389670
1.389061
1.389648
1.389041
1.389628
1.389022
1.389607
1.389002
1.389587
1.388982
1.389566
1.388962
1.389545
1.388941
1.389524
1.388920
1.389503
1.388899
1.389482
1.388878
1.389461
1.388856
1.389439
1.388834
1.389418
1.388812
1.389396
1.388789
1.389374
1.388767
1.389352
1.388743
1.389330
1.388720
1.389308
1.388696
1.389285
1.388671
1.389262
1.388647
1.389239
1.388622
1.389216
1.388596
1.389192
1.388570
1.389168
1.388544
1.389144
1.388517
1.389119
1.388490
1.389094
1.388463
1.389068
1.388435
1.389042
1.388406
1.389016
1.388377
1.388989
1.388348
1.388962
1.388318
1.388935
1.388288
1.388907
1.388257
1.388879
1.388226
1.388850
1.388195
1.388821
1.388163
1.388792
1.388131
1.388762
1.388099
1.388733
1.388066
1.388702
1.388033
1.388672
1.388000
1.388641
1.387966
1.388610
1.387932
1.388579
1.387898
1.388547
1.387864
1.388515
1.387829
1.388483
1.387794
1.388451
1.387759
1.388418
1.387724
1.388385
1.387688
1.388352
1.387653
1.388319
1.387617
1.388286
1.387581
1.388252
1.387544
1.388218
1.387508
1.388184
1.387471
1.388150
1.387434
1.388116
1.387397
1.388081
1.387360
1.388046
1.387323
1.388011
1.387285
1.387976
1.387248
1.387940
1.387210
1.387905
1.387172
1.387869
1.387133
1.387833
1.387095
1.387796
1.387056
1.387760
1.387017
1.387723
1.386978
1.387686
1.386939
1.387649
1.386900
1.387612
1.386860
1.387574
1.386820
1.387536
1.386780
1.387498
1.386740
1.387460
1.386700
1.387421
1.386659
1.387383
1.386618
1.387344
1.386577
1.387304
1.386536
1.387265
1.386494
1.387225
1.386453
1.387186
1.386411
1.387146
1.386369
1.387105
1.386326
1.387065
1.386284
1.387024
1.386241
1.386983
1.386198
1.386942
1.386155
1.386901
1.386112
1.386859
1.386069
1.386817
1.386025
1.386775
1.385981
1.386733
1.385937
1.386691
1.385892
1.386648
1.385848
1.386605
1.385803
1.386562
1.385758
1.386519
1.385713
1.386476
1.385668
1.386432
1.385622
1.386388
1.385578
1.386344
1.385529
1.386300
1.385488
1.386256
1.385432
1.386210
1.385403
1.386168
1.385325
1.386117
1.385338
1.386082
1.385184
1.386014
1.385348
1.385991
1.384983
1.385889
1.385537
1.385767
1.385218
1.385942
1.384807
1.385801
1.385803
1.385285
1.385915
1.384891
1.385857
1.385635
1.385627
1.385492
1.385699
1.385290
1.386005
1.384518
1.385762
1.386294
1.384567
1.385820
1.386337
1.385174
1.386009
1.385960
1.385680
1.385974
1.385507
1.386135
1.385145
1.386100
1.385778
1.385962
1.385485
1.386184
1.384931
1.386014
1.386289
1.385101
1.386086
1.386141
1.385611
1.386265
1.385260
1.386206
1.385819
1.386080
1.385430
1.386257
1.385086
1.386105
1.386095
1.385563
1.386221
1.385087
1.386114
1.386118
1.385592
1.386248
1.385066
1.386107
1.386210
1.385464
1.386305
1.385281
1.386217
1.385728
1.386167
1.385149
1.386141
1.385754
1.386054
1.385261
1.386202
1.385144
1.386109
1.385589
1.386045
1.384940
1.385976
1.385837
1.385641
1.385867
1.385324
1.386174
1.384510
1.385905
1.386511
1.384575
1.385990
1.386529
1.385340
1.386167
1.386099
1.385844
1.386108
1.385651
1.386296
1.385172
1.386215
1.386191
1.385731
1.386355
1.385151
1.386246
1.386431
1.385423
1.386394
1.385922
1.386349
1.385373
1.386386
1.385838
1.386372
1.385084
1.386185
1.386429
1.385308
1.386329
1.386178
1.385997
1.386203
1.385736
1.386508
1.384839
1.386267
1.386893
1.384921
1.386383
1.386933
1.385703
1.386551
1.386503
1.386195
1.386518
1.385953
1.386700
1.385508
1.386567
1.386615
1.385972
1.386774
1.385527
1.386608
1.386749
1.385844
1.386780
1.385980
1.386793
1.385583
1.386617
1.386508
1.386177
1.386601
1.385656
1.386716
1.386079
1.386759
1.385136
1.386432
1.387023
1.385201
1.386561
1.386561
1.387115
1.385782
1.386706
1.386798
1.386230
1.386847
1.385949
1.386869
1.386095
1.386884
1.385651
1.386699
1.386674
1.386198
1.386839
1.385527
1.386680
1.387007
1.385620
1.386748
1.387067
1.385866
1.386900
1.386895
1.386404
1.387026
1.385814
1.386914
1.386979
1.386248
1.387133
1.385805
1.386922
1.387136
1.386018
1.387062
1.386760
1.386868
1.386477
1.387125
1.385562
1.386939
1.387574
1.385439
1.387162
1.387729
1.386254
1.387216
1.387430
1.386668
1.387402
1.386607
1.387414
1.386373
1.387350
1.386737
1.387359
1.386016
1.387172
1.387465
1.386173
1.387281
1.387416
1.386555
1.387502
1.386507
1.387472
1.386527
1.387437
1.386237
1.387272
1.386895
1.387121
1.386411
1.387376
1.385692
1.387078
1.387699
1.385646
1.387229
1.387807
1.386389
1.387347
1.387471
1.386808
1.387499
1.386535
1.387496
1.386708
1.387521
1.386144
1.387282
1.387515
1.386374
1.387448
1.387173
1.387222
1.386936
1.387424
1.386159
1.387395
1.387657
1.386227
1.387461
1.387852
1.386285
1.387558
1.388079
1.386395
1.387641
1.388154
1.386724
1.387784
1.387998
1.387092
1.388005
1.387154
1.388021
1.386761
1.387849
1.387684
1.387458
1.387726
1.387036
1.388088
1.386135
1.387866
1.388503
1.386213
1.388002
1.388562
1.387184
1.388095
1.388077
1.387643
1.388101
1.387250
1.388235
1.387104
1.388167
1.387560
1.388165
1.386655
1.387947
1.388474
1.386556
1.388113
1.388715
1.387031
1.388183
1.388615
1.387437
1.388396
1.388092
1.388169
1.387853
1.388337
1.387197
1.388399
1.388191
1.388064
1.388127
1.387895
1.388445
1.386788
1.388435
1.389159
1.386322
1.388701
1.389524
1.388292
1.388842
1.388456
1.388657
1.388271
1.388773
1.387692
1.388808
1.388228
1.388834
1.387278
1.388637
1.389236
1.387108
1.388922
1.389501
1.387735
1.388905
1.389349
1.388203
1.389138
1.388720
1.388987
1.388309
1.389202
1.387625
1.388954
1.389515
1.387559
1.389129
1.389751
1.388075
1.389239
1.389631
1.388443
1.389424
1.389058
1.389238
1.388712
1.389478
1.387832
1.389274
1.389935
1.387754
1.389547
1.390136
1.388485
1.389588
1.389892
1.388876
1.389782
1.389066
1.389768
1.388469
1.389631
1.389539
1.389144
1.389687
1.388339
1.389637
1.389914
1.388450
1.389731
1.390023
1.388607
1.389842
1.390039
1.388900
1.390030
1.389369
1.390032
1.388351
1.389764
1.390386
1.388218
1.390031
1.390636
1.388843
1.390055
1.390500
1.389254
1.390262
1.389922
1.390029
1.389618
1.390245
1.388740
1.390134
1.390699
1.388528
1.390454
1.391064
1.389089
1.390478
1.391032
1.389648
1.390664
1.390518
1.390244
1.390511
1.389865
1.390832
1.388887
1.390644
1.391348
1.388974
1.390917
1.391480
1.389857
1.390938
1.391121
1.390257
1.391097
1.390043
1.391076
1.390059
1.391078
1.389738
1.390914
1.390565
1.390679
1.390143
1.391007
1.388808
1.391013
1.391656
1.389029
1.391198
1.391719
1.390160
1.391166
1.391203
1.390604
1.391210
1.390107
1.391230
1.390416
1.391295
1.389511
1.390987
1.391642
1.389475
1.391262
1.391868
1.390080
1.391301
1.391694
1.390466
1.391502
1.391019
1.391366
1.390452
1.391553
1.390069
1.391349
1.391489
1.390378
1.391562
1.390578
1.391627
1.389828
1.391267
1.391826
1.389716
1.391432
1.392069
1.390197
1.391515
1.391998
1.390561
1.391674
1.391566
1.391175
1.391624
1.390546
1.391789
1.390785
1.391873
1.389996
1.391507
1.392139
1.389875
1.391800
1.392404
1.390472
1.391796
1.392277
1.390896
1.391982
1.391722
1.391638
1.391558
1.391591
1.391456
1.391764
1.390872
1.392230
1.390039
1.392115
1.392713
1.389941
1.392428
1.393010
1.391011
1.392264
1.392678
1.391494
1.392450
1.391769
1.392393
1.391062
1.392319
1.392020
1.392051
1.391711
1.392311
1.390589
1.392290
1.393052
1.390112
1.392830
1.393621
1.391504
1.392732
1.393137
1.392064
1.392938
1.392111
1.392892
1.391490
1.392737
1.392545
1.392337
1.392542
1.391935
1.393018
1.390315
1.393092
1.393981
1.390999
1.393286
1.393747
1.392365
1.393259
1.392881
1.392936
1.392573
1.392992
1.392003
1.393246
1.391829
1.393140
1.392829
1.392803
1.392548
1.392989
1.391660
1.393126
1.393052
1.392367
1.393387
1.390655
1.393445
1.394322
1.391130
1.393687
1.394230
1.392687
1.393564
1.393331
1.393173
1.393176
1.392991
1.393231
1.392602
1.393690
1.391187
1.393835
1.394423
1.391611
1.394015
1.394479
1.392766
1.393895
1.393984
1.393219
1.393977
1.392719
1.393934
1.393232
1.393966
1.392161
1.393716
1.394352
1.392088
1.394039
1.394645
1.392622
1.394065
1.394580
1.393060
1.394241
1.394082
1.393747
1.394071
1.393230
1.394403
1.392362
1.394176
1.394872
1.392364
1.394517
1.395060
1.393149
1.394475
1.394839
1.393539
1.394647
1.393988
1.394570
1.393191
1.394525
1.394155
1.394310
1.393621
1.394692
1.392165
1.394820
1.395347
1.395347
1.392623
1.394909
1.395364
1.393634
1.394833
1.394917
1.394103
1.394933
1.393521
1.394819
1.394435
1.394604
1.393915
1.394978
1.392520
1.395080
1.395599
1.392947
1.395175
1.395650
1.393868
1.395123
1.395290
1.394305
1.395281
1.393940
1.395186
1.394420
1.395215
1.393284
1.394946
1.395632
1.393225
1.395323
1.395900
1.393845
1.395312
1.395807
1.394263
1.395491
1.395268
1.395036
1.395175
1.394705
1.395529
1.393368
1.395571
1.396256
1.393417
1.396042
1.396475
1.394458
1.395835
1.396214
1.394882
1.396012
1.395275
1.395946
1.394417
1.395825
1.395735
1.395219
1.395935
1.394061
1.395822
1.396557
1.393805
1.396443
1.396860
1.394714
1.396221
1.396723
1.395178
1.396406
1.396083
1.396017
1.395818
1.396036
1.395420
1.396542
1.393710
1.396788
1.397475
1.394282
1.397015
1.397438
1.395672
1.396826
1.396752
1.396205
1.396698
1.395619
1.396863
1.395376
1.396765
1.396281
1.396595
1.395474
1.396870
1.395113
1.396650
1.396879
1.395283
1.396757
1.396622
1.396131
1.396820
1.394849
1.396706
1.397427
1.394535
1.397336
1.397741
1.395505
1.397079
1.397598
1.395978
1.397244
1.396983
1.396778
1.396836
1.396522
1.397100
1.395482
1.397156
1.397585
1.395386
1.397446
1.398111
1.395453
1.397858
1.398356
1.396178
1.397729
1.398212
1.396590
1.397898
1.397635
1.397446
1.397480
1.397208
1.397704
1.396272
1.397894
1.397660
1.397425
1.397640
1.396831
1.398295
1.394620
1.397718
1.400466
1.398961
1.398565
1.398235
1.398320
1.398085
1.398332
1.397526
1.398580
1.396220
1.398447
1.399174
1.396475
1.398911
1.399383
1.397287
1.398781
1.399176
1.397695
1.398962
1.398309
1.398853
1.397403
1.398875
1.398248
1.398862
1.396946
1.398695
1.399303
1.396779
1.399154
1.399687
1.397313
1.399146
1.399747
1.397796
1.399250
1.399476
1.398222
1.399458
1.398160
1.399450
1.397891
1.399313
1.398503
1.399310
1.397080
1.399097
1.399837
1.397043
1.399619
1.400038
1.397916
1.399444
1.399829
1.398310
1.399638
1.398959
1.399514
1.397959
1.399490
1.399068
1.399265
1.398356
1.399718
1.396762
1.399978
1.400360
1.397514
1.399868
1.400319
1.398406
1.399823
1.399887
1.398926
1.399941
1.398115
1.399701
1.399915
1.398520
1.399988
1.398853
1.400103
1.397640
1.399846
1.400486
1.397787
1.400114
1.400650
1.398494
1.400083
1.400496
1.398857
1.400247
1.399763
1.399960
1.399133
1.400327
1.397682
1.400449
1.400868
1.398269
1.400425
1.400998
1.398866
1.400482
1.400892
1.399199
1.400624
1.400208
1.400260
1.399755
1.400551
1.398354
1.400571
1.401320
1.398179
1.401313
1.401589
1.399391
1.400967
1.401304
1.399795
1.401148
1.400225
1.401125
1.399007
1.400832
1.401463
1.399013
1.401147
1.401797
1.399398
1.401280
1.401886
1.399807
1.401393
1.401683
1.400214
1.401617
1.400564
1.401675
1.399331
1.401370
1.402075
1.399405
1.401722
1.402302
1.400037
1.401738
1.402211
1.400406
1.401892
1.401647
1.401310
1.401577
1.400708
1.402087
1.399023
1.402438
1.402690
1.400041
1.402100
1.402655
1.400621
1.402201
1.402369
1.401080
1.402377
1.400684
1.402227
1.401538
1.402155
1.400188
1.402015
1.402456
1.400212
1.402229
1.402858
1.400238
1.402540
1.403155
1.400685
1.402599
1.403182
1.401077
1.402699
1.402942
1.401508
1.402935
1.401571
1.402967
1.400928
1.402649
1.402839
1.401297
1.402894
1.401748
1.403036
1.400121
1.403022
1.403335
1.400852
1.402813
1.403376
1.401185
1.402927
1.403324
1.401462
1.403055
1.402793
1.402438
1.402754
1.401701
1.403302
1.400154
1.403654
1.403747
1.401291
1.403169
1.403652
1.401610
1.403311
1.403469
1.402045
1.403507
1.401780
1.403388
1.402423
1.403464
1.400550
1.403536
1.403854
1.401301
1.403379
1.403953
1.401635
1.403481
1.403983
1.401881
1.403592
1.403776
1.402338
1.403858
1.402218
1.403818
1.402405
1.403865
1.401316
1.403516
1.404164
1.401289
1.403931
1.404415
1.401954
1.403851
1.404373
1.402271
1.403961
1.404074
1.402806
1.404226
1.402047
1.403932
1.404354
1.402131
1.404079
1.404571
1.402235
1.404260
1.404846
1.402319
1.404450
1.405074
1.402556
1.404591
1.405196
1.402842
1.404711
1.405179
1.403115
1.404846
1.404897
1.403740
1.405133
1.402560
1.404933
1.405611
1.402622
1.405383
1.405819
1.403430
1.405268
1.405675
1.403760
1.405412
1.404985
1.404925
1.404529
1.405109
1.403244
1.405264
1.405509
1.403488
1.405470
1.405623
1.403893
1.405734
1.404699
1.405876
1.402172
1.406137
1.406850
1.402973
1.406451
1.406658
1.404576
1.406017
1.405582
1.405441
1.405175
1.405365
1.404636
1.406000
1.402183
1.406192
1.407847
1.405066
1.406508
1.406405
1.405591
1.406418
1.404547
1.406310
1.405720
1.405937
1.404779
1.406442
1.403187
1.406920
1.406777
1.404707
1.406372
1.405807
1.405991
1.405021
1.406492
1.402846
1.402846
1.406871
1.407438
1.403783
1.406986
1.407175
1.405253
1.406726
1.405969
1.406414
1.404915
1.406579
1.404672
1.406476
1.405752
1.406358
1.404119
1.406277
1.406861
1.403894
1.406923
1.407185
1.404731
1.406718
1.407127
1.404986
1.406837
1.406816
1.405676
1.407080
1.404102
1.407150
1.407487
1.404812
1.407037
1.407592
1.405101
1.407157
1.407673
1.405319
1.407259
1.407570
1.405665
1.407455
1.406777
1.407269
1.405382
1.407335
1.406822
1.407019
1.405768
1.407608
1.403786
1.407986
1.408998
1.404388
1.408352
1.409117
1.406614
1.408031
1.407831
1.407165
1.407656
1.406304
1.407952
1.405540
1.407711
1.408277
1.405559
1.408046
1.408681
1.405854
1.408294
1.408876
1.406281
1.408335
1.408813
1.406624
1.408476
1.408392
1.407450
1.408629
1.405727
1.408723
1.409167
1.406295
1.408785
1.409342
1.406748
1.408865
1.409370
1.407035
1.408961
1.409089
1.407592
1.409244
1.406954
1.408971
1.409092
1.407446
1.409253
1.407237
1.409136
1.408148
1.409150
1.405807
1.409505
1.409322
1.407478
1.409193
1.407462
1.409177
1.406737
1.408811
1.408976
1.407036
1.408952
1.407924
1.409072
1.405445
1.409598
1.409375
1.407273
1.409020
1.407975
1.408981
1.406009
1.409005
1.409435
1.406417
1.409095
1.409617
1.406911
1.409171
1.409728
1.407112
1.409275
1.409729
1.407350
1.409396
1.409597
1.407827
1.409695
1.407990
1.409774
1.407048
1.409410
1.409911
1.407014
1.409678
1.410240
1.407285
1.409877
1.410432
1.407636
1.409927
1.410466
1.407898
1.410033
1.410412
1.408189
1.410185
1.409932
1.409284
1.410084
1.407461
1.410240
1.410889
1.407272
1.411262
1.410932
1.409282
1.410847
1.408353
1.410470
1.410604
1.408780
1.410703
1.408800
1.410716
1.408485
1.410511
1.409621
1.410356
1.407376
1.410514
1.410890
1.407762
1.410795
1.411115
1.408380
1.410697
1.411160
1.408526
1.410793
1.411192
1.408696
1.410902
1.411166
1.409027
1.411105
1.410462
1.410754
1.409111
1.411217
1.408253
1.411204
1.411475
1.408535
1.411258
1.411758
1.408682
1.411541
1.412013
1.409021
1.411566
1.412105
1.409261
1.411681
1.412222
1.409426
1.411829
1.412342
1.409590
1.411980
1.412483
1.409745
1.412151
1.412646
1.409887
1.412322
1.412826
1.410020
1.412499
1.413024
1.410154
1.412685
1.413230
1.410314
1.412867
1.413417
1.410510
1.413028
1.413569
1.410714
1.413172
1.413687
1.410907
1.413308
1.413772
1.411101
1.413439
1.413798
1.411351
1.413575
1.413539
1.412117
1.413939
1.410106
1.414549
1.413933
1.412553
1.413826
1.410605
1.413798
1.414253
1.411062
1.413939
1.414348
1.411527
1.413908
1.414344
1.411747
1.414030
1.414170
1.412219
1.414275
1.412303
1.414335
1.411654
1.413991
1.414011
1.412162
1.414262
1.411579
1.414001
1.414140
1.411851
1.414106
1.413337
1.413818
1.411345
1.413892
1.414123
1.411473
1.414106
1.414417
1.411493
1.414379
1.414825
1.411471
1.414846
1.415010
1.412271
1.414633
1.414764
1.412687
1.414853
1.413015
1.415007
1.411106
1.415386
1.414620
1.413632
1.414418
1.411577
1.414453
1.415048
1.411299
1.415507
1.414912
1.413622
1.414939
1.411296
1.415415
1.414989
1.413355
1.415058
1.411357
1.415368
1.415056
1.413245
1.415126
1.411778
1.414968
1.415304
1.412216
1.414999
1.415424
1.412407
1.415128
1.415614
1.412515
1.415333
1.415805
1.412693
1.415504
1.416000
1.412880
1.415697
1.416183
1.413081
1.415857
1.416342
1.413274
1.416017
1.416495
1.413448
1.416182
1.416650
1.413613
1.416347
1.416810
1.413772
1.416516
1.416975
1.413928
1.416687
1.417146
1.414085
1.416858
1.417316
1.414246
1.417027
1.417483
1.414411
1.417191
1.417644
1.414577
1.417350
1.417797
1.414741
1.417506
1.417945
1.414903
1.417659
1.418089
1.415062
1.417811
1.418228
1.415218
1.417960
1.418363
1.415374
1.418106
1.418489
1.415534
1.418245
1.418595
1.415709
1.418372
1.418642
1.415960
1.418490
1.418374
1.416821
1.418888
1.414101
1.419358
1.420911
1.415367
1.420210
1.420468
1.417651
1.419436
1.418574
1.418740
1.417429
1.419164
1.414926
1.420166
1.419505
1.417812
1.419371
1.415860
1.419346
1.419670
1.416567
1.419255
1.419514
1.416937
1.419348
1.418790
1.418593
1.418097
1.418741
1.415979
1.419217
1.419634
1.415860
1.420365
1.419292
1.419101
1.417924
1.419541
1.414336
1.419285
1.422967
1.420050
1.420605
1.418834
1.420116
1.417533
1.419915
1.419142
1.419182
1.417872
1.419888
1.414534
1.419337
1.424770
1.422724
1.420862
1.420946
1.420198
1.420711
1.419004
1.421085
1.417264
1.421200
1.420912
1.419077
1.421082
1.417515
1.421108
1.421186
1.418472
1.420862
1.420114
1.420244
1.418858
1.421034
1.415428
1.420217
1.425620
1.423908
1.421512
1.421993
1.421133
1.421651
1.419932
1.421912
1.418262
1.421789
1.421962
1.419304
1.421755
1.421117
1.421092
1.420109
1.420109
1.421664
1.416624
1.422010
1.424350
1.421028
1.422637
1.421220
1.422069
1.419560
1.421969
1.420768
1.421756
1.418033
1.422174
1.421962
1.419958
1.422167
1.418529
1.422066
1.422139
1.419426
1.421897
1.420960
1.421506
1.418812
1.421605
1.421404
1.419964
1.422044
1.416313
1.421265
1.426853
1.424190
1.423202
1.422407
1.422386
1.421719
1.422381
1.419981
1.422548
1.421109
1.422755
1.417629
1.423389
1.425150
1.419279
1.424455
1.424290
1.421766
1.423396
1.421650
1.423185
1.419919
1.422817
1.423208
1.420355
1.422969
1.422733
1.421632
1.423123
1.418665
1.424378
1.423017
1.422686
1.421438
1.422839
1.418672
1.423980
1.422392
1.422792
1.419757
1.422390
1.422048
1.421242
1.422286
1.418369
1.423389
1.421722
1.422616
1.418347
1.422866
1.422180
1.421072
1.422059
1.418459
1.422358
1.422332
1.419734
1.422301
1.420599
1.422531
1.417050
1.422753
1.424758
1.419668
1.423306
1.423193
1.421202
1.422851
1.420083
1.422547
1.421377
1.422297
1.418846
1.422474
1.422833
1.419504
1.422692
1.422923
1.420065
1.422771
1.422155
1.421865
1.421491
1.421782
1.420215
1.422984
1.416347
1.422620
1.427670
1.429257
1.425607
1.425286
1.424956
1.424536
1.424139
1.423728
1.423459
1.423175
1.423289
1.422720
1.424133
1.419408
1.425563
1.426760
1.420321
1.425961
1.427261
1.423710
1.425598
1.424893
1.424449
1.424179
1.423925
1.423896
1.423510
1.424199
1.421721
1.424737
1.424438
1.423485
1.424990
1.419677
1.425643
1.427969
1.422509
1.426656
1.426078
1.424523
1.425566
1.423083
1.425454
1.423391
1.425487
1.421573
1.425411
1.425501
1.422904
1.425386
1.423599
1.425524
1.420886
1.426260
1.424647
1.424925
1.422446
1.424883
1.422379
1.424908
1.422302
1.424775
1.422012
1.424551
1.422398
1.424684
1.420087
1.425263
1.423590
1.424048
1.421077
1.423757
1.422856
1.423403
1.420640
1.423555
1.422774
1.423002
1.421005
1.423789
1.418900
1.425009
1.423094
1.423471
1.420199
1.423006
1.422585
1.421802
1.422678
1.419076
1.423324
1.422789
1.421440
1.423211
1.417568
1.423461
1.425963
1.421621
1.423974
1.423603
1.422352
1.423529
1.420240
1.423421
1.423538
1.420911
1.423623
1.421708
1.424011
1.418441
1.424620
1.425732
1.419851
1.425284
1.424529
1.422860
1.424006
1.421261
1.423865
1.422256
1.423972
1.419099
1.425034
1.423244
1.423738
1.420612
1.423382
1.422660
1.422745
1.421337
1.423615
1.417244
1.422514
1.428174
1.428752
1.424572
1.425309
1.424850
1.424431
1.424147
1.423733
1.423712
1.423021
1.424245
1.420276
1.425885
1.423576
1.425400
1.419962
1.425809
1.424245
1.424151
1.422397
1.424304
1.419774
1.425106
1.423463
1.423916
1.420937
1.423681
1.422497
1.423701
1.419216
1.424769
1.422630
1.423967
1.419158
1.424138
1.423080
1.422589
1.422046
1.422252
1.420900
1.423373
1.416455
1.422555
1.427910
1.430828
1.426637
1.425995
1.425760
1.425379
1.424902
1.424533
1.424126
1.424053
1.423661
1.424341
1.422300
1.425250
1.421973
1.425176
1.424812
1.423374
1.425268
1.419975
1.426469
1.425801
1.423211
1.425351
1.422057
1.424854
1.424147
1.423932
1.423230
1.424118
1.420704
1.424738
1.424665
1.422169
1.424982
1.421504
1.424716
1.424355
1.422900
1.424844
1.419087
1.425503
1.427314
1.420604
1.426564
1.426275
1.423579
1.425404
1.423160
1.425233
1.421711
1.424819
1.424821
1.422771
1.425232
1.420950
1.425639
1.424742
1.423981
1.424143
1.422736
1.425121
1.418739
1.424379
1.430494
1.425647
1.426770
1.425519
1.425644
1.424643
1.425602
1.422756
1.425613
1.424262
1.425616
1.421232
1.426516
1.425028
1.425510
1.422416
1.425341
1.424207
1.425186
1.421214
1.425603
1.425111
1.423558
1.425451
1.420100
1.426746
1.425144
1.424775
1.423309
1.424912
1.420288
1.426160
1.423810
1.425350
1.420269
1.425363
1.424255
1.423835
1.423151
1.423696
1.421363
1.424427
1.420806
1.424399
1.424012
1.422389
1.424637
1.418468
1.424708
1.427383
1.422964
1.425253
1.424426
1.424007
1.423776
1.423519
1.423490
1.422921
1.424070
1.419555
1.426334
1.422309
1.425074
1.423028
1.424605
1.419880
1.425135
1.423573
1.423953
1.420980
1.423907
1.421842
1.424333
1.418283
1.424905
1.425885
1.419911
1.425379
1.424282
1.423262
1.423558
1.421979
1.424159
1.418896
1.425525
1.423412
1.424056
1.420562
1.423572
1.423062
1.422545
1.422774
1.421268
1.423945
1.416729
1.422717
1.428299
1.431532
1.427162
1.426565
1.426277
1.425859
1.425407
1.425032
1.424682
1.424558
1.424316
1.424687
1.423556
1.426046
1.419201
1.424902
1.431141
1.430975
1.426214
1.427583
1.427280
1.426620
1.426610
1.425679
1.426478
1.424026
1.426870
1.424433
1.427167
1.423513
1.426821
1.426602
1.424914
1.427004
1.422074
1.427978
1.425657
1.427019
1.422577
1.426397
1.426526
1.423920
1.426528
1.423423
1.423423
1.426278
1.424370
1.426400
1.421210
1.427313
1.424895
1.426282
1.421842
1.425644
1.425797
1.423136
1.425831
1.422784
1.425650
1.423380
1.425809
1.420714
1.426465
1.424257
1.425467
1.421162
1.424950
1.425094
1.422395
1.425187
1.422092
1.425020
1.422733
1.425204
1.419851
1.426069
1.423412
1.424998
1.420330
1.424376
1.424363
1.421905
1.424517
1.420559
1.424166
1.424045
1.421895
1.424492
1.419474
1.425367
1.422859
1.424500
1.419528
1.424249
1.423592
1.422304
1.423550
1.419571
1.423763
1.423554
1.421407
1.424063
1.418634
1.425250
1.422305
1.424160
1.419196
1.423515
1.423237
1.421229
1.423504
1.418558
1.424165
1.422167
1.423239
1.418959
1.422916
1.422932
1.420407
1.423267
1.419061
1.423106
1.422720
1.420966
1.423218
1.417388
1.424458
1.423297
1.421604
1.422858
1.418886
1.422802
1.422824
1.420252
1.423202
1.418853
1.423170
1.422530
1.421332
1.422713
1.417940
1.424103
1.420909
1.423399
1.418338
1.422943
1.422184
1.421096
1.422059
1.418465
1.422267
1.421977
1.420260
1.422793
1.415865
1.421774
1.427665
1.422309
1.424129
1.423047
1.422812
1.422210
1.422612
1.420843
1.423564
1.417214
1.424020
1.426414
1.419817
1.425196
1.424103
1.423025
1.423342
1.421766
1.423884
1.418743
1.425169
1.422284
1.424231
1.419447
1.423606
1.423501
1.421258
1.423767
1.419104
1.423935
1.422961
1.422378
1.422202
1.421723
1.422481
1.419479
1.423127
1.422074
1.422865
1.418618
1.423770
1.421912
1.423566
1.417019
1.424093
1.424911
1.418787
1.424521
1.422956
1.422642
1.421576
1.422663
1.419216
1.422860
1.422456
1.421277
1.423012
1.417280
1.424671
1.423357
1.421971
1.422751
1.419474
1.422893
1.421706
1.422835
1.417968
1.424024
1.420788
1.423380
1.418304
1.423023
1.422103
1.421339
1.421572
1.419910
1.422764
1.415271
1.420970
1.426791
1.428487
1.424729
1.424538
1.424127
1.423764
1.423402
1.423108
1.422825
1.422782
1.422475
1.423195
1.420755
1.424267
1.420640
1.424238
1.422959
1.423729
1.419850
1.423959
1.423516
1.422044
1.424122
1.417451
1.424292
1.427012
1.420586
1.425307
1.424514
1.423114
1.424069
1.421307
1.424376
1.420920
1.424193
1.422511
1.424271
1.418742
1.425653
1.422152
1.424525
1.420029
1.423520
1.423307
1.421579
1.423810
1.418231
1.425160
1.421799
1.424005
1.419330
1.423086
1.423051
1.420826
1.423496
1.418319
1.424215
1.421695
1.423450
1.418292
1.423379
1.422316
1.421867
1.421311
1.421689
1.419902
1.423078
1.415415
1.421165
1.427261
1.428357
1.424112
1.424615
1.424019
1.423775
1.423256
1.423297
1.422355
1.423757
1.419601
1.424651
1.423662
1.423443
1.422420
1.423963
1.418829
1.425848
1.421444
1.424389
1.422191
1.423872
1.419272
1.423828
1.423317
1.421735
1.423529
1.418407
1.424670
1.421720
1.424032
1.418583
1.423808
1.422482
1.422424
1.420885
1.423009
1.417217
1.424619
1.421416
1.423386
1.418281
1.422566
1.422349
1.420347
1.422718
1.417460
1.423492
1.420879
1.422750
1.417552
1.422585
1.421607
1.421016
1.420851
1.420316
1.421171
1.417895
1.421829
1.420945
1.421176
1.418888
1.422320
1.415370
1.422091
1.425049
1.419028
1.422825
1.422531
1.420679
1.422468
1.418402
1.422207
1.421869
1.420289
1.422431
1.416714
1.424117
1.420403
1.422864
1.418394
1.421802
1.421340
1.420326
1.421503
1.417531
1.421852
1.421283
1.420159
1.421623
1.416515
1.423386
1.418904
1.422063
1.420023
1.421581
1.416793
1.421869
1.420669
1.420638
1.418936
1.421502
1.414564
1.421334
1.424439
1.419288
1.422072
1.421312
1.420711
1.420863
1.419769
1.421654
1.415769
1.423460
1.420631
1.422200
1.416965
1.421731
1.421101
1.419880
1.421135
1.417038
1.421385
1.420872
1.419657
1.421324
1.415797
1.423189
1.418658
1.421653
1.419285
1.421223
1.416289
1.421436
1.420169
1.420213
1.418345
1.421050
1.414351
1.421638
1.423583
1.416022
1.422771
1.421279
1.420384
1.420306
1.419493
1.420542
1.417193
1.420912
1.419951
1.420477
1.417670
1.421183
1.417421
1.421124
1.419694
1.420883
1.415892
1.421920
1.418760
1.421484
1.415674
1.421612
1.419072
1.420814
1.415662
1.420632
1.419631
1.419155
1.418803
1.418855
1.418198
1.419820
1.413608
1.421059
1.423146
1.414204
1.420726
1.423336
1.420174
1.421371
1.419160
1.421065
1.417480
1.420853
1.419702
1.420511
1.417407
1.420897
1.418741
1.421515
1.414733
1.422326
1.421606
1.418623
1.421207
1.417411
1.420786
1.419548
1.420454
1.416858
1.420530
1.419530
1.420119
1.417146
1.420715
1.417551
1.420946
1.416745
1.420574
1.419524
1.419723
1.417709
1.420893
1.413296
1.419461
1.425006
1.419475
1.421632
1.420532
1.420501
1.419669
1.420651
1.417538
1.421058
1.418663
1.421592
1.415187
1.422830
1.419590
1.421483
1.416519
1.420544
1.420400
1.418453
1.420916
1.415381
1.421942
1.418480
1.418480
1.421000
1.416443
1.420131
1.419806
1.418431
1.420271
1.415016
1.421581
1.417841
1.420650
1.416576
1.419887
1.418530
1.419658
1.415581
1.419742
1.419166
1.418200
1.419389
1.415080
1.420257
1.418463
1.420050
1.413891
1.421369
1.417228
1.420008
1.416244
1.419322
1.416582
1.419494
1.414131
1.419888
1.417392
1.419245
1.413870
1.419380
1.417659
1.418567
1.414692
1.418412
1.417502
1.417775
1.415751
1.419023
1.411464
1.417657
1.422722
1.417600
1.419685
1.418170
1.418867
1.416761
1.419526
1.414041
1.420334
1.417178
1.419530
1.414638
1.418922
1.418590
1.416961
1.419039
1.413553
1.420276
1.416461
1.419257
1.415272
1.418526
1.416775
1.418608
1.413230
1.419520
1.416289
1.418824
1.413610
1.418324
1.417531
1.416751
1.417221
1.415106
1.418428
1.411430
1.418717
1.420810
1.413144
1.419846
1.418049
1.417776
1.416715
1.417722
1.414789
1.418238
1.414972
1.418351
1.415047
1.418346
1.414693
1.418122
1.415760
1.418465
1.411977
1.419557
1.416061
1.418258
1.413372
1.417264
1.416994
1.415417
1.417504
1.412014
1.418752
1.414818
1.417690
1.414004
1.417143
1.414481
1.417393
1.411964
1.417804
1.415142
1.417173
1.411853
1.417058
1.415730
1.415998
1.413826
1.416825
1.410558
1.418203
1.414560
1.416881
1.412073
1.415847
1.415523
1.414182
1.415980
1.410819
1.417081
1.413611
1.416415
1.411630
1.415664
1.415170
1.414032
1.415462
1.410889
1.416185
1.414201
1.415981
1.409949
1.417060
1.412969
1.415805
1.412219
1.415267
1.412072
1.415265
1.411304
1.414907
1.413469
1.414733
1.410121
1.415221
1.413605
1.414812
1.409901
1.415282
1.413226
1.415052
1.408992
1.416081
1.412018
1.414842
1.411089
1.414245
1.411521
1.414494
1.409019
1.414983
1.412040
1.414380
1.408947
1.414231
1.412695
1.413354
1.410241
1.413685
1.410164
1.413678
1.410894
1.414013
1.407941
1.414943
1.410681
1.413555
1.410273
1.413201
1.409092
1.412789
1.411702
1.412231
1.409540
1.413066
1.407791
1.413990
1.409866
1.412950
1.409594
1.412690
1.408500
1.412285
1.411163
1.411697
1.408884
1.412458
1.407547
1.412961
1.410038
1.412717
1.406368
1.413375
1.409611
1.412255
1.407776
1.411370
1.410449
1.410604
1.409139
1.411806
1.404209
1.409926
1.416598
1.410164
1.412620
1.412072
1.411304
1.411752
1.410288
1.412639
1.406657
1.414146
1.410113
1.412790
1.409058
1.412173
1.409690
1.412462
1.406979
1.412930
1.410066
1.412312
1.407134
1.411958
1.410960
1.410725
1.410004
1.411058
1.407419
1.411618
1.410452
1.411439
1.406930
1.412082
1.409902
1.412196
1.405046
1.412612
1.412024
1.408861
1.411734
1.407698
1.411282
1.409934
1.411160
1.406769
1.411413
1.410228
1.410811
1.407761
1.411406
1.407622
1.411350
1.409088
1.411788
1.404485
1.411883
1.413003
1.406415
1.412274
1.410430
1.410917
1.408650
1.411520
1.406161
1.412233
1.409062
1.411636
1.406555
1.411098
1.410356
1.409731
1.410087
1.408486
1.411495
1.403643
1.409306
1.416221
1.409654
1.412066
1.411579
1.410807
1.411243
1.409928
1.411974
1.406855
1.412886
1.409907
1.412401
1.407374
1.411855
1.411188
1.410389
1.411057
1.408694
1.412103
1.406297
1.413321
1.408448
1.411597
1.409847
1.411059
1.407532
1.411096
1.409426
1.411437
1.405482
1.412670
1.408221
1.411209
1.408648
1.410996
1.406306
1.410713
1.410028
1.409347
1.409848
1.407906
1.411199
1.403998
1.411231
1.413196
1.405692
1.412098
1.410104
1.410519
1.408600
1.410895
1.406414
1.410785
1.410122
1.409474
1.409996
1.408190
1.411349
1.404323
1.411857
1.412219
1.406926
1.410927
1.410601
1.409292
1.410881
1.406943
1.410836
1.410140
1.409872
1.409637
1.409916
1.408985
1.411369
1.403678
1.409746
1.414911
1.409104
1.411761
1.411104
1.410614
1.410753
1.410031
1.411209
1.407777
1.411515
1.410312
1.411576
1.407258
1.411807
1.410894
1.410904
1.409697
1.411891
1.405544
1.413497
1.409160
1.411902
1.408420
1.411333
1.408236
1.411376
1.407753
1.411141
1.408938
1.411464
1.405768
1.412180
1.408713
1.411365
1.407085
1.410576
1.409754
1.409942
1.408697
1.410943
1.404887
1.412563
1.407600
1.410711
1.408946
1.410170
1.406933
1.410356
1.407958
1.410831
1.405032
1.411433
1.407874
1.410544
1.406538
1.409876
1.408539
1.409819
1.405953
1.409831
1.409015
1.409185
1.407804
1.410385
1.403441
1.411148
1.410894
1.406826
1.410031
1.408468
1.410044
1.405810
1.410009
1.409344
1.408810
1.409123
1.407856
1.410575
1.403051
1.409879
1.412981
1.406448
1.410684
1.410305
1.409036
1.410318
1.407429
1.410721
1.407309
1.410660
1.408049
1.410980
1.405909
1.410934
1.409444
1.410230
1.407186
1.410585
1.407327
1.410714
1.407286
1.410627
1.407430
1.410673
1.406649
1.410294
1.408936
1.410196
1.405981
1.410289
1.409461
1.409446
1.408434
1.410424
1.404214
1.412266
1.412266
1.407151
1.410363
1.408356
1.409896
1.405971
1.409762
1.408824
1.409290
1.407045
1.410383
1.404007
1.411742
1.406775
1.409862
1.407839
1.409481
1.405583
1.409345
1.408396
1.408914
1.406595
1.409952
1.403910
1.411222
1.406066
1.409390
1.407920
1.408704
1.406221
1.409480
1.404459
1.409691
1.407554
1.409298
1.404377
1.409178
1.408179
1.408265
1.406954
1.409242
1.403009
1.410872
1.405984
1.409060
1.406859
1.408719
1.404572
1.408477
1.407810
1.407547
1.407303
1.407559
1.406694
1.409009
1.401490
1.408079
1.411543
1.405801
1.409085
1.408686
1.407780
1.408758
1.406224
1.409550
1.404672
1.409524
1.408024
1.408959
1.405661
1.409214
1.406720
1.409783
1.403692
1.410554
1.406257
1.409213
1.406416
1.409082
1.404788
1.408662
1.407955
1.407723
1.407433
1.407843
1.406555
1.409496
1.401331
1.407278
1.412825
1.406799
1.409450
1.408907
1.408394
1.408683
1.407805
1.409322
1.405272
1.409520
1.408780
1.408633
1.408176
1.409039
1.406336
1.410040
1.405499
1.409945
1.408412
1.409628
1.405324
1.409612
1.408791
1.408774
1.407771
1.409723
1.403683
1.411640
1.405633
1.409793
1.408200
1.408723
1.406675
1.409574
1.403993
1.410336
1.406648
1.409466
1.405476
1.408867
1.407305
1.409054
1.404401
1.409114
1.408038
1.408309
1.406593
1.409434
1.402943
1.410832
1.406001
1.408983
1.406600
1.408701
1.404605
1.408427
1.407662
1.407694
1.406763
1.408527
1.403395
1.409904
1.405440
1.408768
1.406423
1.408731
1.403775
1.408639
1.407488
1.407795
1.405914
1.408805
1.402541
1.410151
1.405114
1.408300
1.406485
1.407833
1.404496
1.408023
1.405652
1.408531
1.402697
1.409012
1.405583
1.408255
1.403979
1.407554
1.406568
1.407147
1.404995
1.408203
1.402199
1.409285
1.404464
1.407647
1.405753
1.407343
1.403581
1.407276
1.405969
1.407317
1.403073
1.407368
1.406491
1.406669
1.405265
1.407863
1.401006
1.409083
1.405724
1.407794
1.402849
1.406843
1.406434
1.405582
1.406671
1.403501
1.407196
1.404260
1.407619
1.402376
1.407558
1.405571
1.407218
1.402419
1.407048
1.406112
1.406184
1.405013
1.407168
1.401146
1.408841
1.403184
1.406953
1.405586
1.405980
1.404338
1.406943
1.401179
1.408048
1.403538
1.406652
1.404211
1.406564
1.402180
1.406250
1.405579
1.405252
1.405190
1.405029
1.405455
1.404189
1.407200
1.398723
1.404562
1.410454
1.403983
1.406877
1.406553
1.405708
1.406450
1.404805
1.407302
1.402234
1.407546
1.405741
1.407041
1.403346
1.406929
1.405557
1.407096
1.402722
1.407066
1.406290
1.406150
1.405627
1.406569
1.403723
1.407442
1.403454
1.407278
1.405414
1.407552
1.401640
1.408407
1.404160
1.407270
1.404236
1.407124
1.402926
1.406706
1.405678
1.406301
1.403966
1.407294
1.401577
1.408068
1.403965
1.407012
1.403772
1.406815
1.403127
1.406625
1.404404
1.406998
1.401495
1.407213
1.404807
1.406820
1.402011
1.406363
1.405750
1.405218
1.405633
1.404251
1.406994
1.400052
1.408209
1.404564
1.406813
1.402234
1.405867
1.405139
1.405229
1.404401
1.405950
1.401539
1.406432
1.404837
1.406269
1.401581
1.406274
1.405172
1.405672
1.403348
1.406708
1.400619
1.407699
1.402733
1.406051
1.404249
1.405711
1.402139
1.405799
1.403856
1.406283
1.400446
1.406911
1.403291
1.406132
1.402032
1.405517
1.403967
1.405641
1.401286
1.405576
1.404723
1.404800
1.403762
1.405762
1.400203
1.407207
1.402006
1.405660
1.404132
1.405075
1.402311
1.405733
1.401344
1.405461
1.404251
1.404988
1.402251
1.405788
1.401018
1.405710
1.404148
1.405334
1.401363
1.405330
1.404030
1.405412
1.400882
1.405580
1.404247
1.405247
1.401524
1.405450
1.403575
1.406017
1.399417
1.407155
1.402112
1.405384
1.403312
1.405108
1.401122
1.404982
1.403707
1.404947
1.401045
1.405066
1.403668
1.405222
1.400342
1.405574
1.403631
1.405474
1.400092
1.405683
1.403461
1.405466
1.400223
1.405321
1.403887
1.404750
1.401659
1.405278
1.401403
1.405191
1.402816
1.405613
1.399509
1.406222
1.402271
1.405271
1.401438
1.404823
1.402229
1.405182
1.399989
1.405040
1.403489
1.404457
1.401214
1.404853
1.401537
1.405086
1.400958
1.404750
1.402779
1.405031
1.399388
1.405549
1.402366
1.405105
1.400026
1.404432
1.403625
1.403463
1.403045
1.403759
1.401572
1.405245
1.398112
1.406315
1.401850
1.404652
1.400933
1.404133
1.401193
1.404379
1.399892
1.403945
1.402804
1.403451
1.401083
1.404486
1.398723
1.405206
1.401089
1.404211
1.400709
1.403951
1.400561
1.403987
1.400483
1.403951
1.400535
1.403959
1.400210
1.403802
1.401071
1.404159
1.398749
1.404075
1.402110
1.403683
1.399295
1.403435
1.402460
1.402956
1.400877
1.404146
1.397600
1.405326
1.400080
1.403426
1.401564
1.403005
1.399625
1.403245
1.400459
1.403667
1.398405
1.403414
1.401834
1.402890
1.399550
1.403205
1.403205
