0.522852
0.481301
0.479653
0.478066
0.477044
0.476465
0.475855
0.474769
0.473010
0.470631
0.467775
0.464558
0.461051
0.457316
0.453418
0.449441
0.445481
0.441638
0.438005
0.434652
0.431626
0.428940
0.426586
0.424536
0.422755
0.421205
0.419848
0.418650
0.417576
0.416600
0.415698
0.414854
0.414055
0.413289
0.412550
0.411831
0.411130
0.410444
0.409770
0.409107
0.408453
0.407807
0.407167
0.406530
0.405893
0.405255
0.404611
0.403960
0.403301
0.402637
0.401970
0.401305
0.400643
0.399988
0.399341
0.398707
0.398101
0.397514
0.396882
0.396216
0.395599
0.395069
0.394589
0.394101
0.393572
0.393018
0.392480
0.391993
0.391582
0.391253
0.391006
0.390833
0.390725
0.390671
0.390663
0.390695
0.390759
0.390849
0.390958
0.391077
0.391200
0.391323
0.391441
0.391553
0.391658
0.391754
0.391843
0.391925
0.392000
0.392070
0.392136
0.392200
0.392262
0.392324
0.392386
0.392450
0.392516
0.392585
0.392657
0.392731
0.392807
0.392884
0.392960
0.393032
0.393096
0.393149
0.393189
0.393219
0.393241
0.393253
0.393248
0.393220
0.393165
0.393081
0.392966
0.392823
0.392670
0.392531
0.392418
0.392329
0.392262
0.392209
0.392167
0.392130
0.392095
0.392058
0.392016
0.391967
0.391909
0.391839
0.391756
0.391657
0.391539
0.391397
0.391226
0.391016
0.390759
0.390446
0.390072
0.389640
0.389172
0.388705
0.388284
0.387940
0.387684
0.387513
0.387417
0.387383
0.387401
0.387460
0.387552
0.387667
0.387798
0.387941
0.388090
0.388242
0.388393
0.388540
0.388680
0.388812
0.388933
0.389044
0.389142
0.389227
0.389299
0.389357
0.389401
0.389431
0.389447
0.389449
0.389437
0.389414
0.389384
0.389361
0.389389
0.389436
0.389437
0.389428
0.389430
0.389449
0.389495
0.389566
0.389606
0.389593
0.389514
0.389331
0.389228
0.389109
0.389024
0.388856
0.388809
0.388573
0.388603
0.388316
0.388362
0.388197
0.388018
0.387908
0.387813
0.387727
0.387656
0.387549
0.387376
0.387187
0.387015
0.386853
0.386678
0.386492
0.386300
0.386099
0.385893
0.385681
0.385464
0.385244
0.385019
0.384791
0.384560
0.384326
0.384089
0.383849
0.383606
0.383362
0.383114
0.382865
0.382614
0.382361
0.382106
0.381849
0.381591
0.381332
0.381071
0.380808
0.380545
0.380281
0.380016
0.379750
0.379483
0.379216
0.378949
0.378681
0.378413
0.378145
0.377877
0.377610
0.377343
0.377077
0.376812
0.376548
0.376286
0.376026
0.375768
0.375511
0.375257
0.375004
0.374754
0.374505
0.374259
0.374015
0.373773
0.373533
0.373295
0.373059
0.372825
0.372593
0.372363
0.372135
0.371909
0.371684
0.371461
0.371240
0.371021
0.370803
0.370587
0.370373
0.370160
0.369949
0.369740
0.369532
0.369326
0.369121
0.368919
0.368718
0.368520
0.368325
0.368133
0.367945
0.367763
0.367588
0.367421
0.367263
0.367117
0.366982
0.366859
0.366746
0.366643
0.366550
0.366464
0.366386
0.366315
0.366251
0.366195
0.366146
0.366106
0.366076
0.366055
0.366046
0.366049
0.366064
0.366092
0.366132
0.366181
0.366237
0.366294
0.366348
0.366393
0.366427
0.366447
0.366453
0.366446
0.366426
0.366394
0.366353
0.366301
0.366241
0.366175
0.366104
0.366029
0.365953
0.365877
0.365801
0.365727
0.365655
0.365586
0.365519
0.365457
0.365398
0.365342
0.365290
0.365241
0.365195
0.365151
0.365110
0.365072
0.365035
0.364999
0.364966
0.364933
0.364901
0.364871
0.364841
0.364811
0.364782
0.364753
0.364725
0.364696
0.364668
0.364640
0.364611
0.364582
0.364552
0.364523
0.364492
0.364462
0.364430
0.364398
0.364366
0.364332
0.364298
0.364263
0.364228
0.364191
0.364154
0.364116
0.364078
0.364038
0.363998
0.363956
0.363914
0.363871
0.363828
0.363783
0.363738
0.363692
0.363645
0.363598
0.363549
0.363500
0.363450
0.363400
0.363348
0.363296
0.363244
0.363190
0.363136
0.363081
0.363026
0.362969
0.362912
0.362855
0.362797
0.362738
0.362678
0.362618
0.362557
0.362495
0.362433
0.362370
0.362307
0.362243
0.362178
0.362113
0.362047
0.361981
0.361913
0.361846
0.361777
0.361709
0.361639
0.361569
0.361499
0.361427
0.361356
0.361283
0.361211
0.361137
0.361063
0.360989
0.360914
0.360838
0.360762
0.360685
0.360608
0.360530
0.360451
0.360372
0.360291
0.360211
0.360129
0.360047
0.359964
0.359881
0.359796
0.359711
0.359626
0.359539
0.359452
0.359364
0.359275
0.359186
0.359096
0.359005
0.358913
0.358821
0.358728
0.358635
0.358541
0.358446
0.358351
0.358255
0.358159
0.358062
0.357964
0.357866
0.357768
0.357669
0.357569
0.357469
0.357369
0.357268
0.357166
0.357065
0.356962
0.356860
0.356757
0.356653
0.356549
0.356445
0.356340
0.356235
0.356129
0.356023
0.355917
0.355810
0.355703
0.355595
0.355487
0.355379
0.355270
0.355161
0.355051
0.354941
0.354831
0.354720
0.354609
0.354497
0.354385
0.354273
0.354160
0.354046
0.353933
0.353933
0.353819
0.353704
0.353589
0.353474
0.353358
0.353242
0.353125
0.353008
0.352890
0.352772
0.352654
0.352535
0.352416
0.352297
0.352176
0.352056
0.351935
0.351814
0.351692
0.351570
0.351447
0.351324
0.351200
0.351076
0.350952
0.350827
0.350702
0.350576
0.350450
0.350323
0.350196
0.350068
0.349940
0.349812
0.349683
0.349554
0.349424
0.349294
0.349163
0.349032
0.348900
0.348768
0.348636
0.348503
0.348369
0.348236
0.348101
0.347967
0.347832
0.347696
0.347560
0.347423
0.347286
0.347149
0.347011
0.346873
0.346734
0.346595
0.346456
0.346316
0.346175
0.346035
0.345893
0.345752
0.345610
0.345467
0.345324
0.345181
0.345037
0.344893
0.344749
0.344604
0.344458
0.344313
0.344167
0.344020
0.343873
0.343726
0.343579
0.343431
0.343283
0.343134
0.342985
0.342836
0.342686
0.342536
0.342386
0.342235
0.342084
0.341933
0.341782
0.341630
0.341478
0.341326
0.341173
0.341020
0.340867
0.340714
0.340560
0.340406
0.340252
0.340098
0.339944
0.339789
0.339634
0.339479
0.339324
0.339169
0.339013
0.338858
0.338702
0.338546
0.338390
0.338234
0.338078
0.337922
0.337766
0.337610
0.337453
0.337297
0.337141
0.336984
0.336828
0.336672
0.336515
0.336359
0.336203
0.336047
0.335891
0.335735
0.335579
0.335424
0.335268
0.335113
0.334958
0.334803
0.334648
0.334494
0.334340
0.334186
0.334032
0.333879
0.333726
0.333573
0.333421
0.333269
0.333117
0.332966
0.332815
0.332665
0.332515
0.332366
0.332217
0.332069
0.331921
0.331774
0.331628
0.331482
0.331337
0.331192
0.331048
0.330905
0.330763
0.330621
0.330481
0.330341
0.330202
0.330063
0.329926
0.329790
0.329654
0.329520
0.329386
0.329254
0.329123
0.328992
0.328863
0.328735
0.328609
0.328483
0.328359
0.328236
0.328115
0.327994
0.327876
0.327758
0.327642
0.327528
0.327415
0.327304
0.327194
0.327086
0.326980
0.326875
0.326773
0.326672
0.326573
0.326475
0.326380
0.326287
0.326195
0.326106
0.326019
0.325934
0.325851
0.325771
0.325692
0.325617
0.325543
0.325472
0.325403
0.325337
0.325274
0.325213
0.325154
0.325099
0.325046
0.324996
0.324949
0.324905
0.324864
0.324826
0.324791
0.324759
0.324730
0.324704
0.324682
0.324663
0.324648
0.324636
0.324627
0.324623
0.324621
0.324624
0.324630
0.324640
0.324654
0.324671
0.324693
0.324719
0.324748
0.324782
0.324820
0.324862
0.324909
0.324960
0.325015
0.325075
0.325139
0.325208
0.325281
0.325359
0.325441
0.325529
0.325621
0.325718
0.325820
0.325926
0.326038
0.326155
0.326276
0.326403
0.326535
0.326671
0.326813
0.326961
0.327113
0.327271
0.327434
0.327602
0.327775
0.327954
0.328138
0.328328
0.328523
0.328723
0.328928
0.329139
0.329356
0.329578
0.329805
0.330038
0.330276
0.330519
0.330768
0.331022
0.331282
0.331547
0.331817
0.332092
0.332373
0.332659
0.332950
0.333246
0.333548
0.333854
0.334166
0.334482
0.334804
0.335130
0.335461
0.335797
0.336138
0.336483
0.336833
0.337187
0.337546
0.337909
0.338277
0.338648
0.339024
0.339404
0.339787
0.340174
0.340565
0.340960
0.341358
0.341759
0.342164
0.342571
0.342982
0.343396
0.343812
0.344231
0.344653
0.345078
0.345505
0.345934
0.346366
0.346800
0.347236
0.347674
0.348114
0.348556
0.349000
0.349446
0.349894
0.350344
0.350795
0.351248
0.351703
0.352160
0.352618
0.353077
0.353539
0.354001
0.354466
0.354931
0.355399
0.355867
0.356338
0.356809
0.357282
0.357757
0.358233
0.358711
0.359190
0.359671
0.360154
0.360638
0.361124
0.361612
0.362101
0.362593
0.363087
0.363582
0.364079
0.364579
0.365080
0.365582
0.366084
0.366583
0.367073
0.367556
0.368018
0.368473
0.368900
0.369333
0.369822
0.370298
0.370899
0.371637
0.372368
0.373075
0.373756
0.374419
0.375082
0.375754
0.376436
0.377124
0.377810
0.378490
0.379153
0.379785
0.380404
0.380950
0.381354
0.381968
0.382706
0.383394
0.384078
0.384423
0.385070
0.385841
0.386497
0.387080
0.387708
0.388159
0.388749
0.389481
0.390068
0.390726
0.391199
0.391778
0.392599
0.393163
0.393788
0.394321
0.394951
0.395447
0.396364
0.396994
0.397787
0.398191
0.399154
0.399625
0.400355
0.400714
0.401707
0.402150
0.402904
0.403232
0.404297
0.404687
0.405446
0.405747
0.406794
0.407157
0.407921
0.408220
0.409266
0.409382
0.410050
0.410211
0.410635
0.411612
0.412032
0.412516
0.413572
0.413860
0.414420
0.415276
0.415713
0.416192
0.417098
0.417502
0.418012
0.419011
0.419359
0.419952
0.420865
0.421265
0.421777
0.422860
0.423118
0.423747
0.424683
0.425028
0.425549
0.426683
0.426849
0.427510
0.428438
0.428745
0.429258
0.430468
0.430499
0.431226
0.432062
0.432436
0.432925
0.434298
0.434202
0.435134
0.435771
0.436283
0.436802
0.438113
0.437906
0.438876
0.439199
0.439810
0.440816
0.441614
0.441841
0.442264
0.443559
0.443411
0.444324
0.444324
0.444798
0.445459
0.445715
0.446680
0.447200
0.447804
0.448925
0.448661
0.449605
0.449947
0.450840
0.451361
0.452085
0.452952
0.452799
0.453532
0.454106
0.455279
0.455298
0.455873
0.456975
0.456695
0.457753
0.457910
0.459059
0.459275
0.460008
0.460705
0.460675
0.461576
0.461531
0.462696
0.462883
0.464208
0.464209
0.464902
0.465344
0.466145
0.465955
0.467090
0.467080
0.468241
0.468244
0.469347
0.469285
0.470280
0.470255
0.471301
0.471209
0.472236
0.472196
0.473270
0.473143
0.474210
0.474101
0.475198
0.475039
0.476135
0.475967
0.477082
0.476886
0.478005
0.477791
0.478921
0.478686
0.479823
0.479568
0.480715
0.480438
0.481594
0.481296
0.482462
0.482142
0.483319
0.482975
0.484163
0.483798
0.484997
0.484613
0.485822
0.485423
0.486640
0.486228
0.487451
0.487025
0.488252
0.487815
0.489044
0.488594
0.489825
0.489364
0.490597
0.490124
0.491360
0.490873
0.492115
0.491611
0.492864
0.492339
0.493607
0.493054
0.494341
0.493758
0.495066
0.494451
0.495777
0.495135
0.496474
0.495815
0.497155
0.496490
0.497828
0.497160
0.498494
0.497823
0.499150
0.498476
0.499795
0.499119
0.500431
0.499753
0.501058
0.500376
0.501680
0.500991
0.502294
0.501600
0.502896
0.502208
0.503481
0.502821
0.504049
0.503442
0.504608
0.504068
0.505166
0.504692
0.505722
0.505306
0.506267
0.505907
0.506798
0.506493
0.507312
0.507063
0.507809
0.507617
0.508287
0.508155
0.508746
0.508678
0.509187
0.509183
0.509610
0.509669
0.510018
0.510131
0.510412
0.510564
0.510795
0.510965
0.511163
0.511336
0.511513
0.511679
0.511840
0.511994
0.512142
0.512281
0.512414
0.512539
0.512656
0.512764
0.512865
0.512956
0.513039
0.513114
0.513179
0.513235
0.513282
0.513319
0.513348
0.513366
0.513376
0.513376
0.513366
0.513348
0.513319
0.513282
0.513236
0.513180
0.513116
0.513042
0.512961
0.512870
0.512772
0.512666
0.512553
0.512432
0.512305
0.512171
0.512031
0.511885
0.511734
0.511578
0.511417
0.511252
0.511083
0.510910
0.510734
0.510555
0.510374
0.510190
0.510004
0.509816
0.509626
0.509435
0.509242
0.509049
0.508854
0.508658
0.508460
0.508262
0.508063
0.507863
0.507662
0.507461
0.507258
0.507054
0.506848
0.506642
0.506433
0.506224
0.506012
0.505799
0.505583
0.505365
0.505144
0.504921
0.504694
0.504463
0.504229
0.503991
0.503749
0.503502
0.503251
0.502994
0.502732
0.502465
0.502192
0.501914
0.501630
0.501340
0.501045
0.500744
0.500438
0.500126
0.499810
0.499490
0.499165
0.498836
0.498505
0.498171
0.497835
0.497498
0.497160
0.496823
0.496488
0.496154
0.495824
0.495498
0.495176
0.494861
0.494552
0.494252
0.493959
0.493677
0.493404
0.493142
0.492892
0.492654
0.492429
0.492217
0.492019
0.491834
0.491664
0.491509
0.491369
0.491244
0.491134
0.491039
0.490960
0.490896
0.490847
0.490813
0.490795
0.490791
0.490802
0.490827
0.490866
0.490920
0.490986
0.491066
0.491159
0.491264
0.491381
0.491511
0.491652
0.491804
0.491968
0.492143
0.492329
0.492527
0.492736
0.492956
0.493190
0.493437
0.493699
0.493977
0.494274
0.494591
0.494929
0.495286
0.495659
0.496044
0.496439
0.496839
0.497243
0.497651
0.498063
0.498478
0.498896
0.499315
0.499737
0.500158
0.500578
0.500998
0.501416
0.501833
0.502250
0.502666
0.503083
0.503502
0.503922
0.504345
0.504770
0.505198
0.505629
0.506062
0.506498
0.506938
0.507379
0.507824
0.508271
0.508721
0.509174
0.509630
0.510088
0.510549
0.511014
0.511482
0.511953
0.512428
0.512907
0.513390
0.513877
0.514367
0.514860
0.515354
0.515849
0.516344
0.516836
0.517326
0.517815
0.518303
0.518791
0.519280
0.519773
0.520270
0.520773
0.521281
0.521796
0.522317
0.522844
0.523377
0.523916
0.524459
0.525006
0.525557
0.526112
0.526674
0.527244
0.527825
0.528420
0.529029
0.529651
0.530284
0.530926
0.531574
0.532227
0.532884
0.533543
0.534205
0.534867
0.535531
0.536194
0.536858
0.537521
0.538184
0.538848
0.539511
0.540175
0.540840
0.541505
0.542172
0.542839
0.543508
0.544179
0.544851
0.545525
0.546201
0.546879
0.547559
0.548241
0.548926
0.549612
0.550301
0.550992
0.551685
0.552380
0.553078
0.553777
0.554479
0.555182
0.555888
0.556595
0.557304
0.558015
0.558727
0.559440
0.560155
0.560872
0.561589
0.562307
0.563026
0.563746
0.564467
0.565188
0.565909
0.566631
0.567353
0.568074
0.568796
0.569517
0.570238
0.570958
0.571677
0.572396
0.573114
0.573830
0.574546
0.575260
0.575973
0.576684
0.577394
0.578102
0.578808
0.579512
0.580215
0.580915
0.581614
0.582310
0.583004
0.583697
0.584387
0.585074
0.585760
0.586444
0.587126
0.587805
0.588483
0.589158
0.589832
0.590503
0.591172
0.591837
0.592500
0.593158
0.593811
0.594458
0.595099
0.595732
0.596357
0.596975
0.597585
0.598188
0.598784
0.599373
0.599957
0.599957
0.600535
0.601112
0.601660
0.602368
0.601534
0.603943
0.604507
0.605076
0.605302
0.605868
0.606726
0.607257
0.607863
0.608570
0.609259
0.609935
0.610603
0.611258
0.611902
0.612535
0.613165
0.613796
0.614434
0.615082
0.615740
0.616408
0.617083
0.617764
0.618450
0.619138
0.619828
0.620521
0.621215
0.621909
0.622605
0.623300
0.623994
0.624687
0.625378
0.626066
0.626753
0.627436
0.628116
0.628792
0.629464
0.630132
0.630796
0.631455
0.632109
0.632759
0.633404
0.634045
0.634682
0.635316
0.635946
0.636574
0.637200
0.637824
0.638448
0.639071
0.639694
0.640317
0.640942
0.641567
0.642193
0.642821
0.643451
0.644082
0.644715
0.645350
0.645986
0.646623
0.647263
0.647903
0.648545
0.649188
0.649833
0.650478
0.651124
0.651771
0.652419
0.653068
0.653717
0.654367
0.655017
0.655668
0.656319
0.656970
0.657621
0.658273
0.658925
0.659576
0.660228
0.660880
0.661532
0.662184
0.662836
0.663487
0.664139
0.664790
0.665441
0.666092
0.666743
0.667393
0.668043
0.668693
0.669342
0.669990
0.670638
0.671285
0.671932
0.672578
0.673223
0.673867
0.674510
0.675153
0.675794
0.676434
0.677073
0.677711
0.678348
0.678983
0.679617
0.680250
0.680881
0.681510
0.682138
0.682764
0.683389
0.684012
0.684633
0.685252
0.685870
0.686485
0.687098
0.687710
0.688319
0.688927
0.689532
0.690135
0.690735
0.691334
0.691930
0.692524
0.693116
0.693705
0.694292
0.694877
0.695459
0.696039
0.696616
0.697191
0.697763
0.698333
0.698900
0.699464
0.700026
0.700586
0.701142
0.701697
0.702248
0.702797
0.703343
0.703887
0.704427
0.704966
0.705501
0.706034
0.706564
0.707091
0.707616
0.708138
0.708657
0.709174
0.709688
0.710199
0.710708
0.711214
0.711717
0.712218
0.712716
0.713212
0.713705
0.714195
0.714683
0.715169
0.715652
0.716133
0.716611
0.717088
0.717561
0.718033
0.718502
0.718969
0.719434
0.719897
0.720358
0.720817
0.721274
0.721729
0.722182
0.722633
0.723083
0.723531
0.723977
0.724422
0.724865
0.725306
0.725746
0.726185
0.726622
0.727058
0.727492
0.727926
0.728358
0.728789
0.729219
0.729648
0.730076
0.730503
0.730929
0.731354
0.731779
0.732202
0.732625
0.733048
0.733469
0.733890
0.734310
0.734730
0.735150
0.735568
0.735987
0.736405
0.736823
0.737240
0.737657
0.738074
0.738490
0.738907
0.739323
0.739739
0.740155
0.740571
0.740987
0.741402
0.741818
0.742234
0.742650
0.743066
0.743482
0.743899
0.744315
0.744732
0.745149
0.745566
0.745983
0.746401
0.746819
0.747238
0.747656
0.748076
0.748495
0.748915
0.749336
0.749757
0.750179
0.750601
0.751023
0.751447
0.751871
0.752295
0.752720
0.753146
0.753573
0.754000
0.754428
0.754857
0.755287
0.755717
0.756149
0.756581
0.757014
0.757448
0.757883
0.758319
0.758756
0.759194
0.759633
0.760073
0.760514
0.760956
0.761400
0.761844
0.762290
0.762737
0.763185
0.763635
0.764085
0.764537
0.764991
0.765445
0.765901
0.766359
0.766818
0.767278
0.767740
0.768204
0.768669
0.769135
0.769603
0.770073
0.770545
0.771018
0.771493
0.771969
0.772448
0.772928
0.773410
0.773894
0.774380
0.774868
0.775358
0.775849
0.776343
0.776839
0.777337
0.777837
0.778339
0.778844
0.779351
0.779860
0.780371
0.780885
0.781401
0.781920
0.782441
0.782965
0.783491
0.784020
0.784551
0.785086
0.785623
0.786163
0.786705
0.787251
0.787800
0.788351
0.788906
0.789464
0.790025
0.790589
0.791157
0.791728
0.792302
0.792880
0.793462
0.794047
0.794636
0.795229
0.795826
0.796426
0.797031
0.797640
0.798253
0.798870
0.799492
0.800118
0.800749
0.801385
0.802025
0.802670
0.803320
0.803976
0.804636
0.805302
0.805973
0.806650
0.807333
0.808021
0.808715
0.809415
0.810121
0.810834
0.811552
0.812278
0.813009
0.813747
0.814492
0.815244
0.816002
0.816767
0.817539
0.818317
0.819102
0.819895
0.820693
0.821498
0.822309
0.823127
0.823950
0.824778
0.825611
0.826449
0.827290
0.828134
0.828980
0.829829
0.830680
0.831534
0.832394
0.833264
0.834150
0.835059
0.835996
0.836961
0.837952
0.838965
0.839995
0.841038
0.842089
0.843146
0.844208
0.845274
0.846343
0.847416
0.848493
0.849575
0.850660
0.851750
0.852845
0.853945
0.855050
0.856160
0.857275
0.858396
0.859522
0.860653
0.861790
0.862933
0.864081
0.865235
0.866395
0.867561
0.868733
0.869911
0.871094
0.872284
0.873480
0.874682
0.875890
0.877105
0.878326
0.879553
0.880786
0.882026
0.883272
0.884525
0.885784
0.887049
0.888321
0.889599
0.890883
0.892174
0.893472
0.894776
0.896086
0.897402
0.898725
0.900054
0.901390
0.902731
0.904079
0.905433
0.906793
0.908159
0.909531
0.910910
0.912294
0.913683
0.915079
0.916480
0.917887
0.919300
0.920718
0.922142
0.923571
0.925005
0.926445
0.927889
0.929339
0.930794
0.932254
0.933718
0.935188
0.936662
0.938141
0.939624
0.941111
0.941111
0.942603
0.944099
0.945600
0.947104
0.948612
0.950125
0.951641
0.953160
0.954684
0.956210
0.957740
0.959274
0.960810
0.962350
0.963892
0.965438
0.966986
0.968536
0.970089
0.971645
0.973203
0.974763
0.976325
0.977889
0.979455
0.981023
0.982592
0.984162
0.985734
0.987307
0.988881
0.990456
0.992032
0.993609
0.995186
0.996764
0.998342
0.999920
1.001498
1.003076
1.004654
1.006231
1.007808
1.009385
1.010960
1.012535
1.014108
1.015680
1.017251
1.018821
1.020389
1.021955
1.023519
1.025081
1.026641
1.028198
1.029753
1.031306
1.032855
1.034402
1.035946
1.037486
1.039023
1.040557
1.042087
1.043613
1.045136
1.046654
1.048168
1.049678
1.051183
1.052684
1.054180
1.055672
1.057158
1.058640
1.060116
1.061587
1.063053
1.064513
1.065967
1.067416
1.068859
1.070296
1.071728
1.073153
1.074572
1.075985
1.077392
1.078792
1.080187
1.081574
1.082956
1.084331
1.085699
1.087061
1.088416
1.089765
1.091108
1.092443
1.093773
1.095095
1.096411
1.097721
1.099024
1.100321
1.101611
1.102894
1.104171
1.105442
1.106707
1.107965
1.109216
1.110462
1.111701
1.112934
1.114161
1.115381
1.116596
1.117804
1.119006
1.120202
1.121392
1.122576
1.123754
1.124926
1.126092
1.127252
1.128406
1.129554
1.130695
1.131831
1.132961
1.134085
1.135203
1.136315
1.137421
1.138521
1.139615
1.140702
1.141784
1.142859
1.143928
1.144991
1.146047
1.147097
1.148141
1.149177
1.150208
1.151232
1.152249
1.153259
1.154262
1.155259
1.156248
1.157231
1.158206
1.159174
1.160135
1.161088
1.162034
1.162973
1.163904
1.164828
1.165744
1.166652
1.167552
1.168445
1.169330
1.170208
1.171077
1.171939
1.172793
1.173638
1.174476
1.175306
1.176128
1.176943
1.177749
1.178547
1.179337
1.180120
1.180895
1.181662
1.182421
1.183173
1.183917
1.184654
1.185383
1.186106
1.186822
1.187531
1.188235
1.188934
1.189629
1.190321
1.191012
1.191706
1.192405
1.193118
1.193853
1.194631
1.195510
1.196543
1.197347
1.197996
1.198566
1.199168
1.199685
1.200334
1.200651
1.201418
1.201494
1.202223
1.202543
1.203093
1.203335
1.204157
1.204331
1.204931
1.204961
1.205640
1.206055
1.206159
1.206957
1.206808
1.207495
1.207973
1.207550
1.208446
1.208988
1.208417
1.209269
1.209776
1.209485
1.210232
1.209919
1.210481
1.210976
1.210539
1.211276
1.211389
1.211611
1.211478
1.212052
1.212230
1.211972
1.212579
1.211976
1.212555
1.212795
1.212757
1.212860
1.212348
1.212953
1.213238
1.212791
1.213193
1.212339
1.212935
1.212941
1.212582
1.212581
1.212438
1.212263
1.212080
1.211864
1.211646
1.211417
1.211180
1.210939
1.210694
1.210444
1.210187
1.209918
1.209635
1.209339
1.209027
1.208700
1.208359
1.208005
1.207636
1.207255
1.206861
1.206454
1.206035
1.205604
1.205163
1.204711
1.204250
1.203780
1.203301
1.202815
1.202321
1.201820
1.201312
1.200798
1.200278
1.199753
1.199223
1.198687
1.198147
1.197603
1.197054
1.196501
1.195944
1.195383
1.194818
1.194250
1.193678
1.193103
1.192525
1.191943
1.191358
1.190770
1.190180
1.189587
1.188991
1.188392
1.187792
1.187189
1.186585
1.185979
1.185371
1.184762
1.184153
1.183542
1.182931
1.182320
1.181709
1.181098
1.180488
1.179880
1.179272
1.178667
1.178063
1.177462
1.176864
1.176269
1.175678
1.175091
1.174507
1.173929
1.173356
1.172788
1.172226
1.171670
1.171120
1.170578
1.170042
1.169514
1.168994
1.168482
1.167979
1.167484
1.166999
1.166523
1.166057
1.165600
1.165154
1.164718
1.164292
1.163878
1.163474
1.163081
1.162700
1.162330
1.161972
1.161625
1.161291
1.160967
1.160656
1.160356
1.160069
1.159793
1.159529
1.159276
1.159035
1.158806
1.158589
1.158383
1.158188
1.158005
1.157833
1.157672
1.157522
1.157382
1.157253
1.157135
1.157027
1.156929
1.156842
1.156764
1.156695
1.156637
1.156587
1.156547
1.156516
1.156494
1.156480
1.156475
1.156478
1.156489
1.156508
1.156534
1.156569
1.156610
1.156659
1.156715
1.156778
1.156847
1.156923
1.157005
1.157093
1.157187
1.157287
1.157392
1.157503
1.157619
1.157740
1.157866
1.157997
1.158133
1.158273
1.158417
1.158565
1.158718
1.158874
1.159034
1.159197
1.159364
1.159534
1.159708
1.159884
1.160063
1.160245
1.160429
1.160616
1.160805
1.160997
1.161191
1.161386
1.161584
1.161783
1.161984
1.162186
1.162390
1.162595
1.162802
1.163010
1.163219
1.163429
1.163639
1.163851
1.164064
1.164277
1.164491
1.164705
1.164920
1.165135
1.165351
1.165568
1.165784
1.166001
1.166218
1.166435
1.166653
1.166870
1.167088
1.167306
1.167523
1.167741
1.167959
1.168176
1.168394
1.168611
1.168829
1.169046
1.169263
1.169479
1.169696
1.169912
1.170128
1.170343
1.170559
1.170773
1.170988
1.171202
1.171415
1.171628
1.171840
1.172052
1.172263
1.172474
1.172683
1.172892
1.173100
1.173308
1.173514
1.173514
1.173720
1.173924
1.174128
1.174330
1.174532
1.174732
1.174931
1.175129
1.175325
1.175520
1.175714
1.175906
1.176097
1.176287
1.176474
1.176661
1.176845
1.177028
1.177209
1.177389
1.177566
1.177742
1.177916
1.178088
1.178258
1.178426
1.178592
1.178756
1.178918
1.179078
1.179236
1.179391
1.179545
1.179696
1.179845
1.179992
1.180137
1.180280
1.180420
1.180558
1.180694
1.180827
1.180958
1.181087
1.181214
1.181338
1.181460
1.181580
1.181697
1.181813
1.181926
1.182036
1.182145
1.182251
1.182355
1.182457
1.182557
1.182654
1.182749
1.182843
1.182934
1.183023
1.183110
1.183195
1.183278
1.183359
1.183438
1.183515
1.183590
1.183664
1.183735
1.183805
1.183873
1.183939
1.184004
1.184067
1.184128
1.184188
1.184246
1.184303
1.184359
1.184413
1.184466
1.184517
1.184568
1.184617
1.184665
1.184712
1.184758
1.184804
1.184848
1.184892
1.184935
1.184977
1.185018
1.185058
1.185095
1.185126
1.185141
1.185116
1.185270
1.185778
1.185386
1.185804
1.185661
1.186172
1.185648
1.185933
1.185717
1.186186
1.185645
1.185925
1.185764
1.186182
1.185655
1.186000
1.185716
1.186235
1.185678
1.185888
1.185810
1.186036
1.185640
1.186111
1.185649
1.185982
1.185662
1.186095
1.185578
1.185843
1.185613
1.185973
1.185499
1.185818
1.185497
1.185867
1.185412
1.185714
1.185379
1.185717
1.185290
1.185589
1.185242
1.185552
1.185151
1.185439
1.185081
1.185365
1.184988
1.185259
1.184900
1.185162
1.184802
1.185052
1.184700
1.184940
1.184593
1.184821
1.184480
1.184697
1.184363
1.184569
1.184241
1.184435
1.184114
1.184296
1.183983
1.184152
1.183846
1.184004
1.183706
1.183851
1.183561
1.183692
1.183412
1.183530
1.183258
1.183363
1.183101
1.183191
1.182940
1.183015
1.182774
1.182835
1.182606
1.182650
1.182433
1.182462
1.182257
1.182270
1.182077
1.182075
1.181894
1.181876
1.181707
1.181675
1.181516
1.181471
1.181323
1.181264
1.181125
1.181055
1.180924
1.180844
1.180720
1.180632
1.180512
1.180418
1.180301
1.180202
1.180088
1.179984
1.179871
1.179765
1.179653
1.179544
1.179432
1.179322
1.179209
1.179098
1.178985
1.178872
1.178759
1.178646
1.178532
1.178418
1.178303
1.178188
1.178073
1.177958
1.177843
1.177727
1.177611
1.177495
1.177379
1.177262
1.177146
1.177029
1.176912
1.176795
1.176678
1.176561
1.176444
1.176327
1.176210
1.176093
1.175975
1.175858
1.175741
1.175624
1.175507
1.175390
1.175273
1.175156
1.175039
1.174923
1.174806
1.174690
1.174574
1.174458
1.174342
1.174226
1.174111
1.173996
1.173881
1.173766
1.173651
1.173537
1.173423
1.173309
1.173196
1.173083
1.172970
1.172857
1.172745
1.172633
1.172521
1.172410
1.172299
1.172189
1.172079
1.171969
1.171860
1.171751
1.171642
1.171534
1.171427
1.171319
1.171212
1.171106
1.171000
1.170895
1.170790
1.170685
1.170581
1.170477
1.170374
1.170272
1.170170
1.170068
1.169967
1.169866
1.169766
1.169667
1.169567
1.169469
1.169371
1.169273
1.169177
1.169080
1.168984
1.168889
1.168794
1.168700
1.168606
1.168513
1.168421
1.168329
1.168237
1.168146
1.168056
1.167966
1.167877
1.167789
1.167700
1.167613
1.167526
1.167440
1.167354
1.167269
1.167184
1.167100
1.167017
1.166934
1.166851
1.166770
1.166688
1.166608
1.166528
1.166448
1.166369
1.166291
1.166213
1.166136
1.166059
1.165983
1.165908
1.165832
1.165758
1.165684
1.165611
1.165538
1.165466
1.165394
1.165323
1.165252
1.165182
1.165113
1.165044
1.164975
1.164907
1.164840
1.164773
1.164706
1.164641
1.164575
1.164510
1.164446
1.164382
1.164319
1.164256
1.164194
1.164132
1.164070
1.164010
1.163949
1.163889
1.163830
1.163771
1.163712
1.163654
1.163597
1.163540
1.163483
1.163427
1.163371
1.163316
1.163261
1.163206
1.163152
1.163099
1.163045
1.162993
1.162940
1.162889
1.162837
1.162786
1.162735
1.162685
1.162635
1.162585
1.162536
1.162488
1.162439
1.162391
1.162344
1.162296
1.162249
1.162203
1.162157
1.162111
1.162065
1.162020
1.161975
1.161931
1.161887
1.161843
1.161799
1.161756
1.161713
1.161671
1.161629
1.161587
1.161545
1.161504
1.161463
1.161422
1.161382
1.161341
1.161301
1.161262
1.161222
1.161183
1.161145
1.161106
1.161068
1.161030
1.160992
1.160954
1.160917
1.160880
1.160843
1.160807
1.160770
1.160734
1.160698
1.160663
1.160627
1.160592
1.160557
1.160522
1.160488
1.160454
1.160419
1.160386
1.160352
1.160318
1.160285
1.160252
1.160219
1.160186
1.160154
1.160121
1.160089
1.160057
1.160025
1.159994
1.159962
1.159931
1.159900
1.159869
1.159838
1.159807
1.159777
1.159747
1.159717
1.159687
1.159657
1.159627
1.159598
1.159569
1.159540
1.159511
1.159482
1.159453
1.159425
1.159397
1.159368
1.159341
1.159313
1.159285
1.159258
1.159230
1.159203
1.159176
1.159149
1.159123
1.159096
1.159070
1.159070
1.159043
1.159017
1.158991
1.158966
1.158940
1.158915
1.158889
1.158864
1.158839
1.158815
1.158790
1.158766
1.158741
1.158717
1.158693
1.158670
1.158646
1.158623
1.158599
1.158576
1.158553
1.158530
1.158508
1.158485
1.158463
1.158441
1.158419
1.158397
1.158375
1.158354
1.158332
1.158311
1.158290
1.158269
1.158248
1.158228
1.158207
1.158187
1.158166
1.158146
1.158126
1.158106
1.158087
1.158067
1.158047
1.158028
1.158009
1.157989
1.157970
1.157951
1.157932
1.157913
1.157895
1.157876
1.157857
1.157839
1.157820
1.157802
1.157783
1.157765
1.157747
1.157728
1.157710
1.157692
1.157674
1.157656
1.157638
1.157620
1.157602
1.157584
1.157566
1.157548
1.157530
1.157512
1.157494
1.157476
1.157458
1.157441
1.157423
1.157405
1.157387
1.157369
1.157351
1.157333
1.157316
1.157298
1.157280
1.157262
1.157244
1.157226
1.157208
1.157190
1.157172
1.157154
1.157136
1.157119
1.157101
1.157083
1.157065
1.157047
1.157028
1.157010
1.156992
1.156974
1.156956
1.156938
1.156920
1.156902
1.156884
1.156866
1.156847
1.156829
1.156811
1.156793
1.156774
1.156756
1.156738
1.156720
1.156701
1.156683
1.156665
1.156646
1.156628
1.156610
1.156591
1.156573
1.156554
1.156536
1.156518
1.156499
1.156481
1.156462
1.156444
1.156425
1.156407
1.156388
1.156370
1.156351
1.156333
1.156314
1.156296
1.156277
1.156259
1.156240
1.156221
1.156203
1.156184
1.156166
1.156147
1.156128
1.156110
1.156091
1.156072
1.156054
1.156035
1.156016
1.155998
1.155979
1.155960
1.155942
1.155923
1.155904
1.155886
1.155867
1.155848
1.155830
1.155811
1.155792
1.155774
1.155755
1.155736
1.155718
1.155699
1.155680
1.155661
1.155643
1.155624
1.155605
1.155587
1.155568
1.155549
1.155531
1.155512
1.155493
1.155474
1.155456
1.155437
1.155418
1.155400
1.155381
1.155362
1.155344
1.155325
1.155306
1.155288
1.155269
1.155250
1.155232
1.155213
1.155194
1.155176
1.155157
1.155139
1.155120
1.155101
1.155083
1.155064
1.155046
1.155027
1.155008
1.154990
1.154971
1.154953
1.154934
1.154916
1.154897
1.154879
1.154860
1.154842
1.154823
1.154805
1.154786
1.154768
1.154749
1.154731
1.154712
1.154694
1.154675
1.154657
1.154638
1.154620
1.154602
1.154583
1.154565
1.154547
1.154528
1.154510
1.154492
1.154473
1.154455
1.154437
1.154418
1.154400
1.154382
1.154363
1.154345
1.154327
1.154309
1.154290
1.154272
1.154254
1.154236
1.154218
1.154200
1.154181
1.154163
1.154145
1.154127
1.154109
1.154091
1.154073
1.154055
1.154037
1.154019
1.154001
1.153983
1.153965
1.153947
1.153929
1.153911
1.153893
1.153875
1.153857
1.153839
1.153821
1.153803
1.153786
1.153768
1.153750
1.153732
1.153714
1.153696
1.153679
1.153661
1.153643
1.153625
1.153608
1.153590
1.153572
1.153555
1.153537
1.153519
1.153502
1.153484
1.153467
1.153449
1.153432
1.153414
1.153397
1.153379
1.153362
1.153344
1.153327
1.153309
1.153292
1.153274
1.153257
1.153240
1.153222
1.153205
1.153188
1.153170
1.153153
1.153136
1.153118
1.153101
1.153084
1.153067
1.153050
1.153032
1.153015
1.152998
1.152981
1.152964
1.152947
1.152930
1.152913
1.152896
1.152879
1.152862
1.152845
1.152828
1.152811
1.152794
1.152777
1.152760
1.152743
1.152727
1.152710
1.152693
1.152676
1.152660
1.152643
1.152626
1.152609
1.152593
1.152576
1.152559
1.152543
1.152526
1.152510
1.152493
1.152476
1.152460
1.152443
1.152427
1.152410
1.152394
1.152378
1.152361
1.152345
1.152328
1.152312
1.152296
1.152280
1.152263
1.152247
1.152231
1.152214
1.152198
1.152182
1.152166
1.152150
1.152134
1.152118
1.152102
1.152085
1.152069
1.152053
1.152037
1.152021
1.152006
1.151990
1.151974
1.151958
1.151942
1.151926
1.151910
1.151894
1.151879
1.151863
1.151847
1.151832
1.151816
1.151800
1.151785
1.151769
1.151753
1.151738
1.151722
1.151707
1.151691
1.151676
1.151660
1.151645
1.151629
1.151614
1.151598
1.151583
1.151568
1.151552
1.151537
1.151522
1.151507
1.151491
1.151476
1.151461
1.151446
1.151431
1.151416
1.151401
1.151385
1.151370
1.151355
1.151340
1.151325
1.151310
1.151296
1.151281
1.151266
1.151251
1.151236
1.151221
1.151206
1.151192
1.151177
1.151162
1.151147
1.151133
1.151118
1.151104
1.151089
1.151074
1.151060
1.151045
1.151031
1.151016
1.151002
1.150987
1.150973
1.150958
1.150944
1.150930
1.150915
1.150901
1.150887
1.150873
1.150858
1.150844
1.150830
1.150816
1.150802
1.150788
1.150773
1.150759
1.150745
1.150731
1.150717
1.150703
1.150689
1.150675
1.150662
1.150648
1.150634
1.150620
1.150606
1.150592
1.150579
1.150565
1.150551
1.150537
1.150524
1.150510
1.150497
1.150483
1.150469
1.150456
1.150442
1.150429
1.150415
1.150402
1.150389
1.150375
1.150362
1.150348
1.150335
1.150322
1.150308
1.150295
1.150295
1.150282
1.150269
1.150256
1.150242
1.150229
1.150216
1.150203
1.150190
1.150177
1.150164
1.150151
1.150138
1.150125
1.150112
1.150099
1.150086
1.150074
1.150061
1.150048
1.150035
1.150022
1.150010
1.149997
1.149984
1.149972
1.149959
1.149946
1.149934
1.149921
1.149909
1.149896
1.149884
1.149871
1.149859
1.149846
1.149834
1.149822
1.149809
1.149797
1.149785
1.149772
1.149760
1.149748
1.149736
1.149724
1.149711
1.149699
1.149687
1.149675
1.149663
1.149651
1.149639
1.149627
1.149615
1.149603
1.149591
1.149579
1.149567
1.149556
1.149544
1.149532
1.149520
1.149508
1.149497
1.149485
1.149473
1.149462
1.149450
1.149438
1.149427
1.149415
1.149404
1.149392
1.149381
1.149369
1.149358
1.149347
1.149335
1.149324
1.149312
1.149301
1.149290
1.149279
1.149267
1.149256
1.149245
1.149234
1.149223
1.149211
1.149200
1.149189
1.149178
1.149167
1.149156
1.149145
1.149134
1.149123
1.149112
1.149101
1.149090
1.149080
1.149069
1.149058
1.149047
1.149036
1.149026
1.149015
1.149004
1.148994
1.148983
1.148972
1.148962
1.148951
1.148941
1.148930
1.148920
1.148909
1.148899
1.148888
1.148878
1.148867
1.148857
1.148847
1.148836
1.148826
1.148816
1.148806
1.148795
1.148785
1.148775
1.148765
1.148755
1.148745
1.148734
1.148724
1.148714
1.148704
1.148694
1.148684
1.148674
1.148664
1.148654
1.148645
1.148635
1.148625
1.148615
1.148605
1.148595
1.148586
1.148576
1.148566
1.148556
1.148547
1.148537
1.148527
1.148518
1.148508
1.148499
1.148489
1.148480
1.148470
1.148461
1.148451
1.148442
1.148432
1.148423
1.148414
1.148404
1.148395
1.148386
1.148376
1.148367
1.148358
1.148349
1.148339
1.148330
1.148321
1.148312
1.148303
1.148294
1.148285
1.148275
1.148266
1.148257
1.148248
1.148239
1.148230
1.148222
1.148213
1.148204
1.148195
1.148186
1.148177
1.148168
1.148160
1.148151
1.148142
1.148133
1.148125
1.148116
1.148107
1.148099
1.148090
1.148081
1.148073
1.148064
1.148056
1.148047
1.148039
1.148030
1.148022
1.148013
1.148005
1.147996
1.147988
1.147980
1.147971
1.147963
1.147955
1.147946
1.147938
1.147930
1.147922
1.147913
1.147905
1.147897
1.147889
1.147881
1.147872
1.147864
1.147856
1.147848
1.147840
1.147832
1.147824
1.147816
1.147808
1.147800
1.147792
1.147784
1.147776
1.147769
1.147761
1.147753
1.147745
1.147737
1.147729
1.147722
1.147714
1.147706
1.147698
1.147691
1.147683
1.147675
1.147668
1.147660
1.147653
1.147645
1.147637
1.147630
1.147622
1.147615
1.147607
1.147600
1.147592
1.147585
1.147577
1.147570
1.147563
1.147555
1.147548
1.147540
1.147533
1.147526
1.147519
1.147511
1.147504
1.147497
1.147490
1.147482
1.147475
1.147468
1.147461
1.147454
1.147446
1.147439
1.147432
1.147425
1.147418
1.147411
1.147404
1.147397
1.147390
1.147383
1.147376
1.147369
1.147362
1.147355
1.147348
1.147341
1.147335
1.147328
1.147321
1.147314
1.147307
1.147300
1.147294
1.147287
1.147280
1.147273
1.147267
1.147260
1.147253
1.147246
1.147240
1.147233
1.147227
1.147220
1.147213
1.147207
1.147200
1.147194
1.147187
1.147181
1.147174
1.147168
1.147161
1.147155
1.147148
1.147142
1.147135
1.147129
1.147122
1.147116
1.147110
1.147103
1.147097
1.147091
1.147084
1.147078
1.147072
1.147065
1.147059
1.147053
1.147047
1.147040
1.147034
1.147028
1.147022
1.147016
1.147010
1.147003
1.146997
1.146991
1.146985
1.146979
1.146973
1.146967
1.146961
1.146955
1.146949
1.146943
1.146937
1.146931
1.146925
1.146919
1.146913
1.146907
1.146901
1.146895
1.146889
1.146883
1.146877
1.146872
1.146866
1.146860
1.146854
1.146848
1.146843
1.146837
1.146831
1.146825
1.146819
1.146814
1.146808
1.146802
1.146797
1.146791
1.146785
1.146780
1.146774
1.146768
1.146763
1.146757
1.146751
1.146746
1.146740
1.146735
1.146729
1.146724
1.146718
1.146713
1.146707
1.146702
1.146696
1.146691
1.146685
1.146680
1.146674
1.146669
1.146663
1.146658
1.146653
1.146647
1.146642
1.146636
1.146631
1.146626
1.146620
1.146615
1.146610
1.146604
1.146599
1.146594
1.146589
1.146583
1.146578
1.146573
1.146568
1.146562
1.146557
1.146552
1.146547
1.146542
1.146536
1.146531
1.146526
1.146521
1.146516
1.146511
1.146506
1.146501
1.146495
1.146490
1.146485
1.146480
1.146475
1.146470
1.146465
1.146460
1.146455
1.146450
1.146445
1.146440
1.146435
1.146430
1.146425
1.146420
1.146416
1.146411
1.146406
1.146401
1.146396
1.146391
1.146386
1.146381
1.146377
1.146372
1.146367
1.146362
1.146357
1.146352
1.146348
1.146343
1.146338
1.146333
1.146329
1.146324
1.146319
1.146314
1.146310
1.146305
1.146300
1.146296
1.146291
1.146286
1.146282
1.146277
1.146272
1.146268
1.146263
1.146259
1.146254
1.146249
1.146245
1.146240
1.146236
1.146231
1.146227
1.146227
1.146222
1.146218
1.146213
1.146209
1.146204
1.146200
1.146195
1.146191
1.146186
1.146182
1.146177
1.146173
1.146169
1.146164
1.146160
1.146155
1.146151
1.146147
1.146142
1.146138
1.146134
1.146129
1.146125
1.146121
1.146117
1.146112
1.146108
1.146104
1.146099
1.146095
1.146091
1.146087
1.146083
1.146078
1.146074
1.146070
1.146066
1.146062
1.146057
1.146053
1.146049
1.146045
1.146041
1.146037
1.146033
1.146029
1.146025
1.146021
1.146016
1.146012
1.146008
1.146004
1.146000
1.145996
1.145992
1.145988
1.145984
1.145980
1.145976
1.145973
1.145969
1.145965
1.145961
1.145957
1.145953
1.145949
1.145945
1.145941
1.145938
1.145934
1.145930
1.145926
1.145922
1.145918
1.145915
1.145911
1.145907
1.145903
1.145900
1.145896
1.145892
1.145889
1.145885
1.145881
1.145878
1.145874
1.145870
1.145867
1.145863
1.145859
1.145856
1.145852
1.145849
1.145845
1.145842
1.145838
1.145834
1.145831
1.145827
1.145824
1.145820
1.145817
1.145814
1.145810
1.145807
1.145803
1.145800
1.145796
1.145793
1.145790
1.145786
1.145783
1.145780
1.145776
1.145773
1.145770
1.145767
1.145763
1.145760
1.145757
1.145754
1.145750
1.145747
1.145744
1.145741
1.145738
1.145735
1.145731
1.145728
1.145725
1.145722
1.145719
1.145716
1.145713
1.145710
1.145707
1.145704
1.145701
1.145698
1.145695
1.145692
1.145689
1.145686
1.145683
1.145681
1.145678
1.145675
1.145672
1.145669
1.145666
1.145664
1.145661
1.145658
1.145655
1.145653
1.145650
1.145647
1.145645
1.145642
1.145639
1.145637
1.145634
1.145631
1.145629
1.145626
1.145624
1.145621
1.145619
1.145616
1.145614
1.145611
1.145609
1.145606
1.145604
1.145602
1.145599
1.145597
1.145595
1.145592
1.145590
1.145588
1.145585
1.145583
1.145581
1.145579
1.145577
1.145574
1.145572
1.145570
1.145568
1.145566
1.145564
1.145562
1.145560
1.145558
1.145556
1.145554
1.145552
1.145550
1.145548
1.145546
1.145544
1.145542
1.145540
1.145539
1.145537
1.145535
1.145533
1.145531
1.145530
1.145528
1.145526
1.145525
1.145523
1.145521
1.145520
1.145518
1.145516
1.145515
1.145513
1.145512
1.145510
1.145509
1.145507
1.145506
1.145504
1.145503
1.145502
1.145500
1.145499
1.145498
1.145496
1.145495
1.145494
1.145492
1.145491
1.145490
1.145489
1.145487
1.145486
1.145485
1.145484
1.145483
1.145482
1.145481
1.145480
1.145479
1.145478
1.145477
1.145476
1.145475
1.145474
1.145473
1.145472
1.145471
1.145470
1.145469
1.145468
1.145467
1.145466
1.145465
1.145465
1.145464
1.145463
1.145462
1.145462
1.145461
1.145460
1.145459
1.145459
1.145458
1.145457
1.145456
1.145456
1.145455
1.145454
1.145454
1.145453
1.145452
1.145452
1.145451
1.145451
1.145450
1.145449
1.145449
1.145448
1.145448
1.145447
1.145446
1.145446
1.145445
1.145445
1.145444
1.145443
1.145443
1.145442
1.145442
1.145441
1.145440
1.145440
1.145439
1.145439
1.145438
1.145437
1.145437
1.145436
1.145435
1.145435
1.145434
1.145433
1.145433
1.145432
1.145431
1.145431
1.145430
1.145429
1.145428
1.145428
1.145427
1.145426
1.145425
1.145424
1.145423
1.145422
1.145421
1.145420
1.145419
1.145418
1.145417
1.145416
1.145415
1.145414
1.145413
1.145412
1.145411
1.145409
1.145408
1.145407
1.145406
1.145404
1.145403
1.145401
1.145400
1.145398
1.145397
1.145395
1.145394
1.145392
1.145390
1.145388
1.145387
1.145385
1.145383
1.145381
1.145379
1.145377
1.145375
1.145373
1.145371
1.145368
1.145366
1.145364
1.145361
1.145359
1.145357
1.145354
1.145352
1.145349
1.145346
1.145344
1.145341
1.145338
1.145335
1.145332
1.145329
1.145326
1.145323
1.145320
1.145317
1.145313
1.145310
1.145307
1.145303
1.145300
1.145296
1.145292
1.145289
1.145285
1.145281
1.145277
1.145273
1.145269
1.145265
1.145261
1.145257
1.145253
1.145249
1.145244
1.145240
1.145235
1.145231
1.145226
1.145221
1.145217
1.145212
1.145207
1.145202
1.145197
1.145192
1.145187
1.145182
1.145177
1.145171
1.145166
1.145161
1.145155
1.145150
1.145144
1.145139
1.145133
1.145127
1.145121
1.145115
1.145109
1.145103
1.145097
1.145091
1.145085
1.145079
1.145073
1.145066
1.145060
1.145053
1.145047
1.145040
1.145034
1.145027
1.145020
1.145013
1.145007
1.145000
1.144993
1.144986
1.144979
1.144971
1.144964
1.144957
1.144950
1.144942
1.144935
1.144928
1.144920
1.144913
1.144905
1.144897
1.144890
1.144882
1.144874
1.144866
1.144858
1.144850
1.144842
1.144834
1.144826
1.144818
1.144810
1.144802
1.144794
1.144785
1.144777
1.144769
1.144760
1.144752
1.144743
1.144735
1.144726
1.144717
1.144709
1.144700
1.144691
1.144683
1.144674
1.144665
1.144656
1.144647
1.144638
1.144629
1.144621
1.144612
1.144603
1.144593
1.144584
1.144575
1.144566
1.144557
1.144548
1.144539
1.144530
1.144520
1.144520
1.144511
1.144502
1.144493
1.144484
1.144474
1.144465
1.144456
1.144447
1.144437
1.144428
1.144419
1.144410
1.144400
1.144391
1.144382
1.144373
1.144363
1.144354
1.144345
1.144336
1.144327
1.144318
1.144309
1.144300
1.144291
1.144282
1.144273
1.144264
1.144255
1.144246
1.144237
1.144229
1.144220
1.144211
1.144203
1.144195
1.144186
1.144178
1.144170
1.144162
1.144154
1.144146
1.144138
1.144130
1.144122
1.144115
1.144108
1.144100
1.144093
1.144086
1.144080
1.144073
1.144067
1.144060
1.144054
1.144049
1.144043
1.144038
1.144033
1.144028
1.144023
1.144019
1.144015
1.144012
1.144009
1.144006
1.144004
1.144002
1.144001
1.144001
1.144001
1.144002
1.144004
1.144007
1.144011
1.144017
1.144023
1.144032
1.144042
1.144054
1.144069
1.144086
1.144107
1.144133
1.144162
1.144197
1.144239
1.144286
1.144341
1.144402
1.144469
1.144540
1.144612
1.144683
1.144753
1.144819
1.144882
1.144941
1.144997
1.145050
1.145100
1.145147
1.145191
1.145232
1.145270
1.145306
1.145338
1.145367
1.145394
1.145417
1.145437
1.145454
1.145468
1.145479
1.145487
1.145492
1.145494
1.145493
1.145490
1.145485
1.145478
1.145469
1.145458
1.145447
1.145435
1.145422
1.145409
1.145396
1.145382
1.145369
1.145356
1.145343
1.145330
1.145317
1.145304
1.145291
1.145278
1.145264
1.145251
1.145237
1.145223
1.145208
1.145193
1.145178
1.145163
1.145147
1.145131
1.145114
1.145098
1.145080
1.145063
1.145045
1.145027
1.145008
1.144989
1.144970
1.144951
1.144931
1.144911
1.144890
1.144870
1.144849
1.144828
1.144807
1.144785
1.144763
1.144742
1.144720
1.144698
1.144675
1.144653
1.144631
1.144608
1.144585
1.144563
1.144540
1.144517
1.144494
1.144471
1.144448
1.144425
1.144402
1.144379
1.144356
1.144333
1.144310
1.144287
1.144264
1.144241
1.144218
1.144195
1.144172
1.144149
1.144126
1.144103
1.144080
1.144058
1.144035
1.144012
1.143989
1.143966
1.143944
1.143921
1.143898
1.143876
1.143853
1.143830
1.143808
1.143785
1.143763
1.143740
1.143718
1.143695
1.143673
1.143650
1.143628
1.143605
1.143583
1.143561
1.143538
1.143516
1.143494
1.143471
1.143449
1.143427
1.143404
1.143382
1.143360
1.143337
1.143315
1.143293
1.143270
1.143248
1.143226
1.143204
1.143181
1.143159
1.143137
1.143115
1.143092
1.143070
1.143048
1.143025
1.143003
1.142981
1.142959
1.142936
1.142914
1.142892
1.142870
1.142847
1.142825
1.142803
1.142781
1.142758
1.142736
1.142714
1.142692
1.142669
1.142647
1.142625
1.142603
1.142580
1.142558
1.142536
1.142514
1.142492
1.142469
1.142447
1.142425
1.142403
1.142381
1.142358
1.142336
1.142314
1.142292
1.142270
1.142248
1.142225
1.142203
1.142181
1.142159
1.142137
1.142115
1.142093
1.142071
1.142049
1.142027
1.142005
1.141983
1.141961
1.141939
1.141917
1.141895
1.141873
1.141851
1.141829
1.141807
1.141785
1.141763
1.141741
1.141720
1.141698
1.141676
1.141654
1.141632
1.141611
1.141589
1.141567
1.141546
1.141524
1.141502
1.141481
1.141459
1.141437
1.141416
1.141394
1.141373
1.141351
1.141330
1.141308
1.141287
1.141265
1.141244
1.141222
1.141201
1.141180
1.141158
1.141137
1.141116
1.141094
1.141073
1.141052
1.141031
1.141009
1.140988
1.140967
1.140946
1.140925
1.140904
1.140883
1.140862
1.140841
1.140820
1.140799
1.140778
1.140757
1.140736
1.140715
1.140694
1.140673
1.140652
1.140632
1.140611
1.140590
1.140569
1.140549
1.140528
1.140507
1.140487
1.140466
1.140445
1.140425
1.140404
1.140384
1.140363
1.140343
1.140323
1.140302
1.140282
1.140261
1.140241
1.140221
1.140201
1.140180
1.140160
1.140140
1.140120
1.140100
1.140080
1.140060
1.140040
1.140020
1.140000
1.139980
1.139960
1.139940
1.139920
1.139900
1.139880
1.139861
1.139841
1.139821
1.139801
1.139782
1.139762
1.139743
1.139723
1.139703
1.139684
1.139664
1.139645
1.139626
1.139606
1.139587
1.139568
1.139548
1.139529
1.139510
1.139491
1.139472
1.139452
1.139433
1.139414
1.139395
1.139376
1.139357
1.139339
1.139320
1.139301
1.139282
1.139263
1.139245
1.139226
1.139207
1.139189
1.139170
1.139151
1.139133
1.139114
1.139096
1.139078
1.139059
1.139041
1.139023
1.139004
1.138986
1.138968
1.138950
1.138932
1.138914
1.138896
1.138878
1.138860
1.138842
1.138824
1.138806
1.138788
1.138771
1.138753
1.138735
1.138717
1.138700
1.138682
1.138665
1.138647
1.138630
1.138613
1.138595
1.138578
1.138561
1.138543
1.138526
1.138509
1.138492
1.138475
1.138458
1.138441
1.138424
1.138407
1.138390
1.138373
1.138356
1.138340
1.138323
1.138306
1.138290
1.138273
1.138257
1.138240
1.138224
1.138207
1.138191
1.138175
1.138158
1.138142
1.138126
1.138110
1.138094
1.138078
1.138061
1.138046
1.138030
1.138014
1.137998
1.137982
1.137966
1.137951
1.137935
1.137935
1.137919
1.137904
1.137888
1.137873
1.137857
1.137842
1.137826
1.137811
1.137796
1.137780
1.137765
1.137750
1.137735
1.137720
1.137705
1.137690
1.137675
1.137660
1.137645
1.137630
1.137615
1.137601
1.137586
1.137571
1.137557
1.137542
1.137528
1.137513
1.137499
1.137484
1.137470
1.137456
1.137441
1.137427
1.137413
1.137399
1.137385
1.137371
1.137357
1.137343
1.137329
1.137315
1.137301
1.137287
1.137274
1.137260
1.137246
1.137233
1.137219
1.137206
1.137192
1.137179
1.137165
1.137152
1.137138
1.137125
1.137112
1.137099
1.137086
1.137072
1.137059
1.137046
1.137033
1.137020
1.137007
1.136995
1.136982
1.136969
1.136956
1.136943
1.136931
1.136918
1.136906
1.136893
1.136880
1.136868
1.136856
1.136843
1.136831
1.136819
1.136806
1.136794
1.136782
1.136770
1.136758
1.136745
1.136733
1.136721
1.136710
1.136698
1.136686
1.136674
1.136662
1.136650
1.136639
1.136627
1.136615
1.136604
1.136592
1.136581
1.136569
1.136558
1.136546
1.136535
1.136523
1.136512
1.136501
1.136490
1.136478
1.136467
1.136456
1.136445
1.136434
1.136423
1.136412
1.136401
1.136390
1.136379
1.136369
1.136358
1.136347
1.136336
1.136326
1.136315
1.136304
1.136294
1.136283
1.136273
1.136262
1.136252
1.136241
1.136231
1.136221
1.136211
1.136200
1.136190
1.136180
1.136170
1.136160
1.136149
1.136139
1.136129
1.136119
1.136109
1.136100
1.136090
1.136080
1.136070
1.136060
1.136050
1.136041
1.136031
1.136021
1.136012
1.136002
1.135993
1.135983
1.135974
1.135964
1.135955
1.135945
1.135936
1.135927
1.135917
1.135908
1.135899
1.135890
1.135880
1.135871
1.135862
1.135853
1.135844
1.135835
1.135826
1.135817
1.135808
1.135799
1.135790
1.135781
1.135773
1.135764
1.135755
1.135746
1.135738
1.135729
1.135720
1.135712
1.135703
1.135695
1.135686
1.135678
1.135669
1.135661
1.135652
1.135644
1.135636
1.135627
1.135619
1.135611
1.135602
1.135594
1.135586
1.135578
1.135570
1.135562
1.135554
1.135546
1.135538
1.135530
1.135522
1.135514
1.135506
1.135498
1.135490
1.135482
1.135474
1.135467
1.135459
1.135451
1.135444
1.135436
1.135428
1.135421
1.135413
1.135405
1.135398
1.135390
1.135383
1.135375
1.135368
1.135361
1.135353
1.135346
1.135339
1.135331
1.135324
1.135317
1.135310
1.135302
1.135295
1.135288
1.135281
1.135274
1.135267
1.135260
1.135253
1.135246
1.135239
1.135232
1.135225
1.135218
1.135211
1.135204
1.135197
1.135190
1.135184
1.135177
1.135170
1.135163
1.135157
1.135150
1.135143
1.135137
1.135130
1.135124
1.135117
1.135111
1.135104
1.135098
1.135091
1.135085
1.135078
1.135072
1.135065
1.135059
1.135053
1.135046
1.135040
1.135034
1.135028
1.135021
1.135015
1.135009
1.135003
1.134997
1.134991
1.134985
1.134979
1.134973
1.134967
1.134961
1.134955
1.134949
1.134943
1.134937
1.134931
1.134925
1.134919
1.134913
1.134908
1.134902
1.134896
1.134890
1.134885
1.134879
1.134873
1.134868
1.134862
1.134856
1.134851
1.134845
1.134840
1.134834
1.134829
1.134823
1.134818
1.134812
1.134807
1.134801
1.134796
1.134791
1.134785
1.134780
1.134775
1.134770
1.134764
1.134759
1.134754
1.134749
1.134743
1.134738
1.134733
1.134728
1.134723
1.134718
1.134713
1.134708
1.134703
1.134698
1.134693
1.134688
1.134683
1.134678
1.134673
1.134668
1.134663
1.134659
1.134654
1.134649
1.134644
1.134639
1.134635
1.134630
1.134625
1.134621
1.134616
1.134611
1.134607
1.134602
1.134598
1.134593
1.134588
1.134584
1.134579
1.134575
1.134570
1.134566
1.134562
1.134557
1.134553
1.134548
1.134544
1.134540
1.134535
1.134531
1.134527
1.134523
1.134518
1.134514
1.134510
1.134506
1.134502
1.134497
1.134493
1.134489
1.134485
1.134481
1.134477
1.134473
1.134469
1.134465
1.134461
1.134457
1.134453
1.134449
1.134445
1.134441
1.134437
1.134434
1.134430
1.134426
1.134422
1.134418
1.134415
1.134411
1.134407
1.134404
1.134400
1.134396
1.134393
1.134389
1.134385
1.134382
1.134378
1.134375
1.134371
1.134368
1.134364
1.134361
1.134357
1.134354
1.134350
1.134347
1.134343
1.134340
1.134337
1.134333
1.134330
1.134327
1.134324
1.134320
1.134317
1.134314
1.134311
1.134307
1.134304
1.134301
1.134298
1.134295
1.134292
1.134289
1.134286
1.134283
1.134280
1.134277
1.134274
1.134271
1.134268
1.134265
1.134262
1.134259
1.134256
1.134253
1.134250
1.134247
1.134245
1.134242
1.134239
1.134236
1.134234
1.134231
1.134228
1.134225
1.134223
1.134220
1.134218
1.134215
1.134212
1.134210
1.134207
1.134205
1.134202
1.134200
1.134197
1.134195
1.134192
1.134190
1.134187
1.134185
1.134183
1.134180
1.134178
1.134176
1.134173
1.134171
1.134169
1.134167
1.134164
1.134162
1.134160
1.134158
1.134156
1.134153
1.134151
1.134149
1.134147
1.134145
1.134143
1.134141
1.134141
1.134139
1.134137
1.134135
1.134133
1.134131
1.134129
1.134127
1.134125
1.134124
1.134122
1.134120
1.134118
1.134116
1.134115
1.134113
1.134111
1.134109
1.134108
1.134106
1.134104
1.134103
1.134101
1.134099
1.134098
1.134096
1.134095
1.134093
1.134092
1.134090
1.134089
1.134087
1.134086
1.134085
1.134083
1.134082
1.134080
1.134079
1.134078
1.134077
1.134075
1.134074
1.134073
1.134072
1.134070
1.134069
1.134068
1.134067
1.134066
1.134065
1.134064
1.134063
1.134062
1.134061
1.134060
1.134059
1.134058
1.134057
1.134056
1.134055
1.134054
1.134053
1.134052
1.134052
1.134051
1.134050
1.134049
1.134049
1.134048
1.134047
1.134047
1.134046
1.134045
1.134045
1.134044
1.134044
1.134043
1.134043
1.134042
1.134042
1.134041
1.134041
1.134041
1.134040
1.134040
1.134040
1.134039
1.134039
1.134039
1.134038
1.134038
1.134038
1.134038
1.134038
1.134038
1.134038
1.134038
1.134038
1.134038
1.134038
1.134038
1.134038
1.134038
1.134038
1.134038
1.134038
1.134038
1.134039
1.134039
1.134039
1.134039
1.134040
1.134040
1.134040
1.134041
1.134041
1.134042
1.134042
1.134043
1.134043
1.134044
1.134044
1.134045
1.134046
1.134046
1.134047
1.134048
1.134048
1.134049
1.134050
1.134051
1.134052
1.134053
1.134054
1.134055
1.134056
1.134057
1.134058
1.134059
1.134060
1.134061
1.134062
1.134063
1.134065
1.134066
1.134067
1.134069
1.134070
1.134071
1.134073
1.134074
1.134076
1.134077
1.134079
1.134081
1.134082
1.134084
1.134086
1.134087
1.134089
1.134091
1.134093
1.134095
1.134097
1.134099
1.134101
1.134103
1.134105
1.134107
1.134109
1.134112
1.134114
1.134116
1.134118
1.134121
1.134123
1.134126
1.134128
1.134131
1.134133
1.134136
1.134139
1.134142
1.134144
1.134147
1.134150
1.134153
1.134156
1.134159
1.134162
1.134165
1.134168
1.134172
1.134175
1.134178
1.134182
1.134185
1.134189
1.134192
1.134196
1.134199
1.134203
1.134207
1.134211
1.134215
1.134219
1.134223
1.134227
1.134231
1.134235
1.134239
1.134243
1.134248
1.134252
1.134257
1.134261
1.134266
1.134271
1.134275
1.134280
1.134285
1.134290
1.134295
1.134300
1.134305
1.134310
1.134316
1.134321
1.134327
1.134332
1.134338
1.134343
1.134349
1.134355
1.134361
1.134367
1.134373
1.134379
1.134385
1.134391
1.134398
1.134404
1.134411
1.134417
1.134424
1.134431
1.134438
1.134445
1.134452
1.134459
1.134466
1.134474
1.134481
1.134489
1.134496
1.134504
1.134512
1.134520
1.134527
1.134536
1.134544
1.134552
1.134560
1.134569
1.134577
1.134586
1.134595
1.134604
1.134613
1.134622
1.134631
1.134640
1.134649
1.134659
1.134668
1.134678
1.134688
1.134698
1.134708
1.134718
1.134728
1.134738
1.134749
1.134759
1.134770
1.134781
1.134792
1.134803
1.134814
1.134825
1.134836
1.134848
1.134859
1.134871
1.134883
1.134894
1.134906
1.134918
1.134931
1.134943
1.134955
1.134968
1.134980
1.134993
1.135006
1.135019
1.135032
1.135045
1.135059
1.135072
1.135085
1.135099
1.135113
1.135127
1.135141
1.135155
1.135169
1.135183
1.135198
1.135212
1.135227
1.135241
1.135256
1.135271
1.135286
1.135301
1.135316
1.135332
1.135347
1.135363
1.135378
1.135394
1.135410
1.135426
1.135442
1.135458
1.135474
1.135491
1.135507
1.135524
1.135540
1.135557
1.135574
1.135591
1.135607
1.135625
1.135642
1.135659
1.135676
1.135694
1.135711
1.135729
1.135747
1.135764
1.135782
1.135800
1.135818
1.135836
1.135854
1.135873
1.135891
1.135909
1.135928
1.135946
1.135965
1.135984
1.136002
1.136021
1.136040
1.136059
1.136078
1.136097
1.136116
1.136136
1.136155
1.136174
1.136194
1.136213
1.136233
1.136252
1.136272
1.136292
1.136311
1.136331
1.136351
1.136371
1.136391
1.136411
1.136431
1.136451
1.136472
1.136492
1.136512
1.136532
1.136553
1.136573
1.136594
1.136614
1.136635
1.136656
1.136676
1.136697
1.136718
1.136738
1.136759
1.136780
1.136801
1.136822
1.136843
1.136864
1.136885
1.136906
1.136927
1.136948
1.136969
1.136991
1.137012
1.137033
1.137054
1.137076
1.137097
1.137119
1.137140
1.137161
1.137183
1.137204
1.137226
1.137247
1.137269
1.137291
1.137312
1.137334
1.137356
1.137377
1.137399
1.137421
1.137442
1.137464
1.137486
1.137508
1.137530
1.137552
1.137573
1.137595
1.137617
1.137639
1.137661
1.137683
1.137705
1.137727
1.137749
1.137771
1.137793
1.137815
1.137837
1.137859
1.137882
1.137904
1.137926
1.137948
1.137970
1.137992
1.138015
1.138037
1.138059
1.138081
1.138103
1.138126
1.138148
1.138170
1.138193
1.138215
1.138237
1.138259
1.138282
1.138304
1.138327
1.138349
1.138371
1.138394
1.138416
1.138438
1.138461
1.138483
1.138506
1.138528
1.138551
1.138573
1.138595
1.138618
1.138640
1.138663
1.138685
1.138708
1.138730
1.138753
1.138775
1.138798
1.138820
1.138843
1.138843
1.138866
1.138888
1.138911
1.138933
1.138956
1.138978
1.139001
1.139023
1.139046
1.139069
1.139091
1.139114
1.139136
1.139159
1.139182
1.139204
1.139227
1.139250
1.139272
1.139295
1.139318
1.139340
1.139363
1.139386
1.139408
1.139431
1.139454
1.139476
1.139499
1.139522
1.139544
1.139567
1.139590
1.139613
1.139635
1.139658
1.139681
1.139703
1.139726
1.139749
1.139772
1.139794
1.139817
1.139840
1.139863
1.139885
1.139908
1.139931
1.139954
1.139977
1.139999
1.140022
1.140045
1.140068
1.140091
1.140114
1.140136
1.140159
1.140182
1.140205
1.140228
1.140251
1.140273
1.140296
1.140319
1.140342
1.140365
1.140389
1.140410
1.140436
1.140453
1.140486
1.140492
1.140543
1.140518
1.140626
1.140508
1.140793
1.140412
1.141213
1.140204
1.141619
1.140551
1.141742
1.140641
1.141973
1.141100
1.142089
1.141086
1.142345
1.141424
1.142445
1.141478
1.142648
1.141732
1.142773
1.141824
1.142949
1.142036
1.143098
1.142177
1.143272
1.142364
1.143428
1.142515
1.143591
1.142685
1.143740
1.142834
1.143889
1.142987
1.144031
1.143131
1.144172
1.143275
1.144309
1.143413
1.144442
1.143550
1.144574
1.143683
1.144705
1.143816
1.144836
1.143949
1.144967
1.144082
1.145100
1.144217
1.145235
1.144352
1.145371
1.144489
1.145509
1.144628
1.145649
1.144768
1.145791
1.144909
1.145934
1.145051
1.146079
1.145193
1.146225
1.145337
1.146371
1.145482
1.146519
1.145627
1.146668
1.145773
1.146817
1.145919
1.146967
1.146066
1.147118
1.146213
1.147269
1.146361
1.147421
1.146509
1.147573
1.146658
1.147725
1.146807
1.147878
1.146956
1.148032
1.147107
1.148186
1.147257
1.148341
1.147409
1.148496
1.147561
1.148652
1.147713
1.148809
1.147867
1.148966
1.148021
1.149124
1.148175
1.149282
1.148330
1.149441
1.148486
1.149600
1.148642
1.149760
1.148799
1.149921
1.148957
1.150082
1.149115
1.150244
1.149274
1.150406
1.149433
1.150569
1.149593
1.150732
1.149753
1.150896
1.149913
1.151060
1.150074
1.151224
1.150235
1.151389
1.150397
1.151554
1.150559
1.151720
1.150722
1.151885
1.150884
1.152051
1.151047
1.152217
1.151210
1.152384
1.151374
1.152550
1.151537
1.152717
1.151701
1.152884
1.151865
1.153051
1.152029
1.153218
1.152193
1.153385
1.152357
1.153553
1.152522
1.153720
1.152686
1.153888
1.152851
1.154055
1.153016
1.154223
1.153181
1.154390
1.153345
1.154558
1.153510
1.154726
1.153675
1.154893
1.153840
1.155061
1.154005
1.155228
1.154170
1.155396
1.154335
1.155564
1.154500
1.155731
1.154666
1.155899
1.154831
1.156066
1.154996
1.156234
1.155161
1.156402
1.155326
1.156569
1.155491
1.156737
1.155657
1.156904
1.155822
1.157072
1.155987
1.157239
1.156152
1.157407
1.156318
1.157575
1.156483
1.157742
1.156648
1.157910
1.156814
1.158077
1.156979
1.158245
1.157145
1.158413
1.157310
1.158580
1.157476
1.158748
1.157641
1.158916
1.157807
1.159083
1.157972
1.159251
1.158138
1.159419
1.158303
1.159587
1.158469
1.159754
1.158635
1.159922
1.158800
1.160090
1.158967
1.160258
1.159131
1.160426
1.159299
1.160594
1.159462
1.160762
1.159633
1.160931
1.159790
1.161096
1.159973
1.161270
1.160107
1.161426
1.160332
1.161612
1.160390
1.161730
1.160757
1.161914
1.160582
1.161931
1.161306
1.161727
1.160998
1.162380
1.160836
1.162095
1.161933
1.161171
1.162392
1.161124
1.162500
1.161936
1.161853
1.161684
1.162195
1.161628
1.163002
1.160895
1.162280
1.163107
1.160767
1.162405
1.163290
1.161619
1.162700
1.162555
1.162115
1.162598
1.161918
1.163031
1.161590
1.162909
1.162260
1.162609
1.161991
1.163427
1.161703
1.162995
1.163330
1.161683
1.163070
1.163262
1.162483
1.163610
1.162188
1.163558
1.162811
1.163299
1.162444
1.164015
1.162364
1.163654
1.163458
1.162676
1.163997
1.162571
1.163956
1.163746
1.162889
1.164165
1.162680
1.164079
1.164078
1.162918
1.164387
1.163067
1.164551
1.163688
1.164516
1.163159
1.164710
1.164021
1.164605
1.163531
1.165232
1.163721
1.165164
1.164273
1.165226
1.163813
1.165337
1.164975
1.164591
1.165063
1.164370
1.166136
1.163745
1.165334
1.166242
1.163520
1.165428
1.166393
1.164656
1.165742
1.165567
1.165147
1.165580
1.164886
1.166085
1.164431
1.165766
1.165570
1.164848
1.166148
1.164577
1.166000
1.166171
1.164665
1.166192
1.165554
1.166483
1.165095
1.166645
1.165666
1.166716
1.164983
1.166420
1.166807
1.165144
1.166554
1.166307
1.166028
1.166433
1.165762
1.167356
1.164929
1.166572
1.167551
1.164727
1.166683
1.167685
1.165881
1.167005
1.166883
1.166396
1.166959
1.166122
1.167510
1.165740
1.167083
1.167033
1.166064
1.167648
1.165990
1.167421
1.167518
1.166157
1.167771
1.166715
1.168290
1.166515
1.167905
1.167575
1.167050
1.167988
1.166726
1.168422
1.167282
1.168619
1.166403
1.168032
1.168032
1.169097
1.166429
1.168152
1.169064
1.167138
1.168354
1.168496
1.167633
1.168703
1.167398
1.168903
1.167660
1.169103
1.167364
1.168826
1.168723
1.167988
1.169337
1.167572
1.169039
1.169526
1.167468
1.168908
1.169611
1.167890
1.169261
1.169174
1.168371
1.169583
1.167901
1.169360
1.169315
1.168166
1.169847
1.168057
1.169520
1.169767
1.168078
1.169623
1.169181
1.169482
1.168880
1.170318
1.168020
1.169613
1.170697
1.167531
1.169798
1.170892
1.168730
1.170004
1.170340
1.169196
1.170381
1.169187
1.170627
1.169058
1.170594
1.169567
1.170861
1.168983
1.170476
1.170989
1.169071
1.170540
1.170897
1.169665
1.171307
1.169847
1.171488
1.170010
1.171647
1.169932
1.171517
1.170817
1.171335
1.170341
1.172335
1.169885
1.171492
1.172491
1.169511
1.171595
1.172667
1.170605
1.171833
1.172014
1.171018
1.172209
1.170815
1.172380
1.171110
1.172640
1.170689
1.172160
1.172567
1.170894
1.172470
1.172050
1.172231
1.171785
1.172918
1.171071
1.172574
1.172973
1.170836
1.172366
1.173282
1.171004
1.172502
1.173392
1.170928
1.172437
1.173308
1.171256
1.172581
1.172934
1.171580
1.173068
1.171799
1.173403
1.171553
1.173066
1.172696
1.172360
1.173030
1.172109
1.174323
1.171339
1.173381
1.174493
1.171164
1.173657
1.174751
1.172712
1.173877
1.173798
1.173123
1.173950
1.172694
1.174388
1.172632
1.174219
1.173179
1.174522
1.172454
1.174038
1.175033
1.172171
1.174082
1.175203
1.172830
1.174286
1.174989
1.173263
1.174559
1.174007
1.174193
1.173673
1.174730
1.173045
1.174674
1.174122
1.173890
1.174133
1.173883
1.175271
1.172738
1.174560
1.176006
1.171753
1.175078
1.176216
1.174258
1.175226
1.174847
1.175306
1.174549
1.175381
1.173704
1.175369
1.174379
1.175712
1.173528
1.175138
1.176326
1.173102
1.175356
1.176489
1.174020
1.175543
1.176289
1.174627
1.175911
1.175175
1.175728
1.174700
1.176464
1.174150
1.175643
1.176595
1.173732
1.175687
1.176881
1.174505
1.175922
1.176563
1.174879
1.176251
1.175640
1.176043
1.175220
1.176825
1.174400
1.175998
1.177119
1.173896
1.176153
1.177314
1.175003
1.176387
1.176889
1.175447
1.176815
1.175727
1.177084
1.175211
1.176739
1.176455
1.175814
1.177007
1.175184
1.176791
1.177237
1.175065
1.176624
1.177364
1.175410
1.176937
1.177283
1.175605
1.177296
1.176278
1.177737
1.175377
1.177006
1.178126
1.174913
1.177128
1.178243
1.175731
1.177217
1.177952
1.176206
1.177569
1.176992
1.177279
1.176643
1.178034
1.175846
1.177396
1.178416
1.175175
1.177542
1.178818
1.176032
1.177764
1.178611
1.176673
1.177974
1.177725
1.177338
1.177868
1.176905
1.178861
1.175936
1.177903
1.179074
1.175613
1.178110
1.179248
1.177006
1.178326
1.178611
1.177396
1.178775
1.177277
1.178970
1.177412
1.179160
1.177235
1.178904
1.178262
1.178606
1.177879
1.179937
1.176737
1.179333
1.180410
1.176542
1.179360
1.180493
1.178364
1.179560
1.179564
1.178678
1.179724
1.178191
1.179913
1.178619
1.180305
1.177825
1.179499
1.180685
1.177586
1.179697
1.180796
1.178397
1.179852
1.180516
1.178857
1.180266
1.179480
1.180214
1.178907
1.180848
1.178717
1.180214
1.180381
1.178859
1.180794
1.179490
1.181485
1.178965
1.180547
1.181531
1.178629
1.180640
1.181775
1.179215
1.180672
1.181421
1.179495
1.180852
1.180681
1.180139
1.181035
1.179569
1.181510
1.179972
1.181919
1.179365
1.181084
1.182301
1.179161
1.181417
1.182492
1.179904
1.181414
1.182176
1.180361
1.181712
1.181262
1.181190
1.181057
1.181165
1.180917
1.181550
1.180253
1.182736
1.179566
1.181891
1.183099
1.179227
1.182315
1.183494
1.180796
1.182170
1.182740
1.181202
1.182494
1.181482
1.182663
1.180826
1.182437
1.181817
1.181925
1.181443
1.182880
1.180533
1.182294
1.183708
1.179477
1.182718
1.184063
1.181244
1.182711
1.183364
1.181991
1.183161
1.181941
1.183312
1.181423
1.182980
1.182556
1.182242
1.182691
1.181910
1.184304
1.180379
1.183487
1.184740
1.180610
1.183515
1.184656
1.182946
1.183977
1.183315
1.183417
1.182846
1.183660
1.182312
1.184241
1.182211
1.183802
1.183195
1.183296
1.183008
1.184097
1.182332
1.184021
1.183731
1.182787
1.185051
1.181404
1.184576
1.185889
1.181300
1.184273
1.185426
1.183589
1.184658
1.184329
1.184120
1.184061
1.183741
1.184182
1.183284
1.185457
1.181925
1.184797
1.185859
1.182005
1.184856
1.185983
1.183897
1.185100
1.185180
1.184177
1.185365
1.183737
1.185367
1.184253
1.185608
1.183270
1.184846
1.185957
1.182963
1.185000
1.186046
1.183558
1.185060
1.185829
1.183962
1.185253
1.184985
1.184558
1.185144
1.184059
1.186083
1.183346
1.185107
1.186199
1.182967
1.185346
1.186388
1.184066
1.185412
1.185933
1.184364
1.185756
1.184850
1.185957
1.184191
1.185815
1.185130
1.185479
1.184595
1.186821
1.186821
1.183474
1.186313
1.187144
1.183543
1.186124
1.187137
1.185130
1.186330
1.186373
1.185325
1.186601
1.184872
1.186449
1.185751
1.186105
1.185208
1.187358
1.184122
1.186800
1.187595
1.184147
1.186613
1.187634
1.185596
1.186827
1.186995
1.185760
1.187164
1.185528
1.187176
1.186062
1.187510
1.185119
1.186741
1.187852
1.184803
1.186916
1.187880
1.185482
1.186937
1.187662
1.185863
1.187167
1.186815
1.186566
1.186824
1.186214
1.187816
1.184981
1.187079
1.188172
1.184525
1.187344
1.188310
1.185972
1.187310
1.187818
1.186271
1.187609
1.186635
1.187839
1.185969
1.187488
1.187224
1.186537
1.187855
1.185640
1.187320
1.188500
1.184977
1.187681
1.188540
1.186068
1.187561
1.188278
1.186502
1.187757
1.187253
1.187266
1.187000
1.187462
1.186661
1.188812
1.185041
1.188101
1.189206
1.185167
1.188153
1.189180
1.187242
1.188353
1.188194
1.187536
1.188289
1.186997
1.188766
1.186876
1.188424
1.187613
1.188293
1.187009
1.189152
1.187016
1.188496
1.188765
1.186953
1.188575
1.188475
1.187914
1.189127
1.186733
1.188379
1.189535
1.185937
1.188731
1.189594
1.187041
1.188526
1.189252
1.187466
1.188707
1.188320
1.188146
1.188286
1.187905
1.188988
1.186977
1.188460
1.189111
1.186451
1.188360
1.189654
1.186528
1.188893
1.189607
1.187146
1.188552
1.189249
1.187493
1.188806
1.188393
1.188209
1.188272
1.187929
1.188856
1.187099
1.188771
1.188252
1.187970
1.188468
1.187650
1.190527
1.185663
1.188643
1.190507
1.188180
1.188495
1.188957
1.189633
1.189180
1.189179
1.187895
1.189587
1.186937
1.189019
1.190140
1.186818
1.189080
1.189969
1.187703
1.189056
1.189643
1.188092
1.189503
1.188685
1.189688
1.187990
1.189659
1.188738
1.189858
1.187675
1.189246
1.190283
1.187326
1.189493
1.190384
1.187779
1.189406
1.190223
1.188139
1.189376
1.189674
1.188327
1.189873
1.188410
1.190170
1.188348
1.189998
1.188960
1.190456
1.187993
1.189786
1.190910
1.187672
1.190050
1.190794
1.188593
1.189938
1.190497
1.188904
1.190273
1.189412
1.190412
1.188690
1.190325
1.189666
1.190094
1.189069
1.191461
1.187972
1.191011
1.191580
1.188318
1.190561
1.191492
1.189622
1.190787
1.190784
1.189725
1.191132
1.189202
1.190638
1.190848
1.189301
1.190998
1.189768
1.191769
1.189028
1.190927
1.191815
1.188883
1.190962
1.191836
1.189659
1.190939
1.191472
1.189791
1.191137
1.190539
1.191004
1.190076
1.192053
1.189010
1.191467
1.192015
1.189159
1.191061
1.192073
1.189990
1.191250
1.191719
1.189981
1.191336
1.190848
1.191107
1.190499
1.191880
1.189379
1.191127
1.192200
1.188668
1.191533
1.192244
1.190053
1.191374
1.191866
1.190378
1.191749
1.190688
1.192110
1.189859
1.191319
1.192149
1.189517
1.191211
1.192183
1.189780
1.191290
1.192086
1.190049
1.191325
1.191746
1.190307
1.191833
1.190682
1.192383
1.189863
1.191488
1.192416
1.189606
1.191532
1.192421
1.190215
1.191552
1.192174
1.190417
1.191724
1.191431
1.191145
1.191585
1.190667
1.192878
1.189359
1.192365
1.192762
1.189965
1.191769
1.192782
1.190910
1.192076
1.192185
1.190878
1.192445
1.190778
1.192409
1.191514
1.192554
1.190493
1.191981
1.192651
1.190334
1.191850
1.192851
1.190231
1.192061
1.192894
1.190452
1.191892
1.192659
1.190664
1.191921
1.192272
1.190894
1.192479
1.191085
1.192923
1.190806
1.192243
1.192480
1.190991
1.192734
1.191589
1.193630
1.190534
1.192996
1.193455
1.190973
1.192526
1.193453
1.191422
1.192664
1.193118
1.191312
1.192666
1.192405
1.192141
1.192663
1.191600
1.193953
1.190474
1.193484
1.193687
1.191254
1.192826
1.193772
1.191944
1.193139
1.193235
1.191841
1.193506
1.191875
1.193600
1.192503
1.194179
1.191152
1.193642
1.194169
1.191653
1.193227
1.194151
1.192080
1.193366
1.193955
1.191971
1.193229
1.193543
1.192241
1.193911
1.192302
1.194064
1.192594
1.194522
1.192027
1.193723
1.194635
1.191825
1.193849
1.194606
1.192362
1.193698
1.194387
1.192500
1.193731
1.193912
1.192758
1.194445
1.192356
1.193771
1.194277
1.192157
1.193537
1.194351
1.192206
1.193614
1.194418
1.192045
1.193527
1.194381
1.192078
1.193492
1.194284
1.192141
1.193429
1.194065
1.192214
1.193514
1.193652
1.192621
1.194402
1.191906
1.193652
1.194499
1.191573
1.193666
1.194426
1.192327
1.193622
1.194176
1.192475
1.193811
1.193343
1.193457
1.193028
1.194009
1.192146
1.193616
1.193899
1.191934
1.193421
1.193836
1.192304
1.194042
1.192983
1.194989
1.191207
1.194260
1.195401
1.191512
1.194281
1.194945
1.193245
1.194361
1.193941
1.193926
1.193630
1.193969
1.193240
1.195430
1.191322
1.194440
1.195493
1.192859
1.194255
1.194740
1.194342
1.195294
1.193345
1.194664
1.193942
1.194480
1.193468
1.195819
1.192473
1.195464
1.195287
1.193390
1.194932
1.194662
1.195251
1.195251
1.194264
1.196289
1.192522
1.195430
1.196293
1.192853
1.195346
1.195987
1.194471
1.195592
1.194825
1.195527
1.194187
1.195951
1.194200
1.195738
1.194908
1.195932
1.193912
1.195386
1.196249
1.193482
1.195611
1.196129
1.194094
1.195417
1.196032
1.194237
1.195449
1.195443
1.194484
1.196250
1.193538
1.195764
1.196164
1.193780
1.195217
1.196113
1.194120
1.195386
1.195981
1.193994
1.195226
1.195708
1.194169
1.195600
1.194927
1.195775
1.194073
1.195661
1.195063
1.195527
1.194438
1.196986
1.193255
1.196162
1.197437
1.193138
1.195959
1.197183
1.195347
1.196283
1.196154
1.195655
1.196230
1.195038
1.196776
1.194597
1.195927
1.196582
1.194260
1.195829
1.196764
1.194434
1.195944
1.196652
1.194591
1.195842
1.196462
1.194722
1.195927
1.195875
1.195111
1.196599
1.194025
1.196049
1.196589
1.194115
1.195684
1.196550
1.194542
1.195791
1.196358
1.194474
1.195669
1.195921
1.194773
1.196437
1.194491
1.195860
1.195973
1.194634
1.196370
1.194738
1.196426
1.195465
1.197017
1.194051
1.196843
1.196784
1.195260
1.196863
1.195600
1.197515
1.195404
1.196675
1.196826
1.195313
1.196908
1.196091
1.197902
1.194617
1.197630
1.197536
1.195824
1.197326
1.196681
1.198262
1.195652
1.197434
1.197869
1.195387
1.197025
1.197888
1.195857
1.197118
1.197756
1.195707
1.196921
1.197543
1.195767
1.197002
1.197337
1.195974
1.197567
1.196178
1.198069
1.195798
1.197245
1.197892
1.195593
1.197173
1.198006
1.195692
1.197167
1.197859
1.195732
1.197009
1.197702
1.195776
1.196972
1.197479
1.195799
1.197072
1.196897
1.196450
1.197536
1.195345
1.196983
1.197860
1.194745
1.197506
1.197492
1.196333
1.197911
1.196053
1.197414
1.197518
1.196073
1.197692
1.196243
1.198127
1.196303
1.197845
1.197006
1.198231
1.195815
1.197811
1.198407
1.195850
1.197636
1.198251
1.196267
1.197535
1.198154
1.196172
1.197384
1.197943
1.196098
1.197349
1.197789
1.196200
1.197610
1.197048
1.197669
1.196368
1.198494
1.196017
1.197841
1.198214
1.195944
1.197528
1.198416
1.196075
1.197655
1.198247
1.196003
1.197384
1.198138
1.196066
1.197349
1.198030
1.195942
1.197215
1.197907
1.195893
1.197184
1.197877
1.195853
1.197145
1.197826
1.195777
1.197084
1.197783
1.195696
1.197028
1.197750
1.195611
1.196972
1.197708
1.195541
1.196913
1.197645
1.195499
1.196844
1.197560
1.195464
1.196773
1.197460
1.195426
1.196707
1.197346
1.195395
1.196660
1.197197
1.195417
1.196713
1.196821
1.195825
1.197876
1.194707
1.197884
1.197363
1.196345
1.197929
1.195651
1.197669
1.198136
1.195554
1.197032
1.197758
1.195872
1.197177
1.197759
1.195844
1.197047
1.197339
1.195992
1.197682
1.196226
1.198147
1.196046
1.197462
1.197582
1.196311
1.198196
1.196201
1.197671
1.197875
1.196206
1.197723
1.197161
1.198088
1.196151
1.197587
1.197971
1.195949
1.197356
1.197996
1.195852
1.197397
1.198115
1.195568
1.197481
1.197892
1.195995
1.197282
1.197652
1.196233
1.197884
1.196521
1.198710
1.195635
1.198625
1.198018
1.197408
1.198536
1.196584
1.198207
1.198949
1.195926
1.198525
1.198269
1.197546
1.199189
1.196456
1.199135
1.198698
1.197509
1.199296
1.196705
1.199403
1.199151
1.197818
1.199509
1.197210
1.199117
1.199569
1.197326
1.198648
1.199377
1.197385
1.198732
1.199389
1.197217
1.198572
1.199263
1.197152
1.198540
1.199247
1.197106
1.198472
1.199158
1.197048
1.198402
1.199092
1.197013
1.198344
1.199022
1.196950
1.198275
1.198946
1.196882
1.198209
1.198879
1.196813
1.198147
1.198814
1.196740
1.198080
1.198748
1.196665
1.198012
1.198680
1.196592
1.197943
1.198610
1.196522
1.197873
1.198537
1.196456
1.197804
1.198463
1.196392
1.197736
1.198389
1.196329
1.197670
1.198315
1.196266
1.197605
1.198241
1.196204
1.197542
1.198166
1.196144
1.197480
1.198086
1.196088
1.197419
1.197994
1.196048
1.197369
1.197861
1.196067
1.197410
1.197491
1.196513
1.198769
1.194923
1.197720
1.199270
1.195162
1.197918
1.198808
1.197276
1.198304
1.197730
1.198117
1.197161
1.199102
1.195794
1.199036
1.198604
1.197466
1.199144
1.196940
1.198934
1.199234
1.197038
1.198224
1.198798
1.197298
1.198671
1.198230
1.198206
1.197760
1.198675
1.196648
1.198255
1.198876
1.196104
1.198928
1.198258
1.198519
1.197746
1.199893
1.195721
1.198170
1.199709
1.197765
1.198723
1.198238
1.199906
1.198137
1.199195
1.198374
1.198649
1.197897
1.200474
1.196040
1.198010
1.200320
1.198652
1.198270
1.199210
1.199343
1.200002
1.198528
1.199988
1.197231
1.199407
1.199466
1.198415
1.200170
1.197773
1.199626
1.199765
1.198078
1.199394
1.199073
1.199618
1.198684
1.201016
1.196364
1.198192
1.200428
1.199153
1.198545
1.199614
1.199618
1.200245
1.198818
1.200158
1.197675
1.199429
1.199910
1.198366
1.199660
1.199660
1.199279
1.199502
1.198795
1.200655
1.196915
1.199626
1.200696
1.198697
1.199954
1.199552
1.200773
1.199109
1.200242
1.199274
1.200485
1.198119
1.200355
1.200388
1.199149
1.200803
1.198553
1.200340
1.200550
1.198968
1.200267
1.199781
1.200691
1.198952
1.200248
1.200138
1.199299
1.201477
1.197230
1.199143
1.201620
1.199848
1.199909
1.200129
1.200781
1.200410
1.200838
1.199062
1.200393
1.199548
1.201570
1.198046
1.200581
1.202146
1.198361
1.200818
1.201394
1.200338
1.201365
1.200384
1.201654
1.199627
1.200746
1.201128
1.199517
1.200662
1.200688
1.200145
1.201658
1.198728
1.201916
1.201063
1.201100
1.200485
1.202201
1.199622
1.202575
1.201358
1.201884
1.200270
1.201721
1.201734
1.201320
1.202294
1.199749
1.202545
1.201543
1.202725
1.200314
1.202686
1.202418
1.201856
1.202754
1.200679
1.202443
1.202603
1.201180
1.202505
1.201649
1.203727
1.200196
1.202492
1.203746
1.200984
1.202621
1.203074
1.202378
1.203423
1.201825
1.202963
1.202250
1.203308
1.201338
1.202830
1.203306
1.201441
1.202594
1.203043
1.201633
1.202808
1.202494
1.202498
1.202240
1.202632
1.201730
1.204334
1.199516
1.201759
1.202835
1.202837
1.202116
1.202933
1.203472
1.203397
1.202874
1.202350
1.202148
1.202092
1.202360
1.201999
1.203437
1.200104
1.202376
1.203677
1.199970
1.202242
1.203560
1.202097
1.202850
1.202541
1.202435
1.202261
1.202087
1.202058
1.201751
1.202379
1.200901
1.202119
1.201964
1.201492
1.203057
1.199782
1.202108
1.203427
1.200482
1.202245
1.202472
1.202052
1.202753
1.201367
1.202516
1.201395
1.202923
1.200845
1.202405
1.202642
1.201393
1.202618
1.201771
1.203481
1.200911
1.203540
1.202657
1.203195
1.202024
1.203572
1.202340
1.203747
1.202298
1.203669
1.202298
1.203784
1.202747
1.204534
1.202041
1.204552
1.203665
1.204338
1.202955
1.204252
1.203830
1.204482
1.202957
1.204115
1.203680
1.204151
1.203151
1.205166
1.202464
1.205460
1.204470
1.205079
1.203673
1.204957
1.204905
1.204536
1.205207
1.203237
1.204917
1.204737
1.204168
1.205761
1.202619
1.204762
1.205820
1.203825
1.204709
1.205028
1.204784
1.205650
1.203865
1.204743
1.204922
1.203773
1.205082
1.204264
1.206198
1.203089
1.205151
1.206247
1.203398
1.205570
1.205681
1.205187
1.205875
1.204551
1.205650
1.204834
1.206273
1.203761
1.206468
1.205630
1.206286
1.204913
1.206093
1.205813
1.206092
1.205311
1.207175
1.203429
1.204709
1.206242
1.206014
1.205109
1.205943
1.206275
1.206286
1.205945
1.205493
1.205445
1.205116
1.206292
1.204206
1.206759
1.205588
1.207012
1.204527
1.207091
1.206605
1.206856
1.206051
1.207479
1.205325
1.207554
1.206691
1.207189
1.205896
1.207117
1.206646
1.207805
1.205549
1.207882
1.206932
1.208161
1.206071
1.208085
1.207714
1.207646
1.207317
1.207606
1.207014
1.209112
1.205131
1.206419
1.207309
1.207662
1.207034
1.207756
1.208299
1.208346
1.207879
1.207414
1.207115
1.207175
1.207059
1.207615
1.206579
1.207884
1.206311
1.207297
1.207273
1.206777
1.208269
1.205795
1.208071
1.208006
1.206854
1.207908
1.206758
1.207826
1.207478
1.207404
1.206962
1.207709
1.206196
1.207443
1.207547
1.206510
1.207769
1.206403
1.207501
1.207436
1.206858
1.208262
1.205526
1.207310
1.208651
1.205741
1.207546
1.208026
1.207246
1.208033
1.207157
1.208235
1.206783
1.207617
1.207762
1.206996
1.208347
1.206533
1.208180
1.207801
1.207580
1.207788
1.207273
1.209099
1.205763
1.206812
1.208798
1.207058
1.207742
1.207783
1.208351
1.207897
1.208279
1.206904
1.207785
1.207261
1.208430
1.206564
1.208487
1.207849
1.208360
1.207140
1.208204
1.207804
1.208685
1.206942
1.208224
1.208129
1.207571
1.208876
1.206591
1.209020
1.208437
1.208446
1.207891
1.209201
1.207341
1.209592
1.208557
1.209571
1.207612
1.209409
1.209170
1.209219
1.208858
1.209297
1.208372
1.209717
1.208234
1.209234
1.209186
1.208652
1.210211
1.207481
1.209154
1.210050
1.208502
1.209207
1.209280
1.209474
1.209384
1.209129
1.209009
1.208661
1.209642
1.207680
1.210483
1.208978
1.209959
1.209279
1.210570
1.208813
1.210594
1.209923
1.210342
1.209220
1.210371
1.209665
1.211280
1.208656
1.210227
1.211177
1.208992
1.210633
1.210585
1.210477
1.210655
1.209979
1.211257
1.209077
1.211330
1.210591
1.211190
1.210047
1.210992
1.210939
1.210788
1.210883
1.210225
1.212038
1.208722
1.209646
1.210569
1.210907
1.210371
1.210893
1.211285
1.211355
1.211016
1.210628
1.210368
1.210352
1.210304
1.210593
1.210065
1.211657
1.208463
1.209282
1.210538
1.210526
1.209687
1.210425
1.210778
1.210669
1.210452
1.209823
1.210146
1.209278
1.210339
1.209488
1.210611
1.209285
1.210071
1.210142
1.209612
1.210754
1.208962
1.210893
1.210112
1.210938
1.209444
1.210361
1.210693
1.210693
1.209865
1.210737
1.209695
1.210656
1.210008
1.211253
1.209365
1.211352
1.210585
1.211459
1.210024
1.210921
1.211251
1.210431
1.211308
1.210299
1.211295
1.210540
1.211834
1.210029
1.211838
1.211141
1.211971
1.210593
1.211463
1.211782
1.210953
1.211843
1.210839
1.211836
1.211090
1.212417
1.210550
1.212525
1.211726
1.212660
1.211223
1.212163
1.212427
1.211701
1.212627
1.211354
1.212147
1.212295
1.211649
1.212832
1.211147
1.212989
1.212219
1.213180
1.211625
1.212813
1.212813
1.212470
1.213106
1.211783
1.212690
1.212810
1.212151
1.213384
1.211583
1.213697
1.212852
1.213803
1.212323
1.213320
1.213506
1.212950
1.213943
1.212304
1.213867
1.213285
1.214036
1.212735
1.213563
1.213848
1.213117
1.214099
1.212788
1.213677
1.213726
1.213221
1.214423
1.212432
1.214229
1.214103
1.213561
1.214221
1.213120
1.213978
1.214185
1.213349
1.214300
1.212969
1.214002
1.213959
1.213625
1.214436
1.212854
1.214721
1.213805
1.214874
1.213397
1.214493
1.214472
1.214223
1.214728
1.213580
1.214319
1.214388
1.213865
1.215218
1.212729
1.213525
1.215149
1.213826
1.214254
1.214275
1.214571
1.214399
1.214539
1.213791
1.215043
1.212839
1.214049
1.215280
1.213418
1.214581
1.214610
1.214525
1.214681
1.214087
1.215060
1.213360
1.215139
1.214363
1.215298
1.213992
1.214839
1.215065
1.214447
1.215335
1.213933
1.215001
1.214809
1.214750
1.214718
1.214549
1.215029
1.214046
1.214782
1.214400
1.215032
1.213721
1.215075
1.214571
1.215701
1.213586
1.214796
1.215715
1.213952
1.215162
1.214958
1.215161
1.214799
1.215334
1.214286
1.214928
1.214910
1.214558
1.215588
1.213733
1.215481
1.215329
1.214904
1.215338
1.214508
1.215357
1.214984
1.215695
1.214116
1.215720
1.214915
1.216026
1.214677
1.215688
1.215563
1.215439
1.215598
1.215064
1.216555
1.213999
1.214476
1.215346
1.215426
1.215136
1.215517
1.215781
1.215836
1.215602
1.215314
1.215101
1.215103
1.215016
1.215475
1.214724
1.215707
1.214673
1.215418
1.215071
1.215667
1.214604
1.215351
1.215371
1.214935
1.216002
1.213931
1.214965
1.216043
1.214449
1.215247
1.215379
1.215239
1.215655
1.214843
1.215612
1.214689
1.215422
1.214984
1.216019
1.214448
1.216220
1.215405
1.216232
1.215164
1.215778
1.215958
1.215535
1.216514
1.214879
1.216602
1.215834
1.216692
1.215613
1.216266
1.216527
1.215980
1.216912
1.215473
1.216828
1.216232
1.217124
1.215821
1.216824
1.216685
1.216702
1.216482
1.216727
1.216189
1.217662
1.215252
1.215674
1.216564
1.216679
1.216277
1.216673
1.216848
1.216936
1.216665
1.216538
1.216115
1.216764
1.215667
1.216654
1.216497
1.216587
1.216239
1.217091
1.215669
1.217376
1.216388
1.216987
1.216489
1.217371
1.216300
1.217058
1.217039
1.216604
1.217362
1.216058
1.217536
1.216899
1.217822
1.216515
1.217481
1.217291
1.217501
1.217031
1.218010
1.216451
1.218121
1.217456
1.218213
1.217105
1.217792
1.218022
1.217570
1.218394
1.217040
1.218299
1.217744
1.218601
1.217406
1.218285
1.218203
1.218163
1.218118
1.217917
1.218365
1.217517
1.218145
1.217925
1.218212
1.217612
1.218939
1.217105
1.217947
1.218835
1.217605
1.218060
1.218326
1.218073
1.218699
1.217706
1.218113
1.218159
1.217793
1.218766
1.217345
1.219008
1.218277
1.218985
1.218076
1.218584
1.218656
1.218444
1.218930
1.217928
1.218520
1.218525
1.218273
1.219038
1.217770
1.219354
1.218469
1.219051
1.218595
1.219372
1.218321
1.219177
1.218941
1.219096
1.218598
1.219731
1.217995
1.218818
1.219626
1.218662
1.218985
1.219054
1.219112
1.219241
1.218817
1.219604
1.218059
1.219564
1.219101
1.219838
1.218787
1.219499
1.219552
1.219276
1.219714
1.218740
1.219307
1.219355
1.219083
1.219904
1.218560
1.220167
1.219350
1.219897
1.219398
1.220214
1.219189
1.220018
1.219775
1.219949
1.219431
1.220532
1.218935
1.219743
1.220796
1.219204
1.220104
1.220116
1.220127
1.220161
1.219883
1.220269
1.219490
1.219989
1.219786
1.220163
1.219532
1.220355
1.219583
1.220174
1.219818
1.220467
1.219328
1.220498
1.219896
1.220842
1.219633
1.220686
1.220248
1.221013
1.219968
1.220635
1.220541
1.220550
1.220447
1.220517
1.220280
1.221151
1.219572
1.220253
1.221442
1.219633
1.220194
1.220882
1.220506
1.220798
1.220337
1.220869
1.220161
1.220598
1.220347
1.220758
1.220124
1.220780
1.220324
1.221399
1.219887
1.220838
1.221057
1.220460
1.221039
1.220387
1.220929
1.220665
1.221065
1.220291
1.220754
1.220580
1.220994
1.220368
1.221064
1.220429
1.221192
1.220388
1.220881
1.220700
1.220963
1.220469
1.221611
1.219921
1.220296
1.221349
1.220557
1.220813
1.220800
1.221044
1.220852
1.221158
1.220415
1.220935
1.220438
1.221521
1.220221
1.221581
1.221082
1.221692
1.220804
1.221181
1.221362
1.220973
1.221760
1.221760
1.220596
1.221742
1.221188
1.221896
1.221146
1.221550
1.221672
1.221387
1.222069
1.220944
1.222059
1.221447
1.222103
1.221433
1.221924
1.221687
1.222220
1.221417
1.221809
1.221798
1.221594
1.222125
1.221267
1.222043
1.221699
1.222502
1.221249
1.222512
1.221931
1.222533
1.221898
1.222467
1.221975
1.222834
1.221820
1.222656
1.222224
1.222950
1.221993
1.222755
1.222505
1.222974
1.222257
1.222639
1.222492
1.222763
1.222282
1.223370
1.221855
1.222225
1.223153
1.222482
1.222738
1.222596
1.223011
1.222576
1.223320
1.222203
1.223097
1.222621
1.223349
1.222619
1.223059
1.223201
1.222856
1.223510
1.222413
1.223456
1.222895
1.223511
1.222904
1.223404
1.223100
1.223854
1.222829
1.223731
1.223214
1.223922
1.223099
1.223613
1.223644
1.223544
1.223745
1.223252
1.224247
1.222914
1.223421
1.224424
1.223197
1.223884
1.223818
1.223969
1.223722
1.224014
1.223431
1.223991
1.223443
1.224057
1.223538
1.224185
1.223624
1.224150
1.223692
1.224568
1.223374
1.224450
1.223995
1.224594
1.223894
1.224219
1.224389
1.224101
1.224785
1.223767
1.224752
1.224224
1.224785
1.224247
1.224772
1.224331
1.225109
1.224176
1.224896
1.224472
1.225134
1.224311
1.224890
1.224770
1.225040
1.224578
1.225441
1.224321
1.225413
1.224961
1.225521
1.224863
1.225160
1.225303
1.225051
1.225646
1.224709
1.225549
1.225074
1.225726
1.225080
1.225421
1.225514
1.225298
1.225785
1.224982
1.225579
1.225255
1.226016
1.225014
1.226016
1.225551
1.226061
1.225527
1.226006
1.225518
1.226113
1.225549
1.225927
1.225678
1.226223
1.225499
1.226053
1.225811
1.226358
1.225556
1.226143
1.225825
1.226580
1.225581
1.226510
1.226039
1.226551
1.226035
1.226504
1.226085
1.226850
1.226005
1.226722
1.226313
1.226975
1.226207
1.226734
1.226565
1.226911
1.226389
1.226889
1.226372
1.226882
1.226439
1.227268
1.226325
1.227265
1.226800
1.227256
1.226779
1.227322
1.226792
1.227134
1.226978
1.227268
1.226795
1.227548
1.226749
1.227606
1.227121
1.227587
1.227103
1.227658
1.227114
1.227444
1.227271
1.227556
1.227075
1.227772
1.227072
1.227766
1.227366
1.228149
1.227208
1.228039
1.227625
1.228141
1.227575
1.227822
1.227735
1.227937
1.227601
1.228481
1.227369
1.227382
1.228411
1.227856
1.227910
1.227937
1.227903
1.228093
1.227731
1.228385
1.227407
1.228286
1.227947
1.228456
1.228045
1.228468
1.228074
1.228702
1.227864
1.228419
1.228036
1.228635
1.228023
1.228435
1.228444
1.228532
1.228335
1.228675
1.228138
1.228483
1.228308
1.228785
1.228142
1.228666
1.228352
1.229157
1.228140
1.228572
1.228895
1.228460
1.228878
1.228415
1.228752
1.228564
1.229008
1.228408
1.228735
1.228602
1.228930
1.228487
1.228986
1.228504
1.228898
1.228516
1.229312
1.228324
1.228631
1.229396
1.228618
1.228998
1.228849
1.229135
1.228777
1.229403
1.228675
1.229309
1.228958
1.229525
1.228967
1.229244
1.229265
1.229182
1.229307
1.228925
1.229758
1.228771
1.228736
1.229723
1.229259
1.229303
1.229333
1.229309
1.229483
1.229193
1.229691
1.228971
1.229566
1.229289
1.229896
1.229391
1.229638
1.229642
1.229467
1.229606
1.229159
1.229839
1.229064
1.229894
1.229527
1.229814
1.229604
1.229965
1.229554
1.229860
1.229573
1.230203
1.229399
1.230151
1.229812
1.230163
1.229833
1.230299
1.229772
1.229981
1.229971
1.229851
1.230023
1.229671
1.230510
1.229647
1.229871
1.230692
1.229880
1.230213
1.230068
1.230284
1.229981
1.230411
1.229901
1.230123
1.230169
1.230117
1.230338
1.230027
1.230834
1.229958
1.230247
1.230722
1.230179
1.230242
1.230335
1.230173
1.230570
1.230135
1.230311
1.230289
1.230324
1.230305
1.230464
1.230243
1.231021
1.230130
1.230153
1.230856
1.230408
1.230422
1.230396
1.230395
1.230488
1.230318
1.230602
1.230201
1.230469
1.230346
1.230818
1.230374
1.230621
1.230527
1.230580
1.230251
1.230850
1.230015
1.230774
1.230479
1.230830
1.230473
1.230838
1.230518
1.230951
1.230580
1.230870
1.230559
1.231156
1.230523
1.231120
1.230816
1.231219
1.230796
1.230922
1.230826
1.230949
1.230681
1.231310
1.230550
1.231304
1.230984
1.231203
1.230987
1.231281
1.230924
1.231252
1.230914
1.231491
1.230831
1.231396
1.231118
1.231555
1.231207
1.231422
1.231229
1.231565
1.231152
1.231314
1.231242
1.231401
1.231139
1.231870
1.231085
1.231409
1.231782
1.231373
1.231495
1.231258
1.231674
1.231278
1.231447
1.231443
1.231376
1.231517
1.231271
1.232052
1.231294
1.231420
1.232064
1.231530
1.231537
1.231576
1.231437
1.231717
1.231372
1.231714
1.231373
1.231718
1.231449
1.231995
1.231530
1.231822
1.231652
1.231868
1.231468
1.231782
1.231427
1.231818
1.231487
1.231859
1.231534
1.231958
1.231609
1.231845
1.231667
1.232034
1.231619
1.231812
1.231776
1.231885
1.231656
1.231656
1.232274
1.231531
1.232251
1.231939
1.232124
1.231860
1.232173
1.231819
1.232013
1.231917
1.232115
1.231773
1.232441
1.231756
1.232476
1.232190
1.232392
1.232118
1.232405
1.232033
1.232202
1.232093
1.232300
1.231968
1.232612
1.231978
1.232679
1.232373
1.232534
1.232342
1.232528
1.232192
1.232686
1.232204
1.232544
1.232324
1.232757
1.232333
1.232570
1.232540
1.232672
1.232397
1.232970
1.232252
1.232906
1.232634
1.232850
1.232588
1.232925
1.232578
1.232727
1.232707
1.232694
1.232624
1.232728
1.232530
1.233254
1.232580
1.232670
1.233231
1.232826
1.232772
1.232756
1.232636
1.232880
1.232567
1.233012
1.232596
1.232884
1.232801
1.233129
1.232829
1.233112
1.232779
1.233301
1.232649
1.233115
1.232812
1.233083
1.232801
1.233185
1.232864
1.233016
1.233001
1.233008
1.232935
1.233083
1.232837
1.233578
1.232926
1.232886
1.233507
1.233152
1.233090
1.233024
1.232978
1.233080
1.232920
1.233249
1.232912
1.233101
1.233149
1.233247
1.233164
1.233385
1.233029
1.233382
1.232941
1.233110
1.232917
1.233254
1.232912
1.233099
1.233090
1.233196
1.232986
1.233540
1.232906
1.233618
1.233310
1.233493
1.233347
1.233484
1.233188
1.233674
1.233142
1.233569
1.233292
1.233608
1.233314
1.233516
1.233339
1.233724
1.233325
1.233469
1.233371
1.233510
1.233243
1.233859
1.233237
1.233827
1.233578
1.233749
1.233465
1.233756
1.233459
1.233613
1.233592
1.233680
1.233492
1.233951
1.233467
1.234003
1.233750
1.233975
1.233692
1.234041
1.233628
1.233802
1.233721
1.233873
1.233596
1.234172
1.233602
1.234203
1.233981
1.234138
1.233920
1.234134
1.233833
1.234090
1.233823
1.234310
1.233805
1.234203
1.233978
1.234327
1.234036
1.234145
1.234034
1.234204
1.233908
1.234427
1.233881
1.234403
1.234177
1.234362
1.234156
1.234415
1.234115
1.234275
1.234110
1.234421
1.234097
1.234251
1.234235
1.234400
1.234169
1.234753
1.234115
1.234558
1.234366
1.234668
1.234313
1.234357
1.234420
1.234322
1.234565
1.234276
1.234561
1.234305
1.234767
1.234403
1.234666
1.234480
1.234804
1.234419
1.234516
1.234452
1.234549
1.234339
1.234862
1.234314
1.234900
1.234661
1.234780
1.234654
1.234749
1.234496
1.234980
1.234476
1.234925
1.234691
1.234898
1.234670
1.235002
1.234729
1.234841
1.234830
1.234792
1.234762
1.234699
1.234851
1.234634
1.235301
1.234775
1.234676
1.235257
1.234958
1.234864
1.234810
1.234710
1.234869
1.234673
1.235083
1.234741
1.235019
1.234948
1.235265
1.235024
1.235151
1.234941
1.235178
1.234810
1.234862
1.234822
1.234864
1.234776
1.235017
1.234773
1.235117
1.234855
1.235051
1.234839
1.235289
1.234807
1.235215
1.234991
1.235219
1.234946
1.235218
1.234960
1.235103
1.235042
1.235239
1.234983
1.235434
1.234991
1.235386
1.235158
1.235375
1.235087
1.235311
1.235038
1.235237
1.235009
1.235409
1.235022
1.235304
1.235149
1.235501
1.235213
1.235289
1.235302
1.235239
1.235337
1.235099
1.235653
1.235112
1.235549
1.235406
1.235675
1.235377
1.235407
1.235353
1.235419
1.235263
1.235566
1.235263
1.235495
1.235401
1.235760
1.235461
1.235581
1.235483
1.235624
1.235327
1.235760
1.235281
1.235722
1.235533
1.235688
1.235520
1.235740
1.235493
1.235687
1.235487
1.235915
1.235492
1.235833
1.235641
1.235926
1.235676
1.235784
1.235596
1.235861
1.235580
1.235673
1.235646
1.235746
1.235583
1.236017
1.235575
1.236013
1.235787
1.235884
1.235725
1.235880
1.235626
1.235944
1.235701
1.235840
1.235754
1.235954
1.235718
1.236079
1.235809
1.235990
1.235854
1.236076
1.235797
1.235910
1.235772
1.236078
1.235792
1.235936
1.235829
1.236071
1.235823
1.236001
1.235799
1.236289
1.235794
1.236193
1.236005
1.236142
1.235943
1.236165
1.235925
1.236060
1.235949
1.236206
1.235970
1.236121
1.235994
1.236336
1.236020
1.236202
1.236015
1.236336
1.235963
1.236154
1.235979
1.236321
1.236013
1.236159
1.236073
1.236292
1.236058
1.236327
1.236104
1.236322
1.236112
1.236529
1.236108
1.236423
1.236219
1.236449
1.236198
1.236364
1.236138
1.236485
1.236201
1.236364
1.236271
1.236484
1.236253
1.236492
1.236265
1.236541
1.236302
1.236445
1.236239
1.236599
1.236228
1.236508
1.236318
1.236622
1.236353
1.236416
1.236407
1.236444
1.236373
1.236538
1.236301
1.236833
1.236362
1.236751
1.236597
1.236784
1.236509
1.236644
1.236394
1.236661
1.236437
1.236545
1.236489
1.236686
1.236492
1.236921
1.236564
1.236885
1.236676
1.236855
1.236596
1.236775
1.236548
1.236783
1.236573
1.236800
1.236588
1.236836
1.236640
1.236861
1.236658
1.236995
1.236688
1.236848
1.236702
1.236942
1.236704
1.236783
1.236726
1.236883
1.236661
1.237104
1.236670
1.237053
1.236903
1.237011
1.236841
1.236998
1.236769
1.236967
1.236763
1.237087
1.236828
1.236981
1.236907
1.236907
