0.651168
0.674003
0.674175
0.672416
0.669958
0.667473
0.665241
0.663331
0.661736
0.660448
0.659465
0.658778
0.658373
0.658229
0.658321
0.658620
0.659096
0.659719
0.660462
0.661299
0.662212
0.663183
0.664202
0.665259
0.666346
0.667456
0.668579
0.669709
0.670839
0.671965
0.673085
0.674197
0.675299
0.676393
0.677480
0.678560
0.679637
0.680713
0.681790
0.682871
0.683962
0.685064
0.686182
0.687319
0.688479
0.689664
0.690877
0.692118
0.693390
0.694698
0.696050
0.697460
0.698947
0.700532
0.702236
0.704059
0.705978
0.707976
0.710100
0.712456
0.715071
0.717876
0.720787
0.723742
0.726706
0.729656
0.732578
0.735454
0.738261
0.740974
0.743563
0.746004
0.748277
0.750368
0.752272
0.753989
0.755525
0.756888
0.758090
0.759147
0.760071
0.760878
0.761580
0.762188
0.762713
0.763164
0.763548
0.763872
0.764140
0.764357
0.764526
0.764648
0.764727
0.764765
0.764762
0.764722
0.764645
0.764534
0.764391
0.764219
0.764022
0.763803
0.763566
0.763314
0.763052
0.762786
0.762527
0.762290
0.762097
0.761970
0.761930
0.761993
0.762171
0.762468
0.762876
0.763369
0.763917
0.764496
0.765088
0.765683
0.766274
0.766859
0.767437
0.768011
0.768583
0.769158
0.769742
0.770339
0.770956
0.771600
0.772278
0.772998
0.773766
0.774592
0.775483
0.776448
0.777494
0.778629
0.779858
0.781183
0.782597
0.784089
0.785648
0.787259
0.788916
0.790610
0.792336
0.794090
0.795868
0.797667
0.799486
0.801325
0.803184
0.805062
0.806956
0.808866
0.810790
0.812725
0.814671
0.816626
0.818589
0.820557
0.822529
0.824502
0.826473
0.828440
0.830399
0.832347
0.834281
0.836198
0.838098
0.839983
0.841862
0.843779
0.845848
0.848022
0.850166
0.852318
0.854509
0.856772
0.859145
0.861635
0.864155
0.866561
0.868687
0.870383
0.872219
0.874131
0.875876
0.877593
0.879458
0.881210
0.883091
0.884777
0.886700
0.888525
0.890306
0.892067
0.893814
0.895561
0.897319
0.899071
0.900784
0.902439
0.904041
0.905598
0.907118
0.908606
0.910066
0.911502
0.912915
0.914309
0.915684
0.917041
0.918383
0.919710
0.921023
0.922322
0.923609
0.924885
0.926149
0.927404
0.928649
0.929885
0.931113
0.932333
0.933546
0.934753
0.935954
0.937150
0.938341
0.939528
0.940711
0.941891
0.943068
0.944241
0.945412
0.946579
0.947744
0.948904
0.950060
0.951211
0.952356
0.953493
0.954623
0.955744
0.956856
0.957957
0.959048
0.960127
0.961194
0.962249
0.963292
0.964323
0.965341
0.966347
0.967340
0.968321
0.969289
0.970245
0.971188
0.972119
0.973038
0.973945
0.974838
0.975719
0.976588
0.977443
0.978285
0.979114
0.979928
0.980728
0.981514
0.982283
0.983037
0.983775
0.984494
0.985196
0.985878
0.986540
0.987181
0.987799
0.988392
0.988959
0.989495
0.989998
0.990463
0.990886
0.991261
0.991584
0.991853
0.992066
0.992224
0.992330
0.992385
0.992390
0.992347
0.992255
0.992114
0.991922
0.991677
0.991376
0.991015
0.990588
0.990090
0.989513
0.988852
0.988101
0.987256
0.986317
0.985295
0.984205
0.983075
0.981936
0.980823
0.979762
0.978773
0.977867
0.977048
0.976313
0.975655
0.975065
0.974532
0.974042
0.973585
0.973147
0.972717
0.972287
0.971847
0.971391
0.970912
0.970406
0.969871
0.969304
0.968704
0.968071
0.967406
0.966709
0.965983
0.965229
0.964449
0.963645
0.962820
0.961976
0.961115
0.960239
0.959351
0.958453
0.957547
0.956634
0.955717
0.954797
0.953876
0.952957
0.952040
0.951127
0.950220
0.949320
0.948428
0.947547
0.946676
0.945818
0.944974
0.944144
0.943330
0.942532
0.941752
0.940990
0.940248
0.939525
0.938823
0.938143
0.937484
0.936847
0.936233
0.935642
0.935075
0.934531
0.934012
0.933517
0.933046
0.932600
0.932178
0.931781
0.931409
0.931062
0.930739
0.930441
0.930167
0.929917
0.929692
0.929490
0.929312
0.929157
0.929026
0.928917
0.928830
0.928765
0.928723
0.928701
0.928700
0.928720
0.928759
0.928818
0.928897
0.928993
0.929108
0.929240
0.929388
0.929553
0.929734
0.929930
0.930141
0.930365
0.930603
0.930854
0.931117
0.931391
0.931676
0.931972
0.932278
0.932594
0.932918
0.933251
0.933593
0.933942
0.934300
0.934666
0.935039
0.935420
0.935809
0.936207
0.936613
0.937027
0.937451
0.937884
0.938327
0.938781
0.939245
0.939720
0.940206
0.940704
0.941214
0.941736
0.942271
0.942818
0.943377
0.943950
0.944535
0.945133
0.945743
0.946367
0.947003
0.947651
0.948312
0.948985
0.949670
0.950366
0.951075
0.951794
0.952525
0.953267
0.954020
0.954783
0.955557
0.956341
0.957135
0.957938
0.958751
0.959573
0.960405
0.961245
0.962094
0.962951
0.963817
0.964690
0.965572
0.966461
0.967358
0.968262
0.969173
0.970091
0.971016
0.971948
0.972887
0.973831
0.974782
0.975739
0.976702
0.977671
0.978645
0.979625
0.980610
0.981601
0.982597
0.983597
0.984603
0.985613
0.986628
0.987648
0.987648
0.988672
0.989700
0.990733
0.991769
0.992810
0.993855
0.994903
0.995956
0.997012
0.998071
0.999134
1.000201
1.001271
1.002344
1.003420
1.004500
1.005582
1.006668
1.007756
1.008847
1.009942
1.011038
1.012138
1.013240
1.014345
1.015452
1.016561
1.017673
1.018788
1.019905
1.021024
1.022145
1.023268
1.024394
1.025522
1.026651
1.027783
1.028917
1.030053
1.031191
1.032330
1.033472
1.034616
1.035761
1.036908
1.038057
1.039208
1.040361
1.041515
1.042671
1.043829
1.044989
1.046150
1.047313
1.048478
1.049644
1.050812
1.051982
1.053153
1.054326
1.055501
1.056677
1.057855
1.059035
1.060217
1.061400
1.062584
1.063771
1.064959
1.066149
1.067340
1.068533
1.069728
1.070925
1.072123
1.073323
1.074525
1.075729
1.076935
1.078142
1.079351
1.080562
1.081775
1.082990
1.084206
1.085425
1.086645
1.087868
1.089092
1.090319
1.091547
1.092778
1.094010
1.095245
1.096482
1.097721
1.098962
1.100205
1.101451
1.102698
1.103949
1.105201
1.106456
1.107713
1.108972
1.110234
1.111499
1.112765
1.114035
1.115307
1.116581
1.117858
1.119138
1.120420
1.121706
1.122993
1.124284
1.125577
1.126874
1.128173
1.129475
1.130780
1.132088
1.133399
1.134713
1.136030
1.137350
1.138673
1.140000
1.141330
1.142663
1.143999
1.145339
1.146682
1.148029
1.149379
1.150732
1.152090
1.153450
1.154815
1.156183
1.157555
1.158931
1.160310
1.161694
1.163081
1.164472
1.165868
1.167267
1.168671
1.170079
1.171491
1.172907
1.174328
1.175753
1.177183
1.178617
1.180056
1.181499
1.182948
1.184401
1.185859
1.187321
1.188789
1.190262
1.191740
1.193224
1.194712
1.196206
1.197706
1.199211
1.200722
1.202238
1.203760
1.205288
1.206822
1.208363
1.209909
1.211462
1.213021
1.214586
1.216159
1.217738
1.219323
1.220916
1.222516
1.224123
1.225737
1.227359
1.228988
1.230626
1.232271
1.233924
1.235585
1.237254
1.238932
1.240619
1.242314
1.244018
1.245732
1.247454
1.249186
1.250928
1.252680
1.254442
1.256214
1.257996
1.259789
1.261593
1.263408
1.265234
1.267072
1.268922
1.270784
1.272658
1.274544
1.276444
1.278356
1.280282
1.282221
1.284174
1.286142
1.288124
1.290121
1.292132
1.294160
1.296203
1.298262
1.300337
1.302430
1.304539
1.306666
1.308811
1.310974
1.313156
1.315357
1.317578
1.319818
1.322078
1.324360
1.326662
1.328986
1.331332
1.333701
1.336093
1.338508
1.340947
1.343411
1.345900
1.348414
1.350954
1.353521
1.356115
1.358737
1.361387
1.364066
1.366774
1.369512
1.372281
1.375081
1.377912
1.380776
1.383674
1.386605
1.389570
1.392570
1.395606
1.398679
1.401788
1.404934
1.408119
1.411343
1.414606
1.417909
1.421253
1.424639
1.428066
1.431535
1.435048
1.438604
1.442203
1.445848
1.449537
1.453272
1.457052
1.460878
1.464751
1.468671
1.472638
1.476652
1.480714
1.484824
1.488981
1.493187
1.497441
1.501742
1.506092
1.510489
1.514934
1.519426
1.523965
1.528551
1.533182
1.537860
1.542582
1.547349
1.552160
1.557014
1.561910
1.566848
1.571827
1.576845
1.581903
1.586999
1.592132
1.597302
1.602508
1.607750
1.613025
1.618334
1.623676
1.629049
1.634455
1.639891
1.645357
1.650852
1.656377
1.661929
1.667510
1.673117
1.678751
1.684411
1.690096
1.695807
1.701541
1.707300
1.713082
1.718886
1.724713
1.730561
1.736432
1.742323
1.748235
1.754167
1.760120
1.766093
1.772086
1.778100
1.784135
1.790191
1.796270
1.802372
1.808498
1.814652
1.820834
1.827049
1.833298
1.839588
1.845924
1.852312
1.858763
1.865288
1.871902
1.878628
1.885494
1.892544
1.899840
1.907483
1.915642
1.924611
1.934910
1.947190
1.961209
1.975632
1.989290
1.998099
2.010289
2.001968
2.003519
2.005221
2.007117
2.010103
2.013240
2.016290
2.019265
2.022274
2.025494
2.029092
2.033221
2.038056
2.043933
2.051769
2.064074
2.081021
2.075126
2.078381
2.082647
2.091352
2.107749
2.095174
2.101977
2.104696
2.109140
2.120516
2.138296
2.120595
2.130258
2.133812
2.141089
2.158788
2.142245
2.152127
2.156756
2.167401
2.175293
2.190488
2.171524
2.180566
2.187292
2.200753
2.184587
2.194958
2.203646
2.217203
2.201666
2.210696
2.219607
2.233504
2.217515
2.226055
2.236085
2.250960
2.234598
2.242013
2.253226
2.265144
2.249516
2.256708
2.269085
2.273540
2.293529
2.273310
2.281386
2.294597
2.276450
2.286641
2.300185
2.286218
2.296147
2.308558
2.300200
2.307359
2.321755
2.310005
2.317948
2.332000
2.321467
2.329811
2.344831
2.332898
2.341156
2.356600
2.343953
2.353185
2.368699
2.355585
2.364381
2.380798
2.366638
2.376599
2.392622
2.378482
2.387591
2.405044
2.389714
2.400633
2.416252
2.401821
2.410561
2.429102
2.412588
2.425199
2.440700
2.426976
2.434489
2.457869
2.441120
2.456590
2.443476
2.454501
2.458729
2.472859
2.462766
2.467237
2.485931
2.468542
2.482142
2.484579
2.502105
2.502105
2.487023
2.496834
2.490946
2.495929
2.518620
2.502086
2.515701
2.504744
2.515579
2.510517
2.516252
2.540258
2.525189
2.535832
2.531618
2.542396
2.535071
2.541638
2.560990
2.546423
2.562096
2.548991
2.561509
2.555787
2.563826
2.576728
2.573010
2.591345
2.577072
2.590459
2.580827
2.590778
2.587274
2.597125
2.600077
2.616109
2.606013
2.616623
2.608072
2.618876
2.612359
2.623555
2.618346
2.629594
2.624783
2.636430
2.631049
2.642660
2.637704
2.650081
2.644337
2.656959
2.651070
2.664310
2.658022
2.671684
2.664935
2.679079
2.671975
2.686530
2.678961
2.693921
2.685951
2.701290
2.692904
2.708625
2.699849
2.715954
2.706798
2.723283
2.713756
2.730581
2.720682
2.737747
2.727483
2.744661
2.734060
2.751267
2.740387
2.757610
2.746517
2.763773
2.752522
2.769836
2.758466
2.775858
2.764391
2.781888
2.770330
2.787971
2.776314
2.794159
2.782373
2.800509
2.788539
2.807085
2.794841
2.813936
2.801287
2.821032
2.807832
2.828208
2.814355
2.835171
2.820680
2.841616
2.826639
2.847408
2.832167
2.852706
2.837393
2.857779
2.842512
2.862797
2.847644
2.867825
2.852839
2.872902
2.858130
2.878065
2.863554
2.883345
2.869147
2.888702
2.874907
2.893942
2.880733
2.898764
2.886447
2.903083
2.891987
2.907226
2.897527
2.911652
2.903326
2.916568
2.909495
2.921936
2.916002
2.927650
2.922782
2.933622
2.929784
2.939793
2.936977
2.946125
2.944346
2.952601
2.951886
2.959223
2.959597
2.966020
2.967469
2.973046
2.975474
2.980361
2.983562
2.987986
2.991690
2.995882
2.999849
3.003974
3.008060
3.012196
3.016343
3.020514
3.024703
3.028912
3.033139
3.037384
3.041645
3.045922
3.050213
3.054518
3.058835
3.063163
3.067501
3.071848
3.076202
3.080561
3.084925
3.089292
3.093661
3.098029
3.102395
3.106757
3.111114
3.115463
3.119801
3.124128
3.128439
3.132733
3.137007
3.141258
3.145483
3.149680
3.153846
3.157979
3.162076
3.166136
3.170158
3.174140
3.178081
3.181982
3.185841
3.189660
3.193438
3.197178
3.200879
3.204542
3.208170
3.211763
3.215323
3.218851
3.222349
3.225818
3.229259
3.232674
3.236063
3.239429
3.242772
3.246093
3.249394
3.252674
3.255936
3.259179
3.262404
3.265613
3.268805
3.271981
3.275142
3.278288
3.281419
3.284536
3.287640
3.290730
3.293806
3.296870
3.299920
3.302958
3.305983
3.308996
3.311996
3.314984
3.317959
3.320922
3.323873
3.326810
3.329736
3.332648
3.335547
3.338433
3.341306
3.344164
3.347009
3.349839
3.352654
3.355454
3.358238
3.361006
3.363758
3.366493
3.369211
3.371912
3.374594
3.377259
3.379906
3.382534
3.385143
3.387734
3.390307
3.392860
3.395395
3.397912
3.400409
3.402888
3.405349
3.407791
3.410215
3.412620
3.415008
3.417377
3.419727
3.422059
3.424372
3.426666
3.428941
3.431196
3.433432
3.435647
3.437842
3.440016
3.442169
3.444300
3.446410
3.448499
3.450566
3.452612
3.454637
3.456641
3.458625
3.460588
3.462533
3.464459
3.466366
3.468257
3.470131
3.471990
3.473834
3.475663
3.477480
3.479284
3.481077
3.482859
3.484633
3.486399
3.488160
3.489919
3.491678
3.493440
3.495208
3.496980
3.498755
3.500530
3.502304
3.504075
3.505844
3.507612
3.509375
3.511132
3.512878
3.514612
3.516331
3.518033
3.519719
3.521388
3.523041
3.524680
3.526306
3.527921
3.529526
3.531121
3.532708
3.534286
3.535857
3.537421
3.538978
3.540530
3.542075
3.543616
3.545153
3.546687
3.548219
3.549749
3.551280
3.552812
3.554348
3.555889
3.557436
3.558993
3.560561
3.562141
3.563735
3.565343
3.566965
3.568596
3.570234
3.571873
3.573505
3.575124
3.576726
3.578308
3.579871
3.581421
3.582965
3.584514
3.586080
3.587675
3.589313
3.591005
3.592766
3.594608
3.596544
3.598588
3.600749
3.603029
3.605417
3.607883
3.610373
3.612819
3.615156
3.617337
3.619342
3.621180
3.622871
3.624440
3.625910
3.627300
3.628626
3.629898
3.631127
3.632321
3.633487
3.634629
3.635753
3.636861
3.637958
3.639045
3.640123
3.641195
3.642262
3.643324
3.644384
3.645441
3.646496
3.647550
3.648603
3.649655
3.650706
3.651757
3.652808
3.653858
3.654908
3.655958
3.657008
3.658057
3.659106
3.660155
3.661204
3.662252
3.663300
3.664347
3.665393
3.666439
3.667483
3.668527
3.669570
3.670612
3.671653
3.672693
3.673731
3.674768
3.675803
3.676837
3.677869
3.678899
3.679927
3.680953
3.681976
3.682998
3.684016
3.685033
3.686046
3.687056
3.688063
3.689067
3.690068
3.691065
3.692058
3.693046
3.694031
3.695012
3.695988
3.696959
3.697925
3.698887
3.699843
3.700794
3.701739
3.702678
3.703611
3.704538
3.705458
3.706371
3.707277
3.708176
3.709066
3.709947
3.710820
3.711682
3.712533
3.713373
3.714200
3.715015
3.715817
3.716605
3.717382
3.718148
3.718906
3.719660
3.720413
3.721168
3.721928
3.722694
3.723470
3.724254
3.725049
3.725854
3.726670
3.726670
3.727499
3.728329
3.729235
3.729687
3.733479
3.733553
3.734656
3.734674
3.736867
3.738101
3.739529
3.741006
3.742274
3.743311
3.744179
3.744968
3.745748
3.746554
3.747393
3.748258
3.749135
3.750013
3.750885
3.751751
3.752614
3.753474
3.754333
3.755191
3.756044
3.756893
3.757735
3.758571
3.759400
3.760222
3.761039
3.761850
3.762655
3.763456
3.764251
3.765042
3.765827
3.766608
3.767385
3.768158
3.768927
3.769693
3.770455
3.771215
3.771973
3.772729
3.773484
3.774237
3.774989
3.775741
3.776491
3.777242
3.777991
3.778740
3.779488
3.780235
3.780981
3.781726
3.782469
3.783211
3.783950
3.784688
3.785423
3.786156
3.786886
3.787614
3.788339
3.789061
3.789779
3.790495
3.791208
3.791918
3.792625
3.793328
3.794028
3.794726
3.795419
3.796110
3.796797
3.797482
3.798162
3.798840
3.799514
3.800185
3.800853
3.801517
3.802178
3.802835
3.803489
3.804140
3.804787
3.805430
3.806070
3.806706
3.807338
3.807967
3.808592
3.809213
3.809830
3.810443
3.811052
3.811658
3.812259
3.812856
3.813449
3.814038
3.814622
3.815203
3.815779
3.816351
3.816919
3.817482
3.818042
3.818597
3.819148
3.819695
3.820238
3.820776
3.821311
3.821841
3.822368
3.822890
3.823408
3.823923
3.824433
3.824940
3.825443
3.825942
3.826437
3.826929
3.827417
3.827902
3.828383
3.828861
3.829335
3.829806
3.830273
3.830738
3.831199
3.831657
3.832112
3.832564
3.833013
3.833459
3.833903
3.834343
3.834781
3.835216
3.835648
3.836077
3.836504
3.836928
3.837350
3.837769
3.838186
3.838600
3.839012
3.839421
3.839828
3.840233
3.840635
3.841036
3.841433
3.841829
3.842222
3.842613
3.843002
3.843388
3.843772
3.844155
3.844535
3.844912
3.845288
3.845661
3.846033
3.846402
3.846769
3.847134
3.847497
3.847857
3.848216
3.848572
3.848927
3.849279
3.849630
3.849978
3.850324
3.850668
3.851010
3.851350
3.851688
3.852024
3.852358
3.852690
3.853020
3.853348
3.853674
3.853999
3.854321
3.854641
3.854960
3.855276
3.855591
3.855904
3.856215
3.856524
3.856831
3.857137
3.857441
3.857743
3.858044
3.858342
3.858639
3.858935
3.859229
3.859521
3.859811
3.860100
3.860388
3.860674
3.860958
3.861241
3.861523
3.861803
3.862081
3.862359
3.862635
3.862909
3.863182
3.863454
3.863725
3.863995
3.864263
3.864530
3.864796
3.865060
3.865324
3.865586
3.865848
3.866108
3.866367
3.866626
3.866883
3.867139
3.867394
3.867649
3.867902
3.868155
3.868407
3.868657
3.868907
3.869157
3.869405
3.869653
3.869900
3.870146
3.870391
3.870636
3.870880
3.871124
3.871366
3.871609
3.871850
3.872091
3.872331
3.872571
3.872811
3.873049
3.873288
3.873525
3.873763
3.873999
3.874236
3.874472
3.874707
3.874942
3.875177
3.875412
3.875646
3.875879
3.876113
3.876346
3.876579
3.876811
3.877043
3.877275
3.877507
3.877738
3.877970
3.878201
3.878432
3.878662
3.878893
3.879123
3.879354
3.879584
3.879814
3.880044
3.880274
3.880504
3.880734
3.880964
3.881193
3.881423
3.881653
3.881883
3.882113
3.882343
3.882573
3.882803
3.883033
3.883264
3.883495
3.883725
3.883956
3.884187
3.884419
3.884650
3.884882
3.885114
3.885347
3.885579
3.885813
3.886046
3.886280
3.886514
3.886748
3.886983
3.887219
3.887455
3.887691
3.887928
3.888166
3.888404
3.888643
3.888882
3.889122
3.889362
3.889604
3.889846
3.890089
3.890332
3.890576
3.890822
3.891068
3.891315
3.891562
3.891811
3.892061
3.892312
3.892563
3.892816
3.893070
3.893325
3.893582
3.893839
3.894098
3.894358
3.894619
3.894881
3.895145
3.895411
3.895677
3.895946
3.896215
3.896486
3.896759
3.897033
3.897309
3.897587
3.897866
3.898146
3.898429
3.898713
3.898999
3.899286
3.899575
3.899866
3.900158
3.900452
3.900747
3.901044
3.901343
3.901643
3.901944
3.902246
3.902550
3.902855
3.903160
3.903466
3.903772
3.904079
3.904385
3.904690
3.904995
3.905298
3.905599
3.905897
3.906192
3.906482
3.906768
3.907047
3.907320
3.907587
3.907850
3.908110
3.908375
3.908649
3.908939
3.909250
3.909584
3.909937
3.910307
3.910689
3.911079
3.911475
3.911875
3.912276
3.912678
3.913079
3.913481
3.913881
3.914281
3.914681
3.915080
3.915478
3.915876
3.916273
3.916670
3.917066
3.917463
3.917859
3.918254
3.918650
3.919046
3.919442
3.919837
3.920233
3.920629
3.921026
3.921422
3.921819
3.922216
3.922614
3.923012
3.923410
3.923808
3.924207
3.924606
3.925006
3.925406
3.925807
3.926207
3.926608
3.927010
3.927411
3.927813
3.928216
3.928618
3.929021
3.929423
3.929826
3.930229
3.930633
3.931036
3.931439
3.931843
3.932246
3.932649
3.933053
3.933456
3.933859
3.934262
3.934665
3.935067
3.935470
3.935872
3.936274
3.936676
3.937077
3.937478
3.937879
3.938280
3.938680
3.939079
3.939479
3.939878
3.940276
3.940674
3.941072
3.941469
3.941866
3.942262
3.942658
3.943053
3.943053
3.943447
3.943841
3.944235
3.944628
3.945020
3.945412
3.945803
3.946193
3.946583
3.946971
3.947360
3.947747
3.948134
3.948520
3.948905
3.949289
3.949673
3.950056
3.950438
3.950818
3.951199
3.951578
3.951956
3.952333
3.952709
3.953084
3.953458
3.953831
3.954203
3.954574
3.954944
3.955312
3.955679
3.956045
3.956410
3.956773
3.957135
3.957496
3.957855
3.958213
3.958570
3.958925
3.959278
3.959630
3.959980
3.960329
3.960676
3.961021
3.961365
3.961707
3.962047
3.962385
3.962721
3.963055
3.963388
3.963718
3.964047
3.964373
3.964698
3.965020
3.965340
3.965658
3.965974
3.966287
3.966599
3.966908
3.967214
3.967519
3.967821
3.968120
3.968417
3.968712
3.969004
3.969294
3.969581
3.969866
3.970148
3.970427
3.970704
3.970979
3.971251
3.971520
3.971787
3.972051
3.972313
3.972572
3.972829
3.973083
3.973334
3.973583
3.973830
3.974074
3.974316
3.974556
3.974793
3.975028
3.975261
3.975491
3.975719
3.975946
3.976170
3.976392
3.976613
3.976831
3.977048
3.977263
3.977477
3.977689
3.977900
3.978109
3.978317
3.978524
3.978730
3.978935
3.979139
3.979342
3.979545
3.979747
3.979949
3.980150
3.980352
3.980553
3.980754
3.980955
3.981157
3.981359
3.981561
3.981764
3.981968
3.982172
3.982378
3.982585
3.982792
3.983002
3.983212
3.983424
3.983638
3.983853
3.984070
3.984289
3.984510
3.984732
3.984957
3.985185
3.985414
3.985645
3.985879
3.986115
3.986354
3.986594
3.986838
3.987083
3.987331
3.987581
3.987833
3.988088
3.988344
3.988603
3.988864
3.989127
3.989392
3.989659
3.989927
3.990198
3.990470
3.990743
3.991019
3.991295
3.991574
3.991853
3.992134
3.992415
3.992698
3.992982
3.993267
3.993553
3.993840
3.994128
3.994416
3.994705
3.994995
3.995285
3.995576
3.995868
3.996160
3.996453
3.996747
3.997041
3.997336
3.997631
3.997928
3.998225
3.998524
3.998824
3.999125
3.999428
3.999733
4.000040
4.000346
4.000646
4.000921
4.001163
4.001592
4.002060
4.002307
4.002375
4.002586
4.002716
4.003052
4.003102
4.003646
4.003514
4.004478
4.004245
4.004549
4.004389
4.005185
4.005055
4.005580
4.005189
4.006230
4.006035
4.006072
4.006256
4.006172
4.007222
4.007141
4.006838
4.007721
4.007960
4.007523
4.008359
4.008666
4.008404
4.008386
4.008064
4.009241
4.009181
4.008910
4.009211
4.009091
4.009252
4.008768
4.009648
4.009544
4.009468
4.009611
4.009280
4.010666
4.010927
4.011238
4.010572
4.010058
4.010983
4.011235
4.010965
4.010842
4.010203
4.012023
4.012464
4.013423
4.013989
4.014783
4.015415
4.015895
4.016350
4.016748
4.017111
4.017434
4.017723
4.017983
4.018221
4.018439
4.018641
4.018831
4.019009
4.019178
4.019338
4.019488
4.019630
4.019764
4.019890
4.020008
4.020120
4.020226
4.020325
4.020420
4.020509
4.020594
4.020674
4.020751
4.020825
4.020895
4.020964
4.021031
4.021097
4.021162
4.021227
4.021292
4.021358
4.021425
4.021494
4.021565
4.021638
4.021715
4.021794
4.021877
4.021964
4.022055
4.022150
4.022250
4.022355
4.022464
4.022579
4.022699
4.022825
4.022956
4.023093
4.023236
4.023384
4.023538
4.023698
4.023864
4.024036
4.024214
4.024397
4.024587
4.024782
4.024983
4.025190
4.025403
4.025621
4.025845
4.026074
4.026308
4.026548
4.026793
4.027043
4.027298
4.027558
4.027823
4.028092
4.028366
4.028644
4.028926
4.029212
4.029502
4.029796
4.030093
4.030393
4.030697
4.031004
4.031313
4.031625
4.031940
4.032256
4.032575
4.032896
4.033218
4.033541
4.033866
4.034191
4.034518
4.034845
4.035172
4.035499
4.035827
4.036155
4.036482
4.036808
4.037134
4.037460
4.037784
4.038108
4.038430
4.038751
4.039071
4.039390
4.039707
4.040022
4.040336
4.040648
4.040959
4.041267
4.041574
4.041879
4.042182
4.042484
4.042783
4.043081
4.043376
4.043670
4.043962
4.044252
4.044540
4.044826
4.045110
4.045392
4.045673
4.045951
4.046228
4.046504
4.046777
4.047049
4.047319
4.047587
4.047854
4.048120
4.048383
4.048646
4.048907
4.049166
4.049425
4.049682
4.049937
4.050192
4.050445
4.050697
4.050948
4.051198
4.051447
4.051695
4.051942
4.052189
4.052434
4.052678
4.052922
4.053165
4.053407
4.053649
4.053890
4.054130
4.054369
4.054608
4.054846
4.055084
4.055321
4.055558
4.055794
4.056029
4.056264
4.056498
4.056732
4.056966
4.057198
4.057431
4.057663
4.057894
4.058125
4.058355
4.058585
4.058814
4.059042
4.059270
4.059498
4.059725
4.059951
4.060177
4.060401
4.060626
4.060849
4.061072
4.061294
4.061516
4.061736
4.061956
4.062175
4.062394
4.062611
4.062827
4.063043
4.063258
4.063471
4.063684
4.063896
4.064107
4.064316
4.064525
4.064733
4.064939
4.065145
4.065349
4.065552
4.065754
4.065955
4.066155
4.066354
4.066551
4.066747
4.066942
4.067136
4.067329
4.067520
4.067710
4.067899
4.068086
4.068272
4.068458
4.068641
4.068641
4.068824
4.069005
4.069185
4.069364
4.069541
4.069717
4.069892
4.070066
4.070238
4.070409
4.070579
4.070748
4.070915
4.071082
4.071247
4.071410
4.071573
4.071734
4.071894
4.072053
4.072211
4.072367
4.072523
4.072677
4.072830
4.072982
4.073132
4.073282
4.073430
4.073578
4.073724
4.073869
4.074013
4.074156
4.074297
4.074438
4.074577
4.074716
4.074853
4.074990
4.075125
4.075259
4.075392
4.075524
4.075655
4.075785
4.075914
4.076042
4.076169
4.076295
4.076420
4.076544
4.076667
4.076789
4.076910
4.077029
4.077148
4.077266
4.077382
4.077498
4.077613
4.077726
4.077839
4.077950
4.078060
4.078169
4.078277
4.078384
4.078489
4.078594
4.078697
4.078798
4.078899
4.078998
4.079095
4.079191
4.079285
4.079378
4.079468
4.079557
4.079643
4.079728
4.079810
4.079889
4.079965
4.080038
4.080107
4.080172
4.080232
4.080286
4.080333
4.080372
4.080401
4.080416
4.080413
4.080384
4.080315
4.080179
4.079909
4.079331
4.078845
4.079495
4.079137
4.079376
4.078973
4.079809
4.079505
4.079806
4.079483
4.080409
4.080127
4.080375
4.080079
4.080953
4.080641
4.081055
4.080650
4.081615
4.081312
4.081452
4.081260
4.081870
4.081537
4.082318
4.081927
4.082371
4.081963
4.082827
4.082470
4.082798
4.082441
4.083211
4.082843
4.083320
4.082914
4.083636
4.083251
4.083749
4.083355
4.084028
4.083645
4.084168
4.083783
4.084405
4.084029
4.084574
4.084202
4.084780
4.084418
4.084965
4.084610
4.085159
4.084814
4.085349
4.085014
4.085541
4.085217
4.085733
4.085421
4.085926
4.085626
4.086121
4.085834
4.086317
4.086044
4.086515
4.086256
4.086715
4.086471
4.086917
4.086689
4.087121
4.086910
4.087328
4.087134
4.087537
4.087362
4.087749
4.087593
4.087964
4.087828
4.088183
4.088067
4.088404
4.088310
4.088629
4.088557
4.088857
4.088809
4.089090
4.089064
4.089326
4.089323
4.089567
4.089586
4.089812
4.089853
4.090062
4.090123
4.090318
4.090396
4.090578
4.090673
4.090844
4.090951
4.091115
4.091233
4.091390
4.091517
4.091670
4.091804
4.091955
4.092094
4.092244
4.092387
4.092536
4.092682
4.092832
4.092981
4.093132
4.093283
4.093435
4.093588
4.093742
4.093896
4.094051
4.094207
4.094364
4.094521
4.094679
4.094838
4.094998
4.095159
4.095320
4.095482
4.095645
4.095808
4.095972
4.096137
4.096302
4.096469
4.096636
4.096803
4.096972
4.097141
4.097310
4.097481
4.097652
4.097823
4.097995
4.098168
4.098342
4.098516
4.098691
4.098866
4.099042
4.099219
4.099396
4.099574
4.099752
4.099931
4.100111
4.100291
4.100471
4.100652
4.100834
4.101016
4.101199
4.101382
4.101566
4.101750
4.101935
4.102121
4.102306
4.102493
4.102679
4.102866
4.103054
4.103242
4.103431
4.103620
4.103809
4.103999
4.104189
4.104380
4.104571
4.104762
4.104954
4.105146
4.105339
4.105532
4.105725
4.105919
4.106113
4.106307
4.106502
4.106697
4.106892
4.107088
4.107283
4.107480
4.107676
4.107873
4.108070
4.108267
4.108465
4.108663
4.108861
4.109059
4.109258
4.109457
4.109656
4.109855
4.110055
4.110254
4.110454
4.110654
4.110855
4.111055
4.111256
4.111457
4.111658
4.111859
4.112060
4.112261
4.112463
4.112665
4.112867
4.113069
4.113271
4.113473
4.113675
4.113878
4.114080
4.114283
4.114485
4.114688
4.114891
4.115094
4.115297
4.115500
4.115703
4.115906
4.116109
4.116313
4.116516
4.116719
4.116923
4.117126
4.117329
4.117533
4.117736
4.117939
4.118143
4.118346
4.118550
4.118753
4.118956
4.119160
4.119363
4.119566
4.119769
4.119972
4.120176
4.120379
4.120582
4.120785
4.120987
4.121190
4.121393
4.121596
4.121798
4.122001
4.122203
4.122406
4.122608
4.122810
4.123012
4.123214
4.123416
4.123618
4.123820
4.124021
4.124223
4.124424
4.124626
4.124827
4.125028
4.125229
4.125429
4.125630
4.125830
4.126031
4.126231
4.126431
4.126631
4.126831
4.127030
4.127230
4.127429
4.127628
4.127827
4.128026
4.128225
4.128423
4.128622
4.128820
4.129018
4.129216
4.129414
4.129611
4.129808
4.130006
4.130203
4.130399
4.130596
4.130793
4.130989
4.131185
4.131381
4.131577
4.131772
4.131968
4.132163
4.132358
4.132553
4.132747
4.132942
4.133136
4.133330
4.133524
4.133717
4.133911
4.134104
4.134297
4.134490
4.134683
4.134875
4.135068
4.135260
4.135451
4.135643
4.135835
4.136026
4.136217
4.136408
4.136598
4.136789
4.136979
4.137169
4.137359
4.137549
4.137738
4.137927
4.138116
4.138305
4.138493
4.138682
4.138870
4.139058
4.139245
4.139433
4.139620
4.139807
4.139994
4.140180
4.140367
4.140553
4.140738
4.140924
4.141109
4.141295
4.141480
4.141664
4.141849
4.142033
4.142217
4.142400
4.142584
4.142767
4.142950
4.143132
4.143315
4.143497
4.143679
4.143860
4.144042
4.144223
4.144403
4.144584
4.144764
4.144944
4.145124
4.145303
4.145482
4.145661
4.145839
4.146017
4.146195
4.146195
4.146372
4.146550
4.146726
4.146903
4.147079
4.147255
4.147431
4.147606
4.147781
4.147955
4.148130
4.148304
4.148477
4.148651
4.148824
4.148996
4.149169
4.149340
4.149512
4.149683
4.149854
4.150025
4.150196
4.150366
4.150535
4.150705
4.150874
4.151043
4.151212
4.151380
4.151548
4.151716
4.151883
4.152051
4.152218
4.152385
4.152551
4.152718
4.152884
4.153050
4.153216
4.153382
4.153548
4.153714
4.153879
4.154045
4.154210
4.154375
4.154540
4.154706
4.154871
4.155036
4.155201
4.155367
4.155532
4.155697
4.155863
4.156028
4.156194
4.156360
4.156526
4.156692
4.156858
4.157024
4.157190
4.157357
4.157524
4.157691
4.157858
4.158025
4.158193
4.158360
4.158528
4.158697
4.158865
4.159033
4.159202
4.159371
4.159541
4.159710
4.159880
4.160050
4.160220
4.160390
4.160561
4.160731
4.160902
4.161074
4.161245
4.161417
4.161589
4.161761
4.161933
4.162106
4.162278
4.162451
4.162624
4.162798
4.162971
4.163145
4.163319
4.163493
4.163667
4.163841
4.164016
4.164190
4.164365
4.164540
4.164715
4.164890
4.165066
4.165241
4.165417
4.165593
4.165769
4.165945
4.166121
4.166297
4.166473
4.166650
4.166826
4.167003
4.167180
4.167356
4.167533
4.167710
4.167887
4.168064
4.168241
4.168418
4.168596
4.168773
4.168950
4.169127
4.169305
4.169482
4.169660
4.169837
4.170015
4.170192
4.170370
4.170547
4.170724
4.170902
4.171079
4.171257
4.171434
4.171612
4.171789
4.171967
4.172144
4.172321
4.172499
4.172676
4.172853
4.173031
4.173208
4.173385
4.173562
4.173739
4.173916
4.174093
4.174269
4.174446
4.174623
4.174799
4.174976
4.175152
4.175329
4.175505
4.175681
4.175857
4.176033
4.176209
4.176385
4.176561
4.176736
4.176912
4.177087
4.177263
4.177438
4.177613
4.177788
4.177963
4.178137
4.178312
4.178486
4.178661
4.178835
4.179009
4.179183
4.179357
4.179530
4.179704
4.179877
4.180051
4.180224
4.180397
4.180570
4.180742
4.180915
4.181087
4.181259
4.181432
4.181604
4.181775
4.181947
4.182119
4.182290
4.182461
4.182632
4.182803
4.182974
4.183144
4.183315
4.183485
4.183655
4.183825
4.183995
4.184164
4.184334
4.184503
4.184672
4.184841
4.185010
4.185179
4.185347
4.185515
4.185683
4.185851
4.186019
4.186187
4.186354
4.186522
4.186689
4.186856
4.187023
4.187189
4.187356
4.187522
4.187688
4.187854
4.188020
4.188186
4.188351
4.188516
4.188682
4.188847
4.189011
4.189176
4.189341
4.189505
4.189669
4.189833
4.189997
4.190161
4.190324
4.190488
4.190651
4.190814
4.190977
4.191139
4.191302
4.191464
4.191627
4.191789
4.191951
4.192113
4.192274
4.192436
4.192597
4.192758
4.192919
4.193080
4.193241
4.193402
4.193562
4.193722
4.193882
4.194042
4.194202
4.194362
4.194521
4.194681
4.194840
4.194999
4.195158
4.195317
4.195476
4.195634
4.195793
4.195951
4.196109
4.196267
4.196425
4.196583
4.196740
4.196898
4.197055
4.197212
4.197369
4.197526
4.197683
4.197840
4.197996
4.198153
4.198309
4.198465
4.198621
4.198777
4.198933
4.199089
4.199244
4.199400
4.199555
4.199710
4.199865
4.200020
4.200175
4.200330
4.200485
4.200639
4.200794
4.200948
4.201102
4.201256
4.201410
4.201564
4.201718
4.201871
4.202025
4.202178
4.202332
4.202485
4.202638
4.202791
4.202944
4.203097
4.203249
4.203402
4.203555
4.203707
4.203859
4.204011
4.204164
4.204316
4.204468
4.204619
4.204771
4.204923
4.205074
4.205226
4.205377
4.205529
4.205680
4.205831
4.205982
4.206133
4.206284
4.206435
4.206586
4.206736
4.206887
4.207037
4.207188
4.207338
4.207488
4.207638
4.207789
4.207939
4.208088
4.208238
4.208388
4.208538
4.208687
4.208837
4.208987
4.209136
4.209285
4.209435
4.209584
4.209733
4.209882
4.210031
4.210180
4.210329
4.210478
4.210627
4.210775
4.210924
4.211073
4.211221
4.211370
4.211518
4.211666
4.211815
4.211963
4.212111
4.212259
4.212407
4.212555
4.212703
4.212851
4.212999
4.213146
4.213294
4.213442
4.213589
4.213737
4.213884
4.214032
4.214179
4.214327
4.214474
4.214621
4.214768
4.214916
4.215063
4.215210
4.215357
4.215504
4.215651
4.215797
4.215944
4.216091
4.216238
4.216385
4.216531
4.216678
4.216824
4.216971
4.217117
4.217264
4.217410
4.217557
4.217703
4.217849
4.217995
4.218142
4.218288
4.218434
4.218580
4.218726
4.218872
4.219018
4.219164
4.219310
4.219456
4.219602
4.219747
4.219893
4.220039
4.220185
4.220330
4.220476
4.220621
4.220767
4.220913
4.221058
4.221204
4.221349
4.221494
4.221640
4.221785
4.221930
4.222076
4.222221
4.222366
4.222511
4.222656
4.222802
4.222947
4.223092
4.223237
4.223382
4.223527
4.223672
4.223817
4.223962
4.224107
4.224251
4.224396
4.224541
4.224686
4.224831
4.224975
4.225120
4.225265
4.225409
4.225554
4.225699
4.225843
4.225988
4.226132
4.226277
4.226421
4.226566
4.226710
4.226855
4.226855
4.226999
4.227143
4.227288
4.227432
4.227576
4.227721
4.227865
4.228009
4.228153
4.228298
4.228442
4.228586
4.228730
4.228874
4.229018
4.229162
4.229306
4.229451
4.229595
4.229739
4.229882
4.230026
4.230170
4.230314
4.230458
4.230602
4.230746
4.230890
4.231034
4.231177
4.231321
4.231465
4.231609
4.231752
4.231896
4.232040
4.232183
4.232327
4.232471
4.232614
4.232758
4.232901
4.233045
4.233189
4.233332
4.233476
4.233619
4.233763
4.233906
4.234049
4.234193
4.234336
4.234480
4.234623
4.234766
4.234910
4.235053
4.235196
4.235340
4.235483
4.235626
4.235769
4.235913
4.236056
4.236199
4.236342
4.236485
4.236628
4.236771
4.236915
4.237058
4.237201
4.237344
4.237487
4.237630
4.237773
4.237916
4.238059
4.238202
4.238345
4.238487
4.238630
4.238773
4.238916
4.239059
4.239202
4.239345
4.239487
4.239630
4.239773
4.239916
4.240058
4.240201
4.240344
4.240487
4.240629
4.240772
4.240914
4.241057
4.241200
4.241342
4.241485
4.241627
4.241770
4.241912
4.242055
4.242197
4.242340
4.242482
4.242625
4.242767
4.242910
4.243052
4.243194
4.243337
4.243479
4.243621
4.243764
4.243906
4.244048
4.244191
4.244333
4.244475
4.244617
4.244760
4.244902
4.245044
4.245186
4.245328
4.245470
4.245612
4.245755
4.245897
4.246039
4.246181
4.246323
4.246465
4.246607
4.246749
4.246891
4.247033
4.247174
4.247316
4.247458
4.247600
4.247742
4.247884
4.248026
4.248168
4.248309
4.248451
4.248593
4.248735
4.248876
4.249018
4.249160
4.249301
4.249443
4.249585
4.249726
4.249868
4.250010
4.250151
4.250293
4.250434
4.250576
4.250717
4.250859
4.251000
4.251142
4.251283
4.251425
4.251566
4.251708
4.251849
4.251990
4.252132
4.252273
4.252414
4.252556
4.252697
4.252838
4.252980
4.253121
4.253262
4.253403
4.253544
4.253686
4.253827
4.253968
4.254109
4.254250
4.254391
4.254532
4.254673
4.254814
4.254956
4.255097
4.255238
4.255379
4.255519
4.255660
4.255801
4.255942
4.256083
4.256224
4.256365
4.256506
4.256647
4.256788
4.256928
4.257069
4.257210
4.257351
4.257491
4.257632
4.257773
4.257914
4.258054
4.258195
4.258336
4.258476
4.258617
4.258757
4.258898
4.259039
4.259179
4.259320
4.259460
4.259601
4.259741
4.259882
4.260022
4.260163
4.260303
4.260443
4.260584
4.260724
4.260865
4.261005
4.261145
4.261286
4.261426
4.261566
4.261707
4.261847
4.261987
4.262127
4.262268
4.262408
4.262548
4.262688
4.262828
4.262968
4.263109
4.263249
4.263389
4.263529
4.263669
4.263809
4.263949
4.264089
4.264229
4.264369
4.264509
4.264649
4.264789
4.264929
4.265069
4.265209
4.265349
4.265489
4.265628
4.265768
4.265908
4.266048
4.266188
4.266328
4.266467
4.266607
4.266747
4.266887
4.267026
4.267166
4.267306
4.267446
4.267585
4.267725
4.267865
4.268004
4.268144
4.268283
4.268423
4.268563
4.268702
4.268842
4.268981
4.269121
4.269260
4.269400
4.269539
4.269679
4.269818
4.269958
4.270097
4.270237
4.270376
4.270515
4.270655
4.270794
4.270934
4.271073
4.271212
4.271352
4.271491
4.271630
4.271770
4.271909
4.272048
4.272187
4.272327
4.272466
4.272605
4.272744
4.272884
4.273023
4.273162
4.273301
4.273440
4.273580
4.273719
4.273858
4.273997
4.274136
4.274275
4.274414
4.274553
4.274692
4.274832
4.274971
4.275110
4.275249
4.275388
4.275527
4.275666
4.275805
4.275944
4.276083
4.276222
4.276361
4.276500
4.276638
4.276777
4.276916
4.277055
4.277194
4.277333
4.277472
4.277611
4.277750
4.277889
4.278027
4.278166
4.278305
4.278444
4.278583
4.278722
4.278860
4.278999
4.279138
4.279277
4.279415
4.279554
4.279693
4.279832
4.279970
4.280109
4.280248
4.280387
4.280525
4.280664
4.280803
4.280941
4.281080
4.281219
4.281357
4.281496
4.281635
4.281773
4.281912
4.282051
4.282189
4.282328
4.282467
4.282605
4.282744
4.282882
4.283021
4.283160
4.283298
4.283437
4.283575
4.283714
4.283853
4.283991
4.284130
4.284268
4.284407
4.284545
4.284684
4.284822
4.284961
4.285099
4.285238
4.285376
4.285515
4.285654
4.285792
4.285931
4.286069
4.286208
4.286346
4.286484
4.286623
4.286761
4.286900
4.287038
4.287177
4.287315
4.287454
4.287592
4.287731
4.287869
4.288008
4.288146
4.288285
4.288423
4.288561
4.288700
4.288838
4.288977
4.289115
4.289254
4.289392
4.289530
4.289669
4.289807
4.289946
4.290084
4.290223
4.290361
4.290499
4.290638
4.290776
4.290915
4.291053
4.291191
4.291330
4.291468
4.291607
4.291745
4.291884
4.292022
4.292160
4.292299
4.292437
4.292576
4.292714
4.292852
4.292991
4.293129
4.293268
4.293406
4.293544
4.293683
4.293821
4.293960
4.294098
4.294236
4.294375
4.294513
4.294652
4.294790
4.294929
4.295067
4.295205
4.295344
4.295482
4.295621
4.295759
4.295897
4.296036
4.296174
4.296313
4.296451
4.296590
4.296728
4.296867
4.297005
4.297005
4.297143
4.297282
4.297420
4.297559
4.297697
4.297836
4.297974
4.298113
4.298251
4.298389
4.298528
4.298666
4.298805
4.298943
4.299082
4.299220
4.299359
4.299497
4.299636
4.299774
4.299913
4.300051
4.300190
4.300328
4.300467
4.300605
4.300744
4.300882
4.301021
4.301159
4.301298
4.301436
4.301575
4.301714
4.301852
4.301991
4.302129
4.302268
4.302406
4.302545
4.302683
4.302822
4.302961
4.303099
4.303238
4.303376
4.303515
4.303654
4.303792
4.303931
4.304069
4.304208
4.304347
4.304485
4.304624
4.304763
4.304901
4.305040
4.305178
4.305317
4.305456
4.305594
4.305733
4.305872
4.306010
4.306149
4.306288
4.306427
4.306565
4.306704
4.306843
4.306981
4.307120
4.307259
4.307397
4.307536
4.307675
4.307814
4.307952
4.308091
4.308230
4.308369
4.308507
4.308646
4.308785
4.308924
4.309063
4.309201
4.309340
4.309479
4.309618
4.309757
4.309895
4.310034
4.310173
4.310312
4.310451
4.310590
4.310728
4.310867
4.311006
4.311145
4.311284
4.311423
4.311562
4.311701
4.311839
4.311978
4.312117
4.312256
4.312395
4.312534
4.312673
4.312812
4.312951
4.313090
4.313229
4.313367
4.313506
4.313645
4.313784
4.313923
4.314062
4.314201
4.314340
4.314479
4.314618
4.314757
4.314896
4.315035
4.315174
4.315313
4.315452
4.315591
4.315730
4.315869
4.316008
4.316147
4.316286
4.316425
4.316564
4.316703
4.316842
4.316981
4.317120
4.317259
4.317399
4.317538
4.317677
4.317816
4.317955
4.318094
4.318233
4.318372
4.318511
4.318650
4.318789
4.318928
4.319067
4.319207
4.319346
4.319485
4.319624
4.319763
4.319902
4.320041
4.320180
4.320319
4.320458
4.320598
4.320737
4.320876
4.321015
4.321154
4.321293
4.321432
4.321571
4.321711
4.321850
4.321989
4.322128
4.322267
4.322406
4.322545
4.322685
4.322824
4.322963
4.323102
4.323241
4.323380
4.323519
4.323658
4.323798
4.323937
4.324076
4.324215
4.324354
4.324493
4.324632
4.324772
4.324911
4.325050
4.325189
4.325328
4.325467
4.325606
4.325746
4.325885
4.326024
4.326163
4.326302
4.326441
4.326580
4.326719
4.326859
4.326998
4.327137
4.327276
4.327415
4.327554
4.327693
4.327832
4.327972
4.328111
4.328250
4.328389
4.328528
4.328667
4.328806
4.328945
4.329084
4.329224
4.329363
4.329502
4.329641
4.329780
4.329919
4.330058
4.330197
4.330336
4.330476
4.330615
4.330754
4.330893
4.331032
4.331171
4.331310
4.331449
4.331588
4.331727
4.331867
4.332006
4.332145
4.332284
4.332423
4.332562
4.332701
4.332840
4.332979
4.333118
4.333258
4.333397
4.333536
4.333675
4.333814
4.333953
4.334092
4.334231
4.334371
4.334510
4.334649
4.334788
4.334927
4.335066
4.335205
4.335345
4.335484
4.335623
4.335762
4.335901
4.336040
4.336180
4.336319
4.336458
4.336597
4.336737
4.336876
4.337015
4.337154
4.337294
4.337433
4.337572
4.337712
4.337851
4.337990
4.338130
4.338269
4.338408
4.338548
4.338687
4.338827
4.338966
4.339105
4.339245
4.339384
4.339524
4.339663
4.339803
4.339943
4.340082
4.340222
4.340361
4.340501
4.340641
4.340780
4.340920
4.341060
4.341200
4.341339
4.341479
4.341619
4.341759
4.341899
4.342039
4.342179
4.342318
4.342458
4.342598
4.342739
4.342879
4.343019
4.343159
4.343299
4.343439
4.343579
4.343720
4.343860
4.344000
4.344141
4.344281
4.344421
4.344562
4.344702
4.344843
4.344983
4.345124
4.345264
4.345405
4.345546
4.345686
4.345827
4.345968
4.346109
4.346249
4.346390
4.346531
4.346672
4.346813
4.346954
4.347095
4.347236
4.347377
4.347518
4.347659
4.347800
4.347941
4.348083
4.348224
4.348365
4.348506
4.348648
4.348789
4.348930
4.349072
4.349213
4.349355
4.349496
4.349638
4.349779
4.349921
4.350062
4.350204
4.350345
4.350487
4.350628
4.350770
4.350912
4.351053
4.351195
4.351337
4.351479
4.351620
4.351762
4.351904
4.352045
4.352187
4.352329
4.352471
4.352612
4.352754
4.352896
4.353038
4.353180
4.353321
4.353463
4.353605
4.353747
4.353889
4.354030
4.354172
4.354314
4.354456
4.354597
4.354739
4.354881
4.355023
4.355164
4.355306
4.355448
4.355589
4.355731
4.355873
4.356014
4.356156
4.356297
4.356439
4.356580
4.356722
4.356863
4.357005
4.357146
4.357288
4.357429
4.357570
4.357712
4.357853
4.357994
4.358135
4.358277
4.358418
4.358559
4.358700
4.358841
4.358982
4.359123
4.359264
4.359405
4.359545
4.359686
4.359827
4.359967
4.360108
4.360249
4.360389
4.360530
4.360670
4.360810
4.360951
4.361091
4.361231
4.361371
4.361511
4.361651
4.361791
4.361931
4.362071
4.362211
4.362350
4.362490
4.362629
4.362769
4.362908
4.363047
4.363187
4.363326
4.363465
4.363604
4.363743
4.363881
4.364020
4.364159
4.364297
4.364435
4.364574
4.364712
4.364850
4.364988
4.365126
4.365264
4.365401
4.365539
4.365677
4.365814
4.365951
4.366088
4.366225
4.366362
4.366499
4.366636
4.366636
4.366772
4.366908
4.367045
4.367181
4.367317
4.367453
4.367588
4.367724
4.367859
4.367994
4.368130
4.368265
4.368399
4.368534
4.368669
4.368803
4.368937
4.369071
4.369205
4.369339
4.369472
4.369605
4.369739
4.369871
4.370004
4.370137
4.370269
4.370402
4.370534
4.370665
4.370797
4.370928
4.371060
4.371191
4.371321
4.371452
4.371582
4.371713
4.371842
4.371972
4.372101
4.372231
4.372360
4.372488
4.372617
4.372745
4.372873
4.373000
4.373127
4.373254
4.373381
4.373507
4.373633
4.373758
4.373884
4.374008
4.374133
4.374256
4.374380
4.374503
4.374625
4.374747
4.374868
4.374989
4.375109
4.375228
4.375346
4.375464
4.375580
4.375696
4.375810
4.375923
4.376035
4.376145
4.376254
4.376361
4.376466
4.376568
4.376668
4.376766
4.376860
4.376950
4.377037
4.377120
4.377198
4.377271
4.377339
4.377402
4.377460
4.377515
4.377565
4.377612
4.377656
4.377696
4.377735
4.377770
4.377805
4.377838
4.377871
4.377904
4.377937
4.377972
4.378009
4.378047
4.378088
4.378133
4.378181
4.378233
4.378289
4.378350
4.378417
4.378488
4.378566
4.378650
4.378740
4.378837
4.378940
4.379050
4.379168
4.379292
4.379424
4.379562
4.379707
4.379859
4.380017
4.380181
4.380350
4.380523
4.380701
4.380883
4.381067
4.381254
4.381442
4.381632
4.381823
4.382014
4.382206
4.382397
4.382587
4.382777
4.382965
4.383153
4.383339
4.383524
4.383707
4.383888
4.384068
4.384246
4.384423
4.384598
4.384771
4.384943
4.385113
4.385282
4.385449
4.385615
4.385780
4.385943
4.386105
4.386267
4.386427
4.386586
4.386744
4.386902
4.387059
4.387215
4.387371
4.387526
4.387681
4.387836
4.387990
4.388144
4.388298
4.388452
4.388606
4.388760
4.388914
4.389068
4.389222
4.389377
4.389532
4.389687
4.389842
4.389998
4.390155
4.390311
4.390469
4.390626
4.390785
4.390943
4.391103
4.391263
4.391424
4.391585
4.391747
4.391910
4.392073
4.392237
4.392402
4.392567
4.392734
4.392901
4.393069
4.393237
4.393407
4.393577
4.393748
4.393920
4.394092
4.394266
4.394440
4.394615
4.394791
4.394967
4.395145
4.395323
4.395502
4.395682
4.395862
4.396044
4.396226
4.396409
4.396593
4.396778
4.396963
4.397150
4.397337
4.397525
4.397714
4.397903
4.398093
4.398284
4.398476
4.398669
4.398862
4.399056
4.399251
4.399447
4.399643
4.399840
4.400038
4.400236
4.400436
4.400636
4.400837
4.401038
4.401240
4.401443
4.401647
4.401851
4.402056
4.402262
4.402469
4.402676
4.402884
4.403092
4.403302
4.403511
4.403722
4.403933
4.404145
4.404358
4.404571
4.404785
4.405000
4.405215
4.405431
4.405647
4.405865
4.406083
4.406301
4.406520
4.406740
4.406961
4.407182
4.407403
4.407626
4.407849
4.408072
4.408297
4.408521
4.408747
4.408973
4.409200
4.409427
4.409655
4.409884
4.410113
4.410343
4.410573
4.410804
4.411036
4.411268
4.411501
4.411735
4.411969
4.412203
4.412439
4.412674
4.412911
4.413148
4.413386
4.413624
4.413863
4.414102
4.414342
4.414583
4.414824
4.415066
4.415308
4.415551
4.415794
4.416039
4.416283
4.416528
4.416774
4.417021
4.417268
4.417515
4.417763
4.418012
4.418261
4.418511
4.418761
4.419012
4.419263
4.419515
4.419768
4.420021
4.420275
4.420529
4.420784
4.421039
4.421295
4.421551
4.421808
4.422066
4.422324
4.422582
4.422841
4.423101
4.423361
4.423622
4.423883
4.424145
4.424407
4.424670
4.424933
4.425197
4.425461
4.425726
4.425991
4.426257
4.426524
4.426791
4.427058
4.427326
4.427595
4.427863
4.428133
4.428403
4.428673
4.428944
4.429216
4.429488
4.429760
4.430033
4.430306
4.430580
4.430855
4.431129
4.431405
4.431681
4.431957
4.432234
4.432511
4.432789
4.433067
4.433345
4.433624
4.433904
4.434184
4.434464
4.434745
4.435027
4.435309
4.435591
4.435874
4.436157
4.436441
4.436725
4.437009
4.437294
4.437580
4.437866
4.438152
4.438439
4.438726
4.439013
4.439301
4.439590
4.439879
4.440168
4.440458
4.440748
4.441038
4.441329
4.441621
4.441913
4.442205
4.442497
4.442791
4.443084
4.443378
4.443672
4.443967
4.444262
4.444557
4.444853
4.445149
4.445446
4.445743
4.446040
4.446338
4.446636
4.446934
4.447233
4.447533
4.447832
4.448132
4.448433
4.448733
4.449034
4.449336
4.449638
4.449940
4.450242
4.450545
4.450848
4.451152
4.451456
4.451760
4.452065
4.452370
4.452675
4.452981
4.453287
4.453593
4.453900
4.454206
4.454514
4.454821
4.455129
4.455437
4.455746
4.456055
4.456364
4.456673
4.456983
4.457293
4.457604
4.457914
4.458225
4.458537
4.458848
4.459160
4.459472
4.459784
4.460097
4.460410
4.460723
4.461037
4.461351
4.461665
4.461979
4.462294
4.462608
4.462923
4.463239
4.463554
4.463870
4.464186
4.464503
4.464819
4.465136
4.465453
4.465770
4.466088
4.466406
4.466724
4.467042
4.467360
4.467679
4.467998
4.468317
4.468636
4.468955
4.469275
4.469595
4.469595
4.469915
4.470235
4.470555
4.470876
4.471197
4.471518
4.471839
4.472160
4.472482
4.472803
4.473125
4.473447
4.473769
4.474091
4.474414
4.474736
4.475059
4.475382
4.475705
4.476028
4.476351
4.476675
4.476998
4.477322
4.477646
4.477970
4.478294
4.478618
4.478942
4.479266
4.479591
4.479915
4.480240
4.480565
4.480889
4.481214
4.481539
4.481864
4.482189
4.482515
4.482840
4.483165
4.483491
4.483816
4.484141
4.484467
4.484793
4.485118
4.485444
4.485770
4.486095
4.486421
4.486747
4.487073
4.487399
4.487724
4.488050
4.488376
4.488702
4.489028
4.489354
4.489680
4.490006
4.490332
4.490657
4.490983
4.491309
4.491635
4.491961
4.492286
4.492612
4.492938
4.493263
4.493589
4.493914
4.494240
4.494565
4.494891
4.495216
4.495541
4.495866
4.496191
4.496516
4.496841
4.497166
4.497491
4.497815
4.498140
4.498464
4.498789
4.499113
4.499437
4.499761
4.500085
4.500409
4.500733
4.501056
4.501380
4.501703
4.502026
4.502349
4.502672
4.502995
4.503317
4.503639
4.503962
4.504284
4.504606
4.504928
4.505249
4.505571
4.505892
4.506213
4.506534
4.506854
4.507175
4.507495
4.507815
4.508135
4.508455
4.508774
4.509093
4.509413
4.509731
4.510050
4.510368
4.510686
4.511004
4.511322
4.511639
4.511957
4.512274
4.512590
4.512907
4.513223
4.513539
4.513855
4.514170
4.514485
4.514800
4.515114
4.515429
4.515743
4.516057
4.516370
4.516683
4.516996
4.517308
4.517621
4.517933
4.518244
4.518556
4.518867
4.519177
4.519488
4.519798
4.520107
4.520417
4.520726
4.521034
4.521343
4.521651
4.521959
4.522266
4.522573
4.522879
4.523186
4.523492
4.523797
4.524102
4.524407
4.524711
4.525015
4.525319
4.525622
4.525925
4.526228
4.526530
4.526831
4.527133
4.527434
4.527734
4.528034
4.528334
4.528633
4.528932
4.529230
4.529528
4.529826
4.530123
4.530420
4.530716
4.531012
4.531307
4.531602
4.531896
4.532191
4.532484
4.532777
4.533070
4.533362
4.533654
4.533945
4.534236
4.534526
4.534816
4.535106
4.535394
4.535683
4.535971
4.536258
4.536545
4.536832
4.537118
4.537403
4.537688
4.537973
4.538257
4.538540
4.538823
4.539105
4.539387
4.539669
4.539950
4.540230
4.540510
4.540789
4.541068
4.541346
4.541624
4.541901
4.542177
4.542453
4.542729
4.543004
4.543278
4.543552
4.543825
4.544098
4.544370
4.544642
4.544913
4.545183
4.545453
4.545722
4.545991
4.546259
4.546527
4.546794
4.547060
4.547326
4.547591
4.547856
4.548120
4.548383
4.548646
4.548908
4.549170
4.549431
4.549691
4.549951
4.550210
4.550469
4.550727
4.550984
4.551241
4.551497
4.551752
4.552007
4.552261
4.552515
4.552768
4.553020
4.553272
4.553523
4.553773
4.554023
4.554272
4.554520
4.554768
4.555015
4.555261
4.555507
4.555752
4.555997
4.556240
4.556483
4.556726
4.556968
4.557209
4.557449
4.557689
4.557928
4.558166
4.558404
4.558641
4.558877
4.559113
4.559348
4.559582
4.559816
4.560049
4.560281
4.560512
4.560743
4.560973
4.561202
4.561431
4.561659
4.561886
4.562112
4.562338
4.562563
4.562787
4.563011
4.563234
4.563456
4.563677
4.563898
4.564118
4.564337
4.564556
4.564774
4.564991
4.565207
4.565422
4.565637
4.565851
4.566064
4.566277
4.566489
4.566700
4.566910
4.567119
4.567328
4.567536
4.567743
4.567950
4.568156
4.568360
4.568565
4.568768
4.568971
4.569172
4.569373
4.569574
4.569773
4.569972
4.570170
4.570367
4.570563
4.570759
4.570954
4.571148
4.571341
4.571533
4.571725
4.571915
4.572105
4.572295
4.572483
4.572670
4.572857
4.573043
4.573228
4.573413
4.573596
4.573779
4.573961
4.574142
4.574322
4.574501
4.574680
4.574858
4.575034
4.575210
4.575386
4.575560
4.575734
4.575906
4.576078
4.576249
4.576419
4.576589
4.576757
4.576925
4.577092
4.577258
4.577423
4.577587
4.577750
4.577913
4.578075
4.578235
4.578395
4.578554
4.578712
4.578870
4.579026
4.579182
4.579336
4.579490
4.579643
4.579795
4.579946
4.580097
4.580246
4.580394
4.580542
4.580689
4.580835
4.580979
4.581124
4.581267
4.581409
4.581550
4.581691
4.581830
4.581969
4.582106
4.582243
4.582379
4.582514
4.582648
4.582781
4.582913
4.583044
4.583175
4.583304
4.583432
4.583560
4.583687
4.583812
4.583937
4.584061
4.584184
4.584305
4.584426
4.584546
4.584665
4.584783
4.584901
4.585017
4.585132
4.585246
4.585359
4.585472
4.585583
4.585694
4.585803
4.585911
4.586019
4.586125
4.586231
4.586335
4.586439
4.586541
4.586643
4.586744
4.586843
4.586942
4.587039
4.587136
4.587232
4.587326
4.587420
4.587512
4.587604
4.587694
4.587784
4.587873
4.587960
4.588047
4.588132
4.588216
4.588300
4.588382
4.588464
4.588544
4.588623
4.588702
4.588779
4.588855
4.588930
4.589004
4.589077
4.589149
4.589220
4.589290
4.589359
4.589426
4.589493
4.589559
4.589623
4.589687
4.589749
4.589811
4.589871
4.589930
4.589930
4.589988
4.590045
4.590101
4.590156
4.590210
4.590262
4.590314
4.590364
4.590414
4.590462
4.590509
4.590555
4.590600
4.590644
4.590686
4.590728
4.590769
4.590808
4.590846
4.590883
4.590919
4.590954
4.590988
4.591020
4.591052
4.591082
4.591111
4.591139
4.591166
4.591192
4.591216
4.591240
4.591262
4.591283
4.591303
4.591322
4.591339
4.591356
4.591371
4.591385
4.591398
4.591410
4.591420
4.591430
4.591438
4.591445
4.591451
4.591456
4.591459
4.591461
4.591463
4.591462
4.591461
4.591459
4.591455
4.591450
4.591444
4.591437
4.591428
4.591419
4.591408
4.591396
4.591382
4.591368
4.591352
4.591335
4.591317
4.591297
4.591277
4.591255
4.591232
4.591208
4.591182
4.591156
4.591128
4.591098
4.591068
4.591036
4.591004
4.590970
4.590934
4.590898
4.590860
4.590821
4.590781
4.590739
4.590697
4.590653
4.590608
4.590562
4.590514
4.590465
4.590415
4.590364
4.590312
4.590258
4.590203
4.590147
4.590090
4.590031
4.589972
4.589911
4.589849
4.589785
4.589721
4.589655
4.589588
4.589520
4.589451
4.589380
4.589309
4.589236
4.589162
4.589087
4.589010
4.588933
4.588854
4.588774
4.588693
4.588611
4.588528
4.588444
4.588358
4.588272
4.588184
4.588095
4.588005
4.587914
4.587822
4.587729
4.587634
4.587539
4.587443
4.587345
4.587247
4.587147
4.587047
4.586945
4.586843
4.586739
4.586635
4.586529
4.586423
4.586315
4.586207
4.586098
4.585988
4.585877
4.585765
4.585652
4.585538
4.585424
4.585308
4.585192
4.585075
4.584958
4.584839
4.584720
4.584600
4.584479
4.584358
4.584236
4.584113
4.583990
4.583866
4.583741
4.583616
4.583490
4.583364
4.583237
4.583110
4.582982
4.582854
4.582725
4.582596
4.582467
4.582337
4.582207
4.582076
4.581945
4.581814
4.581683
4.581552
4.581420
4.581288
4.581156
4.581024
4.580892
4.580760
4.580627
4.580495
4.580363
4.580231
4.580099
4.579967
4.579835
4.579703
4.579572
4.579441
4.579310
4.579179
4.579049
4.578919
4.578790
4.578661
4.578532
4.578404
4.578277
4.578150
4.578024
4.577898
4.577773
4.577649
4.577525
4.577402
4.577281
4.577159
4.577039
4.576920
4.576801
4.576684
4.576567
4.576452
4.576338
4.576224
4.576112
4.576001
4.575892
4.575783
4.575676
4.575570
4.575465
4.575362
4.575260
4.575159
4.575060
4.574963
4.574867
4.574772
4.574679
4.574587
4.574498
4.574409
4.574323
4.574238
4.574155
4.574073
4.573994
4.573916
4.573840
4.573765
4.573693
4.573622
4.573553
4.573486
4.573421
4.573358
4.573297
4.573238
4.573181
4.573125
4.573072
4.573021
4.572972
4.572925
4.572879
4.572836
4.572795
4.572756
4.572719
4.572684
4.572651
4.572620
4.572592
4.572565
4.572540
4.572518
4.572498
4.572479
4.572463
4.572449
4.572437
4.572426
4.572418
4.572412
4.572409
4.572407
4.572407
4.572409
4.572413
4.572419
4.572427
4.572438
4.572450
4.572464
4.572480
4.572498
4.572518
4.572540
4.572563
4.572589
4.572616
4.572646
4.572677
4.572710
4.572745
4.572781
4.572819
4.572859
4.572901
4.572945
4.572990
4.573037
4.573086
4.573136
4.573188
4.573241
4.573296
4.573353
4.573411
4.573471
4.573532
4.573595
4.573659
4.573724
4.573792
4.573860
4.573930
4.574001
4.574074
4.574148
4.574223
4.574300
4.574378
4.574457
4.574538
4.574619
4.574702
4.574786
4.574871
4.574958
4.575045
4.575134
4.575224
4.575315
4.575407
4.575500
4.575594
4.575689
4.575785
4.575883
4.575981
4.576080
4.576180
4.576281
4.576383
4.576486
4.576589
4.576694
4.576800
4.576906
4.577013
4.577121
4.577230
4.577340
4.577450
4.577562
4.577674
4.577787
4.577900
4.578015
4.578130
4.578245
4.578362
4.578479
4.578597
4.578716
4.578835
4.578955
4.579076
4.579197
4.579319
4.579442
4.579565
4.579689
4.579814
4.579939
4.580065
4.580191
4.580318
4.580446
4.580574
4.580703
4.580832
4.580962
4.581093
4.581224
4.581356
4.581488
4.581621
4.581754
4.581888
4.582023
4.582158
4.582293
4.582430
4.582566
4.582704
4.582841
4.582980
4.583119
4.583258
4.583398
4.583538
4.583680
4.583821
4.583963
4.584106
4.584249
4.584393
4.584537
4.584682
4.584827
4.584973
4.585119
4.585266
4.585413
4.585561
4.585710
4.585859
4.586008
4.586158
4.586309
4.586460
4.586612
4.586764
4.586917
4.587070
4.587224
4.587378
4.587533
4.587688
4.587844
4.588001
4.588158
4.588315
4.588474
4.588632
4.588791
4.588951
4.589111
4.589272
4.589434
4.589596
4.589758
4.589921
4.590085
4.590249
4.590414
4.590579
4.590745
4.590911
4.591078
4.591246
4.591414
4.591582
4.591752
4.591921
4.592092
4.592263
4.592434
4.592606
4.592779
4.592952
4.593125
4.593300
4.593475
4.593650
4.593826
4.594003
4.594180
4.594357
4.594536
4.594714
4.594894
4.595074
4.595254
4.595436
4.595617
4.595799
4.595982
4.596166
4.596350
4.596534
4.596719
4.596905
4.597091
4.597278
4.597466
4.597466
4.597654
4.597842
4.598031
4.598221
4.598411
4.598602
4.598793
4.598985
4.599178
4.599371
4.599564
4.599759
4.599953
4.600149
4.600345
4.600541
4.600738
4.600936
4.601134
4.601333
4.601532
4.601732
4.601932
4.602133
4.602335
4.602537
4.602739
4.602942
4.603146
4.603350
4.603555
4.603761
4.603967
4.604173
4.604380
4.604588
4.604796
4.605004
4.605214
4.605423
4.605634
4.605844
4.606056
4.606268
4.606480
4.606693
4.606907
4.607121
4.607335
4.607551
4.607766
4.607982
4.608199
4.608416
4.608634
4.608853
4.609072
4.609291
4.609511
4.609731
4.609953
4.610172
4.610399
4.610614
4.610849
4.611053
4.611309
4.611480
4.611797
4.611867
4.612358
4.612125
4.613137
4.611969
4.614525
4.610419
4.617046
4.605068
4.615901
4.605150
4.614928
4.602564
4.612573
4.604401
4.612699
4.601984
4.611652
4.603069
4.611677
4.601797
4.611152
4.602446
4.611235
4.601789
4.610973
4.602096
4.610974
4.601840
4.610873
4.602037
4.610917
4.601990
4.610928
4.602163
4.611019
4.602256
4.611123
4.602443
4.611271
4.602615
4.611438
4.602838
4.611638
4.603067
4.611860
4.603324
4.612104
4.603593
4.612367
4.603879
4.612647
4.604177
4.612942
4.604486
4.613249
4.604805
4.613567
4.605133
4.613896
4.605470
4.614234
4.605813
4.614582
4.606163
4.614937
4.606517
4.615299
4.606875
4.615667
4.607236
4.616039
4.607598
4.616413
4.607960
4.616790
4.608322
4.617167
4.608682
4.617544
4.609040
4.617919
4.609395
4.618293
4.609747
4.618664
4.610094
4.619032
4.610438
4.619396
4.610777
4.619756
4.611111
4.620112
4.611441
4.620464
4.611766
4.620811
4.612086
4.621153
4.612401
4.621490
4.612711
4.621824
4.613017
4.622152
4.613319
4.622477
4.613616
4.622797
4.613909
4.623113
4.614199
4.623426
4.614485
4.623735
4.614767
4.624041
4.615047
4.624343
4.615323
4.624642
4.615596
4.624938
4.615867
4.625232
4.616135
4.625523
4.616400
4.625811
4.616663
4.626097
4.616924
4.626380
4.617182
4.626661
4.617439
4.626940
4.617693
4.627217
4.617946
4.627491
4.618197
4.627764
4.618445
4.628034
4.618692
4.628303
4.618938
4.628569
4.619181
4.628834
4.619423
4.629097
4.619664
4.629358
4.619902
4.629618
4.620140
4.629875
4.620376
4.630132
4.620611
4.630386
4.620845
4.630639
4.621077
4.630891
4.621309
4.631142
4.621539
4.631391
4.621769
4.631639
4.621998
4.631887
4.622226
4.632133
4.622454
4.632379
4.622682
4.632624
4.622909
4.632868
4.623135
4.633112
4.623362
4.633356
4.623588
4.633599
4.623815
4.633842
4.624042
4.634086
4.624269
4.634329
4.624496
4.634572
4.624724
4.634816
4.624952
4.635060
4.625181
4.635304
4.625410
4.635549
4.625640
4.635795
4.625871
4.636041
4.626102
4.636287
4.626334
4.636535
4.626568
4.636783
4.626802
4.637032
4.627037
4.637282
4.627272
4.637533
4.627509
4.637784
4.627747
4.638037
4.627986
4.638290
4.628225
4.638544
4.628466
4.638799
4.628707
4.639055
4.628950
4.639312
4.629192
4.639569
4.629438
4.639829
4.629679
4.640085
4.629931
4.640350
4.630167
4.640602
4.630434
4.640879
4.630646
4.641114
4.630959
4.641426
4.631092
4.641599
4.631556
4.642029
4.631416
4.641979
4.632409
4.642809
4.631337
4.641957
4.634219
4.643933
4.630608
4.641075
4.638165
4.643032
4.636294
4.646777
4.630971
4.641049
4.643363
4.637024
4.646484
4.632480
4.643038
4.642014
4.643470
4.642899
4.647067
4.641829
4.652503
4.630888
4.640580
4.649713
4.624932
4.634113
4.642646
4.627862
4.636830
4.638904
4.637032
4.642698
4.637597
4.647124
4.633883
4.644625
4.642223
4.646480
4.640836
4.651195
4.633455
4.643195
4.649263
4.632696
4.642370
4.645570
4.639447
4.649101
4.635941
4.646663
4.643503
4.648914
4.640929
4.652277
4.636422
4.646637
4.648913
4.642615
4.652419
4.637053
4.647356
4.649774
4.643569
4.653389
4.637356
4.647463
4.651266
4.641680
4.652783
4.639696
4.650603
4.645988
4.653675
4.640328
4.651353
4.648100
4.654035
4.643872
4.655796
4.642041
4.653113
4.648085
4.656021
4.641348
4.652060
4.652454
4.651271
4.655942
4.649112
4.661123
4.637684
4.647979
4.657966
4.631011
4.640879
4.649658
4.635429
4.644438
4.646566
4.645427
4.650899
4.646260
4.656096
4.641192
4.651706
4.653873
4.648815
4.658391
4.641973
4.652160
4.657125
4.643709
4.654622
4.650457
4.658045
4.645560
4.656996
4.651555
4.660468
4.643422
4.653402
4.659187
4.644183
4.654629
4.655214
4.654572
4.659093
4.653748
4.665048
4.641801
4.652220
4.662415
4.635343
4.645450
4.654374
4.639882
4.648953
4.651484
4.649790
4.656050
4.650092
4.660877
4.645462
4.655850
4.659146
4.651556
4.662709
4.646386
4.656584
4.661110
4.649641
4.660981
4.652066
4.663350
4.648226
4.658739
4.660015
4.657281
4.664635
4.652343
4.664259
4.657497
4.668051
4.646476
4.656194
4.665978
4.641383
4.650909
4.650909
4.659992
4.644044
4.653137
4.657441
4.652177
4.661538
4.651210
4.662605
4.654296
4.665453
4.650141
4.660631
4.663025
4.658138
4.667949
4.650583
4.660606
4.667518
4.649058
4.658622
4.665478
4.650286
4.660443
4.663281
4.658556
4.668143
4.652708
4.663239
4.666849
4.658263
4.670017
4.653128
4.663278
4.668823
4.654533
4.665430
4.664149
4.667744
4.664147
4.674128
4.652898
4.663018
4.673375
4.644517
4.656140
4.665460
4.647951
4.656705
4.662537
4.655092
4.665207
4.657155
4.668198
4.656277
4.667676
4.662038
4.671874
4.654866
4.665027
4.671543
4.654770
4.664876
4.669551
4.659491
4.671177
4.659880
4.671651
4.661289
4.673086
4.658993
4.670118
4.667925
4.673123
4.665077
4.677796
4.655775
4.665882
4.676060
4.649087
4.659750
4.669099
4.652795
4.661907
4.666789
4.660759
4.670767
4.660207
4.671805
4.663855
4.675281
4.658487
4.668714
4.674565
4.660331
4.671352
4.670608
4.673509
4.671603
4.679701
4.663039
4.673744
4.679842
4.660975
4.670944
4.678639
4.658391
4.667927
4.677003
4.655993
4.665191
4.674113
4.657413
4.666934
4.672782
4.663131
4.674420
4.665827
4.677471
4.662824
4.673782
4.674675
4.673869
4.679360
4.671296
4.684820
4.659241
4.671396
4.681878
4.652170
4.663866
4.673042
4.658195
4.667462
4.670882
4.668287
4.676219
4.667193
4.679411
4.666559
4.678299
4.673117
4.682824
4.663977
4.674071
4.683259
4.658359
4.668932
4.678693
4.658751
4.667727
4.675833
4.663261
4.673707
4.673285
4.676939
4.675198
4.683325
4.669226
4.680936
4.680970
4.681359
4.684076
4.682387
4.691063
4.668607
4.680118
4.691486
4.654129
4.665881
4.675379
4.664340
4.672415
4.671772
4.677083
4.674964
4.683356
4.670967
4.682957
4.678138
4.687861
4.668501
4.678763
4.688665
4.661020
4.673160
4.682819
4.662181
4.671103
4.679299
4.667647
4.678188
4.676402
4.682364
4.675908
4.687967
4.668670
4.678826
4.688361
4.663665
4.674306
4.684180
4.664744
4.673944
4.681727
4.669306
4.679979
4.678872
4.683788
4.679374
4.690426
4.669922
4.680343
4.690840
4.663337
4.675269
4.684885
4.666324
4.675495
4.682437
4.672554
4.683486
4.677704
4.688084
4.673592
4.684759
4.686746
4.683884
4.692585
4.676005
4.686965
4.693267
4.675090
4.685518
4.692145
4.675194
4.685710
4.691259
4.678357
4.690220
4.684807
4.695033
4.675011
4.685312
4.695416
4.668468
4.680418
4.690256
4.669942
4.679126
4.687403
4.674732
4.685445
4.684875
4.688985
4.686256
4.695893
4.677454
4.688056
4.697603
4.670212
4.682996
4.692990
4.669886
4.679425
4.688582
4.674525
4.684753
4.686769
4.686351
4.692139
4.686000
4.698736
4.674873
4.686909
4.697810
4.668726
4.681384
4.690793
4.673517
4.682978
4.688781
4.681255
4.692225
4.681971
4.694101
4.684182
4.696619
4.682160
4.693796
4.692631
4.696525
4.691749
4.703713
4.676152
4.691092
4.701695
4.669481
4.683116
4.692205
4.676481
4.686005
4.690326
4.686319
4.695635
4.684380
4.696672
4.689415
4.701387
4.680689
4.691252
4.701561
4.675348
4.687128
4.696921
4.677291
4.686753
4.694572
4.682456
4.693554
4.691264
4.698104
4.689046
4.702081
4.685408
4.696451
4.701326
4.689011
4.701597
4.691894
4.704853
4.684411
4.694870
4.704341
4.679276
4.690538
4.700589
4.679910
4.689505
4.698165
4.683508
4.694120
4.696591
4.694727
4.702461
4.690857
4.703926
4.693928
4.707179
4.685836
4.696541
4.706677
4.679656
4.692139
4.702009
4.680880
4.690419
4.699067
4.685530
4.696369
4.697084
4.699058
4.700749
4.703409
4.703660
4.709275
4.698913
4.713844
4.687473
4.701650
4.711757
4.678243
4.693259
4.703042
4.681953
4.691136
4.699194
4.688860
4.699857
4.695500
4.705121
4.691312
4.703248
4.702883
4.705806
4.703810
4.712883
4.691879
4.703462
4.714842
4.679189
4.694105
4.705038
4.682932
4.691949
4.699889
4.691181
4.701936
4.695833
4.706700
4.692372
4.704044
4.705126
4.705133
4.709855
4.703966
4.717722
4.684955
4.701366
4.713682
4.679130
4.693103
4.701703
4.689678
4.699631
4.699583
4.703527
4.702366
4.709754
4.699671
4.713275
4.697988
4.710026
4.709409
4.711486
4.710452
4.717589
4.701789
4.714055
4.715959
4.709220
4.722285
4.689724
4.706339
4.718722
4.681688
4.696102
4.705266
4.691874
4.701432
4.703214
4.704894
4.708012
4.708514
4.713699
4.707826
4.721466
4.691597
4.709132
4.719267
4.686115
4.701191
4.710011
4.693120
4.703027
4.707990
4.702448
4.712882
4.700614
4.713005
4.707811
4.718407
4.698404
4.709429
4.719424
4.693212
4.705909
4.715730
4.694036
4.704140
4.713014
4.698167
4.709120
4.711139
4.710225
4.716544
4.708533
4.722291
4.699201
4.711386
4.722027
4.693331
4.707206
4.716561
4.696765
4.706755
4.714344
4.702358
4.713964
4.709997
4.719112
4.705118
4.717411
4.716247
4.720605
4.714454
4.727801
4.698336
4.715872
4.725403
4.725403
4.694255
4.708696
4.717403
4.700594
4.710861
4.715732
4.709613
4.720579
4.706643
4.718784
4.717672
4.722243
4.716235
4.729449
4.701000
4.718038
4.727394
4.697248
4.711400
4.720225
4.702668
4.712961
4.718631
4.710455
4.722239
4.709522
4.722015
4.716365
4.727391
4.706512
4.717845
4.728220
4.701142
4.714599
4.724190
4.702816
4.713082
4.721771
4.707041
4.718293
4.719624
4.719994
4.724252
4.720926
4.732031
4.707234
4.721692
4.732269
4.700051
4.716498
4.725137
4.704731
4.714802
4.722510
4.710706
4.722436
4.717811
4.727642
4.712373
4.724369
4.726612
4.722964
4.732965
4.712078
4.723810
4.734594
4.703568
4.720217
4.728724
4.706596
4.716889
4.725624
4.711379
4.722758
4.723088
4.725429
4.725955
4.730743
4.725331
4.739000
4.706783
4.725629
4.736564
4.701095
4.717471
4.726033
4.709947
4.720255
4.723711
4.721190
4.729252
4.719558
4.732928
4.718249
4.730744
4.728447
4.734497
4.723375
4.737604
4.719080
4.730679
4.736440
4.719554
4.731510
4.733276
4.729997
4.739654
4.718014
4.730056
4.740755
4.708722
4.726037
4.734521
4.711766
4.722241
4.731150
4.716395
4.727773
4.728918
4.729783
4.733220
4.731943
4.740401
4.722601
4.734604
4.742210
4.717626
4.730585
4.740786
4.712019
4.726937
4.735993
4.714359
4.724889
4.733530
4.718742
4.730330
4.731400
4.732410
4.735547
4.734765
4.742334
4.726876
4.739855
4.740011
4.739440
4.743856
4.735735
4.751765
4.711532
4.716822
4.732297
4.723990
4.725838
4.727515
4.732010
4.732715
4.738178
4.731734
4.744592
4.719663
4.733854
4.744563
4.715619
4.730714
4.739500
4.718850
4.729409
4.737266
4.724206
4.736279
4.732973
4.741538
4.727769
4.740771
4.736966
4.746117
4.726282
4.738031
4.747513
4.720267
4.734966
4.744209
4.720134
4.731613
4.741209
4.722947
4.733895
4.740173
4.729518
4.742338
4.731298
4.744704
4.730470
4.743384
4.737938
4.748873
4.726000
4.738675
4.749438
4.719973
4.735762
4.744255
4.723961
4.734700
4.742489
4.729222
4.741529
4.738118
4.746821
4.732201
4.745058
4.743789
4.748606
4.740684
4.755562
4.724041
4.743714
4.752049
4.722431
4.736634
4.745317
4.728093
4.739191
4.744020
4.737065
4.749184
4.731935
4.743806
4.749596
4.736465
4.749913
4.740536
4.754458
4.729739
4.743469
4.753485
4.725859
4.739936
4.749214
4.728946
4.739863
4.747892
4.733472
4.745663
4.744560
4.749752
4.743520
4.757198
4.729695
4.747038
4.755361
4.728806
4.741828
4.751286
4.731320
4.742373
4.750345
4.735361
4.747521
4.747201
4.750909
4.748274
4.758735
4.735826
4.749424
4.760236
4.727469
4.746048
4.753548
4.732973
4.743865
4.751283
4.738727
4.751381
4.745545
4.757060
4.736884
4.748726
4.758416
4.733833
4.746712
4.756703
4.733551
4.745211
4.754811
4.735837
4.747103
4.753990
4.741493
4.754534
4.747012
4.759973
4.737410
4.749986
4.760371
4.733816
4.747643
4.757175
4.736122
4.747295
4.755803
4.740023
4.752053
4.753673
4.753393
4.758995
4.751922
4.766759
4.735323
4.755764
4.762945
4.736781
4.749092
4.758348
4.740314
4.751743
4.757515
4.747313
4.760567
4.745981
4.759028
4.755535
4.764558
4.745759
4.757926
4.765729
4.743336
4.755594
4.765285
4.739665
4.753190
4.762962
4.739929
4.751610
4.761061
4.742440
4.753908
4.760395
4.748606
4.762033
4.751287
4.765313
4.746975
4.759080
4.764737
4.750816
4.764495
4.755818
4.769950
4.741798
4.759266
4.766796
4.743160
4.755025
4.764343
4.744714
4.756250
4.764107
4.747898
4.760259
4.761770
4.761352
4.767371
4.758390
4.774199
4.742827
4.763472
4.769360
4.746098
4.757703
4.766349
4.748374
4.760255
4.765937
4.754399
4.768261
4.753772
4.767292
4.761136
4.773691
4.745683
4.763483
4.771013
4.746786
4.759079
4.768525
4.747863
4.759522
4.768297
4.749908
4.761807
4.767786
4.756119
4.770141
4.756609
4.770604
4.759701
4.774284
4.750983
4.764093
4.774067
4.746602
4.761773
4.770746
4.748784
4.760466
4.769516
4.751651
4.763618
4.769029
4.759451
4.773590
4.754243
4.766492
4.774410
4.753837
4.765987
4.774540
4.753011
4.765223
4.774647
4.751545
4.764039
4.773874
4.751364
4.763489
4.773166
4.752618
4.764424
4.772983
4.755362
4.767606
4.772365
4.763898
4.778160
4.754579
4.768375
4.778611
4.750581
4.766256
4.774906
4.754233
4.765931
4.774034
4.758383
4.771139
4.771374
4.774256
4.773432
4.781679
4.764033
4.777116
4.782909
4.763774
4.776532
4.781692
4.766174
4.780166
4.773359
4.786925
4.752193
4.772214
4.783434
4.747544
4.765937
4.773666
4.758275
4.770174
4.771223
4.773927
4.775018
4.779906
4.775050
4.789728
4.752572
4.767304
4.780575
4.758155
4.768915
4.773422
4.770012
4.780596
4.765291
4.778574
4.777070
4.782565
4.773832
4.789706
4.758792
4.780164
4.784041
4.766247
4.778876
4.777945
4.783114
4.776507
4.791603
4.757228
4.757228
4.777878
4.788035
4.754662
4.772245
4.779503
4.765301
4.777776
4.775485
4.783273
4.771998
4.786731
4.771038
4.784657
4.781464
4.790221
4.770029
4.782885
4.791930
4.763943
4.780933
4.788090
4.766791
4.778909
4.786949
4.769136
4.781711
4.785881
4.778027
4.792401
4.765481
4.782807
4.790504
4.766766
4.779460
4.788738
4.767566
4.779819
4.788718
4.769016
4.781279
4.788497
4.773102
4.786582
4.784269
4.792154
4.776226
4.790017
4.788746
4.793672
4.783775
4.800509
4.764900
4.784556
4.797717
4.756203
4.773415
4.784438
4.766955
4.778155
4.782047
4.780673
4.788839
4.779316
4.794423
4.773846
4.786691
4.795720
4.771408
4.785163
4.794900
4.770203
4.783698
4.793203
4.771699
4.783908
4.792538
4.775034
4.787706
4.791397
4.785862
4.798837
4.772957
4.789621
4.798032
4.772775
4.786443
4.795738
4.774179
4.786525
4.795327
4.776488
4.788939
4.794602
4.783743
4.798499
4.779826
4.792681
4.797967
4.784950
4.799850
4.783805
4.797761
4.792453
4.804402
4.774812
4.795313
4.798902
4.784517
4.798648
4.786462
4.801469
4.781991
4.794796
4.800688
4.785076
4.799161
4.793494
4.806536
4.774449
4.796611
4.800353
4.783863
4.797289
4.792387
4.804383
4.779138
4.795385
4.803845
4.777973
4.792410
4.801639
4.779514
4.792253
4.801572
4.780423
4.793026
4.801579
4.782630
4.795405
4.801701
4.788286
4.803071
4.790905
4.806354
4.784202
4.797533
4.806316
4.781578
4.795862
4.805292
4.780658
4.794581
4.804075
4.781624
4.794458
4.803747
4.783504
4.796171
4.804112
4.786861
4.800170
4.802514
4.800142
4.810302
4.787480
4.802357
4.812141
4.780180
4.801148
4.804295
4.793225
4.807582
4.788631
4.801666
4.807500
4.793881
4.808897
4.795137
4.810427
4.793594
4.807609
4.803933
4.813840
4.788576
4.805307
4.813193
4.786421
4.802317
4.810179
4.788380
4.801333
4.810025
4.789281
4.802243
4.810410
4.790773
4.803838
4.810772
4.794242
4.808235
4.806945
4.813148
4.800860
4.817380
4.792611
4.808435
4.815601
4.791029
4.805339
4.814350
4.789141
4.804038
4.813083
4.789449
4.803046
4.812528
4.790415
4.803639
4.813016
4.791182
4.804404
4.813550
4.792023
4.805237
4.814248
4.792744
4.806008
4.814937
4.793195
4.806525
4.815535
4.793393
4.806821
4.816016
4.793368
4.806934
4.816311
4.793406
4.807023
4.816471
4.793816
4.807309
4.816693
4.794611
4.807942
4.817101
4.795709
4.808938
4.817669
4.797173
4.810376
4.818235
4.799658
4.813130
4.817650
4.808472
4.824665
4.792929
4.815691
4.816870
4.809101
4.822499
4.797125
4.813579
4.822353
4.796970
4.811737
4.820396
4.799139
4.812301
4.820827
4.801374
4.814671
4.820818
4.807071
4.822408
4.809033
4.824852
4.804962
4.818498
4.823513
4.810235
4.826234
4.805830
4.819461
4.825428
4.808001
4.822316
4.820238
4.828059
4.808663
4.822651
4.828950
4.807425
4.821379
4.828652
4.805147
4.819824
4.828427
4.801607
4.818539
4.825571
4.805312
4.818737
4.825062
4.810614
4.826011
4.814436
4.831086
4.800525
4.822382
4.822653
4.818911
4.829365
4.807351
4.822090
4.831666
4.801150
4.822162
4.823886
4.817568
4.831359
4.802691
4.823553
4.826246
4.816505
4.832021
4.803326
4.823705
4.827276
4.815825
4.831681
4.806496
4.822749
4.830912
4.807446
4.821713
4.830473
4.807916
4.822000
4.831117
4.807850
4.822246
4.831343
4.808068
4.822432
4.831678
4.808407
4.822775
4.831972
4.808947
4.823180
4.832350
4.809676
4.823800
4.832891
4.810371
4.824468
4.833473
4.811026
4.825120
4.834066
4.811610
4.825726
4.834640
4.812113
4.826264
4.835171
4.812568
4.826750
4.835658
4.813020
4.827214
4.836117
4.813510
4.827695
4.836571
4.814056
4.828216
4.837044
4.814654
4.828785
4.837544
4.815288
4.829395
4.838066
4.815946
4.830034
4.838602
4.816627
4.830697
4.839144
4.817345
4.831397
4.839682
4.818159
4.832180
4.840199
4.819252
4.833226
4.840597
4.821384
4.835490
4.839738
4.830429
4.847675
4.810043
4.828743
4.844283
4.803226
4.822982
4.832383
4.816861
4.830080
4.830142
4.836581
4.830604
4.846427
4.813545
4.837907
4.839548
4.830254
4.844800
4.819296
4.836253
4.844220
4.821932
4.835759
4.843250
4.825720
4.840097
4.840729
4.843226
4.842868
4.851293
4.829350
4.845004
4.852719
4.822647
4.844287
4.841921
4.845095
4.839955
4.855236
4.814270
4.821469
4.838764
4.825721
4.835565
4.829998
4.843176
4.827254
4.841751
4.841237
4.846120
4.839342
4.856605
4.814337
4.815694
4.834551
4.830896
4.827331
4.834681
4.835380
4.843914
4.834581
4.851104
4.823542
4.842677
4.846665
4.835989
4.851992
4.826198
4.843428
4.849712
4.831341
4.845556
4.845063
4.850302
4.842582
4.860346
4.816953
4.817443
4.835161
4.834468
4.827742
4.836913
4.837179
4.845810
4.836930
4.852950
4.827342
4.844257
4.851255
4.833480
4.847756
4.847773
4.851622
4.847334
4.847334
4.861944
4.822572
4.835974
4.850062
4.831207
4.843849
4.840480
4.851192
4.835943
4.850749
4.846572
4.858013
4.831128
4.850628
4.854568
4.842094
4.858436
4.832822
4.849507
4.855732
4.837771
4.852238
4.850210
4.858483
4.839936
4.854451
4.857561
4.849294
4.866490
4.823040
4.824260
4.844300
4.836683
4.838996
4.841512
4.847234
4.847416
4.856477
4.840952
4.856285
4.849652
4.864807
4.826727
4.845672
4.861547
4.820262
4.841008
4.848145
4.836205
4.849613
4.842921
4.857011
4.836013
4.850160
4.858307
4.839498
4.853590
4.856872
4.852114
4.866045
4.832712
4.857959
4.854527
4.857122
4.852650
4.866079
4.835462
4.859745
4.854239
4.862108
4.843387
4.857671
4.860068
4.857571
4.868722
4.839443
4.862756
4.855954
4.866942
4.837777
4.858487
4.859607
4.855678
4.866872
4.841478
4.859287
4.864609
4.847733
4.863065
4.854770
4.871207
4.831699
4.848107
4.863818
4.831108
4.847706
4.854634
4.846414
4.860682
4.844819
4.859681
4.856456
4.867333
4.843664
4.860182
4.867879
4.844673
4.859493
4.866543
4.847880
4.862474
4.863107
4.865120
4.866096
4.871553
4.861326
4.880955
4.832171
4.831647
4.830990
4.842173
4.834830
4.841177
4.847026
4.851203
4.854711
4.857461
4.860554
4.862787
4.867204
4.865539
4.878371
4.841927
4.863757
4.877298
4.831461
4.848328
4.861254
4.842773
4.855212
4.857452
4.859958
4.863041
4.865409
4.868814
4.868918
4.876822
4.858615
4.873348
4.874680
4.869891
4.883361
4.843719
4.859488
4.875445
4.839882
4.858096
4.862268
4.857443
4.868793
4.855201
4.870428
4.859883
4.875788
4.849915
4.867027
4.873086
4.857023
4.872063
4.863392
4.879042
4.847204
4.871121
4.866242
4.873161
4.859602
4.875381
4.860615
4.876432
4.861206
4.876930
4.860621
4.876011
4.864554
4.881297
4.850120
4.873324
4.868031
4.876203
4.858887
4.873668
4.872023
4.879953
4.862030
4.877018
4.875761
4.881188
4.868866
4.887016
4.852160
4.877701
4.871031
4.878910
4.859782
4.874343
4.876568
4.874847
4.884834
4.859460
4.878333
4.879807
4.873510
4.888809
4.848477
4.862033
4.877190
4.852579
4.865528
4.870586
4.867790
4.880026
4.859459
4.874315
4.880667
4.864763
4.880650
4.871023
4.888488
4.850046
4.870897
4.884295
4.845753
4.867960
4.871673
4.866575
4.878718
4.863777
4.879293
4.872888
4.887947
4.854950
4.880483
4.874806
4.883351
4.865494
4.880370
4.880363
4.885150
4.878330
4.895993
4.850914
4.848437
4.856552
4.867093
4.854037
4.863885
4.868742
4.872411
4.876202
4.878401
4.882719
4.881469
4.893166
4.864546
4.889391
4.877798
4.893134
4.857802
4.882487
4.879020
4.883736
4.876616
4.892067
4.861924
4.885293
4.880434
4.888511
4.871631
4.886780
4.883039
4.895047
4.864543
4.888888
4.879995
4.893195
4.862926
4.884642
4.883955
4.885519
4.886515
4.891881
4.884890
4.903335
4.855147
4.852155
4.848134
4.862703
4.855168
4.860635
4.867225
4.872145
4.875693
4.879166
4.881702
4.885690
4.886612
4.894378
4.881011
4.898023
4.876154
4.890737
4.892922
4.885888
4.901052
4.864646
4.889145
4.891513
4.877624
4.892722
4.874308
4.888759
4.889251
4.892001
4.890917
4.900338
4.876920
4.893997
4.898099
4.882715
4.899315
4.877716
4.892405
4.895085
4.888470
4.904051
4.864967
4.883976
4.899820
4.857563
4.879119
4.885836
4.874495
4.888381
4.879279
4.894669
4.874461
4.888929
4.894387
4.883823
4.900606
4.873006
4.893088
4.892966
4.892288
4.897716
4.890968
4.908503
4.865003
4.867453
4.890530
4.869429
4.880198
4.881254
4.887987
4.886949
4.897376
4.881199
4.896447
4.891934
4.904428
4.875765
4.898182
4.893676
4.901380
4.883673
4.898720
4.895586
4.905910
4.880288
4.898705
4.900776
4.893764
4.908950
4.873461
4.899187
4.895534
4.898385
4.893700
4.907501
4.877265
4.901928
4.892244
4.906109
4.875690
4.897193
4.896509
4.898685
4.898793
4.906302
4.892309
4.909692
4.886826
4.902429
4.905012
4.897233
4.914063
4.872870
4.885847
4.900937
4.878314
4.891496
4.893883
4.896908
4.900328
4.902727
4.906183
4.905269
4.915996
4.884252
4.912332
4.889636
4.904101
4.896758
4.910642
4.881389
4.903517
4.899684
4.907268
4.891380
4.907452
4.897677
4.915384
4.876419
4.897692
4.910227
4.873769
4.895834
4.897453
4.897137
4.904438
4.898300
4.914759
4.880514
4.906877
4.900046
4.909408
4.890593
4.905519
4.907320
4.907918
4.913339
4.905591
4.924397
4.876409
4.871950
4.867834
4.883203
4.875557
4.881515
4.888086
4.892992
4.896833
4.900336
4.903268
4.906866
4.908864
4.914339
4.908473
4.926091
4.880284
4.878568
4.890116
4.898635
4.881651
4.892469
4.897841
4.899890
4.905131
4.903974
4.913116
4.899618
4.915663
4.902318
4.918670
4.896741
4.911169
4.914603
4.906631
4.921964
4.890573
4.914853
4.905685
4.918152
4.892854
4.908653
4.914975
4.901286
4.917092
4.900313
4.900313
4.915548
4.907525
4.922838
4.890584
4.915463
4.906099
4.918774
4.893858
4.909623
4.916150
4.902208
4.918207
4.901961
4.917561
4.907009
4.923611
4.892433
4.916109
4.908213
4.920115
4.895896
4.911649
4.918063
4.903732
4.919979
4.903406
4.919140
4.908577
4.925450
4.892657
4.917871
4.907452
4.921162
4.895320
4.912053
4.917934
4.905863
4.922446
4.899779
4.915193
4.919984
4.909514
4.926654
4.895692
4.919906
4.910098
4.924114
4.895899
4.915285
4.917529
4.913896
4.925706
4.901686
4.918900
4.922954
4.912261
4.929741
4.895980
4.922259
4.910091
4.924903
4.897712
4.915542
4.920192
4.911680
4.927960
4.898137
4.921180
4.914914
4.926275
4.902242
4.918695
4.924407
4.911367
4.928643
4.904118
4.920988
4.924336
4.916900
4.933355
4.896683
4.921951
4.922015
4.916347
4.928504
4.905753
4.922065
4.927621
4.914130
4.931610
4.906057
4.923938
4.925742
4.922247
4.934665
4.904532
4.929745
4.914723
4.931309
4.903299
4.922299
4.924166
4.922109
4.932479
4.911153
4.927282
4.930541
4.922694
4.940470
4.896578
4.899934
4.922567
4.899628
4.912056
4.914721
4.919850
4.921828
4.928967
4.921145
4.939398
4.899410
4.916615
4.933447
4.896307
4.917512
4.919745
4.919694
4.927152
4.921849
4.937627
4.906106
4.932020
4.920092
4.935101
4.908971
4.926125
4.931487
4.921219
4.937959
4.910658
4.930437
4.930481
4.931519
4.934799
4.935163
4.943197
4.924154
4.940101
4.937048
4.945694
4.918933
4.939879
4.932622
4.946698
4.906893
4.928802
4.940332
4.904835
4.927290
4.926379
4.930633
4.929686
4.940541
4.920627
4.936423
4.938780
4.934725
4.948709
4.912003
4.937890
4.936462
4.932598
4.942162
4.924038
4.940043
4.937009
4.947992
4.918056
4.942788
4.927567
4.944396
4.916390
4.935726
4.936555
4.936715
4.942781
4.935208
4.954203
4.907301
4.902156
4.903626
4.915467
4.909894
4.917444
4.923253
4.927988
4.931824
4.935296
4.938138
4.941782
4.942938
4.950280
4.934991
4.952470
4.930471
4.946042
4.942511
4.951238
4.928201
4.944800
4.946902
4.940924
4.956556
4.915180
4.930275
4.947172
4.912656
4.931480
4.935358
4.933405
4.943960
4.930795
4.947920
4.929752
4.945595
4.940006
4.954147
4.920897
4.947883
4.932316
4.948133
4.925466
4.940698
4.945383
4.938845
4.954934
4.921366
4.948299
4.934044
4.949627
4.925677
4.941474
4.947215
4.937370
4.954668
4.924424
4.948157
4.938956
4.953321
4.924918
4.945363
4.945260
4.947457
4.948590
4.954752
4.945657
4.965377
4.918226
4.913506
4.918339
4.929775
4.920517
4.930015
4.934669
4.939686
4.942339
4.947494
4.945880
4.957823
4.932565
4.952506
4.951168
4.953745
4.950870
4.963326
4.931124
4.958726
4.936471
4.951241
4.944181
4.957873
4.932320
4.950424
4.953109
4.947535
4.961614
4.931162
4.955975
4.943429
4.959451
4.929839
4.950614
4.949180
4.953854
4.948816
4.964308
4.929253
4.956717
4.943672
4.958587
4.932047
4.949334
4.954167
4.946142
4.962461
4.931985
4.955999
4.946222
4.960878
4.932629
4.952687
4.953052
4.954281
4.957759
4.957988
4.966501
4.946392
4.962670
4.961042
4.965985
4.953580
4.973079
4.930761
4.943635
4.960162
4.929617
4.945434
4.951547
4.946677
4.960805
4.939364
4.955308
4.958955
4.953318
4.968893
4.934541
4.962451
4.945954
4.961825
4.940089
4.955357
4.958515
4.956794
4.967769
4.944604
4.961947
4.963516
4.960270
4.972591
4.941264
4.968409
4.945678
4.960931
4.955044
4.968345
4.941646
4.961801
4.960472
4.965088
4.958635
4.976123
4.934127
4.946623
4.962724
4.938579
4.952743
4.956033
4.958327
4.964132
4.961336
4.975780
4.939899
4.967476
4.956863
4.970410
4.942675
4.961671
4.964157
4.961421
4.972959
4.949558
4.967014
4.969049
4.965292
4.978659
4.944973
4.973353
4.951087
4.966334
4.958673
4.973543
4.946362
4.966834
4.965318
4.970496
4.963119
4.981010
4.940757
4.960567
4.976539
4.934804
4.959041
4.959648
4.961050
4.966389
4.966259
4.976450
4.957494
4.973707
4.972101
4.979064
4.963489
4.981193
4.959769
4.975826
4.971682
4.982753
4.953389
4.977411
4.963119
4.980444
4.948779
4.972390
4.963860
4.978128
4.950635
4.970504
4.970832
4.972870
4.975184
4.979115
4.977759
4.990472
4.951245
4.971416
4.988169
4.937627
4.949360
4.964020
4.955098
4.967079
4.961449
4.975953
4.958456
4.974442
4.972709
4.981730
4.965060
4.981808
4.971956
4.989934
4.950172
4.975108
4.978129
4.964715
4.980951
4.962219
4.978131
4.975903
4.985519
4.965888
4.982010
4.980395
4.987801
4.971387
4.988736
4.971767
4.989284
4.966388
4.982583
4.981438
4.986872
4.977483
4.996932
4.951947
4.956239
4.977822
4.954930
4.968274
4.970553
4.976441
4.976810
4.986743
4.970275
4.987221
4.976289
4.994530
4.957400
4.985183
4.972594
4.987235
4.962353
4.978904
4.984046
4.976540
4.993195
4.961425
4.987302
4.972445
4.972445
4.988690
4.965979
4.981787
4.985554
4.981425
4.995565
4.964711
4.990682
4.973428
4.989879
4.970304
4.986130
4.983361
4.994178
4.971520
4.988458
4.990058
4.988006
4.998717
4.972955
4.993451
4.987083
5.000349
4.964823
4.992976
4.974281
4.990430
4.973775
4.990345
4.978930
4.996786
4.967231
4.990205
4.981576
4.996238
4.967247
4.989180
4.985133
4.995232
4.975098
4.991450
4.990982
4.996793
4.987221
5.006912
4.962219
4.967520
4.987655
4.967019
4.980734
4.980458
4.989898
4.982255
4.999847
4.969105
4.994020
4.981459
4.997546
4.972399
4.989781
4.993660
4.988129
5.003350
4.971651
4.998092
4.980867
4.997309
4.978631
4.994759
4.989572
5.003865
4.973349
4.998293
4.984712
5.001374
4.974219
4.993172
4.994647
4.994706
5.001790
4.991542
5.011077
4.969787
4.988933
5.005261
4.964032
4.988590
4.987354
4.992145
4.991805
5.001964
4.987069
5.004654
4.987812
5.004969
4.988349
5.005603
4.986774
5.003314
4.993341
5.010948
4.973998
5.001825
4.987890
5.003450
4.979386
4.995763
5.000105
4.994984
5.010190
4.978476
5.005033
4.986947
5.003323
4.986557
5.003182
4.991835
5.009662
4.979591
5.002950
4.993166
5.008381
4.979995
5.000817
4.999002
5.005384
4.996074
5.014540
4.978016
5.006128
4.990965
5.006823
4.983259
4.999472
5.003412
4.999700
5.013641
4.983662
5.008714
4.992984
5.010023
4.985483
5.002337
5.005144
5.002591
5.014723
4.988129
5.009363
5.002279
5.016460
4.982255
5.009824
4.991283
5.007608
4.991874
5.008818
4.994200
5.011870
4.991568
5.008018
5.004515
5.016030
4.989820
5.010325
5.005646
5.016977
4.989325
5.010933
5.003821
5.018311
4.984230
5.011689
4.993625
5.010162
4.993446
5.010356
4.998922
5.017077
4.986816
5.010818
4.999377
5.015773
4.986979
5.008328
5.005481
5.014222
4.998932
5.016859
4.998582
5.015841
5.002997
5.021643
4.987329
5.014746
4.995560
5.011935
4.998372
5.015819
4.995066
5.011739
5.010672
5.018266
5.004634
5.023737
4.993220
5.018436
4.998863
5.015626
5.000856
5.018616
4.997063
5.013891
5.012626
5.020291
5.005854
5.024808
4.996666
5.018906
5.006496
5.024209
4.989167
5.016331
5.000700
5.017537
4.996112
5.012668
5.013172
5.018810
5.013519
5.031497
4.986382
4.988116
5.013141
4.986225
4.999999
5.005511
5.007870
5.015713
5.011290
5.027736
4.992808
5.021322
5.003309
5.019580
5.002715
5.019484
5.009384
5.027070
4.996548
5.020651
5.009553
5.025560
4.998123
5.017889
5.017910
5.021245
5.021009
5.030811
5.009269
5.026818
5.023608
5.033195
5.006679
5.027586
5.018662
5.035159
4.994431
5.019202
5.022958
5.008669
5.025867
5.005972
5.022688
5.019865
5.031172
5.006518
5.025522
5.023301
5.030961
5.014688
5.032904
5.012178
5.029267
5.019774
5.037763
4.995997
5.017899
5.030452
4.995136
5.018207
5.015618
5.024080
5.015559
5.033516
5.003391
5.027975
5.014704
5.031619
5.005092
5.023853
5.025284
5.026117
5.032352
5.025248
5.044388
4.998187
4.999344
5.025084
4.997404
5.010925
5.016557
5.018784
5.026436
5.022929
5.037852
5.008300
5.032739
5.019867
5.036351
5.009562
5.027937
5.029532
5.029092
5.036983
5.024825
5.043974
5.009997
5.038006
5.014081
5.029595
5.025418
5.036742
5.018454
5.035249
5.029296
5.044208
5.009775
5.037996
5.016708
5.032613
5.023144
5.039207
5.014015
5.032196
5.033486
5.033608
5.040416
5.030717
5.050335
5.007934
5.027659
5.043408
5.003008
5.027669
5.024353
5.032306
5.026134
5.041887
5.017192
5.035224
5.036316
5.036357
5.043035
5.033963
5.053107
5.011560
5.035032
5.043281
5.014885
5.031669
5.035836
5.032632
5.045348
5.023494
5.040068
5.040354
5.042380
5.044078
5.048380
5.044195
5.060422
5.014699
5.020080
5.040981
5.014400
5.028375
5.032013
5.034765
5.040150
5.039553
5.049777
5.030061
5.046489
5.042603
5.053260
5.027928
5.046153
5.044745
5.048343
5.043796
5.059065
5.021177
5.050556
5.029766
5.045545
5.030085
5.046689
5.032133
5.049454
5.030907
5.047506
5.038338
5.055091
5.022782
5.048543
5.032946
5.049393
5.028030
5.044015
5.044121
5.049243
5.044806
5.060403
5.024336
5.053980
5.029264
5.044594
5.040212
5.051447
5.034964
5.052061
5.041009
5.058859
5.025985
5.051864
5.035799
5.052201
5.032508
5.048655
5.045411
5.056652
5.035206
5.051871
5.051187
5.055814
5.049982
5.067099
5.025919
5.050676
5.055336
5.034345
5.050344
5.046270
5.059060
5.035687
5.053036
5.053746
5.054315
5.059605
5.053925
5.071648
5.027315
5.041202
5.058682
5.025448
5.043090
5.047965
5.046028
5.057379
5.043073
5.060613
5.042860
5.059728
5.047456
5.065052
5.036598
5.056969
5.053069
5.061788
5.046185
5.063725
5.046595
5.063977
5.046249
5.063387
5.047401
5.065002
5.043615
5.060033
5.056324
5.067346
5.043577
5.061210
5.060575
5.064125
5.060870
5.075160
5.037963
5.067925
5.067925
5.042425
5.058047
5.052413
5.065211
5.044685
5.061378
5.060314
5.066938
5.055821
5.075081
5.038036
5.067513
5.043505
5.059120
5.053422
5.066645
5.046289
5.062986
5.061854
5.068784
5.057161
5.076323
5.041198
5.070055
5.044513
5.060232
5.057824
5.066873
5.055263
5.073803
5.045444
5.066807
5.059109
5.072850
5.045916
5.065445
5.064495
5.069121
5.064490
5.080293
5.043446
5.073164
5.049242
5.064942
5.057997
5.072152
5.050263
5.067107
5.067870
5.070167
5.072058
5.076406
5.072844
5.088662
5.044040
5.055100
5.072037
5.044115
5.059393
5.063897
5.063860
5.073573
5.061128
5.079604
5.052223
5.072024
5.067938
5.077343
5.059866
5.077097
5.065072
5.083428
5.049042
5.076320
5.056145
5.072290
5.061025
5.077766
5.055230
5.071939
5.072600
5.075141
5.076748
5.082025
5.075669
5.094265
5.047137
5.051489
5.073679
5.046940
5.060995
5.065315
5.068024
5.074201
5.072662
5.084568
5.061250
5.078597
5.078139
5.080546
5.080540
5.088224
5.072236
5.090594
5.064315
5.082355
5.077352
5.088002
5.063888
5.081316
5.080597
5.084017
5.080769
5.094682
5.058796
5.089135
5.058314
5.075906
5.073163
5.080922
5.072555
5.090284
5.058710
5.084061
5.067215
5.083829
5.064513
5.080908
5.076148
5.089484
5.063543
5.082537
5.080837
5.086356
5.078919
5.096697
5.059052
5.088649
5.065508
5.081129
5.073063
5.087935
5.066660
5.083266
5.083348
5.087360
5.084847
5.097842
5.067194
5.093355
5.070424
5.086572
5.077668
5.093372
5.066342
5.085926
5.084115
5.090043
5.081896
5.099796
5.063678
5.092967
5.068419
5.084019
5.079441
5.091129
5.074300
5.091540
5.080833
5.098551
5.065973
5.091263
5.076101
5.092584
5.071282
5.087585
5.086573
5.093846
5.083560
5.102238
5.067756
5.095771
5.072236
5.087985
5.082581
5.095312
5.075676
5.092411
5.088737
5.100028
5.076203
5.093825
5.092744
5.097340
5.091448
5.108340
5.068412
5.096854
5.082634
5.097581
5.072655
5.089558
5.092365
5.091325
5.101108
5.083663
5.101298
5.086151
5.104553
5.075448
5.096347
5.089433
5.102471
5.076426
5.095158
5.094399
5.098754
5.094853
5.109790
5.074434
5.104138
5.075492
5.092030
5.090368
5.097309
5.091253
5.108063
5.075033
5.102271
5.080484
5.096601
5.087588
5.103324
5.080024
5.097147
5.097884
5.099771
5.102745
5.104388
5.109248
5.102555
5.121309
5.073116
5.076689
5.100005
5.070866
5.085188
5.090607
5.091563
5.100114
5.093920
5.110093
5.081439
5.102758
5.096607
5.107669
5.088073
5.104435
5.099913
5.111906
5.087230
5.104784
5.104287
5.106888
5.106636
5.114806
5.098126
5.116131
5.093487
5.110079
5.102432
5.117341
5.083910
5.110562
5.090107
5.106457
5.093464
5.110465
5.088852
5.105408
5.103856
5.111180
5.099652
5.118334
5.085814
5.111636
5.092068
5.108520
5.094115
5.111227
5.092803
5.109714
5.100514
5.117148
5.086763
5.109566
5.100327
5.114823
5.089398
5.107132
5.108352
5.109044
5.114858
5.108770
5.126096
5.085982
5.114728
5.098799
5.114064
5.091662
5.107932
5.108642
5.113086
5.111358
5.123102
5.097250
5.116765
5.110974
5.122553
5.096300
5.115040
5.112732
5.119284
5.107773
5.126645
5.092080
5.119836
5.095590
5.111472
5.106646
5.118672
5.100345
5.117417
5.109540
5.125619
5.093011
5.118563
5.102103
5.118765
5.098796
5.115305
5.110727
5.123549
5.099708
5.117276
5.116573
5.120661
5.117302
5.131250
5.098532
5.126204
5.099580
5.115825
5.112534
5.122006
5.108576
5.126817
5.102924
5.120147
5.117469
5.125460
5.111391
5.129945
5.103277
5.122193
5.117444
5.127933
5.106525
5.123573
5.119699
5.130953
5.105505
5.124299
5.120559
5.129940
5.109685
5.126943
5.119173
5.135409
5.098485
5.127573
5.103599
5.119676
5.113648
5.127206
5.106876
5.123924
5.120764
5.131417
5.110171
5.127393
5.122874
5.135002
5.107515
5.128251
5.121068
5.134812
5.105382
5.127483
5.119276
5.133772
5.105767
5.126046
5.122719
5.131690
5.116168
5.134390
5.113943
5.131235
5.121028
5.138385
5.104894
5.131029
5.113232
5.130111
5.112501
5.129654
5.118795
5.136370
5.108561
5.128735
5.124829
5.134387
5.118062
5.136005
5.119192
5.137265
5.115848
5.132929
5.125596
5.140956
5.109885
5.134080
5.120382
5.137250
5.111321
5.129343
5.129855
5.133046
5.134063
5.141152
5.129371
5.149313
5.108959
5.138015
5.117807
5.134030
5.117804
5.134888
5.122043
5.139851
5.116625
5.133828
5.131945
5.139533
5.128077
5.146891
5.114473
5.139995
5.120680
5.137494
5.121740
5.139068
5.122916
5.140576
5.123412
5.140995
5.124380
5.142100
5.123275
5.140607
5.128260
5.146129
5.116939
5.138083
5.131693
5.144185
5.121211
5.138544
5.137274
5.143840
5.134034
5.152787
5.115887
5.144887
5.119777
5.135784
5.131078
5.142990
5.126383
5.144010
5.130967
5.149033
5.120702
5.140713
5.136445
5.146309
5.129282
5.146995
5.146995
