0.067544
0.066917
0.066841
0.066756
0.066663
0.066561
0.066444
0.066308
0.066152
0.065977
0.065785
0.065579
0.065361
0.065130
0.064889
0.064637
0.064374
0.064102
0.063820
0.063528
0.063227
0.062916
0.062596
0.062267
0.061929
0.061584
0.061232
0.060874
0.060512
0.060144
0.059773
0.059399
0.059021
0.058641
0.058257
0.057871
0.057481
0.057088
0.056692
0.056291
0.055887
0.055479
0.055066
0.054647
0.054224
0.053794
0.053359
0.052917
0.052468
0.052012
0.051548
0.051077
0.050598
0.050110
0.049614
0.049111
0.048604
0.048095
0.047574
0.047033
0.046478
0.045909
0.045319
0.044698
0.044039
0.043341
0.042602
0.041821
0.040999
0.040131
0.039217
0.038253
0.037237
0.036169
0.035050
0.033880
0.032663
0.031399
0.030089
0.028731
0.027324
0.025863
0.024346
0.022767
0.021121
0.019401
0.017600
0.015709
0.013720
0.011621
0.009400
0.007043
0.004534
0.001854
-0.001018
-0.004108
-0.007445
-0.011062
-0.014997
-0.019291
-0.023986
-0.029120
-0.034715
-0.040758
-0.047171
-0.053773
-0.060264
-0.066266
-0.071466
-0.075739
-0.079134
-0.081778
-0.083811
-0.085355
-0.086510
-0.087362
-0.087992
-0.088471
-0.088846
-0.089143
-0.089379
-0.089570
-0.089725
-0.089850
-0.089950
-0.090026
-0.090079
-0.090109
-0.090115
-0.090094
-0.090044
-0.089962
-0.089843
-0.089682
-0.089471
-0.089200
-0.088860
-0.088439
-0.087929
-0.087332
-0.086664
-0.085958
-0.085252
-0.084574
-0.083930
-0.083315
-0.082717
-0.082125
-0.081530
-0.080929
-0.080319
-0.079701
-0.079076
-0.078449
-0.077825
-0.077205
-0.076592
-0.075984
-0.075380
-0.074780
-0.074181
-0.073583
-0.072986
-0.072387
-0.071787
-0.071185
-0.070582
-0.069977
-0.069371
-0.068765
-0.068159
-0.067555
-0.066958
-0.066378
-0.065842
-0.065315
-0.064754
-0.064185
-0.063623
-0.063074
-0.062543
-0.062020
-0.061467
-0.060866
-0.060206
-0.059476
-0.058860
-0.058284
-0.057719
-0.057143
-0.056654
-0.056078
-0.055623
-0.055021
-0.054587
-0.054061
-0.053517
-0.052994
-0.052479
-0.051972
-0.051472
-0.050961
-0.050430
-0.049893
-0.049362
-0.048840
-0.048321
-0.047805
-0.047295
-0.046788
-0.046285
-0.045786
-0.045290
-0.044799
-0.044311
-0.043826
-0.043344
-0.042866
-0.042391
-0.041919
-0.041450
-0.040985
-0.040522
-0.040063
-0.039607
-0.039154
-0.038704
-0.038257
-0.037814
-0.037375
-0.036938
-0.036506
-0.036077
-0.035651
-0.035230
-0.034812
-0.034398
-0.033989
-0.033584
-0.033184
-0.032788
-0.032397
-0.032011
-0.031631
-0.031256
-0.030886
-0.030522
-0.030164
-0.029811
-0.029464
-0.029123
-0.028788
-0.028459
-0.028136
-0.027820
-0.027509
-0.027204
-0.026905
-0.026613
-0.026326
-0.026046
-0.025771
-0.025503
-0.025241
-0.024985
-0.024735
-0.024491
-0.024254
-0.024022
-0.023797
-0.023579
-0.023366
-0.023161
-0.022961
-0.022769
-0.022583
-0.022404
-0.022232
-0.022067
-0.021910
-0.021760
-0.021618
-0.021483
-0.021357
-0.021239
-0.021128
-0.021026
-0.020931
-0.020843
-0.020760
-0.020681
-0.020605
-0.020530
-0.020456
-0.020381
-0.020308
-0.020235
-0.020163
-0.020094
-0.020027
-0.019961
-0.019899
-0.019838
-0.019779
-0.019723
-0.019669
-0.019618
-0.019570
-0.019527
-0.019489
-0.019459
-0.019439
-0.019432
-0.019442
-0.019472
-0.019524
-0.019600
-0.019700
-0.019820
-0.019959
-0.020115
-0.020288
-0.020476
-0.020680
-0.020898
-0.021130
-0.021375
-0.021633
-0.021905
-0.022189
-0.022488
-0.022802
-0.023131
-0.023476
-0.023839
-0.024220
-0.024620
-0.025038
-0.025477
-0.025935
-0.026413
-0.026910
-0.027427
-0.027963
-0.028516
-0.029086
-0.029673
-0.030275
-0.030892
-0.031523
-0.032166
-0.032821
-0.033488
-0.034165
-0.034852
-0.035549
-0.036255
-0.036970
-0.037693
-0.038424
-0.039163
-0.039909
-0.040662
-0.041423
-0.042190
-0.042964
-0.043744
-0.044531
-0.045323
-0.046122
-0.046927
-0.047738
-0.048554
-0.049376
-0.050204
-0.051036
-0.051875
-0.052718
-0.053566
-0.054419
-0.055277
-0.056140
-0.057007
-0.057879
-0.058755
-0.059636
-0.060520
-0.061409
-0.062301
-0.063198
-0.064098
-0.065001
-0.065908
-0.066818
-0.067731
-0.068648
-0.069567
-0.070489
-0.071414
-0.072341
-0.073270
-0.074202
-0.075136
-0.076072
-0.077009
-0.077949
-0.078890
-0.079832
-0.080776
-0.081721
-0.082667
-0.083614
-0.084562
-0.085510
-0.086459
-0.087408
-0.088358
-0.089307
-0.090257
-0.091206
-0.092156
-0.093104
-0.094053
-0.095001
-0.095948
-0.096895
-0.097840
-0.098786
-0.099730
-0.100674
-0.101616
-0.102559
-0.103500
-0.104442
-0.105382
-0.106323
-0.107263
-0.108204
-0.109144
-0.110085
-0.111026
-0.111968
-0.112910
-0.113854
-0.114798
-0.115743
-0.116689
-0.117637
-0.118586
-0.119536
-0.120488
-0.121441
-0.122396
-0.123353
-0.124311
-0.125270
-0.126232
-0.127195
-0.128160
-0.129126
-0.130095
-0.131065
-0.132036
-0.133010
-0.133985
-0.134962
-0.135940
-0.136921
-0.137902
-0.138886
-0.139871
-0.140859
-0.141847
-0.142838
-0.143830
-0.144824
-0.145820
-0.146818
-0.147817
-0.148819
-0.149822
-0.150827
-0.151834
-0.152842
-0.153853
-0.154866
-0.155881
-0.156898
-0.157917
-0.158938
-0.159961
-0.160986
-0.162014
-0.163043
-0.164075
-0.165110
-0.166147
-0.167186
-0.168227
-0.169271
-0.169271
-0.170318
-0.171367
-0.172419
-0.173473
-0.174530
-0.175590
-0.176652
-0.177717
-0.178785
-0.179856
-0.180930
-0.182007
-0.183086
-0.184169
-0.185255
-0.186344
-0.187436
-0.188531
-0.189629
-0.190731
-0.191836
-0.192944
-0.194056
-0.195171
-0.196290
-0.197412
-0.198538
-0.199667
-0.200800
-0.201937
-0.203077
-0.204222
-0.205370
-0.206522
-0.207677
-0.208837
-0.210001
-0.211169
-0.212340
-0.213516
-0.214696
-0.215881
-0.217069
-0.218262
-0.219460
-0.220661
-0.221867
-0.223078
-0.224293
-0.225512
-0.226736
-0.227965
-0.229199
-0.230437
-0.231680
-0.232928
-0.234181
-0.235439
-0.236701
-0.237969
-0.239241
-0.240519
-0.241802
-0.243090
-0.244384
-0.245682
-0.246986
-0.248296
-0.249610
-0.250930
-0.252256
-0.253587
-0.254924
-0.256267
-0.257615
-0.258969
-0.260329
-0.261694
-0.263065
-0.264443
-0.265826
-0.267215
-0.268611
-0.270012
-0.271419
-0.272833
-0.274253
-0.275680
-0.277112
-0.278551
-0.279997
-0.281448
-0.282907
-0.284372
-0.285843
-0.287322
-0.288807
-0.290298
-0.291797
-0.293302
-0.294814
-0.296333
-0.297859
-0.299393
-0.300933
-0.302480
-0.304035
-0.305596
-0.307165
-0.308741
-0.310325
-0.311916
-0.313514
-0.315120
-0.316733
-0.318354
-0.319983
-0.321619
-0.323263
-0.324914
-0.326574
-0.328241
-0.329916
-0.331599
-0.333290
-0.334988
-0.336695
-0.338410
-0.340133
-0.341864
-0.343604
-0.345351
-0.347107
-0.348871
-0.350643
-0.352424
-0.354213
-0.356011
-0.357817
-0.359631
-0.361454
-0.363286
-0.365126
-0.366975
-0.368832
-0.370698
-0.372573
-0.374457
-0.376349
-0.378250
-0.380160
-0.382079
-0.384006
-0.385943
-0.387888
-0.389842
-0.391805
-0.393777
-0.395758
-0.397748
-0.399747
-0.401754
-0.403771
-0.405797
-0.407832
-0.409875
-0.411928
-0.413990
-0.416061
-0.418140
-0.420229
-0.422327
-0.424433
-0.426549
-0.428674
-0.430807
-0.432949
-0.435101
-0.437261
-0.439430
-0.441608
-0.443794
-0.445990
-0.448194
-0.450406
-0.452628
-0.454858
-0.457096
-0.459344
-0.461599
-0.463863
-0.466136
-0.468416
-0.470705
-0.473002
-0.475308
-0.477621
-0.479942
-0.482271
-0.484608
-0.486953
-0.489305
-0.491665
-0.494032
-0.496407
-0.498789
-0.501178
-0.503574
-0.505977
-0.508387
-0.510803
-0.513226
-0.515656
-0.518092
-0.520534
-0.522982
-0.525435
-0.527895
-0.530360
-0.532831
-0.535306
-0.537787
-0.540273
-0.542763
-0.545258
-0.547757
-0.550261
-0.552768
-0.555279
-0.557794
-0.560311
-0.562832
-0.565356
-0.567883
-0.570412
-0.572943
-0.575476
-0.578010
-0.580547
-0.583084
-0.585622
-0.588161
-0.590700
-0.593239
-0.595778
-0.598317
-0.600855
-0.603392
-0.605927
-0.608461
-0.610993
-0.613522
-0.616049
-0.618574
-0.621094
-0.623612
-0.626125
-0.628635
-0.631140
-0.633640
-0.636135
-0.638624
-0.641108
-0.643585
-0.646056
-0.648520
-0.650976
-0.653425
-0.655866
-0.658299
-0.660723
-0.663138
-0.665543
-0.667939
-0.670324
-0.672699
-0.675063
-0.677415
-0.679755
-0.682083
-0.684398
-0.686701
-0.688989
-0.691264
-0.693525
-0.695770
-0.698001
-0.700216
-0.702415
-0.704598
-0.706764
-0.708913
-0.711045
-0.713158
-0.715254
-0.717330
-0.719387
-0.721425
-0.723442
-0.725438
-0.727414
-0.729368
-0.731300
-0.733209
-0.735095
-0.736958
-0.738797
-0.740611
-0.742401
-0.744165
-0.745904
-0.747617
-0.749304
-0.750965
-0.752599
-0.754207
-0.755788
-0.757343
-0.758871
-0.760372
-0.761847
-0.763296
-0.764719
-0.766117
-0.767489
-0.768836
-0.770160
-0.771459
-0.772735
-0.773988
-0.775219
-0.776428
-0.777616
-0.778784
-0.779932
-0.781061
-0.782172
-0.783265
-0.784341
-0.785401
-0.786445
-0.787475
-0.788491
-0.789493
-0.790483
-0.791461
-0.792428
-0.793385
-0.794333
-0.795272
-0.796203
-0.797128
-0.798046
-0.798960
-0.799870
-0.800777
-0.801683
-0.802587
-0.803492
-0.804399
-0.805308
-0.806222
-0.807141
-0.808067
-0.809001
-0.809945
-0.810900
-0.811869
-0.812851
-0.813850
-0.814866
-0.815900
-0.816953
-0.818030
-0.819133
-0.820256
-0.821356
-0.822546
-0.823527
-0.824971
-0.826165
-0.827649
-0.829219
-0.830837
-0.832495
-0.834183
-0.835912
-0.837693
-0.839531
-0.841420
-0.843349
-0.845308
-0.847295
-0.849326
-0.851412
-0.853136
-0.855055
-0.857045
-0.859523
-0.861910
-0.863803
-0.865798
-0.867767
-0.870379
-0.872665
-0.874952
-0.876738
-0.879689
-0.881527
-0.884522
-0.886762
-0.888747
-0.891812
-0.893844
-0.897510
-0.899516
-0.903025
-0.904695
-0.908858
-0.910680
-0.915308
-0.917018
-0.921587
-0.923176
-0.928140
-0.929668
-0.934389
-0.936085
-0.941375
-0.942999
-0.948098
-0.949869
-0.955597
-0.957263
-0.962681
-0.964575
-0.970489
-0.972266
-0.977935
-0.980015
-0.985938
-0.987576
-0.991962
-0.995398
-0.998531
-1.003461
-1.007563
-1.010536
-1.015816
-1.019218
-1.023014
-1.027636
-1.031723
-1.035308
-1.040262
-1.044429
-1.048132
-1.053497
-1.057503
-1.061753
-1.066879
-1.071241
-1.075153
-1.080934
-1.084967
-1.089639
-1.095104
-1.099604
-1.103813
-1.109924
-1.113976
-1.119090
-1.124786
-1.129544
-1.133929
-1.140504
-1.144391
-1.150133
-1.155735
-1.161177
-1.165612
-1.172857
-1.176421
-1.182826
-1.188027
-1.194615
-1.200729
-1.207504
-1.211019
-1.217474
-1.222887
-1.228292
-1.234641
-1.244407
-1.248788
-1.254149
-1.260844
-1.264986
-1.271353
-1.271353
-1.276907
-1.283176
-1.289041
-1.299621
-1.304412
-1.311750
-1.317476
-1.321600
-1.328427
-1.334124
-1.343249
-1.347147
-1.357717
-1.362560
-1.366801
-1.374449
-1.377922
-1.392061
-1.394986
-1.401201
-1.407244
-1.412423
-1.419878
-1.424094
-1.436944
-1.439796
-1.450009
-1.454407
-1.459804
-1.466730
-1.471012
-1.483240
-1.483418
-1.500158
-1.502564
-1.508841
-1.512226
-1.523998
-1.525643
-1.539286
-1.540713
-1.553240
-1.554221
-1.567053
-1.568298
-1.580066
-1.580961
-1.594089
-1.595047
-1.607377
-1.607875
-1.621248
-1.621711
-1.634521
-1.634537
-1.648100
-1.648048
-1.661295
-1.660876
-1.674570
-1.674004
-1.687621
-1.686784
-1.700603
-1.699558
-1.713438
-1.712162
-1.726148
-1.724646
-1.738721
-1.736990
-1.751157
-1.749195
-1.763452
-1.761267
-1.775606
-1.773214
-1.787613
-1.785041
-1.799470
-1.796743
-1.811174
-1.808313
-1.822723
-1.819748
-1.834120
-1.831051
-1.845370
-1.842221
-1.856480
-1.853260
-1.867455
-1.864166
-1.878303
-1.874936
-1.889031
-1.885564
-1.899647
-1.896047
-1.910160
-1.906387
-1.920573
-1.916606
-1.930886
-1.926745
-1.941096
-1.936860
-1.951202
-1.946999
-1.961216
-1.957177
-1.971170
-1.967372
-1.981096
-1.977576
-1.991017
-1.987808
-2.000956
-1.998090
-2.010937
-2.008435
-2.020984
-2.018856
-2.031118
-2.029367
-2.041354
-2.039997
-2.051690
-2.050790
-2.062119
-2.061779
-2.072630
-2.072939
-2.083220
-2.084190
-2.093887
-2.095446
-2.104612
-2.106667
-2.115365
-2.117850
-2.126125
-2.128995
-2.136877
-2.140103
-2.147615
-2.151178
-2.158336
-2.162227
-2.169048
-2.173260
-2.179763
-2.184290
-2.190502
-2.195331
-2.201294
-2.206395
-2.212171
-2.217495
-2.223163
-2.228650
-2.234291
-2.239892
-2.245561
-2.251247
-2.256976
-2.262738
-2.268537
-2.274373
-2.280245
-2.286154
-2.292099
-2.298078
-2.304091
-2.310137
-2.316215
-2.322323
-2.328460
-2.334625
-2.340818
-2.347037
-2.353282
-2.359551
-2.365844
-2.372160
-2.378499
-2.384859
-2.391241
-2.397643
-2.404064
-2.410505
-2.416965
-2.423443
-2.429938
-2.436450
-2.442979
-2.449524
-2.456085
-2.462660
-2.469251
-2.475855
-2.482472
-2.489103
-2.495745
-2.502399
-2.509063
-2.515737
-2.522420
-2.529110
-2.535807
-2.542510
-2.549218
-2.555929
-2.562642
-2.569356
-2.576069
-2.582781
-2.589490
-2.596194
-2.602892
-2.609583
-2.616265
-2.622938
-2.629600
-2.636250
-2.642888
-2.649512
-2.656123
-2.662719
-2.669302
-2.675871
-2.682427
-2.688971
-2.695503
-2.702026
-2.708540
-2.715048
-2.721551
-2.728052
-2.734554
-2.741058
-2.747569
-2.754088
-2.760619
-2.767164
-2.773726
-2.780308
-2.786912
-2.793540
-2.800194
-2.806875
-2.813585
-2.820325
-2.827096
-2.833897
-2.840729
-2.847592
-2.854485
-2.861407
-2.868358
-2.875336
-2.882339
-2.889367
-2.896418
-2.903490
-2.910581
-2.917689
-2.924814
-2.931952
-2.939104
-2.946268
-2.953443
-2.960629
-2.967825
-2.975032
-2.982250
-2.989481
-2.996725
-3.003983
-3.011258
-3.018549
-3.025860
-3.033189
-3.040540
-3.047910
-3.055301
-3.062712
-3.070143
-3.077591
-3.085055
-3.092534
-3.100025
-3.107527
-3.115037
-3.122552
-3.130071
-3.137590
-3.145108
-3.152622
-3.160130
-3.167630
-3.175119
-3.182595
-3.190057
-3.197504
-3.204932
-3.212342
-3.219731
-3.227100
-3.234447
-3.241771
-3.249072
-3.256348
-3.263595
-3.270808
-3.277978
-3.285091
-3.292130
-3.299070
-3.305891
-3.312580
-3.319142
-3.325594
-3.331951
-3.338218
-3.344395
-3.350490
-3.356527
-3.362542
-3.368575
-3.374662
-3.380826
-3.387084
-3.393439
-3.399887
-3.406418
-3.413017
-3.419670
-3.426361
-3.433077
-3.439808
-3.446546
-3.453285
-3.460021
-3.466749
-3.473465
-3.480165
-3.486848
-3.493509
-3.500146
-3.506755
-3.513335
-3.519881
-3.526392
-3.532864
-3.539293
-3.545677
-3.552013
-3.558298
-3.564532
-3.570715
-3.576851
-3.582948
-3.589020
-3.595087
-3.601178
-3.607328
-3.613573
-3.619947
-3.626472
-3.633152
-3.639967
-3.646880
-3.653834
-3.660765
-3.667606
-3.674292
-3.680770
-3.686999
-3.692945
-3.698584
-3.703896
-3.708863
-3.713470
-3.717706
-3.721575
-3.725100
-3.728343
-3.731398
-3.734387
-3.737429
-3.740609
-3.743971
-3.747510
-3.751195
-3.754980
-3.758822
-3.762688
-3.766556
-3.770413
-3.774255
-3.778079
-3.781886
-3.785676
-3.789454
-3.793224
-3.796988
-3.800751
-3.804516
-3.808285
-3.812059
-3.815840
-3.819630
-3.823428
-3.827237
-3.831057
-3.834890
-3.838736
-3.842596
-3.846471
-3.850362
-3.854269
-3.858192
-3.862133
-3.866090
-3.870066
-3.874059
-3.878071
-3.882100
-3.886148
-3.890214
-3.894298
-3.898401
-3.902522
-3.906661
-3.910818
-3.914993
-3.919186
-3.923398
-3.927627
-3.931874
-3.936140
-3.940423
-3.944724
-3.949043
-3.953381
-3.957736
-3.962110
-3.966502
-3.970912
-3.975340
-3.979787
-3.984252
-3.988735
-3.993236
-3.997756
-4.002293
-4.006848
-4.011421
-4.016010
-4.020616
-4.025238
-4.029876
-4.034529
-4.039196
-4.043876
-4.048570
-4.053275
-4.057992
-4.062719
-4.067456
-4.072202
-4.076957
-4.081721
-4.086493
-4.091273
-4.096062
-4.100860
-4.105669
-4.110488
-4.115320
-4.120165
-4.125021
-4.129886
-4.134754
-4.139614
-4.144449
-4.149237
-4.153949
-4.158555
-4.163028
-4.167345
-4.171492
-4.175462
-4.179255
-4.182874
-4.186327
-4.189621
-4.192769
-4.192769
-4.195760
-4.198718
-4.200883
-4.207642
-4.178477
-4.199615
-4.200786
-4.210509
-4.201021
-4.200772
-4.200886
-4.200332
-4.201458
-4.204897
-4.209588
-4.214786
-4.220041
-4.225128
-4.229983
-4.234636
-4.239149
-4.243578
-4.247954
-4.252289
-4.256585
-4.260844
-4.265073
-4.269282
-4.273479
-4.277671
-4.281862
-4.286051
-4.290236
-4.294413
-4.298579
-4.302730
-4.306863
-4.310974
-4.315061
-4.319120
-4.323147
-4.327137
-4.331087
-4.334991
-4.338845
-4.342645
-4.346385
-4.350061
-4.353669
-4.357204
-4.360663
-4.364042
-4.367338
-4.370550
-4.373675
-4.376714
-4.379666
-4.382532
-4.385313
-4.388010
-4.390625
-4.393161
-4.395619
-4.398003
-4.400315
-4.402557
-4.404732
-4.406843
-4.408891
-4.410879
-4.412809
-4.414683
-4.416503
-4.418270
-4.419987
-4.421655
-4.423276
-4.424850
-4.426379
-4.427865
-4.429308
-4.430710
-4.432072
-4.433394
-4.434678
-4.435925
-4.437135
-4.438310
-4.439451
-4.440558
-4.441632
-4.442674
-4.443685
-4.444667
-4.445619
-4.446543
-4.447440
-4.448310
-4.449155
-4.449975
-4.450771
-4.451544
-4.452296
-4.453026
-4.453736
-4.454427
-4.455099
-4.455754
-4.456391
-4.457013
-4.457619
-4.458211
-4.458790
-4.459355
-4.459908
-4.460449
-4.460980
-4.461501
-4.462012
-4.462514
-4.463007
-4.463493
-4.463972
-4.464444
-4.464910
-4.465371
-4.465826
-4.466276
-4.466723
-4.467165
-4.467604
-4.468040
-4.468473
-4.468903
-4.469331
-4.469758
-4.470183
-4.470606
-4.471029
-4.471451
-4.471872
-4.472292
-4.472713
-4.473133
-4.473554
-4.473974
-4.474395
-4.474816
-4.475238
-4.475661
-4.476084
-4.476509
-4.476934
-4.477360
-4.477787
-4.478216
-4.478645
-4.479076
-4.479508
-4.479942
-4.480376
-4.480812
-4.481250
-4.481689
-4.482129
-4.482571
-4.483014
-4.483459
-4.483905
-4.484353
-4.484802
-4.485253
-4.485705
-4.486159
-4.486614
-4.487071
-4.487530
-4.487990
-4.488452
-4.488916
-4.489381
-4.489848
-4.490316
-4.490786
-4.491258
-4.491732
-4.492207
-4.492684
-4.493162
-4.493643
-4.494125
-4.494608
-4.495094
-4.495581
-4.496070
-4.496561
-4.497054
-4.497549
-4.498045
-4.498543
-4.499043
-4.499545
-4.500049
-4.500555
-4.501062
-4.501572
-4.502083
-4.502597
-4.503112
-4.503629
-4.504148
-4.504669
-4.505192
-4.505717
-4.506244
-4.506773
-4.507303
-4.507836
-4.508371
-4.508907
-4.509446
-4.509987
-4.510529
-4.511074
-4.511620
-4.512168
-4.512719
-4.513271
-4.513825
-4.514381
-4.514939
-4.515499
-4.516061
-4.516624
-4.517190
-4.517757
-4.518327
-4.518898
-4.519471
-4.520045
-4.520622
-4.521200
-4.521780
-4.522362
-4.522946
-4.523531
-4.524118
-4.524707
-4.525298
-4.525890
-4.526483
-4.527079
-4.527676
-4.528274
-4.528874
-4.529476
-4.530079
-4.530684
-4.531290
-4.531898
-4.532507
-4.533117
-4.533729
-4.534343
-4.534957
-4.535574
-4.536191
-4.536810
-4.537430
-4.538051
-4.538673
-4.539297
-4.539922
-4.540548
-4.541175
-4.541803
-4.542433
-4.543063
-4.543695
-4.544327
-4.544961
-4.545596
-4.546231
-4.546868
-4.547505
-4.548143
-4.548783
-4.549423
-4.550063
-4.550705
-4.551348
-4.551991
-4.552635
-4.553279
-4.553925
-4.554571
-4.555218
-4.555865
-4.556513
-4.557161
-4.557810
-4.558460
-4.559110
-4.559760
-4.560411
-4.561062
-4.561714
-4.562366
-4.563019
-4.563672
-4.564325
-4.564978
-4.565632
-4.566286
-4.566940
-4.567594
-4.568249
-4.568903
-4.569558
-4.570213
-4.570868
-4.571523
-4.572177
-4.572832
-4.573487
-4.574142
-4.574797
-4.575451
-4.576106
-4.576760
-4.577414
-4.578068
-4.578721
-4.579375
-4.580028
-4.580681
-4.581333
-4.581985
-4.582637
-4.583288
-4.583939
-4.584589
-4.585239
-4.585889
-4.586537
-4.587186
-4.587834
-4.588481
-4.589127
-4.589773
-4.590419
-4.591063
-4.591707
-4.592351
-4.592993
-4.593635
-4.594276
-4.594917
-4.595556
-4.596195
-4.596834
-4.597471
-4.598108
-4.598744
-4.599379
-4.600014
-4.600648
-4.601282
-4.601914
-4.602547
-4.603178
-4.603810
-4.604440
-4.605071
-4.605702
-4.606332
-4.606962
-4.607593
-4.608224
-4.608855
-4.609487
-4.610120
-4.610754
-4.611390
-4.612027
-4.612667
-4.613310
-4.613956
-4.614606
-4.615260
-4.615920
-4.616586
-4.617260
-4.617942
-4.618635
-4.619339
-4.620058
-4.620794
-4.621549
-4.622326
-4.623130
-4.623966
-4.624837
-4.625749
-4.626707
-4.627715
-4.628773
-4.629876
-4.631008
-4.632140
-4.633230
-4.634230
-4.635103
-4.635836
-4.636444
-4.636954
-4.637397
-4.637792
-4.638155
-4.638493
-4.638813
-4.639120
-4.639414
-4.639698
-4.639972
-4.640235
-4.640488
-4.640732
-4.640966
-4.641191
-4.641407
-4.641614
-4.641813
-4.642004
-4.642187
-4.642362
-4.642529
-4.642688
-4.642840
-4.642985
-4.643122
-4.643252
-4.643375
-4.643491
-4.643601
-4.643704
-4.643800
-4.643890
-4.643973
-4.644051
-4.644122
-4.644188
-4.644248
-4.644302
-4.644351
-4.644394
-4.644433
-4.644466
-4.644495
-4.644518
-4.644538
-4.644552
-4.644563
-4.644569
-4.644571
-4.644569
-4.644563
-4.644554
-4.644541
-4.644524
-4.644505
-4.644482
-4.644455
-4.644426
-4.644394
-4.644359
-4.644321
-4.644281
-4.644238
-4.644193
-4.644145
-4.644095
-4.644042
-4.643988
-4.643931
-4.643872
-4.643811
-4.643748
-4.643683
-4.643617
-4.643548
-4.643478
-4.643406
-4.643333
-4.643257
-4.643181
-4.643102
-4.643022
-4.642941
-4.642941
-4.642858
-4.642774
-4.642688
-4.642601
-4.642513
-4.642423
-4.642332
-4.642239
-4.642146
-4.642051
-4.641955
-4.641858
-4.641760
-4.641660
-4.641559
-4.641458
-4.641355
-4.641251
-4.641146
-4.641040
-4.640933
-4.640825
-4.640716
-4.640606
-4.640495
-4.640383
-4.640270
-4.640156
-4.640041
-4.639926
-4.639809
-4.639692
-4.639574
-4.639454
-4.639334
-4.639214
-4.639092
-4.638969
-4.638846
-4.638722
-4.638597
-4.638471
-4.638345
-4.638217
-4.638089
-4.637960
-4.637830
-4.637700
-4.637569
-4.637436
-4.637304
-4.637170
-4.637036
-4.636900
-4.636764
-4.636628
-4.636490
-4.636351
-4.636212
-4.636072
-4.635931
-4.635790
-4.635647
-4.635504
-4.635360
-4.635215
-4.635069
-4.634922
-4.634774
-4.634626
-4.634476
-4.634326
-4.634175
-4.634023
-4.633870
-4.633716
-4.633562
-4.633406
-4.633250
-4.633092
-4.632934
-4.632775
-4.632615
-4.632454
-4.632293
-4.632131
-4.631967
-4.631804
-4.631639
-4.631474
-4.631308
-4.631142
-4.630975
-4.630807
-4.630639
-4.630471
-4.630302
-4.630133
-4.629963
-4.629794
-4.629624
-4.629455
-4.629285
-4.629116
-4.628947
-4.628778
-4.628609
-4.628441
-4.628274
-4.628107
-4.627940
-4.627775
-4.627610
-4.627446
-4.627283
-4.627122
-4.626961
-4.626801
-4.626643
-4.626486
-4.626330
-4.626176
-4.626023
-4.625872
-4.625722
-4.625574
-4.625427
-4.625282
-4.625139
-4.624997
-4.624857
-4.624719
-4.624583
-4.624449
-4.624316
-4.624186
-4.624057
-4.623930
-4.623806
-4.623683
-4.623562
-4.623443
-4.623326
-4.623211
-4.623099
-4.622988
-4.622879
-4.622772
-4.622668
-4.622565
-4.622464
-4.622366
-4.622269
-4.622174
-4.622081
-4.621990
-4.621900
-4.621813
-4.621727
-4.621643
-4.621560
-4.621480
-4.621400
-4.621323
-4.621247
-4.621172
-4.621099
-4.621027
-4.620957
-4.620888
-4.620821
-4.620755
-4.620690
-4.620627
-4.620564
-4.620504
-4.620444
-4.620386
-4.620328
-4.620273
-4.620218
-4.620164
-4.620112
-4.620060
-4.620010
-4.619960
-4.619912
-4.619864
-4.619817
-4.619770
-4.619724
-4.619677
-4.619629
-4.619580
-4.619528
-4.619471
-4.619403
-4.619320
-4.619200
-4.619021
-4.618685
-4.618059
-4.617133
-4.618330
-4.618103
-4.619669
-4.619003
-4.620957
-4.618488
-4.623079
-4.615482
-4.625758
-4.610740
-4.622170
-4.619390
-4.625454
-4.613128
-4.624684
-4.615838
-4.627266
-4.610981
-4.621999
-4.624183
-4.619094
-4.628421
-4.609683
-4.620132
-4.629446
-4.608886
-4.618873
-4.630095
-4.607704
-4.616997
-4.626883
-4.618196
-4.630439
-4.609251
-4.618330
-4.628995
-4.615527
-4.626356
-4.623638
-4.630127
-4.615313
-4.625746
-4.628507
-4.621621
-4.633526
-4.608259
-4.616741
-4.620387
-4.627287
-4.632940
-4.613591
-4.620995
-4.630031
-4.624466
-4.636696
-4.604928
-4.613555
-4.609567
-4.602261
-4.598786
-4.596036
-4.593721
-4.591890
-4.590279
-4.588860
-4.587613
-4.586480
-4.585462
-4.584538
-4.583694
-4.582920
-4.582204
-4.581542
-4.580929
-4.580364
-4.579846
-4.579376
-4.578951
-4.578572
-4.578236
-4.577941
-4.577685
-4.577467
-4.577285
-4.577137
-4.577022
-4.576939
-4.576887
-4.576862
-4.576865
-4.576894
-4.576947
-4.577023
-4.577121
-4.577240
-4.577377
-4.577533
-4.577705
-4.577892
-4.578093
-4.578307
-4.578532
-4.578766
-4.579010
-4.579260
-4.579517
-4.579778
-4.580043
-4.580310
-4.580578
-4.580847
-4.581115
-4.581381
-4.581644
-4.581904
-4.582159
-4.582410
-4.582654
-4.582893
-4.583125
-4.583349
-4.583566
-4.583775
-4.583975
-4.584167
-4.584350
-4.584523
-4.584688
-4.584843
-4.584989
-4.585125
-4.585252
-4.585370
-4.585479
-4.585578
-4.585669
-4.585751
-4.585824
-4.585890
-4.585946
-4.585996
-4.586037
-4.586072
-4.586099
-4.586120
-4.586135
-4.586143
-4.586147
-4.586145
-4.586138
-4.586127
-4.586112
-4.586093
-4.586072
-4.586047
-4.586021
-4.585992
-4.585963
-4.585932
-4.585900
-4.585868
-4.585837
-4.585806
-4.585775
-4.585746
-4.585719
-4.585693
-4.585669
-4.585648
-4.585629
-4.585613
-4.585600
-4.585589
-4.585582
-4.585579
-4.585579
-4.585582
-4.585589
-4.585600
-4.585614
-4.585632
-4.585654
-4.585680
-4.585710
-4.585744
-4.585781
-4.585823
-4.585868
-4.585917
-4.585970
-4.586027
-4.586087
-4.586151
-4.586219
-4.586291
-4.586366
-4.586444
-4.586526
-4.586611
-4.586700
-4.586792
-4.586887
-4.586985
-4.587086
-4.587190
-4.587297
-4.587407
-4.587520
-4.587635
-4.587753
-4.587873
-4.587996
-4.588121
-4.588248
-4.588378
-4.588510
-4.588643
-4.588779
-4.588917
-4.589057
-4.589199
-4.589342
-4.589487
-4.589634
-4.589782
-4.589933
-4.590084
-4.590237
-4.590392
-4.590548
-4.590705
-4.590864
-4.591024
-4.591186
-4.591349
-4.591513
-4.591678
-4.591844
-4.592012
-4.592181
-4.592351
-4.592523
-4.592695
-4.592869
-4.593043
-4.593219
-4.593397
-4.593575
-4.593754
-4.593935
-4.594117
-4.594300
-4.594485
-4.594670
-4.594857
-4.595045
-4.595234
-4.595425
-4.595617
-4.595810
-4.596005
-4.596201
-4.596399
-4.596598
-4.596798
-4.597000
-4.597204
-4.597408
-4.597615
-4.597823
-4.598033
-4.598244
-4.598458
-4.598673
-4.598889
-4.599108
-4.599328
-4.599550
-4.599774
-4.600000
-4.600228
-4.600458
-4.600690
-4.600924
-4.601161
-4.601399
-4.601639
-4.601882
-4.602127
-4.602374
-4.602624
-4.602876
-4.603130
-4.603387
-4.603646
-4.603908
-4.603908
-4.604172
-4.604439
-4.604708
-4.604980
-4.605255
-4.605532
-4.605812
-4.606094
-4.606379
-4.606668
-4.606958
-4.607252
-4.607549
-4.607848
-4.608150
-4.608455
-4.608764
-4.609075
-4.609389
-4.609706
-4.610026
-4.610349
-4.610675
-4.611004
-4.611336
-4.611671
-4.612010
-4.612351
-4.612696
-4.613044
-4.613395
-4.613750
-4.614107
-4.614468
-4.614832
-4.615200
-4.615571
-4.615945
-4.616322
-4.616703
-4.617088
-4.617476
-4.617867
-4.618262
-4.618661
-4.619063
-4.619469
-4.619878
-4.620292
-4.620709
-4.621131
-4.621556
-4.621985
-4.622419
-4.622857
-4.623299
-4.623746
-4.624197
-4.624653
-4.625114
-4.625580
-4.626051
-4.626528
-4.627010
-4.627498
-4.627993
-4.628493
-4.629000
-4.629515
-4.630036
-4.630566
-4.631104
-4.631651
-4.632207
-4.632773
-4.633349
-4.633938
-4.634539
-4.635153
-4.635783
-4.636429
-4.637093
-4.637777
-4.638484
-4.639216
-4.639978
-4.640772
-4.641606
-4.642485
-4.643420
-4.644421
-4.645507
-4.646700
-4.648035
-4.649569
-4.651393
-4.653679
-4.656782
-4.661583
-4.670496
-4.676712
-4.665480
-4.676231
-4.671827
-4.680627
-4.667262
-4.678739
-4.674550
-4.682956
-4.668853
-4.680439
-4.677097
-4.684660
-4.671616
-4.683301
-4.677032
-4.687143
-4.671925
-4.683662
-4.682004
-4.687067
-4.678901
-4.689158
-4.676655
-4.688265
-4.681283
-4.691358
-4.677841
-4.689360
-4.684314
-4.692707
-4.680968
-4.692076
-4.684498
-4.694353
-4.683034
-4.693992
-4.686155
-4.695893
-4.685395
-4.695953
-4.687722
-4.697414
-4.687749
-4.697865
-4.689367
-4.698948
-4.690007
-4.699648
-4.691202
-4.700532
-4.692124
-4.701321
-4.693160
-4.702133
-4.694156
-4.702927
-4.695161
-4.703713
-4.696164
-4.704490
-4.697165
-4.705255
-4.698167
-4.706009
-4.699169
-4.706752
-4.700171
-4.707483
-4.701174
-4.708201
-4.702177
-4.708906
-4.703182
-4.709598
-4.704188
-4.710275
-4.705196
-4.710938
-4.706204
-4.711586
-4.707212
-4.712219
-4.708220
-4.712837
-4.709225
-4.713441
-4.710227
-4.714030
-4.711221
-4.714608
-4.712205
-4.715177
-4.713175
-4.715739
-4.714126
-4.716301
-4.715054
-4.716866
-4.715953
-4.717439
-4.716822
-4.718024
-4.717659
-4.718624
-4.718464
-4.719240
-4.719239
-4.719871
-4.719988
-4.720515
-4.720714
-4.721168
-4.721422
-4.721828
-4.722116
-4.722490
-4.722800
-4.723154
-4.723474
-4.723817
-4.724142
-4.724478
-4.724805
-4.725137
-4.725463
-4.725792
-4.726117
-4.726443
-4.726768
-4.727092
-4.727414
-4.727736
-4.728058
-4.728378
-4.728697
-4.729016
-4.729334
-4.729651
-4.729967
-4.730283
-4.730597
-4.730911
-4.731224
-4.731537
-4.731848
-4.732159
-4.732469
-4.732778
-4.733087
-4.733395
-4.733702
-4.734008
-4.734314
-4.734619
-4.734923
-4.735227
-4.735529
-4.735831
-4.736133
-4.736434
-4.736734
-4.737033
-4.737332
-4.737630
-4.737927
-4.738224
-4.738520
-4.738815
-4.739110
-4.739404
-4.739697
-4.739990
-4.740282
-4.740573
-4.740864
-4.741154
-4.741444
-4.741732
-4.742021
-4.742308
-4.742595
-4.742881
-4.743167
-4.743452
-4.743737
-4.744021
-4.744304
-4.744586
-4.744868
-4.745150
-4.745431
-4.745711
-4.745990
-4.746269
-4.746547
-4.746825
-4.747102
-4.747379
-4.747655
-4.747930
-4.748205
-4.748479
-4.748752
-4.749025
-4.749297
-4.749569
-4.749840
-4.750110
-4.750380
-4.750649
-4.750918
-4.751186
-4.751453
-4.751720
-4.751986
-4.752252
-4.752517
-4.752781
-4.753045
-4.753308
-4.753570
-4.753832
-4.754094
-4.754354
-4.754614
-4.754874
-4.755132
-4.755391
-4.755648
-4.755905
-4.756161
-4.756417
-4.756672
-4.756926
-4.757180
-4.757433
-4.757686
-4.757937
-4.758189
-4.758439
-4.758689
-4.758938
-4.759187
-4.759435
-4.759682
-4.759929
-4.760174
-4.760420
-4.760664
-4.760908
-4.761152
-4.761394
-4.761636
-4.761877
-4.762118
-4.762358
-4.762597
-4.762835
-4.763073
-4.763310
-4.763547
-4.763782
-4.764017
-4.764251
-4.764485
-4.764718
-4.764950
-4.765181
-4.765412
-4.765642
-4.765871
-4.766100
-4.766328
-4.766555
-4.766781
-4.767007
-4.767231
-4.767455
-4.767679
-4.767901
-4.768123
-4.768344
-4.768564
-4.768784
-4.769003
-4.769221
-4.769438
-4.769654
-4.769870
-4.770085
-4.770299
-4.770512
-4.770725
-4.770936
-4.771147
-4.771357
-4.771567
-4.771775
-4.771983
-4.772190
-4.772396
-4.772601
-4.772805
-4.773009
-4.773212
-4.773414
-4.773615
-4.773815
-4.774015
-4.774213
-4.774411
-4.774608
-4.774804
-4.774999
-4.775194
-4.775387
-4.775580
-4.775771
-4.775962
-4.776152
-4.776342
-4.776530
-4.776717
-4.776904
-4.777090
-4.777275
-4.777459
-4.777642
-4.777824
-4.778005
-4.778185
-4.778365
-4.778543
-4.778721
-4.778898
-4.779073
-4.779248
-4.779422
-4.779595
-4.779768
-4.779939
-4.780109
-4.780278
-4.780447
-4.780614
-4.780780
-4.780946
-4.781110
-4.781274
-4.781437
-4.781598
-4.781759
-4.781918
-4.782077
-4.782235
-4.782391
-4.782547
-4.782701
-4.782855
-4.783007
-4.783159
-4.783309
-4.783458
-4.783607
-4.783754
-4.783900
-4.784045
-4.784189
-4.784331
-4.784473
-4.784613
-4.784753
-4.784891
-4.785028
-4.785164
-4.785298
-4.785432
-4.785564
-4.785695
-4.785824
-4.785953
-4.786080
-4.786206
-4.786330
-4.786453
-4.786575
-4.786696
-4.786815
-4.786932
-4.787049
-4.787164
-4.787277
-4.787389
-4.787499
-4.787608
-4.787716
-4.787822
-4.787926
-4.787926
-4.788029
-4.788130
-4.788229
-4.788327
-4.788423
-4.788517
-4.788610
-4.788701
-4.788790
-4.788878
-4.788964
-4.789048
-4.789130
-4.789210
-4.789288
-4.789365
-4.789440
-4.789513
-4.789584
-4.789653
-4.789720
-4.789785
-4.789849
-4.789910
-4.789970
-4.790028
-4.790084
-4.790138
-4.790190
-4.790241
-4.790290
-4.790337
-4.790382
-4.790426
-4.790467
-4.790508
-4.790546
-4.790584
-4.790619
-4.790653
-4.790686
-4.790718
-4.790748
-4.790776
-4.790804
-4.790830
-4.790856
-4.790880
-4.790903
-4.790925
-4.790946
-4.790967
-4.790986
-4.791005
-4.791023
-4.791040
-4.791057
-4.791073
-4.791089
-4.791104
-4.791119
-4.791133
-4.791147
-4.791160
-4.791173
-4.791186
-4.791198
-4.791210
-4.791222
-4.791234
-4.791246
-4.791257
-4.791268
-4.791279
-4.791290
-4.791301
-4.791312
-4.791323
-4.791334
-4.791344
-4.791355
-4.791365
-4.791376
-4.791387
-4.791397
-4.791408
-4.791418
-4.791428
-4.791439
-4.791449
-4.791460
-4.791470
-4.791481
-4.791491
-4.791502
-4.791512
-4.791523
-4.791534
-4.791544
-4.791555
-4.791565
-4.791576
-4.791586
-4.791597
-4.791607
-4.791618
-4.791628
-4.791639
-4.791649
-4.791660
-4.791670
-4.791681
-4.791691
-4.791701
-4.791712
-4.791722
-4.791732
-4.791743
-4.791753
-4.791763
-4.791773
-4.791783
-4.791793
-4.791803
-4.791813
-4.791822
-4.791832
-4.791842
-4.791851
-4.791861
-4.791870
-4.791880
-4.791889
-4.791898
-4.791907
-4.791916
-4.791925
-4.791934
-4.791942
-4.791951
-4.791959
-4.791968
-4.791976
-4.791984
-4.791992
-4.792000
-4.792008
-4.792016
-4.792023
-4.792031
-4.792038
-4.792046
-4.792053
-4.792060
-4.792067
-4.792074
-4.792081
-4.792087
-4.792094
-4.792100
-4.792106
-4.792113
-4.792119
-4.792125
-4.792131
-4.792136
-4.792142
-4.792147
-4.792153
-4.792158
-4.792163
-4.792169
-4.792174
-4.792178
-4.792183
-4.792188
-4.792192
-4.792197
-4.792201
-4.792206
-4.792210
-4.792214
-4.792218
-4.792222
-4.792225
-4.792229
-4.792233
-4.792236
-4.792240
-4.792243
-4.792246
-4.792249
-4.792252
-4.792255
-4.792258
-4.792261
-4.792264
-4.792267
-4.792269
-4.792272
-4.792274
-4.792276
-4.792279
-4.792281
-4.792283
-4.792285
-4.792287
-4.792289
-4.792291
-4.792293
-4.792294
-4.792296
-4.792298
-4.792299
-4.792301
-4.792302
-4.792303
-4.792305
-4.792306
-4.792307
-4.792308
-4.792309
-4.792310
-4.792311
-4.792312
-4.792313
-4.792314
-4.792314
-4.792315
-4.792316
-4.792316
-4.792317
-4.792317
-4.792318
-4.792318
-4.792318
-4.792319
-4.792319
-4.792319
-4.792319
-4.792319
-4.792319
-4.792319
-4.792319
-4.792319
-4.792319
-4.792319
-4.792319
-4.792319
-4.792319
-4.792318
-4.792318
-4.792318
-4.792317
-4.792317
-4.792316
-4.792316
-4.792315
-4.792315
-4.792314
-4.792313
-4.792313
-4.792312
-4.792311
-4.792310
-4.792310
-4.792309
-4.792308
-4.792307
-4.792306
-4.792305
-4.792304
-4.792303
-4.792302
-4.792301
-4.792299
-4.792298
-4.792297
-4.792296
-4.792294
-4.792293
-4.792292
-4.792290
-4.792289
-4.792287
-4.792286
-4.792284
-4.792283
-4.792281
-4.792280
-4.792278
-4.792276
-4.792275
-4.792273
-4.792271
-4.792269
-4.792268
-4.792266
-4.792264
-4.792262
-4.792260
-4.792258
-4.792256
-4.792254
-4.792252
-4.792250
-4.792247
-4.792245
-4.792243
-4.792241
-4.792238
-4.792236
-4.792234
-4.792231
-4.792229
-4.792227
-4.792224
-4.792222
-4.792219
-4.792216
-4.792214
-4.792211
-4.792209
-4.792206
-4.792203
-4.792200
-4.792197
-4.792195
-4.792192
-4.792189
-4.792186
-4.792183
-4.792180
-4.792177
-4.792174
-4.792171
-4.792168
-4.792164
-4.792161
-4.792158
-4.792155
-4.792151
-4.792148
-4.792145
-4.792141
-4.792138
-4.792134
-4.792131
-4.792127
-4.792123
-4.792120
-4.792116
-4.792112
-4.792109
-4.792105
-4.792101
-4.792097
-4.792093
-4.792089
-4.792085
-4.792081
-4.792077
-4.792073
-4.792069
-4.792065
-4.792061
-4.792057
-4.792052
-4.792048
-4.792044
-4.792039
-4.792035
-4.792031
-4.792026
-4.792022
-4.792017
-4.792012
-4.792008
-4.792003
-4.791998
-4.791994
-4.791989
-4.791984
-4.791979
-4.791974
-4.791969
-4.791964
-4.791959
-4.791954
-4.791949
-4.791944
-4.791939
-4.791934
-4.791928
-4.791923
-4.791918
-4.791912
-4.791907
-4.791902
-4.791896
-4.791891
-4.791885
-4.791879
-4.791874
-4.791868
-4.791862
-4.791857
-4.791851
-4.791845
-4.791839
-4.791833
-4.791827
-4.791821
-4.791815
-4.791809
-4.791803
-4.791797
-4.791790
-4.791784
-4.791778
-4.791771
-4.791765
-4.791759
-4.791752
-4.791746
-4.791739
-4.791732
-4.791726
-4.791719
-4.791712
-4.791706
-4.791699
-4.791692
-4.791685
-4.791678
-4.791671
-4.791664
-4.791657
-4.791650
-4.791643
-4.791636
-4.791628
-4.791621
-4.791614
-4.791607
-4.791599
-4.791592
-4.791584
-4.791577
-4.791569
-4.791562
-4.791554
-4.791546
-4.791538
-4.791531
-4.791523
-4.791515
-4.791507
-4.791499
-4.791491
-4.791483
-4.791475
-4.791467
-4.791459
-4.791450
-4.791442
-4.791434
-4.791426
-4.791417
-4.791409
-4.791400
-4.791392
-4.791383
-4.791375
-4.791366
-4.791357
-4.791349
-4.791340
-4.791331
-4.791322
-4.791313
-4.791304
-4.791295
-4.791286
-4.791277
-4.791268
-4.791259
-4.791250
-4.791240
-4.791231
-4.791222
-4.791212
-4.791203
-4.791193
-4.791184
-4.791174
-4.791165
-4.791155
-4.791145
-4.791145
-4.791136
-4.791126
-4.791116
-4.791106
-4.791096
-4.791086
-4.791076
-4.791066
-4.791056
-4.791046
-4.791036
-4.791026
-4.791016
-4.791005
-4.790995
-4.790985
-4.790974
-4.790964
-4.790953
-4.790943
-4.790932
-4.790921
-4.790911
-4.790900
-4.790889
-4.790878
-4.790868
-4.790857
-4.790846
-4.790835
-4.790824
-4.790813
-4.790802
-4.790790
-4.790779
-4.790768
-4.790757
-4.790746
-4.790734
-4.790723
-4.790711
-4.790700
-4.790688
-4.790677
-4.790665
-4.790654
-4.790642
-4.790630
-4.790618
-4.790607
-4.790595
-4.790583
-4.790571
-4.790559
-4.790547
-4.790535
-4.790523
-4.790511
-4.790498
-4.790486
-4.790474
-4.790462
-4.790449
-4.790437
-4.790424
-4.790412
-4.790400
-4.790387
-4.790374
-4.790362
-4.790349
-4.790336
-4.790324
-4.790311
-4.790298
-4.790285
-4.790272
-4.790259
-4.790247
-4.790234
-4.790220
-4.790207
-4.790194
-4.790181
-4.790168
-4.790155
-4.790141
-4.790128
-4.790115
-4.790101
-4.790088
-4.790074
-4.790061
-4.790047
-4.790034
-4.790020
-4.790007
-4.789993
-4.789979
-4.789965
-4.789952
-4.789938
-4.789924
-4.789910
-4.789896
-4.789882
-4.789868
-4.789854
-4.789840
-4.789826
-4.789812
-4.789798
-4.789783
-4.789769
-4.789755
-4.789741
-4.789726
-4.789712
-4.789697
-4.789683
-4.789669
-4.789654
-4.789639
-4.789625
-4.789610
-4.789596
-4.789581
-4.789566
-4.789551
-4.789537
-4.789522
-4.789507
-4.789492
-4.789477
-4.789462
-4.789447
-4.789432
-4.789417
-4.789402
-4.789387
-4.789372
-4.789357
-4.789342
-4.789327
-4.789311
-4.789296
-4.789281
-4.789265
-4.789250
-4.789235
-4.789219
-4.789204
-4.789188
-4.789173
-4.789157
-4.789142
-4.789126
-4.789110
-4.789095
-4.789079
-4.789063
-4.789048
-4.789032
-4.789016
-4.789000
-4.788985
-4.788969
-4.788953
-4.788937
-4.788921
-4.788905
-4.788889
-4.788873
-4.788857
-4.788841
-4.788825
-4.788809
-4.788793
-4.788777
-4.788760
-4.788744
-4.788728
-4.788712
-4.788695
-4.788679
-4.788663
-4.788646
-4.788630
-4.788614
-4.788597
-4.788581
-4.788564
-4.788548
-4.788531
-4.788515
-4.788498
-4.788482
-4.788465
-4.788449
-4.788432
-4.788415
-4.788399
-4.788382
-4.788365
-4.788349
-4.788332
-4.788315
-4.788298
-4.788282
-4.788265
-4.788248
-4.788231
-4.788214
-4.788197
-4.788180
-4.788164
-4.788147
-4.788130
-4.788113
-4.788096
-4.788079
-4.788062
-4.788045
-4.788028
-4.788011
-4.787994
-4.787976
-4.787959
-4.787942
-4.787925
-4.787908
-4.787891
-4.787874
-4.787856
-4.787839
-4.787822
-4.787805
-4.787788
-4.787770
-4.787753
-4.787736
-4.787718
-4.787701
-4.787684
-4.787666
-4.787649
-4.787632
-4.787614
-4.787597
-4.787580
-4.787562
-4.787545
-4.787527
-4.787510
-4.787493
-4.787475
-4.787458
-4.787440
-4.787423
-4.787405
-4.787388
-4.787370
-4.787353
-4.787335
-4.787318
-4.787300
-4.787283
-4.787265
-4.787248
-4.787230
-4.787213
-4.787195
-4.787177
-4.787160
-4.787142
-4.787125
-4.787107
-4.787089
-4.787072
-4.787054
-4.787037
-4.787019
-4.787001
-4.786984
-4.786966
-4.786949
-4.786931
-4.786913
-4.786896
-4.786878
-4.786860
-4.786843
-4.786825
-4.786807
-4.786790
-4.786772
-4.786754
-4.786737
-4.786719
-4.786701
-4.786684
-4.786666
-4.786648
-4.786631
-4.786613
-4.786595
-4.786578
-4.786560
-4.786542
-4.786525
-4.786507
-4.786489
-4.786472
-4.786454
-4.786436
-4.786419
-4.786401
-4.786383
-4.786366
-4.786348
-4.786330
-4.786313
-4.786295
-4.786278
-4.786260
-4.786242
-4.786225
-4.786207
-4.786189
-4.786172
-4.786154
-4.786137
-4.786119
-4.786101
-4.786084
-4.786066
-4.786049
-4.786031
-4.786014
-4.785996
-4.785978
-4.785961
-4.785943
-4.785926
-4.785908
-4.785891
-4.785873
-4.785856
-4.785838
-4.785821
-4.785803
-4.785786
-4.785769
-4.785751
-4.785734
-4.785716
-4.785699
-4.785681
-4.785664
-4.785647
-4.785629
-4.785612
-4.785595
-4.785577
-4.785560
-4.785543
-4.785525
-4.785508
-4.785491
-4.785473
-4.785456
-4.785439
-4.785422
-4.785404
-4.785387
-4.785370
-4.785353
-4.785336
-4.785318
-4.785301
-4.785284
-4.785267
-4.785250
-4.785233
-4.785216
-4.785199
-4.785182
-4.785165
-4.785148
-4.785131
-4.785114
-4.785097
-4.785080
-4.785063
-4.785046
-4.785029
-4.785012
-4.784995
-4.784978
-4.784962
-4.784945
-4.784928
-4.784911
-4.784894
-4.784878
-4.784861
-4.784844
-4.784827
-4.784811
-4.784794
-4.784777
-4.784761
-4.784744
-4.784728
-4.784711
-4.784695
-4.784678
-4.784662
-4.784645
-4.784629
-4.784612
-4.784596
-4.784579
-4.784563
-4.784547
-4.784530
-4.784514
-4.784498
-4.784481
-4.784465
-4.784449
-4.784433
-4.784417
-4.784400
-4.784384
-4.784368
-4.784352
-4.784336
-4.784320
-4.784304
-4.784288
-4.784272
-4.784256
-4.784240
-4.784224
-4.784208
-4.784193
-4.784177
-4.784161
-4.784145
-4.784129
-4.784114
-4.784098
-4.784082
-4.784067
-4.784051
-4.784035
-4.784020
-4.784004
-4.783989
-4.783973
-4.783958
-4.783943
-4.783927
-4.783912
-4.783896
-4.783881
-4.783866
-4.783851
-4.783835
-4.783820
-4.783805
-4.783790
-4.783775
-4.783760
-4.783745
-4.783730
-4.783715
-4.783700
-4.783685
-4.783670
-4.783655
-4.783640
-4.783625
-4.783611
-4.783596
-4.783581
-4.783567
-4.783552
-4.783537
-4.783523
-4.783508
-4.783494
-4.783479
-4.783465
-4.783450
-4.783436
-4.783422
-4.783407
-4.783407
-4.783393
-4.783379
-4.783364
-4.783350
-4.783336
-4.783322
-4.783308
-4.783294
-4.783280
-4.783266
-4.783252
-4.783238
-4.783224
-4.783210
-4.783197
-4.783183
-4.783169
-4.783155
-4.783142
-4.783128
-4.783115
-4.783101
-4.783088
-4.783074
-4.783061
-4.783047
-4.783034
-4.783021
-4.783007
-4.782994
-4.782981
-4.782968
-4.782955
-4.782942
-4.782928
-4.782915
-4.782902
-4.782890
-4.782877
-4.782864
-4.782851
-4.782838
-4.782825
-4.782813
-4.782800
-4.782788
-4.782775
-4.782762
-4.782750
-4.782737
-4.782725
-4.782713
-4.782700
-4.782688
-4.782676
-4.782664
-4.782651
-4.782639
-4.782627
-4.782615
-4.782603
-4.782591
-4.782579
-4.782568
-4.782556
-4.782544
-4.782532
-4.782521
-4.782509
-4.782497
-4.782486
-4.782474
-4.782463
-4.782451
-4.782440
-4.782428
-4.782417
-4.782406
-4.782395
-4.782384
-4.782372
-4.782361
-4.782350
-4.782339
-4.782328
-4.782317
-4.782307
-4.782296
-4.782285
-4.782274
-4.782264
-4.782253
-4.782242
-4.782232
-4.782221
-4.782211
-4.782200
-4.782190
-4.782180
-4.782169
-4.782159
-4.782149
-4.782139
-4.782129
-4.782119
-4.782109
-4.782099
-4.782089
-4.782079
-4.782069
-4.782059
-4.782049
-4.782040
-4.782030
-4.782020
-4.782011
-4.782001
-4.781992
-4.781983
-4.781973
-4.781964
-4.781955
-4.781945
-4.781936
-4.781927
-4.781918
-4.781909
-4.781900
-4.781891
-4.781882
-4.781873
-4.781864
-4.781855
-4.781846
-4.781838
-4.781829
-4.781820
-4.781812
-4.781803
-4.781795
-4.781786
-4.781778
-4.781769
-4.781761
-4.781753
-4.781745
-4.781736
-4.781728
-4.781720
-4.781712
-4.781704
-4.781696
-4.781688
-4.781680
-4.781672
-4.781664
-4.781656
-4.781649
-4.781641
-4.781633
-4.781626
-4.781618
-4.781610
-4.781603
-4.781595
-4.781588
-4.781580
-4.781573
-4.781566
-4.781558
-4.781551
-4.781544
-4.781536
-4.781529
-4.781522
-4.781515
-4.781508
-4.781501
-4.781494
-4.781487
-4.781480
-4.781473
-4.781466
-4.781459
-4.781452
-4.781445
-4.781438
-4.781431
-4.781424
-4.781418
-4.781411
-4.781404
-4.781397
-4.781391
-4.781384
-4.781377
-4.781371
-4.781364
-4.781357
-4.781351
-4.781344
-4.781338
-4.781331
-4.781325
-4.781318
-4.781311
-4.781305
-4.781298
-4.781292
-4.781285
-4.781279
-4.781272
-4.781266
-4.781259
-4.781253
-4.781246
-4.781240
-4.781233
-4.781227
-4.781220
-4.781213
-4.781207
-4.781200
-4.781194
-4.781187
-4.781180
-4.781174
-4.781167
-4.781160
-4.781154
-4.781147
-4.781140
-4.781133
-4.781126
-4.781120
-4.781113
-4.781106
-4.781099
-4.781092
-4.781085
-4.781078
-4.781070
-4.781063
-4.781056
-4.781049
-4.781041
-4.781034
-4.781027
-4.781019
-4.781012
-4.781004
-4.780996
-4.780988
-4.780981
-4.780973
-4.780965
-4.780957
-4.780948
-4.780940
-4.780932
-4.780924
-4.780915
-4.780907
-4.780898
-4.780889
-4.780880
-4.780871
-4.780862
-4.780853
-4.780844
-4.780834
-4.780825
-4.780815
-4.780806
-4.780796
-4.780786
-4.780776
-4.780765
-4.780755
-4.780745
-4.780734
-4.780723
-4.780712
-4.780701
-4.780690
-4.780679
-4.780667
-4.780655
-4.780644
-4.780632
-4.780619
-4.780607
-4.780595
-4.780582
-4.780569
-4.780556
-4.780543
-4.780530
-4.780516
-4.780502
-4.780488
-4.780474
-4.780460
-4.780445
-4.780431
-4.780416
-4.780401
-4.780385
-4.780370
-4.780354
-4.780338
-4.780322
-4.780306
-4.780289
-4.780272
-4.780255
-4.780238
-4.780220
-4.780203
-4.780185
-4.780167
-4.780148
-4.780130
-4.780111
-4.780092
-4.780072
-4.780053
-4.780033
-4.780013
-4.779993
-4.779972
-4.779952
-4.779931
-4.779909
-4.779888
-4.779866
-4.779844
-4.779822
-4.779800
-4.779777
-4.779755
-4.779732
-4.779708
-4.779685
-4.779661
-4.779637
-4.779613
-4.779589
-4.779564
-4.779539
-4.779514
-4.779489
-4.779463
-4.779438
-4.779412
-4.779386
-4.779360
-4.779333
-4.779306
-4.779280
-4.779253
-4.779225
-4.779198
-4.779171
-4.779143
-4.779115
-4.779087
-4.779059
-4.779030
-4.779002
-4.778973
-4.778945
-4.778916
-4.778887
-4.778858
-4.778828
-4.778799
-4.778770
-4.778740
-4.778711
-4.778681
-4.778651
-4.778621
-4.778591
-4.778561
-4.778531
-4.778501
-4.778471
-4.778441
-4.778411
-4.778381
-4.778350
-4.778320
-4.778290
-4.778260
-4.778229
-4.778199
-4.778169
-4.778139
-4.778109
-4.778079
-4.778049
-4.778019
-4.777989
-4.777959
-4.777929
-4.777900
-4.777870
-4.777840
-4.777811
-4.777782
-4.777753
-4.777723
-4.777695
-4.777666
-4.777637
-4.777608
-4.777580
-4.777552
-4.777524
-4.777496
-4.777468
-4.777440
-4.777413
-4.777386
-4.777359
-4.777332
-4.777305
-4.777279
-4.777253
-4.777227
-4.777201
-4.777175
-4.777150
-4.777125
-4.777100
-4.777076
-4.777051
-4.777027
-4.777003
-4.776980
-4.776956
-4.776933
-4.776910
-4.776888
-4.776865
-4.776843
-4.776822
-4.776800
-4.776779
-4.776758
-4.776738
-4.776717
-4.776697
-4.776678
-4.776658
-4.776639
-4.776621
-4.776602
-4.776584
-4.776566
-4.776549
-4.776532
-4.776515
-4.776498
-4.776482
-4.776466
-4.776451
-4.776436
-4.776421
-4.776406
-4.776392
-4.776378
-4.776365
-4.776352
-4.776339
-4.776326
-4.776314
-4.776303
-4.776291
-4.776280
-4.776270
-4.776260
-4.776250
-4.776240
-4.776231
-4.776222
-4.776214
-4.776206
-4.776198
-4.776191
-4.776184
-4.776178
-4.776171
-4.776166
-4.776160
-4.776156
-4.776151
-4.776147
-4.776147
-4.776143
-4.776140
-4.776137
-4.776134
-4.776132
-4.776131
-4.776129
-4.776129
-4.776128
-4.776128
-4.776129
-4.776130
-4.776131
-4.776133
-4.776135
-4.776138
-4.776141
-4.776144
-4.776148
-4.776153
-4.776158
-4.776163
-4.776169
-4.776176
-4.776183
-4.776191
-4.776199
-4.776207
-4.776216
-4.776226
-4.776236
-4.776247
-4.776259
-4.776271
-4.776283
-4.776297
-4.776311
-4.776325
-4.776341
-4.776357
-4.776374
-4.776391
-4.776410
-4.776429
-4.776449
-4.776470
-4.776492
-4.776515
-4.776539
-4.776564
-4.776590
-4.776617
-4.776645
-4.776675
-4.776706
-4.776738
-4.776772
-4.776808
-4.776845
-4.776884
-4.776926
-4.776969
-4.777014
-4.777062
-4.777112
-4.777165
-4.777220
-4.777279
-4.777341
-4.777407
-4.777477
-4.777550
-4.777629
-4.777711
-4.777799
-4.777892
-4.777990
-4.778094
-4.778203
-4.778317
-4.778436
-4.778558
-4.778682
-4.778804
-4.778920
-4.779025
-4.779111
-4.779172
-4.779200
-4.779193
-4.779153
-4.779089
-4.779011
-4.778930
-4.778853
-4.778786
-4.778728
-4.778679
-4.778637
-4.778601
-4.778568
-4.778538
-4.778510
-4.778482
-4.778454
-4.778425
-4.778395
-4.778361
-4.778324
-4.778282
-4.778234
-4.778177
-4.778111
-4.778033
-4.777940
-4.777831
-4.777703
-4.777553
-4.777378
-4.777176
-4.776945
-4.776683
-4.776390
-4.776065
-4.775710
-4.775325
-4.774915
-4.774481
-4.774029
-4.773561
-4.773081
-4.772593
-4.772101
-4.771608
-4.771116
-4.770630
-4.770150
-4.769679
-4.769218
-4.768769
-4.768334
-4.767912
-4.767505
-4.767114
-4.766738
-4.766379
-4.766036
-4.765710
-4.765400
-4.765106
-4.764829
-4.764567
-4.764321
-4.764090
-4.763874
-4.763673
-4.763485
-4.763311
-4.763149
-4.763000
-4.762863
-4.762736
-4.762621
-4.762515
-4.762419
-4.762332
-4.762253
-4.762182
-4.762119
-4.762062
-4.762011
-4.761967
-4.761928
-4.761894
-4.761864
-4.761838
-4.761817
-4.761799
-4.761783
-4.761771
-4.761761
-4.761753
-4.761748
-4.761743
-4.761741
-4.761739
-4.761739
-4.761739
-4.761740
-4.761741
-4.761743
-4.761745
-4.761747
-4.761750
-4.761752
-4.761753
-4.761755
-4.761756
-4.761757
-4.761757
-4.761756
-4.761755
-4.761754
-4.761752
-4.761749
-4.761745
-4.761741
-4.761735
-4.761729
-4.761723
-4.761715
-4.761707
-4.761698
-4.761689
-4.761678
-4.761667
-4.761655
-4.761643
-4.761629
-4.761615
-4.761601
-4.761586
-4.761570
-4.761553
-4.761536
-4.761519
-4.761501
-4.761482
-4.761463
-4.761443
-4.761423
-4.761403
-4.761382
-4.761361
-4.761339
-4.761318
-4.761295
-4.761273
-4.761250
-4.761227
-4.761204
-4.761180
-4.761156
-4.761132
-4.761108
-4.761084
-4.761059
-4.761035
-4.761010
-4.760985
-4.760960
-4.760935
-4.760909
-4.760884
-4.760859
-4.760833
-4.760807
-4.760782
-4.760756
-4.760730
-4.760704
-4.760678
-4.760652
-4.760626
-4.760600
-4.760574
-4.760547
-4.760521
-4.760495
-4.760468
-4.760442
-4.760415
-4.760388
-4.760362
-4.760335
-4.760308
-4.760281
-4.760254
-4.760227
-4.760200
-4.760172
-4.760145
-4.760117
-4.760090
-4.760062
-4.760034
-4.760006
-4.759978
-4.759950
-4.759921
-4.759893
-4.759864
-4.759835
-4.759806
-4.759777
-4.759748
-4.759718
-4.759689
-4.759659
-4.759629
-4.759599
-4.759569
-4.759538
-4.759507
-4.759476
-4.759445
-4.759414
-4.759382
-4.759351
-4.759319
-4.759287
-4.759254
-4.759222
-4.759189
-4.759156
-4.759123
-4.759089
-4.759055
-4.759021
-4.758987
-4.758953
-4.758918
-4.758884
-4.758849
-4.758813
-4.758778
-4.758742
-4.758706
-4.758670
-4.758633
-4.758597
-4.758560
-4.758523
-4.758486
-4.758448
-4.758410
-4.758372
-4.758334
-4.758296
-4.758257
-4.758218
-4.758179
-4.758140
-4.758100
-4.758060
-4.758020
-4.757980
-4.757940
-4.757899
-4.757859
-4.757818
-4.757777
-4.757735
-4.757694
-4.757652
-4.757610
-4.757568
-4.757526
-4.757483
-4.757440
-4.757398
-4.757354
-4.757311
-4.757268
-4.757224
-4.757181
-4.757137
-4.757093
-4.757049
-4.757004
-4.756960
-4.756915
-4.756870
-4.756825
-4.756780
-4.756735
-4.756689
-4.756644
-4.756598
-4.756552
-4.756506
-4.756460
-4.756414
-4.756368
-4.756321
-4.756275
-4.756228
-4.756181
-4.756134
-4.756087
-4.756040
-4.755993
-4.755946
-4.755898
-4.755851
-4.755803
-4.755755
-4.755707
-4.755659
-4.755611
-4.755563
-4.755515
-4.755467
-4.755418
-4.755370
-4.755321
-4.755273
-4.755224
-4.755175
-4.755126
-4.755077
-4.755028
-4.754979
-4.754930
-4.754881
-4.754832
-4.754782
-4.754733
-4.754684
-4.754634
-4.754585
-4.754535
-4.754485
-4.754436
-4.754386
-4.754336
-4.754286
-4.754236
-4.754186
-4.754137
-4.754087
-4.754036
-4.753986
-4.753936
-4.753886
-4.753836
-4.753786
-4.753736
-4.753685
-4.753635
-4.753585
-4.753534
-4.753484
-4.753434
-4.753383
-4.753333
-4.753282
-4.753232
-4.753181
-4.753131
-4.753080
-4.753030
-4.752979
-4.752929
-4.752878
-4.752827
-4.752777
-4.752726
-4.752676
-4.752625
-4.752575
-4.752524
-4.752473
-4.752423
-4.752372
-4.752321
-4.752271
-4.752220
-4.752170
-4.752119
-4.752068
-4.752018
-4.751967
-4.751917
-4.751866
-4.751815
-4.751765
-4.751714
-4.751664
-4.751613
-4.751563
-4.751512
-4.751462
-4.751411
-4.751361
-4.751310
-4.751260
-4.751210
-4.751159
-4.751109
-4.751058
-4.751008
-4.750958
-4.750907
-4.750857
-4.750807
-4.750757
-4.750706
-4.750656
-4.750656
-4.750606
-4.750556
-4.750506
-4.750456
-4.750406
-4.750356
-4.750306
-4.750256
-4.750206
-4.750156
-4.750106
-4.750056
-4.750006
-4.749956
-4.749906
-4.749857
-4.749807
-4.749757
-4.749708
-4.749658
-4.749608
-4.749559
-4.749509
-4.749460
-4.749410
-4.749361
-4.749311
-4.749262
-4.749213
-4.749163
-4.749114
-4.749065
-4.749016
-4.748967
-4.748918
-4.748869
-4.748820
-4.748771
-4.748722
-4.748673
-4.748624
-4.748575
-4.748526
-4.748478
-4.748429
-4.748380
-4.748332
-4.748283
-4.748235
-4.748186
-4.748138
-4.748089
-4.748041
-4.747993
-4.747944
-4.747896
-4.747848
-4.747800
-4.747752
-4.747704
-4.747656
-4.747608
-4.747560
-4.747512
-4.747464
-4.747417
-4.747369
-4.747321
-4.747274
-4.747226
-4.747179
-4.747131
-4.747084
-4.747037
-4.746989
-4.746942
-4.746895
-4.746848
-4.746801
-4.746754
-4.746707
-4.746660
-4.746613
-4.746566
-4.746519
-4.746473
-4.746426
-4.746379
-4.746333
-4.746286
-4.746240
-4.746194
-4.746147
-4.746101
-4.746055
-4.746009
-4.745963
-4.745917
-4.745871
-4.745825
-4.745779
-4.745733
-4.745687
-4.745642
-4.745596
-4.745550
-4.745505
-4.745459
-4.745414
-4.745369
-4.745323
-4.745278
-4.745233
-4.745188
-4.745143
-4.745098
-4.745053
-4.745008
-4.744964
-4.744919
-4.744874
-4.744830
-4.744785
-4.744741
-4.744696
-4.744652
-4.744608
-4.744563
-4.744519
-4.744475
-4.744431
-4.744387
-4.744343
-4.744299
-4.744256
-4.744212
-4.744168
-4.744125
-4.744081
-4.744038
-4.743995
-4.743951
-4.743908
-4.743865
-4.743822
-4.743779
-4.743736
-4.743693
-4.743650
-4.743607
-4.743564
-4.743522
-4.743479
-4.743437
-4.743394
-4.743352
-4.743310
-4.743268
-4.743225
-4.743183
-4.743141
-4.743099
-4.743057
-4.743016
-4.742974
-4.742932
-4.742891
-4.742849
-4.742808
-4.742766
-4.742725
-4.742684
-4.742642
-4.742601
-4.742560
-4.742519
-4.742478
-4.742437
-4.742397
-4.742356
-4.742315
-4.742275
-4.742234
-4.742194
-4.742153
-4.742113
-4.742073
-4.742033
-4.741993
-4.741953
-4.741913
-4.741873
-4.741833
-4.741793
-4.741754
-4.741714
-4.741675
-4.741635
-4.741596
-4.741556
-4.741517
-4.741478
-4.741439
-4.741400
-4.741361
-4.741322
-4.741283
-4.741244
-4.741206
-4.741167
-4.741128
-4.741090
-4.741051
-4.741013
-4.740975
-4.740937
-4.740898
-4.740860
-4.740822
-4.740784
-4.740746
-4.740709
-4.740671
-4.740633
-4.740596
-4.740558
-4.740520
-4.740483
-4.740446
-4.740408
-4.740371
-4.740334
-4.740297
-4.740260
-4.740223
-4.740186
-4.740149
-4.740112
-4.740076
-4.740039
-4.740003
-4.739966
-4.739930
-4.739893
-4.739857
-4.739821
-4.739784
-4.739748
-4.739712
-4.739676
-4.739640
-4.739604
-4.739569
-4.739533
-4.739497
-4.739461
-4.739426
-4.739390
-4.739355
-4.739319
-4.739284
-4.739249
-4.739214
-4.739178
-4.739143
-4.739108
-4.739073
-4.739038
-4.739003
-4.738969
-4.738934
-4.738899
-4.738864
-4.738830
-4.738795
-4.738761
-4.738726
-4.738692
-4.738658
-4.738623
-4.738589
-4.738555
-4.738521
-4.738487
-4.738453
-4.738419
-4.738385
-4.738351
-4.738317
-4.738284
-4.738250
-4.738216
-4.738183
-4.738149
-4.738116
-4.738082
-4.738049
-4.738015
-4.737982
-4.737949
-4.737916
-4.737882
-4.737849
-4.737816
-4.737783
-4.737750
-4.737717
-4.737684
-4.737652
-4.737619
-4.737586
-4.737553
-4.737521
-4.737488
-4.737455
-4.737423
-4.737390
-4.737358
-4.737325
-4.737293
-4.737261
-4.737228
-4.737196
-4.737164
-4.737131
-4.737099
-4.737067
-4.737035
-4.737003
-4.736971
-4.736939
-4.736907
-4.736875
-4.736843
-4.736811
-4.736780
-4.736748
-4.736716
-4.736684
-4.736653
-4.736621
-4.736589
-4.736558
-4.736526
-4.736495
-4.736463
-4.736432
-4.736400
-4.736369
-4.736337
-4.736306
-4.736274
-4.736243
-4.736212
-4.736181
-4.736149
-4.736118
-4.736087
-4.736056
-4.736024
-4.735993
-4.735962
-4.735931
-4.735900
-4.735869
-4.735838
-4.735807
-4.735776
-4.735745
-4.735714
-4.735683
-4.735652
-4.735621
-4.735590
-4.735559
-4.735528
-4.735497
-4.735467
-4.735436
-4.735405
-4.735374
-4.735343
-4.735312
-4.735282
-4.735251
-4.735220
-4.735189
-4.735158
-4.735128
-4.735097
-4.735066
-4.735036
-4.735005
-4.734974
-4.734943
-4.734913
-4.734882
-4.734851
-4.734820
-4.734790
-4.734759
-4.734728
-4.734698
-4.734667
-4.734636
-4.734606
-4.734575
-4.734544
-4.734513
-4.734483
-4.734452
-4.734421
-4.734390
-4.734360
-4.734329
-4.734298
-4.734267
-4.734237
-4.734206
-4.734175
-4.734144
-4.734113
-4.734083
-4.734052
-4.734021
-4.733990
-4.733959
-4.733928
-4.733897
-4.733866
-4.733835
-4.733804
-4.733773
-4.733742
-4.733711
-4.733680
-4.733649
-4.733618
-4.733587
-4.733556
-4.733525
-4.733494
-4.733462
-4.733431
-4.733400
-4.733369
-4.733337
-4.733306
-4.733274
-4.733243
-4.733212
-4.733180
-4.733149
-4.733117
-4.733086
-4.733054
-4.733022
-4.732991
-4.732959
-4.732927
-4.732895
-4.732864
-4.732832
-4.732800
-4.732768
-4.732736
-4.732704
-4.732672
-4.732640
-4.732608
-4.732575
-4.732543
-4.732511
-4.732479
-4.732446
-4.732414
-4.732381
-4.732349
-4.732316
-4.732284
-4.732251
-4.732218
-4.732185
-4.732153
-4.732120
-4.732087
-4.732054
-4.732021
-4.731987
-4.731954
-4.731921
-4.731888
-4.731854
-4.731821
-4.731787
-4.731754
-4.731720
-4.731686
-4.731652
-4.731652
-4.731619
-4.731585
-4.731551
-4.731517
-4.731482
-4.731448
-4.731414
-4.731379
-4.731345
-4.731310
-4.731276
-4.731241
-4.731206
-4.731171
-4.731137
-4.731101
-4.731066
-4.731031
-4.730996
-4.730960
-4.730925
-4.730889
-4.730854
-4.730818
-4.730782
-4.730746
-4.730710
-4.730674
-4.730638
-4.730601
-4.730565
-4.730528
-4.730492
-4.730455
-4.730418
-4.730381
-4.730344
-4.730307
-4.730269
-4.730232
-4.730194
-4.730157
-4.730119
-4.730081
-4.730043
-4.730005
-4.729967
-4.729928
-4.729890
-4.729851
-4.729812
-4.729773
-4.729734
-4.729695
-4.729656
-4.729617
-4.729577
-4.729537
-4.729497
-4.729457
-4.729417
-4.729377
-4.729337
-4.729296
-4.729255
-4.729214
-4.729173
-4.729132
-4.729091
-4.729049
-4.729008
-4.728966
-4.728924
-4.728882
-4.728839
-4.728797
-4.728754
-4.728711
-4.728668
-4.728625
-4.728582
-4.728538
-4.728495
-4.728451
-4.728407
-4.728362
-4.728318
-4.728273
-4.728228
-4.728183
-4.728138
-4.728093
-4.728047
-4.728001
-4.727955
-4.727909
-4.727862
-4.727816
-4.727769
-4.727722
-4.727674
-4.727627
-4.727579
-4.727531
-4.727483
-4.727434
-4.727386
-4.727337
-4.727288
-4.727238
-4.727188
-4.727139
-4.727088
-4.727038
-4.726987
-4.726937
-4.726885
-4.726834
-4.726782
-4.726730
-4.726678
-4.726626
-4.726573
-4.726520
-4.726467
-4.726413
-4.726359
-4.726305
-4.726250
-4.726196
-4.726141
-4.726085
-4.726030
-4.725974
-4.725917
-4.725861
-4.725804
-4.725747
-4.725689
-4.725631
-4.725573
-4.725515
-4.725456
-4.725397
-4.725337
-4.725277
-4.725217
-4.725157
-4.725096
-4.725034
-4.724973
-4.724911
-4.724849
-4.724786
-4.724723
-4.724659
-4.724596
-4.724531
-4.724467
-4.724402
-4.724336
-4.724271
-4.724205
-4.724138
-4.724071
-4.724004
-4.723936
-4.723868
-4.723799
-4.723730
-4.723661
-4.723591
-4.723520
-4.723450
-4.723378
-4.723307
-4.723235
-4.723162
-4.723089
-4.723016
-4.722942
-4.722868
-4.722793
-4.722718
-4.722642
-4.722566
-4.722489
-4.722412
-4.722334
-4.722256
-4.722177
-4.722098
-4.722019
-4.721939
-4.721858
-4.721777
-4.721695
-4.721613
-4.721531
-4.721448
-4.721364
-4.721280
-4.721195
-4.721110
-4.721024
-4.720938
-4.720851
-4.720764
-4.720676
-4.720588
-4.720499
-4.720410
-4.720320
-4.720229
-4.720138
-4.720047
-4.719955
-4.719862
-4.719769
-4.719675
-4.719581
-4.719486
-4.719391
-4.719295
-4.719199
-4.719102
-4.719005
-4.718907
-4.718808
-4.718709
-4.718610
-4.718509
-4.718409
-4.718308
-4.718206
-4.718104
-4.718001
-4.717898
-4.717795
-4.717690
-4.717586
-4.717480
-4.717375
-4.717269
-4.717162
-4.717055
-4.716947
-4.716839
-4.716731
-4.716621
-4.716512
-4.716402
-4.716292
-4.716181
-4.716070
-4.715958
-4.715846
-4.715733
-4.715620
-4.715507
-4.715393
-4.715279
-4.715165
-4.715050
-4.714935
-4.714819
-4.714703
-4.714587
-4.714470
-4.714354
-4.714236
-4.714119
-4.714001
-4.713883
-4.713765
-4.713646
-4.713527
-4.713408
-4.713289
-4.713169
-4.713049
-4.712929
-4.712809
-4.712689
-4.712568
-4.712448
-4.712327
-4.712206
-4.712085
-4.711964
-4.711842
-4.711721
-4.711599
-4.711478
-4.711356
-4.711234
-4.711113
-4.710991
-4.710869
-4.710747
-4.710625
-4.710504
-4.710382
-4.710260
-4.710138
-4.710017
-4.709895
-4.709774
-4.709652
-4.709531
-4.709410
-4.709288
-4.709167
-4.709047
-4.708926
-4.708805
-4.708685
-4.708565
-4.708445
-4.708325
-4.708205
-4.708086
-4.707967
-4.707848
-4.707729
-4.707610
-4.707492
-4.707374
-4.707257
-4.707139
-4.707022
-4.706905
-4.706789
-4.706672
-4.706556
-4.706441
-4.706326
-4.706211
-4.706096
-4.705982
-4.705868
-4.705754
-4.705641
-4.705528
-4.705416
-4.705304
-4.705192
-4.705081
-4.704970
-4.704860
-4.704750
-4.704640
-4.704531
-4.704423
-4.704314
-4.704206
-4.704099
-4.703992
-4.703885
-4.703779
-4.703674
-4.703569
-4.703464
-4.703360
-4.703256
-4.703153
-4.703050
-4.702948
-4.702846
-4.702745
-4.702644
-4.702544
-4.702444
-4.702344
-4.702246
-4.702147
-4.702050
-4.701952
-4.701855
-4.701759
-4.701663
-4.701568
-4.701474
-4.701379
-4.701286
-4.701193
-4.701100
-4.701008
-4.700917
-4.700826
-4.700735
-4.700645
-4.700556
-4.700467
-4.700379
-4.700291
-4.700204
-4.700117
-4.700031
-4.699946
-4.699861
-4.699776
-4.699692
-4.699609
-4.699526
-4.699444
-4.699362
-4.699281
-4.699201
-4.699121
-4.699041
-4.698963
-4.698884
-4.698806
-4.698729
-4.698653
-4.698577
-4.698501
-4.698426
-4.698352
-4.698278
-4.698205
-4.698132
-4.698060
-4.697988
-4.697917
-4.697847
-4.697777
-4.697708
-4.697639
-4.697571
-4.697503
-4.697436
-4.697370
-4.697304
-4.697238
-4.697173
-4.697109
-4.697045
-4.696982
-4.696920
-4.696858
-4.696796
-4.696735
-4.696675
-4.696615
-4.696555
-4.696497
-4.696438
-4.696381
-4.696323
-4.696267
-4.696211
-4.696155
-4.696100
-4.696046
-4.695992
-4.695938
-4.695885
-4.695833
-4.695781
-4.695730
-4.695679
-4.695629
-4.695579
-4.695530
-4.695481
-4.695432
-4.695385
-4.695337
-4.695291
-4.695244
-4.695199
-4.695153
-4.695109
-4.695064
-4.695020
-4.694977
-4.694934
-4.694892
-4.694850
-4.694808
-4.694767
-4.694727
-4.694687
-4.694647
-4.694608
-4.694569
-4.694531
-4.694493
-4.694456
-4.694419
-4.694382
-4.694346
-4.694311
-4.694275
-4.694240
-4.694206
-4.694172
-4.694172
-4.694139
-4.694105
-4.694073
-4.694040
-4.694009
-4.693977
-4.693946
-4.693915
-4.693885
-4.693855
-4.693825
-4.693796
-4.693767
-4.693739
-4.693711
-4.693683
-4.693656
-4.693629
-4.693602
-4.693576
-4.693550
-4.693525
-4.693499
-4.693474
-4.693450
-4.693426
-4.693402
-4.693378
-4.693355
-4.693333
-4.693310
-4.693288
-4.693266
-4.693244
-4.693223
-4.693202
-4.693182
-4.693161
-4.693141
-4.693122
-4.693102
-4.693083
-4.693065
-4.693046
-4.693028
-4.693010
-4.692993
-4.692975
-4.692958
-4.692941
-4.692925
-4.692909
-4.692893
-4.692877
-4.692862
-4.692847
-4.692832
-4.692818
-4.692803
-4.692789
-4.692776
-4.692762
-4.692749
-4.692735
-4.692724
-4.692709
-4.692701
-4.692683
-4.692682
-4.692652
-4.692672
-4.692608
-4.692688
-4.692523
-4.692779
-4.692308
-4.693099
-4.691713
-4.694033
-4.690408
-4.695631
-4.689336
-4.695172
-4.690913
-4.696988
-4.691403
-4.696469
-4.692518
-4.697858
-4.691593
-4.696385
-4.691782
-4.696798
-4.691164
-4.695888
-4.691137
-4.696001
-4.690729
-4.695459
-4.690763
-4.695621
-4.690742
-4.695510
-4.690766
-4.695506
-4.690618
-4.695285
-4.690517
-4.695179
-4.690407
-4.695031
-4.690309
-4.694905
-4.690177
-4.694731
-4.690026
-4.694547
-4.689853
-4.694343
-4.689678
-4.694147
-4.689509
-4.693962
-4.689353
-4.693797
-4.689214
-4.693653
-4.689096
-4.693533
-4.688997
-4.693435
-4.688916
-4.693357
-4.688850
-4.693294
-4.688793
-4.693243
-4.688745
-4.693201
-4.688701
-4.693165
-4.688661
-4.693133
-4.688623
-4.693105
-4.688587
-4.693079
-4.688550
-4.693054
-4.688514
-4.693029
-4.688476
-4.693005
-4.688438
-4.692979
-4.688399
-4.692954
-4.688359
-4.692928
-4.688319
-4.692902
-4.688279
-4.692878
-4.688241
-4.692854
-4.688203
-4.692833
-4.688168
-4.692814
-4.688136
-4.692798
-4.688106
-4.692785
-4.688080
-4.692776
-4.688057
-4.692770
-4.688038
-4.692768
-4.688023
-4.692770
-4.688011
-4.692776
-4.688003
-4.692785
-4.687998
-4.692798
-4.687996
-4.692813
-4.687996
-4.692831
-4.687999
-4.692851
-4.688004
-4.692874
-4.688011
-4.692897
-4.688018
-4.692921
-4.688027
-4.692947
-4.688036
-4.692972
-4.688045
-4.692997
-4.688053
-4.693021
-4.688061
-4.693045
-4.688068
-4.693067
-4.688073
-4.693087
-4.688077
-4.693106
-4.688079
-4.693123
-4.688080
-4.693138
-4.688079
-4.693151
-4.688075
-4.693162
-4.688070
-4.693170
-4.688062
-4.693176
-4.688052
-4.693180
-4.688041
-4.693181
-4.688027
-4.693181
-4.688012
-4.693178
-4.687994
-4.693174
-4.687976
-4.693168
-4.687956
-4.693160
-4.687934
-4.693151
-4.687912
-4.693141
-4.687888
-4.693130
-4.687864
-4.693118
-4.687840
-4.693105
-4.687815
-4.693092
-4.687790
-4.693079
-4.687764
-4.693066
-4.687740
-4.693053
-4.687715
-4.693040
-4.687691
-4.693028
-4.687668
-4.693017
-4.687645
-4.693006
-4.687623
-4.692996
-4.687602
-4.692987
-4.687583
-4.692979
-4.687564
-4.692972
-4.687547
-4.692967
-4.687531
-4.692962
-4.687516
-4.692959
-4.687503
-4.692958
-4.687492
-4.692958
-4.687481
-4.692959
-4.687473
-4.692962
-4.687465
-4.692966
-4.687460
-4.692972
-4.687455
-4.692979
-4.687452
-4.692988
-4.687451
-4.692998
-4.687451
-4.693010
-4.687453
-4.693023
-4.687456
-4.693037
-4.687460
-4.693053
-4.687466
-4.693071
-4.687473
-4.693088
-4.687481
-4.693109
-4.687490
-4.693128
-4.687502
-4.693154
-4.687513
-4.693172
-4.687529
-4.693206
-4.687538
-4.693214
-4.687564
-4.693273
-4.687562
-4.693242
-4.687615
-4.693378
-4.687576
-4.693202
-4.687723
-4.693594
-4.687583
-4.692868
-4.688142
-4.694063
-4.687844
-4.691479
-4.690122
-4.693964
-4.687456
-4.693547
-4.688160
-4.689611
-4.694572
-4.688999
-4.694113
-4.687950
-4.691298
-4.692261
-4.692819
-4.689619
-4.692856
-4.687083
-4.694925
-4.690850
-4.689294
-4.699761
-4.693743
-4.691412
-4.699850
-4.693665
-4.693349
-4.695194
-4.691791
-4.694300
-4.688379
-4.693864
-4.687210
-4.690772
-4.689843
-4.693498
-4.687539
-4.694254
-4.689990
-4.690096
-4.697994
-4.692174
-4.691838
-4.696789
-4.691384
-4.696377
-4.688961
-4.692625
-4.690953
-4.695402
-4.688548
-4.695049
-4.689719
-4.691118
-4.695935
-4.690072
-4.695474
-4.689907
-4.691660
-4.696813
-4.690654
-4.695650
-4.689944
-4.691053
-4.697568
-4.690551
-4.695666
-4.689169
-4.694388
-4.691671
-4.697176
-4.689824
-4.693724
-4.691973
-4.697045
-4.689236
-4.695640
-4.689517
-4.694854
-4.691702
-4.697394
-4.690881
-4.693178
-4.696056
-4.693318
-4.696562
-4.688951
-4.697444
-4.693447
-4.692318
-4.703776
-4.696907
-4.694343
-4.702714
-4.696380
-4.695978
-4.697423
-4.694117
-4.696501
-4.690364
-4.696072
-4.689949
-4.691360
-4.696086
-4.690777
-4.696434
-4.691568
-4.692385
-4.699846
-4.692813
-4.696302
-4.693284
-4.699136
-4.691516
-4.696226
-4.692046
-4.698193
-4.692993
-4.692813
-4.700537
-4.694012
-4.695037
-4.697099
-4.694851
-4.698006
-4.690870
-4.698774
-4.694400
-4.693069
-4.704697
-4.698110
-4.695623
-4.704057
-4.697727
-4.697208
-4.699199
-4.695610
-4.698688
-4.691970
-4.697984
-4.692171
-4.693050
-4.698695
-4.692250
-4.698256
-4.693432
-4.694520
-4.701534
-4.694229
-4.699171
-4.693328
-4.700339
-4.694396
-4.695883
-4.699026
-4.694592
-4.699295
-4.691810
-4.698170
-4.693553
-4.701039
-4.696598
-4.696598
-4.694769
-4.705539
-4.699043
-4.696388
-4.704742
-4.698410
-4.697294
-4.701480
-4.695932
-4.700341
-4.692807
-4.698437
-4.692712
-4.699331
-4.693881
-4.695388
-4.700344
-4.694971
-4.700729
-4.695903
-4.695720
-4.704270
-4.698806
-4.696713
-4.704056
-4.697787
-4.697954
-4.702153
-4.696377
-4.701572
-4.695423
-4.696464
-4.702733
-4.695442
-4.701222
-4.696056
-4.696519
-4.704055
-4.696949
-4.699186
-4.698738
-4.702231
-4.695997
-4.702740
-4.698216
-4.696372
-4.708617
-4.702588
-4.700578
-4.709629
-4.702424
-4.700291
-4.705422
-4.699283
-4.703554
-4.696683
-4.702465
-4.695451
-4.700683
-4.696128
-4.702577
-4.697744
-4.697390
-4.705535
-4.700035
-4.699349
-4.705743
-4.698593
-4.704325
-4.697122
-4.703557
-4.696924
-4.703600
-4.697267
-4.701440
-4.700078
-4.704747
-4.696354
-4.704157
-4.700183
-4.699046
-4.710604
-4.704031
-4.701585
-4.710299
-4.703507
-4.701871
-4.706265
-4.700193
-4.704942
-4.697473
-4.703314
-4.697449
-4.704202
-4.699246
-4.699137
-4.706631
-4.699955
-4.702418
-4.702700
-4.705403
-4.700335
-4.705842
-4.700434
-4.700300
-4.708573
-4.703469
-4.701282
-4.710011
-4.704541
-4.702168
-4.711324
-4.704961
-4.702426
-4.710707
-4.704471
-4.702787
-4.708536
-4.701040
-4.705876
-4.699232
-4.706026
-4.700062
-4.702529
-4.705374
-4.702371
-4.706662
-4.698105
-4.707863
-4.704321
-4.703755
-4.716356
-4.708663
-4.706520
-4.715282
-4.708133
-4.706951
-4.709436
-4.704654
-4.708826
-4.700795
-4.707211
-4.700245
-4.705781
-4.701376
-4.708173
-4.704046
-4.702676
-4.713443
-4.707732
-4.705419
-4.714876
-4.708114
-4.705619
-4.712712
-4.705774
-4.707325
-4.706184
-4.708244
-4.703256
-4.708643
-4.701709
-4.704930
-4.707144
-4.705975
-4.707873
-4.702807
-4.710736
-4.707566
-4.705602
-4.720649
-4.713589
-4.711538
-4.720713
-4.713711
-4.713324
-4.710102
-4.712455
-4.707225
-4.711752
-4.703160
-4.708318
-4.704309
-4.711486
-4.707639
-4.705456
-4.717035
-4.711345
-4.709692
-4.719563
-4.712326
-4.709775
-4.716840
-4.709836
-4.711869
-4.708662
-4.712577
-4.705030
-4.712151
-4.708064
-4.706851
-4.717446
-4.711735
-4.709351
-4.718861
-4.712414
-4.710169
-4.717170
-4.710237
-4.712417
-4.710472
-4.713844
-4.706694
-4.713503
-4.709145
-4.707636
-4.719632
-4.713762
-4.711953
-4.721376
-4.714381
-4.712234
-4.718482
-4.711494
-4.715559
-4.709635
-4.715574
-4.708804
-4.710445
-4.714518
-4.709649
-4.715162
-4.710134
-4.710554
-4.719212
-4.713835
-4.712171
-4.719985
-4.713964
-4.713148
-4.720053
-4.711601
-4.716308
-4.711435
-4.718969
-4.714213
-4.712075
-4.723444
-4.716690
-4.714651
-4.724324
-4.716998
-4.714491
-4.721889
-4.715034
-4.716963
-4.715489
-4.718070
-4.711875
-4.717991
-4.713294
-4.711849
-4.723550
-4.717939
-4.716221
-4.726792
-4.718712
-4.716328
-4.724635
-4.717970
-4.718276
-4.719913
-4.716435
-4.719887
-4.711495
-4.719982
-4.715359
-4.714446
-4.727191
-4.720048
-4.718281
-4.727526
-4.720315
-4.718535
-4.723773
-4.716857
-4.721814
-4.713955
-4.720254
-4.713240
-4.720198
-4.713586
-4.717571
-4.717375
-4.721670
-4.713771
-4.723722
-4.719416
-4.719577
-4.733024
-4.723993
-4.721521
-4.730180
-4.722779
-4.721459
-4.724940
-4.719264
-4.723983
-4.715730
-4.721842
-4.715890
-4.723588
-4.718978
-4.717135
-4.728560
-4.722201
-4.720482
-4.730191
-4.723264
-4.721033
-4.728062
-4.720722
-4.723501
-4.720061
-4.724913
-4.716365
-4.723408
-4.718283
-4.719309
-4.726589
-4.718198
-4.724464
-4.717910
-4.726665
-4.722339
-4.720701
-4.731111
-4.724393
-4.722161
-4.731895
-4.724694
-4.722074
-4.729756
-4.722993
-4.723517
-4.726590
-4.722196
-4.726957
-4.717967
-4.725131
-4.718411
-4.727100
-4.723112
-4.721704
-4.733482
-4.726680
-4.724991
-4.734869
-4.727042
-4.724565
-4.732289
-4.725269
-4.726579
-4.726668
-4.726299
-4.724625
-4.725342
-4.722219
-4.727900
-4.718214
-4.728877
-4.725592
-4.725924
-4.740004
-4.731990
-4.730240
-4.739962
-4.730657
-4.727845
-4.734537
-4.727554
-4.731090
-4.725407
-4.730854
-4.722868
-4.726082
-4.726510
-4.729329
-4.723531
-4.730607
-4.726912
-4.725332
-4.740258
-4.733861
-4.732057
-4.742381
-4.732633
-4.729614
-4.736168
-4.730039
-4.734069
-4.727034
-4.732609
-4.725323
-4.727862
-4.730373
-4.727806
-4.731661
-4.722725
-4.735129
-4.731352
-4.731907
-4.746588
-4.736272
-4.733559
-4.741558
-4.734832
-4.735422
-4.732769
-4.733646
-4.728909
-4.733926
-4.725659
-4.733084
-4.726609
-4.730310
-4.730980
-4.733166
-4.728875
-4.735083
-4.728744
-4.731190
-4.737378
-4.728091
-4.739083
-4.734878
-4.735229
-4.750532
-4.740842
-4.737325
-4.745395
-4.738732
-4.738683
-4.738224
-4.736252
-4.735742
-4.732116
-4.736107
-4.727667
-4.738967
-4.734840
-4.735519
-4.749037
-4.740060
-4.738164
-4.747201
-4.739814
-4.738486
-4.742560
-4.735805
-4.740520
-4.732121
-4.737608
-4.732796
-4.740024
-4.735377
-4.733707
-4.745044
-4.738715
-4.737174
-4.746990
-4.739448
-4.737032
-4.744792
-4.737602
-4.738030
-4.740057
-4.736473
-4.740694
-4.732102
-4.740931
-4.736768
-4.736089
-4.748438
-4.741083
-4.739805
-4.749300
-4.741585
-4.739447
-4.746316
-4.738813
-4.742589
-4.737900
-4.743731
-4.735486
-4.739127
-4.738459
-4.743213
-4.734275
-4.734275
-4.745354
-4.740602
-4.742320
-4.755112
-4.744785
-4.742766
-4.751623
-4.744340
-4.743216
-4.747575
-4.740587
-4.745771
-4.737894
-4.741899
-4.741066
-4.745398
-4.736204
-4.746550
-4.741372
-4.743117
-4.755839
-4.745997
-4.744145
-4.753189
-4.745893
-4.744464
-4.749628
-4.741928
-4.747265
-4.739313
-4.745381
-4.740411
-4.747947
-4.742518
-4.740872
-4.752647
-4.745415
-4.744322
-4.754184
-4.746434
-4.744204
-4.751994
-4.744674
-4.745664
-4.746922
-4.744734
-4.747301
-4.740449
-4.749235
-4.744132
-4.743887
-4.757626
-4.749253
-4.748618
-4.757957
-4.749338
-4.747103
-4.754022
-4.746523
-4.750438
-4.745110
-4.751059
-4.743264
-4.744935
-4.749569
-4.744025
-4.750699
-4.745875
-4.744832
-4.758521
-4.750862
-4.750460
-4.759703
-4.750520
-4.748062
-4.755987
-4.748820
-4.750398
-4.750099
-4.750621
-4.747419
-4.751374
-4.743024
-4.755095
-4.750483
-4.751404
-4.765560
-4.754862
-4.753281
-4.762028
-4.754510
-4.753652
-4.755863
-4.750835
-4.754947
-4.746251
-4.753132
-4.745891
-4.750623
-4.748658
-4.754402
-4.745296
-4.753591
-4.748949
-4.750189
-4.758112
-4.750039
-4.751031
-4.755492
-4.750062
-4.756572
-4.751095
-4.749474
-4.763174
-4.755767
-4.755620
-4.764887
-4.755365
-4.752712
-4.760724
-4.753799
-4.755048
-4.755815
-4.754030
-4.755239
-4.750114
-4.756190
-4.750452
-4.750220
-4.760669
-4.755118
-4.753348
-4.765770
-4.756807
-4.756436
-4.766077
-4.757488
-4.755027
-4.762746
-4.755451
-4.756751
-4.757481
-4.755956
-4.756870
-4.752393
-4.758340
-4.750478
-4.754119
-4.757239
-4.754644
-4.759539
-4.749735
-4.764325
-4.758677
-4.755855
-4.770485
-4.766281
-4.763136
-4.760807
-4.763022
-4.759778
-4.761745
-4.751379
-4.759062
-4.754291
-4.755037
-4.767780
-4.759670
-4.757503
-4.766216
-4.759008
-4.757874
-4.765702
-4.758213
-4.761638
-4.756961
-4.762375
-4.753358
-4.758423
-4.755148
-4.762644
-4.757792
-4.756497
-4.768143
-4.760974
-4.760061
-4.770042
-4.761426
-4.759241
-4.767958
-4.760888
-4.759501
-4.765710
-4.757701
-4.763518
-4.755809
-4.763303
-4.755721
-4.761873
-4.756933
-4.765277
-4.759962
-4.758726
-4.771328
-4.762698
-4.762231
-4.771286
-4.763245
-4.761254
-4.768537
-4.760826
-4.764595
-4.760381
-4.766345
-4.757777
-4.761777
-4.760954
-4.766350
-4.756156
-4.768024
-4.762449
-4.765383
-4.776963
-4.765713
-4.763668
-4.772687
-4.765868
-4.765119
-4.769718
-4.762061
-4.767704
-4.760805
-4.761556
-4.769166
-4.760180
-4.766168
-4.759061
-4.769204
-4.763591
-4.763394
-4.774960
-4.766069
-4.764714
-4.773952
-4.766379
-4.764351
-4.771580
-4.763842
-4.766607
-4.764886
-4.769514
-4.760676
-4.770442
-4.763491
-4.765374
-4.776444
-4.767259
-4.765246
-4.774836
-4.768070
-4.766511
-4.773651
-4.765424
-4.767529
-4.766838
-4.769969
-4.763310
-4.770530
-4.764913
-4.764184
-4.778269
-4.769909
-4.770596
-4.779426
-4.770509
-4.768311
-4.775312
-4.767596
-4.772274
-4.766064
-4.772988
-4.766419
-4.765284
-4.775767
-4.768790
-4.767176
-4.777333
-4.770028
-4.768406
-4.777273
-4.770202
-4.768732
-4.775470
-4.767221
-4.772562
-4.765789
-4.774164
-4.768086
-4.767206
-4.778600
-4.770746
-4.769581
-4.779133
-4.771771
-4.769875
-4.777564
-4.770043
-4.771185
-4.773148
-4.770213
-4.774275
-4.764815
-4.776705
-4.770296
-4.773496
-4.783667
-4.773331
-4.770827
-4.780172
-4.773922
-4.773154
-4.778792
-4.770049
-4.775836
-4.768047
-4.773776
-4.770278
-4.776711
-4.770060
-4.769446
-4.779214
-4.773330
-4.771515
-4.782110
-4.774266
-4.772955
-4.782667
-4.774664
-4.772478
-4.780976
-4.774101
-4.773025
-4.779760
-4.771535
-4.777585
-4.769886
-4.777834
-4.771561
-4.772192
-4.779737
-4.770772
-4.777131
-4.770019
-4.781342
-4.773966
-4.775590
-4.785145
-4.776393
-4.773922
-4.782962
-4.776412
-4.775034
-4.782356
-4.774295
-4.775577
-4.778085
-4.775191
-4.779919
-4.769523
-4.781521
-4.774480
-4.778469
-4.787734
-4.778138
-4.775458
-4.784334
-4.777997
-4.777453
-4.783551
-4.774307
-4.780485
-4.772673
-4.779832
-4.773880
-4.783994
-4.776149
-4.777729
-4.787887
-4.779250
-4.777018
-4.786246
-4.779438
-4.777704
-4.785413
-4.777809
-4.776767
-4.783635
-4.775443
-4.782087
-4.773879
-4.781684
-4.774104
-4.783235
-4.777626
-4.777171
-4.788679
-4.780138
-4.779220
-4.788510
-4.780698
-4.778654
-4.786769
-4.779629
-4.778952
-4.785144
-4.776908
-4.783590
-4.777329
-4.777452
-4.786384
-4.779959
-4.778130
-4.787104
-4.780757
-4.779100
-4.788514
-4.781336
-4.779408
-4.788790
-4.781651
-4.779720
-4.788514
-4.781626
-4.779896
-4.787853
-4.780796
-4.780589
-4.786773
-4.778635
-4.786446
-4.780063
-4.779757
-4.791561
-4.782941
-4.782176
-4.791252
-4.783798
-4.782033
-4.789557
-4.781744
-4.783859
-4.783637
-4.785594
-4.780309
-4.785864
-4.779165
-4.780035
-4.788706
-4.781884
-4.781701
-4.789778
-4.780860
-4.787522
-4.780581
-4.793377
-4.788197
-4.788276
-4.801109
-4.788866
-4.787898
-4.795906
-4.788519
-4.789172
-4.788373
-4.788445
-4.785090
-4.788570
-4.780098
-4.792773
-4.786590
-4.787942
-4.799998
-4.789832
-4.787710
-4.792735
-4.789204
-4.794612
-4.784166
-4.786395
-4.784388
-4.790083
-4.780334
-4.792271
-4.784164
-4.788824
-4.797046
-4.786848
-4.788873
-4.788433
-4.788433
-4.794669
-4.784639
-4.795318
-4.789178
-4.790261
-4.802677
-4.790663
-4.789921
-4.798119
-4.791075
-4.793597
-4.789333
-4.794295
-4.785013
-4.791989
-4.784370
-4.789919
-4.786410
-4.793137
-4.787278
-4.786458
-4.798358
-4.790110
-4.790666
-4.799448
-4.791504
-4.789544
-4.797298
-4.789890
-4.789837
-4.795625
-4.787441
-4.796517
-4.788435
-4.790379
-4.800287
-4.792081
-4.789587
-4.798593
-4.792126
-4.790774
-4.798845
-4.791487
-4.790023
-4.797372
-4.789392
-4.793289
-4.790223
-4.796425
-4.787365
-4.791539
-4.790920
-4.797243
-4.786168
-4.799037
-4.795708
-4.796939
-4.811215
-4.801303
-4.798866
-4.807174
-4.799728
-4.798301
-4.799584
-4.795033
-4.798924
-4.789728
-4.796890
-4.790852
-4.790644
-4.800602
-4.794044
-4.792606
-4.802882
-4.795446
-4.794152
-4.803036
-4.795712
-4.793721
-4.801271
-4.793871
-4.793959
-4.798872
-4.792007
-4.800507
-4.793138
-4.794403
-4.804827
-4.796610
-4.794569
-4.803605
-4.796786
-4.795246
-4.803078
-4.795669
-4.794816
-4.801379
-4.793264
-4.800014
-4.793228
-4.794224
-4.801697
-4.792811
-4.799731
-4.792120
-4.799369
-4.794020
-4.804793
-4.794677
-4.798161
-4.806249
-4.796255
-4.801636
-4.793821
-4.802710
-4.796192
-4.796477
-4.803638
-4.794519
-4.800212
-4.794419
-4.806886
-4.797115
-4.800765
-4.808467
-4.798115
-4.801811
-4.796969
-4.806598
-4.797819
-4.797570
-4.807388
-4.798924
-4.797728
-4.807331
-4.800392
-4.798567
-4.806855
-4.799622
-4.798097
-4.806225
-4.799318
-4.798502
-4.805450
-4.796564
-4.803164
-4.795026
-4.804043
-4.798238
-4.798150
-4.808056
-4.800774
-4.799244
-4.809046
-4.801249
-4.799833
-4.808889
-4.801589
-4.799757
-4.808084
-4.801168
-4.799710
-4.807204
-4.799560
-4.800631
-4.804475
-4.799364
-4.806087
-4.799681
-4.798996
-4.812247
-4.801039
-4.803782
-4.811306
-4.802665
-4.808235
-4.800612
-4.801632
-4.809264
-4.799802
-4.806119
-4.797827
-4.806521
-4.798865
-4.804895
-4.800630
-4.809311
-4.801696
-4.802400
-4.813152
-4.803915
-4.802996
-4.811788
-4.804510
-4.802907
-4.811168
-4.804040
-4.802548
-4.810513
-4.803543
-4.802617
-4.810124
-4.801813
-4.805288
-4.803300
-4.809552
-4.798891
-4.808088
-4.801421
-4.803371
-4.813295
-4.805780
-4.803919
-4.813931
-4.805936
-4.805004
-4.814203
-4.806401
-4.804505
-4.813316
-4.806238
-4.804392
-4.812885
-4.805846
-4.804165
-4.812803
-4.806083
-4.804479
-4.812975
-4.806117
-4.804418
-4.812961
-4.806212
-4.804637
-4.813431
-4.806718
-4.805104
-4.814057
-4.807207
-4.805569
-4.814621
-4.807632
-4.805968
-4.814933
-4.807923
-4.806204
-4.814951
-4.808029
-4.806315
-4.814816
-4.808006
-4.806404
-4.814636
-4.807866
-4.806562
-4.814360
-4.807075
-4.807051
-4.813665
-4.804557
-4.815980
-4.804645
-4.810562
-4.817431
-4.808505
-4.815011
-4.806716
-4.808446
-4.819333
-4.810855
-4.808533
-4.816886
-4.810305
-4.809187
-4.817153
-4.809690
-4.808593
-4.815660
-4.807052
-4.814182
-4.805856
-4.814358
-4.807632
-4.808589
-4.816063
-4.806664
-4.814123
-4.807975
-4.809339
-4.817336
-4.808139
-4.811931
-4.809313
-4.816394
-4.809258
-4.808971
-4.817484
-4.810868
-4.809888
-4.819088
-4.812276
-4.811029
-4.821359
-4.812133
-4.812233
-4.820671
-4.812995
-4.811792
-4.819002
-4.810029
-4.817026
-4.808075
-4.820146
-4.807888
-4.813918
-4.819564
-4.813266
-4.818434
-4.811305
-4.811060
-4.824003
-4.811689
-4.814539
-4.820837
-4.813347
-4.822230
-4.809601
-4.813941
-4.821928
-4.812424
-4.820972
-4.809569
-4.814370
-4.823014
-4.812858
-4.819370
-4.811254
-4.813263
-4.823530
-4.815897
-4.813350
-4.821724
-4.814913
-4.813747
-4.822773
-4.815455
-4.813748
-4.822670
-4.815581
-4.814134
-4.823152
-4.815908
-4.814286
-4.823151
-4.816045
-4.814519
-4.823336
-4.816307
-4.814685
-4.823366
-4.816387
-4.814832
-4.823541
-4.816641
-4.815117
-4.823821
-4.816914
-4.815386
-4.824095
-4.817165
-4.815644
-4.824378
-4.817430
-4.815911
-4.824656
-4.817694
-4.816174
-4.824907
-4.817946
-4.816427
-4.825129
-4.818184
-4.816669
-4.825329
-4.818409
-4.816906
-4.825520
-4.818626
-4.817144
-4.825713
-4.818843
-4.817390
-4.825912
-4.819060
-4.817644
-4.826110
-4.819269
-4.817902
-4.826285
-4.819444
-4.818161
-4.826384
-4.819485
-4.818422
-4.826272
-4.818775
-4.818885
-4.825741
-4.816330
-4.828568
-4.825003
-4.824765
-4.839109
-4.827734
-4.826203
-4.833724
-4.826602
-4.827359
-4.823723
-4.827186
-4.817853
-4.828938
-4.817338
-4.822968
-4.830175
-4.820990
-4.827736
-4.819199
-4.821683
-4.831645
-4.823623
-4.820986
-4.828127
-4.820680
-4.823323
-4.823477
-4.825035
-4.819448
-4.825953
-4.820046
-4.820649
-4.833230
-4.819596
-4.825183
-4.826274
-4.831284
-4.821495
-4.832887
-4.826401
-4.826137
-4.839286
-4.832098
-4.832580
-4.825564
-4.832386
-4.824375
-4.826579
-4.823752
-4.827920
-4.818775
-4.831914
-4.826808
-4.822703
-4.836886
-4.837850
-4.831419
-4.831390
-4.828765
-4.833983
-4.822559
-4.829012
-4.818544
-4.822180
-4.830602
-4.822239
-4.830285
-4.822373
-4.824700
-4.833449
-4.824966
-4.827088
-4.825566
-4.831472
-4.821127
-4.833387
-4.828576
-4.823462
-4.837330
-4.840793
-4.833612
-4.833338
-4.830110
-4.834924
-4.824162
-4.830059
-4.822003
-4.823679
-4.832397
-4.824691
-4.824691
-4.826529
-4.825759
-4.830559
-4.822442
-4.835170
-4.830316
-4.831701
-4.842594
-4.832723
-4.833406
-4.828899
-4.836109
-4.827521
-4.831644
-4.825596
-4.834369
-4.824831
-4.827919
-4.835961
-4.826308
-4.833718
-4.825835
-4.828512
-4.837408
-4.828606
-4.831331
-4.827924
-4.834495
-4.826307
-4.827241
-4.833992
-4.825521
-4.838438
-4.834565
-4.829984
-4.845057
-4.842615
-4.838879
-4.834991
-4.837004
-4.832647
-4.836057
-4.824620
-4.829896
-4.824103
-4.838164
-4.835929
-4.835180
-4.849267
-4.837727
-4.837171
-4.843954
-4.837414
-4.840435
-4.832125
-4.837429
-4.829278
-4.828974
-4.837199
-4.830406
-4.831210
-4.836576
-4.829920
-4.841542
-4.828180
-4.836339
-4.837302
-4.839722
-4.830250
-4.840428
-4.825672
-4.835519
-4.834608
-4.840356
-4.830967
-4.832684
-4.838032
-4.832910
-4.841894
-4.826514
-4.835707
-4.833720
-4.844425
-4.831818
-4.835505
-4.841137
-4.835481
-4.841553
-4.831320
-4.833492
-4.842305
-4.833411
-4.839030
-4.831470
-4.844938
-4.840969
-4.840887
-4.852419
-4.839760
-4.838180
-4.844872
-4.839637
-4.844270
-4.834335
-4.837809
-4.833567
-4.841411
-4.833361
-4.833825
-4.843053
-4.835599
-4.834765
-4.842719
-4.835287
-4.837666
-4.838172
-4.838701
-4.834634
-4.839772
-4.829488
-4.846855
-4.841473
-4.843701
-4.854720
-4.855994
-4.851081
-4.848456
-4.847381
-4.844833
-4.840034
-4.834836
-4.832505
-4.831040
-4.834995
-4.828711
-4.840528
-4.839028
-4.839199
-4.854602
-4.847893
-4.845596
-4.853760
-4.846300
-4.844567
-4.842466
-4.840762
-4.839399
-4.837671
-4.838731
-4.834985
-4.840946
-4.834322
-4.837075
-4.843029
-4.836191
-4.848321
-4.845363
-4.845439
-4.858442
-4.845676
-4.844567
-4.849176
-4.845303
-4.849449
-4.839564
-4.844612
-4.837305
-4.846818
-4.839202
-4.840939
-4.848726
-4.840377
-4.845605
-4.838345
-4.850506
-4.836910
-4.844799
-4.843671
-4.848897
-4.838789
-4.845393
-4.838426
-4.846978
-4.838966
-4.846427
-4.838577
-4.846705
-4.839056
-4.850999
-4.837312
-4.845460
-4.844108
-4.850166
-4.840616
-4.844244
-4.842185
-4.848480
-4.838942
-4.842193
-4.841227
-4.847988
-4.837348
-4.850423
-4.836982
-4.848098
-4.847022
-4.852321
-4.842591
-4.844138
-4.848581
-4.843968
-4.850223
-4.838522
-4.842066
-4.849387
-4.842526
-4.853982
-4.848658
-4.849830
-4.860698
-4.851294
-4.848732
-4.852405
-4.848257
-4.853164
-4.843277
-4.842030
-4.849170
-4.841625
-4.848913
-4.841552
-4.854709
-4.851132
-4.851020
-4.863117
-4.848525
-4.849756
-4.855503
-4.850901
-4.854185
-4.844062
-4.848949
-4.842951
-4.855030
-4.839840
-4.848784
-4.848229
-4.854404
-4.844738
-4.847342
-4.847140
-4.852579
-4.842614
-4.854653
-4.848205
-4.844777
-4.856907
-4.864914
-4.858003
-4.855306
-4.854789
-4.853396
-4.850334
-4.845293
-4.845376
-4.839697
-4.850313
-4.835863
-4.846908
-4.842350
-4.855762
-4.843916
-4.851920
-4.852384
-4.855948
-4.845269
-4.853753
-4.839535
-4.848391
-4.847944
-4.854018
-4.844416
-4.849468
-4.845828
-4.857485
-4.842175
-4.850869
-4.847006
-4.857688
-4.844443
-4.849271
-4.851649
-4.852254
-4.847654
-4.851424
-4.842721
-4.858559
-4.853092
-4.854086
-4.863999
-4.869559
-4.864389
-4.861464
-4.859949
-4.857428
-4.852165
-4.847015
-4.843324
-4.844155
-4.841692
-4.847508
-4.838400
-4.846328
-4.841547
-4.845135
-4.852326
-4.844570
-4.856774
-4.850312
-4.854855
-4.860317
-4.849464
-4.853419
-4.846677
-4.851555
-4.852551
-4.854010
-4.847360
-4.853560
-4.845854
-4.848572
-4.856838
-4.847559
-4.854174
-4.847351
-4.850436
-4.856929
-4.848532
-4.859332
-4.857148
-4.857032
-4.870545
-4.859254
-4.858869
-4.865091
-4.859075
-4.862323
-4.853935
-4.859098
-4.851060
-4.851618
-4.858335
-4.850356
-4.859108
-4.847869
-4.853316
-4.857150
-4.854822
-4.858265
-4.849027
-4.861258
-4.859665
-4.854200
-4.869792
-4.863703
-4.862695
-4.860235
-4.862852
-4.857174
-4.859553
-4.848973
-4.853379
-4.849495
-4.860444
-4.847978
-4.855138
-4.854040
-4.860318
-4.851182
-4.855863
-4.852741
-4.861412
-4.851472
-4.853508
-4.859611
-4.852396
-4.864144
-4.851837
-4.860595
-4.861858
-4.864161
-4.854953
-4.864250
-4.849083
-4.859584
-4.855741
-4.865634
-4.852586
-4.857524
-4.860221
-4.861985
-4.856420
-4.860217
-4.850728
-4.859398
-4.852351
-4.855224
-4.861911
-4.853695
-4.865498
-4.860961
-4.862564
-4.872849
-4.863986
-4.862371
-4.862473
-4.862708
-4.861280
-4.857705
-4.857670
-4.851689
-4.863363
-4.846827
-4.860127
-4.855655
-4.863309
-4.856745
-4.866753
-4.853561
-4.860538
-4.859031
-4.864193
-4.853693
-4.860181
-4.853528
-4.867055
-4.864157
-4.864242
-4.875315
-4.860403
-4.862167
-4.866043
-4.864177
-4.866115
-4.855899
-4.865795
-4.850347
-4.860579
-4.860283
-4.866502
-4.857421
-4.859072
-4.861933
-4.860131
-4.863917
-4.853519
-4.867846
-4.862645
-4.860627
-4.872072
-4.880786
-4.875628
-4.872733
-4.870772
-4.868038
-4.863115
-4.858141
-4.854766
-4.854685
-4.853221
-4.858180
-4.849789
-4.863196
-4.861085
-4.861403
-4.873128
-4.878338
-4.870876
-4.867678
-4.867474
-4.864419
-4.862274
-4.854869
-4.858614
-4.851787
-4.860276
-4.854320
-4.862645
-4.857292
-4.858716
-4.864876
-4.857255
-4.867489
-4.854841
-4.864097
-4.860094
-4.867494
-4.859818
-4.860180
-4.860180
-4.867907
-4.860636
-4.866338
-4.858504
-4.865252
-4.858959
-4.870549
-4.856529
-4.865622
-4.862339
-4.870215
-4.861762
-4.861673
-4.869167
-4.861564
-4.866980
-4.858745
-4.865929
-4.858932
-4.870390
-4.856944
-4.865752
-4.863084
-4.870928
-4.862579
-4.862380
-4.869851
-4.861995
-4.867576
-4.859337
-4.866741
-4.859574
-4.871684
-4.857257
-4.867155
-4.863689
-4.872160
-4.863086
-4.863431
-4.870819
-4.863008
-4.868834
-4.860840
-4.862186
-4.869561
-4.861343
-4.871379
-4.857251
-4.867336
-4.863873
-4.873408
-4.862612
-4.865063
-4.870365
-4.865165
-4.870504
-4.860987
-4.862672
-4.870564
-4.862228
-4.873374
-4.858251
-4.869602
-4.865964
-4.874760
-4.864687
-4.865631
-4.872656
-4.865184
-4.873496
-4.859255
-4.867321
-4.865445
-4.873364
-4.864618
-4.864599
-4.872266
-4.864146
-4.871033
-4.862325
-4.864672
-4.871599
-4.863582
-4.874495
-4.864100
-4.870170
-4.875807
-4.868720
-4.872704
-4.864021
-4.865578
-4.873610
-4.864418
-4.871056
-4.861583
-4.865663
-4.871760
-4.865840
-4.874656
-4.858934
-4.869721
-4.864987
-4.875222
-4.864749
-4.867479
-4.872214
-4.867785
-4.872206
-4.863051
-4.864383
-4.871763
-4.863863
-4.874781
-4.873046
-4.869390
-4.883676
-4.877316
-4.875538
-4.873795
-4.874611
-4.870333
-4.872299
-4.861114
-4.871502
-4.869768
-4.870916
-4.884542
-4.871404
-4.872038
-4.875386
-4.873671
-4.875659
-4.865569
-4.874183
-4.858780
-4.869480
-4.866326
-4.875648
-4.867478
-4.868480
-4.875946
-4.868151
-4.875389
-4.864282
-4.868488
-4.871098
-4.870306
-4.870052
-4.865250
-4.870959
-4.862867
-4.868597
-4.866110
-4.875301
-4.862966
-4.871464
-4.867473
-4.880382
-4.877566
-4.876994
-4.887426
-4.872387
-4.874619
-4.875848
-4.879069
-4.872852
-4.876301
-4.867158
-4.868870
-4.874567
-4.868411
-4.879587
-4.868476
-4.875171
-4.880311
-4.874568
-4.877569
-4.868792
-4.874614
-4.871080
-4.880653
-4.864423
-4.874061
-4.869847
-4.881071
-4.870656
-4.873862
-4.876997
-4.874624
-4.878165
-4.867865
-4.880272
-4.875193
-4.871415
-4.882991
-4.891119
-4.887202
-4.884301
-4.881925
-4.878883
-4.874289
-4.870163
-4.867426
-4.868448
-4.866102
-4.872287
-4.863136
-4.871546
-4.865279
-4.872418
-4.870474
-4.878124
-4.870496
-4.871875
-4.877753
-4.869611
-4.880547
-4.879392
-4.879806
-4.892032
-4.880225
-4.879378
-4.883324
-4.880187
-4.883568
-4.872940
-4.877569
-4.869848
-4.876583
-4.871603
-4.883526
-4.868197
-4.878719
-4.874421
-4.882630
-4.875020
-4.875389
-4.881566
-4.874031
-4.884239
-4.868604
-4.879253
-4.875645
-4.884112
-4.876234
-4.876189
-4.883160
-4.874984
-4.883516
-4.869106
-4.877906
-4.874426
-4.884185
-4.872815
-4.876328
-4.878380
-4.879553
-4.875083
-4.879466
-4.869704
-4.883153
-4.879923
-4.876337
-4.887521
-4.895394
-4.890514
-4.887768
-4.885152
-4.882827
-4.877381
-4.876068
-4.869017
-4.876709
-4.867595
-4.873449
-4.875343
-4.879060
-4.871117
-4.882190
-4.869141
-4.881393
-4.875881
-4.881646
-4.875058
-4.883095
-4.874980
-4.877406
-4.883140
-4.876002
-4.885092
-4.871275
-4.881636
-4.877087
-4.887000
-4.875414
-4.879604
-4.880228
-4.884844
-4.875359
-4.885692
-4.870889
-4.882404
-4.878904
-4.887116
-4.878021
-4.878826
-4.886076
-4.878689
-4.887100
-4.872598
-4.881387
-4.877914
-4.887696
-4.876781
-4.879850
-4.882499
-4.881955
-4.881823
-4.876328
-4.881592
-4.873226
-4.877826
-4.877419
-4.884215
-4.873231
-4.885655
-4.884665
-4.886140
-4.897261
-4.887227
-4.884559
-4.889416
-4.884438
-4.888643
-4.878599
-4.878176
-4.883992
-4.877718
-4.889412
-4.873721
-4.884823
-4.880671
-4.888278
-4.880438
-4.881356
-4.885539
-4.880643
-4.885638
-4.875903
-4.878246
-4.884284
-4.879221
-4.889874
-4.874711
-4.885770
-4.881099
-4.887929
-4.881869
-4.889667
-4.878549
-4.882970
-4.882969
-4.887784
-4.877602
-4.888403
-4.885347
-4.887017
-4.897714
-4.889534
-4.887659
-4.888595
-4.887340
-4.889155
-4.879556
-4.888896
-4.874037
-4.885725
-4.884211
-4.893024
-4.882237
-4.883886
-4.889263
-4.884421
-4.889085
-4.878952
-4.880805
-4.886894
-4.881014
-4.892060
-4.876457
-4.887971
-4.883982
-4.891145
-4.884193
-4.892025
-4.880709
-4.885199
-4.884896
-4.889751
-4.879260
-4.889922
-4.888414
-4.888883
-4.902526
-4.888620
-4.890067
-4.892972
-4.892286
-4.891827
-4.884761
-4.888102
-4.879380
-4.883890
-4.883231
-4.889918
-4.880320
-4.887728
-4.880927
-4.887761
-4.883768
-4.893564
-4.879169
-4.888558
-4.883106
-4.894905
-4.881568
-4.889471
-4.885963
-4.895196
-4.884153
-4.886617
-4.888607
-4.889096
-4.886213
-4.887878
-4.880715
-4.891320
-4.891202
-4.890931
-4.904990
-4.897181
-4.895167
-4.902921
-4.899061
-4.899707
-4.890926
-4.893768
-4.885580
-4.889117
-4.886657
-4.892340
-4.883596
-4.890582
-4.883694
-4.896809
-4.889001
-4.892834
-4.900002
-4.890886
-4.894298
-4.886726
-4.891583
-4.888781
-4.894020
-4.884713
-4.888342
-4.887541
-4.894566
-4.885141
-4.892019
-4.884388
-4.893076
-4.885838
-4.890075
-4.889265
-4.895257
-4.884438
-4.895169
-4.894164
-4.892281
-4.905648
-4.900062
-4.898897
-4.896951
-4.898319
-4.892441
-4.894626
-4.883960
-4.890475
-4.884029
-4.898206
-4.883879
-4.894711
-4.891610
-4.899111
-4.890308
-4.890021
-4.896729
-4.889073
-4.889073
-4.898137
-4.882869
-4.892614
-4.889115
-4.897841
-4.890777
-4.891165
-4.896411
-4.889610
-4.898458
-4.883075
-4.892681
-4.888291
-4.896556
-4.889172
-4.893404
-4.889669
-4.896358
-4.887584
-4.888801
-4.893375
-4.888759
-4.896037
-4.884544
-4.892241
-4.888401
-4.901633
-4.887280
-4.897554
-4.892926
-4.900133
-4.891624
-4.897465
-4.889512
-4.899322
-4.886376
-4.894249
-4.890208
-4.900270
-4.888293
-4.894031
-4.892194
-4.898662
-4.889512
-4.891636
-4.890649
-4.897366
-4.886677
-4.897453
-4.896135
-4.895089
-4.908152
-4.902423
-4.902149
-4.897914
-4.902162
-4.892267
-4.899385
-4.883851
-4.892904
-4.889758
-4.899288
-4.891670
-4.892151
-4.898142
-4.890522
-4.899902
-4.885259
-4.895329
-4.890852
-4.898723
-4.891004
-4.896349
-4.890609
-4.901309
-4.887609
-4.896422
-4.891212
-4.900555
-4.891513
-4.893817
-4.897334
-4.894245
-4.898579
-4.887133
-4.898462
-4.898083
-4.898111
-4.912087
-4.898401
-4.900397
-4.901536
-4.904078
-4.897687
-4.900160
-4.890036
-4.896685
-4.889921
-4.898343
-4.891247
-4.899038
-4.891878
-4.899565
-4.891587
-4.904381
-4.890324
-4.900684
-4.896606
-4.903722
-4.895383
-4.895345
-4.901669
-4.894682
-4.904079
-4.888601
-4.898203
-4.894148
-4.902380
-4.894536
-4.900845
-4.892714
-4.902759
-4.889856
-4.897959
-4.893499
-4.903277
-4.892642
-4.897001
-4.896773
-4.902948
-4.891792
-4.903163
-4.889032
-4.900925
-4.897278
-4.904412
-4.896330
-4.896374
-4.902131
-4.895397
-4.903722
-4.888931
-4.898294
-4.893824
-4.903015
-4.895719
-4.896668
-4.901702
-4.895743
-4.902527
-4.890243
-4.897818
-4.893600
-4.906603
-4.892515
-4.902165
-4.897536
-4.905107
-4.896746
-4.902787
-4.894850
-4.901901
-4.894338
-4.899313
-4.894899
-4.903330
-4.892359
-4.898765
-4.895785
-4.905232
-4.892954
-4.899934
-4.895220
-4.908068
-4.893544
-4.902758
-4.897920
-4.905573
-4.897412
-4.903761
-4.895437
-4.905719
-4.892451
-4.901072
-4.896060
-4.906134
-4.895159
-4.900156
-4.898699
-4.905076
-4.894694
-4.900534
-4.892996
-4.901930
-4.893506
-4.906231
-4.892591
-4.903217
-4.898687
-4.906268
-4.897704
-4.903775
-4.896422
-4.900310
-4.897862
-4.903922
-4.892605
-4.903266
-4.890583
-4.901846
-4.896988
-4.905193
-4.896696
-4.903530
-4.896264
-4.900351
-4.897736
-4.903893
-4.892819
-4.902352
-4.891604
-4.902380
-4.895958
-4.909122
-4.895720
-4.905469
-4.900307
-4.907176
-4.898787
-4.900553
-4.899637
-4.905483
-4.895095
-4.904118
-4.904070
-4.898727
-4.914545
-4.910413
-4.908119
-4.908434
-4.905107
-4.907295
-4.895614
-4.904878
-4.890970
-4.902687
-4.899732
-4.907606
-4.899584
-4.905760
-4.897405
-4.907543
-4.894639
-4.902785
-4.897574
-4.906906
-4.897910
-4.901079
-4.902692
-4.905439
-4.898826
-4.903833
-4.895072
-4.900949
-4.898012
-4.906937
-4.895336
-4.903598
-4.897603
-4.911388
-4.906120
-4.908021
-4.915538
-4.905520
-4.908874
-4.901135
-4.906693
-4.902815
-4.909466
-4.898498
-4.902601
-4.901899
-4.909473
-4.899300
-4.905828
-4.898234
-4.907166
-4.899199
-4.911496
-4.909258
-4.908532
-4.920514
-4.906802
-4.908733
-4.907918
-4.914547
-4.904395
-4.911822
-4.897163
-4.906387
-4.902278
-4.911713
-4.903010
-4.904712
-4.908023
-4.905334
-4.909696
-4.898346
-4.908376
-4.909491
-4.903894
-4.920192
-4.916498
-4.914237
-4.914528
-4.911417
-4.912962
-4.902383
-4.909114
-4.895540
-4.905596
-4.902399
-4.912331
-4.904648
-4.905891
-4.909530
-4.905684
-4.910407
-4.898661
-4.910824
-4.898861
-4.910642
-4.906942
-4.912444
-4.907925
-4.913862
-4.905634
-4.910987
-4.903571
-4.915565
-4.901956
-4.911938
-4.907949
-4.915114
-4.907522
-4.914176
-4.905860
-4.907685
-4.910940
-4.907510
-4.912501
-4.901118
-4.912982
-4.912990
-4.912369
-4.926799
-4.913396
-4.915561
-4.915087
-4.920181
-4.910898
-4.914610
-4.904939
-4.907304
-4.911876
-4.909839
-4.915140
-4.903898
-4.915801
-4.912702
-4.914616
-4.924174
-4.914703
-4.912281
-4.917341
-4.912612
-4.917222
-4.907833
-4.909006
-4.911179
-4.912965
-4.910742
-4.914999
-4.905750
-4.916716
-4.916590
-4.913464
-4.927562
-4.922660
-4.920817
-4.920644
-4.918531
-4.918355
-4.910659
-4.914038
-4.905917
-4.912005
-4.909992
-4.918652
-4.909837
-4.912708
-4.913367
-4.918537
-4.908601
-4.920713
-4.908110
-4.919817
-4.916019
-4.922736
-4.915020
-4.921303
-4.914323
-4.920794
-4.912865
-4.918658
-4.911091
-4.922267
-4.908692
-4.917824
-4.913649
-4.921194
-4.914087
-4.915863
-4.915190
-4.919899
-4.910056
-4.921579
-4.907749
-4.919112
-4.916344
-4.921857
-4.917332
-4.922653
-4.914033
-4.919953
-4.911170
-4.922024
-4.908519
-4.918123
-4.914622
-4.922566
-4.915371
-4.918911
-4.914444
-4.920551
-4.912326
-4.914434
-4.914141
-4.920199
-4.910036
-4.921807
-4.917452
-4.920481
-4.929241
-4.920236
-4.921986
-4.916982
-4.923924
-4.915304
-4.915787
-4.918145
-4.916422
-4.921607
-4.911837
-4.923132
-4.921847
-4.920964
-4.933495
-4.924894
-4.922748
-4.926796
-4.922561
-4.925764
-4.914804
-4.919458
-4.912734
-4.921309
-4.914980
-4.924449
-4.914764
-4.919886
-4.918288
-4.924722
-4.915127
-4.921031
-4.913668
-4.921688
-4.914586
-4.922222
-4.914942
-4.922662
-4.916337
-4.921583
-4.917338
-4.924104
-4.915510
-4.917967
-4.918742
-4.923655
-4.923655
-4.914094
-4.926435
-4.913255
-4.924886
-4.921290
-4.926692
-4.921026
-4.926592
-4.918951
-4.921440
-4.919091
-4.925051
-4.913569
-4.926538
-4.912720
-4.924599
-4.921812
-4.927505
-4.921310
-4.926524
-4.918813
-4.921413
-4.918971
-4.925008
-4.913631
-4.926179
-4.912611
-4.924354
-4.921474
-4.926035
-4.922285
-4.927737
-4.917452
-4.925213
-4.914187
-4.921586
-4.917798
-4.926951
-4.918176
-4.921339
-4.921756
-4.926938
-4.916194
-4.927920
-4.914572
-4.925960
-4.922562
-4.928398
-4.921794
-4.927592
-4.920383
-4.921856
-4.922734
-4.922713
-4.919491
-4.923848
-4.914974
-4.926645
-4.925908
-4.924972
-4.937454
-4.931235
-4.928844
-4.931172
-4.926756
-4.930135
-4.918080
-4.924360
-4.915459
-4.922855
-4.922573
-4.929871
-4.920605
-4.926743
-4.917858
-4.930482
-4.917308
-4.926799
-4.922677
-4.930059
-4.922420
-4.928589
-4.921882
-4.923908
-4.925130
-4.925790
-4.921983
-4.927243
-4.917051
-4.928281
-4.928760
-4.924954
-4.939551
-4.935533
-4.933386
-4.933084
-4.930202
-4.930469
-4.921570
-4.925563
-4.917534
-4.921600
-4.925003
-4.928204
-4.922988
-4.928170
-4.918090
-4.926537
-4.919303
-4.926176
-4.923120
-4.930821
-4.923168
-4.925620
-4.926311
-4.931249
-4.921687
-4.934148
-4.920351
-4.932549
-4.927649
-4.932173
-4.929874
-4.935184
-4.924887
-4.933811
-4.919863
-4.928625
-4.924362
-4.932426
-4.925955
-4.931080
-4.925506
-4.932874
-4.923484
-4.926466
-4.926320
-4.933060
-4.922233
-4.934848
-4.922060
-4.933223
-4.929784
-4.935640
-4.928640
-4.934177
-4.927141
-4.928846
-4.928180
-4.931495
-4.922958
-4.933151
-4.919866
-4.930184
-4.926383
-4.934049
-4.926699
-4.934342
-4.925359
-4.928909
-4.928011
-4.933916
-4.922559
-4.934918
-4.922079
-4.933447
-4.930385
-4.935342
-4.930007
-4.935367
-4.926866
-4.933045
-4.924063
-4.934799
-4.922243
-4.931736
-4.928002
-4.935971
-4.929127
-4.931337
-4.928904
-4.935251
-4.923825
-4.935167
-4.922129
-4.932944
-4.930002
-4.936040
-4.930371
-4.935795
-4.927926
-4.932021
-4.927123
-4.933827
-4.925641
-4.928742
-4.929305
-4.935973
-4.924891
-4.937323
-4.926063
-4.937367
-4.933884
-4.940080
-4.931821
-4.931594
-4.936277
-4.931609
-4.935830
-4.925471
-4.932838
-4.925606
-4.936479
-4.927185
-4.934303
-4.930150
-4.938188
-4.929226
-4.931376
-4.931679
-4.936938
-4.926688
-4.938668
-4.925025
-4.936608
-4.933236
-4.937393
-4.935355
-4.940294
-4.929939
-4.939918
-4.925330
-4.934475
-4.930897
-4.938625
-4.932011
-4.938528
-4.931479
-4.932757
-4.934201
-4.933402
-4.932857
-4.929368
-4.935771
-4.925467
-4.936845
-4.938433
-4.933768
-4.949468
-4.945916
-4.943159
-4.943686
-4.939366
-4.941459
-4.930345
-4.936526
-4.926075
-4.933764
-4.933024
-4.940661
-4.932845
-4.936575
-4.931282
-4.938430
-4.930608
-4.932550
-4.934174
-4.937180
-4.932020
-4.937913
-4.928931
-4.937073
-4.931116
-4.939103
-4.932327
-4.944555
-4.931999
-4.940876
-4.935997
-4.943164
-4.935065
-4.940965
-4.934442
-4.937925
-4.935589
-4.941846
-4.930570
-4.941203
-4.928900
-4.939289
-4.935299
-4.942966
-4.934973
-4.940997
-4.933757
-4.940525
-4.932484
-4.942083
-4.931134
-4.939109
-4.935345
-4.943585
-4.936059
-4.936610
-4.939656
-4.937066
-4.941546
-4.929773
-4.942861
-4.932328
-4.943998
-4.940651
-4.946697
-4.939080
-4.940144
-4.940065
-4.943137
-4.934625
-4.940262
-4.930402
-4.937838
-4.935559
-4.944646
-4.935871
-4.939080
-4.937878
-4.945153
-4.933166
-4.944396
-4.931449
-4.942273
-4.939336
-4.945145
-4.939857
-4.945442
-4.937186
-4.943114
-4.935073
-4.946041
-4.933139
-4.942256
-4.938215
-4.946112
-4.938934
-4.943169
-4.937513
-4.944282
-4.936287
-4.938457
-4.938967
-4.944361
-4.935137
-4.946381
-4.933188
-4.943680
-4.940104
-4.945270
-4.941576
-4.947591
-4.937678
-4.943721
-4.936433
-4.940942
-4.938991
-4.946362
-4.936350
-4.944026
-4.936181
-4.942590
-4.939383
-4.946090
-4.937786
-4.942365
-4.937964
-4.946047
-4.936971
-4.941586
-4.939150
-4.946734
-4.938120
-4.944651
-4.936511
-4.950720
-4.938372
-4.948057
-4.944146
-4.949748
-4.943333
-4.948608
-4.940715
-4.944672
-4.940299
-4.946592
-4.938099
-4.943518
-4.939119
-4.948589
-4.938052
-4.944599
-4.939605
-4.949862
-4.938722
-4.945596
-4.940739
-4.950026
-4.940367
-4.944530
-4.942570
-4.949939
-4.940015
-4.946015
-4.938769
-4.947246
-4.938980
-4.950853
-4.938176
-4.947404
-4.942720
-4.950279
-4.942202
-4.948437
-4.940164
-4.948753
-4.939659
-4.944740
-4.942499
-4.949795
-4.940437
-4.947157
-4.939345
-4.947327
-4.940374
-4.947326
-4.939985
-4.950880
-4.939126
-4.947883
-4.942321
-4.950670
-4.943404
-4.945071
-4.946488
-4.948281
-4.942659
-4.948510
-4.935826
-4.950498
-4.940340
-4.952594
-4.948761
-4.955034
-4.946234
-4.952014
-4.943748
-4.950230
-4.942578
-4.945907
-4.944120
-4.951910
-4.940980
-4.951793
-4.939385
-4.949394
-4.944813
-4.952634
-4.944485
-4.950917
-4.942955
-4.950108
-4.942115
-4.949486
-4.941993
-4.949937
-4.943045
-4.951125
-4.942603
-4.951821
-4.942188
-4.948909
-4.945058
-4.952305
-4.944472
-4.946996
-4.945392
-4.952931
-4.940666
-4.953402
-4.941574
-4.952866
-4.949707
-4.954691
-4.948852
-4.954345
-4.945295
-4.951905
-4.942929
-4.951600
-4.943038
-4.949171
-4.949171
