0.580814
0.503899
0.492938
0.487983
0.486864
0.488138
0.490955
0.494875
0.499674
0.505175
0.511179
0.517470
0.523824
0.530016
0.535841
0.541134
0.545792
0.549767
0.553069
0.555741
0.557849
0.559471
0.560684
0.561563
0.562175
0.562578
0.562821
0.562945
0.562982
0.562957
0.562888
0.562789
0.562671
0.562541
0.562405
0.562268
0.562132
0.561998
0.561869
0.561744
0.561624
0.561509
0.561396
0.561287
0.561179
0.561072
0.560964
0.560854
0.560741
0.560626
0.560515
0.560415
0.560342
0.560317
0.560368
0.560519
0.560773
0.561094
0.561411
0.561675
0.561894
0.562088
0.562280
0.562494
0.562756
0.563086
0.563497
0.563998
0.564592
0.565274
0.566033
0.566856
0.567721
0.568609
0.569498
0.570370
0.571210
0.572007
0.572757
0.573455
0.574104
0.574705
0.575262
0.575778
0.576257
0.576702
0.577118
0.577506
0.577870
0.578212
0.578534
0.578837
0.579122
0.579390
0.579643
0.579879
0.580101
0.580307
0.580498
0.580673
0.580833
0.580975
0.581101
0.581209
0.581297
0.581366
0.581414
0.581444
0.581457
0.581456
0.581443
0.581422
0.581394
0.581360
0.581317
0.581259
0.581177
0.581068
0.580930
0.580760
0.580557
0.580320
0.580049
0.579744
0.579407
0.579039
0.578640
0.578213
0.577761
0.577286
0.576792
0.576284
0.575765
0.575242
0.574720
0.574207
0.573712
0.573246
0.572821
0.572449
0.572142
0.571908
0.571750
0.571664
0.571646
0.571685
0.571774
0.571906
0.572074
0.572275
0.572504
0.572760
0.573037
0.573329
0.573632
0.573939
0.574243
0.574539
0.574823
0.575090
0.575338
0.575564
0.575766
0.575941
0.576087
0.576203
0.576287
0.576336
0.576351
0.576330
0.576273
0.576182
0.576064
0.575948
0.575905
0.575906
0.575870
0.575822
0.575783
0.575778
0.575836
0.575969
0.576114
0.576182
0.576078
0.575699
0.575400
0.575115
0.574743
0.574319
0.574016
0.573573
0.573296
0.572798
0.572562
0.572242
0.571891
0.571554
0.571226
0.570915
0.570628
0.570343
0.570024
0.569666
0.569278
0.568867
0.568433
0.567980
0.567511
0.567028
0.566534
0.566031
0.565519
0.565000
0.564476
0.563948
0.563416
0.562881
0.562344
0.561806
0.561268
0.560729
0.560192
0.559656
0.559122
0.558591
0.558062
0.557537
0.557016
0.556499
0.555987
0.555481
0.554980
0.554485
0.553998
0.553517
0.553045
0.552581
0.552127
0.551684
0.551251
0.550831
0.550424
0.550031
0.549652
0.549288
0.548940
0.548608
0.548292
0.547992
0.547708
0.547439
0.547187
0.546950
0.546728
0.546521
0.546328
0.546149
0.545983
0.545831
0.545691
0.545564
0.545449
0.545345
0.545253
0.545172
0.545101
0.545041
0.544992
0.544952
0.544923
0.544904
0.544894
0.544895
0.544905
0.544926
0.544956
0.544996
0.545047
0.545107
0.545179
0.545262
0.545356
0.545463
0.545585
0.545722
0.545877
0.546053
0.546252
0.546475
0.546724
0.546998
0.547295
0.547614
0.547952
0.548308
0.548680
0.549068
0.549471
0.549890
0.550323
0.550773
0.551239
0.551722
0.552223
0.552744
0.553285
0.553846
0.554427
0.555025
0.555637
0.556257
0.556877
0.557489
0.558089
0.558671
0.559234
0.559778
0.560305
0.560816
0.561316
0.561806
0.562290
0.562771
0.563251
0.563733
0.564219
0.564711
0.565209
0.565716
0.566230
0.566754
0.567285
0.567826
0.568374
0.568929
0.569490
0.570057
0.570628
0.571203
0.571781
0.572360
0.572940
0.573521
0.574100
0.574679
0.575256
0.575830
0.576402
0.576970
0.577535
0.578095
0.578651
0.579203
0.579750
0.580293
0.580830
0.581362
0.581889
0.582411
0.582927
0.583438
0.583944
0.584445
0.584940
0.585430
0.585915
0.586394
0.586869
0.587339
0.587803
0.588263
0.588718
0.589168
0.589614
0.590055
0.590491
0.590923
0.591351
0.591775
0.592194
0.592609
0.593020
0.593428
0.593831
0.594230
0.594626
0.595018
0.595407
0.595791
0.596173
0.596551
0.596925
0.597296
0.597664
0.598029
0.598390
0.598749
0.599104
0.599456
0.599806
0.600152
0.600495
0.600836
0.601174
0.601509
0.601841
0.602171
0.602498
0.602822
0.603144
0.603463
0.603780
0.604095
0.604407
0.604717
0.605024
0.605329
0.605632
0.605933
0.606232
0.606528
0.606822
0.607114
0.607404
0.607692
0.607978
0.608261
0.608543
0.608822
0.609098
0.609373
0.609645
0.609914
0.610181
0.610446
0.610707
0.610966
0.611222
0.611476
0.611727
0.611974
0.612219
0.612461
0.612700
0.612937
0.613170
0.613400
0.613628
0.613853
0.614075
0.614294
0.614510
0.614724
0.614935
0.615143
0.615349
0.615552
0.615753
0.615951
0.616147
0.616340
0.616531
0.616719
0.616905
0.617089
0.617271
0.617450
0.617627
0.617802
0.617974
0.618145
0.618313
0.618479
0.618643
0.618805
0.618965
0.619123
0.619279
0.619433
0.619585
0.619736
0.619884
0.620030
0.620175
0.620318
0.620459
0.620598
0.620735
0.620871
0.621005
0.621137
0.621267
0.621396
0.621524
0.621649
0.621774
0.621896
0.622017
0.622137
0.622137
0.622255
0.622372
0.622487
0.622601
0.622713
0.622824
0.622934
0.623042
0.623149
0.623255
0.623359
0.623463
0.623564
0.623665
0.623765
0.623863
0.623961
0.624057
0.624152
0.624246
0.624338
0.624430
0.624521
0.624611
0.624699
0.624787
0.624873
0.624959
0.625044
0.625128
0.625211
0.625292
0.625373
0.625454
0.625533
0.625611
0.625689
0.625765
0.625841
0.625916
0.625990
0.626064
0.626136
0.626208
0.626279
0.626350
0.626419
0.626488
0.626556
0.626623
0.626690
0.626756
0.626821
0.626886
0.626949
0.627012
0.627075
0.627137
0.627198
0.627258
0.627318
0.627377
0.627435
0.627493
0.627550
0.627607
0.627662
0.627718
0.627772
0.627826
0.627879
0.627932
0.627984
0.628036
0.628086
0.628137
0.628186
0.628235
0.628284
0.628331
0.628379
0.628425
0.628471
0.628516
0.628561
0.628605
0.628649
0.628692
0.628734
0.628776
0.628817
0.628857
0.628897
0.628936
0.628975
0.629013
0.629051
0.629087
0.629124
0.629159
0.629194
0.629229
0.629262
0.629295
0.629328
0.629360
0.629391
0.629422
0.629452
0.629481
0.629510
0.629538
0.629565
0.629592
0.629618
0.629643
0.629668
0.629693
0.629716
0.629739
0.629761
0.629783
0.629804
0.629824
0.629843
0.629862
0.629880
0.629898
0.629915
0.629931
0.629946
0.629961
0.629975
0.629989
0.630001
0.630013
0.630025
0.630035
0.630045
0.630054
0.630062
0.630070
0.630077
0.630083
0.630089
0.630093
0.630097
0.630100
0.630103
0.630104
0.630105
0.630105
0.630105
0.630103
0.630101
0.630098
0.630094
0.630090
0.630084
0.630078
0.630071
0.630063
0.630055
0.630045
0.630035
0.630023
0.630011
0.629998
0.629985
0.629970
0.629955
0.629938
0.629921
0.629903
0.629884
0.629864
0.629843
0.629821
0.629798
0.629775
0.629750
0.629725
0.629698
0.629671
0.629642
0.629613
0.629582
0.629551
0.629519
0.629485
0.629451
0.629416
0.629379
0.629342
0.629303
0.629264
0.629223
0.629181
0.629139
0.629095
0.629050
0.629004
0.628956
0.628908
0.628859
0.628808
0.628756
0.628704
0.628650
0.628594
0.628538
0.628480
0.628422
0.628362
0.628300
0.628238
0.628174
0.628109
0.628043
0.627976
0.627907
0.627837
0.627766
0.627694
0.627620
0.627545
0.627468
0.627391
0.627312
0.627231
0.627150
0.627067
0.626983
0.626897
0.626810
0.626722
0.626632
0.626541
0.626449
0.626355
0.626260
0.626163
0.626066
0.625967
0.625866
0.625764
0.625661
0.625557
0.625451
0.625344
0.625236
0.625126
0.625015
0.624903
0.624790
0.624675
0.624559
0.624442
0.624324
0.624204
0.624084
0.623962
0.623839
0.623715
0.623589
0.623463
0.623336
0.623207
0.623078
0.622947
0.622816
0.622684
0.622551
0.622416
0.622282
0.622146
0.622009
0.621872
0.621734
0.621595
0.621456
0.621316
0.621175
0.621034
0.620893
0.620751
0.620608
0.620466
0.620323
0.620179
0.620036
0.619892
0.619748
0.619604
0.619460
0.619316
0.619172
0.619028
0.618884
0.618740
0.618597
0.618454
0.618311
0.618168
0.618026
0.617885
0.617744
0.617603
0.617463
0.617324
0.617185
0.617048
0.616910
0.616774
0.616638
0.616504
0.616370
0.616237
0.616105
0.615973
0.615843
0.615714
0.615585
0.615458
0.615331
0.615206
0.615081
0.614958
0.614835
0.614713
0.614593
0.614473
0.614354
0.614236
0.614119
0.614003
0.613888
0.613773
0.613660
0.613547
0.613436
0.613325
0.613215
0.613106
0.612997
0.612890
0.612783
0.612677
0.612572
0.612467
0.612364
0.612261
0.612159
0.612057
0.611956
0.611856
0.611757
0.611658
0.611561
0.611463
0.611367
0.611271
0.611176
0.611081
0.610987
0.610893
0.610800
0.610707
0.610613
0.610520
0.610425
0.610331
0.610240
0.610147
0.610052
0.609961
0.609859
0.609842
0.609724
0.609627
0.609548
0.609468
0.609393
0.609319
0.609245
0.609171
0.609096
0.609021
0.608945
0.608868
0.608788
0.608703
0.608614
0.608557
0.608611
0.608477
0.608383
0.608286
0.608222
0.608385
0.608185
0.608113
0.608038
0.607933
0.607902
0.608149
0.607883
0.607809
0.607731
0.607682
0.607956
0.607683
0.607606
0.607526
0.607544
0.607469
0.607799
0.607482
0.607376
0.607358
0.607745
0.607407
0.607294
0.607307
0.607687
0.607347
0.607224
0.607253
0.607656
0.607296
0.607161
0.607221
0.607638
0.607265
0.607111
0.607196
0.607617
0.607233
0.607070
0.607211
0.607083
0.607520
0.607103
0.607038
0.607500
0.607074
0.607000
0.607412
0.607046
0.606985
0.607289
0.607024
0.606946
0.607303
0.606991
0.606923
0.607268
0.606961
0.606918
0.607274
0.606951
0.606900
0.607268
0.606922
0.606899
0.607264
0.606919
0.606884
0.607262
0.606889
0.606883
0.607251
0.606891
0.606867
0.607243
0.606847
0.606873
0.607227
0.606873
0.606845
0.607218
0.606786
0.606853
0.607183
0.606848
0.606792
0.607179
0.606728
0.607132
0.606778
0.606920
0.606815
0.607176
0.606855
0.606770
0.607157
0.606716
0.606875
0.606748
0.606748
0.607065
0.606733
0.607050
0.606798
0.606722
0.607075
0.606684
0.607004
0.606713
0.607005
0.606781
0.606695
0.607038
0.606721
0.606927
0.606724
0.607063
0.606779
0.606729
0.606990
0.606652
0.606975
0.606694
0.606997
0.606756
0.606748
0.606852
0.606643
0.606895
0.606636
0.606937
0.606691
0.606946
0.606706
0.606782
0.606663
0.606870
0.606654
0.606891
0.606666
0.606889
0.606680
0.606880
0.606687
0.606857
0.606682
0.606857
0.606681
0.606840
0.606674
0.606841
0.606672
0.606832
0.606669
0.606830
0.606668
0.606824
0.606666
0.606821
0.606666
0.606817
0.606665
0.606814
0.606665
0.606810
0.606665
0.606808
0.606665
0.606806
0.606666
0.606805
0.606668
0.606805
0.606671
0.606807
0.606676
0.606810
0.606682
0.606815
0.606689
0.606820
0.606698
0.606827
0.606708
0.606835
0.606718
0.606844
0.606729
0.606854
0.606741
0.606864
0.606754
0.606876
0.606767
0.606889
0.606781
0.606903
0.606796
0.606920
0.606814
0.606940
0.606834
0.606963
0.606858
0.606989
0.606885
0.607017
0.606916
0.607048
0.606948
0.607079
0.606980
0.607110
0.607013
0.607141
0.607046
0.607172
0.607079
0.607202
0.607112
0.607231
0.607145
0.607261
0.607179
0.607291
0.607214
0.607321
0.607250
0.607350
0.607285
0.607376
0.607315
0.607395
0.607338
0.607409
0.607355
0.607416
0.607367
0.607419
0.607374
0.607418
0.607377
0.607413
0.607378
0.607406
0.607375
0.607396
0.607370
0.607384
0.607362
0.607371
0.607353
0.607356
0.607342
0.607340
0.607330
0.607325
0.607316
0.607309
0.607300
0.607293
0.607284
0.607275
0.607266
0.607257
0.607248
0.607238
0.607227
0.607216
0.607205
0.607193
0.607181
0.607168
0.607155
0.607141
0.607127
0.607112
0.607096
0.607080
0.607063
0.607046
0.607028
0.607009
0.606990
0.606970
0.606950
0.606928
0.606907
0.606884
0.606861
0.606838
0.606814
0.606789
0.606764
0.606738
0.606712
0.606685
0.606658
0.606631
0.606603
0.606575
0.606547
0.606518
0.606490
0.606461
0.606433
0.606404
0.606376
0.606347
0.606318
0.606290
0.606262
0.606233
0.606205
0.606177
0.606149
0.606121
0.606094
0.606066
0.606038
0.606011
0.605984
0.605956
0.605929
0.605902
0.605875
0.605848
0.605821
0.605794
0.605768
0.605741
0.605714
0.605687
0.605660
0.605634
0.605607
0.605580
0.605554
0.605527
0.605501
0.605474
0.605448
0.605421
0.605395
0.605369
0.605343
0.605317
0.605291
0.605265
0.605240
0.605214
0.605189
0.605163
0.605138
0.605113
0.605088
0.605063
0.605039
0.605014
0.604989
0.604965
0.604940
0.604916
0.604891
0.604867
0.604842
0.604818
0.604793
0.604769
0.604744
0.604719
0.604694
0.604669
0.604644
0.604619
0.604594
0.604569
0.604543
0.604518
0.604493
0.604468
0.604442
0.604417
0.604392
0.604367
0.604342
0.604317
0.604291
0.604266
0.604241
0.604216
0.604191
0.604166
0.604141
0.604116
0.604091
0.604066
0.604041
0.604015
0.603990
0.603965
0.603940
0.603914
0.603889
0.603864
0.603839
0.603813
0.603788
0.603763
0.603739
0.603714
0.603689
0.603665
0.603641
0.603617
0.603594
0.603570
0.603548
0.603525
0.603503
0.603482
0.603460
0.603440
0.603419
0.603399
0.603379
0.603359
0.603340
0.603321
0.603302
0.603284
0.603266
0.603248
0.603231
0.603214
0.603197
0.603181
0.603166
0.603151
0.603136
0.603122
0.603108
0.603094
0.603081
0.603068
0.603056
0.603044
0.603032
0.603020
0.603009
0.602998
0.602987
0.602977
0.602966
0.602956
0.602946
0.602937
0.602927
0.602918
0.602908
0.602899
0.602890
0.602881
0.602873
0.602864
0.602855
0.602847
0.602838
0.602830
0.602822
0.602814
0.602806
0.602798
0.602791
0.602783
0.602775
0.602767
0.602759
0.602751
0.602743
0.602734
0.602725
0.602716
0.602706
0.602696
0.602686
0.602675
0.602664
0.602652
0.602641
0.602630
0.602621
0.602611
0.602603
0.602596
0.602590
0.602584
0.602580
0.602576
0.602573
0.602571
0.602569
0.602568
0.602567
0.602567
0.602567
0.602568
0.602569
0.602570
0.602572
0.602574
0.602576
0.602579
0.602581
0.602585
0.602588
0.602591
0.602595
0.602599
0.602603
0.602608
0.602612
0.602617
0.602621
0.602626
0.602631
0.602636
0.602642
0.602647
0.602652
0.602658
0.602663
0.602669
0.602675
0.602680
0.602686
0.602692
0.602697
0.602703
0.602708
0.602714
0.602720
0.602725
0.602730
0.602736
0.602741
0.602746
0.602751
0.602756
0.602761
0.602765
0.602770
0.602774
0.602778
0.602782
0.602786
0.602789
0.602792
0.602795
0.602798
0.602801
0.602803
0.602805
0.602806
0.602808
0.602809
0.602810
0.602810
0.602810
0.602810
0.602809
0.602808
0.602807
0.602805
0.602803
0.602800
0.602797
0.602794
0.602790
0.602786
0.602781
0.602776
0.602771
0.602765
0.602759
0.602752
0.602745
0.602737
0.602729
0.602720
0.602711
0.602702
0.602692
0.602681
0.602670
0.602659
0.602647
0.602634
0.602621
0.602621
0.602607
0.602593
0.602578
0.602563
0.602545
0.602531
0.602518
0.602501
0.602487
0.602468
0.602451
0.602434
0.602417
0.602399
0.602382
0.602364
0.602346
0.602328
0.602310
0.602292
0.602273
0.602254
0.602235
0.602216
0.602196
0.602177
0.602157
0.602136
0.602116
0.602095
0.602073
0.602052
0.602030
0.602008
0.601985
0.601962
0.601939
0.601915
0.601891
0.601866
0.601841
0.601816
0.601790
0.601763
0.601737
0.601709
0.601681
0.601653
0.601624
0.601594
0.601564
0.601534
0.601502
0.601470
0.601438
0.601405
0.601371
0.601337
0.601302
0.601267
0.601231
0.601195
0.601158
0.601120
0.601082
0.601044
0.601005
0.600965
0.600925
0.600885
0.600844
0.600802
0.600760
0.600718
0.600675
0.600632
0.600589
0.600545
0.600501
0.600456
0.600411
0.600366
0.600320
0.600274
0.600228
0.600181
0.600134
0.600087
0.600039
0.599991
0.599943
0.599895
0.599846
0.599797
0.599748
0.599699
0.599649
0.599600
0.599550
0.599500
0.599449
0.599399
0.599348
0.599297
0.599246
0.599195
0.599144
0.599093
0.599041
0.598990
0.598938
0.598886
0.598834
0.598782
0.598730
0.598678
0.598626
0.598573
0.598521
0.598469
0.598416
0.598364
0.598311
0.598258
0.598206
0.598153
0.598100
0.598047
0.597994
0.597941
0.597889
0.597836
0.597783
0.597730
0.597677
0.597624
0.597571
0.597518
0.597465
0.597412
0.597359
0.597306
0.597253
0.597200
0.597147
0.597094
0.597041
0.596989
0.596936
0.596883
0.596831
0.596778
0.596725
0.596673
0.596621
0.596568
0.596516
0.596464
0.596412
0.596360
0.596309
0.596257
0.596205
0.596154
0.596103
0.596052
0.596001
0.595950
0.595900
0.595849
0.595799
0.595749
0.595699
0.595650
0.595601
0.595552
0.595503
0.595454
0.595406
0.595358
0.595310
0.595262
0.595215
0.595168
0.595122
0.595075
0.595029
0.594984
0.594938
0.594893
0.594849
0.594804
0.594760
0.594717
0.594673
0.594631
0.594588
0.594546
0.594504
0.594463
0.594422
0.594381
0.594341
0.594301
0.594262
0.594223
0.594184
0.594146
0.594108
0.594071
0.594034
0.593997
0.593961
0.593925
0.593890
0.593855
0.593821
0.593786
0.593753
0.593719
0.593687
0.593654
0.593622
0.593591
0.593559
0.593528
0.593498
0.593468
0.593438
0.593409
0.593380
0.593352
0.593324
0.593296
0.593269
0.593242
0.593215
0.593189
0.593163
0.593138
0.593113
0.593088
0.593064
0.593040
0.593016
0.592993
0.592970
0.592947
0.592925
0.592903
0.592881
0.592860
0.592839
0.592818
0.592797
0.592777
0.592757
0.592738
0.592719
0.592700
0.592681
0.592663
0.592645
0.592627
0.592610
0.592592
0.592575
0.592559
0.592542
0.592526
0.592510
0.592494
0.592479
0.592464
0.592449
0.592434
0.592419
0.592405
0.592391
0.592377
0.592363
0.592350
0.592337
0.592324
0.592311
0.592298
0.592286
0.592274
0.592262
0.592250
0.592238
0.592227
0.592215
0.592204
0.592193
0.592183
0.592172
0.592162
0.592151
0.592141
0.592131
0.592121
0.592112
0.592102
0.592093
0.592083
0.592074
0.592065
0.592057
0.592048
0.592039
0.592031
0.592022
0.592014
0.592006
0.591998
0.591990
0.591982
0.591975
0.591967
0.591960
0.591952
0.591945
0.591938
0.591931
0.591924
0.591917
0.591910
0.591903
0.591897
0.591890
0.591883
0.591877
0.591870
0.591864
0.591858
0.591852
0.591845
0.591839
0.591833
0.591827
0.591821
0.591815
0.591809
0.591803
0.591797
0.591791
0.591785
0.591780
0.591774
0.591768
0.591762
0.591756
0.591750
0.591744
0.591739
0.591733
0.591727
0.591721
0.591715
0.591709
0.591702
0.591696
0.591690
0.591684
0.591677
0.591671
0.591664
0.591658
0.591651
0.591644
0.591637
0.591630
0.591623
0.591615
0.591608
0.591600
0.591592
0.591584
0.591576
0.591567
0.591558
0.591549
0.591540
0.591531
0.591521
0.591511
0.591501
0.591491
0.591480
0.591469
0.591457
0.591445
0.591433
0.591420
0.591408
0.591394
0.591380
0.591366
0.591351
0.591336
0.591320
0.591304
0.591287
0.591269
0.591251
0.591232
0.591212
0.591192
0.591171
0.591150
0.591129
0.591107
0.591086
0.591065
0.591044
0.591023
0.591002
0.590982
0.590961
0.590939
0.590918
0.590896
0.590874
0.590851
0.590828
0.590805
0.590781
0.590757
0.590732
0.590707
0.590682
0.590656
0.590630
0.590604
0.590577
0.590550
0.590523
0.590495
0.590467
0.590438
0.590409
0.590380
0.590350
0.590320
0.590290
0.590260
0.590229
0.590198
0.590166
0.590135
0.590103
0.590071
0.590038
0.590005
0.589972
0.589939
0.589906
0.589872
0.589838
0.589804
0.589770
0.589735
0.589701
0.589666
0.589631
0.589595
0.589560
0.589524
0.589488
0.589452
0.589416
0.589380
0.589343
0.589306
0.589269
0.589232
0.589195
0.589157
0.589120
0.589082
0.589044
0.589006
0.588968
0.588929
0.588891
0.588852
0.588813
0.588774
0.588735
0.588696
0.588656
0.588616
0.588577
0.588537
0.588497
0.588456
0.588416
0.588376
0.588376
0.588335
0.588294
0.588253
0.588212
0.588171
0.588129
0.588088
0.588046
0.588004
0.587962
0.587920
0.587878
0.587835
0.587793
0.587750
0.587707
0.587664
0.587621
0.587577
0.587534
0.587490
0.587446
0.587402
0.587358
0.587314
0.587270
0.587225
0.587180
0.587135
0.587090
0.587045
0.586999
0.586954
0.586908
0.586862
0.586816
0.586769
0.586723
0.586676
0.586629
0.586582
0.586535
0.586487
0.586440
0.586392
0.586344
0.586296
0.586247
0.586199
0.586150
0.586101
0.586052
0.586002
0.585953
0.585903
0.585853
0.585803
0.585752
0.585702
0.585651
0.585600
0.585548
0.585497
0.585445
0.585393
0.585341
0.585289
0.585236
0.585184
0.585131
0.585077
0.585024
0.584970
0.584916
0.584862
0.584808
0.584754
0.584699
0.584644
0.584589
0.584533
0.584478
0.584422
0.584366
0.584310
0.584254
0.584197
0.584140
0.584083
0.584026
0.583969
0.583911
0.583854
0.583796
0.583738
0.583679
0.583621
0.583562
0.583504
0.583445
0.583386
0.583326
0.583267
0.583207
0.583148
0.583088
0.583028
0.582968
0.582907
0.582847
0.582786
0.582726
0.582665
0.582604
0.582543
0.582481
0.582420
0.582359
0.582297
0.582235
0.582174
0.582112
0.582050
0.581988
0.581926
0.581863
0.581801
0.581739
0.581676
0.581613
0.581551
0.581488
0.581425
0.581362
0.581299
0.581236
0.581173
0.581110
0.581047
0.580983
0.580920
0.580857
0.580793
0.580730
0.580666
0.580603
0.580539
0.580475
0.580411
0.580348
0.580284
0.580220
0.580156
0.580092
0.580028
0.579964
0.579899
0.579835
0.579771
0.579706
0.579642
0.579578
0.579513
0.579449
0.579384
0.579319
0.579254
0.579190
0.579125
0.579060
0.578995
0.578930
0.578865
0.578800
0.578734
0.578669
0.578604
0.578538
0.578473
0.578407
0.578342
0.578276
0.578210
0.578145
0.578079
0.578013
0.577947
0.577881
0.577815
0.577750
0.577684
0.577618
0.577552
0.577487
0.577421
0.577356
0.577291
0.577228
0.577166
0.577107
0.577054
0.577010
0.576944
0.576863
0.576793
0.576711
0.576648
0.576569
0.576510
0.576426
0.576378
0.576283
0.576241
0.576180
0.576129
0.576022
0.575981
0.575887
0.575853
0.575738
0.575705
0.575630
0.575574
0.575484
0.575391
0.575341
0.575286
0.575211
0.575136
0.575084
0.575009
0.574927
0.574882
0.574817
0.574723
0.574615
0.574570
0.574514
0.574447
0.574365
0.574275
0.574225
0.574100
0.574067
0.573980
0.573923
0.573832
0.573750
0.573704
0.573666
0.573639
0.573525
0.573427
0.573358
0.573311
0.573245
0.573146
0.573056
0.573006
0.572997
0.572997
0.572939
0.572917
0.572879
0.572832
0.572785
0.572733
0.572679
0.572623
0.572565
0.572505
0.572443
0.572380
0.572314
0.572248
0.572180
0.572110
0.572040
0.571969
0.571897
0.571824
0.571750
0.571677
0.571602
0.571527
0.571452
0.571377
0.571302
0.571226
0.571151
0.571075
0.571000
0.570925
0.570850
0.570776
0.570702
0.570628
0.570555
0.570483
0.570410
0.570339
0.570268
0.570198
0.570128
0.570059
0.569991
0.569924
0.569857
0.569791
0.569726
0.569662
0.569598
0.569536
0.569474
0.569413
0.569353
0.569293
0.569234
0.569176
0.569119
0.569063
0.569007
0.568952
0.568898
0.568845
0.568792
0.568740
0.568689
0.568638
0.568588
0.568539
0.568490
0.568442
0.568394
0.568348
0.568301
0.568256
0.568211
0.568166
0.568123
0.568079
0.568037
0.567994
0.567953
0.567912
0.567871
0.567831
0.567792
0.567753
0.567715
0.567677
0.567639
0.567603
0.567566
0.567531
0.567495
0.567461
0.567426
0.567393
0.567360
0.567327
0.567295
0.567263
0.567232
0.567201
0.567171
0.567142
0.567113
0.567084
0.567056
0.567029
0.567002
0.566976
0.566950
0.566925
0.566900
0.566876
0.566853
0.566830
0.566808
0.566786
0.566765
0.566744
0.566725
0.566705
0.566687
0.566669
0.566652
0.566635
0.566619
0.566604
0.566590
0.566576
0.566563
0.566551
0.566539
0.566528
0.566518
0.566509
0.566501
0.566493
0.566486
0.566480
0.566475
0.566471
0.566467
0.566465
0.566463
0.566462
0.566462
0.566463
0.566465
0.566468
0.566472
0.566476
0.566482
0.566488
0.566496
0.566504
0.566514
0.566524
0.566535
0.566548
0.566561
0.566575
0.566591
0.566607
0.566624
0.566642
0.566662
0.566682
0.566703
0.566725
0.566748
0.566772
0.566797
0.566823
0.566850
0.566878
0.566907
0.566937
0.566968
0.566999
0.567032
0.567065
0.567100
0.567135
0.567171
0.567207
0.567245
0.567283
0.567323
0.567362
0.567403
0.567444
0.567486
0.567529
0.567572
0.567616
0.567661
0.567706
0.567752
0.567798
0.567845
0.567892
0.567940
0.567988
0.568036
0.568085
0.568135
0.568185
0.568235
0.568285
0.568336
0.568387
0.568438
0.568490
0.568541
0.568593
0.568646
0.568698
0.568751
0.568803
0.568856
0.568909
0.568962
0.569015
0.569069
0.569122
0.569176
0.569229
0.569283
0.569337
0.569390
0.569444
0.569498
0.569552
0.569606
0.569660
0.569660
0.569714
0.569768
0.569822
0.569876
0.569930
0.569985
0.570039
0.570093
0.570147
0.570201
0.570256
0.570310
0.570364
0.570418
0.570473
0.570527
0.570581
0.570636
0.570690
0.570744
0.570799
0.570853
0.570907
0.570962
0.571016
0.571071
0.571125
0.571180
0.571234
0.571289
0.571343
0.571398
0.571452
0.571507
0.571561
0.571616
0.571670
0.571725
0.571780
0.571834
0.571889
0.571944
0.571998
0.572053
0.572108
0.572162
0.572217
0.572272
0.572326
0.572381
0.572436
0.572491
0.572546
0.572600
0.572655
0.572710
0.572765
0.572820
0.572874
0.572929
0.572984
0.573039
0.573094
0.573149
0.573203
0.573258
0.573313
0.573368
0.573423
0.573477
0.573532
0.573587
0.573641
0.573696
0.573751
0.573805
0.573860
0.573914
0.573969
0.574023
0.574077
0.574131
0.574185
0.574239
0.574292
0.574346
0.574399
0.574451
0.574504
0.574556
0.574607
0.574658
0.574707
0.574755
0.574802
0.574846
0.574885
0.574918
0.574939
0.574932
0.574908
0.574920
0.574936
0.575014
0.575050
0.575140
0.575188
0.575280
0.575309
0.575395
0.575441
0.575536
0.575568
0.575655
0.575698
0.575794
0.575824
0.575921
0.575962
0.576057
0.576085
0.576159
0.576186
0.576280
0.576314
0.576414
0.576434
0.576526
0.576548
0.576639
0.576654
0.576738
0.576754
0.576845
0.576858
0.576947
0.576959
0.577048
0.577056
0.577142
0.577150
0.577237
0.577244
0.577329
0.577335
0.577420
0.577425
0.577508
0.577513
0.577595
0.577600
0.577681
0.577685
0.577766
0.577770
0.577849
0.577853
0.577932
0.577936
0.578013
0.578017
0.578093
0.578098
0.578173
0.578178
0.578251
0.578257
0.578328
0.578335
0.578405
0.578412
0.578480
0.578488
0.578555
0.578564
0.578629
0.578639
0.578702
0.578713
0.578773
0.578786
0.578845
0.578858
0.578915
0.578930
0.578984
0.579001
0.579053
0.579071
0.579121
0.579140
0.579188
0.579209
0.579254
0.579277
0.579320
0.579344
0.579385
0.579410
0.579449
0.579476
0.579513
0.579541
0.579576
0.579605
0.579639
0.579668
0.579701
0.579730
0.579762
0.579792
0.579823
0.579853
0.579883
0.579913
0.579943
0.579972
0.580002
0.580031
0.580060
0.580088
0.580117
0.580145
0.580173
0.580201
0.580229
0.580256
0.580284
0.580311
0.580338
0.580365
0.580391
0.580418
0.580444
0.580470
0.580495
0.580521
0.580546
0.580572
0.580597
0.580621
0.580646
0.580670
0.580695
0.580718
0.580742
0.580766
0.580789
0.580812
0.580835
0.580858
0.580881
0.580903
0.580925
0.580947
0.580969
0.580991
0.581012
0.581033
0.581054
0.581075
0.581095
0.581116
0.581136
0.581156
0.581176
0.581195
0.581214
0.581234
0.581252
0.581271
0.581290
0.581308
0.581326
0.581344
0.581362
0.581379
0.581396
0.581413
0.581430
0.581447
0.581463
0.581479
0.581495
0.581511
0.581527
0.581542
0.581557
0.581572
0.581587
0.581601
0.581615
0.581630
0.581643
0.581657
0.581670
0.581684
0.581697
0.581710
0.581722
0.581734
0.581747
0.581759
0.581770
0.581782
0.581793
0.581804
0.581815
0.581826
0.581836
0.581846
0.581856
0.581866
0.581876
0.581885
0.581894
0.581903
0.581912
0.581920
0.581929
0.581937
0.581945
0.581952
0.581960
0.581967
0.581974
0.581981
0.581987
0.581993
0.582000
0.582005
0.582011
0.582017
0.582022
0.582027
0.582032
0.582036
0.582041
0.582045
0.582049
0.582053
0.582056
0.582060
0.582063
0.582066
0.582068
0.582071
0.582073
0.582075
0.582077
0.582078
0.582080
0.582081
0.582082
0.582083
0.582083
0.582083
0.582084
0.582083
0.582083
0.582083
0.582082
0.582081
0.582080
0.582078
0.582077
0.582075
0.582073
0.582071
0.582068
0.582065
0.582063
0.582059
0.582056
0.582053
0.582049
0.582045
0.582041
0.582037
0.582032
0.582027
0.582022
0.582017
0.582012
0.582006
0.582000
0.581994
0.581988
0.581982
0.581975
0.581968
0.581961
0.581954
0.581947
0.581939
0.581931
0.581923
0.581915
0.581906
0.581898
0.581889
0.581880
0.581871
0.581861
0.581851
0.581842
0.581832
0.581821
0.581811
0.581800
0.581790
0.581779
0.581767
0.581756
0.581744
0.581733
0.581721
0.581708
0.581696
0.581683
0.581671
0.581658
0.581645
0.581631
0.581618
0.581604
0.581590
0.581576
0.581562
0.581548
0.581533
0.581518
0.581503
0.581488
0.581473
0.581457
0.581442
0.581426
0.581410
0.581393
0.581377
0.581360
0.581344
0.581327
0.581310
0.581292
0.581275
0.581257
0.581239
0.581221
0.581203
0.581185
0.581166
0.581148
0.581129
0.581110
0.581090
0.581071
0.581051
0.581032
0.581012
0.580992
0.580972
0.580951
0.580931
0.580910
0.580889
0.580868
0.580846
0.580825
0.580803
0.580782
0.580760
0.580737
0.580715
0.580693
0.580670
0.580647
0.580624
0.580601
0.580578
0.580554
0.580531
0.580507
0.580483
0.580459
0.580434
0.580410
0.580385
0.580360
0.580335
0.580310
0.580284
0.580259
0.580233
0.580207
0.580181
0.580155
0.580128
0.580128
0.580101
0.580075
0.580048
0.580020
0.579993
0.579965
0.579938
0.579910
0.579882
0.579854
0.579825
0.579797
0.579768
0.579739
0.579710
0.579681
0.579651
0.579622
0.579592
0.579562
0.579532
0.579502
0.579471
0.579441
0.579410
0.579379
0.579348
0.579317
0.579286
0.579255
0.579223
0.579191
0.579160
0.579128
0.579096
0.579064
0.579032
0.578999
0.578967
0.578934
0.578902
0.578869
0.578837
0.578804
0.578771
0.578738
0.578705
0.578672
0.578639
0.578606
0.578573
0.578540
0.578507
0.578473
0.578440
0.578407
0.578374
0.578340
0.578307
0.578274
0.578240
0.578207
0.578174
0.578140
0.578107
0.578074
0.578040
0.578007
0.577974
0.577940
0.577907
0.577874
0.577840
0.577807
0.577774
0.577740
0.577707
0.577673
0.577640
0.577607
0.577573
0.577540
0.577506
0.577472
0.577439
0.577405
0.577372
0.577338
0.577304
0.577270
0.577236
0.577203
0.577169
0.577135
0.577101
0.577066
0.577032
0.576998
0.576964
0.576929
0.576895
0.576860
0.576826
0.576791
0.576756
0.576721
0.576686
0.576651
0.576616
0.576581
0.576545
0.576510
0.576474
0.576439
0.576403
0.576367
0.576331
0.576295
0.576259
0.576223
0.576186
0.576150
0.576113
0.576076
0.576040
0.576003
0.575966
0.575928
0.575891
0.575854
0.575816
0.575779
0.575741
0.575703
0.575665
0.575627
0.575589
0.575551
0.575512
0.575474
0.575435
0.575396
0.575357
0.575318
0.575279
0.575240
0.575200
0.575161
0.575121
0.575082
0.575042
0.575002
0.574962
0.574922
0.574881
0.574841
0.574801
0.574760
0.574719
0.574678
0.574637
0.574596
0.574555
0.574514
0.574472
0.574431
0.574389
0.574347
0.574305
0.574263
0.574221
0.574179
0.574137
0.574094
0.574052
0.574009
0.573967
0.573924
0.573881
0.573838
0.573795
0.573751
0.573708
0.573664
0.573621
0.573577
0.573533
0.573490
0.573446
0.573401
0.573357
0.573313
0.573269
0.573224
0.573179
0.573135
0.573090
0.573045
0.573000
0.572955
0.572910
0.572864
0.572819
0.572774
0.572728
0.572682
0.572637
0.572591
0.572545
0.572499
0.572453
0.572406
0.572360
0.572314
0.572267
0.572220
0.572174
0.572127
0.572080
0.572033
0.571986
0.571939
0.571892
0.571844
0.571797
0.571749
0.571702
0.571654
0.571606
0.571558
0.571511
0.571463
0.571414
0.571366
0.571318
0.571270
0.571221
0.571173
0.571124
0.571075
0.571027
0.570978
0.570929
0.570880
0.570831
0.570781
0.570732
0.570683
0.570633
0.570584
0.570534
0.570485
0.570435
0.570385
0.570335
0.570285
0.570235
0.570185
0.570135
0.570085
0.570034
0.569984
0.569934
0.569883
0.569832
0.569782
0.569731
0.569680
0.569629
0.569578
0.569527
0.569476
0.569425
0.569373
0.569322
0.569271
0.569219
0.569167
0.569116
0.569064
0.569012
0.568961
0.568909
0.568857
0.568805
0.568753
0.568700
0.568648
0.568596
0.568543
0.568491
0.568438
0.568386
0.568333
0.568281
0.568228
0.568175
0.568122
0.568069
0.568016
0.567963
0.567910
0.567857
0.567803
0.567750
0.567697
0.567643
0.567590
0.567536
0.567483
0.567429
0.567375
0.567321
0.567268
0.567214
0.567160
0.567106
0.567052
0.566997
0.566943
0.566889
0.566835
0.566780
0.566726
0.566671
0.566617
0.566562
0.566508
0.566453
0.566398
0.566343
0.566288
0.566233
0.566178
0.566123
0.566068
0.566013
0.565958
0.565903
0.565847
0.565792
0.565737
0.565681
0.565626
0.565570
0.565515
0.565459
0.565403
0.565347
0.565292
0.565236
0.565180
0.565124
0.565068
0.565012
0.564956
0.564900
0.564843
0.564787
0.564731
0.564674
0.564618
0.564562
0.564505
0.564449
0.564392
0.564335
0.564279
0.564222
0.564165
0.564108
0.564052
0.563995
0.563938
0.563881
0.563824
0.563767
0.563709
0.563652
0.563595
0.563538
0.563480
0.563423
0.563366
0.563308
0.563251
0.563193
0.563136
0.563078
0.563020
0.562963
0.562905
0.562847
0.562789
0.562731
0.562673
0.562616
0.562557
0.562499
0.562441
0.562383
0.562325
0.562267
0.562209
0.562150
0.562092
0.562034
0.561975
0.561917
0.561858
0.561800
0.561741
0.561683
0.561624
0.561565
0.561506
0.561448
0.561389
0.561330
0.561271
0.561212
0.561153
0.561094
0.561035
0.560976
0.560917
0.560858
0.560799
0.560739
0.560680
0.560621
0.560561
0.560502
0.560442
0.560383
0.560324
0.560264
0.560204
0.560145
0.560085
0.560025
0.559966
0.559906
0.559846
0.559786
0.559726
0.559666
0.559606
0.559546
0.559486
0.559426
0.559366
0.559306
0.559246
0.559186
0.559126
0.559065
0.559005
0.558945
0.558884
0.558824
0.558763
0.558703
0.558642
0.558582
0.558521
0.558460
0.558400
0.558339
0.558278
0.558218
0.558157
0.558096
0.558035
0.557974
0.557913
0.557852
0.557791
0.557730
0.557669
0.557608
0.557547
0.557485
0.557424
0.557363
0.557302
0.557240
0.557179
0.557118
0.557056
0.556995
0.556933
0.556872
0.556810
0.556748
0.556687
0.556625
0.556563
0.556502
0.556502
0.556440
0.556378
0.556316
0.556254
0.556193
0.556131
0.556069
0.556007
0.555945
0.555883
0.555820
0.555758
0.555696
0.555634
0.555572
0.555509
0.555447
0.555385
0.555322
0.555260
0.555198
0.555135
0.555073
0.555010
0.554948
0.554885
0.554822
0.554760
0.554697
0.554634
0.554571
0.554509
0.554446
0.554383
0.554320
0.554257
0.554194
0.554131
0.554068
0.554005
0.553942
0.553879
0.553816
0.553753
0.553690
0.553626
0.553563
0.553500
0.553436
0.553373
0.553310
0.553246
0.553183
0.553119
0.553056
0.552992
0.552929
0.552865
0.552801
0.552738
0.552674
0.552610
0.552547
0.552483
0.552419
0.552355
0.552291
0.552227
0.552163
0.552099
0.552035
0.551971
0.551907
0.551843
0.551779
0.551715
0.551651
0.551586
0.551522
0.551458
0.551394
0.551329
0.551265
0.551201
0.551136
0.551072
0.551007
0.550943
0.550878
0.550814
0.550749
0.550684
0.550620
0.550555
0.550490
0.550425
0.550361
0.550296
0.550231
0.550166
0.550101
0.550036
0.549971
0.549906
0.549841
0.549776
0.549711
0.549646
0.549581
0.549516
0.549451
0.549385
0.549320
0.549255
0.549189
0.549124
0.549059
0.548993
0.548928
0.548862
0.548797
0.548731
0.548666
0.548600
0.548535
0.548469
0.548404
0.548338
0.548272
0.548206
0.548141
0.548075
0.548009
0.547943
0.547877
0.547811
0.547745
0.547680
0.547614
0.547548
0.547481
0.547415
0.547349
0.547283
0.547217
0.547151
0.547085
0.547018
0.546952
0.546886
0.546820
0.546753
0.546687
0.546621
0.546554
0.546488
0.546421
0.546355
0.546288
0.546222
0.546155
0.546088
0.546022
0.545955
0.545889
0.545822
0.545755
0.545688
0.545622
0.545555
0.545488
0.545421
0.545354
0.545287
0.545220
0.545153
0.545086
0.545019
0.544952
0.544885
0.544818
0.544751
0.544684
0.544617
0.544550
0.544483
0.544415
0.544348
0.544281
0.544213
0.544146
0.544079
0.544011
0.543944
0.543877
0.543809
0.543742
0.543674
0.543607
0.543539
0.543472
0.543404
0.543336
0.543269
0.543201
0.543133
0.543066
0.542998
0.542930
0.542863
0.542795
0.542727
0.542659
0.542591
0.542523
0.542455
0.542388
0.542320
0.542252
0.542184
0.542116
0.542048
0.541980
0.541912
0.541843
0.541775
0.541707
0.541639
0.541571
0.541503
0.541434
0.541366
0.541298
0.541230
0.541161
0.541093
0.541025
0.540956
0.540888
0.540820
0.540751
0.540683
0.540614
0.540546
0.540477
0.540409
0.540340
0.540272
0.540203
0.540135
0.540066
0.539997
0.539929
0.539860
0.539791
0.539723
0.539654
0.539585
0.539516
0.539448
0.539379
0.539310
0.539241
0.539172
0.539104
0.539035
0.538966
0.538897
0.538828
0.538759
0.538690
0.538621
0.538552
0.538483
0.538414
0.538345
0.538276
0.538207
0.538138
0.538069
0.538000
0.537931
0.537861
0.537792
0.537723
0.537654
0.537585
0.537515
0.537446
0.537377
0.537308
0.537238
0.537169
0.537100
0.537031
0.536961
0.536892
0.536823
0.536753
0.536684
0.536614
0.536545
0.536476
0.536406
0.536337
0.536267
0.536198
0.536128
0.536059
0.535989
0.535920
0.535850
0.535781
0.535711
0.535642
0.535572
0.535503
0.535433
0.535363
0.535294
0.535224
0.535155
0.535085
0.535015
0.534946
0.534876
0.534806
0.534737
0.534667
0.534597
0.534527
0.534458
0.534388
0.534318
0.534249
0.534179
0.534109
0.534039
0.533970
0.533900
0.533830
0.533760
0.533690
0.533621
0.533551
0.533481
0.533411
0.533341
0.533271
0.533202
0.533132
0.533062
0.532992
0.532922
0.532852
0.532782
0.532713
0.532643
0.532573
0.532503
0.532433
0.532363
0.532293
0.532223
0.532153
0.532083
0.532013
0.531944
0.531874
0.531804
0.531734
0.531664
0.531594
0.531524
0.531454
0.531384
0.531314
0.531244
0.531174
0.531104
0.531034
0.530964
0.530894
0.530824
0.530754
0.530685
0.530615
0.530545
0.530475
0.530405
0.530335
0.530265
0.530195
0.530125
0.530055
0.529985
0.529915
0.529845
0.529775
0.529705
0.529635
0.529565
0.529495
0.529425
0.529356
0.529286
0.529216
0.529146
0.529076
0.529006
0.528936
0.528866
0.528796
0.528726
0.528656
0.528587
0.528517
0.528447
0.528377
0.528307
0.528237
0.528167
0.528098
0.528028
0.527958
0.527888
0.527818
0.527748
0.527679
0.527609
0.527539
0.527469
0.527399
0.527330
0.527260
0.527190
0.527120
0.527051
0.526981
0.526911
0.526841
0.526772
0.526702
0.526632
0.526563
0.526493
0.526423
0.526354
0.526284
0.526214
0.526145
0.526075
0.526006
0.525936
0.525866
0.525797
0.525727
0.525658
0.525588
0.525519
0.525449
0.525380
0.525310
0.525241
0.525171
0.525102
0.525032
0.524963
0.524894
0.524824
0.524755
0.524686
0.524616
0.524547
0.524478
0.524408
0.524339
0.524270
0.524200
0.524131
0.524062
0.523993
0.523924
0.523854
0.523785
0.523716
0.523647
0.523578
0.523509
0.523440
0.523371
0.523302
0.523233
0.523164
0.523095
0.523026
0.522957
0.522888
0.522819
0.522819
0.522750
0.522681
0.522612
0.522543
0.522475
0.522406
0.522337
0.522268
0.522200
0.522131
0.522062
0.521993
0.521925
0.521856
0.521788
0.521719
0.521650
0.521582
0.521513
0.521445
0.521376
0.521308
0.521240
0.521171
0.521103
0.521034
0.520966
0.520898
0.520829
0.520761
0.520693
0.520625
0.520556
0.520488
0.520420
0.520352
0.520284
0.520216
0.520148
0.520080
0.520012
0.519944
0.519876
0.519808
0.519740
0.519672
0.519604
0.519537
0.519469
0.519401
0.519333
0.519266
0.519198
0.519130
0.519063
0.518995
0.518927
0.518860
0.518792
0.518725
0.518658
0.518590
0.518523
0.518455
0.518388
0.518321
0.518253
0.518186
0.518119
0.518052
0.517985
0.517918
0.517850
0.517783
0.517716
0.517649
0.517582
0.517515
0.517449
0.517382
0.517315
0.517248
0.517181
0.517115
0.517048
0.516981
0.516914
0.516848
0.516781
0.516715
0.516648
0.516582
0.516515
0.516449
0.516383
0.516316
0.516250
0.516184
0.516117
0.516051
0.515985
0.515919
0.515853
0.515787
0.515721
0.515655
0.515589
0.515523
0.515457
0.515391
0.515325
0.515260
0.515194
0.515128
0.515062
0.514997
0.514931
0.514866
0.514800
0.514735
0.514669
0.514604
0.514539
0.514473
0.514408
0.514343
0.514278
0.514212
0.514147
0.514082
0.514017
0.513952
0.513887
0.513822
0.513757
0.513693
0.513628
0.513563
0.513498
0.513434
0.513369
0.513304
0.513240
0.513175
0.513111
0.513046
0.512982
0.512918
0.512853
0.512789
0.512725
0.512661
0.512597
0.512533
0.512468
0.512404
0.512341
0.512277
0.512213
0.512149
0.512085
0.512021
0.511958
0.511894
0.511830
0.511767
0.511703
0.511640
0.511576
0.511513
0.511450
0.511386
0.511323
0.511260
0.511197
0.511134
0.511071
0.511008
0.510945
0.510882
0.510819
0.510756
0.510693
0.510631
0.510568
0.510505
0.510443
0.510380
0.510318
0.510255
0.510193
0.510130
0.510068
0.510006
0.509944
0.509881
0.509819
0.509757
0.509695
0.509633
0.509571
0.509510
0.509448
0.509386
0.509324
0.509263
0.509201
0.509139
0.509078
0.509016
0.508955
0.508894
0.508832
0.508771
0.508710
0.508649
0.508588
0.508527
0.508466
0.508405
0.508344
0.508283
0.508222
0.508161
0.508101
0.508040
0.507979
0.507919
0.507858
0.507798
0.507737
0.507677
0.507617
0.507557
0.507496
0.507436
0.507376
0.507316
0.507256
0.507196
0.507136
0.507077
0.507017
0.506957
0.506897
0.506838
0.506778
0.506719
0.506659
0.506600
0.506541
0.506481
0.506422
0.506363
0.506304
0.506245
0.506186
0.506127
0.506068
0.506009
0.505950
0.505891
0.505833
0.505774
0.505715
0.505657
0.505598
0.505540
0.505481
0.505423
0.505365
0.505306
0.505248
0.505190
0.505132
0.505074
0.505016
0.504958
0.504900
0.504842
0.504784
0.504727
0.504669
0.504611
0.504554
0.504496
0.504439
0.504381
0.504324
0.504266
0.504209
0.504152
0.504095
0.504037
0.503980
0.503923
0.503866
0.503809
0.503752
0.503695
0.503638
0.503582
0.503525
0.503468
0.503411
0.503355
0.503298
0.503241
0.503185
0.503128
0.503072
0.503015
0.502959
0.502903
0.502846
0.502790
0.502734
0.502678
0.502621
0.502565
0.502509
0.502453
0.502397
0.502341
0.502285
0.502229
0.502173
0.502117
0.502061
0.502005
0.501950
0.501894
0.501838
0.501782
0.501727
0.501671
0.501615
0.501559
0.501504
0.501448
0.501393
0.501337
0.501281
0.501226
0.501170
0.501115
0.501059
0.501004
0.500948
0.500893
0.500837
0.500782
0.500727
0.500671
0.500616
0.500560
0.500505
0.500449
0.500394
0.500339
0.500283
0.500228
0.500172
0.500117
0.500062
0.500006
0.499951
0.499896
0.499840
0.499785
0.499729
0.499674
0.499619
0.499563
0.499508
0.499452
0.499397
0.499341
0.499286
0.499231
0.499175
0.499120
0.499064
0.499009
0.498953
0.498898
0.498842
0.498787
0.498731
0.498676
0.498620
0.498565
0.498509
0.498453
0.498398
0.498342
0.498287
0.498231
0.498175
0.498120
0.498064
0.498008
0.497953
0.497897
0.497841
0.497785
0.497730
0.497674
0.497618
0.497562
0.497507
0.497451
0.497395
0.497339
0.497283
0.497227
0.497172
0.497116
0.497060
0.497004
0.496948
0.496892
0.496836
0.496780
0.496724
0.496668
0.496613
0.496557
0.496501
0.496445
0.496389
0.496333
0.496277
0.496221
0.496165
0.496109
0.496053
0.495997
0.495941
0.495885
0.495829
0.495773
0.495717
0.495661
0.495605
0.495549
0.495493
0.495437
0.495382
0.495326
0.495270
0.495214
0.495158
0.495102
0.495046
0.494991
0.494935
0.494879
0.494823
0.494767
0.494712
0.494656
0.494600
0.494545
0.494489
0.494434
0.494378
0.494323
0.494267
0.494212
0.494156
0.494101
0.494045
0.493990
0.493935
0.493880
0.493825
0.493769
0.493714
0.493659
0.493604
0.493549
0.493495
0.493440
0.493385
0.493330
0.493276
0.493221
0.493167
0.493112
0.493058
0.493003
0.492949
0.492895
0.492841
0.492787
0.492733
0.492679
0.492625
0.492625
0.492572
0.492518
0.492464
0.492411
0.492358
0.492304
0.492251
0.492198
0.492145
0.492092
0.492040
0.491987
0.491934
0.491882
0.491830
0.491777
0.491725
0.491673
0.491622
0.491570
0.491518
0.491467
0.491415
0.491364
0.491313
0.491262
0.491211
0.491161
0.491110
0.491060
0.491010
0.490959
0.490910
0.490860
0.490810
0.490761
0.490711
0.490662
0.490613
0.490564
0.490516
0.490467
0.490419
0.490371
0.490323
0.490275
0.490227
0.490180
0.490132
0.490085
0.490038
0.489991
0.489945
0.489899
0.489852
0.489806
0.489761
0.489715
0.489669
0.489624
0.489579
0.489534
0.489490
0.489445
0.489401
0.489357
0.489313
0.489269
0.489226
0.489182
0.489139
0.489096
0.489053
0.489011
0.488968
0.488925
0.488883
0.488841
0.488798
0.488756
0.488713
0.488670
0.488627
0.488584
0.488540
0.488495
0.488450
0.488405
0.488360
0.488315
0.488272
0.488233
0.488198
0.488169
0.488147
0.488132
0.488125
0.488125
0.488131
0.488144
0.488161
0.488183
0.488207
0.488235
0.488264
0.488294
0.488324
0.488354
0.488384
0.488412
0.488439
0.488464
0.488487
0.488508
0.488526
0.488542
0.488556
0.488566
0.488574
0.488578
0.488580
0.488579
0.488575
0.488568
0.488558
0.488545
0.488529
0.488510
0.488488
0.488463
0.488436
0.488406
0.488374
0.488340
0.488304
0.488265
0.488225
0.488183
0.488139
0.488094
0.488048
0.488000
0.487951
0.487902
0.487851
0.487799
0.487746
0.487692
0.487638
0.487583
0.487528
0.487472
0.487415
0.487358
0.487300
0.487243
0.487184
0.487126
0.487067
0.487007
0.486948
0.486888
0.486829
0.486769
0.486708
0.486648
0.486588
0.486528
0.486467
0.486407
0.486347
0.486287
0.486226
0.486166
0.486106
0.486046
0.485987
0.485927
0.485867
0.485808
0.485749
0.485690
0.485631
0.485572
0.485514
0.485456
0.485398
0.485340
0.485282
0.485225
0.485167
0.485110
0.485054
0.484997
0.484941
0.484884
0.484828
0.484773
0.484717
0.484662
0.484607
0.484552
0.484497
0.484442
0.484388
0.484334
0.484280
0.484226
0.484172
0.484118
0.484065
0.484012
0.483959
0.483906
0.483853
0.483800
0.483748
0.483696
0.483643
0.483591
0.483539
0.483488
0.483436
0.483384
0.483333
0.483282
0.483230
0.483179
0.483128
0.483077
0.483027
0.482976
0.482925
0.482875
0.482824
0.482774
0.482724
0.482674
0.482624
0.482574
0.482524
0.482474
0.482425
0.482375
0.482326
0.482277
0.482227
0.482178
0.482129
0.482080
0.482031
0.481982
0.481934
0.481885
0.481836
0.481788
0.481739
0.481691
0.481643
0.481595
0.481547
0.481499
0.481451
0.481403
0.481355
0.481308
0.481260
0.481213
0.481166
0.481118
0.481071
0.481024
0.480977
0.480930
0.480883
0.480837
0.480790
0.480744
0.480697
0.480651
0.480605
0.480558
0.480512
0.480466
0.480420
0.480375
0.480329
0.480283
0.480238
0.480192
0.480147
0.480102
0.480057
0.480012
0.479967
0.479922
0.479877
0.479833
0.479788
0.479744
0.479699
0.479655
0.479611
0.479567
0.479523
0.479479
0.479435
0.479391
0.479347
0.479304
0.479260
0.479217
0.479174
0.479131
0.479087
0.479044
0.479002
0.478959
0.478916
0.478873
0.478831
0.478788
0.478746
0.478704
0.478661
0.478619
0.478577
0.478535
0.478493
0.478452
0.478410
0.478368
0.478327
0.478285
0.478244
0.478203
0.478162
0.478120
0.478079
0.478038
0.477998
0.477957
0.477916
0.477875
0.477835
0.477794
0.477754
0.477714
0.477673
0.477633
0.477593
0.477553
0.477513
0.477473
0.477434
0.477394
0.477354
0.477315
0.477275
0.477236
0.477197
0.477157
0.477118
0.477079
0.477040
0.477001
0.476962
0.476923
0.476885
0.476846
0.476807
0.476769
0.476730
0.476692
0.476653
0.476615
0.476577
0.476539
0.476501
0.476463
0.476425
0.476387
0.476349
0.476312
0.476274
0.476236
0.476199
0.476162
0.476124
0.476087
0.476050
0.476013
0.475975
0.475938
0.475901
0.475865
0.475828
0.475791
0.475754
0.475718
0.475681
0.475645
0.475608
0.475572
0.475536
0.475499
0.475463
0.475427
0.475391
0.475355
0.475319
0.475283
0.475248
0.475212
0.475176
0.475141
0.475105
0.475070
0.475034
0.474999
0.474964
0.474929
0.474894
0.474858
0.474823
0.474789
0.474754
0.474719
0.474684
0.474650
0.474615
0.474580
0.474546
0.474512
0.474477
0.474443
0.474409
0.474375
0.474340
0.474306
0.474272
0.474239
0.474205
0.474171
0.474137
0.474104
0.474070
0.474037
0.474003
0.473970
0.473936
0.473903
0.473870
0.473837
0.473804
0.473771
0.473738
0.473705
0.473672
0.473639
0.473607
0.473574
0.473542
0.473509
0.473477
0.473444
0.473412
0.473380
0.473348
0.473315
0.473283
0.473251
0.473219
0.473188
0.473156
0.473124
0.473092
0.473061
0.473029
0.472998
0.472966
0.472935
0.472904
0.472872
0.472841
0.472810
0.472779
0.472748
0.472717
0.472686
0.472655
0.472624
0.472594
0.472563
0.472533
0.472502
0.472472
0.472441
0.472411
0.472411
0.472381
0.472350
0.472320
0.472290
0.472260
0.472230
0.472200
0.472170
0.472141
0.472111
0.472081
0.472052
0.472022
0.471993
0.471963
0.471934
0.471904
0.471875
0.471846
0.471817
0.471788
0.471759
0.471730
0.471701
0.471672
0.471643
0.471614
0.471586
0.471557
0.471529
0.471500
0.471472
0.471443
0.471415
0.471387
0.471358
0.471330
0.471302
0.471274
0.471246
0.471218
0.471190
0.471162
0.471134
0.471107
0.471079
0.471051
0.471024
0.470996
0.470969
0.470942
0.470914
0.470887
0.470860
0.470832
0.470805
0.470778
0.470751
0.470724
0.470697
0.470670
0.470644
0.470617
0.470590
0.470563
0.470537
0.470510
0.470484
0.470457
0.470431
0.470405
0.470378
0.470352
0.470326
0.470300
0.470274
0.470247
0.470221
0.470196
0.470170
0.470144
0.470118
0.470092
0.470066
0.470041
0.470015
0.469990
0.469964
0.469939
0.469913
0.469888
0.469862
0.469837
0.469812
0.469787
0.469762
0.469736
0.469711
0.469686
0.469661
0.469637
0.469612
0.469587
0.469562
0.469537
0.469513
0.469488
0.469463
0.469439
0.469414
0.469390
0.469365
0.469341
0.469317
0.469292
0.469268
0.469244
0.469220
0.469195
0.469171
0.469147
0.469123
0.469099
0.469075
0.469052
0.469028
0.469004
0.468980
0.468956
0.468933
0.468909
0.468885
0.468862
0.468838
0.468815
0.468791
0.468768
0.468745
0.468721
0.468698
0.468675
0.468651
0.468628
0.468605
0.468582
0.468559
0.468536
0.468513
0.468490
0.468467
0.468444
0.468421
0.468398
0.468376
0.468353
0.468330
0.468308
0.468285
0.468262
0.468240
0.468217
0.468195
0.468172
0.468150
0.468127
0.468105
0.468083
0.468060
0.468038
0.468016
0.467994
0.467972
0.467949
0.467927
0.467905
0.467883
0.467861
0.467839
0.467817
0.467796
0.467774
0.467752
0.467730
0.467708
0.467687
0.467665
0.467643
0.467622
0.467600
0.467578
0.467557
0.467535
0.467514
0.467492
0.467471
0.467449
0.467428
0.467407
0.467385
0.467364
0.467343
0.467322
0.467300
0.467279
0.467258
0.467237
0.467216
0.467195
0.467174
0.467153
0.467132
0.467111
0.467090
0.467069
0.467048
0.467028
0.467007
0.466986
0.466965
0.466945
0.466924
0.466903
0.466883
0.466862
0.466841
0.466821
0.466800
0.466780
0.466759
0.466739
0.466718
0.466698
0.466678
0.466657
0.466637
0.466617
0.466597
0.466576
0.466556
0.466536
0.466516
0.466496
0.466475
0.466455
0.466435
0.466415
0.466395
0.466375
0.466355
0.466335
0.466315
0.466296
0.466276
0.466256
0.466236
0.466216
0.466197
0.466177
0.466157
0.466137
0.466118
0.466098
0.466078
0.466059
0.466039
0.466020
0.466000
0.465981
0.465961
0.465942
0.465922
0.465903
0.465883
0.465864
0.465845
0.465825
0.465806
0.465787
0.465768
0.465748
0.465729
0.465710
0.465691
0.465672
0.465653
0.465633
0.465614
0.465595
0.465576
0.465557
0.465538
0.465519
0.465500
0.465481
0.465463
0.465444
0.465425
0.465406
0.465387
0.465368
0.465350
0.465331
0.465312
0.465293
0.465275
0.465256
0.465237
0.465219
0.465200
0.465181
0.465163
0.465144
0.465126
0.465107
0.465089
0.465070
0.465052
0.465034
0.465015
0.464997
0.464978
0.464960
0.464942
0.464923
0.464905
0.464887
0.464869
0.464850
0.464832
0.464814
0.464796
0.464778
0.464760
0.464741
0.464723
0.464705
0.464687
0.464669
0.464651
0.464633
0.464615
0.464597
0.464579
0.464562
0.464544
0.464526
0.464508
0.464490
0.464472
0.464454
0.464437
0.464419
0.464401
0.464383
0.464366
0.464348
0.464330
0.464313
0.464295
0.464278
0.464260
0.464242
0.464225
0.464207
0.464190
0.464172
0.464155
0.464137
0.464120
0.464102
0.464085
0.464068
0.464050
0.464033
0.464016
0.463998
0.463981
0.463964
0.463946
0.463929
0.463912
0.463895
0.463878
0.463860
0.463843
0.463826
0.463809
0.463792
0.463775
0.463758
0.463741
0.463724
0.463707
0.463690
0.463673
0.463656
0.463639
0.463622
0.463605
0.463588
0.463571
0.463554
0.463538
0.463521
0.463504
0.463487
0.463470
0.463454
0.463437
0.463420
0.463404
0.463387
0.463370
0.463354
0.463337
0.463320
0.463304
0.463287
0.463271
0.463254
0.463238
0.463221
0.463205
0.463188
0.463172
0.463155
0.463139
0.463122
0.463106
0.463090
0.463073
0.463057
0.463041
0.463024
0.463008
0.462992
0.462976
0.462959
0.462943
0.462927
0.462911
0.462895
0.462878
0.462862
0.462846
0.462830
0.462814
0.462798
0.462782
0.462766
0.462750
0.462734
0.462718
0.462702
0.462686
0.462670
0.462654
0.462638
0.462622
0.462607
0.462591
0.462575
0.462559
0.462543
0.462528
0.462512
0.462496
0.462480
0.462465
0.462449
0.462433
0.462418
0.462402
0.462386
0.462371
0.462355
0.462340
0.462324
0.462309
0.462293
0.462277
0.462262
0.462247
0.462231
0.462216
0.462200
0.462185
0.462169
0.462154
0.462139
0.462123
0.462108
0.462093
0.462078
0.462062
0.462047
0.462032
0.462017
0.462001
0.462001
0.461986
0.461971
0.461956
0.461941
0.461926
0.461911
0.461895
0.461880
0.461865
0.461850
0.461835
0.461820
0.461805
0.461790
0.461775
0.461761
0.461746
0.461731
0.461716
0.461701
0.461686
0.461671
0.461657
0.461642
0.461627
0.461612
0.461598
0.461583
0.461568
0.461554
0.461539
0.461524
0.461510
0.461495
0.461480
0.461466
0.461451
0.461437
0.461422
0.461408
0.461393
0.461379
0.461364
0.461350
0.461336
0.461321
0.461307
0.461292
0.461278
0.461264
0.461250
0.461235
0.461221
0.461207
0.461193
0.461178
0.461164
0.461150
0.461136
0.461122
0.461108
0.461094
0.461079
0.461065
0.461051
0.461037
0.461023
0.461009
0.460995
0.460982
0.460968
0.460954
0.460940
0.460926
0.460912
0.460898
0.460885
0.460871
0.460857
0.460843
0.460830
0.460816
0.460802
0.460788
0.460775
0.460761
0.460748
0.460734
0.460721
0.460707
0.460693
0.460680
0.460667
0.460653
0.460640
0.460626
0.460613
0.460599
0.460586
0.460573
0.460559
0.460546
0.460533
0.460520
0.460506
0.460493
0.460480
0.460467
0.460454
0.460441
0.460428
0.460415
0.460402
0.460389
0.460376
0.460363
0.460350
0.460337
0.460324
0.460311
0.460298
0.460285
0.460272
0.460260
0.460247
0.460234
0.460221
0.460209
0.460196
0.460183
0.460171
0.460158
0.460146
0.460133
0.460121
0.460108
0.460096
0.460083
0.460071
0.460058
0.460046
0.460034
0.460021
0.460009
0.459997
0.459984
0.459972
0.459960
0.459948
0.459936
0.459924
0.459911
0.459899
0.459887
0.459875
0.459863
0.459851
0.459839
0.459828
0.459816
0.459804
0.459792
0.459780
0.459768
0.459757
0.459745
0.459733
0.459722
0.459710
0.459698
0.459687
0.459675
0.459664
0.459652
0.459641
0.459629
0.459618
0.459607
0.459595
0.459584
0.459573
0.459561
0.459550
0.459539
0.459528
0.459517
0.459506
0.459494
0.459483
0.459472
0.459461
0.459450
0.459440
0.459429
0.459418
0.459407
0.459396
0.459385
0.459375
0.459364
0.459353
0.459342
0.459332
0.459321
0.459311
0.459300
0.459290
0.459279
0.459269
0.459258
0.459248
0.459237
0.459227
0.459217
0.459206
0.459196
0.459186
0.459176
0.459166
0.459155
0.459145
0.459135
0.459125
0.459115
0.459105
0.459095
0.459085
0.459075
0.459065
0.459055
0.459046
0.459036
0.459026
0.459016
0.459006
0.458997
0.458987
0.458977
0.458968
0.458958
0.458949
0.458939
0.458929
0.458920
0.458910
0.458901
0.458891
0.458882
0.458873
0.458863
0.458854
0.458844
0.458835
0.458826
0.458816
0.458807
0.458798
0.458789
0.458779
0.458770
0.458761
0.458752
0.458742
0.458733
0.458724
0.458715
0.458706
0.458697
0.458688
0.458679
0.458669
0.458660
0.458651
0.458642
0.458633
0.458624
0.458615
0.458606
0.458597
0.458588
0.458579
0.458570
0.458561
0.458552
0.458543
0.458534
0.458525
0.458516
0.458507
0.458498
0.458489
0.458480
0.458471
0.458462
0.458453
0.458443
0.458434
0.458425
0.458416
0.458407
0.458398
0.458389
0.458380
0.458371
0.458362
0.458352
0.458343
0.458334
0.458325
0.458316
0.458306
0.458297
0.458288
0.458279
0.458269
0.458260
0.458251
0.458241
0.458232
0.458223
0.458213
0.458204
0.458194
0.458185
0.458175
0.458165
0.458156
0.458146
0.458137
0.458127
0.458117
0.458107
0.458098
0.458088
0.458078
0.458068
0.458058
0.458048
0.458038
0.458028
0.458018
0.458008
0.457998
0.457987
0.457977
0.457967
0.457956
0.457946
0.457936
0.457925
0.457914
0.457904
0.457893
0.457883
0.457872
0.457861
0.457850
0.457839
0.457828
0.457817
0.457806
0.457795
0.457784
0.457773
0.457762
0.457750
0.457739
0.457728
0.457716
0.457705
0.457693
0.457681
0.457670
0.457658
0.457646
0.457634
0.457622
0.457610
0.457598
0.457586
0.457574
0.457562
0.457549
0.457537
0.457524
0.457512
0.457499
0.457487
0.457474
0.457461
0.457449
0.457436
0.457423
0.457410
0.457397
0.457384
0.457371
0.457357
0.457344
0.457331
0.457317
0.457304
0.457291
0.457277
0.457263
0.457250
0.457236
0.457222
0.457208
0.457194
0.457180
0.457166
0.457152
0.457138
0.457124
0.457110
0.457095
0.457081
0.457067
0.457052
0.457038
0.457023
0.457008
0.456994
0.456979
0.456964
0.456949
0.456935
0.456920
0.456905
0.456890
0.456875
0.456859
0.456844
0.456829
0.456814
0.456799
0.456783
0.456768
0.456752
0.456737
0.456721
0.456706
0.456690
0.456675
0.456659
0.456643
0.456628
0.456612
0.456596
0.456580
0.456564
0.456548
0.456533
0.456517
0.456501
0.456485
0.456469
0.456452
0.456436
0.456420
0.456404
0.456388
0.456372
0.456355
0.456339
0.456323
0.456307
0.456290
0.456274
0.456258
0.456241
0.456225
0.456208
0.456192
0.456175
0.456159
0.456142
0.456126
0.456109
0.456093
0.456076
0.456060
0.456043
0.456027
0.456010
0.455994
0.455977
0.455961
0.455944
0.455927
0.455911
0.455894
0.455878
0.455861
0.455844
0.455828
0.455811
0.455795
0.455795
0.455778
0.455762
0.455745
0.455728
0.455712
0.455695
0.455679
0.455662
0.455646
0.455629
0.455613
0.455596
0.455580
0.455563
0.455547
0.455530
0.455514
0.455497
0.455481
0.455465
0.455448
0.455432
0.455416
0.455399
0.455383
0.455367
0.455350
0.455334
0.455318
0.455302
0.455286
0.455270
0.455253
0.455237
0.455221
0.455205
0.455189
0.455173
0.455157
0.455141
0.455125
0.455110
0.455094
0.455078
0.455062
0.455046
0.455031
0.455015
0.454999
0.454984
0.454968
0.454953
0.454937
0.454922
0.454906
0.454891
0.454876
0.454860
0.454845
0.454830
0.454815
0.454799
0.454784
0.454769
0.454754
0.454739
0.454725
0.454709
0.454696
0.454678
0.454668
0.454644
0.454646
0.454603
0.454637
0.454537
0.454670
0.454407
0.454782
0.454267
0.454841
0.454272
0.454756
0.454180
0.454669
0.454189
0.454599
0.454101
0.454590
0.454123
0.454536
0.454048
0.454502
0.454048
0.454491
0.454051
0.454538
0.454124
0.454600
0.454183
0.454663
0.454247
0.454714
0.454293
0.454759
0.454337
0.454793
0.454368
0.454819
0.454391
0.454834
0.454404
0.454842
0.454410
0.454843
0.454410
0.454839
0.454406
0.454832
0.454398
0.454820
0.454385
0.454805
0.454370
0.454787
0.454351
0.454767
0.454331
0.454744
0.454308
0.454721
0.454286
0.454698
0.454262
0.454674
0.454239
0.454651
0.454217
0.454629
0.454195
0.454607
0.454174
0.454587
0.454153
0.454568
0.454134
0.454549
0.454116
0.454532
0.454098
0.454516
0.454082
0.454501
0.454067
0.454487
0.454052
0.454474
0.454039
0.454462
0.454026
0.454451
0.454015
0.454441
0.454004
0.454432
0.453995
0.454424
0.453986
0.454416
0.453978
0.454410
0.453971
0.454405
0.453965
0.454400
0.453959
0.454396
0.453954
0.454393
0.453950
0.454390
0.453947
0.454388
0.453944
0.454387
0.453942
0.454386
0.453940
0.454386
0.453939
0.454386
0.453938
0.454387
0.453938
0.454388
0.453938
0.454389
0.453938
0.454391
0.453939
0.454393
0.453940
0.454396
0.453942
0.454399
0.453944
0.454402
0.453946
0.454405
0.453948
0.454408
0.453950
0.454412
0.453953
0.454416
0.453956
0.454420
0.453959
0.454424
0.453962
0.454428
0.453965
0.454433
0.453968
0.454437
0.453972
0.454442
0.453975
0.454446
0.453979
0.454451
0.453983
0.454456
0.453986
0.454461
0.453990
0.454465
0.453994
0.454470
0.453998
0.454475
0.454001
0.454479
0.454005
0.454484
0.454009
0.454489
0.454012
0.454493
0.454016
0.454498
0.454020
0.454502
0.454023
0.454506
0.454026
0.454510
0.454030
0.454514
0.454033
0.454518
0.454036
0.454522
0.454039
0.454526
0.454042
0.454530
0.454045
0.454533
0.454047
0.454536
0.454050
0.454540
0.454052
0.454543
0.454055
0.454546
0.454057
0.454548
0.454059
0.454551
0.454061
0.454554
0.454063
0.454556
0.454064
0.454559
0.454066
0.454561
0.454068
0.454563
0.454069
0.454565
0.454070
0.454567
0.454072
0.454569
0.454073
0.454571
0.454074
0.454573
0.454075
0.454575
0.454076
0.454577
0.454078
0.454578
0.454079
0.454580
0.454080
0.454582
0.454081
0.454583
0.454082
0.454585
0.454083
0.454587
0.454084
0.454589
0.454085
0.454590
0.454086
0.454592
0.454086
0.454593
0.454090
0.454597
0.454087
0.454595
0.454097
0.454602
0.454085
0.454589
0.454123
0.454599
0.454079
0.454553
0.454262
0.454465
0.454071
0.454641
0.454123
0.454542
0.454535
0.454121
0.454577
0.454087
0.454568
0.454378
0.454378
0.454257
0.454475
0.454119
0.454727
0.454089
0.454493
0.454809
0.453983
0.454394
0.454627
0.454021
0.454346
0.454351
0.454167
0.454371
0.454018
0.454449
0.453912
0.454346
0.454072
0.454261
0.453953
0.454621
0.454190
0.454674
0.454949
0.454392
0.454754
0.454792
0.454372
0.454813
0.454313
0.454804
0.454474
0.454659
0.454164
0.454713
0.454143
0.454542
0.454546
0.454154
0.454664
0.454186
0.454627
0.454641
0.454227
0.454714
0.454202
0.454589
0.454643
0.454116
0.454635
0.454124
0.454630
0.454231
0.454593
0.454088
0.454602
0.454283
0.454552
0.454067
0.454700
0.454162
0.454679
0.454263
0.454655
0.454147
0.454618
0.454520
0.454339
0.454556
0.454161
0.454878
0.454187
0.454626
0.454954
0.454037
0.454500
0.454720
0.454114
0.454427
0.454443
0.454300
0.454507
0.454173
0.454639
0.454102
0.454482
0.454479
0.454139
0.454703
0.454318
0.454841
0.455114
0.454635
0.455147
0.454803
0.455151
0.454604
0.455116
0.454664
0.455091
0.454511
0.454842
0.454999
0.454397
0.454775
0.454688
0.454540
0.454733
0.454373
0.455048
0.454374
0.454802
0.455133
0.454194
0.454647
0.454882
0.454288
0.454617
0.454673
0.454508
0.454759
0.454370
0.454868
0.454301
0.454638
0.454683
0.454252
0.454878
0.454471
0.454979
0.455217
0.454756
0.455317
0.454832
0.455377
0.454774
0.455146
0.455051
0.454743
0.455080
0.454596
0.455171
0.454664
0.455213
0.454561
0.454929
0.455293
0.455293
0.454468
0.454866
0.455153
0.454531
0.454809
0.454901
0.454532
0.454920
0.454444
0.454951
0.454441
0.454962
0.454425
0.454847
0.454913
0.454612
0.455215
0.454802
0.455249
0.455563
0.454948
0.455238
0.455467
0.454870
0.455193
0.455222
0.454851
0.455316
0.454807
0.455177
0.455216
0.454671
0.455222
0.454690
0.455070
0.455283
0.454751
0.455214
0.455039
0.455173
0.454831
0.455418
0.454825
0.455201
0.455628
0.454635
0.455158
0.455381
0.454703
0.454996
0.455217
0.454832
0.455262
0.454812
0.455297
0.454736
0.455186
0.454729
0.455235
0.454761
0.455208
0.455579
0.455095
0.455514
0.455735
0.455256
0.455812
0.455282
0.455841
0.455257
0.455796
0.455185
0.455606
0.455278
0.455485
0.455009
0.455761
0.455136
0.455522
0.455917
0.454992
0.455437
0.455691
0.455032
0.455307
0.455464
0.455094
0.455532
0.455043
0.455537
0.454997
0.455517
0.454954
0.455319
0.455592
0.455121
0.455650
0.455581
0.455741
0.455534
0.456041
0.455547
0.455900
0.456115
0.455433
0.455682
0.456000
0.455342
0.455657
0.456059
0.455367
0.455644
0.455919
0.455234
0.455431
0.455566
0.455051
0.455531
0.455077
0.455676
0.455160
0.455598
0.455536
0.455381
0.455697
0.455312
0.456230
0.455523
0.456096
0.456513
0.455486
0.456040
0.456270
0.455621
0.455902
0.455983
0.455728
0.456045
0.455538
0.456060
0.455441
0.455883
0.455417
0.455952
0.455467
0.455911
0.456473
0.455770
0.456263
0.456648
0.455929
0.456166
0.456412
0.455823
0.456141
0.455944
0.456007
0.455720
0.456126
0.455623
0.456093
0.455970
0.455889
0.456025
0.455866
0.456553
0.455998
0.456478
0.457110
0.455832
0.456733
0.456746
0.455983
0.456140
0.455990
0.456197
0.455932
0.456308
0.455752
0.456181
0.455653
0.456077
0.455492
0.455879
0.456526
0.455786
0.456473
0.456917
0.456234
0.456517
0.456786
0.456207
0.456525
0.456243
0.456451
0.455979
0.456591
0.455993
0.456285
0.456720
0.455953
0.456406
0.456864
0.456260
0.456605
0.456960
0.456450
0.456815
0.456569
0.456691
0.456245
0.456816
0.456198
0.456521
0.457014
0.456112
0.456636
0.457010
0.456380
0.456699
0.457004
0.456535
0.456956
0.456502
0.456939
0.456333
0.456660
0.456600
0.456262
0.456748
0.456318
0.456767
0.457136
0.456570
0.456900
0.457218
0.456617
0.456911
0.457125
0.456544
0.457022
0.456548
0.457052
0.456380
0.456633
0.457077
0.456149
0.456597
0.456942
0.456230
0.456506
0.456848
0.456330
0.456703
0.456535
0.456662
0.456338
0.456877
0.456356
0.456680
0.457216
0.456366
0.456940
0.457412
0.456704
0.457107
0.457522
0.456962
0.457255
0.457196
0.456966
0.457134
0.456649
0.457357
0.456626
0.457056
0.457559
0.456597
0.457188
0.457586
0.457006
0.457345
0.457615
0.457194
0.457644
0.457080
0.457552
0.456910
0.457428
0.456819
0.457279
0.457097
0.457325
0.456988
0.457886
0.457095
0.457782
0.458219
0.457037
0.457636
0.457863
0.457180
0.457428
0.457562
0.457237
0.457630
0.457082
0.457545
0.456939
0.457481
0.456822
0.457160
0.457744
0.456984
0.457536
0.458023
0.457396
0.457685
0.457999
0.457438
0.457791
0.457468
0.457732
0.457184
0.457826
0.457245
0.457579
0.457771
0.457230
0.457872
0.457395
0.458185
0.457582
0.457916
0.458372
0.457509
0.457840
0.458189
0.457413
0.457627
0.457954
0.457358
0.457644
0.457630
0.457339
0.457679
0.457175
0.457826
0.457264
0.458001
0.457372
0.457735
0.458312
0.457475
0.458018
0.458472
0.457759
0.458021
0.458338
0.457716
0.457986
0.457822
0.457752
0.457671
0.457728
0.457614
0.457979
0.457470
0.458452
0.457659
0.458238
0.458803
0.457679
0.458491
0.458882
0.458129
0.458380
0.458648
0.458045
0.458316
0.457814
0.458160
0.457542
0.457932
0.457745
0.457842
0.457611
0.458315
0.457858
0.458315
0.459106
0.457931
0.458796
0.459117
0.458266
0.458506
0.458804
0.458312
0.458674
0.458189
0.458637
0.458006
0.458309
0.458149
0.457959
0.458210
0.457860
0.458985
0.458061
0.459033
0.459555
0.458297
0.458946
0.459203
0.458626
0.458937
0.458828
0.458947
0.458675
0.458934
0.458286
0.458826
0.458155
0.458575
0.458444
0.458593
0.458517
0.459151
0.458765
0.459315
0.459386
0.458778
0.459592
0.458457
0.459234
0.459696
0.458284
0.459000
0.459202
0.458516
0.458695
0.458606
0.458529
0.458534
0.458380
0.458581
0.458082
0.458956
0.458016
0.458836
0.459422
0.458399
0.459241
0.459735
0.459203
0.459539
0.459739
0.459313
0.459693
0.459049
0.459430
0.458844
0.459312
0.458670
0.458989
0.459605
0.458834
0.459346
0.459861
0.459179
0.459464
0.459843
0.459233
0.459503
0.459445
0.459188
0.459415
0.458885
0.459647
0.458929
0.459277
0.459814
0.458858
0.459403
0.459853
0.459223
0.459523
0.459884
0.459343
0.459718
0.459279
0.459641
0.459014
0.459423
0.459176
0.459375
0.458916
0.459891
0.459004
0.459004
0.459814
0.460281
0.459188
0.459770
0.460123
0.459478
0.459724
0.459891
0.459450
0.459904
0.459299
0.459652
0.459319
0.459436
0.458934
0.459860
0.459038
0.459828
0.460350
0.459347
0.459924
0.460327
0.459695
0.459946
0.460172
0.459678
0.460159
0.459550
0.459984
0.459410
0.459933
0.459278
0.459603
0.460242
0.459422
0.459941
0.460440
0.459768
0.460039
0.460432
0.459841
0.460138
0.460051
0.459888
0.459993
0.459611
0.460320
0.459564
0.460043
0.460654
0.459543
0.460248
0.460662
0.460013
0.460320
0.460708
0.460174
0.460552
0.460073
0.460459
0.459799
0.460106
0.460099
0.459718
0.460332
0.459826
0.460229
0.460972
0.459931
0.460601
0.460963
0.460199
0.460441
0.460824
0.460228
0.460527
0.460363
0.460323
0.460125
0.460311
0.459815
0.460764
0.459709
0.460570
0.461137
0.459915
0.460703
0.461123
0.460566
0.460892
0.461017
0.460737
0.461019
0.460394
0.460904
0.460200
0.460576
0.460245
0.460611
0.460149
0.461075
0.460606
0.461028
0.461355
0.460735
0.461097
0.461113
0.460712
0.461253
0.460593
0.460877
0.461483
0.460259
0.460834
0.461100
0.460278
0.460517
0.460938
0.460379
0.460693
0.460613
0.460497
0.460547
0.460285
0.460805
0.460302
0.460654
0.461203
0.460498
0.460927
0.461642
0.460745
0.461329
0.461780
0.461033
0.461212
0.461521
0.460843
0.461066
0.460912
0.460779
0.460818
0.460616
0.461110
0.460625
0.461158
0.461134
0.461022
0.461357
0.460869
0.462166
0.461037
0.462115
0.462499
0.461513
0.461180
0.461070
0.461257
0.461180
0.461456
0.460980
0.461680
0.460781
0.460987
0.461362
0.460317
0.460898
0.461529
0.461083
0.461518
0.461991
0.461452
0.461819
0.461386
0.461728
0.461092
0.461579
0.461180
0.461734
0.461168
0.461511
0.462170
0.461314
0.461809
0.462305
0.461518
0.461791
0.462221
0.461544
0.461716
0.461919
0.461313
0.461791
0.461181
0.461788
0.461164
0.461694
0.461229
0.461917
0.461277
0.461681
0.462376
0.461395
0.461950
0.462336
0.461630
0.461834
0.462175
0.461587
0.461974
0.461577
0.461977
0.461362
0.461801
0.461550
0.461800
0.461255
0.462344
0.461345
0.462247
0.462663
0.461623
0.462098
0.462530
0.461907
0.462144
0.462308
0.461796
0.462307
0.461657
0.461857
0.462017
0.461359
0.461930
0.461424
0.462346
0.461655
0.462131
0.462728
0.461812
0.462219
0.462646
0.461944
0.462138
0.462500
0.461909
0.462262
0.462007
0.462195
0.461640
0.462484
0.461590
0.462221
0.462662
0.461802
0.462208
0.462777
0.462196
0.462472
0.462881
0.462288
0.462612
0.462372
0.462407
0.461954
0.462573
0.461896
0.462265
0.462986
0.461845
0.462581
0.462959
0.462299
0.462586
0.462997
0.462454
0.462894
0.462353
0.462879
0.462150
0.462313
0.462784
0.461979
0.462297
0.462886
0.462231
0.462552
0.463077
0.462468
0.462685
0.462975
0.462373
0.462846
0.462290
0.462997
0.462291
0.462593
0.463171
0.462310
0.462697
0.463206
0.462559
0.462812
0.463250
0.462671
0.462981
0.462922
0.462703
0.462909
0.462352
0.463353
0.462264
0.463108
0.463429
0.462552
0.462909
0.463480
0.462937
0.463222
0.463491
0.462906
0.463427
0.462742
0.463127
0.462610
0.463054
0.462458
0.462798
0.463356
0.462718
0.463006
0.463623
0.462813
0.463149
0.463644
0.462872
0.463065
0.463482
0.462806
0.462974
0.463223
0.462626
0.463169
0.462587
0.463312
0.462707
0.463032
0.463342
0.462780
0.463425
0.462908
0.463877
0.462943
0.463581
0.463937
0.463107
0.463311
0.463784
0.463126
0.463319
0.463687
0.463060
0.463360
0.463291
0.463052
0.463312
0.462729
0.463815
0.462749
0.463639
0.463900
0.463120
0.463410
0.463980
0.463445
0.463737
0.464009
0.463374
0.463917
0.463214
0.463672
0.463017
0.463770
0.462832
0.463512
0.463978
0.463222
0.463518
0.464073
0.463435
0.463642
0.464070
0.463418
0.463614
0.463849
0.463216
0.463798
0.463185
0.463853
0.463226
0.464065
0.463361
0.463708
0.464322
0.463420
0.463861
0.464354
0.463649
0.463855
0.464291
0.463640
0.463836
0.464023
0.463406
0.464050
0.463427
0.463695
0.464124
0.463477
0.463729
0.464286
0.463671
0.463941
0.464511
0.463789
0.464016
0.464509
0.463745
0.463911
0.464360
0.463665
0.463842
0.464257
0.463643
0.463904
0.464120
0.463567
0.464340
0.463642
0.463999
0.464604
0.463658
0.464103
0.464579
0.463935
0.464177
0.464612
0.464024
0.464371
0.464195
0.464209
0.463872
0.464356
0.463801
0.464144
0.464539
0.463919
0.464253
0.464653
0.464082
0.464723
0.464146
0.465139
0.463856
0.464589
0.465079
0.463637
0.464217
0.464497
0.463860
0.464160
0.464092
0.464129
0.463978
0.464167
0.463610
0.464643
0.463473
0.464453
0.464951
0.464114
0.464464
0.464860
0.464730
0.465363
0.464789
0.465200
0.464802
0.464882
0.464057
0.464967
0.463838
0.464786
0.465033
0.464411
0.464914
0.464833
0.465168
0.464550
0.464550
0.465570
0.464314
0.465054
0.465440
0.464103
0.464611
0.464962
0.464429
0.464883
0.464654
0.465078
0.464452
0.465070
0.464352
0.464768
0.464320
0.464895
0.464374
0.464788
0.465572
0.464703
0.465247
0.465643
0.464903
0.465065
0.465463
0.464806
0.465037
0.465173
0.464546
0.465310
0.464381
0.464881
0.465254
0.464461
0.464703
0.465294
0.464708
0.464965
0.465464
0.464823
0.465009
0.465337
0.464691
0.465094
0.464758
0.465236
0.464671
0.465225
0.465035
0.465368
0.464701
0.465912
0.464731
0.465555
0.466270
0.464759
0.465493
0.465936
0.465247
0.465450
0.465505
0.465218
0.465486
0.464818
0.465472
0.464750
0.464939
0.465478
0.464812
0.465237
0.466025
0.465425
0.465828
0.466406
0.465708
0.465841
0.466188
0.465478
0.465672
0.465753
0.465227
0.465967
0.465138
0.465613
0.466083
0.465242
0.465511
0.466076
0.465452
0.465695
0.466182
0.465549
0.465749
0.465966
0.465298
0.465924
0.465273
0.465572
0.465843
0.465220
0.465940
0.465367
0.466001
0.465468
0.466316
0.465246
0.466049
0.466196
0.465455
0.466034
0.465422
0.466237
0.465548
0.465792
0.466038
0.465338
0.465818
0.465242
0.466177
0.464994
0.465926
0.466098
0.465380
0.465872
0.465462
0.466291
0.465452
0.465876
0.466353
0.465448
0.465672
0.466149
0.465442
0.465655
0.466209
0.465588
0.465807
0.466260
0.465610
0.465805
0.466118
0.465509
0.466179
0.465573
0.466463
0.465782
0.466074
0.466610
0.465823
0.466119
0.466719
0.465950
0.466219
0.466733
0.465987
0.466133
0.466568
0.465863
0.466012
0.466400
0.465780
0.466114
0.466187
0.465854
0.466506
0.465851
0.466210
0.466955
0.465783
0.466570
0.466743
0.466126
0.466848
0.466282
0.466620
0.466870
0.466111
0.466653
0.465906
0.466610
0.465897
0.466430
0.465983
0.466714
0.465916
0.466421
0.466970
0.466038
0.466387
0.466843
0.466132
0.466313
0.466794
0.466104
0.466262
0.466667
0.465976
0.466148
0.466510
0.465894
0.466357
0.466140
0.466578
0.465946
0.466948
0.466172
0.466609
0.467042
0.466229
0.466514
0.467154
0.466370
0.466681
0.467181
0.466363
0.466493
0.466928
0.466150
0.466278
0.466766
0.466080
0.466288
0.466828
0.466183
0.466404
0.466946
0.466302
0.466532
0.467082
0.466431
0.466657
0.467203
0.466521
0.466732
0.467272
0.466560
0.466765
0.467303
0.466575
0.466776
0.467306
0.466583
0.466775
0.467293
0.466589
0.466775
0.467280
0.466599
0.466786
0.467273
0.466618
0.466822
0.467266
0.466643
0.466929
0.467176
0.466538
0.467560
0.466401
0.467369
0.467321
0.466659
0.467408
0.466676
0.467183
0.467720
0.466823
0.467025
0.467465
0.466742
0.466881
0.467313
0.466654
0.466881
0.467222
0.466589
0.467248
0.466566
0.467382
0.466702
0.467037
0.467335
0.466687
0.467516
0.466899
0.467244
0.467575
0.466879
0.467323
0.466965
0.467475
0.466797
0.467084
0.467515
0.466788
0.466999
0.467496
0.466736
0.466995
0.467599
0.466688
0.467087
0.467464
0.466740
0.466921
0.467249
0.466592
0.467232
0.466519
0.467568
0.466427
0.467328
0.467236
0.466796
0.467443
0.466896
0.467305
0.468071
0.466922
0.467627
0.467627
0.467013
0.467843
0.466861
0.467707
0.467820
0.467085
0.467925
0.466929
0.467694
0.467826
0.467080
0.467899
0.467160
0.467638
0.468114
0.467298
0.467481
0.468011
0.467308
0.467521
0.468063
0.467311
0.467523
0.468056
0.467307
0.467513
0.468055
0.467318
0.467545
0.468103
0.467388
0.467609
0.468152
0.467436
0.467642
0.468178
0.467468
0.467676
0.468212
0.467506
0.467713
0.468247
0.467538
0.467744
0.468276
0.467563
0.467768
0.468299
0.467580
0.467783
0.468311
0.467589
0.467790
0.468315
0.467594
0.467793
0.468315
0.467597
0.467795
0.468315
0.467602
0.467800
0.468318
0.467611
0.467810
0.468325
0.467623
0.467824
0.468336
0.467639
0.467840
0.468347
0.467655
0.467858
0.468357
0.467671
0.467876
0.468360
0.467687
0.467902
0.468345
0.467697
0.467988
0.468231
0.467534
0.468676
0.467448
0.468155
0.468976
0.467452
0.468102
0.468538
0.467948
0.468300
0.468104
0.468373
0.467713
0.468668
0.467359
0.468270
0.468272
0.467652
0.468610
0.468074
0.468788
0.469409
0.468679
0.468815
0.469158
0.468423
0.468704
0.468500
0.468511
0.468179
0.468800
0.468129
0.468440
0.469063
0.467892
0.468751
0.468514
0.468733
0.468113
0.469309
0.468145
0.468871
0.469246
0.468121
0.468171
0.467715
0.468505
0.467976
0.468436
0.468163
0.468337
0.467588
0.468753
0.467696
0.468444
0.469231
0.468715
0.468406
0.468791
0.468892
0.469466
0.468767
0.469557
0.468414
0.468791
0.468760
0.467975
0.468875
0.468237
0.468978
0.469535
0.468925
0.469316
0.469052
0.469283
0.468453
0.469641
0.468484
0.469166
0.469690
0.469075
0.468458
0.468737
0.468743
0.469305
0.468672
0.469440
0.468458
0.468683
0.468863
0.468124
0.468575
0.468634
0.468634
0.469116
0.468755
0.470042
0.468835
0.469652
0.469947
0.468870
0.469142
0.468846
0.469588
0.469014
0.469527
0.468916
0.469520
0.468399
0.468871
0.469023
0.468314
0.469279
0.468633
0.469262
0.469696
0.468986
0.469363
0.468958
0.469446
0.468734
0.469072
0.469245
0.468505
0.469678
0.468573
0.469226
0.469974
0.469119
0.468881
0.468853
0.469206
0.469033
0.469488
0.468739
0.469200
0.468430
0.469457
0.468194
0.468995
0.470142
0.468844
0.469770
0.470253
0.469727
0.470146
0.469489
0.470082
0.469246
0.469329
0.469642
0.468939
0.469252
0.469508
0.469131
0.470294
0.469122
0.470379
0.470013
0.470047
0.469438
0.470462
0.469312
0.470472
0.469850
0.470180
0.469370
0.469719
0.469779
0.469316
0.470079
0.468928
0.470002
0.469327
0.470049
0.468920
0.469712
0.469777
0.469332
0.470010
0.469173
0.469664
0.469936
0.469130
0.469630
0.468914
0.470150
0.468898
0.469645
0.470371
0.469154
0.469510
0.469834
0.469348
0.469938
0.469268
0.469738
0.469237
0.469869
0.469056
0.469431
0.470038
0.469425
0.469831
0.470463
0.469941
0.470408
0.470312
0.470284
0.470012
0.470308
0.469443
0.470905
0.469331
0.470715
0.470982
0.470513
0.469702
0.469826
0.470132
0.470307
0.470271
0.470085
0.469881
0.469574
0.469510
0.468928
0.470012
0.468957
0.470011
0.471346
0.470072
0.471013
0.471724
0.471024
0.471198
0.470997
0.470794
0.470536
0.470239
0.470093
0.469690
0.470143
0.469563
0.470092
0.470350
0.469953
0.471238
0.470103
0.470996
0.471820
0.470362
0.470738
0.470784
0.470280
0.470606
0.469807
0.470276
0.469469
0.470218
0.469273
0.469667
0.470051
0.469503
0.470237
0.469771
0.471000
0.469824
0.470874
0.470328
0.470613
0.469847
0.470596
0.469951
0.470730
0.469957
0.470654
0.469885
0.470548
0.469757
0.470822
0.469610
0.470659
0.470144
0.470601
0.469890
0.470406
0.470085
0.470585
0.469858
0.470312
0.470028
0.470402
0.469617
0.470894
0.469565
0.470909
0.470285
0.470718
0.470004
0.470463
0.470545
0.470123
0.470698
0.469731
0.470293
0.470322
0.469618
0.470719
0.469560
0.470481
0.471156
0.470177
0.470339
0.470527
0.470154
0.470733
0.469952
0.470125
0.470417
0.469706
0.470335
0.469669
0.471053
0.469879
0.470745
0.471696
0.470302
0.471084
0.471230
0.470765
0.471214
0.470508
0.471043
0.470335
0.471286
0.469902
0.471029
0.470533
0.471114
0.470548
0.471207
0.471183
0.471543
0.470739
0.471934
0.470658
0.471397
0.471689
0.471386
0.470591
0.470787
0.471035
0.471166
0.471102
0.470828
0.470740
0.470147
0.470885
0.469694
0.470999
0.470376
0.471754
0.470647
0.472059
0.471834
0.472052
0.471242
0.472118
0.470791
0.471632
0.470908
0.471173
0.470365
0.470927
0.470480
0.471463
0.470219
0.471339
0.470581
0.471436
0.470248
0.471102
0.470960
0.470946
0.470711
0.471016
0.470281
0.471682
0.470221
0.471404
0.471646
0.471314
0.470496
0.470610
0.470963
0.471211
0.471185
0.471042
0.470785
0.470635
0.470218
0.470553
0.469910
0.471014
0.470621
0.471409
0.471872
0.471417
0.472679
0.471271
0.472272
0.472205
0.471185
0.471697
0.470961
0.471345
0.471065
0.470981
0.470462
0.471056
0.470257
0.470705
0.471010
0.470266
0.471149
0.470545
0.471069
0.471239
0.470537
0.471606
0.470271
0.470876
0.471751
0.470109
0.470764
0.471084
0.470516
0.471010
0.470377
0.471107
0.470381
0.470605
0.470845
0.470185
0.471222
0.470415
0.471365
0.471433
0.471341
0.471660
0.471020
0.472366
0.471198
0.471656
0.472569
0.471362
0.471418
0.471292
0.471638
0.471284
0.471716
0.470913
0.471289
0.470624
0.471430
0.470349
0.471432
0.471189
0.471916
0.471387
0.472089
0.471682
0.472388
0.471320
0.471761
0.471771
0.471028
0.472057
0.470680
0.471914
0.471517
0.471548
0.470896
0.471903
0.470716
0.471894
0.471026
0.471812
0.470601
0.471429
0.471296
0.471345
0.471034
0.471518
0.470847
0.471804
0.471002
0.471394
0.471532
0.470845
0.472131
0.470956
0.471841
0.472422
0.471384
0.471521
0.471448
0.471439
0.471335
0.471153
0.471161
0.470721
0.471685
0.470347
0.472049
0.471284
0.472048
0.471537
0.472724
0.471703
0.472674
0.472066
0.472284
0.471304
0.471835
0.470970
0.472187
0.470795
0.471492
0.472322
0.470980
0.471770
0.471830
0.471660
0.471876
0.471181
0.472276
0.470871
0.472051
0.471400
0.471910
0.471295
0.471912
0.472121
0.472084
0.472376
0.471536
0.472881
0.471451
0.472526
0.472794
0.472599
0.471825
0.471883
0.472134
0.472268
0.472136
0.471882
0.471571
0.471359
0.471069
0.471305
0.470710
0.472306
0.471462
0.472664
0.473437
0.473457
0.472707
0.472942
0.473104
0.472936
0.472776
0.472111
0.472251
0.471360
0.471881
0.471079
0.471961
0.471379
0.471963
0.472400
0.471914
0.473018
0.471748
0.472824
0.471950
0.472506
0.471511
0.471795
0.472126
0.471386
0.471386
0.472001
0.471253
0.471836
0.471090
0.472102
0.470784
0.471961
0.471284
0.472056
0.471244
0.471643
0.472068
0.471368
0.472005
0.471256
0.471909
0.471122
0.472176
0.470940
0.472042
0.471418
0.472166
0.471366
0.471753
0.472177
0.471462
0.472126
0.471375
0.472051
0.471252
0.472368
0.471030
0.472278
0.471542
0.472356
0.471470
0.471912
0.472272
0.471542
0.472287
0.471497
0.471829
0.472073
0.471325
0.472376
0.471201
0.472437
0.471714
0.472597
0.471559
0.472213
0.472305
0.471809
0.472446
0.471611
0.472058
0.472307
0.471511
0.472625
0.471284
0.472710
0.471903
0.472756
0.471768
0.472270
0.472519
0.471791
0.472677
0.471460
0.472430
0.471787
0.472459
0.471614
0.472044
0.472498
0.471808
0.472713
0.471885
0.472354
0.472507
0.471763
0.472897
0.471513
0.472668
0.472637
0.472003
0.472661
0.471969
0.472399
0.472728
0.471856
0.472665
0.471745
0.472312
0.472361
0.471835
0.472740
0.471536
0.472898
0.472015
0.472935
0.471840
0.472438
0.472465
0.472044
0.472593
0.471837
0.472230
0.472423
0.471612
0.472834
0.471732
0.472288
0.473383
0.472312
0.472458
0.472405
0.472558
0.472276
0.472443
0.471518
0.472655
0.471358
0.472017
0.473112
0.471903
0.472844
0.473189
0.473197
0.473453
0.472676
0.473532
0.472009
0.473057
0.472129
0.472947
0.472127
0.472735
0.473236
0.472613
0.473528
0.472461
0.473034
0.472763
0.472538
0.472479
0.472219
0.472863
0.472226
0.472827
0.472352
0.473078
0.472012
0.472996
0.472273
0.473440
0.471960
0.472626
0.473376
0.471871
0.472521
0.472233
0.472276
0.471728
0.472258
0.471544
0.471942
0.472077
0.471547
0.472748
0.471488
0.472865
0.472908
0.472483
0.473059
0.472453
0.473082
0.472492
0.473224
0.471804
0.472932
0.472021
0.472983
0.471931
0.472592
0.472559
0.472356
0.472590
0.471760
0.473105
0.471875
0.472744
0.473144
0.472907
0.472336
0.472429
0.472596
0.472646
0.472480
0.472246
0.472000
0.471936
0.471698
0.472303
0.471802
0.473103
0.472706
0.473670
0.473418
0.474194
0.473329
0.473708
0.473673
0.472733
0.473679
0.472213
0.472736
0.473484
0.472055
0.472421
0.472509
0.472160
0.472533
0.471712
0.472405
0.471649
0.472229
0.471623
0.472782
0.471528
0.473104
0.472409
0.473313
0.472542
0.472888
0.473085
0.472343
0.473309
0.471827
0.473125
0.472239
0.473013
0.472190
0.472586
0.472980
0.472282
0.473283
0.472049
0.473087
0.472293
0.473143
0.472062
0.472811
0.472740
0.472782
0.472536
0.472906
0.472076
0.473493
0.472257
0.473111
0.473561
0.473423
0.472778
0.472924
0.472992
0.473010
0.472689
0.472566
0.471911
0.472561
0.471643
0.472447
0.472478
0.472908
0.472685
0.474066
0.472819
0.474431
0.473396
0.473733
0.472856
0.473584
0.472597
0.473033
0.473037
0.472296
0.473100
0.471815
0.472993
0.472134
0.473086
0.471987
0.472812
0.472634
0.472883
0.472166
0.473284
0.471819
0.473226
0.472338
0.473114
0.472213
0.472731
0.473087
0.472418
0.473360
0.472094
0.473142
0.472340
0.473195
0.472134
0.472857
0.472849
0.472810
0.472839
0.472542
0.473161
0.472449
0.472997
0.472722
0.473152
0.472315
0.473839
0.472617
0.473357
0.474099
0.472838
0.472978
0.473144
0.472527
0.473047
0.472124
0.472325
0.472437
0.471809
0.472974
0.471670
0.473341
0.472645
0.473567
0.472878
0.473343
0.473468
0.472999
0.473551
0.472640
0.473061
0.473103
0.472571
0.473551
0.472254
0.473856
0.473042
0.473607
0.472906
0.473747
0.472708
0.473372
0.472998
0.473124
0.472244
0.473498
0.472269
0.473015
0.473720
0.472744
0.473004
0.473114
0.473076
0.473189
0.472456
0.473439
0.471916
0.473311
0.472601
0.473527
0.472717
0.473526
0.473817
0.473392
0.473967
0.473013
0.473356
0.473339
0.472679
0.473682
0.472260
0.473933
0.473123
0.473701
0.472948
0.473857
0.472810
0.473483
0.473082
0.473234
0.472343
0.473619
0.472351
0.472991
0.474084
0.472501
0.473396
0.473447
0.473363
0.473360
0.472890
0.473385
0.472625
0.473089
0.472776
0.473331
0.472679
0.473809
0.473235
0.473990
0.473451
0.474305
0.472985
0.474088
0.473091
0.474051
0.472647
0.473597
0.472828
0.473628
0.472517
0.473080
0.472932
0.472865
0.472709
0.472873
0.472429
0.473682
0.472469
0.473121
0.474449
0.472948
0.473693
0.474360
0.473721
0.473900
0.473126
0.473595
0.472718
0.473003
0.472524
0.473049
0.472456
0.473400
0.472869
0.474472
0.473146
0.474266
0.474540
0.473674
0.474346
0.473621
0.474098
0.473529
0.473924
0.473024
0.473425
0.473073
0.473595
0.472847
0.473757
0.473028
0.474037
0.473234
0.473739
0.473416
0.473711
0.472759
0.474071
0.472861
0.473299
0.474169
0.473058
0.473178
0.473070
0.473249
0.472820
0.473201
0.472366
0.473014
0.472259
0.473675
0.472337
0.474008
0.473438
0.474395
0.473612
0.473993
0.474210
0.473353
0.474192
0.472733
0.472733
0.473887
0.473034
0.473840
0.473068
0.473482
0.473721
0.473170
0.474114
0.472778
0.474038
0.473164
0.473917
0.473139
0.473707
0.473295
0.474012
0.473164
0.473542
0.473533
0.473039
0.473755
0.472818
0.473749
0.473133
0.474259
0.472721
0.474229
0.473355
0.474006
0.473109
0.473737
0.472887
0.473891
0.472635
0.473529
0.472767
0.473686
0.472606
0.473526
0.473136
0.473802
0.473043
0.473540
0.473331
0.473718
0.472817
0.474211
0.473077
0.473684
0.474608
0.473614
0.473860
0.473588
0.474019
0.473149
0.474012
0.472588
0.473591
0.472797
0.473731
0.473007
0.473628
0.474040
0.473511
0.474561
0.473183
0.474449
0.473515
0.474189
0.473365
0.473977
0.473398
0.474430
0.473106
0.474202
0.473292
0.474154
0.473139
0.473711
0.473740
0.473495
0.473837
0.472977
0.474368
0.473040
0.473584
0.474687
0.473106
0.474040
0.473966
0.474097
0.473577
0.473936
0.473059
0.473762
0.472944
0.473756
0.473040
0.474036
0.473434
0.474307
0.473554
0.474842
0.473224
0.474562
0.473610
0.474268
0.473345
0.473665
0.473875
0.473196
0.474130
0.472734
0.474033
0.473210
0.473965
0.473217
0.474014
0.473307
0.474455
0.473225
0.474182
0.473359
0.474220
0.473123
0.473863
0.473608
0.473981
0.473129
0.474426
0.472924
0.474421
0.473530
0.474273
0.473463
0.473886
0.474124
0.473518
0.474363
0.473023
0.474175
0.473306
0.474188
0.473357
0.473842
0.474039
0.473566
0.474338
0.473271
0.474117
0.473379
0.474433
0.472940
0.474406
0.473638
0.474369
0.473522
0.474230
0.473384
0.474168
0.473294
0.473758
0.473198
0.474019
0.473072
0.473946
0.473476
0.474360
0.473284
0.474224
0.473553
0.474647
0.473101
0.474457
0.473590
0.474262
0.473389
0.474055
0.473221
0.474302
0.473020
0.474054
0.473242
0.474226
0.473167
0.474011
0.473686
0.474219
0.473381
0.474222
0.473458
0.474250
0.473353
0.474602
0.473142
0.474614
0.473786
0.474448
0.473577
0.474398
0.473586
0.474017
0.473583
0.473960
0.473059
0.474274
0.473062
0.474452
0.473641
0.474416
0.473595
0.474520
0.473714
0.474168
0.473700
0.474053
0.473107
0.474197
0.473123
0.474225
0.473373
0.474616
0.473152
0.474560
0.473706
0.474428
0.473509
0.473868
0.473617
0.473841
0.472976
0.474280
0.473274
0.473615
0.475018
0.473999
0.474171
0.474334
0.474197
0.474350
0.473424
0.474370
0.472759
0.474206
0.473489
0.474370
0.473839
0.474820
0.474218
0.475390
0.474013
0.474898
0.473926
0.474697
0.473617
0.474225
0.474134
0.474206
0.473753
0.474389
0.473589
0.474198
0.473712
0.474491
0.473477
0.474491
0.473756
0.475065
0.473473
0.474303
0.474538
0.473490
0.474135
0.473359
0.473876
0.473295
0.473922
0.472947
0.473581
0.473321
0.473926
0.473171
0.474191
0.473504
0.474316
0.473448
0.474766
0.473315
0.473906
0.474835
0.473364
0.474064
0.473745
0.474097
0.473177
0.474127
0.472860
0.473980
0.473224
0.474222
0.473404
0.474075
0.474220
0.474066
0.474352
0.473472
0.474840
0.473761
0.473996
0.475375
0.474302
0.474402
0.474510
0.474323
0.474388
0.473505
0.474216
0.472912
0.474000
0.473357
0.474483
0.473811
0.474573
0.474810
0.474545
0.474882
0.473893
0.475033
0.473447
0.474860
0.473996
0.474451
0.473961
0.474617
0.473845
0.474365
0.473558
0.474543
0.472962
0.474381
0.473621
0.474246
0.473550
0.474489
0.473645
0.474087
0.473987
0.473606
0.473882
0.473033
0.474526
0.473284
0.473904
0.475132
0.473606
0.474515
0.474282
0.474557
0.473686
0.474312
0.473340
0.473723
0.473715
0.473503
0.473952
0.473287
0.474901
0.473614
0.474491
0.475199
0.474161
0.474447
0.474685
0.474133
0.474635
0.473676
0.473925
0.473768
0.473722
0.473605
0.473933
0.473358
0.474823
0.473746
0.474315
0.475481
0.474437
0.474546
0.474510
0.474301
0.474155
0.473463
0.473809
0.473010
0.473575
0.473263
0.474231
0.473599
0.474423
0.474456
0.474736
0.474001
0.475165
0.473466
0.474981
0.474037
0.474545
0.473726
0.474439
0.473667
0.474365
0.473469
0.473961
0.473154
0.474242
0.472996
0.474275
0.473590
0.474427
0.473704
0.474142
0.473979
0.474174
0.473421
0.474559
0.473016
0.474662
0.473927
0.474420
0.473994
0.474658
0.473936
0.474578
0.473664
0.474658
0.473242
0.474407
0.473663
0.474450
0.473738
0.474281
0.473846
0.474488
0.473652
0.474028
0.473815
0.474080
0.473353
0.474765
0.473414
0.474411
0.474927
0.474015
0.474468
0.474000
0.474744
0.473784
0.474014
0.473850
0.473581
0.473823
0.473128
0.474596
0.473432
0.474094
0.475199
0.474072
0.474380
0.474584
0.474095
0.474373
0.473380
0.473952
0.473171
0.473897
0.473234
0.474388
0.473575
0.474463
0.474194
0.474737
0.473919
0.474669
0.473858
0.474605
0.473752
0.474461
0.473651
0.474503
0.473745
0.474256
0.473731
0.474392
0.473530
0.474016
0.473876
0.474032
0.473382
0.474608
0.474608
0.473047
0.474782
0.473960
0.474385
0.473797
0.474492
0.473724
0.474092
0.473686
0.473940
0.473011
0.474341
0.472872
0.474576
0.473863
0.474386
0.473844
0.474580
0.473829
0.474204
0.473789
0.474068
0.473156
0.474456
0.473066
0.474726
0.474004
0.474461
0.474094
0.474566
0.473722
0.474674
0.473531
0.474258
0.473569
0.474387
0.473487
0.474156
0.474054
0.474282
0.473539
0.474744
0.473168
0.474797
0.473985
0.474441
0.473822
0.474617
0.473874
0.474218
0.474017
0.473838
0.473599
0.473817
0.473213
0.474645
0.473523
0.474269
0.475362
0.474407
0.474603
0.474710
0.474247
0.474421
0.473319
0.474055
0.473058
0.473765
0.473477
0.474174
0.473572
0.474469
0.473781
0.475041
0.473562
0.474815
0.473972
0.474501
0.473691
0.474483
0.473705
0.474054
0.473891
0.473793
0.473567
0.473908
0.473191
0.474705
0.473684
0.474214
0.475526
0.474562
0.474659
0.474630
0.474355
0.474217
0.473427
0.473877
0.473043
0.473577
0.473689
0.473967
0.473897
0.474663
0.474023
0.475124
0.474229
0.474809
0.474200
0.474796
0.473879
0.474298
0.474079
0.474110
0.473350
0.474410
0.472793
0.474538
0.473612
0.474094
0.473774
0.474158
0.473374
0.474396
0.473043
0.474090
0.473265
0.473977
0.473291
0.473917
0.473461
0.474316
0.473411
0.473959
0.473742
0.474054
0.473288
0.474649
0.473156
0.474818
0.474057
0.474515
0.473828
0.474566
0.473790
0.474102
0.473825
0.473844
0.473228
0.474237
0.473054
0.474502
0.473833
0.474499
0.473832
0.474773
0.473818
0.474339
0.473943
0.474081
0.473164
0.474373
0.472896
0.474493
0.473754
0.474188
0.473707
0.474338
0.473599
0.474223
0.473351
0.474363
0.473060
0.474223
0.473552
0.474373
0.473658
0.474118
0.473863
0.474222
0.473315
0.474476
0.473046
0.474515
0.473811
0.474324
0.473809
0.474508
0.473764
0.474213
0.473623
0.474213
0.473339
0.473849
0.473758
0.474090
0.473379
0.474760
0.473235
0.474761
0.473988
0.474620
0.473751
0.474098
0.474184
0.473665
0.474009
0.473124
0.473867
0.473113
0.474247
0.473322
0.474229
0.473736
0.474561
0.473629
0.474111
0.473894
0.473984
0.473221
0.474344
0.472834
0.474534
0.473753
0.474177
0.473915
0.474235
0.473487
0.474547
0.473075
0.474311
0.473517
0.474064
0.473418
0.474309
0.473600
0.474018
0.473927
0.473768
0.473692
0.473552
0.473939
0.473196
0.474715
0.473710
0.474190
0.475649
0.474628
0.474639
0.474616
0.474154
0.474125
0.473108
0.473775
0.472729
0.473581
0.473331
0.474185
0.473694
0.474446
0.474100
0.474887
0.473983
0.474348
0.474181
0.474153
0.473759
0.474278
0.473509
0.474437
0.473682
0.474310
0.473615
0.474675
0.473270
0.474526
0.473696
0.474198
0.473299
0.473990
0.473192
0.473569
0.473219
0.473580
0.472770
0.473995
0.472841
0.474206
0.473532
0.474235
0.473494
0.474277
0.473528
0.474092
0.473258
0.474158
0.473004
0.473930
0.473355
0.474195
0.473389
0.473854
0.473920
0.473692
0.473899
0.473114
0.474464
0.472928
0.474509
0.473839
0.474537
0.473811
0.474223
0.474067
0.474030
0.473302
0.473900
0.472968
0.473735
0.473340
0.474218
0.473424
0.474110
0.473916
0.474280
0.473306
0.474421
0.472942
0.474311
0.473509
0.473898
0.473342
0.473935
0.473168
0.473723
0.472959
0.473954
0.472671
0.473890
0.473260
0.474082
0.473380
0.473925
0.473407
0.474102
0.473214
0.473609
0.473465
0.473658
0.473089
0.474233
0.472930
0.474471
0.473726
0.474161
0.473730
0.474184
0.473318
0.474117
0.473229
0.473628
0.473231
0.473671
0.472875
0.473925
0.473132
0.473842
0.473389
0.473990
0.473191
0.473727
0.473250
0.473952
0.473006
0.473591
0.473213
0.473805
0.473013
0.473668
0.472982
0.474194
0.472613
0.474093
0.473341
0.473763
0.473131
0.473777
0.472995
0.473429
0.472928
0.473502
0.472744
0.473388
0.473022
0.473981
0.473068
0.473938
0.473395
0.474297
0.473151
0.473969
0.473299
0.474084
0.473006
0.473595
0.473220
0.473678
0.472814
0.473642
0.472935
0.473669
0.472920
0.474064
0.472755
0.474010
0.473267
0.473927
0.473090
0.473693
0.472902
0.473807
0.472790
0.473403
0.473027
0.473582
0.472837
0.473708
0.473009
0.473920
0.473155
0.473760
0.473081
0.474079
0.472848
0.473890
0.473111
0.473908
0.472992
0.473402
0.473312
0.473268
0.472917
0.473326
0.472482
0.473990
0.472484
0.474175
0.473503
0.474152
0.473383
0.474046
0.473173
0.473831
0.472831
0.473118
0.472772
0.473211
0.472453
0.473725
0.472583
0.473913
0.473203
0.473892
0.473095
0.473815
0.473006
0.473687
0.472805
0.473463
0.472649
0.473448
0.472727
0.473476
0.472727
0.473765
0.472761
0.473545
0.473006
0.473660
0.472818
0.473272
0.473050
0.473405
0.472516
0.473797
0.472310
0.473908
0.473192
0.473606
0.473091
0.473669
0.472852
0.473466
0.472560
0.473435
0.472461
0.473169
0.472865
0.473478
0.473478
