0.540571
0.569927
0.565120
0.560161
0.555808
0.552267
0.549404
0.546990
0.544855
0.542929
0.541208
0.539694
0.538383
0.537264
0.536322
0.535540
0.534901
0.534389
0.533989
0.533687
0.533472
0.533335
0.533264
0.533250
0.533284
0.533357
0.533458
0.533576
0.533701
0.533826
0.533945
0.534054
0.534152
0.534237
0.534310
0.534371
0.534422
0.534464
0.534498
0.534525
0.534546
0.534563
0.534575
0.534583
0.534586
0.534585
0.534579
0.534567
0.534550
0.534530
0.534510
0.534493
0.534480
0.534472
0.534459
0.534427
0.534362
0.534256
0.534132
0.534043
0.533987
0.533972
0.534018
0.534118
0.534238
0.534338
0.534389
0.534374
0.534280
0.534099
0.533822
0.533446
0.532977
0.532425
0.531811
0.531154
0.530472
0.529773
0.529061
0.528336
0.527594
0.526834
0.526054
0.525255
0.524436
0.523599
0.522743
0.521872
0.520987
0.520088
0.519177
0.518256
0.517326
0.516388
0.515442
0.514489
0.513529
0.512560
0.511582
0.510591
0.509586
0.508561
0.507510
0.506427
0.505305
0.504142
0.502947
0.501742
0.500552
0.499395
0.498277
0.497204
0.496179
0.495209
0.494307
0.493496
0.492814
0.492282
0.491870
0.491528
0.491217
0.490913
0.490605
0.490288
0.489959
0.489621
0.489273
0.488920
0.488562
0.488201
0.487840
0.487479
0.487117
0.486751
0.486376
0.485985
0.485567
0.485110
0.484604
0.484045
0.483446
0.482841
0.482267
0.481751
0.481295
0.480884
0.480500
0.480125
0.479744
0.479349
0.478933
0.478498
0.478048
0.477593
0.477147
0.476719
0.476319
0.475950
0.475615
0.475312
0.475041
0.474799
0.474584
0.474392
0.474221
0.474065
0.473923
0.473790
0.473663
0.473541
0.473422
0.473307
0.473201
0.473128
0.473140
0.473194
0.473219
0.473229
0.473241
0.473275
0.473343
0.473439
0.473504
0.473468
0.473277
0.472884
0.472597
0.472386
0.472117
0.471864
0.471704
0.471484
0.471325
0.471065
0.470924
0.470741
0.470513
0.470264
0.470010
0.469758
0.469507
0.469247
0.468970
0.468665
0.468338
0.467997
0.467652
0.467302
0.466949
0.466592
0.466232
0.465868
0.465502
0.465133
0.464762
0.464388
0.464013
0.463635
0.463256
0.462876
0.462494
0.462111
0.461727
0.461342
0.460957
0.460571
0.460185
0.459799
0.459413
0.459027
0.458641
0.458256
0.457872
0.457488
0.457105
0.456724
0.456344
0.455966
0.455590
0.455216
0.454846
0.454479
0.454116
0.453757
0.453404
0.453055
0.452712
0.452375
0.452043
0.451717
0.451398
0.451085
0.450778
0.450477
0.450183
0.449895
0.449613
0.449338
0.449069
0.448806
0.448550
0.448299
0.448055
0.447817
0.447586
0.447361
0.447142
0.446929
0.446724
0.446525
0.446332
0.446147
0.445969
0.445799
0.445636
0.445481
0.445334
0.445196
0.445067
0.444947
0.444836
0.444736
0.444646
0.444566
0.444497
0.444439
0.444391
0.444352
0.444322
0.444298
0.444278
0.444258
0.444237
0.444212
0.444182
0.444148
0.444110
0.444069
0.444026
0.443982
0.443937
0.443891
0.443846
0.443801
0.443757
0.443716
0.443678
0.443644
0.443617
0.443598
0.443589
0.443594
0.443614
0.443652
0.443708
0.443783
0.443875
0.443984
0.444110
0.444255
0.444420
0.444613
0.444836
0.445094
0.445387
0.445714
0.446074
0.446465
0.446884
0.447328
0.447797
0.448288
0.448800
0.449331
0.449881
0.450449
0.451035
0.451637
0.452256
0.452891
0.453542
0.454207
0.454887
0.455581
0.456288
0.457007
0.457736
0.458477
0.459226
0.459984
0.460749
0.461522
0.462301
0.463085
0.463876
0.464671
0.465471
0.466276
0.467085
0.467898
0.468716
0.469537
0.470362
0.471191
0.472024
0.472860
0.473700
0.474543
0.475390
0.476239
0.477092
0.477948
0.478806
0.479667
0.480531
0.481398
0.482266
0.483137
0.484010
0.484885
0.485761
0.486639
0.487519
0.488400
0.489282
0.490165
0.491048
0.491933
0.492817
0.493702
0.494588
0.495473
0.496358
0.497242
0.498127
0.499010
0.499893
0.500775
0.501655
0.502534
0.503412
0.504289
0.505164
0.506036
0.506907
0.507776
0.508643
0.509507
0.510369
0.511229
0.512085
0.512939
0.513790
0.514637
0.515482
0.516323
0.517161
0.517995
0.518825
0.519652
0.520475
0.521294
0.522109
0.522920
0.523727
0.524529
0.525328
0.526123
0.526914
0.527700
0.528484
0.529264
0.530040
0.530813
0.531584
0.532351
0.533116
0.533880
0.534641
0.535400
0.536158
0.536915
0.537671
0.538426
0.539180
0.539934
0.540688
0.541442
0.542195
0.542949
0.543703
0.544457
0.545211
0.545966
0.546721
0.547477
0.548233
0.548989
0.549746
0.550504
0.551262
0.552021
0.552780
0.553539
0.554300
0.555061
0.555822
0.556584
0.557347
0.558110
0.558874
0.559639
0.560405
0.561171
0.561938
0.562707
0.563476
0.564246
0.565017
0.565789
0.566562
0.567336
0.568111
0.568888
0.569666
0.570445
0.571225
0.572007
0.572791
0.573576
0.574363
0.575151
0.575941
0.576732
0.577526
0.578321
0.579118
0.579917
0.580718
0.581521
0.581521
0.582327
0.583134
0.583944
0.584755
0.585570
0.586386
0.587205
0.588026
0.588850
0.589677
0.590506
0.591338
0.592172
0.593009
0.593849
0.594692
0.595538
0.596387
0.597239
0.598094
0.598952
0.599814
0.600678
0.601546
0.602418
0.603292
0.604171
0.605052
0.605938
0.606827
0.607719
0.608616
0.609516
0.610420
0.611328
0.612240
0.613156
0.614076
0.615000
0.615929
0.616862
0.617799
0.618740
0.619686
0.620637
0.621592
0.622552
0.623516
0.624486
0.625460
0.626439
0.627422
0.628411
0.629405
0.630405
0.631409
0.632419
0.633434
0.634454
0.635480
0.636512
0.637549
0.638592
0.639641
0.640695
0.641756
0.642822
0.643895
0.644974
0.646059
0.647150
0.648248
0.649352
0.650462
0.651579
0.652703
0.653834
0.654972
0.656116
0.657268
0.658426
0.659592
0.660765
0.661946
0.663134
0.664329
0.665532
0.666743
0.667962
0.669188
0.670423
0.671666
0.672916
0.674176
0.675443
0.676719
0.678004
0.679297
0.680599
0.681910
0.683231
0.684560
0.685898
0.687246
0.688603
0.689970
0.691346
0.692732
0.694128
0.695534
0.696951
0.698377
0.699814
0.701261
0.702719
0.704187
0.705667
0.707157
0.708659
0.710172
0.711696
0.713232
0.714779
0.716338
0.717909
0.719492
0.721087
0.722695
0.724315
0.725947
0.727592
0.729251
0.730922
0.732606
0.734304
0.736016
0.737741
0.739479
0.741232
0.742999
0.744780
0.746576
0.748386
0.750211
0.752051
0.753906
0.755776
0.757662
0.759563
0.761480
0.763413
0.765362
0.767328
0.769310
0.771308
0.773324
0.775356
0.777406
0.779473
0.781558
0.783661
0.785782
0.787920
0.790078
0.792253
0.794448
0.796661
0.798894
0.801146
0.803418
0.805709
0.808021
0.810353
0.812705
0.815078
0.817471
0.819886
0.822322
0.824780
0.827259
0.829760
0.832284
0.834830
0.837398
0.839990
0.842604
0.845242
0.847904
0.850589
0.853298
0.856032
0.858790
0.861573
0.864381
0.867214
0.870073
0.872958
0.875868
0.878805
0.881768
0.884758
0.887775
0.890820
0.893891
0.896991
0.900119
0.903275
0.906459
0.909672
0.912915
0.916187
0.919488
0.922819
0.926180
0.929572
0.932994
0.936447
0.939931
0.943447
0.946994
0.950573
0.954184
0.957828
0.961504
0.965213
0.968955
0.972731
0.976540
0.980383
0.984260
0.988171
0.992116
0.996097
1.000112
1.004162
1.008247
1.012368
1.016525
1.020717
1.024946
1.029210
1.033511
1.037848
1.042221
1.046631
1.051078
1.055561
1.060082
1.064639
1.069233
1.073865
1.078533
1.083238
1.087980
1.092759
1.097574
1.102427
1.107316
1.112241
1.117203
1.122201
1.127235
1.132305
1.137410
1.142551
1.147726
1.152937
1.158182
1.163461
1.168774
1.174121
1.179501
1.184914
1.190359
1.195836
1.201345
1.206886
1.212457
1.218058
1.223689
1.229350
1.235039
1.240757
1.246502
1.252274
1.258072
1.263897
1.269746
1.275620
1.281518
1.287438
1.293382
1.299347
1.305333
1.311341
1.317368
1.323415
1.329482
1.335567
1.341670
1.347792
1.353931
1.360087
1.366261
1.372450
1.378656
1.384878
1.391115
1.397366
1.403632
1.409912
1.416206
1.422511
1.428829
1.435159
1.441499
1.447849
1.454208
1.460576
1.466951
1.473333
1.479721
1.486114
1.492510
1.498910
1.505311
1.511713
1.518115
1.524515
1.530913
1.537307
1.543697
1.550081
1.556458
1.562827
1.569187
1.575537
1.581875
1.588200
1.594512
1.600808
1.607089
1.613352
1.619598
1.625823
1.632028
1.638211
1.644371
1.650506
1.656616
1.662699
1.668754
1.674780
1.680774
1.686737
1.692665
1.698559
1.704415
1.710233
1.716010
1.721745
1.727436
1.733080
1.738674
1.744216
1.749701
1.755124
1.760479
1.765755
1.770936
1.775993
1.780861
1.785437
1.789721
1.793853
1.798067
1.803315
1.806825
1.815464
1.819240
1.826518
1.831194
1.835543
1.839924
1.844365
1.848953
1.853589
1.858165
1.862615
1.866911
1.871056
1.875050
1.878814
1.881888
1.883300
1.890403
1.892628
1.899827
1.901783
1.902741
1.911135
1.909893
1.919465
1.919655
1.923349
1.922171
1.932850
1.927760
1.940886
1.937247
1.940500
1.947981
1.943636
1.956033
1.950199
1.958650
1.951194
1.967791
1.956428
1.974166
1.961104
1.979215
1.963707
1.983765
1.968649
1.988396
1.972358
1.993368
1.976680
1.997792
1.979096
2.002468
1.982537
2.006033
1.984597
2.010357
1.989221
2.013702
1.990196
2.017490
1.998669
2.013863
2.012853
2.012620
2.021843
2.021642
2.017106
2.028719
2.023722
2.025371
2.030478
2.030765
2.028266
2.035838
2.035269
2.032797
2.041494
2.038283
2.038175
2.043736
2.043732
2.039856
2.050067
2.045001
2.046028
2.051224
2.050775
2.046211
2.057630
2.050511
2.053162
2.057226
2.057346
2.050610
2.064965
2.053265
2.060793
2.060242
2.064933
2.049964
2.072809
2.050092
2.069469
2.057736
2.074248
2.037682
2.075019
2.048686
2.070203
2.071096
2.056277
2.082335
2.031196
2.070932
2.049527
2.079101
2.055297
2.074736
2.070434
2.070434
2.065066
2.080705
2.038747
2.079257
2.042589
2.077352
2.058536
2.073258
2.080568
2.049356
2.085659
2.035056
2.070664
2.070776
2.060516
2.087495
2.033814
2.069025
2.060233
2.080450
2.059947
2.074021
2.082658
2.042601
2.078515
2.042363
2.073870
2.059346
2.072104
2.077052
2.048276
2.082217
2.031040
2.058325
2.060895
2.075933
2.044795
2.072565
2.041488
2.070858
2.043011
2.070740
2.041857
2.067927
2.045014
2.069888
2.042352
2.066884
2.044294
2.067850
2.041932
2.064744
2.043111
2.064935
2.041393
2.062431
2.041805
2.061809
2.040713
2.059898
2.040499
2.058685
2.039789
2.057104
2.039245
2.055642
2.038595
2.054122
2.037912
2.052587
2.037178
2.051031
2.036397
2.049457
2.035590
2.047882
2.034784
2.046327
2.033991
2.044805
2.033205
2.043312
2.032413
2.041839
2.031604
2.040381
2.030770
2.038931
2.029900
2.037479
2.028983
2.036018
2.028007
2.034536
2.026958
2.033022
2.025822
2.031464
2.024583
2.029847
2.023238
2.028158
2.021800
2.026398
2.020310
2.024585
2.018817
2.022757
2.017365
2.020959
2.015967
2.019219
2.014606
2.017538
2.013264
2.015903
2.011935
2.014304
2.010612
2.012734
2.009290
2.011188
2.007965
2.009660
2.006636
2.008143
2.005312
2.006631
2.004012
2.005135
2.002755
2.003671
2.001544
2.002253
2.000364
2.000882
1.999195
1.999545
1.998025
1.998230
1.996851
1.996927
1.995671
1.995632
1.994485
1.994342
1.993293
1.993054
1.992095
1.991769
1.990892
1.990486
1.989684
1.989209
1.988471
1.987938
1.987251
1.986675
1.986023
1.985422
1.984790
1.984177
1.983555
1.982940
1.982324
1.981710
1.981099
1.980490
1.979883
1.979279
1.978678
1.978080
1.977485
1.976894
1.976307
1.975723
1.975144
1.974569
1.973998
1.973432
1.972870
1.972313
1.971760
1.971213
1.970670
1.970133
1.969600
1.969072
1.968549
1.968032
1.967519
1.967011
1.966509
1.966012
1.965519
1.965032
1.964550
1.964074
1.963602
1.963136
1.962676
1.962220
1.961770
1.961326
1.960886
1.960453
1.960025
1.959602
1.959185
1.958774
1.958368
1.957968
1.957573
1.957183
1.956799
1.956420
1.956046
1.955678
1.955314
1.954955
1.954601
1.954252
1.953907
1.953567
1.953231
1.952900
1.952572
1.952249
1.951930
1.951614
1.951302
1.950994
1.950689
1.950388
1.950090
1.949796
1.949504
1.949216
1.948930
1.948648
1.948368
1.948091
1.947816
1.947545
1.947275
1.947008
1.946744
1.946482
1.946222
1.945965
1.945709
1.945456
1.945205
1.944956
1.944709
1.944463
1.944220
1.943979
1.943739
1.943502
1.943266
1.943031
1.942799
1.942568
1.942339
1.942111
1.941885
1.941661
1.941438
1.941216
1.940997
1.940778
1.940561
1.940345
1.940131
1.939918
1.939707
1.939496
1.939287
1.939080
1.938873
1.938668
1.938463
1.938260
1.938057
1.937856
1.937655
1.937454
1.937255
1.937056
1.936857
1.936659
1.936461
1.936263
1.936065
1.935867
1.935668
1.935470
1.935271
1.935073
1.934873
1.934673
1.934473
1.934273
1.934071
1.933869
1.933667
1.933464
1.933260
1.933055
1.932849
1.932643
1.932435
1.932227
1.932017
1.931806
1.931595
1.931382
1.931169
1.930957
1.930745
1.930535
1.930327
1.930121
1.929918
1.929719
1.929523
1.929330
1.929142
1.928957
1.928775
1.928595
1.928418
1.928243
1.928069
1.927895
1.927722
1.927548
1.927374
1.927199
1.927024
1.926848
1.926671
1.926494
1.926315
1.926136
1.925957
1.925776
1.925595
1.925413
1.925231
1.925048
1.924865
1.924681
1.924497
1.924314
1.924130
1.923946
1.923763
1.923581
1.923400
1.923219
1.923040
1.922863
1.922687
1.922513
1.922341
1.922171
1.922002
1.921835
1.921668
1.921500
1.921333
1.921164
1.920993
1.920821
1.920646
1.920470
1.920293
1.920114
1.919934
1.919754
1.919573
1.919392
1.919213
1.919034
1.918857
1.918681
1.918508
1.918336
1.918166
1.917997
1.917829
1.917663
1.917498
1.917334
1.917172
1.917011
1.916852
1.916694
1.916538
1.916384
1.916231
1.916080
1.915931
1.915783
1.915637
1.915493
1.915350
1.915209
1.915069
1.914931
1.914794
1.914658
1.914524
1.914391
1.914259
1.914129
1.914000
1.913872
1.913745
1.913620
1.913495
1.913372
1.913250
1.913128
1.913008
1.912889
1.912771
1.912654
1.912538
1.912422
1.912308
1.912194
1.912082
1.911970
1.911859
1.911749
1.911640
1.911531
1.911424
1.911317
1.911211
1.911105
1.911001
1.910897
1.910794
1.910691
1.910589
1.910488
1.910387
1.910287
1.910188
1.910089
1.909991
1.909893
1.909796
1.909700
1.909604
1.909508
1.909413
1.909318
1.909224
1.909130
1.909037
1.908944
1.908851
1.908758
1.908666
1.908574
1.908483
1.908391
1.908300
1.908209
1.908118
1.908027
1.907936
1.907845
1.907754
1.907663
1.907572
1.907480
1.907389
1.907297
1.907204
1.907111
1.907017
1.906923
1.906828
1.906732
1.906635
1.906537
1.906439
1.906340
1.906241
1.906140
1.906040
1.905939
1.905837
1.905837
1.905736
1.905634
1.905532
1.905429
1.905332
1.905255
1.905161
1.905066
1.904971
1.904888
1.904807
1.904728
1.904652
1.904579
1.904506
1.904433
1.904361
1.904290
1.904218
1.904148
1.904078
1.904009
1.903941
1.903873
1.903807
1.903741
1.903676
1.903611
1.903547
1.903484
1.903422
1.903360
1.903298
1.903238
1.903177
1.903117
1.903058
1.902999
1.902941
1.902883
1.902825
1.902767
1.902710
1.902653
1.902597
1.902541
1.902485
1.902429
1.902374
1.902319
1.902264
1.902209
1.902155
1.902101
1.902047
1.901994
1.901941
1.901889
1.901836
1.901784
1.901733
1.901682
1.901631
1.901581
1.901531
1.901481
1.901432
1.901383
1.901335
1.901288
1.901240
1.901193
1.901147
1.901101
1.901055
1.901010
1.900966
1.900921
1.900878
1.900834
1.900791
1.900749
1.900707
1.900665
1.900623
1.900583
1.900542
1.900502
1.900462
1.900423
1.900384
1.900345
1.900307
1.900269
1.900231
1.900194
1.900157
1.900121
1.900085
1.900049
1.900013
1.899978
1.899943
1.899909
1.899875
1.899841
1.899807
1.899774
1.899741
1.899708
1.899675
1.899643
1.899611
1.899579
1.899548
1.899517
1.899486
1.899455
1.899425
1.899394
1.899364
1.899335
1.899305
1.899276
1.899247
1.899218
1.899189
1.899161
1.899133
1.899105
1.899077
1.899049
1.899022
1.898994
1.898967
1.898941
1.898914
1.898888
1.898861
1.898835
1.898809
1.898784
1.898758
1.898733
1.898707
1.898682
1.898657
1.898633
1.898608
1.898584
1.898560
1.898536
1.898512
1.898488
1.898464
1.898441
1.898418
1.898395
1.898372
1.898349
1.898326
1.898304
1.898281
1.898259
1.898237
1.898215
1.898193
1.898172
1.898150
1.898129
1.898108
1.898086
1.898065
1.898045
1.898024
1.898003
1.897983
1.897963
1.897942
1.897922
1.897902
1.897883
1.897863
1.897843
1.897824
1.897805
1.897785
1.897766
1.897747
1.897729
1.897710
1.897691
1.897673
1.897654
1.897636
1.897618
1.897600
1.897582
1.897564
1.897547
1.897529
1.897512
1.897494
1.897477
1.897460
1.897443
1.897426
1.897409
1.897392
1.897376
1.897359
1.897343
1.897327
1.897310
1.897294
1.897278
1.897262
1.897247
1.897231
1.897215
1.897200
1.897184
1.897169
1.897154
1.897139
1.897124
1.897109
1.897094
1.897079
1.897065
1.897050
1.897036
1.897021
1.897007
1.896993
1.896979
1.896965
1.896951
1.896937
1.896923
1.896910
1.896896
1.896883
1.896869
1.896856
1.896843
1.896829
1.896816
1.896803
1.896791
1.896778
1.896765
1.896752
1.896740
1.896727
1.896715
1.896703
1.896690
1.896678
1.896666
1.896654
1.896642
1.896630
1.896618
1.896607
1.896595
1.896583
1.896572
1.896561
1.896549
1.896538
1.896527
1.896516
1.896505
1.896494
1.896483
1.896472
1.896461
1.896450
1.896440
1.896429
1.896419
1.896408
1.896398
1.896388
1.896377
1.896367
1.896357
1.896347
1.896337
1.896327
1.896317
1.896307
1.896298
1.896288
1.896279
1.896269
1.896260
1.896250
1.896241
1.896231
1.896222
1.896213
1.896204
1.896195
1.896186
1.896177
1.896168
1.896159
1.896150
1.896142
1.896133
1.896124
1.896116
1.896107
1.896099
1.896091
1.896082
1.896074
1.896066
1.896058
1.896050
1.896041
1.896033
1.896025
1.896018
1.896010
1.896002
1.895994
1.895986
1.895979
1.895971
1.895964
1.895956
1.895949
1.895941
1.895934
1.895926
1.895919
1.895912
1.895905
1.895897
1.895890
1.895883
1.895876
1.895869
1.895862
1.895855
1.895849
1.895842
1.895835
1.895828
1.895822
1.895815
1.895808
1.895802
1.895795
1.895789
1.895782
1.895776
1.895770
1.895763
1.895757
1.895751
1.895744
1.895738
1.895732
1.895726
1.895720
1.895714
1.895708
1.895702
1.895696
1.895690
1.895684
1.895678
1.895673
1.895667
1.895661
1.895655
1.895650
1.895644
1.895639
1.895633
1.895627
1.895622
1.895616
1.895611
1.895606
1.895600
1.895595
1.895589
1.895584
1.895579
1.895574
1.895568
1.895563
1.895558
1.895553
1.895548
1.895543
1.895538
1.895533
1.895528
1.895523
1.895518
1.895513
1.895508
1.895503
1.895498
1.895493
1.895489
1.895484
1.895479
1.895475
1.895470
1.895466
1.895461
1.895457
1.895453
1.895448
1.895444
1.895439
1.895435
1.895431
1.895426
1.895422
1.895418
1.895413
1.895409
1.895405
1.895400
1.895396
1.895391
1.895387
1.895383
1.895378
1.895374
1.895370
1.895365
1.895361
1.895357
1.895353
1.895348
1.895344
1.895340
1.895336
1.895331
1.895327
1.895323
1.895319
1.895315
1.895310
1.895306
1.895302
1.895298
1.895294
1.895290
1.895286
1.895281
1.895277
1.895273
1.895269
1.895265
1.895261
1.895257
1.895253
1.895249
1.895245
1.895241
1.895237
1.895233
1.895229
1.895226
1.895222
1.895218
1.895214
1.895210
1.895206
1.895202
1.895199
1.895195
1.895191
1.895187
1.895183
1.895180
1.895176
1.895172
1.895168
1.895165
1.895161
1.895157
1.895154
1.895150
1.895146
1.895143
1.895139
1.895135
1.895132
1.895132
1.895128
1.895125
1.895121
1.895118
1.895114
1.895110
1.895107
1.895103
1.895100
1.895096
1.895093
1.895089
1.895086
1.895083
1.895079
1.895076
1.895072
1.895069
1.895065
1.895062
1.895059
1.895055
1.895052
1.895049
1.895045
1.895042
1.895039
1.895035
1.895032
1.895029
1.895025
1.895022
1.895019
1.895016
1.895012
1.895009
1.895006
1.895003
1.894999
1.894996
1.894993
1.894990
1.894987
1.894984
1.894980
1.894977
1.894974
1.894971
1.894968
1.894965
1.894962
1.894958
1.894955
1.894952
1.894949
1.894946
1.894943
1.894940
1.894937
1.894934
1.894931
1.894928
1.894925
1.894922
1.894919
1.894916
1.894913
1.894910
1.894907
1.894904
1.894901
1.894898
1.894895
1.894892
1.894889
1.894886
1.894883
1.894880
1.894877
1.894874
1.894871
1.894868
1.894865
1.894862
1.894859
1.894857
1.894854
1.894851
1.894848
1.894845
1.894842
1.894839
1.894836
1.894833
1.894831
1.894828
1.894825
1.894822
1.894819
1.894816
1.894814
1.894811
1.894808
1.894805
1.894802
1.894799
1.894797
1.894794
1.894791
1.894788
1.894785
1.894783
1.894780
1.894777
1.894774
1.894771
1.894769
1.894766
1.894763
1.894760
1.894758
1.894755
1.894752
1.894749
1.894747
1.894744
1.894741
1.894739
1.894736
1.894733
1.894730
1.894728
1.894725
1.894722
1.894720
1.894717
1.894714
1.894712
1.894709
1.894706
1.894704
1.894701
1.894699
1.894696
1.894693
1.894691
1.894688
1.894686
1.894683
1.894680
1.894678
1.894675
1.894673
1.894670
1.894668
1.894665
1.894662
1.894660
1.894657
1.894655
1.894652
1.894650
1.894647
1.894645
1.894642
1.894640
1.894637
1.894635
1.894632
1.894630
1.894627
1.894625
1.894622
1.894620
1.894618
1.894615
1.894613
1.894610
1.894608
1.894605
1.894603
1.894600
1.894598
1.894596
1.894593
1.894591
1.894588
1.894586
1.894584
1.894581
1.894579
1.894576
1.894574
1.894572
1.894569
1.894567
1.894564
1.894562
1.894560
1.894557
1.894555
1.894552
1.894550
1.894548
1.894545
1.894543
1.894540
1.894538
1.894535
1.894533
1.894530
1.894528
1.894526
1.894524
1.894521
1.894519
1.894517
1.894514
1.894512
1.894510
1.894508
1.894505
1.894503
1.894501
1.894498
1.894496
1.894494
1.894492
1.894490
1.894488
1.894485
1.894483
1.894481
1.894479
1.894476
1.894474
1.894472
1.894470
1.894468
1.894465
1.894463
1.894461
1.894458
1.894457
1.894455
1.894452
1.894450
1.894448
1.894446
1.894445
1.894443
1.894440
1.894438
1.894436
1.894434
1.894432
1.894430
1.894427
1.894426
1.894425
1.894424
1.894422
1.894420
1.894419
1.894417
1.894415
1.894413
1.894411
1.894408
1.894406
1.894404
1.894402
1.894399
1.894397
1.894395
1.894393
1.894390
1.894388
1.894386
1.894383
1.894381
1.894379
1.894377
1.894374
1.894372
1.894370
1.894367
1.894365
1.894363
1.894361
1.894358
1.894356
1.894354
1.894352
1.894350
1.894348
1.894345
1.894343
1.894341
1.894339
1.894337
1.894335
1.894333
1.894331
1.894329
1.894327
1.894325
1.894323
1.894321
1.894319
1.894317
1.894315
1.894313
1.894311
1.894309
1.894307
1.894306
1.894304
1.894302
1.894300
1.894298
1.894296
1.894294
1.894293
1.894291
1.894289
1.894287
1.894285
1.894283
1.894282
1.894280
1.894278
1.894276
1.894274
1.894273
1.894271
1.894269
1.894267
1.894265
1.894264
1.894262
1.894260
1.894258
1.894256
1.894254
1.894253
1.894251
1.894249
1.894247
1.894245
1.894243
1.894242
1.894240
1.894238
1.894236
1.894234
1.894232
1.894230
1.894229
1.894227
1.894225
1.894223
1.894221
1.894219
1.894217
1.894215
1.894214
1.894212
1.894210
1.894208
1.894206
1.894204
1.894202
1.894200
1.894198
1.894196
1.894194
1.894192
1.894191
1.894189
1.894187
1.894185
1.894183
1.894181
1.894179
1.894177
1.894175
1.894173
1.894171
1.894169
1.894167
1.894165
1.894163
1.894161
1.894159
1.894157
1.894156
1.894154
1.894152
1.894150
1.894148
1.894146
1.894144
1.894142
1.894140
1.894138
1.894136
1.894134
1.894132
1.894130
1.894128
1.894126
1.894125
1.894123
1.894121
1.894119
1.894117
1.894115
1.894113
1.894111
1.894109
1.894107
1.894105
1.894103
1.894102
1.894100
1.894098
1.894096
1.894094
1.894092
1.894090
1.894088
1.894086
1.894085
1.894083
1.894081
1.894079
1.894077
1.894075
1.894073
1.894072
1.894070
1.894068
1.894066
1.894064
1.894062
1.894060
1.894059
1.894057
1.894055
1.894053
1.894051
1.894050
1.894048
1.894046
1.894044
1.894042
1.894041
1.894039
1.894037
1.894035
1.894033
1.894032
1.894030
1.894028
1.894026
1.894024
1.894023
1.894021
1.894019
1.894017
1.894016
1.894014
1.894012
1.894010
1.894009
1.894007
1.894005
1.894003
1.894002
1.894000
1.893998
1.893997
1.893995
1.893993
1.893991
1.893990
1.893988
1.893986
1.893985
1.893983
1.893981
1.893980
1.893978
1.893976
1.893975
1.893973
1.893971
1.893970
1.893970
1.893968
1.893966
1.893965
1.893963
1.893961
1.893960
1.893958
1.893956
1.893955
1.893953
1.893952
1.893950
1.893948
1.893947
1.893945
1.893944
1.893942
1.893940
1.893939
1.893937
1.893936
1.893934
1.893933
1.893931
1.893929
1.893928
1.893926
1.893925
1.893923
1.893922
1.893920
1.893919
1.893917
1.893915
1.893914
1.893912
1.893911
1.893909
1.893908
1.893906
1.893905
1.893903
1.893902
1.893900
1.893899
1.893897
1.893896
1.893894
1.893893
1.893892
1.893890
1.893889
1.893887
1.893886
1.893884
1.893883
1.893881
1.893880
1.893879
1.893877
1.893876
1.893874
1.893873
1.893871
1.893870
1.893869
1.893867
1.893866
1.893864
1.893863
1.893862
1.893860
1.893859
1.893857
1.893856
1.893855
1.893853
1.893852
1.893851
1.893849
1.893848
1.893847
1.893845
1.893844
1.893843
1.893841
1.893840
1.893839
1.893837
1.893836
1.893835
1.893833
1.893832
1.893831
1.893829
1.893828
1.893827
1.893825
1.893824
1.893823
1.893821
1.893820
1.893819
1.893818
1.893817
1.893816
1.893815
1.893814
1.893813
1.893812
1.893811
1.893810
1.893809
1.893808
1.893807
1.893806
1.893805
1.893804
1.893803
1.893802
1.893801
1.893800
1.893799
1.893798
1.893797
1.893795
1.893794
1.893793
1.893792
1.893791
1.893790
1.893789
1.893788
1.893787
1.893785
1.893784
1.893783
1.893782
1.893781
1.893780
1.893779
1.893778
1.893777
1.893776
1.893775
1.893773
1.893772
1.893771
1.893770
1.893769
1.893768
1.893767
1.893766
1.893765
1.893764
1.893763
1.893762
1.893761
1.893760
1.893759
1.893758
1.893757
1.893756
1.893755
1.893754
1.893753
1.893752
1.893751
1.893750
1.893749
1.893748
1.893747
1.893746
1.893745
1.893744
1.893743
1.893742
1.893741
1.893740
1.893739
1.893738
1.893737
1.893736
1.893736
1.893735
1.893734
1.893733
1.893732
1.893731
1.893730
1.893729
1.893728
1.893727
1.893727
1.893726
1.893725
1.893724
1.893723
1.893722
1.893721
1.893721
1.893720
1.893719
1.893718
1.893717
1.893716
1.893716
1.893715
1.893714
1.893713
1.893712
1.893711
1.893711
1.893710
1.893709
1.893708
1.893708
1.893707
1.893706
1.893705
1.893704
1.893704
1.893703
1.893702
1.893701
1.893701
1.893700
1.893699
1.893698
1.893698
1.893697
1.893696
1.893695
1.893695
1.893694
1.893693
1.893692
1.893692
1.893691
1.893690
1.893689
1.893689
1.893688
1.893687
1.893687
1.893686
1.893685
1.893685
1.893684
1.893683
1.893683
1.893682
1.893681
1.893680
1.893680
1.893679
1.893678
1.893678
1.893677
1.893676
1.893676
1.893675
1.893674
1.893674
1.893673
1.893673
1.893672
1.893671
1.893671
1.893670
1.893669
1.893669
1.893668
1.893667
1.893667
1.893666
1.893666
1.893665
1.893664
1.893664
1.893663
1.893663
1.893662
1.893661
1.893661
1.893660
1.893660
1.893659
1.893658
1.893658
1.893657
1.893657
1.893656
1.893655
1.893655
1.893654
1.893654
1.893653
1.893653
1.893652
1.893651
1.893651
1.893650
1.893650
1.893649
1.893649
1.893648
1.893648
1.893647
1.893647
1.893646
1.893645
1.893645
1.893644
1.893644
1.893643
1.893643
1.893642
1.893642
1.893641
1.893641
1.893640
1.893640
1.893639
1.893639
1.893638
1.893638
1.893637
1.893637
1.893636
1.893636
1.893635
1.893635
1.893634
1.893634
1.893633
1.893633
1.893632
1.893632
1.893631
1.893631
1.893630
1.893630
1.893629
1.893629
1.893628
1.893628
1.893627
1.893627
1.893626
1.893626
1.893626
1.893625
1.893625
1.893624
1.893624
1.893623
1.893623
1.893622
1.893622
1.893621
1.893621
1.893621
1.893620
1.893620
1.893619
1.893619
1.893618
1.893618
1.893618
1.893617
1.893617
1.893616
1.893616
1.893615
1.893615
1.893615
1.893614
1.893614
1.893613
1.893613
1.893613
1.893612
1.893612
1.893611
1.893611
1.893611
1.893610
1.893610
1.893609
1.893609
1.893609
1.893608
1.893608
1.893607
1.893607
1.893607
1.893606
1.893606
1.893606
1.893605
1.893605
1.893604
1.893604
1.893604
1.893603
1.893603
1.893603
1.893602
1.893602
1.893602
1.893601
1.893601
1.893600
1.893600
1.893600
1.893599
1.893599
1.893599
1.893598
1.893598
1.893598
1.893597
1.893597
1.893597
1.893596
1.893596
1.893596
1.893595
1.893595
1.893595
1.893594
1.893594
1.893594
1.893593
1.893593
1.893593
1.893592
1.893592
1.893592
1.893591
1.893591
1.893591
1.893591
1.893590
1.893590
1.893590
1.893589
1.893589
1.893589
1.893588
1.893588
1.893588
1.893588
1.893587
1.893587
1.893587
1.893586
1.893586
1.893586
1.893585
1.893585
1.893585
1.893585
1.893584
1.893584
1.893584
1.893584
1.893583
1.893583
1.893583
1.893582
1.893582
1.893582
1.893582
1.893581
1.893581
1.893581
1.893581
1.893580
1.893580
1.893580
1.893580
1.893579
1.893579
1.893579
1.893579
1.893578
1.893578
1.893578
1.893578
1.893577
1.893577
1.893577
1.893577
1.893576
1.893576
1.893576
1.893576
1.893576
1.893575
1.893575
1.893575
1.893575
1.893574
1.893574
1.893574
1.893574
1.893573
1.893573
1.893573
1.893573
1.893573
1.893572
1.893572
1.893572
1.893572
1.893571
1.893571
1.893571
1.893571
1.893571
1.893570
1.893570
1.893570
1.893570
1.893569
1.893569
1.893569
1.893569
1.893569
1.893568
1.893568
1.893568
1.893568
1.893568
1.893567
1.893567
1.893567
1.893567
1.893567
1.893566
1.893566
1.893566
1.893566
1.893566
1.893565
1.893565
1.893565
1.893565
1.893565
1.893564
1.893564
1.893564
1.893564
1.893564
1.893563
1.893563
1.893563
1.893563
1.893563
1.893563
1.893562
1.893562
1.893562
1.893562
1.893562
1.893562
1.893561
1.893561
1.893561
1.893561
1.893561
1.893561
1.893560
1.893560
1.893560
1.893560
1.893560
1.893560
1.893559
1.893559
1.893559
1.893559
1.893559
1.893559
1.893558
1.893558
1.893558
1.893558
1.893558
1.893558
1.893558
1.893557
1.893557
1.893557
1.893557
1.893557
1.893557
1.893557
1.893556
1.893556
1.893556
1.893556
1.893556
1.893556
1.893556
1.893555
1.893555
1.893555
1.893555
1.893555
1.893555
1.893555
1.893554
1.893554
1.893554
1.893554
1.893554
1.893554
1.893554
1.893553
1.893553
1.893553
1.893553
1.893553
1.893553
1.893553
1.893553
1.893552
1.893552
1.893552
1.893552
1.893552
1.893552
1.893552
1.893551
1.893551
1.893551
1.893551
1.893551
1.893551
1.893551
1.893551
1.893550
1.893550
1.893550
1.893550
1.893550
1.893550
1.893550
1.893549
1.893549
1.893549
1.893549
1.893549
1.893549
1.893549
1.893549
1.893548
1.893548
1.893548
1.893548
1.893548
1.893548
1.893548
1.893548
1.893547
1.893547
1.893547
1.893547
1.893547
1.893547
1.893547
1.893546
1.893546
1.893546
1.893546
1.893546
1.893546
1.893546
1.893546
1.893545
1.893545
1.893545
1.893545
1.893545
1.893545
1.893545
1.893545
1.893544
1.893544
1.893544
1.893544
1.893544
1.893544
1.893544
1.893543
1.893543
1.893543
1.893543
1.893543
1.893543
1.893543
1.893543
1.893542
1.893542
1.893542
1.893542
1.893542
1.893542
1.893542
1.893542
1.893541
1.893541
1.893541
1.893541
1.893541
1.893541
1.893541
1.893541
1.893540
1.893540
1.893540
1.893540
1.893540
1.893540
1.893540
1.893539
1.893539
1.893539
1.893539
1.893539
1.893539
1.893539
1.893539
1.893538
1.893538
1.893538
1.893538
1.893538
1.893538
1.893538
1.893538
1.893537
1.893537
1.893537
1.893537
1.893537
1.893537
1.893537
1.893536
1.893536
1.893536
1.893536
1.893536
1.893536
1.893536
1.893536
1.893535
1.893535
1.893535
1.893535
1.893535
1.893535
1.893535
1.893535
1.893534
1.893534
1.893534
1.893534
1.893534
1.893534
1.893534
1.893533
1.893533
1.893533
1.893533
1.893533
1.893533
1.893533
1.893533
1.893532
1.893532
1.893532
1.893532
1.893532
1.893532
1.893532
1.893531
1.893531
1.893531
1.893531
1.893531
1.893531
1.893531
1.893531
1.893530
1.893530
1.893530
1.893530
1.893530
1.893530
1.893530
1.893530
1.893529
1.893529
1.893529
1.893529
1.893529
1.893529
1.893529
1.893528
1.893528
1.893528
1.893528
1.893528
1.893528
1.893528
1.893528
1.893527
1.893527
1.893527
1.893527
1.893527
1.893527
1.893527
1.893527
1.893526
1.893526
1.893526
1.893526
1.893526
1.893526
1.893526
1.893525
1.893525
1.893525
1.893525
1.893525
1.893525
1.893525
1.893525
1.893524
1.893524
1.893524
1.893524
1.893524
1.893524
1.893524
1.893523
1.893523
1.893523
1.893523
1.893523
1.893523
1.893523
1.893523
1.893522
1.893522
1.893522
1.893522
1.893522
1.893522
1.893522
1.893522
1.893521
1.893521
1.893521
1.893521
1.893521
1.893521
1.893521
1.893520
1.893520
1.893520
1.893520
1.893520
1.893520
1.893520
1.893520
1.893519
1.893519
1.893519
1.893519
1.893519
1.893519
1.893519
1.893518
1.893518
1.893518
1.893518
1.893518
1.893518
1.893518
1.893518
1.893517
1.893517
1.893517
1.893517
1.893517
1.893517
1.893517
1.893516
1.893516
1.893516
1.893516
1.893516
1.893516
1.893516
1.893516
1.893515
1.893515
1.893515
1.893515
1.893515
1.893515
1.893515
1.893515
1.893514
1.893514
1.893514
1.893514
1.893514
1.893514
1.893514
1.893513
1.893513
1.893513
1.893513
1.893513
1.893513
1.893513
1.893513
1.893512
1.893512
1.893512
1.893512
1.893512
1.893512
1.893512
1.893511
1.893511
1.893511
1.893511
1.893511
1.893511
1.893511
1.893511
1.893510
1.893510
1.893510
1.893510
1.893510
1.893510
1.893510
1.893509
1.893509
1.893509
1.893509
1.893509
1.893509
1.893509
1.893509
1.893508
1.893508
1.893508
1.893508
1.893508
1.893508
1.893508
1.893508
1.893507
1.893507
1.893507
1.893507
1.893507
1.893507
1.893507
1.893506
1.893506
1.893506
1.893506
1.893506
1.893506
1.893506
1.893506
1.893505
1.893505
1.893505
1.893505
1.893505
1.893505
1.893505
1.893504
1.893504
1.893504
1.893504
1.893504
1.893504
1.893504
1.893504
1.893504
1.893503
1.893503
1.893503
1.893503
1.893503
1.893503
1.893503
1.893502
1.893502
1.893502
1.893502
1.893502
1.893502
1.893502
1.893502
1.893501
1.893501
1.893501
1.893501
1.893501
1.893501
1.893501
1.893501
1.893500
1.893500
1.893500
1.893500
1.893500
1.893500
1.893500
1.893499
1.893499
1.893499
1.893499
1.893499
1.893499
1.893499
1.893499
1.893498
1.893498
1.893498
1.893498
1.893498
1.893498
1.893498
1.893497
1.893497
1.893497
1.893497
1.893497
1.893497
1.893497
1.893497
1.893496
1.893496
1.893496
1.893496
1.893496
1.893496
1.893496
1.893495
1.893495
1.893495
1.893495
1.893495
1.893495
1.893495
1.893495
1.893494
1.893494
1.893494
1.893494
1.893494
1.893494
1.893494
1.893493
1.893493
1.893493
1.893493
1.893493
1.893493
1.893493
1.893493
1.893492
1.893492
1.893492
1.893492
1.893492
1.893492
1.893492
1.893491
1.893491
1.893491
1.893491
1.893491
1.893491
1.893491
1.893491
1.893490
1.893490
1.893490
1.893490
1.893490
1.893490
1.893490
1.893489
1.893489
1.893489
1.893489
1.893489
1.893489
1.893489
1.893489
1.893488
1.893488
1.893488
1.893488
1.893488
1.893488
1.893488
1.893487
1.893487
1.893487
1.893487
1.893487
1.893487
1.893487
1.893487
1.893486
1.893486
1.893486
1.893486
1.893486
1.893486
1.893486
1.893485
1.893485
1.893485
1.893485
1.893485
1.893485
1.893485
1.893485
1.893484
1.893484
1.893484
1.893484
1.893484
1.893484
1.893484
1.893483
1.893483
1.893483
1.893483
1.893483
1.893483
1.893483
1.893483
1.893482
1.893482
1.893482
1.893482
1.893482
1.893482
1.893482
1.893481
1.893481
1.893481
1.893481
1.893481
1.893481
1.893481
1.893481
1.893480
1.893480
1.893480
1.893480
1.893480
1.893480
1.893480
1.893479
1.893479
1.893479
1.893479
1.893479
1.893479
1.893479
1.893479
1.893478
1.893478
1.893478
1.893478
1.893478
1.893478
1.893478
1.893477
1.893477
1.893477
1.893477
1.893477
1.893477
1.893477
1.893477
1.893476
1.893476
1.893476
1.893476
1.893476
1.893476
1.893476
1.893475
1.893475
1.893475
1.893475
1.893475
1.893475
1.893475
1.893475
1.893474
1.893474
1.893474
1.893474
1.893474
1.893474
1.893474
1.893473
1.893473
1.893473
1.893473
1.893473
1.893473
1.893473
1.893472
1.893472
1.893472
1.893472
1.893472
1.893472
1.893472
1.893472
1.893471
1.893471
1.893471
1.893471
1.893471
1.893471
1.893471
1.893470
1.893470
1.893470
1.893470
1.893470
1.893470
1.893470
1.893470
1.893469
1.893469
1.893469
1.893469
1.893469
1.893469
1.893469
1.893468
1.893468
1.893468
1.893468
1.893468
1.893468
1.893468
1.893467
1.893467
1.893467
1.893467
1.893467
1.893467
1.893467
1.893467
1.893466
1.893466
1.893466
1.893466
1.893466
1.893466
1.893466
1.893465
1.893465
1.893465
1.893465
1.893465
1.893465
1.893465
1.893465
1.893464
1.893464
1.893464
1.893464
1.893464
1.893464
1.893464
1.893463
1.893463
1.893463
1.893463
1.893463
1.893463
1.893463
1.893462
1.893462
1.893462
1.893462
1.893462
1.893462
1.893462
1.893462
1.893461
1.893461
1.893461
1.893461
1.893461
1.893461
1.893461
1.893460
1.893460
1.893460
1.893460
1.893460
1.893460
1.893460
1.893460
1.893459
1.893459
1.893459
1.893459
1.893459
1.893459
1.893459
1.893458
1.893458
1.893458
1.893458
1.893458
1.893458
1.893458
1.893457
1.893457
1.893457
1.893457
1.893457
1.893457
1.893457
1.893457
1.893456
1.893456
1.893456
1.893456
1.893456
1.893456
1.893456
1.893455
1.893455
1.893455
1.893455
1.893455
1.893455
1.893455
1.893454
1.893454
1.893454
1.893454
1.893454
1.893454
1.893454
1.893454
1.893453
1.893453
1.893453
1.893453
1.893453
1.893453
1.893453
1.893452
1.893452
1.893452
1.893452
1.893452
1.893452
1.893452
1.893451
1.893451
1.893451
1.893451
1.893451
1.893451
1.893451
1.893451
1.893450
1.893450
1.893450
1.893450
1.893450
1.893450
1.893450
1.893449
1.893449
1.893449
1.893449
1.893449
1.893449
1.893449
1.893448
1.893448
1.893448
1.893448
1.893448
1.893448
1.893448
1.893448
1.893447
1.893447
1.893447
1.893447
1.893447
1.893447
1.893447
1.893446
1.893446
1.893446
1.893446
1.893446
1.893446
1.893446
1.893445
1.893445
1.893445
1.893445
1.893445
1.893445
1.893445
1.893445
1.893444
1.893444
1.893444
1.893444
1.893444
1.893444
1.893444
1.893443
1.893443
1.893443
1.893443
1.893443
1.893443
1.893443
1.893442
1.893442
1.893442
1.893442
1.893442
1.893442
1.893442
1.893442
1.893441
1.893441
1.893441
1.893441
1.893441
1.893441
1.893441
1.893440
1.893440
1.893440
1.893440
1.893440
1.893440
1.893440
1.893439
1.893439
1.893439
1.893439
1.893439
1.893439
1.893439
1.893438
1.893438
1.893438
1.893438
1.893438
1.893438
1.893438
1.893438
1.893437
1.893437
1.893437
1.893437
1.893437
1.893437
1.893437
1.893437
1.893436
1.893436
1.893436
1.893436
1.893436
1.893436
1.893436
1.893435
1.893435
1.893435
1.893435
1.893435
1.893435
1.893435
1.893434
1.893434
1.893434
1.893434
1.893434
1.893434
1.893434
1.893434
1.893433
1.893433
1.893433
1.893433
1.893433
1.893433
1.893433
1.893432
1.893432
1.893432
1.893432
1.893432
1.893432
1.893432
1.893431
1.893431
1.893431
1.893431
1.893431
1.893431
1.893431
1.893430
1.893430
1.893430
1.893430
1.893430
1.893430
1.893430
1.893430
1.893429
1.893429
1.893429
1.893429
1.893429
1.893429
1.893429
1.893428
1.893428
1.893428
1.893428
1.893428
1.893428
1.893428
1.893427
1.893427
1.893427
1.893427
1.893427
1.893427
1.893427
1.893426
1.893426
1.893426
1.893426
1.893426
1.893426
1.893426
1.893425
1.893425
1.893425
1.893425
1.893425
1.893425
1.893425
1.893425
1.893424
1.893424
1.893424
1.893424
1.893424
1.893424
1.893424
1.893423
1.893423
1.893423
1.893423
1.893423
1.893423
1.893423
1.893422
1.893422
1.893422
1.893422
1.893422
1.893422
1.893422
1.893421
1.893421
1.893421
1.893421
1.893421
1.893421
1.893421
1.893420
1.893420
1.893420
1.893420
1.893420
1.893420
1.893420
1.893419
1.893419
1.893419
1.893419
1.893419
1.893419
1.893419
1.893419
1.893418
1.893418
1.893418
1.893418
1.893418
1.893418
1.893418
1.893417
1.893417
1.893417
1.893417
1.893417
1.893417
1.893417
1.893416
1.893416
1.893416
1.893416
1.893416
1.893416
1.893416
1.893415
1.893415
1.893415
1.893415
1.893415
1.893415
1.893415
1.893414
1.893414
1.893414
1.893414
1.893414
1.893414
1.893414
1.893413
1.893413
1.893413
1.893413
1.893413
1.893413
1.893413
1.893412
1.893412
1.893412
1.893412
1.893412
1.893412
1.893412
1.893411
1.893411
1.893411
1.893411
1.893411
1.893411
1.893411
1.893411
1.893410
1.893410
1.893410
1.893410
1.893410
1.893410
1.893410
1.893409
1.893409
1.893409
1.893409
1.893409
1.893409
1.893409
1.893408
1.893408
1.893408
1.893408
1.893408
1.893408
1.893408
1.893407
1.893407
1.893407
1.893407
1.893407
1.893407
1.893407
1.893406
1.893406
1.893406
1.893406
1.893406
1.893406
1.893406
1.893405
1.893405
1.893405
1.893405
1.893405
1.893405
1.893405
1.893404
1.893404
1.893404
1.893404
1.893404
1.893404
1.893404
1.893403
1.893403
1.893403
1.893403
1.893403
1.893403
1.893403
1.893402
1.893402
1.893402
1.893402
1.893402
1.893402
1.893402
1.893401
1.893401
1.893401
1.893401
1.893401
1.893401
1.893401
1.893400
1.893400
1.893400
1.893400
1.893400
1.893400
1.893400
1.893399
1.893399
1.893399
1.893399
1.893399
1.893399
1.893399
1.893398
1.893398
1.893398
1.893398
1.893398
1.893398
1.893398
1.893397
1.893397
1.893397
1.893397
1.893397
1.893397
1.893397
1.893396
1.893396
1.893396
1.893396
1.893396
1.893396
1.893396
1.893395
1.893395
1.893395
1.893395
1.893395
1.893395
1.893395
1.893394
1.893394
1.893394
1.893394
1.893394
1.893394
1.893394
1.893393
1.893393
1.893393
1.893393
1.893393
1.893393
1.893393
1.893392
1.893392
1.893392
1.893392
1.893392
1.893392
1.893391
1.893391
1.893391
1.893391
1.893391
1.893391
1.893391
1.893390
1.893390
1.893390
1.893390
1.893390
1.893390
1.893390
1.893389
1.893389
1.893389
1.893389
1.893389
1.893389
1.893389
1.893388
1.893388
1.893388
1.893388
1.893388
1.893388
1.893388
1.893387
1.893387
1.893387
1.893387
1.893387
1.893387
1.893387
1.893386
1.893386
1.893386
1.893386
1.893386
1.893386
1.893386
1.893385
1.893385
1.893385
1.893385
1.893385
1.893385
1.893385
1.893384
1.893384
1.893384
1.893384
1.893384
1.893384
1.893383
1.893383
1.893383
1.893383
1.893383
1.893383
1.893383
1.893382
1.893382
1.893382
1.893382
1.893382
1.893382
1.893382
1.893381
1.893381
1.893381
1.893381
1.893381
1.893381
1.893381
1.893380
1.893380
1.893380
1.893380
1.893380
1.893380
1.893380
1.893379
1.893379
1.893379
1.893379
1.893379
1.893379
1.893379
1.893378
1.893378
1.893378
1.893378
1.893378
1.893378
1.893377
1.893377
1.893377
1.893377
1.893377
1.893377
1.893377
1.893376
1.893376
1.893376
1.893376
1.893376
1.893376
1.893376
1.893375
1.893375
1.893375
1.893375
1.893375
1.893375
1.893375
1.893374
1.893374
1.893374
1.893374
1.893374
1.893374
1.893373
1.893373
1.893373
1.893373
1.893373
1.893373
1.893373
1.893372
1.893372
1.893372
1.893372
1.893372
1.893372
1.893372
1.893371
1.893371
1.893371
1.893371
1.893371
1.893371
1.893371
1.893370
1.893370
1.893370
1.893370
1.893370
1.893370
1.893369
1.893369
1.893369
1.893369
1.893369
1.893369
1.893369
1.893368
1.893368
1.893368
1.893368
1.893368
1.893368
1.893368
1.893367
1.893367
1.893367
1.893367
1.893367
1.893367
1.893366
1.893366
1.893366
1.893366
1.893366
1.893366
1.893366
1.893365
1.893365
1.893365
1.893365
1.893365
1.893365
1.893365
1.893365
1.893364
1.893364
1.893364
1.893364
1.893364
1.893364
1.893363
1.893363
1.893363
1.893363
1.893363
1.893363
1.893363
1.893362
1.893362
1.893362
1.893362
1.893362
1.893362
1.893361
1.893361
1.893361
1.893361
1.893361
1.893361
1.893361
1.893360
1.893360
1.893360
1.893360
1.893360
1.893360
1.893360
1.893359
1.893359
1.893359
1.893359
1.893359
1.893359
1.893358
1.893358
1.893358
1.893358
1.893358
1.893358
1.893358
1.893357
1.893357
1.893357
1.893357
1.893357
1.893357
1.893356
1.893356
1.893356
1.893356
1.893356
1.893356
1.893356
1.893355
1.893355
1.893355
1.893355
1.893355
1.893355
1.893354
1.893354
1.893354
1.893354
1.893354
1.893354
1.893353
1.893353
1.893353
1.893353
1.893353
1.893353
1.893353
1.893352
1.893352
1.893352
1.893352
1.893352
1.893352
1.893351
1.893351
1.893351
1.893351
1.893351
1.893350
1.893350
1.893350
1.893350
1.893350
1.893350
1.893349
1.893349
1.893349
1.893349
1.893349
1.893349
1.893348
1.893348
1.893348
1.893348
1.893348
1.893348
1.893347
1.893347
1.893347
1.893347
1.893347
1.893347
1.893347
1.893346
1.893346
1.893346
1.893346
1.893346
1.893346
1.893346
1.893345
1.893345
1.893345
1.893345
1.893345
1.893345
1.893345
1.893345
1.893344
1.893344
1.893344
1.893344
1.893344
1.893344
1.893343
1.893343
1.893343
1.893343
1.893343
1.893343
1.893343
1.893342
1.893342
1.893342
1.893342
1.893342
1.893342
1.893341
1.893341
1.893341
1.893341
1.893341
1.893341
1.893340
1.893340
1.893340
1.893340
1.893340
1.893340
1.893339
1.893339
1.893339
1.893339
1.893339
1.893339
1.893338
1.893338
1.893338
1.893338
1.893338
1.893337
1.893337
1.893337
1.893337
1.893337
1.893337
1.893336
1.893336
1.893336
1.893336
1.893336
1.893336
1.893335
1.893335
1.893335
1.893335
1.893335
1.893335
1.893334
1.893334
1.893334
1.893334
1.893334
1.893334
1.893333
1.893333
1.893333
1.893333
1.893333
1.893333
1.893332
1.893332
1.893332
1.893332
1.893332
1.893332
1.893331
1.893331
1.893331
1.893331
1.893331
1.893331
1.893330
1.893330
1.893330
1.893330
1.893330
1.893330
1.893329
1.893329
1.893329
1.893329
1.893329
1.893329
1.893328
1.893328
1.893328
1.893328
1.893328
1.893328
1.893327
1.893327
1.893327
1.893327
1.893327
1.893327
1.893326
1.893326
1.893326
1.893326
1.893326
1.893326
1.893325
1.893325
1.893325
1.893325
1.893325
1.893325
1.893324
1.893324
1.893324
1.893324
1.893324
1.893323
1.893323
1.893323
1.893323
1.893323
1.893323
1.893322
1.893322
1.893322
1.893322
1.893322
1.893322
1.893321
1.893321
1.893321
1.893321
1.893321
1.893320
1.893320
1.893320
1.893320
1.893320
1.893320
1.893319
1.893319
1.893319
1.893319
1.893319
1.893319
1.893318
1.893318
1.893318
1.893318
1.893318
1.893317
1.893317
1.893317
1.893317
1.893317
1.893317
1.893316
1.893316
1.893316
1.893316
1.893316
1.893315
1.893315
1.893315
1.893315
1.893315
1.893314
1.893314
1.893314
1.893314
1.893314
1.893314
1.893313
1.893313
1.893313
1.893313
1.893313
1.893312
1.893312
1.893312
1.893312
1.893312
1.893311
1.893311
1.893311
1.893311
1.893311
1.893311
1.893310
1.893310
1.893310
1.893310
1.893310
1.893309
1.893309
1.893309
1.893309
1.893309
1.893308
1.893308
1.893308
1.893308
1.893308
1.893307
1.893307
1.893307
1.893307
1.893307
1.893306
1.893306
1.893306
1.893306
1.893306
1.893305
1.893305
1.893305
1.893305
1.893305
1.893304
1.893304
1.893304
1.893304
1.893304
1.893303
1.893303
1.893303
1.893303
1.893303
1.893302
1.893302
1.893302
1.893302
1.893302
1.893301
1.893301
1.893301
1.893301
1.893301
1.893300
1.893300
1.893300
1.893300
1.893300
1.893299
1.893299
1.893299
1.893299
1.893299
1.893298
1.893298
1.893298
1.893298
1.893297
1.893297
1.893297
1.893297
1.893297
1.893296
1.893296
1.893296
1.893296
1.893296
1.893295
1.893295
1.893295
1.893295
1.893294
1.893294
1.893294
1.893294
1.893294
1.893293
1.893293
1.893293
1.893293
1.893293
1.893292
1.893292
1.893292
1.893292
1.893291
1.893291
1.893291
1.893291
1.893291
1.893290
1.893290
1.893290
1.893290
1.893289
1.893289
1.893289
1.893289
1.893289
1.893288
1.893288
1.893288
1.893288
1.893287
1.893287
1.893287
1.893287
1.893287
1.893286
1.893286
1.893286
1.893286
1.893285
1.893285
1.893285
1.893285
1.893285
1.893284
1.893284
1.893284
1.893284
1.893283
1.893283
1.893283
1.893283
1.893282
1.893282
1.893282
1.893282
1.893282
1.893281
1.893281
1.893281
1.893281
1.893280
1.893280
1.893280
1.893280
1.893279
1.893279
1.893279
1.893279
1.893279
1.893278
1.893278
1.893278
1.893278
1.893277
1.893277
1.893277
1.893277
1.893276
1.893276
1.893276
1.893276
1.893275
1.893275
1.893275
1.893275
1.893275
1.893274
1.893274
1.893274
1.893274
1.893274
1.893273
1.893273
1.893273
1.893273
1.893272
1.893272
1.893272
1.893272
1.893271
1.893271
1.893271
1.893271
1.893270
1.893270
1.893270
1.893270
1.893269
1.893269
1.893269
1.893269
1.893269
1.893268
1.893268
1.893268
1.893268
1.893267
1.893267
1.893267
1.893267
1.893266
1.893266
1.893266
1.893266
1.893265
1.893265
1.893265
1.893265
1.893264
1.893264
1.893264
1.893264
1.893263
1.893263
1.893263
1.893263
1.893262
1.893262
1.893262
1.893262
1.893261
1.893261
1.893261
1.893261
1.893260
1.893260
1.893260
1.893260
1.893259
1.893259
1.893259
1.893259
1.893258
1.893258
1.893258
1.893258
1.893257
1.893257
1.893257
1.893257
1.893256
1.893256
1.893256
1.893256
1.893255
1.893255
1.893255
1.893255
1.893254
1.893254
1.893254
1.893254
1.893253
1.893253
1.893253
1.893253
1.893252
1.893252
1.893252
1.893251
1.893251
1.893251
1.893251
1.893250
1.893250
1.893250
1.893250
1.893249
1.893249
1.893249
1.893249
1.893248
1.893248
1.893248
1.893248
1.893247
1.893247
1.893247
1.893247
1.893246
1.893246
1.893246
1.893246
1.893245
1.893245
1.893245
1.893245
1.893244
1.893244
1.893244
1.893243
1.893243
1.893243
1.893243
1.893242
1.893242
1.893242
1.893242
1.893241
1.893241
1.893241
1.893241
1.893240
1.893240
1.893240
1.893240
1.893239
1.893239
1.893239
1.893239
1.893238
1.893238
1.893238
1.893238
1.893237
1.893237
1.893237
1.893236
1.893236
1.893236
1.893236
1.893235
1.893235
1.893235
1.893235
1.893234
1.893234
1.893234
1.893234
1.893233
1.893233
1.893233
1.893233
1.893232
1.893232
1.893232
1.893232
1.893231
1.893231
1.893231
1.893230
1.893230
1.893230
1.893230
1.893229
1.893229
1.893229
1.893229
1.893228
1.893228
1.893228
1.893228
1.893227
1.893227
1.893227
1.893227
1.893226
1.893226
1.893226
1.893226
1.893225
1.893225
1.893225
1.893224
1.893224
1.893224
1.893224
1.893223
1.893223
1.893223
1.893223
1.893222
1.893222
1.893222
1.893222
1.893221
1.893221
1.893221
1.893221
1.893220
1.893220
1.893220
1.893220
1.893219
1.893219
1.893219
1.893219
1.893218
1.893218
1.893218
1.893217
1.893217
1.893217
1.893217
1.893216
1.893216
1.893216
1.893216
1.893215
1.893215
1.893215
1.893215
1.893214
1.893214
1.893214
1.893214
1.893213
1.893213
1.893213
1.893213
1.893212
1.893212
1.893212
1.893212
1.893211
1.893211
1.893211
1.893211
1.893210
1.893210
1.893210
1.893210
1.893209
1.893209
1.893209
1.893208
1.893208
1.893208
1.893208
1.893207
1.893207
1.893207
1.893207
1.893206
1.893206
1.893206
1.893206
1.893205
1.893205
1.893205
1.893205
1.893204
1.893204
1.893204
1.893204
1.893203
1.893203
1.893203
1.893203
1.893202
1.893202
1.893202
1.893202
1.893201
1.893201
1.893201
1.893201
1.893200
1.893200
1.893200
1.893200
1.893199
1.893199
1.893199
1.893199
1.893198
1.893198
1.893198
1.893198
1.893197
1.893197
1.893197
1.893197
1.893196
1.893196
1.893196
1.893196
1.893195
1.893195
1.893195
1.893195
1.893195
1.893194
1.893194
1.893194
1.893194
1.893193
1.893193
1.893193
1.893193
1.893192
1.893192
1.893192
1.893192
1.893191
1.893191
1.893191
1.893191
1.893190
1.893190
1.893190
1.893190
1.893189
1.893189
1.893189
1.893189
1.893188
1.893188
1.893188
1.893188
1.893188
1.893187
1.893187
1.893187
1.893187
1.893186
1.893186
1.893186
1.893186
1.893185
1.893185
1.893185
1.893185
1.893184
1.893184
1.893184
1.893184
1.893184
1.893183
1.893183
1.893183
1.893183
1.893182
1.893182
1.893182
1.893182
1.893181
1.893181
1.893181
1.893181
1.893181
1.893180
1.893180
1.893180
1.893180
1.893179
1.893179
1.893179
1.893179
1.893179
1.893178
1.893178
1.893178
1.893178
1.893177
1.893177
1.893177
1.893177
1.893177
1.893176
1.893176
1.893176
1.893176
1.893175
1.893175
1.893175
1.893175
1.893175
1.893174
1.893174
1.893174
1.893174
1.893173
1.893173
1.893173
1.893173
1.893173
1.893172
1.893172
1.893172
1.893172
1.893171
1.893171
1.893171
1.893171
1.893171
1.893170
1.893170
1.893170
1.893170
1.893170
1.893169
1.893169
1.893169
1.893169
1.893169
1.893168
1.893168
1.893168
1.893168
1.893167
1.893167
1.893167
1.893167
1.893167
1.893166
1.893166
1.893166
1.893166
1.893166
1.893165
1.893165
1.893165
1.893165
1.893165
1.893164
1.893164
1.893164
1.893164
1.893164
1.893163
1.893163
1.893163
1.893163
1.893163
1.893162
1.893162
1.893162
1.893162
1.893162
1.893161
1.893161
1.893161
1.893161
1.893161
1.893160
1.893160
1.893160
1.893160
1.893160
1.893159
1.893159
1.893159
1.893159
1.893159
1.893158
1.893158
1.893158
1.893158
1.893158
1.893158
1.893157
1.893157
1.893157
1.893157
1.893157
1.893156
1.893156
1.893156
1.893156
1.893156
1.893155
1.893155
1.893155
1.893155
1.893155
1.893155
1.893155
1.893154
1.893154
1.893154
1.893154
1.893154
1.893153
1.893153
1.893153
1.893153
1.893153
1.893153
1.893152
1.893152
1.893152
1.893152
1.893152
1.893152
1.893151
1.893151
1.893151
1.893151
1.893151
1.893151
1.893150
1.893150
1.893150
1.893150
1.893150
1.893149
1.893149
1.893149
1.893149
1.893149
1.893149
1.893148
1.893148
1.893148
1.893148
1.893148
1.893148
1.893147
1.893147
1.893147
1.893147
1.893147
1.893147
1.893147
1.893146
1.893146
1.893146
1.893146
1.893146
1.893146
1.893145
1.893145
1.893145
1.893145
1.893145
1.893145
1.893144
1.893144
1.893144
1.893144
1.893144
1.893144
1.893144
1.893143
1.893143
1.893143
1.893143
1.893143
1.893143
1.893143
1.893142
1.893142
1.893142
1.893142
1.893142
1.893142
1.893141
1.893141
1.893141
1.893141
1.893141
1.893141
1.893141
1.893140
1.893140
1.893140
1.893140
1.893140
1.893140
1.893140
1.893140
1.893139
1.893139
1.893139
1.893139
1.893139
1.893139
1.893139
1.893138
1.893138
1.893138
1.893138
1.893138
1.893138
1.893138
1.893137
1.893137
1.893137
1.893137
1.893137
1.893137
1.893137
1.893137
1.893136
1.893136
1.893136
1.893136
1.893136
1.893136
1.893136
1.893136
1.893135
1.893135
1.893135
1.893135
1.893135
1.893135
1.893135
1.893135
1.893134
1.893134
1.893134
1.893134
1.893134
1.893134
1.893134
1.893134
1.893134
1.893133
1.893133
1.893133
1.893133
1.893133
1.893133
1.893133
1.893133
1.893133
1.893132
1.893132
1.893132
1.893132
1.893132
1.893132
1.893132
1.893132
1.893132
1.893131
1.893131
1.893131
1.893131
1.893131
1.893131
1.893131
1.893131
1.893131
1.893130
1.893130
1.893130
1.893130
1.893130
1.893130
1.893130
1.893130
1.893130
1.893130
1.893129
1.893129
1.893129
1.893129
1.893129
1.893129
1.893129
1.893129
1.893129
1.893129
1.893128
1.893128
1.893128
1.893128
1.893128
1.893128
1.893128
1.893128
1.893128
1.893128
1.893128
1.893127
1.893127
1.893127
1.893127
1.893127
1.893127
1.893127
1.893127
1.893127
1.893127
1.893127
1.893126
1.893126
1.893126
1.893126
1.893126
1.893126
1.893126
1.893126
1.893126
1.893126
1.893126
1.893125
1.893125
1.893125
1.893125
1.893125
1.893125
1.893125
1.893125
1.893125
1.893125
1.893125
1.893124
1.893124
1.893124
1.893124
1.893124
1.893124
1.893124
1.893124
1.893124
1.893124
1.893124
1.893124
1.893123
1.893123
1.893123
1.893123
1.893123
1.893123
1.893123
1.893123
1.893123
1.893123
1.893123
1.893123
1.893122
1.893122
1.893122
1.893122
1.893122
1.893122
1.893122
1.893122
1.893122
1.893122
1.893122
1.893122
1.893121
1.893121
1.893121
1.893121
1.893121
1.893121
1.893121
1.893121
1.893121
1.893121
1.893121
1.893121
1.893120
1.893120
1.893120
1.893120
1.893120
1.893120
1.893120
1.893120
1.893120
1.893120
1.893120
1.893120
1.893119
1.893119
1.893119
1.893119
1.893119
1.893119
1.893119
1.893119
1.893119
1.893119
1.893119
1.893119
1.893118
1.893118
1.893118
1.893118
1.893118
1.893118
1.893118
1.893118
1.893118
1.893118
1.893118
1.893117
1.893117
1.893117
1.893117
1.893117
1.893117
1.893117
1.893117
1.893117
1.893117
1.893117
1.893117
1.893116
1.893116
1.893116
1.893116
1.893116
1.893116
1.893116
1.893116
1.893116
1.893116
1.893116
1.893115
1.893115
1.893115
1.893115
1.893115
1.893115
1.893115
1.893115
1.893115
1.893115
1.893115
1.893114
1.893114
1.893114
1.893114
1.893114
1.893114
1.893114
1.893114
1.893114
1.893114
1.893114
1.893113
1.893113
1.893113
1.893113
1.893113
1.893113
1.893113
1.893113
1.893113
1.893113
1.893112
1.893112
1.893112
1.893112
1.893112
1.893112
1.893112
1.893112
1.893112
1.893112
1.893111
1.893111
1.893111
1.893111
1.893111
1.893111
1.893111
1.893111
1.893111
1.893111
1.893110
1.893110
1.893110
1.893110
1.893110
1.893110
1.893110
1.893110
1.893110
1.893110
1.893109
1.893109
1.893109
1.893109
1.893109
1.893109
1.893109
1.893109
1.893109
1.893108
1.893108
1.893108
1.893108
1.893108
1.893108
1.893108
1.893108
1.893108
1.893107
1.893107
1.893107
1.893107
1.893107
1.893107
1.893107
1.893107
1.893107
1.893106
1.893106
1.893106
1.893106
1.893106
1.893106
1.893106
1.893106
1.893106
1.893105
1.893105
1.893105
1.893105
1.893105
1.893105
1.893105
1.893105
1.893105
1.893104
1.893104
1.893104
1.893104
1.893104
1.893104
1.893104
1.893104
1.893104
1.893103
1.893103
1.893103
1.893103
1.893103
1.893103
1.893103
1.893103
1.893102
1.893102
1.893102
1.893102
1.893102
1.893102
1.893102
1.893102
1.893102
1.893101
1.893101
1.893101
1.893101
1.893101
1.893101
1.893101
1.893101
1.893100
1.893100
1.893100
1.893100
1.893100
1.893100
1.893100
1.893100
1.893099
1.893099
1.893099
1.893099
1.893099
1.893099
1.893099
1.893099
1.893098
1.893098
1.893098
1.893098
1.893098
1.893098
1.893098
1.893098
1.893098
1.893098
1.893097
1.893097
1.893097
1.893097
1.893097
1.893097
1.893097
1.893097
1.893096
1.893096
1.893096
1.893096
1.893096
1.893096
1.893096
1.893095
1.893095
1.893095
1.893095
1.893095
1.893095
1.893095
1.893095
1.893094
1.893094
1.893094
1.893094
1.893094
1.893094
1.893094
1.893094
1.893093
1.893093
1.893093
1.893093
1.893093
1.893093
1.893093
1.893093
1.893092
1.893092
1.893092
1.893092
1.893092
1.893092
1.893092
1.893092
1.893091
1.893091
1.893091
1.893091
1.893091
1.893091
1.893091
1.893090
1.893090
1.893090
1.893090
1.893090
1.893090
1.893090
1.893090
1.893089
1.893089
1.893089
1.893089
1.893089
1.893089
1.893089
1.893089
1.893088
1.893089
1.893087
1.893089
1.893087
1.893088
1.893086
1.893088
1.893086
1.893088
1.893086
1.893087
1.893086
1.893087
1.893085
1.893087
1.893085
1.893087
1.893085
1.893086
1.893085
1.893086
1.893085
1.893086
1.893084
1.893086
1.893084
1.893085
1.893084
1.893085
1.893084
1.893085
1.893084
1.893085
1.893083
1.893085
1.893083
1.893084
1.893083
1.893084
1.893083
1.893084
1.893082
1.893084
1.893082
1.893083
1.893082
1.893083
1.893082
1.893083
1.893082
1.893083
1.893081
1.893082
1.893081
1.893082
1.893081
1.893082
1.893081
1.893082
1.893080
1.893082
1.893080
1.893081
1.893080
1.893081
1.893080
1.893081
1.893079
1.893081
1.893079
1.893080
1.893079
1.893080
1.893079
1.893080
1.893079
1.893080
1.893078
1.893080
1.893078
1.893079
1.893078
1.893079
1.893078
1.893079
1.893077
1.893079
1.893077
1.893078
1.893077
1.893078
1.893077
1.893078
1.893076
1.893078
1.893076
1.893077
1.893076
1.893077
1.893076
1.893077
1.893076
1.893077
1.893075
1.893076
1.893075
1.893076
1.893075
1.893076
1.893075
1.893076
1.893074
1.893076
1.893074
1.893075
1.893074
1.893075
1.893074
1.893075
1.893073
1.893075
1.893073
1.893074
1.893073
1.893074
1.893073
1.893074
1.893072
1.893074
1.893072
1.893073
1.893072
1.893073
1.893072
1.893073
1.893071
1.893073
1.893071
1.893072
1.893071
1.893072
1.893071
1.893072
1.893070
1.893072
1.893070
1.893071
1.893070
1.893071
1.893070
1.893071
1.893069
1.893071
1.893069
1.893071
1.893069
1.893070
1.893069
1.893070
1.893068
1.893070
1.893068
1.893070
1.893068
1.893069
1.893068
1.893069
1.893067
1.893069
1.893067
1.893069
1.893067
1.893068
1.893067
1.893068
1.893067
1.893068
1.893066
1.893068
1.893066
1.893067
1.893066
1.893067
1.893066
1.893067
1.893065
1.893067
1.893065
1.893066
1.893065
1.893066
1.893065
1.893066
1.893064
1.893066
1.893064
1.893065
1.893064
1.893065
1.893064
1.893065
1.893063
1.893065
1.893063
1.893064
1.893063
1.893064
1.893063
1.893064
1.893062
1.893064
1.893062
1.893064
1.893062
1.893063
1.893062
1.893063
1.893061
1.893063
1.893061
1.893063
1.893061
1.893062
1.893061
1.893062
1.893060
1.893062
1.893060
1.893062
1.893060
1.893061
1.893060
1.893061
1.893059
1.893061
1.893059
1.893061
1.893059
1.893060
1.893059
1.893060
1.893059
1.893060
1.893058
1.893060
1.893058
1.893059
1.893058
1.893059
1.893058
1.893059
1.893057
1.893059
1.893057
1.893058
1.893057
1.893058
1.893056
1.893058
1.893057
1.893058
1.893056
1.893058
1.893055
1.893057
1.893057
1.893056
1.893057
1.893055
1.893056
1.893056
1.893056
1.893056
1.893056
1.893055
1.893056
1.893053
1.893055
1.893056
1.893053
1.893054
1.893055
1.893053
1.893054
1.893054
1.893054
1.893054
1.893053
1.893054
1.893052
1.893054
1.893053
1.893054
1.893053
1.893054
1.893051
1.893053
1.893053
1.893051
1.893052
1.893053
1.893052
1.893053
1.893051
1.893052
1.893052
1.893052
1.893051
1.893052
1.893050
1.893051
1.893051
1.893050
1.893051
1.893049
1.893051
1.893051
1.893050
1.893051
1.893049
1.893050
1.893050
1.893049
1.893050
1.893048
1.893050
1.893049
1.893050
1.893048
1.893049
1.893049
1.893049
1.893048
1.893049
1.893047
1.893049
1.893048
1.893049
1.893046
1.893048
1.893048
1.893047
1.893048
1.893047
1.893048
1.893045
1.893047
1.893048
1.893044
1.893046
1.893047
1.893045
1.893046
1.893046
1.893045
1.893046
1.893045
1.893046
1.893044
1.893045
1.893045
1.893045
1.893046
1.893043
1.893045
1.893045
1.893043
1.893045
1.893044
1.893045
1.893043
1.893044
1.893043
1.893044
1.893042
1.893043
1.893044
1.893042
1.893043
1.893043
1.893043
1.893043
1.893042
1.893043
1.893040
1.893042
1.893043
1.893039
1.893041
1.893042
1.893040
1.893041
1.893041
1.893041
1.893041
1.893040
1.893042
1.893039
1.893041
1.893041
1.893040
1.893041
1.893039
1.893040
1.893041
1.893039
1.893040
1.893039
1.893040
1.893038
1.893040
1.893039
1.893039
1.893039
1.893038
1.893039
1.893038
1.893039
1.893036
1.893038
1.893039
1.893036
1.893037
1.893037
1.893038
1.893036
1.893037
1.893037
1.893036
1.893037
1.893036
1.893037
1.893036
1.893037
1.893035
1.893037
1.893037
1.893036
1.893037
1.893034
1.893036
1.893037
1.893034
1.893035
1.893036
1.893034
1.893035
1.893035
1.893034
1.893035
1.893033
1.893035
1.893035
1.893034
1.893035
1.893033
1.893034
1.893035
1.893033
1.893034
1.893034
1.893034
1.893033
1.893034
1.893031
1.893033
1.893034
1.893030
1.893032
1.893033
1.893031
1.893032
1.893032
1.893031
1.893032
1.893031
1.893032
1.893030
1.893032
1.893031
1.893032
1.893029
1.893031
1.893032
1.893029
1.893031
1.893031
1.893029
1.893031
1.893029
1.893031
1.893029
1.893031
1.893028
1.893030
1.893029
1.893030
1.893028
1.893030
1.893027
1.893029
1.893030
1.893026
1.893028
1.893029
1.893027
1.893028
1.893028
1.893027
1.893028
1.893027
1.893028
1.893027
1.893028
1.893026
1.893027
1.893028
1.893026
1.893027
1.893027
1.893027
1.893026
1.893027
1.893025
1.893026
1.893027
1.893024
1.893026
1.893026
1.893024
1.893025
1.893026
1.893023
1.893025
1.893025
1.893023
1.893024
1.893025
1.893023
1.893025
1.893023
1.893025
1.893023
1.893024
1.893024
1.893024
1.893024
1.893023
1.893024
1.893021
1.893023
1.893024
1.893020
1.893022
1.893023
1.893021
1.893022
1.893022
1.893021
1.893022
1.893021
1.893022
1.893020
1.893022
1.893021
1.893022
1.893019
1.893021
1.893022
1.893019
1.893020
1.893021
1.893018
1.893020
1.893021
1.893019
1.893020
1.893020
1.893020
1.893019
1.893020
1.893018
1.893020
1.893019
1.893019
1.893019
1.893019
1.893020
1.893017
1.893019
1.893020
1.893015
1.893017
1.893018
1.893016
1.893017
1.893017
1.893017
1.893017
1.893018
1.893016
1.893017
1.893016
1.893017
1.893015
1.893016
1.893017
1.893014
1.893016
1.893017
1.893014
1.893015
1.893016
1.893014
1.893015
1.893015
1.893015
1.893014
1.893016
1.893013
1.893015
1.893016
1.893012
1.893014
1.893015
1.893012
1.893014
1.893014
1.893012
1.893014
1.893013
1.893014
1.893013
1.893014
1.893011
1.893013
1.893014
1.893010
1.893012
1.893013
1.893011
1.893012
1.893012
1.893011
1.893012
1.893011
1.893012
1.893010
1.893012
1.893012
1.893011
1.893012
1.893010
1.893011
1.893012
1.893009
1.893011
1.893011
1.893009
1.893010
1.893011
1.893009
1.893010
1.893009
1.893010
1.893008
1.893009
1.893010
1.893007
1.893009
1.893010
1.893007
1.893008
1.893009
1.893007
1.893008
1.893008
1.893008
1.893008
1.893008
1.893006
1.893008
1.893009
1.893005
1.893007
1.893008
1.893005
1.893006
1.893007
1.893005
1.893006
1.893006
1.893006
1.893006
1.893005
1.893007
1.893004
1.893006
1.893007
1.893003
1.893005
1.893006
1.893003
1.893005
1.893005
1.893004
1.893005
1.893003
1.893005
1.893003
1.893005
1.893003
1.893004
1.893004
1.893004
1.893003
1.893004
1.893001
1.893003
1.893004
1.893000
1.893002
1.893003
1.893001
1.893002
1.893002
1.893002
1.893002
1.893001
1.893002
1.893001
1.893002
1.893000
1.893001
1.893002
1.892999
1.893001
1.893002
1.892999
1.893000
1.893001
1.892999
1.893000
1.893000
1.893000
1.892999
1.893001
1.892998
1.893000
1.893000
1.892998
1.893000
1.892998
1.893000
1.892997
1.892999
1.893000
1.892996
1.892998
1.892999
1.892996
1.892998
1.892998
1.892996
1.892998
1.892998
1.892997
1.892998
1.892996
1.892998
1.892996
1.892998
1.892995
1.892997
1.892998
1.892994
1.892996
1.892997
1.892994
1.892995
1.892996
1.892994
1.892996
1.892995
1.892995
1.892995
1.892995
1.892995
1.892995
1.892994
1.892996
1.892992
1.892995
1.892996
1.892991
1.892994
1.892995
1.892992
1.892993
1.892994
1.892992
1.892993
1.892993
1.892993
1.892992
1.892993
1.892993
1.892993
1.892992
1.892993
1.892990
1.892992
1.892993
1.892989
1.892991
1.892992
1.892989
1.892991
1.892991
1.892990
1.892991
1.892990
1.892991
1.892989
1.892991
1.892990
1.892990
1.892990
1.892989
1.892991
1.892987
1.892990
1.892991
1.892986
1.892989
1.892989
1.892988
1.892989
1.892988
1.892988
1.892988
1.892989
1.892987
1.892989
1.892987
1.892988
1.892988
1.892988
1.892987
1.892988
1.892986
1.892988
1.892987
1.892986
1.892988
1.892984
1.892986
1.892988
1.892983
1.892985
1.892986
1.892984
1.892985
1.892985
1.892985
1.892985
1.892985
1.892985
1.892984
1.892986
1.892982
1.892985
1.892986
1.892981
1.892984
1.892984
1.892982
1.892983
1.892984
1.892983
1.892984
1.892982
1.892983
1.892982
1.892984
1.892981
1.892982
1.892983
1.892980
1.892982
1.892983
1.892980
1.892981
1.892982
1.892980
1.892981
1.892981
1.892981
1.892981
1.892980
1.892982
1.892979
1.892981
1.892982
1.892978
1.892980
1.892981
1.892978
1.892980
1.892980
1.892978
1.892980
1.892979
1.892980
1.892978
1.892979
1.892979
1.892979
1.892978
1.892980
1.892976
1.892979
1.892979
1.892979
1.892975
1.892978
1.892978
1.892976
1.892977
1.892978
1.892977
1.892978
1.892976
1.892977
1.892977
1.892977
1.892976
1.892977
1.892974
1.892976
1.892977
1.892973
1.892975
1.892976
1.892974
1.892975
1.892976
1.892974
1.892975
1.892974
1.892975
1.892974
1.892975
1.892973
1.892974
1.892975
1.892972
1.892974
1.892975
1.892972
1.892973
1.892974
1.892972
1.892973
1.892973
1.892973
1.892973
1.892972
1.892974
1.892970
1.892973
1.892974
1.892970
1.892972
1.892973
1.892970
1.892971
1.892972
1.892970
1.892972
1.892971
1.892972
1.892970
1.892971
1.892971
1.892970
1.892971
1.892969
1.892970
1.892971
1.892967
1.892970
1.892971
1.892968
1.892969
1.892970
1.892968
1.892969
1.892969
1.892969
1.892969
1.892969
1.892968
1.892969
1.892966
1.892968
1.892969
1.892965
1.892967
1.892968
1.892966
1.892967
1.892967
1.892967
1.892967
1.892966
1.892967
1.892965
1.892967
1.892966
1.892967
1.892965
1.892967
1.892964
1.892966
1.892966
1.892964
1.892966
1.892966
1.892965
1.892966
1.892963
1.892965
1.892966
1.892962
1.892964
1.892965
1.892962
1.892963
1.892964
1.892962
1.892964
1.892963
1.892963
1.892963
1.892963
1.892964
1.892961
1.892963
1.892964
1.892961
1.892962
1.892963
1.892960
1.892962
1.892963
1.892960
1.892961
1.892962
1.892960
1.892961
1.892961
1.892961
1.892961
1.892961
1.892961
1.892959
1.892961
1.892961
1.892960
1.892961
1.892959
1.892961
1.892956
1.892958
1.892960
1.892959
1.892959
1.892959
1.892959
1.892959
1.892959
1.892958
1.892959
1.892956
1.892958
1.892959
1.892956
1.892958
1.892958
1.892956
1.892957
1.892958
1.892956
1.892957
1.892957
1.892957
1.892955
1.892957
1.892956
1.892957
1.892954
1.892956
1.892957
1.892954
1.892956
1.892957
1.892953
1.892955
1.892956
1.892953
1.892955
1.892955
1.892954
1.892955
1.892954
1.892955
1.892953
1.892955
1.892954
1.892955
1.892952
1.892954
1.892955
1.892951
1.892953
1.892954
1.892951
1.892953
1.892953
1.892951
1.892953
1.892952
1.892953
1.892951
1.892952
1.892952
1.892952
1.892951
1.892953
1.892949
1.892952
1.892952
1.892949
1.892951
1.892951
1.892949
1.892950
1.892951
1.892950
1.892951
1.892949
1.892950
1.892950
1.892949
1.892950
1.892949
1.892950
1.892947
1.892949
1.892950
1.892947
1.892949
1.892949
1.892947
1.892948
1.892949
1.892947
1.892948
1.892948
1.892948
1.892947
1.892949
1.892945
1.892948
1.892948
1.892945
1.892947
1.892948
1.892945
1.892946
1.892947
1.892945
1.892946
1.892946
1.892946
1.892946
1.892947
1.892944
1.892946
1.892947
1.892943
1.892945
1.892946
1.892943
1.892944
1.892945
1.892943
1.892945
1.892944
1.892945
1.892942
1.892944
1.892945
1.892942
1.892943
1.892944
1.892941
1.892943
1.892944
1.892941
1.892943
1.892943
1.892942
1.892943
1.892942
1.892943
1.892940
1.892942
1.892943
1.892940
1.892942
1.892942
1.892940
1.892941
1.892942
1.892940
1.892941
1.892941
1.892941
1.892941
1.892940
1.892942
1.892938
1.892941
1.892941
1.892938
1.892939
1.892940
1.892938
1.892939
1.892940
1.892938
1.892940
1.892938
1.892939
1.892938
1.892939
1.892937
1.892938
1.892939
1.892936
1.892938
1.892939
1.892936
1.892937
1.892938
1.892935
1.892937
1.892938
1.892935
1.892937
1.892937
1.892936
1.892937
1.892936
1.892937
1.892935
1.892936
1.892937
1.892935
1.892936
1.892935
1.892936
1.892933
1.892935
1.892936
1.892933
1.892935
1.892935
1.892933
1.892934
1.892935
1.892933
1.892934
1.892934
1.892934
1.892934
1.892933
1.892935
1.892931
1.892934
1.892934
1.892931
1.892933
1.892933
1.892931
1.892932
1.892933
1.892931
1.892933
1.892931
1.892932
1.892931
1.892933
1.892929
1.892932
1.892932
1.892929
1.892931
1.892932
1.892929
1.892930
1.892931
1.892929
1.892930
1.892931
1.892929
1.892931
1.892929
1.892930
1.892929
1.892930
1.892927
1.892929
1.892930
1.892927
1.892929
1.892930
1.892927
1.892928
1.892929
1.892927
1.892928
1.892928
1.892927
1.892928
1.892926
1.892928
1.892928
1.892926
1.892927
1.892928
1.892925
1.892927
1.892928
1.892925
1.892926
1.892927
1.892924
1.892926
1.892927
1.892924
1.892926
1.892926
1.892924
1.892926
1.892926
1.892925
1.892926
1.892923
1.892925
1.892926
1.892922
1.892925
1.892925
1.892923
1.892924
1.892925
1.892923
1.892924
1.892924
1.892924
1.892923
1.892924
1.892922
1.892923
1.892924
1.892921
1.892923
1.892923
1.892921
1.892923
1.892922
1.892923
1.892919
1.892922
1.892923
1.892919
1.892921
1.892922
1.892920
1.892921
1.892921
1.892921
1.892920
1.892921
1.892920
1.892921
1.892917
1.892919
1.892921
1.892918
1.892919
1.892919
1.892919
1.892920
1.892918
1.892919
1.892919
1.892919
1.892918
1.892919
1.892916
1.892919
1.892919
1.892917
1.892918
1.892918
1.892918
1.892917
1.892918
1.892914
1.892914
1.892917
1.892918
1.892914
1.892916
1.892917
1.892915
1.892916
1.892916
1.892916
1.892915
1.892916
1.892914
1.892916
1.892915
1.892916
1.892913
1.892915
1.892916
1.892912
1.892915
1.892915
1.892912
1.892914
1.892915
1.892912
1.892914
1.892914
1.892913
1.892914
1.892911
1.892913
1.892914
1.892911
1.892913
1.892913
1.892911
1.892912
1.892913
1.892910
1.892912
1.892912
1.892910
1.892912
1.892911
1.892912
1.892910
1.892912
1.892911
1.892911
1.892910
1.892912
1.892908
1.892910
1.892912
1.892907
1.892909
1.892910
1.892908
1.892909
1.892909
1.892909
1.892909
1.892908
1.892910
1.892907
1.892909
1.892909
1.892906
1.892908
1.892909
1.892906
1.892908
1.892909
1.892906
1.892907
1.892908
1.892906
1.892907
1.892907
1.892906
1.892908
1.892905
1.892907
1.892907
1.892904
1.892906
1.892907
1.892904
1.892906
1.892906
1.892904
1.892906
1.892906
1.892904
1.892906
1.892904
1.892905
1.892905
1.892904
1.892905
1.892903
1.892905
1.892904
1.892905
1.892902
1.892904
1.892904
1.892902
1.892904
1.892902
1.892904
1.892901
1.892903
1.892903
1.892901
1.892903
1.892902
1.892903
1.892900
1.892902
1.892902
1.892900
1.892902
1.892901
1.892902
1.892899
1.892901
1.892902
1.892899
1.892900
1.892901
1.892898
1.892900
1.892901
1.892898
1.892900
1.892900
1.892898
1.892900
1.892900
1.892898
1.892900
1.892898
1.892900
1.892897
1.892899
1.892899
1.892896
1.892898
1.892899
1.892896
1.892898
1.892899
1.892896
1.892897
1.892898
1.892896
1.892897
1.892898
1.892896
1.892897
1.892897
1.892896
1.892897
1.892895
1.892896
1.892897
1.892894
1.892896
1.892896
1.892895
1.892896
1.892894
1.892895
1.892896
1.892894
1.892895
1.892894
1.892895
1.892893
1.892895
1.892894
1.892895
1.892892
1.892894
1.892895
1.892891
1.892893
1.892894
1.892891
1.892893
1.892894
1.892891
1.892893
1.892893
1.892891
1.892892
1.892893
1.892891
1.892892
1.892892
1.892892
1.892891
1.892892
1.892889
1.892891
1.892892
1.892889
1.892891
1.892892
1.892889
1.892890
1.892891
1.892888
1.892890
1.892891
1.892888
1.892890
1.892890
1.892888
1.892889
1.892890
1.892887
1.892889
1.892890
1.892887
1.892889
1.892889
1.892887
1.892888
1.892889
1.892886
1.892888
1.892889
1.892886
1.892888
1.892888
1.892885
1.892887
1.892888
1.892885
1.892887
1.892888
1.892885
1.892886
1.892887
1.892885
1.892886
1.892887
1.892884
1.892886
1.892886
1.892884
1.892886
1.892886
1.892885
1.892886
1.892883
1.892885
1.892885
1.892884
1.892885
1.892882
1.892884
1.892885
1.892882
1.892884
1.892884
1.892882
1.892883
1.892884
1.892882
1.892883
1.892883
1.892882
1.892883
1.892882
1.892883
1.892881
1.892882
1.892883
1.892881
1.892883
1.892880
1.892882
1.892882
1.892880
1.892882
1.892881
1.892882
1.892879
1.892881
1.892881
1.892879
1.892880
1.892881
1.892878
1.892880
1.892881
1.892877
1.892880
1.892880
1.892877
1.892879
1.892879
1.892878
1.892879
1.892878
1.892879
1.892876
1.892879
1.892878
1.892877
1.892878
1.892876
1.892878
1.892878
1.892875
1.892877
1.892877
1.892876
1.892877
1.892874
1.892877
1.892877
1.892875
1.892877
1.892873
1.892876
1.892876
1.892874
1.892876
1.892873
1.892875
1.892876
1.892873
1.892875
1.892875
1.892872
1.892874
1.892875
1.892872
1.892874
1.892874
1.892872
1.892873
1.892874
1.892871
1.892873
1.892874
1.892871
1.892873
1.892873
1.892871
1.892872
1.892873
1.892870
1.892872
1.892873
1.892870
1.892872
1.892872
1.892870
1.892871
1.892872
1.892869
1.892871
1.892872
1.892869
1.892871
1.892871
1.892868
1.892870
1.892871
1.892868
1.892870
1.892870
1.892868
1.892869
1.892870
1.892867
1.892869
1.892870
1.892867
1.892869
1.892869
1.892867
1.892868
1.892869
1.892866
1.892868
1.892869
1.892866
1.892868
1.892868
1.892866
1.892867
1.892868
1.892865
1.892867
1.892867
1.892865
1.892867
1.892867
1.892866
1.892867
1.892863
1.892866
1.892867
1.892862
1.892865
1.892866
1.892864
1.892865
1.892864
1.892865
1.892864
1.892865
1.892862
1.892865
1.892864
1.892863
1.892864
1.892862
1.892864
1.892864
1.892861
1.892863
1.892864
1.892861
1.892863
1.892863
1.892863
1.892862
1.892863
1.892860
1.892862
1.892863
1.892859
1.892862
1.892861
1.892861
1.892861
1.892862
1.892858
1.892859
1.892861
1.892859
1.892860
1.892859
1.892860
1.892858
1.892860
1.892859
1.892860
1.892859
1.892860
1.892856
1.892857
1.892859
1.892858
1.892857
1.892858
1.892858
1.892858
1.892857
1.892859
1.892855
1.892858
1.892858
1.892856
1.892858
1.892855
1.892857
1.892857
1.892855
1.892857
1.892856
1.892856
1.892855
1.892857
1.892852
1.892853
1.892856
1.892855
1.892854
1.892855
1.892854
1.892855
1.892854
1.892855
1.892852
1.892854
1.892855
1.892852
1.892854
1.892854
1.892854
1.892853
1.892853
1.892854
1.892850
1.892852
1.892854
1.892851
1.892853
1.892852
1.892853
1.892851
1.892852
1.892852
1.892852
1.892849
1.892852
1.892852
1.892850
1.892852
1.892849
1.892851
1.892851
1.892849
1.892851
1.892850
1.892851
1.892848
1.892850
1.892850
1.892849
1.892851
1.892846
1.892847
1.892849
1.892848
1.892848
1.892848
1.892848
1.892848
1.892848
1.892847
1.892848
1.892847
1.892849
1.892844
1.892847
1.892848
1.892844
1.892846
1.892847
1.892845
1.892846
1.892845
1.892847
1.892844
1.892846
1.892846
1.892844
1.892846
1.892846
1.892845
1.892846
1.892842
1.892845
1.892845
1.892845
1.892844
1.892845
1.892842
1.892844
1.892843
1.892844
1.892842
1.892843
1.892843
1.892843
1.892844
1.892840
1.892843
1.892842
1.892843
1.892840
1.892842
1.892842
1.892841
1.892842
1.892839
1.892841
1.892841
1.892839
1.892841
1.892840
1.892841
1.892837
1.892839
1.892841
1.892837
1.892839
1.892839
1.892838
1.892839
1.892838
1.892839
1.892838
1.892839
1.892837
1.892838
1.892839
1.892836
1.892838
1.892838
1.892836
1.892838
1.892838
1.892837
1.892837
1.892837
1.892836
1.892838
1.892833
1.892834
1.892835
1.892836
1.892835
1.892835
1.892835
1.892835
1.892835
1.892835
1.892835
1.892835
1.892835
1.892835
1.892836
1.892832
1.892835
1.892836
1.892831
1.892833
1.892835
1.892832
1.892833
1.892833
1.892833
1.892833
1.892833
1.892833
1.892833
1.892833
1.892831
1.892833
1.892833
1.892832
1.892833
1.892829
1.892831
1.892833
1.892829
1.892831
1.892831
1.892830
1.892831
1.892829
1.892831
1.892829
1.892831
1.892828
1.892830
1.892830
1.892828
1.892830
1.892829
1.892830
1.892827
1.892829
1.892829
1.892829
1.892827
1.892829
1.892827
1.892829
1.892827
1.892828
1.892826
1.892828
1.892827
1.892828
1.892825
1.892827
1.892827
1.892827
1.892825
1.892827
1.892826
1.892827
1.892825
1.892826
1.892826
1.892826
1.892824
1.892826
1.892823
1.892826
1.892825
1.892825
1.892823
1.892824
1.892824
1.892824
1.892825
1.892822
1.892824
1.892824
1.892823
1.892824
1.892820
1.892822
1.892823
1.892821
1.892822
1.892822
1.892821
1.892822
1.892820
1.892822
1.892822
1.892820
1.892822
1.892820
1.892822
1.892818
1.892821
1.892822
1.892817
1.892820
1.892820
1.892819
1.892820
1.892818
1.892820
1.892819
1.892820
1.892817
1.892819
1.892819
1.892819
1.892817
1.892819
1.892818
1.892818
1.892817
1.892819
1.892814
1.892815
1.892817
1.892817
1.892815
1.892816
1.892816
1.892816
1.892816
1.892816
1.892816
1.892816
1.892817
1.892814
1.892817
1.892815
1.892817
1.892813
1.892816
1.892815
1.892815
1.892814
1.892815
1.892812
1.892815
1.892814
1.892814
1.892812
1.892814
1.892813
1.892814
1.892811
1.892814
1.892813
1.892814
1.892810
1.892813
1.892812
1.892812
1.892812
1.892812
1.892811
1.892813
1.892808
1.892809
1.892809
1.892811
1.892809
1.892810
1.892810
1.892810
1.892810
1.892810
1.892810
1.892810
1.892810
1.892810
1.892809
1.892811
1.892808
1.892810
1.892810
1.892809
1.892810
1.892806
1.892809
1.892809
1.892807
1.892809
1.892806
1.892808
1.892808
1.892808
1.892807
1.892808
1.892805
1.892807
1.892807
1.892806
1.892807
1.892805
1.892806
1.892806
1.892805
1.892807
1.892803
1.892805
1.892807
1.892802
1.892804
1.892805
1.892803
1.892805
1.892803
1.892805
1.892802
1.892804
1.892804
1.892803
1.892804
1.892801
1.892804
1.892803
1.892803
1.892803
1.892802
1.892804
1.892799
1.892800
1.892803
1.892800
1.892801
1.892801
1.892801
1.892801
1.892802
1.892800
1.892801
1.892800
1.892801
1.892798
1.892801
1.892800
1.892801
1.892799
1.892800
1.892799
1.892800
1.892797
1.892800
1.892799
1.892798
1.892800
1.892796
1.892799
1.892798
1.892798
1.892797
1.892798
1.892795
1.892798
1.892797
1.892798
1.892795
1.892797
1.892797
1.892796
1.892796
1.892797
1.892795
1.892797
1.892794
1.892796
1.892796
1.892795
1.892796
1.892792
1.892794
1.892795
1.892793
1.892794
1.892794
1.892794
1.892794
1.892794
1.892794
1.892794
1.892794
1.892791
1.892794
1.892792
1.892793
1.892792
1.892793
1.892790
1.892793
1.892792
1.892792
1.892790
1.892792
1.892791
1.892792
1.892788
1.892791
1.892792
1.892788
1.892790
1.892790
1.892790
1.892790
1.892789
1.892791
1.892787
1.892790
1.892789
1.892790
1.892787
1.892789
1.892789
1.892789
1.892789
1.892788
1.892789
1.892785
1.892785
1.892786
1.892787
1.892786
1.892786
1.892787
1.892787
1.892787
1.892787
1.892787
1.892787
1.892787
1.892787
1.892786
1.892788
1.892783
1.892784
1.892785
1.892786
1.892784
1.892785
1.892785
1.892785
1.892785
1.892785
1.892785
1.892784
1.892785
1.892783
1.892785
1.892783
1.892784
1.892784
1.892783
1.892784
1.892781
1.892784
1.892783
1.892784
1.892781
1.892783
1.892783
1.892781
1.892783
1.892781
1.892781
1.892782
1.892781
1.892782
1.892779
1.892782
1.892781
1.892782
1.892779
1.892781
1.892781
1.892779
1.892781
1.892779
1.892780
1.892779
1.892780
1.892777
1.892780
1.892779
1.892780
1.892777
1.892779
1.892779
1.892777
1.892779
1.892777
1.892778
1.892777
1.892779
1.892775
1.892778
1.892776
1.892778
1.892775
1.892777
1.892777
1.892775
1.892777
1.892774
1.892776
1.892776
1.892775
1.892776
1.892773
1.892776
1.892774
1.892776
1.892773
1.892775
1.892775
1.892774
1.892775
1.892772
1.892774
1.892774
1.892773
1.892774
1.892771
1.892774
1.892772
1.892773
1.892770
1.892772
1.892772
1.892771
1.892773
1.892770
1.892772
1.892771
1.892772
1.892769
1.892771
1.892771
1.892770
1.892771
1.892769
1.892771
1.892770
1.892769
1.892771
1.892767
1.892770
1.892770
1.892769
1.892770
1.892767
1.892769
1.892769
1.892767
1.892769
1.892766
1.892768
1.892768
1.892767
1.892768
1.892765
1.892768
1.892766
1.892768
1.892765
1.892767
1.892767
1.892766
1.892767
1.892764
1.892766
1.892766
1.892765
1.892767
1.892762
1.892763
1.892766
1.892763
1.892764
1.892764
1.892764
1.892764
1.892764
1.892763
1.892765
1.892761
1.892763
1.892765
1.892761
1.892763
1.892763
1.892762
1.892763
1.892762
1.892763
1.892760
1.892763
1.892761
1.892763
1.892760
1.892761
1.892762
1.892760
1.892762
1.892759
1.892761
1.892761
1.892760
1.892760
1.892760
1.892761
1.892759
1.892760
1.892760
1.892760
1.892757
1.892760
1.892759
1.892760
1.892756
1.892758
1.892759
1.892755
1.892758
1.892757
1.892757
1.892757
1.892758
1.892756
1.892757
1.892757
1.892756
1.892758
1.892754
1.892757
1.892756
1.892756
1.892756
1.892754
1.892756
1.892755
1.892756
1.892753
1.892755
1.892754
1.892755
1.892752
1.892754
1.892754
1.892754
1.892754
1.892753
1.892755
1.892750
1.892750
1.892751
1.892752
1.892751
1.892752
1.892752
1.892752
1.892752
1.892752
1.892752
1.892752
1.892752
1.892752
1.892751
1.892752
1.892750
1.892752
1.892751
1.892751
1.892749
1.892751
1.892751
1.892750
1.892751
1.892747
1.892749
1.892751
1.892747
1.892749
1.892749
1.892748
1.892749
1.892747
1.892749
1.892747
1.892748
1.892748
1.892749
1.892745
1.892748
1.892746
1.892748
1.892745
1.892747
1.892747
1.892746
1.892747
1.892744
1.892747
1.892745
1.892746
1.892744
1.892745
1.892746
1.892744
1.892746
1.892743
1.892745
1.892744
1.892745
1.892742
1.892744
1.892744
1.892744
1.892744
1.892744
1.892743
1.892745
1.892740
1.892740
1.892741
1.892743
1.892741
1.892742
1.892742
1.892742
1.892742
1.892742
1.892742
1.892742
1.892740
1.892742
1.892741
1.892741
1.892741
1.892742
1.892739
1.892741
1.892739
1.892740
1.892739
1.892740
1.892738
1.892740
1.892740
1.892739
1.892740
1.892737
1.892739
1.892738
1.892739
1.892736
1.892738
1.892738
1.892738
1.892737
1.892738
1.892735
1.892738
1.892736
1.892737
1.892735
1.892736
1.892736
1.892735
1.892737
1.892734
1.892736
1.892735
1.892736
1.892733
1.892735
1.892735
1.892735
1.892735
1.892734
1.892735
1.892733
1.892734
1.892734
1.892734
1.892733
1.892734
1.892730
1.892732
1.892734
1.892730
1.892732
1.892732
1.892731
1.892733
1.892730
1.892732
1.892732
1.892731
1.892732
1.892729
1.892732
1.892730
1.892731
1.892729
1.892730
1.892730
1.892730
1.892731
1.892728
1.892730
1.892730
1.892729
1.892730
1.892727
1.892730
1.892727
1.892729
1.892728
1.892729
1.892726
1.892728
1.892728
1.892728
1.892727
1.892728
1.892724
1.892726
1.892728
1.892725
1.892726
1.892726
1.892726
1.892726
1.892726
1.892727
1.892723
1.892726
1.892725
1.892726
1.892723
1.892725
1.892725
1.892724
1.892725
1.892722
1.892724
1.892724
1.892723
1.892724
1.892721
1.892724
1.892722
1.892723
1.892722
1.892723
1.892720
1.892723
1.892722
1.892722
1.892721
1.892723
1.892719
1.892721
1.892722
1.892718
1.892721
1.892720
1.892720
1.892720
1.892720
1.892721
1.892719
1.892720
1.892720
1.892720
1.892718
1.892720
1.892718
1.892719
1.892719
1.892719
1.892716
1.892719
1.892717
1.892719
1.892715
1.892718
1.892717
1.892718
1.892715
1.892717
1.892717
1.892717
1.892716
1.892716
1.892716
1.892717
1.892713
1.892716
1.892717
1.892712
1.892714
1.892715
1.892714
1.892714
1.892714
1.892715
1.892713
1.892714
1.892714
1.892714
1.892712
1.892714
1.892713
1.892714
1.892710
1.892713
1.892713
1.892711
1.892713
1.892711
1.892712
1.892712
1.892712
1.892710
1.892712
1.892711
1.892712
1.892710
1.892712
1.892710
1.892711
1.892709
1.892711
1.892710
1.892710
1.892709
1.892711
1.892707
1.892708
1.892710
1.892707
1.892708
1.892708
1.892708
1.892708
1.892709
1.892707
1.892708
1.892707
1.892709
1.892705
1.892708
1.892706
1.892708
1.892705
1.892707
1.892707
1.892706
1.892707
1.892704
1.892707
1.892705
1.892705
1.892706
1.892704
1.892705
1.892705
1.892705
1.892706
1.892703
1.892705
1.892703
1.892705
1.892703
1.892704
1.892704
1.892704
1.892702
1.892704
1.892703
1.892703
1.892704
1.892701
1.892703
1.892702
1.892703
1.892700
1.892703
1.892701
1.892702
1.892700
1.892702
1.892700
1.892702
1.892699
1.892701
1.892700
1.892701
1.892698
1.892700
1.892699
1.892700
1.892698
1.892700
1.892699
1.892699
1.892698
1.892700
1.892696
1.892697
1.892699
1.892696
1.892698
1.892697
1.892698
1.892697
1.892698
1.892695
1.892698
1.892696
1.892697
1.892695
1.892696
1.892696
1.892696
1.892697
1.892694
1.892696
1.892694
1.892696
1.892694
1.892695
1.892694
1.892695
1.892692
1.892695
1.892693
1.892695
1.892692
1.892694
1.892694
1.892693
1.892694
1.892692
1.892694
1.892690
1.892692
1.892694
1.892689
1.892692
1.892691
1.892692
1.892691
1.892692
1.892690
1.892692
1.892690
1.892691
1.892690
1.892691
1.892689
1.892691
1.892689
1.892691
1.892687
1.892690
1.892689
1.892690
1.892687
1.892689
1.892689
1.892688
1.892689
1.892686
1.892689
1.892687
1.892688
1.892686
1.892688
1.892686
1.892688
1.892685
1.892687
1.892686
1.892687
1.892684
1.892686
1.892686
1.892686
1.892685
1.892687
1.892683
1.892686
1.892684
1.892685
1.892683
1.892684
1.892684
1.892684
1.892685
1.892682
1.892684
1.892683
1.892684
1.892682
1.892683
1.892683
1.892683
1.892683
1.892681
1.892683
1.892682
1.892683
1.892680
1.892682
1.892680
1.892682
1.892680
1.892681
1.892680
1.892681
1.892679
1.892681
1.892680
1.892681
1.892678
1.892680
1.892679
1.892680
1.892677
1.892679
1.892678
1.892680
1.892676
1.892679
1.892677
1.892678
1.892677
1.892678
1.892677
1.892678
1.892675
1.892678
1.892676
1.892677
1.892675
1.892677
1.892676
1.892676
1.892675
1.892676
1.892674
1.892676
1.892675
1.892676
1.892673
1.892675
1.892673
1.892675
1.892673
1.892675
1.892673
1.892674
1.892674
1.892674
1.892672
1.892674
1.892671
1.892674
1.892672
1.892673
1.892671
1.892673
1.892671
1.892672
1.892672
1.892672
1.892671
1.892672
1.892669
1.892672
1.892670
1.892672
1.892668
1.892671
1.892669
1.892670
1.892668
1.892670
1.892669
1.892670
1.892669
1.892670
1.892666
1.892667
1.892669
1.892666
1.892668
1.892668
1.892668
1.892668
1.892667
1.892668
1.892665
1.892668
1.892666
1.892667
1.892665
1.892667
1.892666
1.892667
1.892664
1.892666
1.892665
1.892666
1.892664
1.892665
1.892665
1.892665
1.892665
1.892665
1.892663
1.892665
1.892664
1.892665
1.892662
1.892664
1.892663
1.892664
1.892661
1.892663
1.892663
1.892661
1.892663
1.892661
1.892662
1.892662
1.892662
1.892660
1.892662
1.892661
1.892662
1.892660
1.892661
1.892659
1.892661
1.892660
1.892661
1.892657
1.892660
1.892660
1.892657
1.892659
1.892659
1.892659
1.892658
1.892659
1.892656
1.892659
1.892657
1.892659
1.892656
1.892658
1.892657
1.892657
1.892657
1.892657
1.892658
1.892654
1.892655
1.892657
1.892654
1.892655
1.892655
1.892655
1.892656
1.892655
1.892656
1.892653
1.892656
1.892654
1.892655
1.892653
1.892654
1.892654
1.892654
1.892654
1.892653
1.892655
1.892651
1.892654
1.892652
1.892653
1.892652
1.892653
1.892651
1.892653
1.892652
1.892653
1.892650
1.892652
1.892650
1.892651
1.892650
1.892651
1.892649
1.892651
1.892650
1.892650
1.892650
1.892649
1.892651
1.892647
1.892649
1.892650
1.892646
1.892649
1.892648
1.892648
1.892648
1.892649
1.892646
1.892648
1.892648
1.892647
1.892648
1.892647
1.892648
1.892644
1.892647
1.892647
1.892644
1.892646
1.892646
1.892645
1.892646
1.892644
1.892646
1.892645
1.892645
1.892645
1.892645
1.892644
1.892646
1.892642
1.892643
1.892645
1.892642
1.892643
1.892643
1.892643
1.892643
1.892643
1.892643
1.892641
1.892643
1.892642
1.892643
1.892640
1.892642
1.892642
1.892642
1.892641
1.892642
1.892639
1.892642
1.892639
1.892641
1.892639
1.892640
1.892639
1.892640
1.892638
1.892640
1.892639
1.892640
1.892637
1.892639
1.892638
1.892639
1.892637
1.892638
1.892638
1.892638
1.892637
1.892638
1.892635
1.892638
1.892636
1.892637
1.892636
1.892637
1.892635
1.892637
1.892635
1.892637
1.892634
1.892636
1.892634
1.892636
1.892634
1.892635
1.892634
1.892635
1.892633
1.892634
1.892634
1.892634
1.892633
1.892635
1.892631
1.892633
1.892634
1.892631
1.892633
1.892632
1.892633
1.892631
1.892632
1.892632
1.892632
1.892632
1.892631
1.892632
1.892628
1.892630
1.892632
1.892628
1.892630
1.892630
1.892629
1.892630
1.892629
1.892630
1.892628
1.892630
1.892628
1.892630
1.892627
1.892629
1.892628
1.892629
1.892627
1.892629
1.892627
1.892628
1.892626
1.892628
1.892626
1.892628
1.892626
1.892627
1.892626
1.892627
1.892625
1.892626
1.892626
1.892626
1.892625
1.892626
1.892623
1.892626
1.892626
1.892623
1.892625
1.892624
1.892625
1.892623
1.892624
1.892624
1.892624
1.892623
1.892624
1.892621
1.892624
1.892621
1.892623
1.892622
1.892623
1.892621
1.892622
1.892622
1.892622
1.892621
1.892622
1.892619
1.892622
1.892619
1.892621
1.892620
1.892621
1.892619
1.892621
1.892618
1.892620
1.892619
1.892620
1.892617
1.892619
1.892619
1.892619
1.892618
1.892619
1.892616
1.892619
1.892616
1.892618
1.892617
1.892618
1.892616
1.892617
1.892617
1.892617
1.892617
1.892617
1.892616
1.892617
1.892613
1.892615
1.892616
1.892613
1.892615
1.892615
1.892614
1.892615
1.892614
1.892615
1.892613
1.892614
1.892614
1.892614
1.892612
1.892614
1.892613
1.892614
1.892611
1.892613
1.892611
1.892613
1.892611
1.892613
1.892610
1.892612
1.892612
1.892611
1.892611
1.892611
1.892611
1.892612
1.892608
1.892609
1.892611
1.892608
1.892609
1.892609
1.892609
1.892609
1.892609
1.892610
1.892608
1.892609
1.892609
1.892609
1.892608
1.892609
1.892607
1.892609
1.892606
1.892608
1.892607
1.892608
1.892605
1.892607
1.892607
1.892607
1.892606
1.892607
1.892604
1.892607
1.892604
1.892605
1.892605
1.892605
1.892604
1.892605
1.892603
1.892605
1.892603
1.892604
1.892602
1.892604
1.892603
1.892604
1.892602
1.892603
1.892603
1.892603
1.892602
1.892603
1.892600
1.892603
1.892600
1.892602
1.892601
1.892602
1.892600
1.892601
1.892601
1.892601
1.892600
1.892601
1.892598
1.892601
1.892599
1.892600
1.892599
1.892600
1.892597
1.892599
1.892599
1.892599
1.892598
1.892599
1.892596
1.892599
1.892596
1.892598
1.892597
1.892598
1.892596
1.892597
1.892596
1.892597
1.892594
1.892597
1.892595
1.892596
1.892594
1.892596
1.892595
1.892596
1.892594
1.892596
1.892593
1.892595
1.892593
1.892594
1.892593
1.892594
1.892592
1.892594
1.892593
1.892594
1.892592
1.892593
1.892593
1.892593
1.892592
1.892593
1.892590
1.892592
1.892591
1.892592
1.892590
1.892591
1.892591
1.892591
1.892591
1.892589
1.892591
1.892589
1.892591
1.892588
1.892590
1.892589
1.892590
1.892587
1.892589
1.892589
1.892589
1.892588
1.892589
1.892586
1.892589
1.892586
1.892587
1.892587
1.892587
1.892586
1.892588
1.892585
1.892587
1.892585
1.892586
1.892585
1.892586
1.892584
1.892586
1.892585
1.892585
1.892585
1.892585
1.892585
1.892584
1.892586
1.892581
1.892582
1.892584
1.892582
1.892583
1.892583
1.892583
1.892583
1.892582
1.892583
1.892581
1.892583
1.892582
1.892582
1.892580
1.892582
1.892581
1.892582
1.892580
1.892581
1.892581
1.892581
1.892580
1.892581
1.892579
1.892581
1.892579
1.892580
1.892579
1.892580
1.892577
1.892579
1.892577
1.892579
1.892577
1.892579
1.892577
1.892578
1.892577
1.892578
1.892577
1.892578
1.892575
1.892577
1.892575
1.892577
1.892575
1.892577
1.892575
1.892576
1.892575
1.892576
1.892573
1.892575
1.892574
1.892575
1.892573
1.892574
1.892574
1.892574
1.892574
1.892573
1.892575
1.892571
1.892574
1.892572
1.892573
1.892571
1.892572
1.892572
1.892572
1.892572
1.892572
1.892570
1.892572
1.892571
1.892572
1.892569
1.892571
1.892570
1.892571
1.892569
1.892571
1.892568
1.892570
1.892568
1.892569
1.892569
1.892569
1.892567
1.892569
1.892568
1.892569
1.892566
1.892568
1.892567
1.892568
1.892566
1.892567
1.892567
1.892567
1.892565
1.892567
1.892566
1.892566
1.892566
1.892567
1.892564
1.892566
1.892564
1.892565
1.892565
1.892565
1.892564
1.892565
1.892563
1.892564
1.892564
1.892564
1.892563
1.892564
1.892562
1.892563
1.892563
1.892563
1.892561
1.892563
1.892562
1.892563
1.892560
1.892562
1.892561
1.892562
1.892560
1.892561
1.892560
1.892562
1.892558
1.892561
1.892559
1.892560
1.892559
1.892560
1.892558
1.892559
1.892559
1.892559
1.892557
1.892559
1.892558
1.892559
1.892556
1.892558
1.892557
1.892558
1.892555
1.892557
1.892556
1.892557
1.892555
1.892557
1.892556
1.892556
1.892555
1.892556
1.892554
1.892556
1.892555
1.892556
1.892553
1.892555
1.892553
1.892555
1.892553
1.892554
1.892553
1.892554
1.892552
1.892553
1.892553
1.892553
1.892552
1.892553
1.892551
1.892553
1.892551
1.892552
1.892551
1.892552
1.892549
1.892552
1.892550
1.892551
1.892549
1.892550
1.892550
1.892550
1.892550
1.892550
1.892549
1.892551
1.892547
1.892550
1.892548
1.892549
1.892547
1.892549
1.892547
1.892549
1.892546
1.892548
1.892547
1.892548
1.892546
1.892548
1.892545
1.892547
1.892545
1.892547
1.892545
1.892546
1.892545
1.892546
1.892544
1.892546
1.892544
1.892545
1.892543
1.892545
1.892544
1.892545
1.892542
1.892544
1.892543
1.892544
1.892542
1.892543
1.892543
1.892543
1.892542
1.892543
1.892540
1.892543
1.892540
1.892542
1.892541
1.892542
1.892540
1.892541
1.892540
1.892541
1.892539
1.892540
1.892540
1.892540
1.892539
1.892540
1.892540
