0.708200
0.725326
0.718644
0.713701
0.710297
0.708010
0.706373
0.705017
0.703736
0.702466
0.701214
0.699999
0.698832
0.697718
0.696659
0.695659
0.694717
0.693836
0.693014
0.692252
0.691546
0.690894
0.690290
0.689729
0.689203
0.688708
0.688238
0.687784
0.687341
0.686902
0.686464
0.686024
0.685581
0.685134
0.684681
0.684223
0.683759
0.683290
0.682814
0.682333
0.681844
0.681347
0.680842
0.680326
0.679798
0.679257
0.678701
0.678130
0.677542
0.676938
0.676317
0.675677
0.675016
0.674326
0.673600
0.672831
0.672026
0.671190
0.670331
0.669449
0.668527
0.667582
0.666661
0.665778
0.664926
0.664086
0.663248
0.662412
0.661584
0.660773
0.659989
0.659243
0.658551
0.657925
0.657383
0.656936
0.656589
0.656340
0.656179
0.656096
0.656077
0.656113
0.656194
0.656311
0.656459
0.656633
0.656830
0.657047
0.657281
0.657532
0.657797
0.658076
0.658366
0.658667
0.658977
0.659293
0.659612
0.659930
0.660242
0.660543
0.660826
0.661082
0.661302
0.661474
0.661590
0.661641
0.661629
0.661564
0.661456
0.661310
0.661123
0.660888
0.660603
0.660266
0.659888
0.659496
0.659145
0.658872
0.658671
0.658510
0.658363
0.658214
0.658056
0.657883
0.657694
0.657488
0.657263
0.657019
0.656755
0.656469
0.656159
0.655822
0.655453
0.655046
0.654593
0.654084
0.653505
0.652843
0.652087
0.651233
0.650295
0.649306
0.648306
0.647323
0.646360
0.645408
0.644451
0.643475
0.642469
0.641427
0.640347
0.639230
0.638082
0.636914
0.635737
0.634564
0.633403
0.632261
0.631139
0.630040
0.628965
0.627914
0.626885
0.625877
0.624890
0.623921
0.622969
0.622032
0.621108
0.620196
0.619297
0.618410
0.617539
0.616699
0.615920
0.615173
0.614412
0.613646
0.612885
0.612143
0.611426
0.610728
0.610007
0.609218
0.608332
0.607327
0.606409
0.605558
0.604683
0.603833
0.603057
0.602249
0.601488
0.600666
0.599932
0.599178
0.598395
0.597600
0.596808
0.596026
0.595250
0.594474
0.593693
0.592898
0.592091
0.591281
0.590476
0.589675
0.588877
0.588084
0.587295
0.586509
0.585726
0.584947
0.584171
0.583399
0.582630
0.581864
0.581102
0.580342
0.579587
0.578835
0.578086
0.577341
0.576599
0.575861
0.575126
0.574395
0.573668
0.572944
0.572225
0.571509
0.570797
0.570090
0.569386
0.568688
0.567994
0.567305
0.566621
0.565944
0.565272
0.564608
0.563950
0.563301
0.562660
0.562027
0.561404
0.560789
0.560184
0.559589
0.559004
0.558428
0.557862
0.557306
0.556760
0.556224
0.555698
0.555182
0.554675
0.554179
0.553692
0.553215
0.552748
0.552290
0.551842
0.551404
0.550975
0.550557
0.550148
0.549749
0.549361
0.548983
0.548615
0.548258
0.547913
0.547578
0.547256
0.546945
0.546647
0.546361
0.546088
0.545830
0.545585
0.545354
0.545139
0.544938
0.544751
0.544579
0.544420
0.544271
0.544131
0.543996
0.543863
0.543730
0.543595
0.543460
0.543323
0.543187
0.543053
0.542921
0.542791
0.542665
0.542543
0.542425
0.542314
0.542210
0.542115
0.542030
0.541956
0.541897
0.541854
0.541829
0.541823
0.541838
0.541874
0.541933
0.542014
0.542117
0.542244
0.542396
0.542577
0.542792
0.543047
0.543344
0.543684
0.544068
0.544493
0.544957
0.545460
0.545998
0.546570
0.547176
0.547813
0.548482
0.549180
0.549909
0.550666
0.551451
0.552265
0.553105
0.553971
0.554863
0.555779
0.556719
0.557680
0.558661
0.559662
0.560680
0.561714
0.562764
0.563828
0.564904
0.565993
0.567092
0.568203
0.569323
0.570452
0.571590
0.572736
0.573891
0.575053
0.576223
0.577401
0.578585
0.579777
0.580975
0.582180
0.583391
0.584608
0.585831
0.587060
0.588294
0.589534
0.590780
0.592030
0.593285
0.594545
0.595809
0.597078
0.598351
0.599628
0.600909
0.602193
0.603480
0.604771
0.606065
0.607361
0.608660
0.609961
0.611265
0.612570
0.613877
0.615186
0.616496
0.617807
0.619120
0.620433
0.621746
0.623061
0.624375
0.625690
0.627004
0.628318
0.629632
0.630946
0.632258
0.633570
0.634881
0.636191
0.637500
0.638807
0.640113
0.641417
0.642719
0.644019
0.645317
0.646613
0.647907
0.649198
0.650486
0.651772
0.653055
0.654336
0.655613
0.656887
0.658159
0.659427
0.660692
0.661955
0.663214
0.664471
0.665725
0.666976
0.668225
0.669472
0.670717
0.671960
0.673201
0.674440
0.675679
0.676916
0.678153
0.679389
0.680625
0.681860
0.683095
0.684330
0.685566
0.686802
0.688038
0.689274
0.690512
0.691749
0.692988
0.694227
0.695467
0.696708
0.697950
0.699193
0.700437
0.701681
0.702927
0.704173
0.705421
0.706670
0.707920
0.709171
0.710424
0.711677
0.712932
0.714189
0.715447
0.716706
0.717967
0.719229
0.720493
0.721759
0.723027
0.724297
0.725568
0.726842
0.728118
0.729396
0.730677
0.731960
0.733245
0.734533
0.735824
0.737118
0.738414
0.739713
0.741016
0.742322
0.743631
0.744943
0.746259
0.747578
0.748901
0.750228
0.751559
0.751559
0.752894
0.754233
0.755576
0.756923
0.758275
0.759631
0.760992
0.762358
0.763728
0.765103
0.766484
0.767869
0.769260
0.770656
0.772057
0.773464
0.774877
0.776295
0.777720
0.779150
0.780586
0.782029
0.783478
0.784933
0.786395
0.787863
0.789338
0.790820
0.792309
0.793805
0.795309
0.796819
0.798337
0.799863
0.801396
0.802937
0.804486
0.806043
0.807608
0.809181
0.810763
0.812353
0.813951
0.815559
0.817175
0.818800
0.820435
0.822078
0.823731
0.825394
0.827066
0.828747
0.830439
0.832140
0.833852
0.835574
0.837306
0.839049
0.840803
0.842567
0.844342
0.846129
0.847926
0.849735
0.851555
0.853387
0.855231
0.857087
0.858954
0.860834
0.862727
0.864631
0.866549
0.868479
0.870422
0.872379
0.874348
0.876331
0.878328
0.880338
0.882362
0.884400
0.886453
0.888520
0.890601
0.892697
0.894808
0.896934
0.899076
0.901232
0.903404
0.905592
0.907796
0.910016
0.912252
0.914505
0.916774
0.919060
0.921363
0.923683
0.926021
0.928376
0.930749
0.933139
0.935548
0.937975
0.940421
0.942885
0.945368
0.947871
0.950392
0.952933
0.955494
0.958074
0.960675
0.963296
0.965937
0.968599
0.971282
0.973986
0.976711
0.979458
0.982226
0.985017
0.987829
0.990664
0.993522
0.996402
0.999306
1.002232
1.005182
1.008156
1.011153
1.014175
1.017221
1.020291
1.023386
1.026506
1.029652
1.032822
1.036019
1.039241
1.042489
1.045764
1.049065
1.052393
1.055748
1.059130
1.062539
1.065976
1.069441
1.072934
1.076456
1.080006
1.083584
1.087192
1.090829
1.094495
1.098191
1.101917
1.105673
1.109460
1.113276
1.117124
1.121003
1.124913
1.128854
1.132827
1.136831
1.140868
1.144937
1.149039
1.153173
1.157341
1.161541
1.165775
1.170042
1.174344
1.178679
1.183048
1.187452
1.191890
1.196363
1.200872
1.205415
1.209994
1.214608
1.219259
1.223945
1.228667
1.233426
1.238222
1.243054
1.247923
1.252829
1.257773
1.262754
1.267772
1.272829
1.277924
1.283056
1.288228
1.293437
1.298686
1.303973
1.309300
1.314665
1.320070
1.325514
1.330998
1.336522
1.342086
1.347690
1.353334
1.359018
1.364743
1.370508
1.376315
1.382162
1.388050
1.393979
1.399949
1.405961
1.412014
1.418108
1.424245
1.430422
1.436642
1.442903
1.449207
1.455552
1.461939
1.468369
1.474840
1.481354
1.487910
1.494508
1.501148
1.507831
1.514556
1.521323
1.528132
1.534984
1.541878
1.548814
1.555791
1.562811
1.569873
1.576977
1.584123
1.591310
1.598538
1.605808
1.613119
1.620472
1.627865
1.635298
1.642772
1.650286
1.657840
1.665434
1.673067
1.680739
1.688450
1.696199
1.703987
1.711812
1.719674
1.727573
1.735509
1.743480
1.751488
1.759530
1.767608
1.775719
1.783865
1.792043
1.800254
1.808498
1.816773
1.825078
1.833415
1.841780
1.850175
1.858598
1.867048
1.875525
1.884028
1.892556
1.901108
1.909685
1.918284
1.926905
1.935547
1.944211
1.952894
1.961597
1.970319
1.979059
1.987817
1.996593
2.005386
2.014194
2.023019
2.031860
2.040715
2.049585
2.058469
2.067366
2.076276
2.085197
2.094130
2.103073
2.112026
2.120988
2.129957
2.138934
2.147916
2.156902
2.165892
2.174885
2.183879
2.192873
2.201865
2.210855
2.219841
2.228822
2.237796
2.246762
2.255718
2.264663
2.273596
2.282514
2.291417
2.300304
2.309171
2.318019
2.326845
2.335648
2.344426
2.353178
2.361902
2.370597
2.379262
2.387893
2.396491
2.405053
2.413578
2.422064
2.430509
2.438912
2.447272
2.455585
2.463850
2.472067
2.480232
2.488343
2.496400
2.504399
2.512338
2.520215
2.528028
2.535773
2.543448
2.551047
2.558567
2.566000
2.573338
2.580568
2.587667
2.594599
2.601297
2.607682
2.613780
2.619743
2.625890
2.632870
2.638881
2.649074
2.654767
2.663709
2.670141
2.676263
2.682425
2.688649
2.695010
2.701401
2.707718
2.713892
2.719893
2.725714
2.731327
2.736602
2.741138
2.744752
2.753324
2.757099
2.765674
2.768981
2.772238
2.781793
2.781922
2.792835
2.794276
2.799118
2.800184
2.811751
2.807905
2.822157
2.819439
2.824805
2.833107
2.829887
2.843337
2.838634
2.848023
2.842543
2.859854
2.849459
2.868086
2.856801
2.875573
2.860979
2.881885
2.868541
2.888926
2.873714
2.895543
2.880631
2.902357
2.884359
2.908489
2.890263
2.914356
2.893497
2.920042
2.900499
2.925558
2.902527
2.930770
2.912404
2.929195
2.928566
2.928755
2.939593
2.939806
2.935729
2.948855
2.944207
2.946272
2.952594
2.953377
2.951265
2.960147
2.959994
2.957912
2.967887
2.965056
2.965292
2.972140
2.972507
2.968978
2.980514
2.975793
2.977142
2.983625
2.983492
2.979201
2.991972
2.985139
2.988089
2.993414
2.993817
2.987245
3.002995
2.991431
2.999279
2.999847
3.004859
2.989817
3.014224
2.991325
3.011189
3.000404
3.017447
2.980317
3.019207
2.992503
3.015244
3.016339
3.001728
3.028474
2.977438
3.017798
2.996032
3.027109
3.002920
3.023090
3.018849
3.018849
3.014338
3.030384
2.988388
3.029666
2.992238
3.028442
3.009246
3.024945
3.032495
3.001271
3.038367
2.986738
3.023647
3.023798
3.013798
3.041376
2.987384
3.023161
3.014034
3.035431
3.014349
3.029364
3.038150
2.997826
3.034409
2.997517
3.030007
3.014963
3.028623
3.033556
3.004710
3.039288
2.987515
3.015149
3.017893
3.033129
3.001828
3.030015
2.998722
3.028549
3.000464
3.028627
2.999436
3.025885
3.002747
3.027981
3.000138
3.025002
3.002167
3.026034
2.999811
3.022898
3.001027
3.023101
2.999275
3.020530
2.999672
3.019865
2.998516
3.017864
2.998239
3.016559
2.997440
3.014864
2.996795
3.013275
2.996027
3.011613
2.995212
3.009921
2.994332
3.008197
2.993394
3.006447
2.992422
3.004690
2.991447
3.002952
2.990483
3.001246
2.989525
2.999567
2.988558
2.997907
2.987572
2.996257
2.986557
2.994613
2.985503
2.992965
2.984401
2.991305
2.983237
2.989621
2.981998
2.987902
2.980668
2.986134
2.979233
2.984304
2.977690
2.982403
2.976057
2.980436
2.974378
2.978430
2.972710
2.976426
2.971099
2.974468
2.969557
2.972581
2.968063
2.970764
2.966598
2.969001
2.965152
2.967284
2.963720
2.965603
2.962295
2.963952
2.960871
2.962325
2.959447
2.960718
2.958035
2.959132
2.956656
2.957578
2.955334
2.956069
2.954070
2.954614
2.952843
2.953207
2.951629
2.951836
2.950416
2.950488
2.949200
2.949156
2.947981
2.947834
2.946757
2.946519
2.945528
2.945209
2.944295
2.943903
2.943057
2.942601
2.941815
2.941302
2.940568
2.940008
2.939316
2.938720
2.938057
2.937439
2.936794
2.936166
2.935530
2.934901
2.934270
2.933643
2.933017
2.932394
2.931773
2.931155
2.930541
2.929929
2.929321
2.928717
2.928116
2.927520
2.926928
2.926340
2.925757
2.925178
2.924605
2.924036
2.923472
2.922914
2.922360
2.921812
2.921269
2.920732
2.920200
2.919673
2.919152
2.918636
2.918126
2.917622
2.917123
2.916630
2.916143
2.915661
2.915186
2.914716
2.914252
2.913794
2.913342
2.912896
2.912456
2.912023
2.911595
2.911173
2.910758
2.910348
2.909945
2.909547
2.909156
2.908770
2.908389
2.908015
2.907646
2.907282
2.906924
2.906571
2.906223
2.905879
2.905541
2.905208
2.904879
2.904554
2.904234
2.903918
2.903606
2.903298
2.902994
2.902694
2.902397
2.902104
2.901814
2.901527
2.901244
2.900963
2.900686
2.900412
2.900140
2.899871
2.899605
2.899341
2.899080
2.898821
2.898565
2.898310
2.898058
2.897809
2.897561
2.897315
2.897071
2.896829
2.896589
2.896351
2.896115
2.895881
2.895648
2.895417
2.895187
2.894960
2.894734
2.894509
2.894286
2.894065
2.893845
2.893626
2.893409
2.893193
2.892979
2.892766
2.892554
2.892344
2.892135
2.891927
2.891720
2.891515
2.891310
2.891107
2.890905
2.890703
2.890503
2.890303
2.890103
2.889905
2.889707
2.889509
2.889312
2.889115
2.888918
2.888721
2.888524
2.888326
2.888129
2.887931
2.887732
2.887533
2.887334
2.887134
2.886933
2.886731
2.886528
2.886325
2.886121
2.885915
2.885709
2.885501
2.885293
2.885083
2.884872
2.884660
2.884446
2.884231
2.884014
2.883796
2.883576
2.883355
2.883134
2.882912
2.882690
2.882470
2.882253
2.882037
2.881825
2.881617
2.881412
2.881211
2.881015
2.880822
2.880633
2.880447
2.880263
2.880081
2.879901
2.879721
2.879541
2.879361
2.879181
2.878999
2.878817
2.878633
2.878449
2.878263
2.878076
2.877888
2.877699
2.877509
2.877318
2.877125
2.876932
2.876738
2.876543
2.876348
2.876152
2.875955
2.875759
2.875562
2.875366
2.875170
2.874974
2.874780
2.874586
2.874395
2.874205
2.874017
2.873831
2.873646
2.873464
2.873283
2.873102
2.872921
2.872740
2.872557
2.872372
2.872185
2.871996
2.871804
2.871610
2.871413
2.871215
2.871016
2.870815
2.870614
2.870413
2.870212
2.870012
2.869815
2.869619
2.869426
2.869235
2.869047
2.868862
2.868679
2.868498
2.868319
2.868141
2.867966
2.867792
2.867620
2.867450
2.867282
2.867115
2.866950
2.866787
2.866626
2.866466
2.866308
2.866151
2.865996
2.865843
2.865691
2.865540
2.865391
2.865243
2.865097
2.864952
2.864808
2.864665
2.864524
2.864384
2.864245
2.864107
2.863971
2.863835
2.863701
2.863567
2.863435
2.863304
2.863173
2.863044
2.862916
2.862788
2.862662
2.862536
2.862411
2.862288
2.862165
2.862043
2.861921
2.861801
2.861681
2.861563
2.861445
2.861327
2.861211
2.861095
2.860980
2.860866
2.860752
2.860639
2.860527
2.860415
2.860304
2.860194
2.860084
2.859975
2.859866
2.859758
2.859650
2.859543
2.859436
2.859330
2.859224
2.859119
2.859014
2.858909
2.858805
2.858701
2.858597
2.858493
2.858390
2.858287
2.858184
2.858081
2.857978
2.857875
2.857772
2.857669
2.857566
2.857462
2.857359
2.857254
2.857150
2.857045
2.856939
2.856832
2.856724
2.856616
2.856506
2.856396
2.856284
2.856172
2.856058
2.855944
2.855829
2.855713
2.855597
2.855480
2.855480
2.855362
2.855245
2.855127
2.855009
2.854886
2.854802
2.854694
2.854588
2.854474
2.854378
2.854284
2.854192
2.854106
2.854023
2.853942
2.853861
2.853781
2.853701
2.853622
2.853543
2.853465
2.853388
2.853311
2.853236
2.853161
2.853088
2.853015
2.852943
2.852872
2.852802
2.852732
2.852663
2.852595
2.852527
2.852460
2.852393
2.852327
2.852262
2.852197
2.852132
2.852068
2.852004
2.851941
2.851877
2.851815
2.851752
2.851690
2.851628
2.851566
2.851505
2.851444
2.851383
2.851323
2.851262
2.851203
2.851143
2.851084
2.851025
2.850967
2.850909
2.850852
2.850795
2.850738
2.850682
2.850626
2.850571
2.850516
2.850462
2.850409
2.850355
2.850303
2.850251
2.850199
2.850148
2.850097
2.850047
2.849998
2.849948
2.849900
2.849852
2.849804
2.849757
2.849710
2.849664
2.849618
2.849573
2.849528
2.849484
2.849440
2.849396
2.849353
2.849310
2.849268
2.849226
2.849185
2.849144
2.849103
2.849063
2.849023
2.848984
2.848945
2.848906
2.848867
2.848829
2.848792
2.848754
2.848717
2.848681
2.848644
2.848608
2.848573
2.848537
2.848502
2.848467
2.848433
2.848398
2.848365
2.848331
2.848297
2.848264
2.848231
2.848199
2.848167
2.848134
2.848103
2.848071
2.848040
2.848009
2.847978
2.847947
2.847917
2.847886
2.847856
2.847827
2.847797
2.847768
2.847739
2.847710
2.847681
2.847653
2.847624
2.847596
2.847568
2.847541
2.847513
2.847486
2.847459
2.847432
2.847405
2.847379
2.847352
2.847326
2.847300
2.847274
2.847249
2.847223
2.847198
2.847173
2.847148
2.847123
2.847099
2.847074
2.847050
2.847026
2.847002
2.846978
2.846954
2.846931
2.846908
2.846884
2.846861
2.846839
2.846816
2.846793
2.846771
2.846749
2.846727
2.846705
2.846683
2.846661
2.846640
2.846618
2.846597
2.846576
2.846555
2.846534
2.846513
2.846493
2.846473
2.846452
2.846432
2.846412
2.846392
2.846373
2.846353
2.846333
2.846314
2.846295
2.846276
2.846257
2.846238
2.846219
2.846201
2.846182
2.846164
2.846146
2.846127
2.846109
2.846092
2.846074
2.846056
2.846039
2.846021
2.846004
2.845987
2.845970
2.845953
2.845936
2.845919
2.845903
2.845886
2.845870
2.845854
2.845837
2.845821
2.845805
2.845790
2.845774
2.845758
2.845743
2.845727
2.845712
2.845697
2.845682
2.845667
2.845652
2.845637
2.845622
2.845608
2.845593
2.845579
2.845564
2.845550
2.845536
2.845522
2.845508
2.845494
2.845481
2.845467
2.845454
2.845440
2.845427
2.845413
2.845400
2.845387
2.845374
2.845361
2.845349
2.845336
2.845323
2.845311
2.845298
2.845286
2.845274
2.845261
2.845249
2.845237
2.845225
2.845214
2.845202
2.845190
2.845179
2.845167
2.845156
2.845144
2.845133
2.845122
2.845111
2.845100
2.845089
2.845078
2.845067
2.845056
2.845046
2.845035
2.845024
2.845014
2.845004
2.844993
2.844983
2.844973
2.844963
2.844953
2.844943
2.844933
2.844924
2.844914
2.844904
2.844895
2.844885
2.844876
2.844866
2.844857
2.844848
2.844839
2.844830
2.844821
2.844812
2.844803
2.844794
2.844785
2.844776
2.844768
2.844759
2.844751
2.844742
2.844734
2.844725
2.844717
2.844709
2.844701
2.844693
2.844685
2.844677
2.844669
2.844661
2.844653
2.844645
2.844638
2.844630
2.844622
2.844615
2.844607
2.844600
2.844593
2.844585
2.844578
2.844571
2.844564
2.844557
2.844550
2.844543
2.844536
2.844529
2.844522
2.844515
2.844508
2.844502
2.844495
2.844488
2.844482
2.844475
2.844469
2.844462
2.844456
2.844450
2.844443
2.844437
2.844431
2.844425
2.844419
2.844412
2.844406
2.844400
2.844394
2.844389
2.844383
2.844377
2.844371
2.844365
2.844360
2.844354
2.844348
2.844343
2.844337
2.844332
2.844326
2.844321
2.844315
2.844310
2.844304
2.844299
2.844294
2.844289
2.844283
2.844278
2.844273
2.844268
2.844263
2.844258
2.844253
2.844248
2.844243
2.844238
2.844233
2.844228
2.844224
2.844219
2.844214
2.844209
2.844205
2.844200
2.844195
2.844191
2.844186
2.844181
2.844177
2.844172
2.844168
2.844163
2.844159
2.844155
2.844150
2.844146
2.844142
2.844138
2.844133
2.844129
2.844125
2.844121
2.844117
2.844113
2.844109
2.844105
2.844101
2.844097
2.844093
2.844089
2.844085
2.844081
2.844077
2.844073
2.844069
2.844065
2.844061
2.844057
2.844053
2.844049
2.844045
2.844041
2.844037
2.844033
2.844029
2.844025
2.844022
2.844018
2.844014
2.844010
2.844006
2.844002
2.843999
2.843995
2.843991
2.843987
2.843984
2.843980
2.843976
2.843973
2.843969
2.843965
2.843962
2.843958
2.843955
2.843951
2.843947
2.843944
2.843940
2.843937
2.843933
2.843930
2.843926
2.843923
2.843919
2.843916
2.843912
2.843909
2.843906
2.843902
2.843899
2.843895
2.843892
2.843889
2.843885
2.843882
2.843879
2.843875
2.843872
2.843869
2.843866
2.843862
2.843859
2.843856
2.843853
2.843849
2.843846
2.843843
2.843840
2.843837
2.843833
2.843833
2.843830
2.843827
2.843824
2.843821
2.843818
2.843815
2.843812
2.843809
2.843806
2.843803
2.843799
2.843796
2.843793
2.843790
2.843787
2.843784
2.843781
2.843778
2.843775
2.843772
2.843770
2.843767
2.843764
2.843761
2.843758
2.843755
2.843752
2.843749
2.843746
2.843743
2.843740
2.843738
2.843735
2.843732
2.843729
2.843726
2.843723
2.843721
2.843718
2.843715
2.843712
2.843709
2.843707
2.843704
2.843701
2.843698
2.843695
2.843693
2.843690
2.843687
2.843684
2.843682
2.843679
2.843676
2.843673
2.843671
2.843668
2.843665
2.843663
2.843660
2.843657
2.843655
2.843652
2.843649
2.843646
2.843644
2.843641
2.843638
2.843636
2.843633
2.843630
2.843628
2.843625
2.843623
2.843620
2.843617
2.843615
2.843612
2.843609
2.843607
2.843604
2.843601
2.843599
2.843596
2.843594
2.843591
2.843588
2.843586
2.843583
2.843581
2.843578
2.843575
2.843573
2.843570
2.843568
2.843565
2.843562
2.843560
2.843557
2.843555
2.843552
2.843549
2.843547
2.843544
2.843542
2.843539
2.843537
2.843534
2.843531
2.843529
2.843526
2.843524
2.843521
2.843519
2.843516
2.843513
2.843511
2.843508
2.843506
2.843503
2.843501
2.843498
2.843496
2.843493
2.843491
2.843488
2.843485
2.843483
2.843480
2.843478
2.843475
2.843473
2.843470
2.843468
2.843465
2.843463
2.843460
2.843458
2.843455
2.843453
2.843450
2.843448
2.843445
2.843443
2.843440
2.843438
2.843435
2.843433
2.843431
2.843428
2.843426
2.843423
2.843421
2.843418
2.843416
2.843413
2.843411
2.843408
2.843406
2.843404
2.843401
2.843399
2.843396
2.843394
2.843392
2.843389
2.843387
2.843384
2.843382
2.843379
2.843377
2.843375
2.843372
2.843370
2.843368
2.843365
2.843363
2.843360
2.843358
2.843356
2.843353
2.843351
2.843348
2.843346
2.843344
2.843341
2.843339
2.843337
2.843334
2.843332
2.843330
2.843327
2.843325
2.843322
2.843320
2.843318
2.843315
2.843313
2.843311
2.843308
2.843306
2.843304
2.843301
2.843299
2.843296
2.843294
2.843292
2.843289
2.843287
2.843285
2.843282
2.843280
2.843278
2.843276
2.843274
2.843271
2.843269
2.843267
2.843265
2.843263
2.843260
2.843258
2.843256
2.843254
2.843252
2.843249
2.843247
2.843245
2.843243
2.843241
2.843239
2.843236
2.843235
2.843233
2.843230
2.843228
2.843226
2.843224
2.843222
2.843220
2.843218
2.843215
2.843213
2.843211
2.843209
2.843207
2.843205
2.843203
2.843201
2.843200
2.843198
2.843196
2.843193
2.843191
2.843189
2.843188
2.843185
2.843183
2.843181
2.843180
2.843178
2.843176
2.843175
2.843173
2.843171
2.843169
2.843167
2.843165
2.843163
2.843160
2.843158
2.843156
2.843154
2.843152
2.843149
2.843147
2.843145
2.843143
2.843140
2.843138
2.843136
2.843134
2.843132
2.843129
2.843127
2.843125
2.843123
2.843121
2.843118
2.843116
2.843114
2.843112
2.843110
2.843108
2.843106
2.843104
2.843102
2.843100
2.843098
2.843096
2.843093
2.843091
2.843090
2.843088
2.843086
2.843084
2.843082
2.843080
2.843078
2.843076
2.843074
2.843072
2.843070
2.843068
2.843067
2.843065
2.843063
2.843061
2.843059
2.843057
2.843056
2.843054
2.843052
2.843050
2.843048
2.843046
2.843045
2.843043
2.843041
2.843039
2.843037
2.843036
2.843034
2.843032
2.843030
2.843028
2.843026
2.843025
2.843023
2.843021
2.843019
2.843017
2.843015
2.843013
2.843012
2.843010
2.843008
2.843006
2.843004
2.843002
2.843000
2.842998
2.842996
2.842994
2.842993
2.842991
2.842989
2.842987
2.842985
2.842983
2.842981
2.842979
2.842977
2.842975
2.842973
2.842971
2.842969
2.842967
2.842965
2.842963
2.842961
2.842959
2.842957
2.842955
2.842953
2.842951
2.842949
2.842947
2.842945
2.842943
2.842941
2.842939
2.842937
2.842935
2.842933
2.842931
2.842929
2.842927
2.842925
2.842923
2.842921
2.842919
2.842917
2.842915
2.842913
2.842910
2.842908
2.842906
2.842904
2.842902
2.842900
2.842898
2.842896
2.842894
2.842892
2.842890
2.842888
2.842886
2.842884
2.842882
2.842880
2.842878
2.842876
2.842874
2.842872
2.842870
2.842868
2.842866
2.842864
2.842862
2.842860
2.842858
2.842856
2.842854
2.842852
2.842850
2.842848
2.842846
2.842844
2.842842
2.842840
2.842838
2.842836
2.842834
2.842832
2.842830
2.842828
2.842826
2.842824
2.842822
2.842820
2.842818
2.842816
2.842814
2.842812
2.842810
2.842808
2.842806
2.842805
2.842803
2.842801
2.842799
2.842797
2.842795
2.842793
2.842791
2.842789
2.842787
2.842785
2.842783
2.842782
2.842780
2.842778
2.842776
2.842774
2.842772
2.842770
2.842768
2.842766
2.842765
2.842763
2.842761
2.842759
2.842757
2.842755
2.842753
2.842752
2.842750
2.842748
2.842746
2.842744
2.842742
2.842741
2.842739
2.842737
2.842735
2.842733
2.842732
2.842730
2.842728
2.842726
2.842724
2.842723
2.842721
2.842719
2.842717
2.842715
2.842714
2.842712
2.842712
2.842710
2.842708
2.842707
2.842705
2.842703
2.842701
2.842700
2.842698
2.842696
2.842694
2.842693
2.842691
2.842689
2.842688
2.842686
2.842684
2.842682
2.842681
2.842679
2.842677
2.842676
2.842674
2.842672
2.842671
2.842669
2.842667
2.842666
2.842664
2.842662
2.842661
2.842659
2.842657
2.842656
2.842654
2.842652
2.842651
2.842649
2.842648
2.842646
2.842644
2.842643
2.842641
2.842640
2.842638
2.842636
2.842635
2.842633
2.842632
2.842630
2.842628
2.842627
2.842625
2.842624
2.842622
2.842621
2.842619
2.842617
2.842616
2.842614
2.842613
2.842611
2.842610
2.842608
2.842607
2.842605
2.842604
2.842602
2.842601
2.842599
2.842598
2.842596
2.842595
2.842593
2.842592
2.842590
2.842589
2.842587
2.842586
2.842584
2.842583
2.842581
2.842580
2.842579
2.842577
2.842576
2.842574
2.842573
2.842571
2.842570
2.842569
2.842567
2.842566
2.842564
2.842563
2.842562
2.842560
2.842559
2.842557
2.842556
2.842555
2.842553
2.842552
2.842551
2.842549
2.842548
2.842547
2.842546
2.842545
2.842544
2.842543
2.842542
2.842541
2.842540
2.842539
2.842538
2.842537
2.842536
2.842534
2.842533
2.842532
2.842531
2.842530
2.842529
2.842527
2.842526
2.842525
2.842524
2.842523
2.842522
2.842520
2.842519
2.842518
2.842517
2.842515
2.842514
2.842513
2.842512
2.842511
2.842509
2.842508
2.842507
2.842506
2.842505
2.842503
2.842502
2.842501
2.842500
2.842499
2.842498
2.842496
2.842495
2.842494
2.842493
2.842492
2.842491
2.842490
2.842489
2.842487
2.842486
2.842485
2.842484
2.842483
2.842482
2.842481
2.842480
2.842479
2.842478
2.842476
2.842475
2.842474
2.842473
2.842472
2.842471
2.842470
2.842469
2.842468
2.842467
2.842466
2.842465
2.842464
2.842463
2.842462
2.842461
2.842460
2.842459
2.842458
2.842457
2.842456
2.842455
2.842454
2.842453
2.842452
2.842451
2.842450
2.842450
2.842449
2.842448
2.842447
2.842446
2.842445
2.842444
2.842443
2.842442
2.842441
2.842440
2.842440
2.842439
2.842438
2.842437
2.842436
2.842435
2.842434
2.842434
2.842433
2.842432
2.842431
2.842430
2.842429
2.842428
2.842428
2.842427
2.842426
2.842425
2.842424
2.842424
2.842423
2.842422
2.842421
2.842420
2.842420
2.842419
2.842418
2.842417
2.842416
2.842416
2.842415
2.842414
2.842413
2.842413
2.842412
2.842411
2.842410
2.842410
2.842409
2.842408
2.842407
2.842407
2.842406
2.842405
2.842404
2.842404
2.842403
2.842402
2.842402
2.842401
2.842400
2.842399
2.842399
2.842398
2.842397
2.842397
2.842396
2.842395
2.842395
2.842394
2.842393
2.842393
2.842392
2.842391
2.842391
2.842390
2.842389
2.842389
2.842388
2.842387
2.842387
2.842386
2.842385
2.842385
2.842384
2.842383
2.842383
2.842382
2.842382
2.842381
2.842380
2.842380
2.842379
2.842379
2.842378
2.842377
2.842377
2.842376
2.842376
2.842375
2.842374
2.842374
2.842373
2.842373
2.842372
2.842371
2.842371
2.842370
2.842370
2.842369
2.842369
2.842368
2.842367
2.842367
2.842366
2.842366
2.842365
2.842365
2.842364
2.842364
2.842363
2.842363
2.842362
2.842361
2.842361
2.842360
2.842360
2.842359
2.842359
2.842358
2.842358
2.842357
2.842357
2.842356
2.842356
2.842355
2.842355
2.842354
2.842354
2.842353
2.842353
2.842352
2.842352
2.842351
2.842351
2.842350
2.842350
2.842349
2.842349
2.842348
2.842348
2.842347
2.842347
2.842347
2.842346
2.842346
2.842345
2.842345
2.842344
2.842344
2.842343
2.842343
2.842342
2.842342
2.842342
2.842341
2.842341
2.842340
2.842340
2.842339
2.842339
2.842339
2.842338
2.842338
2.842337
2.842337
2.842336
2.842336
2.842336
2.842335
2.842335
2.842334
2.842334
2.842334
2.842333
2.842333
2.842332
2.842332
2.842332
2.842331
2.842331
2.842330
2.842330
2.842330
2.842329
2.842329
2.842329
2.842328
2.842328
2.842327
2.842327
2.842327
2.842326
2.842326
2.842326
2.842325
2.842325
2.842325
2.842324
2.842324
2.842323
2.842323
2.842323
2.842322
2.842322
2.842322
2.842321
2.842321
2.842321
2.842320
2.842320
2.842320
2.842319
2.842319
2.842319
2.842318
2.842318
2.842318
2.842317
2.842317
2.842317
2.842317
2.842316
2.842316
2.842316
2.842315
2.842315
2.842315
2.842314
2.842314
2.842314
2.842313
2.842313
2.842313
2.842313
2.842312
2.842312
2.842312
2.842311
2.842311
2.842311
2.842311
2.842310
2.842310
2.842310
2.842309
2.842309
2.842309
2.842309
2.842308
2.842308
2.842308
2.842308
2.842307
2.842307
2.842307
2.842307
2.842306
2.842306
2.842306
2.842305
2.842305
2.842305
2.842305
2.842304
2.842304
2.842304
2.842304
2.842304
2.842303
2.842303
2.842303
2.842303
2.842302
2.842302
2.842302
2.842302
2.842301
2.842301
2.842301
2.842301
2.842300
2.842300
2.842300
2.842300
2.842300
2.842299
2.842299
2.842299
2.842299
2.842299
2.842298
2.842298
2.842298
2.842298
2.842298
2.842297
2.842297
2.842297
2.842297
2.842297
2.842296
2.842296
2.842296
2.842296
2.842296
2.842295
2.842295
2.842295
2.842295
2.842295
2.842294
2.842294
2.842294
2.842294
2.842294
2.842294
2.842293
2.842293
2.842293
2.842293
2.842293
2.842292
2.842292
2.842292
2.842292
2.842292
2.842292
2.842291
2.842291
2.842291
2.842291
2.842291
2.842290
2.842290
2.842290
2.842290
2.842290
2.842290
2.842289
2.842289
2.842289
2.842289
2.842289
2.842289
2.842289
2.842288
2.842288
2.842288
2.842288
2.842288
2.842288
2.842287
2.842287
2.842287
2.842287
2.842287
2.842287
2.842287
2.842286
2.842286
2.842286
2.842286
2.842286
2.842286
2.842286
2.842285
2.842285
2.842285
2.842285
2.842285
2.842285
2.842285
2.842285
2.842284
2.842284
2.842284
2.842284
2.842284
2.842284
2.842284
2.842284
2.842283
2.842283
2.842283
2.842283
2.842283
2.842283
2.842283
2.842283
2.842282
2.842282
2.842282
2.842282
2.842282
2.842282
2.842282
2.842282
2.842282
2.842281
2.842281
2.842281
2.842281
2.842281
2.842281
2.842281
2.842281
2.842281
2.842280
2.842280
2.842280
2.842280
2.842280
2.842280
2.842280
2.842280
2.842280
2.842280
2.842279
2.842279
2.842279
2.842279
2.842279
2.842279
2.842279
2.842279
2.842279
2.842278
2.842278
2.842278
2.842278
2.842278
2.842278
2.842278
2.842278
2.842278
2.842278
2.842278
2.842277
2.842277
2.842277
2.842277
2.842277
2.842277
2.842277
2.842277
2.842277
2.842277
2.842276
2.842276
2.842276
2.842276
2.842276
2.842276
2.842276
2.842276
2.842276
2.842276
2.842275
2.842275
2.842275
2.842275
2.842275
2.842275
2.842275
2.842275
2.842275
2.842275
2.842275
2.842274
2.842274
2.842274
2.842274
2.842274
2.842274
2.842274
2.842274
2.842274
2.842274
2.842274
2.842273
2.842273
2.842273
2.842273
2.842273
2.842273
2.842273
2.842273
2.842273
2.842273
2.842272
2.842272
2.842272
2.842272
2.842272
2.842272
2.842272
2.842272
2.842272
2.842272
2.842272
2.842271
2.842271
2.842271
2.842271
2.842271
2.842271
2.842271
2.842271
2.842271
2.842271
2.842271
2.842270
2.842270
2.842270
2.842270
2.842270
2.842270
2.842270
2.842270
2.842270
2.842270
2.842270
2.842269
2.842269
2.842269
2.842269
2.842269
2.842269
2.842269
2.842269
2.842269
2.842269
2.842269
2.842268
2.842268
2.842268
2.842268
2.842268
2.842268
2.842268
2.842268
2.842268
2.842268
2.842268
2.842268
2.842267
2.842267
2.842267
2.842267
2.842267
2.842267
2.842267
2.842267
2.842267
2.842267
2.842267
2.842266
2.842266
2.842266
2.842266
2.842266
2.842266
2.842266
2.842266
2.842266
2.842266
2.842266
2.842265
2.842265
2.842265
2.842265
2.842265
2.842265
2.842265
2.842265
2.842265
2.842265
2.842265
2.842264
2.842264
2.842264
2.842264
2.842264
2.842264
2.842264
2.842264
2.842264
2.842264
2.842264
2.842264
2.842263
2.842263
2.842263
2.842263
2.842263
2.842263
2.842263
2.842263
2.842263
2.842263
2.842263
2.842262
2.842262
2.842262
2.842262
2.842262
2.842262
2.842262
2.842262
2.842262
2.842262
2.842262
2.842261
2.842261
2.842261
2.842261
2.842261
2.842261
2.842261
2.842261
2.842261
2.842261
2.842261
2.842261
2.842260
2.842260
2.842260
2.842260
2.842260
2.842260
2.842260
2.842260
2.842260
2.842260
2.842260
2.842259
2.842259
2.842259
2.842259
2.842259
2.842259
2.842259
2.842259
2.842259
2.842259
2.842259
2.842259
2.842258
2.842258
2.842258
2.842258
2.842258
2.842258
2.842258
2.842258
2.842258
2.842258
2.842258
2.842257
2.842257
2.842257
2.842257
2.842257
2.842257
2.842257
2.842257
2.842257
2.842257
2.842257
2.842257
2.842256
2.842256
2.842256
2.842256
2.842256
2.842256
2.842256
2.842256
2.842256
2.842256
2.842256
2.842255
2.842255
2.842255
2.842255
2.842255
2.842255
2.842255
2.842255
2.842255
2.842255
2.842255
2.842255
2.842254
2.842254
2.842254
2.842254
2.842254
2.842254
2.842254
2.842254
2.842254
2.842254
2.842254
2.842253
2.842253
2.842253
2.842253
2.842253
2.842253
2.842253
2.842253
2.842253
2.842253
2.842253
2.842253
2.842252
2.842252
2.842252
2.842252
2.842252
2.842252
2.842252
2.842252
2.842252
2.842252
2.842252
2.842251
2.842251
2.842251
2.842251
2.842251
2.842251
2.842251
2.842251
2.842251
2.842251
2.842251
2.842251
2.842250
2.842250
2.842250
2.842250
2.842250
2.842250
2.842250
2.842250
2.842250
2.842250
2.842250
2.842249
2.842249
2.842249
2.842249
2.842249
2.842249
2.842249
2.842249
2.842249
2.842249
2.842249
2.842249
2.842248
2.842248
2.842248
2.842248
2.842248
2.842248
2.842248
2.842248
2.842248
2.842248
2.842248
2.842248
2.842247
2.842247
2.842247
2.842247
2.842247
2.842247
2.842247
2.842247
2.842247
2.842247
2.842247
2.842246
2.842246
2.842246
2.842246
2.842246
2.842246
2.842246
2.842246
2.842246
2.842246
2.842246
2.842246
2.842246
2.842245
2.842245
2.842245
2.842245
2.842245
2.842245
2.842245
2.842245
2.842245
2.842245
2.842245
2.842245
2.842244
2.842244
2.842244
2.842244
2.842244
2.842244
2.842244
2.842244
2.842244
2.842244
2.842244
2.842243
2.842243
2.842243
2.842243
2.842243
2.842243
2.842243
2.842243
2.842243
2.842243
2.842243
2.842243
2.842242
2.842242
2.842242
2.842242
2.842242
2.842242
2.842242
2.842242
2.842242
2.842242
2.842242
2.842241
2.842241
2.842241
2.842241
2.842241
2.842241
2.842241
2.842241
2.842241
2.842241
2.842241
2.842241
2.842240
2.842240
2.842240
2.842240
2.842240
2.842240
2.842240
2.842240
2.842240
2.842240
2.842240
2.842240
2.842239
2.842239
2.842239
2.842239
2.842239
2.842239
2.842239
2.842239
2.842239
2.842239
2.842239
2.842238
2.842238
2.842238
2.842238
2.842238
2.842238
2.842238
2.842238
2.842238
2.842238
2.842238
2.842238
2.842237
2.842237
2.842237
2.842237
2.842237
2.842237
2.842237
2.842237
2.842237
2.842237
2.842237
2.842237
2.842236
2.842236
2.842236
2.842236
2.842236
2.842236
2.842236
2.842236
2.842236
2.842236
2.842236
2.842235
2.842235
2.842235
2.842235
2.842235
2.842235
2.842235
2.842235
2.842235
2.842235
2.842235
2.842235
2.842234
2.842234
2.842234
2.842234
2.842234
2.842234
2.842234
2.842234
2.842234
2.842234
2.842234
2.842233
2.842233
2.842233
2.842233
2.842233
2.842233
2.842233
2.842233
2.842233
2.842233
2.842233
2.842233
2.842232
2.842232
2.842232
2.842232
2.842232
2.842232
2.842232
2.842232
2.842232
2.842232
2.842232
2.842232
2.842231
2.842231
2.842231
2.842231
2.842231
2.842231
2.842231
2.842231
2.842231
2.842231
2.842231
2.842230
2.842230
2.842230
2.842230
2.842230
2.842230
2.842230
2.842230
2.842230
2.842230
2.842230
2.842230
2.842229
2.842229
2.842229
2.842229
2.842229
2.842229
2.842229
2.842229
2.842229
2.842229
2.842229
2.842229
2.842228
2.842228
2.842228
2.842228
2.842228
2.842228
2.842228
2.842228
2.842228
2.842228
2.842228
2.842227
2.842227
2.842227
2.842227
2.842227
2.842227
2.842227
2.842227
2.842227
2.842227
2.842227
2.842227
2.842226
2.842226
2.842226
2.842226
2.842226
2.842226
2.842226
2.842226
2.842226
2.842226
2.842226
2.842225
2.842225
2.842225
2.842225
2.842225
2.842225
2.842225
2.842225
2.842225
2.842225
2.842225
2.842225
2.842224
2.842224
2.842224
2.842224
2.842224
2.842224
2.842224
2.842224
2.842224
2.842224
2.842224
2.842224
2.842223
2.842223
2.842223
2.842223
2.842223
2.842223
2.842223
2.842223
2.842223
2.842223
2.842223
2.842222
2.842222
2.842222
2.842222
2.842222
2.842222
2.842222
2.842222
2.842222
2.842222
2.842222
2.842222
2.842221
2.842221
2.842221
2.842221
2.842221
2.842221
2.842221
2.842221
2.842221
2.842221
2.842221
2.842220
2.842220
2.842220
2.842220
2.842220
2.842220
2.842220
2.842220
2.842220
2.842220
2.842220
2.842220
2.842219
2.842219
2.842219
2.842219
2.842219
2.842219
2.842219
2.842219
2.842219
2.842219
2.842219
2.842219
2.842218
2.842218
2.842218
2.842218
2.842218
2.842218
2.842218
2.842218
2.842218
2.842218
2.842218
2.842217
2.842217
2.842217
2.842217
2.842217
2.842217
2.842217
2.842217
2.842217
2.842217
2.842217
2.842217
2.842216
2.842216
2.842216
2.842216
2.842216
2.842216
2.842216
2.842216
2.842216
2.842216
2.842216
2.842215
2.842215
2.842215
2.842215
2.842215
2.842215
2.842215
2.842215
2.842215
2.842215
2.842215
2.842215
2.842214
2.842214
2.842214
2.842214
2.842214
2.842214
2.842214
2.842214
2.842214
2.842214
2.842214
2.842213
2.842213
2.842213
2.842213
2.842213
2.842213
2.842213
2.842213
2.842213
2.842213
2.842213
2.842213
2.842212
2.842212
2.842212
2.842212
2.842212
2.842212
2.842212
2.842212
2.842212
2.842212
2.842212
2.842212
2.842211
2.842211
2.842211
2.842211
2.842211
2.842211
2.842211
2.842211
2.842211
2.842211
2.842211
2.842210
2.842210
2.842210
2.842210
2.842210
2.842210
2.842210
2.842210
2.842210
2.842210
2.842210
2.842210
2.842209
2.842209
2.842209
2.842209
2.842209
2.842209
2.842209
2.842209
2.842209
2.842209
2.842209
2.842208
2.842208
2.842208
2.842208
2.842208
2.842208
2.842208
2.842208
2.842208
2.842208
2.842208
2.842208
2.842207
2.842207
2.842207
2.842207
2.842207
2.842207
2.842207
2.842207
2.842207
2.842207
2.842207
2.842206
2.842206
2.842206
2.842206
2.842206
2.842206
2.842206
2.842206
2.842206
2.842206
2.842206
2.842206
2.842205
2.842205
2.842205
2.842205
2.842205
2.842205
2.842205
2.842205
2.842205
2.842205
2.842205
2.842205
2.842204
2.842204
2.842204
2.842204
2.842204
2.842204
2.842204
2.842204
2.842204
2.842204
2.842204
2.842203
2.842203
2.842203
2.842203
2.842203
2.842203
2.842203
2.842203
2.842203
2.842203
2.842203
2.842203
2.842203
2.842202
2.842202
2.842202
2.842202
2.842202
2.842202
2.842202
2.842202
2.842202
2.842202
2.842202
2.842201
2.842201
2.842201
2.842201
2.842201
2.842201
2.842201
2.842201
2.842201
2.842201
2.842201
2.842201
2.842200
2.842200
2.842200
2.842200
2.842200
2.842200
2.842200
2.842200
2.842200
2.842200
2.842200
2.842199
2.842199
2.842199
2.842199
2.842199
2.842199
2.842199
2.842199
2.842199
2.842199
2.842199
2.842199
2.842198
2.842198
2.842198
2.842198
2.842198
2.842198
2.842198
2.842198
2.842198
2.842198
2.842198
2.842197
2.842197
2.842197
2.842197
2.842197
2.842197
2.842197
2.842197
2.842197
2.842197
2.842197
2.842197
2.842196
2.842196
2.842196
2.842196
2.842196
2.842196
2.842196
2.842196
2.842196
2.842196
2.842196
2.842195
2.842195
2.842195
2.842195
2.842195
2.842195
2.842195
2.842195
2.842195
2.842195
2.842195
2.842195
2.842194
2.842194
2.842194
2.842194
2.842194
2.842194
2.842194
2.842194
2.842194
2.842194
2.842194
2.842193
2.842193
2.842193
2.842193
2.842193
2.842193
2.842193
2.842193
2.842193
2.842193
2.842193
2.842193
2.842192
2.842192
2.842192
2.842192
2.842192
2.842192
2.842192
2.842192
2.842192
2.842192
2.842192
2.842191
2.842191
2.842191
2.842191
2.842191
2.842191
2.842191
2.842191
2.842191
2.842191
2.842191
2.842191
2.842190
2.842190
2.842190
2.842190
2.842190
2.842190
2.842190
2.842190
2.842190
2.842190
2.842190
2.842189
2.842189
2.842189
2.842189
2.842189
2.842189
2.842189
2.842189
2.842189
2.842189
2.842189
2.842189
2.842188
2.842188
2.842188
2.842188
2.842188
2.842188
2.842188
2.842188
2.842188
2.842188
2.842188
2.842187
2.842187
2.842187
2.842187
2.842187
2.842187
2.842187
2.842187
2.842187
2.842187
2.842187
2.842187
2.842186
2.842186
2.842186
2.842186
2.842186
2.842186
2.842186
2.842186
2.842186
2.842186
2.842186
2.842185
2.842185
2.842185
2.842185
2.842185
2.842185
2.842185
2.842185
2.842185
2.842185
2.842185
2.842184
2.842184
2.842184
2.842184
2.842184
2.842184
2.842184
2.842184
2.842184
2.842184
2.842184
2.842184
2.842183
2.842183
2.842183
2.842183
2.842183
2.842183
2.842183
2.842183
2.842183
2.842183
2.842183
2.842182
2.842182
2.842182
2.842182
2.842182
2.842182
2.842182
2.842182
2.842182
2.842182
2.842182
2.842182
2.842181
2.842181
2.842181
2.842181
2.842181
2.842181
2.842181
2.842181
2.842181
2.842181
2.842181
2.842180
2.842180
2.842180
2.842180
2.842180
2.842180
2.842180
2.842180
2.842180
2.842180
2.842180
2.842179
2.842179
2.842179
2.842179
2.842179
2.842179
2.842179
2.842179
2.842179
2.842179
2.842179
2.842178
2.842178
2.842178
2.842178
2.842178
2.842178
2.842178
2.842178
2.842178
2.842178
2.842178
2.842177
2.842177
2.842177
2.842177
2.842177
2.842177
2.842177
2.842177
2.842177
2.842177
2.842177
2.842177
2.842176
2.842176
2.842176
2.842176
2.842176
2.842176
2.842176
2.842176
2.842176
2.842176
2.842176
2.842175
2.842175
2.842175
2.842175
2.842175
2.842175
2.842175
2.842175
2.842175
2.842175
2.842175
2.842174
2.842174
2.842174
2.842174
2.842174
2.842174
2.842174
2.842174
2.842174
2.842174
2.842174
2.842173
2.842173
2.842173
2.842173
2.842173
2.842173
2.842173
2.842173
2.842173
2.842173
2.842173
2.842172
2.842172
2.842172
2.842172
2.842172
2.842172
2.842172
2.842172
2.842172
2.842172
2.842172
2.842171
2.842171
2.842171
2.842171
2.842171
2.842171
2.842171
2.842171
2.842171
2.842171
2.842171
2.842170
2.842170
2.842170
2.842170
2.842170
2.842170
2.842170
2.842170
2.842170
2.842170
2.842170
2.842169
2.842169
2.842169
2.842169
2.842169
2.842169
2.842169
2.842169
2.842169
2.842169
2.842168
2.842168
2.842168
2.842168
2.842168
2.842168
2.842168
2.842168
2.842168
2.842168
2.842168
2.842167
2.842167
2.842167
2.842167
2.842167
2.842167
2.842167
2.842167
2.842167
2.842167
2.842167
2.842166
2.842166
2.842166
2.842166
2.842166
2.842166
2.842166
2.842166
2.842166
2.842166
2.842166
2.842165
2.842165
2.842165
2.842165
2.842165
2.842165
2.842165
2.842165
2.842165
2.842165
2.842164
2.842164
2.842164
2.842164
2.842164
2.842164
2.842164
2.842164
2.842164
2.842164
2.842164
2.842163
2.842163
2.842163
2.842163
2.842163
2.842163
2.842163
2.842163
2.842163
2.842163
2.842163
2.842162
2.842162
2.842162
2.842162
2.842162
2.842162
2.842162
2.842162
2.842162
2.842162
2.842161
2.842161
2.842161
2.842161
2.842161
2.842161
2.842161
2.842161
2.842161
2.842161
2.842161
2.842160
2.842160
2.842160
2.842160
2.842160
2.842160
2.842160
2.842160
2.842160
2.842160
2.842159
2.842159
2.842159
2.842159
2.842159
2.842159
2.842159
2.842159
2.842159
2.842159
2.842159
2.842158
2.842158
2.842158
2.842158
2.842158
2.842158
2.842158
2.842158
2.842158
2.842158
2.842158
2.842157
2.842157
2.842157
2.842157
2.842157
2.842157
2.842157
2.842157
2.842157
2.842157
2.842157
2.842156
2.842156
2.842156
2.842156
2.842156
2.842156
2.842156
2.842156
2.842156
2.842156
2.842155
2.842155
2.842155
2.842155
2.842155
2.842155
2.842155
2.842155
2.842155
2.842155
2.842155
2.842154
2.842154
2.842154
2.842154
2.842154
2.842154
2.842154
2.842154
2.842154
2.842154
2.842153
2.842153
2.842153
2.842153
2.842153
2.842153
2.842153
2.842153
2.842153
2.842153
2.842152
2.842152
2.842152
2.842152
2.842152
2.842152
2.842152
2.842152
2.842152
2.842152
2.842151
2.842151
2.842151
2.842151
2.842151
2.842151
2.842151
2.842151
2.842151
2.842151
2.842150
2.842150
2.842150
2.842150
2.842150
2.842150
2.842150
2.842150
2.842150
2.842150
2.842149
2.842149
2.842149
2.842149
2.842149
2.842149
2.842149
2.842149
2.842149
2.842149
2.842148
2.842148
2.842148
2.842148
2.842148
2.842148
2.842148
2.842148
2.842148
2.842147
2.842147
2.842147
2.842147
2.842147
2.842147
2.842147
2.842147
2.842147
2.842146
2.842146
2.842146
2.842146
2.842146
2.842146
2.842146
2.842146
2.842146
2.842146
2.842145
2.842145
2.842145
2.842145
2.842145
2.842145
2.842145
2.842145
2.842144
2.842144
2.842144
2.842144
2.842144
2.842144
2.842144
2.842144
2.842143
2.842143
2.842143
2.842143
2.842143
2.842143
2.842143
2.842143
2.842142
2.842142
2.842142
2.842142
2.842142
2.842142
2.842142
2.842141
2.842141
2.842141
2.842141
2.842141
2.842141
2.842141
2.842141
2.842140
2.842140
2.842140
2.842140
2.842140
2.842140
2.842140
2.842140
2.842139
2.842139
2.842139
2.842139
2.842139
2.842139
2.842139
2.842138
2.842138
2.842138
2.842138
2.842138
2.842138
2.842138
2.842138
2.842137
2.842137
2.842137
2.842137
2.842137
2.842137
2.842137
2.842137
2.842136
2.842136
2.842136
2.842136
2.842136
2.842136
2.842136
2.842136
2.842136
2.842135
2.842135
2.842135
2.842135
2.842135
2.842135
2.842135
2.842135
2.842134
2.842134
2.842134
2.842134
2.842134
2.842134
2.842134
2.842134
2.842133
2.842133
2.842133
2.842133
2.842133
2.842133
2.842133
2.842133
2.842132
2.842132
2.842132
2.842132
2.842132
2.842132
2.842132
2.842132
2.842131
2.842131
2.842131
2.842131
2.842131
2.842131
2.842131
2.842131
2.842131
2.842130
2.842130
2.842130
2.842130
2.842130
2.842130
2.842130
2.842130
2.842129
2.842129
2.842129
2.842129
2.842129
2.842129
2.842129
2.842129
2.842128
2.842128
2.842128
2.842128
2.842128
2.842128
2.842128
2.842128
2.842127
2.842127
2.842127
2.842127
2.842127
2.842127
2.842127
2.842127
2.842127
2.842126
2.842126
2.842126
2.842126
2.842126
2.842126
2.842126
2.842126
2.842125
2.842125
2.842125
2.842125
2.842125
2.842125
2.842125
2.842125
2.842124
2.842124
2.842124
2.842124
2.842124
2.842124
2.842124
2.842124
2.842123
2.842123
2.842123
2.842123
2.842123
2.842123
2.842123
2.842123
2.842122
2.842122
2.842122
2.842122
2.842122
2.842122
2.842122
2.842122
2.842121
2.842121
2.842121
2.842121
2.842121
2.842121
2.842121
2.842121
2.842121
2.842120
2.842120
2.842120
2.842120
2.842120
2.842120
2.842120
2.842120
2.842119
2.842119
2.842119
2.842119
2.842119
2.842119
2.842119
2.842119
2.842118
2.842118
2.842118
2.842118
2.842118
2.842118
2.842118
2.842118
2.842117
2.842117
2.842117
2.842117
2.842117
2.842117
2.842117
2.842117
2.842116
2.842116
2.842116
2.842116
2.842116
2.842116
2.842116
2.842116
2.842115
2.842115
2.842115
2.842115
2.842115
2.842115
2.842115
2.842115
2.842114
2.842114
2.842114
2.842114
2.842114
2.842114
2.842114
2.842114
2.842113
2.842113
2.842113
2.842113
2.842113
2.842113
2.842113
2.842113
2.842112
2.842112
2.842112
2.842112
2.842112
2.842112
2.842112
2.842112
2.842111
2.842111
2.842111
2.842111
2.842111
2.842111
2.842111
2.842111
2.842110
2.842110
2.842110
2.842110
2.842110
2.842110
2.842110
2.842110
2.842109
2.842109
2.842109
2.842109
2.842109
2.842109
2.842109
2.842109
2.842108
2.842108
2.842108
2.842108
2.842108
2.842108
2.842108
2.842108
2.842107
2.842107
2.842107
2.842107
2.842107
2.842107
2.842107
2.842107
2.842106
2.842106
2.842106
2.842106
2.842106
2.842106
2.842106
2.842106
2.842105
2.842105
2.842105
2.842105
2.842105
2.842105
2.842105
2.842105
2.842104
2.842104
2.842104
2.842104
2.842104
2.842104
2.842104
2.842104
2.842103
2.842103
2.842103
2.842103
2.842103
2.842103
2.842103
2.842103
2.842102
2.842102
2.842102
2.842102
2.842102
2.842102
2.842102
2.842102
2.842101
2.842101
2.842101
2.842101
2.842101
2.842101
2.842101
2.842101
2.842100
2.842100
2.842100
2.842100
2.842100
2.842100
2.842100
2.842100
2.842099
2.842099
2.842099
2.842099
2.842099
2.842099
2.842099
2.842099
2.842099
2.842098
2.842098
2.842098
2.842098
2.842098
2.842098
2.842098
2.842098
2.842097
2.842097
2.842097
2.842097
2.842097
2.842097
2.842097
2.842097
2.842097
2.842096
2.842096
2.842096
2.842096
2.842096
2.842096
2.842096
2.842096
2.842095
2.842095
2.842095
2.842095
2.842095
2.842095
2.842095
2.842095
2.842094
2.842094
2.842094
2.842094
2.842094
2.842094
2.842094
2.842094
2.842093
2.842093
2.842093
2.842093
2.842093
2.842093
2.842093
2.842093
2.842092
2.842092
2.842092
2.842092
2.842092
2.842092
2.842092
2.842092
2.842091
2.842091
2.842091
2.842091
2.842091
2.842091
2.842091
2.842091
2.842091
2.842090
2.842090
2.842090
2.842090
2.842090
2.842090
2.842090
2.842090
2.842089
2.842089
2.842089
2.842089
2.842089
2.842089
2.842089
2.842089
2.842088
2.842088
2.842088
2.842088
2.842088
2.842088
2.842088
2.842088
2.842087
2.842087
2.842087
2.842087
2.842087
2.842087
2.842087
2.842087
2.842087
2.842086
2.842086
2.842086
2.842086
2.842086
2.842086
2.842086
2.842086
2.842085
2.842085
2.842085
2.842085
2.842085
2.842085
2.842085
2.842085
2.842085
2.842084
2.842084
2.842084
2.842084
2.842084
2.842084
2.842084
2.842084
2.842083
2.842083
2.842083
2.842083
2.842083
2.842083
2.842083
2.842083
2.842083
2.842082
2.842082
2.842082
2.842082
2.842082
2.842082
2.842082
2.842082
2.842081
2.842081
2.842081
2.842081
2.842081
2.842081
2.842081
2.842081
2.842081
2.842080
2.842080
2.842080
2.842080
2.842080
2.842080
2.842080
2.842080
2.842079
2.842079
2.842079
2.842079
2.842079
2.842079
2.842079
2.842079
2.842079
2.842078
2.842078
2.842078
2.842078
2.842078
2.842078
2.842078
2.842078
2.842078
2.842077
2.842077
2.842077
2.842077
2.842077
2.842077
2.842077
2.842077
2.842077
2.842076
2.842076
2.842076
2.842076
2.842076
2.842076
2.842076
2.842076
2.842076
2.842075
2.842075
2.842075
2.842075
2.842075
2.842075
2.842075
2.842075
2.842075
2.842074
2.842074
2.842074
2.842074
2.842074
2.842074
2.842074
2.842074
2.842074
2.842073
2.842073
2.842073
2.842073
2.842073
2.842073
2.842073
2.842073
2.842073
2.842072
2.842072
2.842072
2.842072
2.842072
2.842072
2.842072
2.842072
2.842072
2.842071
2.842071
2.842071
2.842071
2.842071
2.842071
2.842071
2.842071
2.842071
2.842070
2.842070
2.842070
2.842070
2.842070
2.842070
2.842070
2.842070
2.842070
2.842070
2.842069
2.842069
2.842069
2.842069
2.842069
2.842069
2.842069
2.842069
2.842069
2.842068
2.842068
2.842068
2.842068
2.842068
2.842068
2.842068
2.842068
2.842068
2.842068
2.842067
2.842067
2.842067
2.842067
2.842067
2.842067
2.842067
2.842067
2.842067
2.842066
2.842066
2.842066
2.842066
2.842066
2.842066
2.842066
2.842066
2.842066
2.842066
2.842065
2.842065
2.842065
2.842065
2.842065
2.842065
2.842065
2.842065
2.842065
2.842065
2.842064
2.842064
2.842064
2.842064
2.842064
2.842064
2.842064
2.842064
2.842064
2.842064
2.842063
2.842063
2.842063
2.842063
2.842063
2.842063
2.842063
2.842063
2.842063
2.842063
2.842062
2.842062
2.842062
2.842062
2.842062
2.842062
2.842062
2.842062
2.842062
2.842062
2.842061
2.842061
2.842061
2.842061
2.842061
2.842061
2.842061
2.842061
2.842061
2.842061
2.842060
2.842060
2.842060
2.842060
2.842060
2.842060
2.842060
2.842060
2.842060
2.842060
2.842060
2.842059
2.842059
2.842059
2.842059
2.842059
2.842059
2.842059
2.842059
2.842059
2.842059
2.842058
2.842058
2.842058
2.842058
2.842058
2.842058
2.842058
2.842058
2.842058
2.842058
2.842058
2.842057
2.842057
2.842057
2.842057
2.842057
2.842057
2.842057
2.842057
2.842057
2.842057
2.842056
2.842056
2.842056
2.842056
2.842056
2.842056
2.842056
2.842056
2.842056
2.842056
2.842056
2.842055
2.842055
2.842055
2.842055
2.842055
2.842055
2.842055
2.842055
2.842055
2.842055
2.842055
2.842054
2.842054
2.842054
2.842054
2.842054
2.842054
2.842054
2.842054
2.842054
2.842054
2.842054
2.842053
2.842053
2.842053
2.842053
2.842053
2.842053
2.842053
2.842053
2.842053
2.842053
2.842053
2.842053
2.842052
2.842052
2.842052
2.842052
2.842052
2.842052
2.842052
2.842052
2.842052
2.842052
2.842052
2.842051
2.842051
2.842051
2.842051
2.842051
2.842051
2.842051
2.842051
2.842051
2.842051
2.842051
2.842051
2.842050
2.842050
2.842050
2.842050
2.842050
2.842050
2.842050
2.842050
2.842050
2.842050
2.842050
2.842049
2.842049
2.842049
2.842049
2.842049
2.842049
2.842049
2.842049
2.842049
2.842049
2.842049
2.842049
2.842048
2.842048
2.842048
2.842048
2.842048
2.842048
2.842048
2.842048
2.842048
2.842048
2.842048
2.842048
2.842047
2.842047
2.842047
2.842047
2.842047
2.842047
2.842047
2.842047
2.842047
2.842047
2.842047
2.842047
2.842047
2.842046
2.842046
2.842046
2.842046
2.842046
2.842046
2.842046
2.842046
2.842046
2.842046
2.842046
2.842046
2.842046
2.842045
2.842045
2.842045
2.842045
2.842045
2.842045
2.842045
2.842045
2.842045
2.842045
2.842045
2.842045
2.842044
2.842044
2.842044
2.842044
2.842044
2.842044
2.842044
2.842044
2.842044
2.842044
2.842044
2.842044
2.842044
2.842043
2.842043
2.842043
2.842043
2.842043
2.842043
2.842043
2.842043
2.842043
2.842043
2.842043
2.842043
2.842043
2.842042
2.842042
2.842042
2.842042
2.842042
2.842042
2.842042
2.842042
2.842042
2.842042
2.842042
2.842042
2.842042
2.842041
2.842041
2.842041
2.842041
2.842041
2.842041
2.842041
2.842041
2.842041
2.842041
2.842041
2.842041
2.842041
2.842040
2.842040
2.842040
2.842040
2.842040
2.842040
2.842040
2.842040
2.842040
2.842040
2.842040
2.842040
2.842040
2.842039
2.842039
2.842039
2.842039
2.842039
2.842039
2.842039
2.842039
2.842039
2.842039
2.842039
2.842039
2.842039
2.842038
2.842038
2.842038
2.842038
2.842038
2.842038
2.842038
2.842038
2.842038
2.842038
2.842038
2.842038
2.842038
2.842038
2.842037
2.842037
2.842037
2.842037
2.842037
2.842037
2.842037
2.842037
2.842037
2.842037
2.842037
2.842037
2.842037
2.842037
2.842036
2.842036
2.842036
2.842036
2.842036
2.842036
2.842036
2.842036
2.842036
2.842036
2.842036
2.842036
2.842036
2.842036
2.842035
2.842035
2.842035
2.842035
2.842035
2.842035
2.842035
2.842035
2.842035
2.842035
2.842035
2.842035
2.842035
2.842035
2.842034
2.842034
2.842034
2.842034
2.842034
2.842034
2.842034
2.842034
2.842034
2.842034
2.842034
2.842034
2.842034
2.842034
2.842033
2.842033
2.842033
2.842033
2.842033
2.842033
2.842033
2.842033
2.842033
2.842033
2.842033
2.842033
2.842033
2.842033
2.842033
2.842032
2.842032
2.842032
2.842032
2.842032
2.842032
2.842032
2.842032
2.842032
2.842032
2.842032
2.842032
2.842032
2.842032
2.842031
2.842031
2.842031
2.842031
2.842031
2.842031
2.842031
2.842031
2.842031
2.842031
2.842031
2.842031
2.842031
2.842031
2.842031
2.842030
2.842030
2.842030
2.842030
2.842030
2.842030
2.842030
2.842030
2.842030
2.842030
2.842030
2.842030
2.842030
2.842030
2.842030
2.842029
2.842029
2.842029
2.842029
2.842029
2.842029
2.842029
2.842029
2.842029
2.842029
2.842029
2.842029
2.842029
2.842029
2.842029
2.842028
2.842028
2.842028
2.842028
2.842028
2.842028
2.842028
2.842028
2.842028
2.842028
2.842028
2.842028
2.842028
2.842028
2.842028
2.842028
2.842027
2.842027
2.842027
2.842027
2.842027
2.842027
2.842027
2.842027
2.842027
2.842027
2.842027
2.842027
2.842027
2.842027
2.842027
2.842026
2.842026
2.842026
2.842026
2.842026
2.842026
2.842026
2.842026
2.842026
2.842026
2.842026
2.842026
2.842026
2.842026
2.842026
2.842025
2.842025
2.842025
2.842025
2.842025
2.842025
2.842025
2.842025
2.842025
2.842025
2.842025
2.842025
2.842025
2.842025
2.842025
2.842024
2.842024
2.842024
2.842024
2.842024
2.842024
2.842024
2.842024
2.842024
2.842024
2.842024
2.842024
2.842024
2.842024
2.842024
2.842023
2.842023
2.842023
2.842023
2.842023
2.842023
2.842023
2.842023
2.842023
2.842023
2.842023
2.842023
2.842023
2.842023
2.842023
2.842022
2.842022
2.842022
2.842022
2.842022
2.842022
2.842022
2.842022
2.842022
2.842022
2.842022
2.842022
2.842022
2.842022
2.842022
2.842021
2.842021
2.842021
2.842021
2.842021
2.842021
2.842021
2.842021
2.842021
2.842021
2.842021
2.842021
2.842021
2.842021
2.842021
2.842020
2.842020
2.842020
2.842020
2.842020
2.842020
2.842020
2.842020
2.842020
2.842020
2.842020
2.842020
2.842020
2.842020
2.842020
2.842019
2.842019
2.842019
2.842019
2.842019
2.842019
2.842019
2.842019
2.842019
2.842019
2.842019
2.842019
2.842019
2.842019
2.842018
2.842018
2.842018
2.842018
2.842018
2.842018
2.842018
2.842018
2.842018
2.842018
2.842018
2.842018
2.842018
2.842018
2.842018
2.842017
2.842017
2.842017
2.842017
2.842017
2.842017
2.842017
2.842017
2.842017
2.842017
2.842017
2.842017
2.842017
2.842017
2.842017
2.842016
2.842016
2.842016
2.842016
2.842016
2.842016
2.842016
2.842016
2.842016
2.842016
2.842016
2.842016
2.842016
2.842016
2.842016
2.842015
2.842015
2.842015
2.842015
2.842015
2.842015
2.842015
2.842015
2.842015
2.842015
2.842015
2.842015
2.842015
2.842015
2.842015
2.842014
2.842014
2.842014
2.842014
2.842014
2.842014
2.842014
2.842014
2.842014
2.842014
2.842014
2.842014
2.842014
2.842014
2.842014
2.842013
2.842013
2.842013
2.842013
2.842013
2.842013
2.842013
2.842013
2.842013
2.842013
2.842013
2.842013
2.842013
2.842013
2.842013
2.842012
2.842012
2.842012
2.842012
2.842012
2.842012
2.842012
2.842012
2.842012
2.842012
2.842012
2.842012
2.842012
2.842012
2.842012
2.842012
2.842012
2.842011
2.842011
2.842011
2.842011
2.842011
2.842011
2.842011
2.842011
2.842011
2.842011
2.842011
2.842011
2.842011
2.842011
2.842011
2.842011
2.842010
2.842010
2.842010
2.842010
2.842010
2.842010
2.842010
2.842010
2.842010
2.842010
2.842010
2.842010
2.842010
2.842010
2.842010
2.842010
2.842009
2.842009
2.842009
2.842009
2.842009
2.842009
2.842009
2.842009
2.842009
2.842009
2.842009
2.842009
2.842009
2.842009
2.842009
2.842009
2.842008
2.842008
2.842008
2.842008
2.842008
2.842008
2.842008
2.842008
2.842008
2.842008
2.842008
2.842008
2.842008
2.842008
2.842008
2.842008
2.842007
2.842007
2.842007
2.842007
2.842007
2.842007
2.842007
2.842007
2.842007
2.842007
2.842007
2.842007
2.842007
2.842007
2.842007
2.842007
2.842007
2.842006
2.842006
2.842006
2.842006
2.842006
2.842006
2.842006
2.842006
2.842006
2.842006
2.842006
2.842006
2.842006
2.842006
2.842006
2.842006
2.842006
2.842006
2.842006
2.842005
2.842005
2.842005
2.842005
2.842005
2.842005
2.842005
2.842005
2.842005
2.842005
2.842005
2.842005
2.842005
2.842005
2.842005
2.842005
2.842005
2.842004
2.842004
2.842004
2.842004
2.842004
2.842004
2.842004
2.842004
2.842004
2.842004
2.842004
2.842004
2.842004
2.842004
2.842004
2.842004
2.842004
2.842004
2.842003
2.842003
2.842003
2.842003
2.842003
2.842003
2.842003
2.842003
2.842003
2.842003
2.842003
2.842003
2.842003
2.842003
2.842003
2.842003
2.842003
2.842002
2.842002
2.842002
2.842002
2.842002
2.842002
2.842002
2.842002
2.842002
2.842002
2.842002
2.842002
2.842002
2.842002
2.842002
2.842002
2.842002
2.842001
2.842001
2.842001
2.842001
2.842001
2.842001
2.842001
2.842001
2.842001
2.842001
2.842001
2.842001
2.842001
2.842001
2.842001
2.842001
2.842000
2.842000
2.842000
2.842000
2.842000
2.842000
2.842000
2.842000
2.842000
2.842000
2.842000
2.842000
2.842000
2.842000
2.842000
2.842000
2.842000
2.842000
2.841999
2.841999
2.841999
2.841999
2.841999
2.841999
2.841999
2.841999
2.841999
2.841999
2.841999
2.841999
2.841999
2.841999
2.841999
2.841999
2.841998
2.841998
2.841998
2.841998
2.841998
2.841998
2.841998
2.841998
2.841998
2.841998
2.841998
2.841998
2.841998
2.841998
2.841998
2.841998
2.841998
2.841998
2.841997
2.841997
2.841997
2.841997
2.841997
2.841997
2.841997
2.841997
2.841997
2.841997
2.841997
2.841997
2.841997
2.841997
2.841997
2.841997
2.841997
2.841997
2.841996
2.841996
2.841996
2.841996
2.841996
2.841996
2.841996
2.841996
2.841996
2.841996
2.841996
2.841996
2.841996
2.841996
2.841996
2.841996
2.841995
2.841995
2.841995
2.841995
2.841995
2.841995
2.841995
2.841995
2.841995
2.841995
2.841995
2.841995
2.841995
2.841995
2.841995
2.841995
2.841995
2.841995
2.841994
2.841994
2.841994
2.841994
2.841994
2.841994
2.841994
2.841994
2.841994
2.841994
2.841994
2.841994
2.841994
2.841994
2.841994
2.841994
2.841994
2.841994
2.841993
2.841993
2.841993
2.841993
2.841993
2.841993
2.841993
2.841993
2.841993
2.841993
2.841993
2.841993
2.841993
2.841993
2.841993
2.841993
2.841993
2.841993
2.841992
2.841992
2.841992
2.841992
2.841992
2.841992
2.841992
2.841992
2.841992
2.841992
2.841992
2.841992
2.841992
2.841992
2.841992
2.841992
2.841992
2.841991
2.841991
2.841991
2.841991
2.841991
2.841991
2.841991
2.841991
2.841991
2.841991
2.841991
2.841991
2.841991
2.841991
2.841991
2.841991
2.841991
2.841991
2.841991
2.841990
2.841990
2.841990
2.841990
2.841990
2.841990
2.841990
2.841990
2.841990
2.841990
2.841990
2.841990
2.841990
2.841990
2.841990
2.841990
2.841990
2.841990
2.841989
2.841989
2.841989
2.841989
2.841989
2.841989
2.841989
2.841989
2.841989
2.841989
2.841989
2.841989
2.841989
2.841989
2.841989
2.841989
2.841989
2.841989
2.841989
2.841988
2.841988
2.841988
2.841988
2.841988
2.841988
2.841988
2.841988
2.841988
2.841988
2.841988
2.841988
2.841988
2.841988
2.841988
2.841988
2.841988
2.841988
2.841988
2.841987
2.841987
2.841987
2.841987
2.841987
2.841987
2.841987
2.841987
2.841987
2.841987
2.841987
2.841987
2.841987
2.841987
2.841987
2.841987
2.841987
2.841987
2.841987
2.841987
2.841986
2.841986
2.841986
2.841986
2.841986
2.841986
2.841986
2.841986
2.841986
2.841986
2.841986
2.841986
2.841986
2.841986
2.841986
2.841986
2.841986
2.841986
2.841986
2.841986
2.841985
2.841985
2.841985
2.841985
2.841985
2.841985
2.841985
2.841985
2.841985
2.841985
2.841985
2.841985
2.841985
2.841985
2.841985
2.841985
2.841985
2.841985
2.841985
2.841985
2.841985
2.841984
2.841984
2.841984
2.841984
2.841984
2.841984
2.841984
2.841984
2.841984
2.841984
2.841984
2.841984
2.841984
2.841984
2.841984
2.841984
2.841984
2.841984
2.841984
2.841984
2.841983
2.841983
2.841983
2.841983
2.841983
2.841983
2.841983
2.841983
2.841983
2.841983
2.841983
2.841983
2.841983
2.841983
2.841983
2.841983
2.841983
2.841983
2.841983
2.841983
2.841982
2.841982
2.841982
2.841982
2.841982
2.841982
2.841982
2.841982
2.841982
2.841982
2.841982
2.841982
2.841982
2.841982
2.841982
2.841982
2.841982
2.841982
2.841982
2.841982
2.841982
2.841982
2.841981
2.841981
2.841981
2.841981
2.841981
2.841981
2.841981
2.841981
2.841981
2.841981
2.841981
2.841981
2.841981
2.841981
2.841981
2.841981
2.841981
2.841981
2.841981
2.841981
2.841980
2.841980
2.841980
2.841980
2.841980
2.841980
2.841980
2.841980
2.841980
2.841980
2.841980
2.841980
2.841980
2.841980
2.841980
2.841980
2.841980
2.841980
2.841980
2.841980
2.841980
2.841980
2.841979
2.841979
2.841979
2.841979
2.841979
2.841979
2.841979
2.841979
2.841979
2.841979
2.841979
2.841979
2.841979
2.841979
2.841979
2.841979
2.841979
2.841979
2.841979
2.841979
2.841979
2.841978
2.841978
2.841978
2.841978
2.841978
2.841978
2.841978
2.841978
2.841978
2.841978
2.841978
2.841978
2.841978
2.841978
2.841978
2.841978
2.841978
2.841978
2.841978
2.841978
2.841978
2.841978
2.841977
2.841977
2.841977
2.841977
2.841977
2.841977
2.841977
2.841977
2.841977
2.841977
2.841977
2.841977
2.841977
2.841977
2.841977
2.841977
2.841977
2.841977
2.841977
2.841977
2.841977
2.841977
2.841977
2.841976
2.841976
2.841976
2.841976
2.841976
2.841976
2.841976
2.841976
2.841976
2.841976
2.841976
2.841976
2.841976
2.841976
2.841976
2.841976
2.841976
2.841976
2.841976
2.841976
2.841976
2.841976
2.841975
2.841975
2.841975
2.841975
2.841975
2.841975
2.841975
2.841975
2.841975
2.841975
2.841975
2.841975
2.841975
2.841975
2.841975
2.841975
2.841975
2.841975
2.841975
2.841975
2.841975
2.841975
2.841975
2.841974
2.841974
2.841974
2.841974
2.841974
2.841974
2.841974
2.841974
2.841974
2.841974
2.841974
2.841974
2.841974
2.841974
2.841974
2.841974
2.841974
2.841974
2.841974
2.841974
2.841974
2.841974
2.841974
2.841973
2.841973
2.841973
2.841973
2.841973
2.841973
2.841973
2.841973
2.841973
2.841973
2.841973
2.841973
2.841973
2.841973
2.841973
2.841973
2.841973
2.841973
2.841973
2.841973
2.841973
2.841973
2.841973
2.841972
2.841972
2.841972
2.841972
2.841972
2.841972
2.841972
2.841972
2.841972
2.841972
2.841972
2.841972
2.841972
2.841972
2.841972
2.841972
2.841972
2.841972
2.841972
2.841972
2.841972
2.841972
2.841972
2.841972
2.841972
2.841972
2.841971
2.841971
2.841971
2.841971
2.841971
2.841971
2.841971
2.841971
2.841971
2.841971
2.841971
2.841971
2.841971
2.841971
2.841971
2.841971
2.841971
2.841971
2.841971
2.841971
2.841971
2.841971
2.841971
2.841971
2.841970
2.841970
2.841970
2.841970
2.841970
2.841970
2.841970
2.841970
2.841970
2.841970
2.841970
2.841970
2.841970
2.841970
2.841970
2.841970
2.841970
2.841970
2.841970
2.841970
2.841970
2.841970
2.841970
2.841970
2.841970
2.841969
2.841969
2.841969
2.841969
2.841969
2.841969
2.841969
2.841969
2.841969
2.841969
2.841969
2.841969
2.841969
2.841969
2.841969
2.841969
2.841969
2.841969
2.841969
2.841969
2.841969
2.841969
2.841969
2.841969
2.841969
2.841969
2.841969
2.841968
2.841968
2.841968
2.841968
2.841968
2.841968
2.841968
2.841968
2.841968
2.841968
2.841968
2.841968
2.841968
2.841968
2.841968
2.841968
2.841968
2.841968
2.841968
2.841968
2.841968
2.841968
2.841968
2.841968
2.841968
2.841968
2.841967
2.841967
2.841967
2.841967
2.841967
2.841967
2.841967
2.841967
2.841967
2.841967
2.841967
2.841967
2.841967
2.841967
2.841967
2.841967
2.841967
2.841967
2.841967
2.841967
2.841967
2.841967
2.841967
2.841967
2.841967
2.841967
2.841967
2.841967
2.841966
2.841966
2.841966
2.841966
2.841966
2.841966
2.841966
2.841966
2.841966
2.841966
2.841966
2.841966
2.841966
2.841966
2.841966
2.841966
2.841966
2.841966
2.841966
2.841966
2.841966
2.841966
2.841966
2.841966
2.841966
2.841966
2.841965
2.841965
2.841965
2.841965
2.841965
2.841965
2.841965
2.841965
2.841965
2.841965
2.841965
2.841965
2.841965
2.841965
2.841965
2.841965
2.841965
2.841965
2.841965
2.841965
2.841965
2.841965
2.841965
2.841965
2.841965
2.841965
2.841965
2.841965
2.841964
2.841964
2.841964
2.841964
2.841964
2.841964
2.841964
2.841964
2.841964
2.841964
2.841964
2.841964
2.841964
2.841964
2.841964
2.841964
2.841964
2.841964
2.841964
2.841964
2.841964
2.841964
2.841964
2.841964
2.841964
2.841964
2.841964
2.841964
2.841963
2.841963
2.841963
2.841963
2.841963
2.841963
2.841963
2.841963
2.841963
2.841963
2.841963
2.841963
2.841963
2.841963
2.841963
2.841963
2.841963
2.841963
2.841963
2.841963
2.841963
2.841963
2.841963
2.841963
2.841963
2.841963
2.841963
2.841963
2.841963
2.841963
2.841963
2.841962
2.841962
2.841962
2.841962
2.841962
2.841962
2.841962
2.841962
2.841962
2.841962
2.841962
2.841962
2.841962
2.841962
2.841962
2.841962
2.841962
2.841962
2.841962
2.841962
2.841962
2.841962
2.841962
2.841962
2.841962
2.841962
2.841962
2.841962
2.841962
2.841962
2.841962
2.841961
2.841961
2.841961
2.841961
2.841961
2.841961
2.841961
2.841961
2.841961
2.841961
2.841961
2.841961
2.841961
2.841961
2.841961
2.841961
2.841961
2.841961
2.841961
2.841961
2.841961
2.841961
2.841961
2.841961
2.841961
2.841961
2.841961
2.841961
2.841961
2.841961
2.841961
2.841961
2.841961
2.841960
2.841960
2.841960
2.841960
2.841960
2.841960
2.841960
2.841960
2.841960
2.841960
2.841960
2.841960
2.841960
2.841960
2.841960
2.841960
2.841960
2.841960
2.841960
2.841960
2.841960
2.841960
2.841960
2.841960
2.841960
2.841960
2.841960
2.841960
2.841960
2.841960
2.841960
2.841960
2.841960
2.841959
2.841959
2.841959
2.841959
2.841959
2.841959
2.841959
2.841959
2.841959
2.841959
2.841959
2.841959
2.841959
2.841959
2.841959
2.841959
2.841959
2.841959
2.841959
2.841959
2.841959
2.841959
2.841959
2.841959
2.841959
2.841959
2.841959
2.841959
2.841959
2.841959
2.841959
2.841959
2.841959
2.841959
2.841959
2.841959
2.841958
2.841958
2.841958
2.841958
2.841958
2.841958
2.841958
2.841958
2.841958
2.841958
2.841958
2.841958
2.841958
2.841958
2.841958
2.841958
2.841958
2.841958
2.841958
2.841958
2.841958
2.841958
2.841958
2.841958
2.841958
2.841958
2.841958
2.841958
2.841958
2.841958
2.841958
2.841958
2.841958
2.841958
2.841958
2.841958
2.841958
2.841957
2.841957
2.841957
2.841957
2.841957
2.841957
2.841957
2.841957
2.841957
2.841957
2.841957
2.841957
2.841957
2.841957
2.841957
2.841957
2.841957
2.841957
2.841957
2.841957
2.841957
2.841957
2.841957
2.841957
2.841957
2.841957
2.841957
2.841957
2.841957
2.841957
2.841957
2.841957
2.841957
2.841957
2.841957
2.841957
2.841957
2.841957
2.841956
2.841956
2.841956
2.841956
2.841956
2.841956
2.841956
2.841956
2.841956
2.841956
2.841956
2.841956
2.841956
2.841956
2.841956
2.841956
2.841956
2.841956
2.841956
2.841956
2.841956
2.841956
2.841956
2.841956
2.841956
2.841956
2.841956
2.841956
2.841956
2.841956
2.841956
2.841956
2.841956
2.841956
2.841956
2.841956
2.841956
2.841956
2.841956
2.841956
2.841956
2.841956
2.841955
2.841955
2.841955
2.841955
2.841955
2.841955
2.841955
2.841955
2.841955
2.841955
2.841955
2.841955
2.841955
2.841955
2.841955
2.841955
2.841955
2.841955
2.841955
2.841955
2.841955
2.841955
2.841955
2.841955
2.841955
2.841955
2.841955
2.841955
2.841955
2.841955
2.841955
2.841955
2.841955
2.841955
2.841955
2.841955
2.841955
2.841955
2.841955
2.841955
2.841955
2.841955
2.841955
2.841955
2.841954
2.841954
2.841954
2.841954
2.841954
2.841954
2.841954
2.841954
2.841954
2.841954
2.841954
2.841954
2.841954
2.841954
2.841954
2.841954
2.841954
2.841954
2.841954
2.841954
2.841954
2.841954
2.841954
2.841954
2.841954
2.841954
2.841954
2.841954
2.841954
2.841954
2.841954
2.841954
2.841954
2.841954
2.841954
2.841954
2.841954
2.841954
2.841954
2.841954
2.841954
2.841954
2.841954
2.841954
2.841954
2.841954
2.841954
2.841953
2.841953
2.841953
2.841953
2.841953
2.841953
2.841953
2.841953
2.841953
2.841953
2.841953
2.841953
2.841953
2.841953
2.841953
2.841953
2.841953
2.841953
2.841953
2.841953
2.841953
2.841953
2.841953
2.841953
2.841953
2.841953
2.841953
2.841953
2.841953
2.841953
2.841953
2.841953
2.841953
2.841953
2.841953
2.841953
2.841953
2.841953
2.841953
2.841953
2.841953
2.841953
2.841953
2.841953
2.841953
2.841953
2.841953
2.841953
2.841953
2.841952
2.841952
2.841952
2.841952
2.841952
2.841952
2.841952
2.841952
2.841952
2.841952
2.841952
2.841952
2.841952
2.841952
2.841952
2.841952
2.841952
2.841952
2.841952
2.841952
2.841952
2.841952
2.841952
2.841952
2.841952
2.841952
2.841952
2.841952
2.841952
2.841952
2.841952
2.841952
2.841952
2.841952
2.841952
2.841952
2.841952
2.841952
2.841952
2.841952
2.841952
2.841952
2.841952
2.841952
2.841952
2.841952
2.841952
2.841952
2.841952
2.841952
2.841952
2.841952
2.841952
2.841952
2.841952
2.841951
2.841951
2.841951
2.841951
2.841951
2.841951
2.841951
2.841951
2.841951
2.841951
2.841951
2.841951
2.841951
2.841951
2.841951
2.841951
2.841951
2.841951
2.841951
2.841951
2.841951
2.841951
2.841951
2.841951
2.841951
2.841951
2.841951
2.841951
2.841951
2.841951
2.841951
2.841951
2.841951
2.841951
2.841951
2.841951
2.841951
2.841951
2.841951
2.841951
2.841951
2.841951
2.841951
2.841951
2.841951
2.841951
2.841951
2.841951
2.841951
2.841951
2.841951
2.841951
2.841951
2.841951
2.841950
2.841950
2.841950
2.841950
2.841950
2.841950
2.841950
2.841950
2.841950
2.841950
2.841950
2.841950
2.841950
2.841950
2.841950
2.841950
2.841950
2.841950
2.841950
2.841950
2.841950
2.841950
2.841950
2.841950
2.841950
2.841950
2.841950
2.841950
2.841950
2.841950
2.841950
2.841950
2.841950
2.841950
2.841950
2.841950
2.841950
2.841950
2.841950
2.841950
2.841950
2.841950
2.841950
2.841950
2.841950
2.841950
2.841950
2.841950
2.841950
2.841950
2.841950
2.841950
2.841950
2.841950
2.841950
2.841950
2.841950
2.841950
2.841950
2.841949
2.841949
2.841949
2.841949
2.841949
2.841949
2.841949
2.841949
2.841949
2.841949
2.841949
2.841949
2.841949
2.841949
2.841949
2.841949
2.841949
2.841949
2.841949
2.841949
2.841949
2.841949
2.841949
2.841949
2.841949
2.841949
2.841949
2.841949
2.841949
2.841949
2.841949
2.841949
2.841949
2.841949
2.841949
2.841949
2.841949
2.841949
2.841949
2.841949
2.841949
2.841949
2.841949
2.841949
2.841949
2.841949
2.841949
2.841949
2.841949
2.841949
2.841949
2.841949
2.841949
2.841949
2.841949
2.841949
2.841949
2.841949
2.841949
2.841949
2.841949
2.841949
2.841949
2.841949
2.841948
2.841948
2.841948
2.841948
2.841948
2.841948
2.841948
2.841948
2.841948
2.841948
2.841948
2.841948
2.841948
2.841948
2.841948
2.841948
2.841948
2.841948
2.841948
2.841948
2.841948
2.841948
2.841948
2.841948
2.841948
2.841948
2.841948
2.841948
2.841948
2.841948
2.841948
2.841948
2.841948
2.841948
2.841948
2.841948
2.841948
2.841948
2.841948
2.841948
2.841948
2.841948
2.841948
2.841948
2.841948
2.841948
2.841948
2.841948
2.841948
2.841948
2.841948
2.841948
2.841948
2.841948
2.841948
2.841948
2.841948
2.841948
2.841948
2.841948
2.841948
2.841948
2.841948
2.841948
2.841948
2.841948
2.841948
2.841948
2.841948
2.841948
2.841948
2.841948
2.841948
2.841948
2.841947
2.841947
2.841947
2.841947
2.841947
2.841947
2.841947
2.841947
2.841947
2.841947
2.841947
2.841947
2.841947
2.841947
2.841947
2.841947
2.841947
2.841947
2.841947
2.841947
2.841947
2.841947
2.841947
2.841947
2.841947
2.841947
2.841947
2.841947
2.841947
2.841947
2.841947
2.841947
2.841947
2.841947
2.841947
2.841947
2.841947
2.841947
2.841947
2.841947
2.841947
2.841947
2.841947
2.841947
2.841947
2.841947
2.841947
2.841947
2.841947
2.841947
2.841947
2.841947
2.841947
2.841947
2.841947
2.841947
2.841947
2.841947
2.841947
2.841947
2.841947
2.841947
2.841947
2.841947
2.841947
2.841947
2.841947
2.841947
2.841947
2.841947
2.841947
2.841947
2.841947
2.841947
2.841947
2.841947
2.841947
2.841947
2.841947
2.841947
2.841947
2.841947
2.841947
2.841947
2.841947
2.841946
2.841946
2.841946
2.841946
2.841946
2.841946
2.841946
2.841946
2.841946
2.841946
2.841946
2.841946
2.841946
2.841946
2.841946
2.841946
2.841946
2.841946
2.841946
2.841946
2.841946
2.841946
2.841946
2.841946
2.841946
2.841946
2.841946
2.841946
2.841946
2.841946
2.841946
2.841946
2.841946
2.841946
2.841946
2.841946
2.841946
2.841946
2.841946
2.841946
2.841946
2.841946
2.841946
2.841946
2.841946
2.841946
2.841946
2.841946
2.841946
2.841946
2.841946
2.841946
2.841946
2.841946
2.841946
2.841946
2.841946
2.841946
2.841946
2.841946
2.841946
2.841946
2.841946
2.841946
2.841946
2.841946
2.841946
2.841946
2.841946
2.841946
2.841946
2.841946
2.841946
2.841946
2.841946
2.841946
2.841946
2.841946
2.841946
2.841946
2.841946
2.841946
2.841946
2.841946
2.841946
2.841946
2.841946
2.841946
2.841946
2.841946
2.841946
2.841946
2.841946
2.841946
2.841945
2.841946
2.841945
2.841945
2.841945
2.841945
2.841945
2.841945
2.841945
2.841945
2.841945
2.841945
2.841945
2.841945
2.841945
2.841945
2.841945
2.841945
2.841945
2.841945
2.841945
2.841945
2.841945
2.841945
2.841945
2.841945
2.841945
2.841945
2.841945
2.841945
2.841945
2.841945
2.841945
2.841945
2.841945
2.841945
2.841945
2.841945
2.841945
2.841945
2.841945
2.841945
2.841945
2.841945
2.841945
2.841945
2.841945
2.841945
2.841945
2.841945
2.841945
2.841945
2.841945
2.841945
2.841945
2.841945
2.841945
2.841945
2.841945
2.841945
2.841945
2.841945
2.841945
2.841945
2.841945
2.841945
2.841945
2.841945
2.841945
2.841945
2.841945
2.841945
2.841945
2.841945
2.841945
2.841945
2.841945
2.841945
2.841945
2.841945
2.841945
2.841945
2.841945
2.841945
2.841945
2.841945
2.841945
2.841945
2.841945
2.841945
2.841945
2.841945
2.841945
2.841945
2.841945
2.841945
2.841945
2.841945
2.841945
2.841945
2.841945
2.841945
2.841945
2.841945
2.841944
2.841944
2.841944
2.841944
2.841944
2.841944
2.841944
2.841944
2.841944
2.841944
2.841944
2.841944
2.841944
2.841944
2.841944
2.841944
2.841944
2.841944
2.841944
2.841944
2.841944
2.841944
2.841944
2.841944
2.841944
2.841944
2.841944
2.841944
2.841944
2.841944
2.841944
2.841944
2.841944
2.841944
2.841944
2.841944
2.841944
2.841944
2.841944
2.841944
2.841944
2.841944
2.841944
2.841944
2.841944
2.841944
2.841944
2.841944
2.841944
2.841944
2.841944
2.841944
2.841944
2.841944
2.841944
2.841944
2.841944
2.841944
2.841944
2.841944
2.841944
2.841944
2.841944
2.841944
2.841944
2.841944
2.841944
2.841944
2.841944
2.841944
2.841944
2.841944
2.841944
2.841944
2.841944
2.841944
2.841944
2.841944
2.841944
2.841944
2.841944
2.841944
2.841944
2.841944
2.841944
2.841944
2.841944
2.841944
2.841944
2.841944
2.841944
2.841944
2.841944
2.841944
2.841944
2.841944
2.841944
2.841944
2.841944
2.841944
2.841944
2.841944
2.841944
2.841944
2.841944
2.841944
2.841944
2.841943
2.841943
2.841943
2.841943
2.841943
2.841943
2.841943
2.841943
2.841943
2.841943
2.841943
2.841943
2.841943
2.841943
2.841943
2.841943
2.841943
2.841943
2.841943
2.841943
2.841943
2.841943
2.841943
2.841943
2.841943
2.841943
2.841943
2.841943
2.841943
2.841943
2.841943
2.841943
2.841943
2.841943
2.841943
2.841943
2.841943
2.841943
2.841943
2.841943
2.841943
2.841943
2.841943
2.841943
2.841943
2.841943
2.841943
2.841943
2.841943
2.841943
2.841943
2.841943
2.841943
2.841943
2.841943
2.841943
2.841943
2.841943
2.841943
2.841943
2.841943
2.841943
2.841943
2.841943
2.841943
2.841943
2.841943
2.841943
2.841943
2.841943
2.841943
2.841943
2.841943
2.841943
2.841943
2.841943
2.841943
2.841943
2.841943
2.841943
2.841943
2.841943
2.841943
2.841943
2.841943
2.841943
2.841943
2.841943
2.841943
2.841943
2.841943
2.841943
2.841943
2.841943
2.841943
2.841943
2.841943
2.841943
2.841943
2.841943
2.841943
2.841943
2.841943
2.841943
2.841943
2.841943
2.841943
2.841943
2.841943
2.841943
2.841943
2.841943
2.841943
2.841943
2.841943
2.841943
2.841943
2.841943
2.841943
2.841943
2.841943
2.841943
2.841943
2.841943
2.841943
2.841943
2.841943
2.841943
2.841942
2.841942
2.841942
2.841942
2.841942
2.841942
2.841942
2.841942
2.841942
2.841942
2.841942
2.841942
2.841942
2.841942
2.841942
2.841942
2.841942
2.841942
2.841942
2.841942
2.841942
2.841942
2.841942
2.841942
2.841942
2.841942
2.841942
2.841942
2.841942
2.841942
2.841942
2.841942
2.841942
2.841942
2.841942
2.841942
2.841942
2.841942
2.841942
2.841942
2.841942
2.841942
2.841942
2.841942
2.841942
2.841942
2.841942
2.841942
2.841942
2.841942
2.841942
2.841942
2.841942
2.841942
2.841942
2.841942
2.841942
2.841942
2.841942
2.841942
2.841942
2.841942
2.841942
2.841942
2.841942
2.841942
2.841942
2.841942
2.841942
2.841942
2.841942
2.841942
2.841942
2.841942
2.841942
2.841942
2.841942
2.841942
2.841942
2.841942
2.841942
2.841942
2.841942
2.841942
2.841942
2.841942
2.841942
2.841942
2.841942
2.841942
2.841942
2.841942
2.841942
2.841942
2.841942
2.841942
2.841942
2.841942
2.841942
2.841942
2.841942
2.841942
2.841942
2.841942
2.841942
2.841942
2.841942
2.841942
2.841942
2.841942
2.841942
2.841942
2.841942
2.841942
2.841942
2.841942
2.841942
2.841942
2.841942
2.841942
2.841942
2.841942
2.841942
2.841942
2.841942
2.841942
2.841942
2.841942
2.841942
2.841942
2.841942
2.841942
2.841942
2.841942
2.841942
2.841942
2.841942
2.841942
2.841942
2.841942
2.841942
2.841942
2.841942
2.841942
2.841942
2.841942
2.841942
2.841942
2.841942
2.841942
2.841942
2.841942
2.841942
2.841942
2.841942
2.841942
2.841942
2.841941
2.841941
2.841941
2.841941
2.841941
2.841941
2.841941
2.841941
2.841941
2.841941
2.841941
2.841941
2.841941
2.841941
2.841941
2.841941
2.841941
2.841941
2.841941
2.841941
2.841941
2.841941
2.841941
2.841941
2.841941
2.841941
2.841941
2.841941
2.841941
2.841941
2.841941
2.841941
2.841941
2.841941
2.841941
2.841941
2.841941
2.841941
2.841941
2.841941
2.841941
2.841941
2.841941
2.841941
2.841941
2.841941
2.841941
2.841941
2.841941
2.841941
2.841941
2.841941
2.841941
2.841941
2.841941
2.841941
2.841941
2.841941
2.841941
2.841941
2.841941
2.841941
2.841941
2.841941
2.841941
2.841941
2.841941
2.841941
2.841941
2.841941
2.841941
2.841941
2.841941
2.841941
2.841941
2.841941
2.841941
2.841941
2.841941
2.841941
2.841941
2.841941
2.841941
2.841941
2.841941
2.841941
2.841941
2.841941
2.841941
2.841941
2.841941
2.841941
2.841941
2.841941
2.841941
2.841941
2.841941
2.841941
2.841941
2.841941
2.841941
2.841941
2.841941
2.841941
2.841941
2.841941
2.841941
2.841941
2.841941
2.841941
2.841941
2.841941
2.841941
2.841941
2.841941
2.841941
2.841941
2.841941
2.841941
2.841941
2.841941
2.841941
2.841941
2.841941
2.841941
2.841941
2.841941
2.841941
2.841941
2.841941
2.841941
2.841941
2.841941
2.841941
2.841941
2.841941
2.841941
2.841941
2.841941
2.841941
2.841941
2.841941
2.841941
2.841941
2.841941
2.841941
2.841941
2.841941
2.841941
2.841941
2.841941
2.841941
2.841941
2.841941
2.841941
2.841941
2.841941
2.841941
2.841941
2.841941
2.841941
2.841941
2.841941
2.841941
2.841941
2.841941
2.841941
2.841941
2.841941
2.841941
2.841941
2.841941
2.841941
2.841941
2.841941
2.841941
2.841941
2.841941
2.841941
2.841941
2.841941
2.841941
2.841941
2.841941
2.841941
2.841941
2.841941
2.841941
2.841941
2.841941
2.841941
2.841941
2.841941
2.841941
2.841941
2.841941
2.841941
2.841941
2.841941
2.841941
2.841941
2.841941
2.841941
2.841941
2.841941
2.841940
2.841940
2.841940
2.841940
2.841940
2.841940
2.841940
2.841940
2.841940
2.841940
2.841940
2.841940
2.841940
2.841940
2.841940
2.841940
2.841940
2.841940
2.841940
2.841940
2.841940
2.841940
2.841940
2.841940
2.841940
2.841940
2.841940
2.841940
2.841940
2.841940
2.841940
2.841940
2.841940
2.841940
2.841940
2.841940
2.841940
2.841940
2.841940
2.841940
2.841940
2.841940
2.841940
2.841940
2.841940
2.841940
2.841940
2.841940
2.841940
2.841940
2.841940
2.841940
2.841940
2.841940
2.841940
2.841940
2.841940
2.841940
2.841940
2.841940
2.841940
2.841940
2.841940
2.841940
2.841940
2.841940
2.841940
2.841940
2.841940
2.841940
2.841940
2.841940
2.841940
2.841940
2.841940
2.841940
2.841940
2.841940
2.841940
2.841940
2.841940
2.841940
2.841940
2.841940
2.841940
2.841940
2.841940
2.841940
2.841940
2.841940
2.841940
2.841940
2.841940
2.841940
2.841940
2.841940
2.841940
2.841940
2.841940
2.841940
2.841940
2.841940
2.841940
2.841940
2.841940
2.841940
2.841940
2.841940
2.841940
2.841940
2.841940
2.841940
2.841940
2.841940
2.841940
2.841940
2.841940
2.841940
2.841940
2.841940
2.841940
2.841940
2.841940
2.841940
2.841940
2.841940
2.841940
2.841940
2.841940
2.841940
2.841940
2.841940
2.841940
2.841940
2.841940
2.841940
2.841940
2.841940
2.841940
2.841940
2.841940
2.841940
2.841940
2.841940
2.841940
2.841940
2.841940
2.841940
2.841940
2.841940
2.841940
2.841940
2.841940
2.841940
2.841940
2.841940
2.841940
2.841940
2.841940
2.841940
2.841940
2.841940
2.841940
2.841940
2.841940
2.841940
2.841940
2.841940
2.841940
2.841940
2.841940
2.841940
2.841940
2.841940
2.841940
2.841940
2.841940
2.841940
2.841940
2.841940
2.841940
2.841940
2.841940
2.841940
2.841940
2.841940
2.841940
2.841940
2.841940
2.841940
2.841940
2.841940
2.841940
2.841940
2.841940
2.841940
2.841940
2.841940
2.841940
2.841940
2.841940
2.841940
2.841940
2.841940
2.841940
2.841940
2.841940
2.841940
2.841940
2.841940
2.841940
2.841940
2.841940
2.841940
2.841940
2.841940
2.841940
2.841940
2.841940
2.841940
2.841940
2.841940
2.841940
2.841940
2.841940
2.841940
2.841940
2.841940
2.841940
2.841940
2.841940
2.841940
2.841940
2.841940
2.841940
2.841940
2.841940
2.841940
2.841940
2.841940
2.841940
2.841940
2.841940
2.841940
2.841940
2.841940
2.841940
2.841940
2.841940
2.841940
2.841940
2.841940
2.841940
2.841940
2.841940
2.841940
2.841940
2.841940
2.841940
2.841940
2.841940
2.841940
2.841940
2.841940
2.841940
2.841940
2.841940
2.841940
2.841940
2.841940
2.841940
2.841940
2.841940
2.841940
2.841940
2.841940
2.841940
2.841940
2.841940
2.841940
2.841940
2.841940
2.841940
2.841939
2.841940
2.841939
2.841940
2.841939
2.841939
2.841939
2.841939
2.841939
2.841939
2.841939
2.841939
2.841939
2.841939
2.841939
2.841939
2.841939
2.841939
2.841939
2.841939
2.841939
2.841939
2.841939
2.841939
2.841939
2.841939
2.841939
2.841939
2.841939
2.841939
2.841939
2.841939
2.841939
2.841939
2.841939
2.841939
2.841939
2.841939
2.841939
2.841939
2.841939
2.841939
2.841939
2.841939
2.841939
2.841939
2.841939
2.841939
2.841939
2.841939
2.841939
2.841939
2.841939
2.841939
2.841939
2.841939
2.841939
2.841939
2.841939
2.841939
2.841939
2.841939
2.841939
2.841939
2.841939
2.841939
2.841939
2.841939
2.841939
2.841939
2.841939
2.841939
2.841939
2.841939
2.841939
2.841939
2.841939
2.841939
2.841939
2.841939
2.841939
2.841939
2.841939
2.841939
2.841939
2.841939
2.841939
2.841939
2.841939
2.841939
2.841939
2.841939
2.841939
2.841939
2.841939
2.841939
2.841939
2.841939
2.841939
2.841939
2.841939
2.841939
2.841939
2.841939
2.841939
2.841939
2.841939
2.841939
2.841939
2.841939
2.841939
2.841939
2.841939
2.841939
2.841939
2.841939
2.841939
2.841939
2.841939
2.841939
2.841939
2.841939
2.841939
2.841939
2.841939
2.841939
2.841939
2.841939
2.841939
2.841939
2.841939
2.841939
2.841939
2.841939
2.841939
2.841939
2.841939
2.841939
2.841939
2.841939
2.841939
2.841939
2.841939
2.841939
2.841939
2.841939
2.841939
2.841939
2.841939
2.841939
2.841939
2.841939
2.841939
2.841939
2.841939
2.841939
2.841939
2.841939
2.841939
2.841939
2.841939
2.841939
2.841939
2.841939
2.841939
2.841939
2.841939
2.841939
2.841939
2.841939
2.841939
2.841939
2.841939
2.841939
2.841939
2.841939
2.841939
2.841939
2.841939
2.841939
2.841939
2.841939
2.841939
2.841939
2.841939
2.841939
2.841939
2.841939
2.841939
2.841939
2.841939
2.841939
2.841939
2.841939
2.841939
2.841939
2.841939
2.841939
2.841939
2.841939
2.841939
2.841939
2.841939
2.841939
2.841939
2.841939
2.841939
2.841939
2.841939
2.841939
2.841939
2.841939
2.841939
2.841939
2.841939
2.841939
2.841939
2.841939
2.841939
2.841939
2.841939
2.841939
2.841939
2.841939
2.841939
2.841939
2.841939
2.841939
2.841939
2.841939
2.841939
2.841939
2.841939
2.841939
2.841939
2.841939
2.841939
2.841939
2.841939
2.841939
2.841939
2.841939
2.841939
2.841939
2.841939
2.841939
2.841939
2.841939
2.841939
2.841939
2.841939
2.841939
2.841939
2.841939
2.841939
2.841939
2.841939
2.841939
2.841939
2.841939
2.841939
2.841939
2.841939
2.841939
2.841939
2.841939
2.841939
2.841939
2.841939
2.841939
2.841939
2.841939
2.841939
2.841939
2.841939
2.841939
2.841939
2.841939
2.841939
2.841939
2.841939
2.841939
2.841939
2.841939
2.841939
2.841939
2.841939
2.841939
2.841939
2.841939
2.841939
2.841939
2.841939
2.841939
2.841939
2.841939
2.841939
2.841939
2.841939
2.841939
2.841939
2.841939
2.841939
2.841939
2.841939
2.841939
2.841939
2.841939
2.841939
2.841939
2.841939
2.841939
2.841939
2.841939
2.841939
2.841939
2.841939
2.841939
2.841939
2.841939
2.841939
2.841939
2.841939
2.841939
2.841939
2.841939
2.841939
2.841939
2.841939
2.841939
2.841939
2.841939
2.841939
2.841939
2.841939
2.841939
2.841939
2.841939
2.841939
2.841939
2.841939
2.841939
2.841939
2.841939
2.841939
2.841939
2.841939
2.841939
2.841939
2.841939
2.841939
2.841939
2.841939
2.841939
2.841939
2.841939
2.841939
2.841939
2.841939
2.841939
2.841939
2.841939
2.841939
2.841939
2.841939
2.841939
2.841939
2.841939
2.841939
2.841939
2.841939
2.841939
2.841939
2.841939
2.841939
2.841939
2.841939
2.841939
2.841939
2.841939
2.841939
2.841939
2.841939
2.841939
2.841939
2.841939
2.841939
2.841939
2.841939
2.841939
2.841939
2.841939
2.841939
2.841939
2.841939
2.841939
2.841939
2.841939
2.841939
2.841939
2.841939
2.841939
2.841939
2.841939
2.841939
2.841939
2.841939
2.841939
2.841939
2.841939
2.841939
2.841939
2.841939
2.841939
2.841938
2.841938
2.841939
2.841938
2.841938
2.841938
2.841938
2.841938
2.841938
2.841938
2.841938
2.841938
2.841938
2.841938
2.841938
2.841938
2.841938
2.841938
2.841938
2.841938
2.841938
2.841938
2.841938
2.841938
2.841938
2.841938
2.841938
2.841938
2.841938
2.841938
2.841938
2.841938
2.841938
2.841938
2.841938
2.841938
2.841938
2.841938
2.841938
2.841938
2.841938
2.841938
2.841938
2.841938
2.841938
2.841938
2.841938
2.841938
2.841938
2.841938
2.841938
2.841938
2.841938
2.841938
2.841938
2.841938
2.841938
2.841938
2.841938
2.841938
2.841938
2.841938
2.841938
2.841938
2.841938
2.841938
2.841938
2.841938
2.841938
2.841938
2.841938
2.841938
2.841938
2.841938
2.841938
2.841938
2.841938
2.841938
2.841938
2.841938
2.841938
2.841938
2.841938
2.841938
2.841938
2.841938
2.841938
2.841938
2.841938
2.841938
2.841938
2.841938
2.841938
2.841938
2.841938
2.841938
2.841938
2.841938
2.841938
2.841938
2.841938
2.841938
2.841938
2.841938
2.841938
2.841938
2.841938
2.841938
2.841938
2.841938
2.841938
2.841938
2.841938
2.841938
2.841938
2.841938
2.841938
2.841938
2.841938
2.841938
2.841938
2.841938
2.841938
2.841938
2.841938
2.841938
2.841938
2.841938
2.841938
2.841938
2.841938
2.841938
2.841938
2.841938
2.841938
2.841938
2.841938
2.841938
2.841938
2.841938
2.841938
2.841938
2.841938
2.841938
2.841938
2.841938
2.841938
2.841938
2.841938
2.841938
2.841938
2.841938
2.841938
2.841938
2.841938
2.841938
2.841938
2.841938
2.841938
2.841938
2.841938
2.841938
2.841938
2.841938
2.841938
2.841938
2.841938
2.841938
2.841938
2.841938
2.841938
2.841938
2.841938
2.841938
2.841938
2.841938
2.841938
2.841938
2.841938
2.841938
2.841938
2.841938
2.841938
2.841938
2.841938
2.841938
2.841938
2.841938
2.841938
2.841938
2.841938
2.841938
2.841938
2.841938
2.841938
2.841938
2.841938
2.841938
2.841938
2.841938
2.841938
2.841938
2.841938
2.841938
2.841938
2.841938
2.841938
2.841938
2.841938
2.841938
2.841938
2.841938
2.841938
2.841938
2.841938
2.841938
2.841938
2.841938
2.841938
2.841938
2.841938
2.841938
2.841938
2.841938
2.841938
2.841938
2.841938
2.841938
2.841938
2.841938
2.841938
2.841938
2.841938
2.841938
2.841938
2.841938
2.841938
2.841938
2.841938
2.841938
2.841938
2.841938
2.841938
2.841938
2.841938
2.841938
2.841938
2.841938
2.841938
2.841938
2.841938
2.841938
2.841938
2.841938
2.841938
2.841938
2.841938
2.841938
2.841938
2.841938
2.841938
2.841938
2.841938
2.841938
2.841938
2.841938
2.841938
2.841938
2.841938
2.841938
2.841938
2.841938
2.841938
2.841938
2.841938
2.841938
2.841938
2.841938
2.841938
2.841938
2.841938
2.841938
2.841938
2.841938
2.841938
2.841938
2.841938
2.841938
2.841938
2.841938
2.841938
2.841938
2.841938
2.841938
2.841938
2.841938
2.841938
2.841938
2.841938
2.841938
2.841938
2.841938
2.841938
2.841938
2.841938
2.841938
2.841938
2.841938
2.841938
2.841938
2.841938
2.841938
2.841938
2.841938
2.841938
2.841938
2.841938
2.841938
2.841938
2.841938
2.841938
2.841938
2.841938
2.841938
2.841938
2.841938
2.841938
2.841938
2.841938
2.841938
2.841938
2.841938
2.841938
2.841938
2.841938
2.841938
2.841938
2.841938
2.841938
2.841938
2.841938
2.841938
2.841938
2.841938
2.841938
2.841938
2.841938
2.841938
2.841938
2.841938
2.841938
2.841938
2.841938
2.841938
2.841938
2.841938
2.841938
2.841938
2.841938
2.841938
2.841938
2.841938
2.841938
2.841938
2.841938
2.841938
2.841938
2.841938
2.841938
2.841938
2.841938
2.841938
2.841938
2.841938
2.841938
2.841938
2.841938
2.841938
2.841938
2.841938
2.841938
2.841938
2.841938
2.841938
2.841938
2.841938
2.841938
2.841938
2.841938
2.841938
2.841938
2.841938
2.841938
2.841938
2.841938
2.841938
2.841938
2.841938
2.841938
2.841938
2.841938
2.841938
2.841938
2.841938
2.841938
2.841938
2.841938
2.841938
2.841938
2.841938
2.841938
2.841938
2.841938
2.841938
2.841938
2.841938
2.841938
2.841938
2.841938
2.841938
2.841938
2.841938
2.841938
2.841938
2.841938
2.841938
2.841938
2.841938
2.841938
2.841938
2.841938
2.841938
2.841938
2.841938
2.841938
2.841938
2.841938
2.841938
2.841938
2.841938
2.841938
2.841938
2.841938
2.841938
2.841938
2.841938
2.841938
2.841938
2.841938
2.841938
2.841938
2.841938
2.841938
2.841938
2.841938
2.841938
2.841938
2.841938
2.841938
2.841938
2.841938
2.841938
2.841938
2.841938
2.841938
2.841938
2.841938
2.841938
2.841938
2.841938
2.841938
2.841938
2.841938
2.841938
2.841938
2.841938
2.841938
2.841938
2.841938
2.841938
2.841938
2.841938
2.841938
2.841938
2.841938
2.841938
2.841938
2.841938
2.841938
2.841938
2.841938
2.841938
2.841938
2.841938
2.841938
2.841938
2.841938
2.841938
2.841938
2.841938
2.841938
2.841938
2.841938
2.841938
2.841938
2.841938
2.841938
2.841938
2.841938
2.841938
2.841938
2.841938
2.841938
2.841938
2.841938
2.841938
2.841938
2.841938
2.841938
2.841938
2.841938
2.841938
2.841938
2.841938
2.841938
2.841938
2.841938
2.841938
2.841938
2.841938
2.841938
2.841938
2.841938
2.841938
2.841938
2.841938
2.841938
2.841938
2.841938
2.841938
2.841938
2.841938
2.841938
2.841938
2.841938
2.841938
2.841938
2.841938
2.841938
2.841938
2.841938
2.841938
2.841938
2.841938
2.841938
2.841938
2.841938
2.841938
2.841938
2.841938
2.841938
2.841938
2.841938
2.841938
2.841938
2.841938
2.841938
2.841938
2.841938
2.841938
2.841938
2.841938
2.841938
2.841938
2.841938
2.841938
2.841938
2.841938
2.841938
2.841938
2.841938
2.841938
2.841938
2.841938
2.841938
2.841938
2.841938
2.841938
2.841938
2.841938
2.841938
2.841938
2.841938
2.841938
2.841938
2.841938
2.841938
2.841938
2.841938
2.841938
2.841937
2.841938
2.841937
2.841938
2.841937
2.841937
2.841937
2.841937
2.841937
2.841937
2.841937
2.841937
2.841937
2.841937
2.841937
2.841937
2.841937
2.841937
2.841937
2.841937
2.841937
2.841937
2.841937
2.841937
2.841937
2.841937
2.841937
2.841937
2.841937
2.841937
2.841937
2.841937
2.841937
2.841937
2.841937
2.841937
2.841937
2.841937
2.841937
2.841937
2.841937
2.841937
2.841937
2.841937
2.841937
2.841937
2.841937
2.841937
2.841937
2.841937
2.841937
2.841937
2.841937
2.841937
2.841937
2.841937
2.841937
2.841937
2.841937
2.841937
2.841937
2.841937
2.841937
2.841937
2.841937
2.841937
2.841937
2.841937
2.841937
2.841937
2.841937
2.841937
2.841937
2.841937
2.841937
2.841937
2.841937
2.841937
2.841937
2.841937
2.841937
2.841937
2.841937
2.841937
2.841937
2.841937
2.841937
2.841937
2.841937
2.841937
2.841937
2.841937
2.841937
2.841937
2.841937
2.841937
2.841937
2.841937
2.841937
2.841937
2.841937
2.841937
2.841937
2.841937
2.841937
2.841937
2.841937
2.841937
2.841937
2.841937
2.841937
2.841937
2.841937
2.841937
2.841937
