0.498263
0.512708
0.513816
0.514457
0.514761
0.514966
0.515351
0.516069
0.517070
0.518158
0.519138
0.519900
0.520401
0.520634
0.520608
0.520338
0.519839
0.519125
0.518210
0.517102
0.515812
0.514346
0.512710
0.510913
0.508966
0.506889
0.504701
0.502430
0.500102
0.497754
0.495424
0.493152
0.490980
0.488943
0.487070
0.485382
0.483891
0.482596
0.481494
0.480572
0.479816
0.479210
0.478736
0.478378
0.478118
0.477942
0.477835
0.477779
0.477758
0.477747
0.477719
0.477637
0.477457
0.477132
0.476617
0.475886
0.474956
0.473903
0.472834
0.471802
0.470787
0.469755
0.468681
0.467550
0.466348
0.465067
0.463711
0.462291
0.460832
0.459367
0.457934
0.456577
0.455336
0.454245
0.453328
0.452597
0.452054
0.451694
0.451509
0.451487
0.451615
0.451883
0.452278
0.452790
0.453410
0.454131
0.454945
0.455846
0.456830
0.457892
0.459030
0.460241
0.461522
0.462871
0.464287
0.465768
0.467312
0.468917
0.470582
0.472303
0.474077
0.475901
0.477772
0.479685
0.481634
0.483612
0.485606
0.487600
0.489569
0.491491
0.493345
0.495111
0.496769
0.498306
0.499721
0.501036
0.502285
0.503499
0.504699
0.505900
0.507111
0.508335
0.509575
0.510831
0.512101
0.513382
0.514668
0.515954
0.517231
0.518489
0.519718
0.520905
0.522034
0.523091
0.524057
0.524914
0.525643
0.526226
0.526650
0.526911
0.527010
0.526959
0.526768
0.526451
0.526018
0.525486
0.524871
0.524188
0.523452
0.522674
0.521865
0.521033
0.520186
0.519334
0.518487
0.517652
0.516838
0.516051
0.515297
0.514580
0.513903
0.513268
0.512678
0.512133
0.511635
0.511185
0.510783
0.510432
0.510131
0.509881
0.509682
0.509533
0.509426
0.509338
0.509202
0.509032
0.508898
0.508786
0.508680
0.508557
0.508388
0.508144
0.507882
0.507700
0.507697
0.507974
0.508218
0.508484
0.508846
0.509266
0.509572
0.510036
0.510332
0.510857
0.511120
0.511477
0.511896
0.512326
0.512752
0.513152
0.513500
0.513824
0.514192
0.514635
0.515146
0.515708
0.516317
0.516966
0.517647
0.518356
0.519089
0.519843
0.520615
0.521402
0.522201
0.523011
0.523829
0.524655
0.525486
0.526321
0.527159
0.527998
0.528838
0.529677
0.530513
0.531347
0.532177
0.533002
0.533822
0.534635
0.535440
0.536237
0.537025
0.537802
0.538569
0.539324
0.540065
0.540793
0.541506
0.542203
0.542883
0.543544
0.544186
0.544808
0.545408
0.545986
0.546542
0.547076
0.547587
0.548076
0.548542
0.548986
0.549408
0.549808
0.550188
0.550548
0.550888
0.551209
0.551511
0.551796
0.552064
0.552315
0.552550
0.552770
0.552975
0.553165
0.553341
0.553504
0.553652
0.553788
0.553910
0.554019
0.554115
0.554198
0.554268
0.554326
0.554370
0.554400
0.554418
0.554421
0.554410
0.554385
0.554343
0.554285
0.554209
0.554113
0.553995
0.553852
0.553682
0.553483
0.553255
0.552998
0.552712
0.552400
0.552064
0.551703
0.551319
0.550911
0.550479
0.550021
0.549537
0.549024
0.548481
0.547905
0.547294
0.546645
0.545956
0.545225
0.544451
0.543635
0.542782
0.541898
0.540992
0.540074
0.539152
0.538235
0.537327
0.536429
0.535542
0.534664
0.533793
0.532925
0.532057
0.531186
0.530308
0.529420
0.528519
0.527603
0.526669
0.525718
0.524747
0.523756
0.522746
0.521717
0.520670
0.519606
0.518525
0.517431
0.516323
0.515204
0.514075
0.512936
0.511790
0.510636
0.509477
0.508314
0.507145
0.505974
0.504800
0.503623
0.502444
0.501265
0.500084
0.498902
0.497720
0.496538
0.495356
0.494174
0.492992
0.491811
0.490631
0.489452
0.488274
0.487097
0.485921
0.484746
0.483572
0.482399
0.481228
0.480058
0.478889
0.477722
0.476556
0.475391
0.474227
0.473065
0.471904
0.470745
0.469587
0.468430
0.467274
0.466120
0.464967
0.463815
0.462665
0.461517
0.460369
0.459223
0.458079
0.456936
0.455795
0.454655
0.453517
0.452381
0.451247
0.450114
0.448984
0.447855
0.446729
0.445606
0.444484
0.443365
0.442249
0.441135
0.440024
0.438916
0.437812
0.436710
0.435612
0.434517
0.433426
0.432339
0.431255
0.430176
0.429101
0.428030
0.426963
0.425902
0.424845
0.423792
0.422746
0.421704
0.420668
0.419637
0.418612
0.417593
0.416580
0.415574
0.414574
0.413580
0.412594
0.411614
0.410642
0.409677
0.408720
0.407770
0.406829
0.405895
0.404970
0.404054
0.403147
0.402248
0.401358
0.400478
0.399607
0.398746
0.397894
0.397052
0.396220
0.395398
0.394587
0.393785
0.392994
0.392213
0.391443
0.390684
0.389935
0.389196
0.388469
0.387752
0.387046
0.386351
0.385666
0.384993
0.384330
0.383678
0.383037
0.382407
0.381787
0.381178
0.380580
0.379993
0.379416
0.378850
0.378295
0.377750
0.377215
0.376691
0.376177
0.375673
0.375179
0.374696
0.374223
0.373759
0.373306
0.372862
0.372428
0.372003
0.371588
0.371182
0.370786
0.370399
0.370021
0.369652
0.369292
0.368941
0.368599
0.368265
0.367939
0.367623
0.367623
0.367314
0.367014
0.366722
0.366437
0.366161
0.365893
0.365632
0.365378
0.365133
0.364894
0.364663
0.364439
0.364222
0.364012
0.363809
0.363613
0.363423
0.363240
0.363064
0.362894
0.362730
0.362572
0.362420
0.362274
0.362134
0.362000
0.361872
0.361749
0.361632
0.361520
0.361414
0.361313
0.361216
0.361126
0.361040
0.360959
0.360882
0.360811
0.360744
0.360682
0.360624
0.360571
0.360522
0.360478
0.360438
0.360402
0.360370
0.360341
0.360317
0.360297
0.360281
0.360268
0.360259
0.360254
0.360252
0.360254
0.360259
0.360267
0.360279
0.360294
0.360312
0.360333
0.360358
0.360385
0.360416
0.360449
0.360485
0.360525
0.360566
0.360611
0.360658
0.360708
0.360761
0.360816
0.360873
0.360933
0.360995
0.361060
0.361127
0.361196
0.361268
0.361341
0.361417
0.361495
0.361575
0.361657
0.361741
0.361828
0.361916
0.362005
0.362097
0.362191
0.362286
0.362383
0.362482
0.362583
0.362685
0.362789
0.362894
0.363001
0.363110
0.363220
0.363331
0.363444
0.363559
0.363675
0.363792
0.363911
0.364030
0.364152
0.364274
0.364398
0.364523
0.364649
0.364776
0.364905
0.365034
0.365165
0.365297
0.365429
0.365563
0.365698
0.365834
0.365971
0.366108
0.366247
0.366387
0.366527
0.366668
0.366810
0.366953
0.367097
0.367242
0.367387
0.367533
0.367680
0.367827
0.367975
0.368124
0.368274
0.368424
0.368575
0.368726
0.368878
0.369030
0.369183
0.369337
0.369491
0.369645
0.369800
0.369956
0.370112
0.370268
0.370425
0.370582
0.370739
0.370897
0.371055
0.371214
0.371373
0.371532
0.371691
0.371851
0.372011
0.372171
0.372332
0.372492
0.372653
0.372814
0.372975
0.373136
0.373298
0.373459
0.373621
0.373783
0.373945
0.374106
0.374268
0.374430
0.374592
0.374754
0.374916
0.375078
0.375239
0.375401
0.375563
0.375724
0.375886
0.376047
0.376208
0.376369
0.376530
0.376691
0.376851
0.377012
0.377172
0.377331
0.377491
0.377650
0.377809
0.377968
0.378126
0.378284
0.378441
0.378599
0.378755
0.378912
0.379068
0.379223
0.379379
0.379533
0.379687
0.379841
0.379994
0.380146
0.380298
0.380450
0.380601
0.380751
0.380900
0.381049
0.381197
0.381345
0.381492
0.381638
0.381783
0.381927
0.382071
0.382214
0.382356
0.382497
0.382637
0.382776
0.382914
0.383052
0.383188
0.383323
0.383458
0.383591
0.383723
0.383854
0.383984
0.384112
0.384240
0.384366
0.384491
0.384614
0.384736
0.384857
0.384977
0.385095
0.385211
0.385326
0.385440
0.385552
0.385662
0.385771
0.385878
0.385983
0.386086
0.386188
0.386288
0.386386
0.386482
0.386577
0.386669
0.386759
0.386848
0.386934
0.387018
0.387100
0.387180
0.387257
0.387332
0.387405
0.387476
0.387544
0.387610
0.387674
0.387735
0.387793
0.387849
0.387903
0.387954
0.388002
0.388047
0.388090
0.388130
0.388167
0.388202
0.388233
0.388262
0.388288
0.388311
0.388331
0.388349
0.388363
0.388375
0.388383
0.388389
0.388391
0.388391
0.388387
0.388381
0.388372
0.388359
0.388344
0.388326
0.388305
0.388281
0.388254
0.388224
0.388191
0.388156
0.388118
0.388077
0.388033
0.387987
0.387938
0.387887
0.387833
0.387777
0.387718
0.387657
0.387594
0.387529
0.387462
0.387393
0.387321
0.387248
0.387174
0.387097
0.387019
0.386939
0.386858
0.386775
0.386691
0.386606
0.386520
0.386432
0.386344
0.386254
0.386164
0.386073
0.385982
0.385889
0.385796
0.385703
0.385609
0.385515
0.385421
0.385326
0.385232
0.385137
0.385042
0.384948
0.384853
0.384759
0.384665
0.384571
0.384478
0.384385
0.384293
0.384202
0.384112
0.384022
0.383934
0.383847
0.383762
0.383681
0.383607
0.383557
0.383547
0.383558
0.383572
0.383561
0.383544
0.383665
0.383444
0.383298
0.383188
0.383070
0.382951
0.382828
0.382700
0.382568
0.382434
0.382299
0.382164
0.382029
0.381894
0.381762
0.381655
0.381664
0.381772
0.381523
0.381362
0.381231
0.381210
0.381386
0.381016
0.380863
0.380725
0.380581
0.380594
0.380811
0.380339
0.380183
0.380060
0.380031
0.380227
0.379776
0.379615
0.379506
0.379472
0.379421
0.379568
0.379101
0.378935
0.378911
0.379017
0.378563
0.378395
0.378388
0.378458
0.378033
0.377867
0.377869
0.377919
0.377497
0.377332
0.377354
0.377378
0.376965
0.376803
0.376810
0.376823
0.376414
0.376255
0.376244
0.376167
0.376259
0.375849
0.375743
0.375865
0.375408
0.375272
0.375411
0.374981
0.374840
0.374931
0.374573
0.374435
0.374570
0.374158
0.374021
0.374156
0.373752
0.373640
0.373788
0.373349
0.373229
0.373399
0.372942
0.372849
0.373016
0.372538
0.372436
0.372630
0.372132
0.372059
0.372239
0.371726
0.371639
0.371853
0.371324
0.371288
0.371464
0.370924
0.370840
0.371077
0.370527
0.370542
0.370672
0.370135
0.370053
0.370274
0.369746
0.369924
0.369431
0.369396
0.369288
0.369351
0.368857
0.368735
0.368991
0.368384
0.368409
0.368274
0.368274
0.368462
0.367840
0.367900
0.367473
0.367362
0.367646
0.367000
0.367204
0.366664
0.366772
0.366313
0.366179
0.366480
0.365839
0.365925
0.365536
0.365677
0.365113
0.365026
0.365336
0.364640
0.364956
0.364295
0.364464
0.363916
0.363785
0.363915
0.363519
0.363846
0.363149
0.363389
0.362753
0.362890
0.362331
0.362358
0.362168
0.362402
0.361709
0.361938
0.361288
0.361516
0.360881
0.361103
0.360480
0.360700
0.360102
0.360340
0.359714
0.359948
0.359350
0.359609
0.358970
0.359239
0.358610
0.358891
0.358245
0.358540
0.357891
0.358194
0.357537
0.357852
0.357188
0.357513
0.356842
0.357176
0.356497
0.356842
0.356155
0.356510
0.355815
0.356181
0.355478
0.355855
0.355144
0.355532
0.354812
0.355211
0.354481
0.354890
0.354151
0.354567
0.353821
0.354244
0.353491
0.353921
0.353162
0.353599
0.352836
0.353279
0.352512
0.352962
0.352192
0.352650
0.351876
0.352345
0.351565
0.352049
0.351261
0.351764
0.350966
0.351494
0.350680
0.351234
0.350404
0.350978
0.350133
0.350717
0.349862
0.350446
0.349585
0.350166
0.349302
0.349880
0.349015
0.349592
0.348728
0.349303
0.348441
0.349014
0.348153
0.348726
0.347864
0.348438
0.347572
0.348148
0.347278
0.347850
0.346984
0.347534
0.346690
0.347201
0.346398
0.346859
0.346109
0.346522
0.345825
0.346195
0.345549
0.345878
0.345282
0.345569
0.345023
0.345268
0.344772
0.344973
0.344528
0.344683
0.344292
0.344397
0.344062
0.344118
0.343838
0.343845
0.343618
0.343581
0.343402
0.343330
0.343186
0.343093
0.342971
0.342868
0.342758
0.342654
0.342549
0.342447
0.342345
0.342246
0.342148
0.342051
0.341956
0.341863
0.341771
0.341682
0.341593
0.341507
0.341422
0.341340
0.341259
0.341180
0.341103
0.341028
0.340955
0.340884
0.340815
0.340749
0.340684
0.340622
0.340562
0.340504
0.340449
0.340395
0.340344
0.340295
0.340248
0.340203
0.340160
0.340119
0.340080
0.340042
0.340006
0.339971
0.339937
0.339905
0.339874
0.339843
0.339814
0.339785
0.339757
0.339730
0.339703
0.339677
0.339651
0.339627
0.339603
0.339579
0.339557
0.339535
0.339514
0.339494
0.339474
0.339456
0.339439
0.339423
0.339407
0.339393
0.339381
0.339369
0.339359
0.339350
0.339342
0.339336
0.339331
0.339328
0.339326
0.339325
0.339325
0.339327
0.339330
0.339335
0.339341
0.339348
0.339356
0.339365
0.339375
0.339386
0.339398
0.339411
0.339425
0.339439
0.339455
0.339471
0.339487
0.339504
0.339522
0.339540
0.339558
0.339577
0.339597
0.339617
0.339638
0.339659
0.339681
0.339703
0.339726
0.339749
0.339773
0.339797
0.339822
0.339847
0.339873
0.339899
0.339926
0.339953
0.339980
0.340007
0.340034
0.340060
0.340087
0.340113
0.340139
0.340164
0.340188
0.340211
0.340234
0.340255
0.340275
0.340295
0.340313
0.340330
0.340346
0.340361
0.340376
0.340390
0.340403
0.340415
0.340428
0.340440
0.340452
0.340465
0.340477
0.340491
0.340505
0.340519
0.340535
0.340552
0.340570
0.340588
0.340609
0.340630
0.340653
0.340677
0.340702
0.340728
0.340756
0.340785
0.340814
0.340844
0.340874
0.340904
0.340933
0.340961
0.340988
0.341015
0.341041
0.341068
0.341094
0.341122
0.341149
0.341177
0.341206
0.341235
0.341265
0.341296
0.341327
0.341360
0.341393
0.341427
0.341461
0.341496
0.341531
0.341567
0.341602
0.341638
0.341674
0.341709
0.341745
0.341780
0.341815
0.341851
0.341886
0.341921
0.341956
0.341991
0.342025
0.342060
0.342095
0.342130
0.342164
0.342199
0.342233
0.342267
0.342301
0.342335
0.342370
0.342404
0.342440
0.342477
0.342516
0.342558
0.342603
0.342652
0.342705
0.342762
0.342824
0.342889
0.342957
0.343029
0.343104
0.343182
0.343263
0.343348
0.343436
0.343528
0.343625
0.343727
0.343835
0.343949
0.344068
0.344194
0.344322
0.344453
0.344581
0.344706
0.344824
0.344936
0.345041
0.345140
0.345233
0.345320
0.345401
0.345479
0.345552
0.345622
0.345688
0.345751
0.345812
0.345871
0.345927
0.345982
0.346034
0.346085
0.346134
0.346182
0.346229
0.346274
0.346318
0.346361
0.346403
0.346443
0.346483
0.346522
0.346560
0.346597
0.346633
0.346669
0.346704
0.346738
0.346771
0.346804
0.346836
0.346867
0.346898
0.346928
0.346957
0.346986
0.347014
0.347041
0.347068
0.347095
0.347120
0.347146
0.347170
0.347194
0.347218
0.347241
0.347263
0.347285
0.347306
0.347327
0.347347
0.347366
0.347386
0.347404
0.347422
0.347440
0.347457
0.347474
0.347490
0.347506
0.347521
0.347535
0.347550
0.347564
0.347577
0.347590
0.347603
0.347615
0.347627
0.347639
0.347650
0.347661
0.347672
0.347682
0.347692
0.347702
0.347712
0.347721
0.347730
0.347739
0.347748
0.347757
0.347766
0.347774
0.347783
0.347792
0.347801
0.347810
0.347819
0.347828
0.347838
0.347847
0.347857
0.347868
0.347879
0.347890
0.347902
0.347914
0.347927
0.347941
0.347941
0.347955
0.347970
0.347982
0.348019
0.347912
0.347993
0.347946
0.347991
0.347900
0.347930
0.347922
0.347909
0.347908
0.347912
0.347918
0.347925
0.347933
0.347941
0.347950
0.347958
0.347966
0.347974
0.347981
0.347988
0.347994
0.347999
0.348003
0.348007
0.348010
0.348013
0.348016
0.348017
0.348019
0.348020
0.348021
0.348022
0.348022
0.348022
0.348022
0.348022
0.348021
0.348021
0.348021
0.348020
0.348020
0.348020
0.348021
0.348021
0.348022
0.348023
0.348024
0.348025
0.348027
0.348029
0.348031
0.348034
0.348036
0.348039
0.348042
0.348045
0.348048
0.348051
0.348055
0.348058
0.348061
0.348065
0.348068
0.348071
0.348074
0.348077
0.348080
0.348083
0.348086
0.348089
0.348092
0.348095
0.348097
0.348099
0.348101
0.348103
0.348105
0.348107
0.348108
0.348109
0.348110
0.348110
0.348111
0.348111
0.348111
0.348110
0.348109
0.348108
0.348106
0.348104
0.348102
0.348099
0.348096
0.348092
0.348088
0.348084
0.348079
0.348074
0.348068
0.348062
0.348056
0.348049
0.348041
0.348034
0.348026
0.348017
0.348008
0.347999
0.347989
0.347979
0.347969
0.347958
0.347947
0.347936
0.347925
0.347913
0.347901
0.347888
0.347876
0.347863
0.347850
0.347837
0.347824
0.347810
0.347797
0.347783
0.347769
0.347756
0.347742
0.347728
0.347714
0.347700
0.347687
0.347673
0.347659
0.347645
0.347632
0.347619
0.347605
0.347592
0.347579
0.347566
0.347554
0.347541
0.347529
0.347517
0.347505
0.347494
0.347482
0.347471
0.347461
0.347450
0.347440
0.347430
0.347420
0.347411
0.347402
0.347393
0.347384
0.347376
0.347368
0.347360
0.347353
0.347346
0.347339
0.347333
0.347327
0.347321
0.347315
0.347310
0.347305
0.347301
0.347296
0.347292
0.347288
0.347285
0.347281
0.347278
0.347276
0.347273
0.347271
0.347269
0.347267
0.347266
0.347264
0.347263
0.347262
0.347262
0.347261
0.347261
0.347261
0.347261
0.347261
0.347261
0.347262
0.347263
0.347263
0.347264
0.347266
0.347267
0.347268
0.347270
0.347271
0.347273
0.347275
0.347277
0.347279
0.347281
0.347283
0.347285
0.347287
0.347290
0.347292
0.347294
0.347297
0.347299
0.347302
0.347304
0.347307
0.347310
0.347312
0.347315
0.347318
0.347320
0.347323
0.347326
0.347329
0.347331
0.347334
0.347337
0.347339
0.347342
0.347345
0.347347
0.347350
0.347352
0.347355
0.347358
0.347360
0.347363
0.347365
0.347367
0.347370
0.347372
0.347374
0.347376
0.347379
0.347381
0.347383
0.347385
0.347387
0.347389
0.347391
0.347393
0.347395
0.347396
0.347398
0.347400
0.347401
0.347403
0.347404
0.347406
0.347407
0.347408
0.347410
0.347411
0.347412
0.347413
0.347414
0.347415
0.347416
0.347417
0.347418
0.347419
0.347419
0.347420
0.347421
0.347421
0.347422
0.347422
0.347422
0.347423
0.347423
0.347423
0.347423
0.347423
0.347423
0.347423
0.347423
0.347423
0.347423
0.347423
0.347423
0.347422
0.347422
0.347421
0.347421
0.347420
0.347420
0.347419
0.347418
0.347418
0.347417
0.347416
0.347415
0.347414
0.347413
0.347412
0.347411
0.347410
0.347409
0.347407
0.347406
0.347405
0.347403
0.347402
0.347400
0.347399
0.347397
0.347396
0.347394
0.347392
0.347391
0.347389
0.347387
0.347385
0.347383
0.347381
0.347379
0.347377
0.347375
0.347373
0.347370
0.347368
0.347366
0.347363
0.347361
0.347359
0.347356
0.347354
0.347351
0.347348
0.347346
0.347343
0.347340
0.347338
0.347335
0.347332
0.347329
0.347326
0.347323
0.347320
0.347317
0.347314
0.347310
0.347307
0.347304
0.347301
0.347297
0.347294
0.347290
0.347287
0.347283
0.347280
0.347276
0.347273
0.347269
0.347265
0.347261
0.347258
0.347254
0.347250
0.347246
0.347242
0.347238
0.347234
0.347230
0.347226
0.347222
0.347217
0.347213
0.347209
0.347205
0.347201
0.347196
0.347192
0.347188
0.347183
0.347179
0.347174
0.347170
0.347166
0.347161
0.347157
0.347153
0.347149
0.347145
0.347141
0.347137
0.347133
0.347129
0.347126
0.347122
0.347119
0.347116
0.347113
0.347110
0.347106
0.347102
0.347097
0.347092
0.347086
0.347079
0.347071
0.347064
0.347056
0.347048
0.347039
0.347031
0.347022
0.347014
0.347005
0.346996
0.346987
0.346978
0.346968
0.346959
0.346949
0.346939
0.346929
0.346919
0.346909
0.346899
0.346888
0.346878
0.346867
0.346856
0.346845
0.346834
0.346823
0.346811
0.346800
0.346788
0.346776
0.346764
0.346752
0.346740
0.346727
0.346715
0.346702
0.346689
0.346676
0.346663
0.346650
0.346637
0.346623
0.346610
0.346596
0.346582
0.346568
0.346554
0.346540
0.346526
0.346511
0.346497
0.346482
0.346467
0.346452
0.346437
0.346422
0.346407
0.346391
0.346376
0.346360
0.346345
0.346329
0.346313
0.346297
0.346281
0.346265
0.346248
0.346232
0.346215
0.346199
0.346182
0.346165
0.346149
0.346132
0.346115
0.346097
0.346080
0.346063
0.346046
0.346028
0.346011
0.346011
0.345993
0.345975
0.345958
0.345940
0.345922
0.345904
0.345886
0.345868
0.345850
0.345831
0.345813
0.345795
0.345776
0.345758
0.345739
0.345721
0.345702
0.345683
0.345664
0.345646
0.345627
0.345608
0.345589
0.345570
0.345551
0.345532
0.345512
0.345493
0.345474
0.345454
0.345435
0.345416
0.345396
0.345377
0.345357
0.345337
0.345318
0.345298
0.345278
0.345259
0.345239
0.345219
0.345199
0.345179
0.345159
0.345139
0.345119
0.345099
0.345079
0.345059
0.345038
0.345018
0.344998
0.344977
0.344957
0.344937
0.344916
0.344896
0.344875
0.344855
0.344834
0.344813
0.344792
0.344772
0.344751
0.344730
0.344709
0.344688
0.344667
0.344646
0.344625
0.344604
0.344583
0.344562
0.344540
0.344519
0.344498
0.344476
0.344455
0.344434
0.344412
0.344390
0.344369
0.344347
0.344326
0.344304
0.344282
0.344260
0.344238
0.344217
0.344195
0.344173
0.344151
0.344129
0.344107
0.344085
0.344062
0.344040
0.344018
0.343996
0.343974
0.343951
0.343929
0.343907
0.343885
0.343862
0.343840
0.343817
0.343795
0.343773
0.343750
0.343728
0.343705
0.343683
0.343661
0.343638
0.343616
0.343593
0.343571
0.343548
0.343526
0.343504
0.343481
0.343459
0.343437
0.343414
0.343392
0.343370
0.343348
0.343326
0.343304
0.343281
0.343259
0.343237
0.343216
0.343194
0.343172
0.343150
0.343129
0.343107
0.343085
0.343064
0.343043
0.343021
0.343000
0.342979
0.342958
0.342937
0.342916
0.342895
0.342874
0.342853
0.342833
0.342812
0.342792
0.342771
0.342751
0.342731
0.342711
0.342691
0.342671
0.342651
0.342631
0.342611
0.342591
0.342572
0.342552
0.342533
0.342513
0.342494
0.342475
0.342455
0.342436
0.342417
0.342398
0.342379
0.342360
0.342341
0.342322
0.342303
0.342285
0.342266
0.342247
0.342229
0.342210
0.342192
0.342173
0.342155
0.342137
0.342118
0.342100
0.342082
0.342065
0.342047
0.342030
0.342013
0.341996
0.341980
0.341966
0.341953
0.341946
0.341945
0.341935
0.341908
0.341883
0.341851
0.341835
0.341807
0.341797
0.341759
0.341765
0.341709
0.341733
0.341691
0.341689
0.341639
0.341659
0.341600
0.341615
0.341547
0.341582
0.341534
0.341515
0.341500
0.341444
0.341475
0.341435
0.341389
0.341419
0.341384
0.341328
0.341359
0.341329
0.341282
0.341271
0.341201
0.341243
0.341204
0.341155
0.341164
0.341105
0.341097
0.341030
0.341065
0.341007
0.340979
0.340966
0.340905
0.340962
0.340933
0.340921
0.340856
0.340804
0.340838
0.340805
0.340753
0.340728
0.340659
0.340738
0.340720
0.340744
0.340749
0.340763
0.340768
0.340766
0.340764
0.340757
0.340749
0.340739
0.340727
0.340715
0.340702
0.340687
0.340672
0.340657
0.340640
0.340623
0.340605
0.340587
0.340568
0.340548
0.340528
0.340508
0.340487
0.340466
0.340444
0.340422
0.340400
0.340378
0.340356
0.340333
0.340310
0.340288
0.340265
0.340242
0.340219
0.340196
0.340174
0.340151
0.340128
0.340106
0.340084
0.340062
0.340040
0.340018
0.339997
0.339976
0.339955
0.339934
0.339914
0.339894
0.339875
0.339856
0.339837
0.339818
0.339800
0.339783
0.339765
0.339748
0.339732
0.339716
0.339700
0.339685
0.339670
0.339655
0.339641
0.339628
0.339614
0.339602
0.339589
0.339577
0.339566
0.339554
0.339544
0.339533
0.339523
0.339514
0.339504
0.339496
0.339487
0.339479
0.339471
0.339464
0.339457
0.339450
0.339444
0.339438
0.339433
0.339427
0.339423
0.339418
0.339414
0.339410
0.339406
0.339403
0.339400
0.339397
0.339394
0.339392
0.339390
0.339388
0.339386
0.339385
0.339384
0.339383
0.339382
0.339381
0.339381
0.339380
0.339380
0.339380
0.339380
0.339381
0.339381
0.339381
0.339382
0.339383
0.339384
0.339385
0.339386
0.339387
0.339389
0.339390
0.339392
0.339394
0.339395
0.339397
0.339399
0.339401
0.339404
0.339406
0.339408
0.339411
0.339414
0.339417
0.339420
0.339423
0.339426
0.339429
0.339433
0.339436
0.339440
0.339444
0.339448
0.339452
0.339457
0.339461
0.339466
0.339471
0.339476
0.339482
0.339487
0.339493
0.339499
0.339505
0.339512
0.339518
0.339525
0.339532
0.339540
0.339547
0.339555
0.339563
0.339572
0.339580
0.339589
0.339599
0.339608
0.339618
0.339628
0.339639
0.339650
0.339661
0.339672
0.339684
0.339696
0.339708
0.339721
0.339734
0.339747
0.339761
0.339775
0.339789
0.339804
0.339819
0.339834
0.339850
0.339866
0.339882
0.339899
0.339916
0.339933
0.339951
0.339969
0.339987
0.340006
0.340025
0.340044
0.340063
0.340083
0.340103
0.340123
0.340144
0.340165
0.340186
0.340207
0.340229
0.340251
0.340273
0.340295
0.340318
0.340340
0.340363
0.340386
0.340410
0.340433
0.340457
0.340481
0.340504
0.340529
0.340553
0.340577
0.340602
0.340626
0.340651
0.340676
0.340701
0.340726
0.340751
0.340776
0.340801
0.340827
0.340852
0.340878
0.340903
0.340928
0.340954
0.340980
0.341005
0.341005
0.341031
0.341056
0.341082
0.341107
0.341133
0.341159
0.341184
0.341210
0.341235
0.341261
0.341286
0.341312
0.341337
0.341362
0.341388
0.341413
0.341438
0.341463
0.341488
0.341513
0.341538
0.341563
0.341588
0.341613
0.341638
0.341662
0.341687
0.341711
0.341735
0.341760
0.341784
0.341808
0.341832
0.341856
0.341880
0.341903
0.341927
0.341951
0.341974
0.341997
0.342020
0.342044
0.342067
0.342089
0.342112
0.342135
0.342157
0.342180
0.342202
0.342224
0.342246
0.342268
0.342290
0.342312
0.342333
0.342354
0.342376
0.342397
0.342418
0.342439
0.342459
0.342480
0.342500
0.342521
0.342541
0.342561
0.342580
0.342600
0.342620
0.342639
0.342658
0.342677
0.342695
0.342714
0.342732
0.342750
0.342768
0.342786
0.342803
0.342820
0.342837
0.342853
0.342869
0.342885
0.342900
0.342915
0.342930
0.342944
0.342957
0.342969
0.342981
0.342992
0.343001
0.343009
0.343014
0.343016
0.343014
0.343004
0.342979
0.342919
0.342865
0.342915
0.342847
0.342879
0.342841
0.342947
0.342910
0.342966
0.342939
0.343048
0.343006
0.343054
0.343029
0.343133
0.343088
0.343151
0.343110
0.343226
0.343182
0.343220
0.343208
0.343282
0.343236
0.343328
0.343279
0.343349
0.343306
0.343412
0.343360
0.343415
0.343378
0.343470
0.343417
0.343484
0.343437
0.343528
0.343475
0.343544
0.343497
0.343581
0.343529
0.343599
0.343551
0.343630
0.343579
0.343650
0.343602
0.343676
0.343627
0.343697
0.343650
0.343719
0.343673
0.343741
0.343696
0.343761
0.343718
0.343782
0.343739
0.343802
0.343761
0.343821
0.343781
0.343840
0.343802
0.343859
0.343822
0.343877
0.343842
0.343895
0.343862
0.343913
0.343881
0.343930
0.343900
0.343947
0.343919
0.343964
0.343938
0.343980
0.343957
0.343996
0.343975
0.344012
0.343993
0.344027
0.344011
0.344042
0.344029
0.344057
0.344047
0.344072
0.344064
0.344087
0.344081
0.344101
0.344098
0.344116
0.344115
0.344130
0.344131
0.344145
0.344147
0.344159
0.344163
0.344173
0.344178
0.344188
0.344193
0.344202
0.344208
0.344216
0.344222
0.344230
0.344236
0.344244
0.344250
0.344257
0.344264
0.344271
0.344277
0.344284
0.344291
0.344297
0.344304
0.344310
0.344316
0.344323
0.344329
0.344335
0.344341
0.344347
0.344353
0.344359
0.344365
0.344371
0.344377
0.344382
0.344388
0.344394
0.344399
0.344405
0.344410
0.344415
0.344421
0.344426
0.344431
0.344436
0.344441
0.344446
0.344451
0.344456
0.344461
0.344466
0.344471
0.344475
0.344480
0.344485
0.344489
0.344494
0.344498
0.344502
0.344507
0.344511
0.344515
0.344519
0.344523
0.344527
0.344531
0.344535
0.344539
0.344543
0.344547
0.344550
0.344554
0.344558
0.344561
0.344565
0.344568
0.344571
0.344575
0.344578
0.344581
0.344584
0.344588
0.344591
0.344594
0.344597
0.344600
0.344602
0.344605
0.344608
0.344611
0.344613
0.344616
0.344618
0.344621
0.344623
0.344626
0.344628
0.344630
0.344633
0.344635
0.344637
0.344639
0.344641
0.344643
0.344645
0.344647
0.344649
0.344651
0.344653
0.344654
0.344656
0.344658
0.344659
0.344661
0.344662
0.344664
0.344665
0.344666
0.344668
0.344669
0.344670
0.344671
0.344672
0.344674
0.344675
0.344676
0.344677
0.344677
0.344678
0.344679
0.344680
0.344681
0.344681
0.344682
0.344683
0.344683
0.344684
0.344684
0.344685
0.344685
0.344686
0.344686
0.344686
0.344686
0.344687
0.344687
0.344687
0.344687
0.344687
0.344687
0.344687
0.344687
0.344687
0.344687
0.344687
0.344687
0.344686
0.344686
0.344686
0.344686
0.344685
0.344685
0.344684
0.344684
0.344683
0.344683
0.344682
0.344682
0.344681
0.344681
0.344680
0.344679
0.344678
0.344678
0.344677
0.344676
0.344675
0.344674
0.344673
0.344672
0.344671
0.344670
0.344669
0.344668
0.344667
0.344666
0.344665
0.344664
0.344662
0.344661
0.344660
0.344659
0.344657
0.344656
0.344655
0.344653
0.344652
0.344650
0.344649
0.344648
0.344646
0.344645
0.344643
0.344641
0.344640
0.344638
0.344637
0.344635
0.344633
0.344631
0.344630
0.344628
0.344626
0.344624
0.344623
0.344621
0.344619
0.344617
0.344615
0.344613
0.344611
0.344610
0.344608
0.344606
0.344604
0.344602
0.344600
0.344598
0.344595
0.344593
0.344591
0.344589
0.344587
0.344585
0.344583
0.344581
0.344579
0.344576
0.344574
0.344572
0.344570
0.344567
0.344565
0.344563
0.344561
0.344558
0.344556
0.344554
0.344551
0.344549
0.344547
0.344544
0.344542
0.344540
0.344537
0.344535
0.344532
0.344530
0.344527
0.344525
0.344522
0.344520
0.344517
0.344515
0.344512
0.344510
0.344507
0.344505
0.344502
0.344500
0.344497
0.344494
0.344492
0.344489
0.344487
0.344484
0.344481
0.344479
0.344476
0.344473
0.344471
0.344468
0.344465
0.344462
0.344460
0.344457
0.344454
0.344451
0.344448
0.344446
0.344443
0.344440
0.344437
0.344434
0.344431
0.344428
0.344428
0.344425
0.344423
0.344420
0.344417
0.344414
0.344411
0.344408
0.344405
0.344402
0.344399
0.344395
0.344392
0.344389
0.344386
0.344383
0.344380
0.344377
0.344374
0.344370
0.344367
0.344364
0.344361
0.344358
0.344354
0.344351
0.344348
0.344345
0.344341
0.344338
0.344335
0.344331
0.344328
0.344325
0.344321
0.344318
0.344315
0.344311
0.344308
0.344305
0.344301
0.344298
0.344295
0.344291
0.344288
0.344285
0.344281
0.344278
0.344275
0.344272
0.344268
0.344265
0.344262
0.344259
0.344255
0.344252
0.344249
0.344246
0.344243
0.344240
0.344236
0.344233
0.344230
0.344227
0.344224
0.344221
0.344218
0.344215
0.344212
0.344210
0.344207
0.344204
0.344201
0.344198
0.344195
0.344193
0.344190
0.344187
0.344185
0.344182
0.344179
0.344177
0.344174
0.344172
0.344169
0.344167
0.344164
0.344162
0.344159
0.344157
0.344155
0.344152
0.344150
0.344148
0.344145
0.344143
0.344141
0.344138
0.344136
0.344134
0.344132
0.344130
0.344128
0.344125
0.344123
0.344121
0.344119
0.344117
0.344115
0.344113
0.344111
0.344109
0.344107
0.344105
0.344103
0.344101
0.344099
0.344097
0.344095
0.344093
0.344091
0.344089
0.344087
0.344086
0.344084
0.344082
0.344080
0.344078
0.344076
0.344074
0.344073
0.344071
0.344069
0.344067
0.344065
0.344064
0.344062
0.344060
0.344058
0.344056
0.344055
0.344053
0.344051
0.344049
0.344048
0.344046
0.344044
0.344042
0.344041
0.344039
0.344037
0.344036
0.344034
0.344032
0.344030
0.344029
0.344027
0.344025
0.344024
0.344022
0.344020
0.344018
0.344017
0.344015
0.344013
0.344012
0.344010
0.344008
0.344007
0.344005
0.344003
0.344001
0.344000
0.343998
0.343996
0.343995
0.343993
0.343991
0.343990
0.343988
0.343986
0.343985
0.343983
0.343981
0.343980
0.343978
0.343976
0.343974
0.343973
0.343971
0.343969
0.343968
0.343966
0.343964
0.343963
0.343961
0.343959
0.343958
0.343956
0.343954
0.343953
0.343951
0.343949
0.343947
0.343946
0.343944
0.343942
0.343941
0.343939
0.343937
0.343936
0.343934
0.343932
0.343930
0.343929
0.343927
0.343925
0.343924
0.343922
0.343920
0.343919
0.343917
0.343915
0.343913
0.343912
0.343910
0.343908
0.343907
0.343905
0.343903
0.343901
0.343900
0.343898
0.343896
0.343894
0.343893
0.343891
0.343889
0.343887
0.343886
0.343884
0.343882
0.343881
0.343879
0.343877
0.343875
0.343874
0.343872
0.343870
0.343868
0.343866
0.343865
0.343863
0.343861
0.343859
0.343858
0.343856
0.343854
0.343852
0.343851
0.343849
0.343847
0.343845
0.343843
0.343842
0.343840
0.343838
0.343836
0.343835
0.343833
0.343831
0.343829
0.343827
0.343826
0.343824
0.343822
0.343820
0.343818
0.343817
0.343815
0.343813
0.343811
0.343809
0.343807
0.343806
0.343804
0.343802
0.343800
0.343798
0.343796
0.343795
0.343793
0.343791
0.343789
0.343787
0.343785
0.343784
0.343782
0.343780
0.343778
0.343776
0.343774
0.343772
0.343771
0.343769
0.343767
0.343765
0.343763
0.343761
0.343759
0.343757
0.343756
0.343754
0.343752
0.343750
0.343748
0.343746
0.343744
0.343742
0.343740
0.343739
0.343737
0.343735
0.343733
0.343731
0.343729
0.343727
0.343725
0.343723
0.343721
0.343719
0.343717
0.343716
0.343714
0.343712
0.343710
0.343708
0.343706
0.343704
0.343702
0.343700
0.343698
0.343696
0.343694
0.343692
0.343690
0.343688
0.343686
0.343684
0.343682
0.343680
0.343678
0.343676
0.343674
0.343672
0.343670
0.343668
0.343666
0.343664
0.343662
0.343660
0.343658
0.343656
0.343654
0.343652
0.343650
0.343648
0.343646
0.343644
0.343642
0.343640
0.343638
0.343636
0.343634
0.343632
0.343630
0.343628
0.343626
0.343624
0.343622
0.343620
0.343618
0.343616
0.343614
0.343612
0.343610
0.343608
0.343605
0.343603
0.343601
0.343599
0.343597
0.343595
0.343593
0.343591
0.343589
0.343587
0.343585
0.343583
0.343580
0.343578
0.343576
0.343574
0.343572
0.343570
0.343568
0.343566
0.343564
0.343561
0.343559
0.343557
0.343555
0.343553
0.343551
0.343549
0.343546
0.343544
0.343542
0.343540
0.343538
0.343536
0.343534
0.343531
0.343529
0.343527
0.343525
0.343523
0.343521
0.343518
0.343516
0.343514
0.343512
0.343510
0.343507
0.343505
0.343503
0.343501
0.343499
0.343496
0.343494
0.343492
0.343490
0.343488
0.343485
0.343483
0.343481
0.343479
0.343477
0.343474
0.343472
0.343470
0.343468
0.343465
0.343463
0.343461
0.343459
0.343456
0.343454
0.343452
0.343450
0.343447
0.343445
0.343443
0.343441
0.343438
0.343436
0.343434
0.343431
0.343429
0.343427
0.343425
0.343422
0.343420
0.343418
0.343415
0.343413
0.343411
0.343409
0.343406
0.343404
0.343402
0.343399
0.343397
0.343395
0.343392
0.343390
0.343388
0.343385
0.343383
0.343381
0.343378
0.343376
0.343374
0.343371
0.343369
0.343367
0.343364
0.343362
0.343360
0.343357
0.343357
0.343355
0.343352
0.343350
0.343348
0.343345
0.343343
0.343341
0.343338
0.343336
0.343333
0.343331
0.343329
0.343326
0.343324
0.343321
0.343319
0.343317
0.343314
0.343312
0.343309
0.343307
0.343305
0.343302
0.343300
0.343297
0.343295
0.343292
0.343290
0.343288
0.343285
0.343283
0.343280
0.343278
0.343275
0.343273
0.343270
0.343268
0.343266
0.343263
0.343261
0.343258
0.343256
0.343253
0.343251
0.343248
0.343246
0.343243
0.343241
0.343238
0.343236
0.343233
0.343231
0.343228
0.343226
0.343223
0.343221
0.343218
0.343216
0.343213
0.343211
0.343208
0.343206
0.343203
0.343201
0.343198
0.343196
0.343193
0.343191
0.343188
0.343186
0.343183
0.343180
0.343178
0.343175
0.343173
0.343170
0.343168
0.343165
0.343163
0.343160
0.343158
0.343155
0.343152
0.343150
0.343147
0.343145
0.343142
0.343139
0.343137
0.343134
0.343132
0.343129
0.343127
0.343124
0.343121
0.343119
0.343116
0.343114
0.343111
0.343108
0.343106
0.343103
0.343101
0.343098
0.343095
0.343093
0.343090
0.343087
0.343085
0.343082
0.343079
0.343077
0.343074
0.343072
0.343069
0.343066
0.343064
0.343061
0.343058
0.343056
0.343053
0.343050
0.343048
0.343045
0.343042
0.343040
0.343037
0.343034
0.343032
0.343029
0.343026
0.343024
0.343021
0.343018
0.343016
0.343013
0.343010
0.343007
0.343005
0.343002
0.342999
0.342997
0.342994
0.342991
0.342989
0.342986
0.342983
0.342980
0.342978
0.342975
0.342972
0.342969
0.342967
0.342964
0.342961
0.342959
0.342956
0.342953
0.342950
0.342948
0.342945
0.342942
0.342939
0.342937
0.342934
0.342931
0.342928
0.342926
0.342923
0.342920
0.342917
0.342914
0.342912
0.342909
0.342906
0.342903
0.342901
0.342898
0.342895
0.342892
0.342889
0.342887
0.342884
0.342881
0.342878
0.342875
0.342873
0.342870
0.342867
0.342864
0.342861
0.342859
0.342856
0.342853
0.342850
0.342847
0.342844
0.342842
0.342839
0.342836
0.342833
0.342830
0.342827
0.342825
0.342822
0.342819
0.342816
0.342813
0.342810
0.342807
0.342805
0.342802
0.342799
0.342796
0.342793
0.342790
0.342787
0.342785
0.342782
0.342779
0.342776
0.342773
0.342770
0.342767
0.342764
0.342761
0.342759
0.342756
0.342753
0.342750
0.342747
0.342744
0.342741
0.342738
0.342735
0.342732
0.342730
0.342727
0.342724
0.342721
0.342718
0.342715
0.342712
0.342709
0.342706
0.342703
0.342700
0.342697
0.342694
0.342692
0.342689
0.342686
0.342683
0.342680
0.342677
0.342674
0.342671
0.342668
0.342665
0.342662
0.342659
0.342656
0.342653
0.342650
0.342647
0.342644
0.342641
0.342638
0.342635
0.342632
0.342629
0.342626
0.342623
0.342620
0.342617
0.342614
0.342611
0.342608
0.342605
0.342602
0.342599
0.342596
0.342593
0.342590
0.342587
0.342584
0.342581
0.342578
0.342575
0.342572
0.342569
0.342566
0.342563
0.342560
0.342557
0.342554
0.342551
0.342548
0.342545
0.342542
0.342539
0.342536
0.342533
0.342530
0.342527
0.342524
0.342521
0.342518
0.342515
0.342512
0.342508
0.342505
0.342502
0.342499
0.342496
0.342493
0.342490
0.342487
0.342484
0.342481
0.342478
0.342475
0.342472
0.342469
0.342465
0.342462
0.342459
0.342456
0.342453
0.342450
0.342447
0.342444
0.342441
0.342438
0.342434
0.342431
0.342428
0.342425
0.342422
0.342419
0.342416
0.342413
0.342410
0.342406
0.342403
0.342400
0.342397
0.342394
0.342391
0.342388
0.342385
0.342381
0.342378
0.342375
0.342372
0.342369
0.342366
0.342363
0.342359
0.342356
0.342353
0.342350
0.342347
0.342344
0.342340
0.342337
0.342334
0.342331
0.342328
0.342325
0.342321
0.342318
0.342315
0.342312
0.342309
0.342306
0.342302
0.342299
0.342296
0.342293
0.342290
0.342286
0.342283
0.342280
0.342277
0.342274
0.342270
0.342267
0.342264
0.342261
0.342258
0.342254
0.342251
0.342248
0.342245
0.342241
0.342238
0.342235
0.342232
0.342229
0.342225
0.342222
0.342219
0.342216
0.342212
0.342209
0.342206
0.342203
0.342199
0.342196
0.342193
0.342190
0.342186
0.342183
0.342180
0.342177
0.342173
0.342170
0.342167
0.342164
0.342160
0.342157
0.342154
0.342151
0.342147
0.342144
0.342141
0.342138
0.342134
0.342131
0.342128
0.342124
0.342121
0.342118
0.342115
0.342111
0.342108
0.342105
0.342101
0.342098
0.342095
0.342091
0.342088
0.342085
0.342082
0.342078
0.342075
0.342072
0.342068
0.342065
0.342062
0.342058
0.342055
0.342052
0.342048
0.342045
0.342042
0.342038
0.342035
0.342032
0.342028
0.342025
0.342022
0.342018
0.342015
0.342012
0.342008
0.342005
0.342002
0.341998
0.341995
0.341992
0.341988
0.341985
0.341981
0.341978
0.341975
0.341971
0.341968
0.341965
0.341961
0.341958
0.341955
0.341951
0.341948
0.341944
0.341941
0.341938
0.341934
0.341931
0.341927
0.341924
0.341921
0.341917
0.341914
0.341911
0.341907
0.341904
0.341900
0.341900
0.341897
0.341893
0.341890
0.341887
0.341883
0.341880
0.341876
0.341873
0.341870
0.341866
0.341863
0.341859
0.341856
0.341852
0.341849
0.341846
0.341842
0.341839
0.341835
0.341832
0.341828
0.341825
0.341822
0.341818
0.341815
0.341811
0.341808
0.341804
0.341801
0.341797
0.341794
0.341790
0.341787
0.341784
0.341780
0.341777
0.341773
0.341770
0.341766
0.341763
0.341759
0.341756
0.341752
0.341749
0.341745
0.341742
0.341738
0.341735
0.341731
0.341728
0.341724
0.341721
0.341717
0.341714
0.341710
0.341707
0.341703
0.341700
0.341696
0.341693
0.341689
0.341686
0.341682
0.341679
0.341675
0.341672
0.341668
0.341665
0.341661
0.341658
0.341654
0.341651
0.341647
0.341644
0.341640
0.341637
0.341633
0.341629
0.341626
0.341622
0.341619
0.341615
0.341612
0.341608
0.341605
0.341601
0.341597
0.341594
0.341590
0.341587
0.341583
0.341580
0.341576
0.341573
0.341569
0.341565
0.341562
0.341558
0.341555
0.341551
0.341548
0.341544
0.341540
0.341537
0.341533
0.341530
0.341526
0.341522
0.341519
0.341515
0.341512
0.341508
0.341504
0.341501
0.341497
0.341494
0.341490
0.341486
0.341483
0.341479
0.341476
0.341472
0.341468
0.341465
0.341461
0.341457
0.341454
0.341450
0.341447
0.341443
0.341439
0.341436
0.341432
0.341428
0.341425
0.341421
0.341417
0.341414
0.341410
0.341406
0.341403
0.341399
0.341396
0.341392
0.341388
0.341385
0.341381
0.341377
0.341374
0.341370
0.341366
0.341363
0.341359
0.341355
0.341352
0.341348
0.341344
0.341340
0.341337
0.341333
0.341329
0.341326
0.341322
0.341318
0.341315
0.341311
0.341307
0.341304
0.341300
0.341296
0.341292
0.341289
0.341285
0.341281
0.341278
0.341274
0.341270
0.341267
0.341263
0.341259
0.341255
0.341252
0.341248
0.341244
0.341240
0.341237
0.341233
0.341229
0.341226
0.341222
0.341218
0.341214
0.341211
0.341207
0.341203
0.341199
0.341196
0.341192
0.341188
0.341184
0.341181
0.341177
0.341173
0.341169
0.341166
0.341162
0.341158
0.341154
0.341150
0.341147
0.341143
0.341139
0.341135
0.341132
0.341128
0.341124
0.341120
0.341116
0.341113
0.341109
0.341105
0.341101
0.341098
0.341094
0.341090
0.341086
0.341082
0.341079
0.341075
0.341071
0.341067
0.341063
0.341059
0.341056
0.341052
0.341048
0.341044
0.341040
0.341037
0.341033
0.341029
0.341025
0.341021
0.341017
0.341014
0.341010
0.341006
0.341002
0.340998
0.340994
0.340991
0.340987
0.340983
0.340979
0.340975
0.340971
0.340967
0.340964
0.340960
0.340956
0.340952
0.340948
0.340944
0.340940
0.340937
0.340933
0.340929
0.340925
0.340921
0.340917
0.340913
0.340909
0.340906
0.340902
0.340898
0.340894
0.340890
0.340886
0.340882
0.340878
0.340874
0.340870
0.340867
0.340863
0.340859
0.340855
0.340851
0.340847
0.340843
0.340839
0.340835
0.340831
0.340827
0.340823
0.340819
0.340815
0.340811
0.340808
0.340804
0.340800
0.340796
0.340792
0.340788
0.340784
0.340780
0.340776
0.340772
0.340768
0.340764
0.340760
0.340756
0.340752
0.340748
0.340744
0.340740
0.340736
0.340732
0.340728
0.340724
0.340720
0.340716
0.340712
0.340708
0.340704
0.340700
0.340696
0.340692
0.340688
0.340684
0.340680
0.340676
0.340671
0.340667
0.340663
0.340659
0.340655
0.340651
0.340647
0.340643
0.340639
0.340635
0.340631
0.340627
0.340623
0.340618
0.340614
0.340610
0.340606
0.340602
0.340598
0.340594
0.340590
0.340586
0.340581
0.340577
0.340573
0.340569
0.340565
0.340561
0.340556
0.340552
0.340548
0.340544
0.340540
0.340536
0.340531
0.340527
0.340523
0.340519
0.340515
0.340511
0.340506
0.340502
0.340498
0.340494
0.340490
0.340485
0.340481
0.340477
0.340473
0.340468
0.340464
0.340460
0.340456
0.340451
0.340447
0.340443
0.340439
0.340434
0.340430
0.340426
0.340422
0.340417
0.340413
0.340409
0.340405
0.340400
0.340396
0.340392
0.340388
0.340383
0.340379
0.340375
0.340370
0.340366
0.340362
0.340358
0.340353
0.340349
0.340345
0.340340
0.340336
0.340332
0.340328
0.340323
0.340319
0.340315
0.340310
0.340306
0.340302
0.340298
0.340293
0.340289
0.340285
0.340280
0.340276
0.340272
0.340267
0.340263
0.340259
0.340255
0.340250
0.340246
0.340242
0.340237
0.340233
0.340229
0.340225
0.340220
0.340216
0.340212
0.340207
0.340203
0.340199
0.340195
0.340190
0.340186
0.340182
0.340178
0.340173
0.340169
0.340165
0.340161
0.340156
0.340152
0.340148
0.340144
0.340139
0.340135
0.340131
0.340127
0.340123
0.340118
0.340114
0.340110
0.340106
0.340101
0.340097
0.340093
0.340089
0.340085
0.340081
0.340076
0.340072
0.340068
0.340064
0.340060
0.340056
0.340052
0.340047
0.340043
0.340039
0.340035
0.340031
0.340027
0.340023
0.340019
0.340015
0.340011
0.340007
0.340003
0.339999
0.339995
0.339991
0.339987
0.339983
0.339979
0.339975
0.339971
0.339971
0.339967
0.339963
0.339959
0.339955
0.339951
0.339947
0.339943
0.339939
0.339935
0.339931
0.339928
0.339924
0.339920
0.339916
0.339912
0.339908
0.339905
0.339901
0.339897
0.339893
0.339890
0.339886
0.339882
0.339878
0.339875
0.339871
0.339867
0.339864
0.339860
0.339856
0.339853
0.339849
0.339846
0.339842
0.339838
0.339835
0.339831
0.339828
0.339824
0.339821
0.339817
0.339814
0.339811
0.339807
0.339804
0.339800
0.339797
0.339794
0.339790
0.339787
0.339784
0.339780
0.339777
0.339774
0.339771
0.339768
0.339765
0.339761
0.339758
0.339755
0.339752
0.339749
0.339746
0.339743
0.339740
0.339738
0.339735
0.339732
0.339729
0.339727
0.339724
0.339721
0.339719
0.339716
0.339714
0.339712
0.339709
0.339707
0.339705
0.339704
0.339702
0.339700
0.339699
0.339698
0.339697
0.339696
0.339695
0.339695
0.339695
0.339696
0.339696
0.339698
0.339699
0.339701
0.339702
0.339704
0.339706
0.339708
0.339710
0.339711
0.339712
0.339713
0.339714
0.339715
0.339716
0.339716
0.339716
0.339716
0.339715
0.339714
0.339713
0.339712
0.339711
0.339709
0.339707
0.339704
0.339702
0.339699
0.339696
0.339692
0.339688
0.339684
0.339680
0.339675
0.339670
0.339665
0.339660
0.339655
0.339649
0.339643
0.339638
0.339632
0.339626
0.339620
0.339614
0.339608
0.339602
0.339596
0.339591
0.339585
0.339579
0.339573
0.339568
0.339562
0.339557
0.339552
0.339547
0.339541
0.339536
0.339532
0.339527
0.339522
0.339517
0.339513
0.339508
0.339504
0.339499
0.339495
0.339491
0.339487
0.339482
0.339478
0.339474
0.339470
0.339467
0.339463
0.339459
0.339455
0.339451
0.339448
0.339444
0.339441
0.339437
0.339433
0.339430
0.339426
0.339423
0.339419
0.339416
0.339412
0.339409
0.339406
0.339402
0.339399
0.339396
0.339392
0.339389
0.339385
0.339382
0.339379
0.339375
0.339372
0.339369
0.339365
0.339362
0.339359
0.339356
0.339352
0.339349
0.339346
0.339342
0.339339
0.339336
0.339332
0.339329
0.339326
0.339322
0.339319
0.339316
0.339312
0.339309
0.339306
0.339302
0.339299
0.339296
0.339292
0.339289
0.339286
0.339282
0.339279
0.339276
0.339272
0.339269
0.339266
0.339262
0.339259
0.339256
0.339252
0.339249
0.339246
0.339242
0.339239
0.339236
0.339232
0.339229
0.339226
0.339222
0.339219
0.339216
0.339212
0.339209
0.339206
0.339202
0.339199
0.339196
0.339192
0.339189
0.339186
0.339182
0.339179
0.339175
0.339172
0.339169
0.339165
0.339162
0.339159
0.339155
0.339152
0.339149
0.339145
0.339142
0.339139
0.339135
0.339132
0.339129
0.339125
0.339122
0.339119
0.339115
0.339112
0.339109
0.339105
0.339102
0.339098
0.339095
0.339092
0.339088
0.339085
0.339082
0.339078
0.339075
0.339072
0.339068
0.339065
0.339061
0.339058
0.339055
0.339051
0.339048
0.339045
0.339041
0.339038
0.339034
0.339031
0.339028
0.339024
0.339021
0.339017
0.339014
0.339010
0.339007
0.339004
0.339000
0.338997
0.338993
0.338990
0.338986
0.338983
0.338980
0.338976
0.338973
0.338969
0.338966
0.338962
0.338959
0.338955
0.338952
0.338948
0.338945
0.338941
0.338938
0.338934
0.338930
0.338927
0.338923
0.338920
0.338916
0.338913
0.338909
0.338905
0.338902
0.338898
0.338895
0.338891
0.338887
0.338884
0.338880
0.338876
0.338873
0.338869
0.338865
0.338862
0.338858
0.338854
0.338851
0.338847
0.338843
0.338839
0.338836
0.338832
0.338828
0.338824
0.338821
0.338817
0.338813
0.338809
0.338805
0.338801
0.338798
0.338794
0.338790
0.338786
0.338782
0.338778
0.338774
0.338770
0.338766
0.338762
0.338758
0.338754
0.338750
0.338746
0.338742
0.338738
0.338734
0.338730
0.338726
0.338722
0.338718
0.338714
0.338710
0.338706
0.338702
0.338698
0.338693
0.338689
0.338685
0.338681
0.338677
0.338672
0.338668
0.338664
0.338660
0.338655
0.338651
0.338647
0.338642
0.338638
0.338634
0.338629
0.338625
0.338621
0.338616
0.338612
0.338607
0.338603
0.338598
0.338594
0.338589
0.338585
0.338580
0.338576
0.338571
0.338567
0.338562
0.338557
0.338553
0.338548
0.338544
0.338539
0.338534
0.338530
0.338525
0.338520
0.338515
0.338511
0.338506
0.338501
0.338496
0.338491
0.338487
0.338482
0.338477
0.338472
0.338467
0.338462
0.338457
0.338452
0.338447
0.338442
0.338437
0.338432
0.338427
0.338422
0.338417
0.338412
0.338407
0.338402
0.338396
0.338391
0.338386
0.338381
0.338376
0.338370
0.338365
0.338360
0.338355
0.338349
0.338344
0.338339
0.338333
0.338328
0.338322
0.338317
0.338311
0.338306
0.338301
0.338295
0.338290
0.338284
0.338278
0.338273
0.338267
0.338262
0.338256
0.338250
0.338245
0.338239
0.338233
0.338228
0.338222
0.338216
0.338210
0.338204
0.338199
0.338193
0.338187
0.338181
0.338175
0.338169
0.338163
0.338157
0.338151
0.338145
0.338139
0.338133
0.338127
0.338121
0.338115
0.338115
0.338109
0.338103
0.338097
0.338091
0.338084
0.338078
0.338072
0.338066
0.338059
0.338053
0.338047
0.338040
0.338034
0.338028
0.338021
0.338015
0.338008
0.338002
0.337996
0.337989
0.337983
0.337976
0.337969
0.337963
0.337956
0.337950
0.337943
0.337936
0.337930
0.337923
0.337916
0.337910
0.337903
0.337896
0.337889
0.337882
0.337876
0.337869
0.337862
0.337855
0.337848
0.337841
0.337834
0.337827
0.337820
0.337813
0.337806
0.337799
0.337792
0.337785
0.337778
0.337771
0.337764
0.337757
0.337749
0.337742
0.337735
0.337728
0.337720
0.337713
0.337706
0.337698
0.337691
0.337684
0.337676
0.337669
0.337662
0.337654
0.337647
0.337639
0.337632
0.337624
0.337617
0.337609
0.337601
0.337594
0.337586
0.337579
0.337571
0.337563
0.337556
0.337548
0.337540
0.337532
0.337525
0.337517
0.337509
0.337501
0.337493
0.337486
0.337478
0.337470
0.337462
0.337454
0.337446
0.337438
0.337430
0.337422
0.337414
0.337406
0.337398
0.337390
0.337382
0.337374
0.337365
0.337357
0.337349
0.337341
0.337333
0.337325
0.337316
0.337308
0.337300
0.337292
0.337283
0.337275
0.337267
0.337258
0.337250
0.337241
0.337233
0.337225
0.337216
0.337208
0.337199
0.337191
0.337182
0.337174
0.337165
0.337157
0.337148
0.337140
0.337131
0.337122
0.337114
0.337105
0.337096
0.337088
0.337079
0.337070
0.337062
0.337053
0.337044
0.337035
0.337026
0.337018
0.337009
0.337000
0.336991
0.336982
0.336973
0.336965
0.336956
0.336947
0.336938
0.336929
0.336920
0.336911
0.336902
0.336893
0.336884
0.336875
0.336866
0.336857
0.336848
0.336839
0.336830
0.336821
0.336811
0.336802
0.336793
0.336784
0.336775
0.336766
0.336756
0.336747
0.336738
0.336729
0.336720
0.336710
0.336701
0.336692
0.336682
0.336673
0.336664
0.336655
0.336645
0.336636
0.336627
0.336617
0.336608
0.336598
0.336589
0.336580
0.336570
0.336561
0.336551
0.336542
0.336532
0.336523
0.336513
0.336504
0.336494
0.336485
0.336475
0.336466
0.336456
0.336447
0.336437
0.336428
0.336418
0.336409
0.336399
0.336389
0.336380
0.336370
0.336361
0.336351
0.336341
0.336332
0.336322
0.336312
0.336303
0.336293
0.336283
0.336274
0.336264
0.336254
0.336245
0.336235
0.336225
0.336216
0.336206
0.336196
0.336186
0.336177
0.336167
0.336157
0.336147
0.336138
0.336128
0.336118
0.336108
0.336099
0.336089
0.336079
0.336069
0.336059
0.336050
0.336040
0.336030
0.336020
0.336010
0.336000
0.335991
0.335981
0.335971
0.335961
0.335951
0.335941
0.335932
0.335922
0.335912
0.335902
0.335892
0.335882
0.335873
0.335863
0.335853
0.335843
0.335833
0.335823
0.335813
0.335804
0.335794
0.335784
0.335774
0.335764
0.335754
0.335744
0.335734
0.335725
0.335715
0.335705
0.335695
0.335685
0.335675
0.335665
0.335655
0.335646
0.335636
0.335626
0.335616
0.335606
0.335596
0.335586
0.335577
0.335567
0.335557
0.335547
0.335537
0.335527
0.335517
0.335508
0.335498
0.335488
0.335478
0.335468
0.335458
0.335449
0.335439
0.335429
0.335419
0.335409
0.335399
0.335390
0.335380
0.335370
0.335360
0.335350
0.335341
0.335331
0.335321
0.335311
0.335302
0.335292
0.335282
0.335272
0.335263
0.335253
0.335243
0.335233
0.335224
0.335214
0.335204
0.335195
0.335185
0.335175
0.335166
0.335156
0.335146
0.335137
0.335127
0.335117
0.335108
0.335098
0.335088
0.335079
0.335069
0.335059
0.335050
0.335040
0.335031
0.335021
0.335012
0.335002
0.334993
0.334983
0.334973
0.334964
0.334954
0.334945
0.334935
0.334926
0.334917
0.334907
0.334898
0.334888
0.334879
0.334869
0.334860
0.334851
0.334841
0.334832
0.334822
0.334813
0.334804
0.334794
0.334785
0.334776
0.334767
0.334757
0.334748
0.334739
0.334730
0.334720
0.334711
0.334702
0.334693
0.334683
0.334674
0.334665
0.334656
0.334647
0.334638
0.334629
0.334620
0.334611
0.334601
0.334592
0.334583
0.334574
0.334565
0.334556
0.334547
0.334538
0.334529
0.334521
0.334512
0.334503
0.334494
0.334485
0.334476
0.334467
0.334458
0.334450
0.334441
0.334432
0.334423
0.334415
0.334406
0.334397
0.334388
0.334380
0.334371
0.334363
0.334354
0.334345
0.334337
0.334328
0.334320
0.334311
0.334303
0.334294
0.334286
0.334277
0.334269
0.334260
0.334252
0.334243
0.334235
0.334227
0.334218
0.334210
0.334202
0.334193
0.334185
0.334177
0.334169
0.334161
0.334152
0.334144
0.334136
0.334128
0.334120
0.334112
0.334104
0.334096
0.334088
0.334080
0.334072
0.334064
0.334056
0.334048
0.334040
0.334032
0.334024
0.334017
0.334009
0.334001
0.333993
0.333986
0.333978
0.333970
0.333963
0.333955
0.333947
0.333940
0.333932
0.333925
0.333917
0.333910
0.333902
0.333895
0.333887
0.333880
0.333873
0.333865
0.333858
0.333851
0.333843
0.333836
0.333829
0.333822
0.333815
0.333807
0.333800
0.333793
0.333786
0.333786
0.333779
0.333772
0.333765
0.333758
0.333751
0.333744
0.333737
0.333731
0.333724
0.333717
0.333710
0.333704
0.333697
0.333690
0.333684
0.333677
0.333670
0.333664
0.333657
0.333651
0.333644
0.333638
0.333631
0.333625
0.333619
0.333612
0.333606
0.333600
0.333594
0.333587
0.333581
0.333575
0.333569
0.333563
0.333557
0.333551
0.333545
0.333539
0.333533
0.333527
0.333521
0.333515
0.333510
0.333504
0.333498
0.333492
0.333487
0.333481
0.333476
0.333470
0.333465
0.333459
0.333454
0.333448
0.333443
0.333437
0.333432
0.333427
0.333422
0.333416
0.333411
0.333406
0.333401
0.333396
0.333391
0.333386
0.333381
0.333376
0.333371
0.333366
0.333362
0.333357
0.333352
0.333347
0.333343
0.333338
0.333334
0.333329
0.333325
0.333320
0.333316
0.333311
0.333307
0.333303
0.333299
0.333294
0.333290
0.333286
0.333282
0.333278
0.333274
0.333270
0.333266
0.333262
0.333258
0.333254
0.333251
0.333247
0.333243
0.333240
0.333236
0.333233
0.333229
0.333226
0.333222
0.333219
0.333216
0.333212
0.333209
0.333206
0.333203
0.333200
0.333197
0.333194
0.333191
0.333188
0.333185
0.333182
0.333179
0.333177
0.333174
0.333171
0.333169
0.333166
0.333164
0.333161
0.333159
0.333156
0.333154
0.333152
0.333150
0.333148
0.333145
0.333143
0.333141
0.333139
0.333138
0.333136
0.333134
0.333132
0.333130
0.333129
0.333127
0.333126
0.333124
0.333123
0.333121
0.333120
0.333119
0.333118
0.333116
0.333115
0.333114
0.333113
0.333112
0.333111
0.333110
0.333110
0.333109
0.333108
0.333108
0.333107
0.333106
0.333106
0.333105
0.333105
0.333105
0.333105
0.333104
0.333104
0.333104
0.333104
0.333104
0.333104
0.333104
0.333104
0.333105
0.333105
0.333105
0.333106
0.333106
0.333107
0.333107
0.333108
0.333108
0.333109
0.333110
0.333111
0.333112
0.333113
0.333114
0.333115
0.333116
0.333117
0.333118
0.333119
0.333121
0.333122
0.333123
0.333125
0.333126
0.333128
0.333130
0.333131
0.333133
0.333135
0.333137
0.333138
0.333140
0.333142
0.333144
0.333147
0.333149
0.333151
0.333153
0.333155
0.333158
0.333160
0.333162
0.333165
0.333167
0.333170
0.333173
0.333175
0.333178
0.333181
0.333183
0.333186
0.333189
0.333192
0.333195
0.333198
0.333201
0.333204
0.333207
0.333210
0.333213
0.333216
0.333220
0.333223
0.333226
0.333230
0.333233
0.333236
0.333240
0.333243
0.333247
0.333250
0.333254
0.333257
0.333261
0.333264
0.333268
0.333272
0.333275
0.333279
0.333283
0.333287
0.333290
0.333294
0.333298
0.333302
0.333306
0.333309
0.333313
0.333317
0.333321
0.333325
0.333329
0.333333
0.333337
0.333341
0.333344
0.333348
0.333352
0.333356
0.333360
0.333364
0.333368
0.333372
0.333376
0.333380
0.333384
0.333388
0.333392
0.333396
0.333400
0.333404
0.333408
0.333412
0.333416
0.333420
0.333424
0.333427
0.333431
0.333435
0.333439
0.333443
0.333447
0.333451
0.333455
0.333458
0.333462
0.333466
0.333470
0.333474
0.333477
0.333481
0.333485
0.333489
0.333492
0.333496
0.333500
0.333503
0.333507
0.333511
0.333514
0.333518
0.333521
0.333525
0.333528
0.333532
0.333536
0.333539
0.333542
0.333546
0.333549
0.333553
0.333556
0.333559
0.333563
0.333566
0.333569
0.333573
0.333576
0.333579
0.333582
0.333586
0.333589
0.333592
0.333595
0.333598
0.333601
0.333604
0.333607
0.333610
0.333613
0.333616
0.333619
0.333622
0.333625
0.333628
0.333631
0.333634
0.333637
0.333640
0.333642
0.333645
0.333648
0.333651
0.333653
0.333656
0.333659
0.333662
0.333664
0.333667
0.333669
0.333672
0.333675
0.333677
0.333680
0.333682
0.333685
0.333687
0.333690
0.333692
0.333695
0.333697
0.333699
0.333702
0.333704
0.333706
0.333709
0.333711
0.333713
0.333716
0.333718
0.333720
0.333722
0.333725
0.333727
0.333729
0.333731
0.333733
0.333736
0.333738
0.333740
0.333742
0.333744
0.333746
0.333748
0.333750
0.333752
0.333754
0.333756
0.333758
0.333760
0.333762
0.333764
0.333766
0.333768
0.333770
0.333772
0.333774
0.333776
0.333777
0.333779
0.333781
0.333783
0.333785
0.333787
0.333788
0.333790
0.333792
0.333794
0.333796
0.333797
0.333799
0.333801
0.333803
0.333804
0.333806
0.333808
0.333809
0.333811
0.333813
0.333814
0.333816
0.333818
0.333819
0.333821
0.333823
0.333824
0.333826
0.333827
0.333829
0.333831
0.333832
0.333834
0.333835
0.333837
0.333838
0.333840
0.333841
0.333843
0.333844
0.333846
0.333848
0.333849
0.333851
0.333852
0.333854
0.333855
0.333857
0.333858
0.333859
0.333861
0.333862
0.333864
0.333865
0.333867
0.333868
0.333870
0.333871
0.333873
0.333874
0.333876
0.333877
0.333878
0.333880
0.333881
0.333883
0.333884
0.333886
0.333887
0.333888
0.333890
0.333891
0.333893
0.333894
0.333895
0.333897
0.333898
0.333900
0.333901
0.333903
0.333904
0.333905
0.333907
0.333907
0.333908
0.333910
0.333911
0.333912
0.333914
0.333915
0.333917
0.333918
0.333920
0.333921
0.333922
0.333924
0.333925
0.333927
0.333928
0.333930
0.333931
0.333932
0.333934
0.333935
0.333937
0.333938
0.333940
0.333941
0.333943
0.333944
0.333946
0.333947
0.333948
0.333950
0.333951
0.333953
0.333954
0.333956
0.333957
0.333959
0.333960
0.333962
0.333964
0.333965
0.333967
0.333968
0.333970
0.333971
0.333973
0.333974
0.333976
0.333978
0.333979
0.333981
0.333982
0.333984
0.333986
0.333987
0.333989
0.333990
0.333992
0.333994
0.333995
0.333997
0.333999
0.334000
0.334002
0.334004
0.334006
0.334007
0.334009
0.334009
0.334014
0.334011
0.334021
0.334008
0.334036
0.333992
0.334072
0.333936
0.334165
0.333785
0.334291
0.333858
0.334290
0.333842
0.334338
0.333979
0.334322
0.333933
0.334386
0.334019
0.334383
0.334006
0.334433
0.334071
0.334448
0.334077
0.334488
0.334122
0.334507
0.334140
0.334539
0.334176
0.334562
0.334199
0.334591
0.334229
0.334614
0.334253
0.334640
0.334280
0.334662
0.334303
0.334685
0.334327
0.334707
0.334350
0.334729
0.334372
0.334750
0.334393
0.334771
0.334414
0.334791
0.334434
0.334811
0.334454
0.334830
0.334473
0.334849
0.334492
0.334868
0.334510
0.334886
0.334527
0.334904
0.334544
0.334921
0.334560
0.334938
0.334577
0.334955
0.334593
0.334972
0.334608
0.334989
0.334623
0.335005
0.334638
0.335022
0.334653
0.335038
0.334668
0.335054
0.334683
0.335071
0.334697
0.335087
0.334712
0.335103
0.334726
0.335119
0.334740
0.335135
0.334754
0.335151
0.334769
0.335166
0.334783
0.335182
0.334797
0.335198
0.334811
0.335214
0.334825
0.335230
0.334839
0.335246
0.334853
0.335261
0.334867
0.335277
0.334881
0.335293
0.334895
0.335309
0.334909
0.335324
0.334923
0.335340
0.334937
0.335356
0.334952
0.335372
0.334966
0.335388
0.334980
0.335404
0.334994
0.335420
0.335009
0.335436
0.335023
0.335453
0.335038
0.335469
0.335053
0.335485
0.335067
0.335502
0.335082
0.335518
0.335097
0.335535
0.335112
0.335552
0.335127
0.335569
0.335142
0.335586
0.335158
0.335603
0.335173
0.335620
0.335188
0.335637
0.335204
0.335654
0.335220
0.335672
0.335236
0.335689
0.335252
0.335707
0.335268
0.335725
0.335284
0.335743
0.335300
0.335760
0.335316
0.335778
0.335333
0.335796
0.335349
0.335814
0.335365
0.335833
0.335382
0.335851
0.335399
0.335869
0.335415
0.335887
0.335432
0.335906
0.335449
0.335924
0.335466
0.335943
0.335483
0.335961
0.335500
0.335979
0.335516
0.335998
0.335533
0.336016
0.335550
0.336035
0.335567
0.336053
0.335584
0.336072
0.335601
0.336090
0.335618
0.336109
0.335635
0.336127
0.335652
0.336145
0.335669
0.336164
0.335686
0.336182
0.335702
0.336200
0.335719
0.336219
0.335736
0.336237
0.335753
0.336255
0.335769
0.336273
0.335786
0.336291
0.335802
0.336309
0.335819
0.336327
0.335835
0.336345
0.335852
0.336363
0.335868
0.336381
0.335884
0.336399
0.335901
0.336416
0.335917
0.336434
0.335933
0.336452
0.335949
0.336469
0.335965
0.336487
0.335980
0.336504
0.335998
0.336521
0.336009
0.336540
0.336034
0.336554
0.336034
0.336577
0.336079
0.336583
0.336041
0.336617
0.336161
0.336587
0.336013
0.336657
0.336321
0.336473
0.336172
0.336633
0.335990
0.336699
0.336486
0.336210
0.336634
0.336077
0.336750
0.336447
0.336450
0.336385
0.336516
0.336281
0.336692
0.335879
0.336814
0.336763
0.335833
0.336897
0.336896
0.336245
0.336919
0.336758
0.336608
0.336798
0.336523
0.336912
0.336330
0.337002
0.336661
0.336789
0.336530
0.336972
0.336265
0.337059
0.336936
0.336281
0.337062
0.336922
0.336636
0.337067
0.336485
0.337155
0.336779
0.336953
0.336594
0.337141
0.336454
0.337193
0.336965
0.336676
0.337123
0.336498
0.337239
0.337015
0.336719
0.337162
0.336512
0.337277
0.337098
0.336680
0.337272
0.336664
0.337332
0.336913
0.337202
0.336633
0.337352
0.336974
0.337167
0.336724
0.337369
0.336702
0.337393
0.336949
0.337261
0.336657
0.337422
0.337141
0.337032
0.337180
0.336881
0.337411
0.336475
0.337561
0.337497
0.336417
0.337670
0.337649
0.336957
0.337652
0.337482
0.337340
0.337511
0.337232
0.337638
0.336968
0.337738
0.337504
0.337246
0.337669
0.336993
0.337807
0.337640
0.337059
0.337800
0.337411
0.337697
0.337140
0.337866
0.337398
0.337747
0.337021
0.337874
0.337751
0.337116
0.337907
0.337649
0.337554
0.337684
0.337413
0.337885
0.336938
0.338060
0.338003
0.336889
0.338190
0.338165
0.337439
0.338161
0.337993
0.337815
0.338026
0.337678
0.338164
0.337436
0.338236
0.338029
0.337661
0.338226
0.337492
0.338312
0.338127
0.337596
0.338298
0.337755
0.338321
0.337576
0.338368
0.338091
0.337908
0.338194
0.337657
0.338401
0.337864
0.338311
0.337386
0.338445
0.338428
0.337386
0.338576
0.338576
0.338570
0.337776
0.338573
0.338458
0.338122
0.338552
0.337990
0.338647
0.338074
0.338625
0.337864
0.338682
0.338444
0.338166
0.338600
0.337839
0.338731
0.338617
0.337807
0.338751
0.338696
0.338006
0.338833
0.338630
0.338338
0.338757
0.338041
0.338878
0.338660
0.338227
0.338861
0.338066
0.338935
0.338780
0.338127
0.338949
0.338611
0.338691
0.338457
0.338868
0.337965
0.339054
0.339022
0.337790
0.339320
0.339228
0.338344
0.339216
0.339159
0.338694
0.339233
0.338693
0.339265
0.338577
0.339307
0.338800
0.339230
0.338433
0.339353
0.339233
0.338465
0.339374
0.339227
0.338722
0.339417
0.338752
0.339456
0.338781
0.339447
0.338671
0.339473
0.339066
0.339225
0.338806
0.339467
0.338450
0.339567
0.339524
0.338330
0.339749
0.339711
0.338853
0.339700
0.339594
0.339191
0.339684
0.339062
0.339763
0.339163
0.339735
0.338883
0.339799
0.339659
0.338982
0.339832
0.339488
0.339525
0.339347
0.339653
0.338903
0.339846
0.339682
0.338850
0.339883
0.339837
0.338935
0.340007
0.339997
0.338996
0.340085
0.340096
0.339237
0.340143
0.340055
0.339508
0.340192
0.339590
0.340206
0.339387
0.340237
0.339915
0.339788
0.339969
0.339562
0.340259
0.339073
0.340491
0.340351
0.339007
0.340656
0.340567
0.339718
0.340531
0.340362
0.340097
0.340408
0.339869
0.340563
0.339786
0.340583
0.340049
0.340470
0.339584
0.340631
0.340588
0.339449
0.340808
0.340776
0.339763
0.340803
0.340813
0.340091
0.340866
0.340528
0.340585
0.340378
0.340683
0.339984
0.340872
0.340492
0.340412
0.340462
0.340330
0.340646
0.339680
0.340970
0.340900
0.339270
0.341476
0.341285
0.340443
0.341034
0.340793
0.340961
0.340683
0.340992
0.340299
0.341130
0.340601
0.341012
0.340103
0.341208
0.341189
0.339925
0.341511
0.341393
0.340323
0.341404
0.341427
0.340721
0.341472
0.341082
0.341267
0.340833
0.341445
0.340460
0.341527
0.341491
0.340330
0.341708
0.341696
0.340678
0.341710
0.341693
0.340961
0.341747
0.341377
0.341502
0.341168
0.341673
0.340678
0.341830
0.341810
0.340516
0.342094
0.342010
0.341007
0.341994
0.341953
0.341325
0.342017
0.341479
0.341965
0.341148
0.342048
0.341747
0.341504
0.341861
0.341070
0.342060
0.341891
0.341015
0.342065
0.341966
0.341146
0.342143
0.342000
0.341321
0.342185
0.341639
0.342086
0.341093
0.342241
0.342225
0.340950
0.342522
0.342440
0.341359
0.342450
0.342462
0.341695
0.342502
0.342139
0.342216
0.341953
0.342357
0.341452
0.342540
0.342495
0.341218
0.342874
0.342762
0.341584
0.342837
0.342860
0.342001
0.342848
0.342592
0.342430
0.342601
0.342198
0.342829
0.341648
0.343059
0.342974
0.341571
0.343295
0.343181
0.342198
0.343150
0.343056
0.342526
0.343136
0.342441
0.343188
0.342458
0.343185
0.342303
0.343204
0.342775
0.342854
0.342529
0.343087
0.341816
0.343565
0.343304
0.341765
0.343725
0.343551
0.342619
0.343506
0.343357
0.342988
0.343400
0.342707
0.343519
0.342873
0.343467
0.342393
0.343590
0.343581
0.342306
0.343836
0.343769
0.342694
0.343766
0.343754
0.343012
0.343817
0.343381
0.343612
0.343046
0.343813
0.342847
0.343825
0.343605
0.342954
0.343838
0.343139
0.343861
0.342747
0.343904
0.343856
0.342641
0.344102
0.344079
0.342974
0.344114
0.344119
0.343252
0.344147
0.343889
0.343652
0.343938
0.343293
0.344164
0.343403
0.344145
0.342994
0.344217
0.344194
0.342898
0.344524
0.344424
0.343280
0.344442
0.344456
0.343627
0.344488
0.344161
0.344115
0.344055
0.344065
0.343954
0.344102
0.343551
0.344439
0.343104
0.344728
0.344504
0.342959
0.345115
0.344866
0.343694
0.344831
0.344841
0.344130
0.344859
0.344347
0.344765
0.343952
0.344882
0.344467
0.344480
0.344271
0.344641
0.343653
0.344933
0.344898
0.343241
0.345577
0.345329
0.344072
0.345234
0.345270
0.344629
0.345275
0.344692
0.345223
0.344349
0.345279
0.344925
0.344800
0.344923
0.344566
0.345228
0.343694
0.345901
0.345564
0.343826
0.345923
0.345748
0.344950
0.345690
0.345347
0.345394
0.345155
0.345413
0.344812
0.345640
0.344703
0.345650
0.345218
0.345215
0.345071
0.345334
0.344568
0.345592
0.345230
0.344835
0.345505
0.344055
0.346236
0.345910
0.344087
0.346395
0.346156
0.345256
0.346025
0.345782
0.345701
0.345690
0.345563
0.345686
0.345293
0.345955
0.344540
0.346574
0.346186
0.344600
0.346687
0.346454
0.345478
0.346431
0.346296
0.345848
0.346363
0.345601
0.346461
0.345872
0.346334
0.345295
0.346485
0.346458
0.345179
0.346743
0.346650
0.345506
0.346701
0.346712
0.345838
0.346742
0.346464
0.346273
0.346467
0.345976
0.346714
0.345509
0.346864
0.346786
0.345400
0.347148
0.346999
0.345926
0.347011
0.346971
0.346222
0.347026
0.346517
0.346887
0.346083
0.347028
0.346583
0.346665
0.346264
0.346932
0.345539
0.347516
0.347110
0.347110
0.345603
0.347525
0.347340
0.346387
0.347347
0.347195
0.346724
0.347270
0.346434
0.347348
0.346904
0.347001
0.346603
0.347265
0.345907
0.347796
0.347420
0.345956
0.347806
0.347644
0.346670
0.347667
0.347548
0.346983
0.347641
0.346826
0.347686
0.347075
0.347568
0.346486
0.347729
0.347706
0.346382
0.348022
0.347897
0.346764
0.347946
0.347950
0.347083
0.347991
0.347679
0.347552
0.347627
0.347354
0.347818
0.346628
0.348212
0.348033
0.346505
0.348589
0.348292
0.347203
0.348320
0.348292
0.347544
0.348340
0.347802
0.348222
0.347354
0.348341
0.348024
0.347726
0.348149
0.347144
0.348397
0.348362
0.346888
0.348913
0.348592
0.347451
0.348669
0.348682
0.347830
0.348715
0.348359
0.348328
0.348207
0.348327
0.347963
0.348594
0.347078
0.349324
0.348887
0.347183
0.349437
0.349156
0.348214
0.349121
0.348917
0.348617
0.348919
0.348310
0.349099
0.348182
0.349111
0.348616
0.348806
0.348197
0.349090
0.348033
0.349085
0.348873
0.348042
0.349098
0.348810
0.348554
0.348947
0.347916
0.349220
0.349163
0.347659
0.349769
0.349416
0.348252
0.349502
0.349511
0.348631
0.349533
0.349209
0.349104
0.349135
0.348960
0.349263
0.348386
0.349502
0.349361
0.348217
0.349719
0.349658
0.348301
0.350091
0.349877
0.348732
0.349933
0.349933
0.349072
0.349989
0.349663
0.349563
0.349573
0.349417
0.349664
0.348886
0.349918
0.349499
0.349368
0.349495
0.349095
0.349923
0.348070
0.350467
0.350742
0.349487
0.349568
0.349656
0.349822
0.349660
0.349731
0.349231
0.349851
0.348609
0.350144
0.350029
0.348664
0.350464
0.350252
0.349162
0.350281
0.350236
0.349455
0.350310
0.349827
0.350150
0.349375
0.350328
0.349781
0.350115
0.349117
0.350314
0.350255
0.348976
0.350660
0.350475
0.349279
0.350635
0.350625
0.349619
0.350653
0.350538
0.349887
0.350666
0.349898
0.350688
0.349764
0.350673
0.350059
0.350527
0.349391
0.350770
0.350706
0.349300
0.351145
0.350885
0.349822
0.350945
0.350905
0.350122
0.350987
0.350478
0.350793
0.349975
0.350955
0.350498
0.350594
0.350118
0.350904
0.349409
0.351568
0.351023
0.349606
0.351390
0.351247
0.350308
0.351295
0.351115
0.350615
0.351220
0.350257
0.351292
0.351097
0.350387
0.351309
0.350599
0.351321
0.350032
0.351518
0.351367
0.350036
0.351699
0.351566
0.350502
0.351629
0.351584
0.350749
0.351658
0.351235
0.351347
0.350909
0.351577
0.350238
0.352046
0.351659
0.350378
0.351940
0.351878
0.350836
0.351951
0.351890
0.351033
0.351966
0.351579
0.351617
0.351348
0.351771
0.350673
0.352087
0.351971
0.350447
0.352623
0.352202
0.351146
0.352278
0.352220
0.351470
0.352313
0.351714
0.352221
0.351147
0.352339
0.352286
0.351089
0.352533
0.352476
0.351306
0.352598
0.352578
0.351551
0.352621
0.352523
0.351800
0.352659
0.352007
0.352626
0.351434
0.352762
0.352690
0.351398
0.352975
0.352864
0.351770
0.352932
0.352896
0.352007
0.352960
0.352643
0.352479
0.352612
0.352179
0.352904
0.351403
0.353581
0.352986
0.351725
0.353212
0.353189
0.352230
0.353255
0.353095
0.352459
0.353225
0.352335
0.353261
0.352715
0.353038
0.352083
0.353230
0.353099
0.352029
0.353331
0.353289
0.352069
0.353585
0.353488
0.352321
0.353609
0.353588
0.352584
0.353639
0.353517
0.352826
0.353664
0.352892
0.353677
0.352600
0.353667
0.353456
0.352731
0.353687
0.352998
0.353692
0.352283
0.354117
0.353709
0.352555
0.353895
0.353879
0.352864
0.353979
0.353892
0.353001
0.353991
0.353662
0.353497
0.353650
0.353147
0.353984
0.352460
0.354621
0.353969
0.352848
0.354162
0.354152
0.353224
0.354275
0.354091
0.353414
0.354261
0.353366
0.354295
0.353644
0.354187
0.352826
0.354683
0.354265
0.353089
0.354473
0.354439
0.353386
0.354560
0.354510
0.353528
0.354602
0.354446
0.353780
0.354640
0.353768
0.354668
0.353834
0.354635
0.353381
0.354743
0.354630
0.353335
0.355025
0.354827
0.353712
0.354941
0.354905
0.353937
0.354981
0.354799
0.354210
0.354985
0.353916
0.355036
0.354887
0.353873
0.355080
0.355012
0.353963
0.355208
0.355154
0.354011
0.355345
0.355298
0.354163
0.355441
0.355407
0.354336
0.355498
0.355433
0.354490
0.355531
0.355318
0.354786
0.355519
0.354313
0.355719
0.355580
0.354244
0.355976
0.355757
0.354698
0.355853
0.355782
0.354912
0.355880
0.355490
0.355469
0.355276
0.355552
0.354698
0.355810
0.355569
0.354666
0.355828
0.355627
0.354881
0.355906
0.355259
0.355840
0.354220
0.356636
0.356159
0.354474
0.356769
0.356368
0.355467
0.356366
0.356023
0.355971
0.355833
0.355919
0.355565
0.356197
0.354522
0.356985
0.356746
0.355368
0.356461
0.356359
0.356055
0.356456
0.355564
0.356552
0.356050
0.356167
0.355660
0.356506
0.355043
0.357171
0.356423
0.355516
0.356567
0.356193
0.356305
0.355854
0.356572
0.354959
0.354959
0.357335
0.356788
0.355235
0.357304
0.356973
0.356159
0.357016
0.356534
0.356762
0.356068
0.356943
0.355981
0.356948
0.356397
0.356695
0.355720
0.356946
0.356828
0.355556
0.357326
0.356988
0.355964
0.357165
0.357091
0.356180
0.357230
0.356981
0.356484
0.357183
0.355883
0.357591
0.357209
0.356071
0.357422
0.357374
0.356329
0.357518
0.357447
0.356433
0.357559
0.357438
0.356631
0.357607
0.357127
0.357355
0.356525
0.357574
0.357094
0.357174
0.356631
0.357543
0.355903
0.358297
0.357845
0.355934
0.358537
0.358261
0.357207
0.358112
0.357891
0.357615
0.357849
0.357240
0.358048
0.356915
0.358089
0.357966
0.356835
0.358261
0.358172
0.356996
0.358399
0.358300
0.357219
0.358410
0.358350
0.357439
0.358460
0.358201
0.357799
0.358348
0.357118
0.358735
0.358417
0.357228
0.358675
0.358588
0.357535
0.358727
0.358654
0.357678
0.358748
0.358567
0.357949
0.358769
0.357736
0.358800
0.358543
0.357861
0.358781
0.357842
0.358809
0.358173
0.358637
0.357265
0.359283
0.358641
0.357893
0.358834
0.358043
0.358897
0.357769
0.358874
0.358629
0.357848
0.358862
0.358275
0.358792
0.357301
0.359571
0.358810
0.357958
0.358970
0.358440
0.358917
0.357674
0.359287
0.358979
0.357756
0.359288
0.359166
0.358095
0.359350
0.359277
0.358203
0.359402
0.359307
0.358345
0.359452
0.359284
0.358564
0.359501
0.358662
0.359521
0.358293
0.359555
0.359393
0.358252
0.359722
0.359594
0.358425
0.359852
0.359729
0.358613
0.359880
0.359807
0.358780
0.359932
0.359816
0.358921
0.359961
0.359633
0.359370
0.359712
0.358665
0.360083
0.359896
0.358479
0.360646
0.360003
0.359378
0.360185
0.359151
0.360247
0.359990
0.359257
0.360214
0.359338
0.360255
0.359215
0.360225
0.359630
0.359965
0.358789
0.360420
0.360090
0.358878
0.360523
0.360273
0.359234
0.360484
0.360386
0.359356
0.360556
0.360432
0.359457
0.360610
0.360448
0.359611
0.360656
0.360188
0.360315
0.359651
0.360645
0.359357
0.360834
0.360486
0.359381
0.360858
0.360727
0.359562
0.361068
0.360877
0.359724
0.361092
0.360996
0.359906
0.361180
0.361089
0.360002
0.361261
0.361160
0.360095
0.361340
0.361240
0.360186
0.361435
0.361330
0.360269
0.361531
0.361424
0.360350
0.361632
0.361527
0.360430
0.361740
0.361634
0.360521
0.361842
0.361737
0.360628
0.361928
0.361827
0.360739
0.362002
0.361901
0.360843
0.362068
0.361956
0.360941
0.362123
0.361983
0.361054
0.362157
0.361897
0.361355
0.362157
0.360668
0.362862
0.361999
0.361489
0.362131
0.360950
0.362522
0.362217
0.360996
0.362498
0.362331
0.361299
0.362505
0.362394
0.361411
0.362547
0.362340
0.361604
0.362559
0.361677
0.362590
0.361433
0.362570
0.362274
0.361600
0.362574
0.361466
0.362623
0.362341
0.361500
0.362601
0.362114
0.362315
0.361382
0.362604
0.362351
0.361372
0.362662
0.362474
0.361425
0.362845
0.362660
0.361445
0.363128
0.362790
0.361802
0.362990
0.362800
0.362045
0.363043
0.362200
0.363067
0.361533
0.363614
0.362772
0.362436
0.362831
0.361829
0.363200
0.363001
0.361616
0.363714
0.363020
0.362584
0.363190
0.361872
0.363840
0.363118
0.362508
0.363309
0.361961
0.363871
0.363214
0.362547
0.363432
0.362172
0.363698
0.363372
0.362252
0.363646
0.363504
0.362433
0.363753
0.363612
0.362491
0.363868
0.363715
0.362599
0.363968
0.363825
0.362706
0.364075
0.363928
0.362815
0.364162
0.364022
0.362924
0.364249
0.364112
0.363022
0.364337
0.364197
0.363112
0.364423
0.364281
0.363199
0.364510
0.364366
0.363283
0.364599
0.364453
0.363368
0.364688
0.364541
0.363455
0.364776
0.364629
0.363544
0.364861
0.364714
0.363633
0.364944
0.364796
0.363721
0.365024
0.364876
0.363807
0.365102
0.364952
0.363891
0.365179
0.365027
0.363973
0.365254
0.365098
0.364055
0.365326
0.365166
0.364136
0.365393
0.365226
0.364222
0.365450
0.365263
0.364332
0.365482
0.365190
0.364651
0.365490
0.363790
0.366275
0.365930
0.363996
0.366540
0.366111
0.365163
0.366044
0.365610
0.365701
0.365201
0.365890
0.364353
0.366711
0.365794
0.365213
0.365945
0.364739
0.366303
0.365949
0.364850
0.366127
0.365978
0.365123
0.366185
0.365773
0.365706
0.365515
0.365755
0.364782
0.366146
0.365861
0.364594
0.366633
0.365831
0.365808
0.365427
0.366099
0.364333
0.366713
0.366938
0.365634
0.366135
0.365669
0.366283
0.365315
0.366306
0.365753
0.365784
0.365338
0.366133
0.364316
0.366639
0.367363
0.366053
0.365628
0.366017
0.365888
0.366074
0.365395
0.366208
0.364779
0.366506
0.365957
0.365372
0.366214
0.364958
0.366504
0.366063
0.365140
0.366216
0.365803
0.365882
0.365406
0.366230
0.364312
0.366622
0.367322
0.366160
0.365557
0.366110
0.365924
0.366110
0.365428
0.366186
0.364841
0.366356
0.366011
0.365168
0.366229
0.365825
0.365820
0.365456
0.365456
0.366020
0.364338
0.366755
0.366574
0.365355
0.366257
0.365808
0.366199
0.365303
0.366275
0.365628
0.365997
0.364760
0.366503
0.365971
0.365320
0.366221
0.364958
0.366445
0.366042
0.365170
0.366244
0.365778
0.365996
0.365100
0.366248
0.365882
0.365408
0.366183
0.364333
0.366644
0.367355
0.365979
0.365906
0.365921
0.366075
0.365839
0.366024
0.365157
0.366187
0.365505
0.366096
0.364443
0.366940
0.366613
0.364719
0.367213
0.366661
0.365910
0.366645
0.366008
0.366611
0.365466
0.366661
0.366455
0.365538
0.366622
0.366324
0.365970
0.366490
0.365041
0.367383
0.366304
0.366232
0.365894
0.366490
0.365177
0.367280
0.366174
0.366333
0.365379
0.366535
0.366202
0.365937
0.366274
0.365017
0.367040
0.365996
0.366319
0.364976
0.366899
0.366229
0.365890
0.366270
0.365150
0.366738
0.366291
0.365482
0.366537
0.365855
0.366558
0.364783
0.367263
0.366990
0.365357
0.367114
0.366829
0.366256
0.366903
0.365936
0.366931
0.366326
0.366654
0.365527
0.367000
0.366703
0.365659
0.366996
0.366777
0.365902
0.367003
0.366592
0.366520
0.366405
0.366518
0.366007
0.366954
0.364818
0.367644
0.367693
0.367227
0.366103
0.366568
0.366680
0.366577
0.366402
0.366242
0.366160
0.366076
0.366104
0.365897
0.366309
0.364820
0.367267
0.366716
0.364822
0.367445
0.367217
0.366183
0.367065
0.366757
0.366669
0.366586
0.366502
0.366469
0.366312
0.366491
0.365689
0.366761
0.366352
0.366058
0.366563
0.365001
0.367413
0.367159
0.365518
0.367405
0.366977
0.366600
0.366998
0.366208
0.367093
0.366283
0.367011
0.365726
0.367198
0.366820
0.366059
0.367026
0.366349
0.367017
0.365545
0.367628
0.366607
0.366749
0.366019
0.366991
0.366099
0.366985
0.365986
0.366900
0.365902
0.366856
0.366028
0.366838
0.365356
0.367365
0.366337
0.366532
0.365636
0.366728
0.366243
0.366412
0.365535
0.366648
0.366149
0.366228
0.365616
0.366610
0.365038
0.367368
0.366109
0.366294
0.365351
0.366534
0.366174
0.365931
0.366205
0.365113
0.366734
0.366129
0.365741
0.366375
0.364721
0.367156
0.366939
0.365551
0.366714
0.366538
0.366240
0.366639
0.365587
0.366814
0.366513
0.365734
0.366759
0.366024
0.366803
0.365044
0.367542
0.367013
0.365330
0.367719
0.367037
0.366599
0.367048
0.366190
0.367175
0.366461
0.367021
0.365488
0.367787
0.366636
0.366824
0.365873
0.367010
0.366560
0.366579
0.366116
0.366897
0.364969
0.367250
0.367809
0.367193
0.366043
0.366778
0.366751
0.366635
0.366483
0.366318
0.366307
0.366086
0.366450
0.365252
0.367264
0.366023
0.366625
0.364954
0.367287
0.366257
0.366271
0.365770
0.366504
0.365131
0.367097
0.366047
0.366213
0.365319
0.366406
0.365839
0.366195
0.364803
0.366921
0.365748
0.366208
0.364759
0.366740
0.365947
0.365821
0.365672
0.365798
0.365387
0.366167
0.364073
0.366724
0.366916
0.366676
0.365348
0.365728
0.365909
0.365827
0.365626
0.365484
0.365358
0.365343
0.365208
0.365381
0.364730
0.365690
0.364517
0.365636
0.365195
0.364820
0.365471
0.363972
0.366379
0.365425
0.364741
0.365623
0.364649
0.365654
0.365171
0.365103
0.364886
0.365183
0.364188
0.365583
0.365124
0.364432
0.365452
0.364359
0.365505
0.365085
0.364700
0.365361
0.363736
0.366182
0.365784
0.363979
0.366520
0.365906
0.365213
0.365936
0.365201
0.365931
0.364777
0.365910
0.365599
0.365022
0.365877
0.364562
0.366249
0.365497
0.365303
0.365405
0.365049
0.365810
0.363939
0.366217
0.366851
0.365171
0.365917
0.365682
0.365862
0.365528
0.365804
0.364887
0.365900
0.365279
0.365694
0.364416
0.366303
0.365363
0.365522
0.364620
0.365726
0.365183
0.365477
0.364317
0.365909
0.365343
0.364932
0.365569
0.364063
0.366472
0.365291
0.365218
0.364855
0.365473
0.364159
0.366211
0.364946
0.365450
0.363950
0.365914
0.365135
0.365037
0.364844
0.365069
0.364385
0.365395
0.364151
0.365402
0.364930
0.364522
0.365296
0.363547
0.365985
0.365742
0.364426
0.365520
0.365247
0.365210
0.365127
0.365031
0.364996
0.364800
0.365118
0.363807
0.366192
0.364419
0.365380
0.364591
0.365230
0.363880
0.365800
0.364822
0.364972
0.364117
0.365226
0.364438
0.365206
0.363355
0.365899
0.365287
0.363710
0.365982
0.365228
0.364996
0.365122
0.364677
0.365403
0.363798
0.366209
0.364872
0.365112
0.364106
0.365307
0.364903
0.364734
0.364779
0.364335
0.365195
0.363094
0.365606
0.365875
0.365674
0.364346
0.364733
0.364902
0.364819
0.364633
0.364490
0.364379
0.364339
0.364244
0.364308
0.363927
0.364635
0.362640
0.364933
0.365469
0.364693
0.363594
0.364566
0.364555
0.364377
0.364330
0.364023
0.364275
0.363546
0.364432
0.363550
0.364377
0.363189
0.364320
0.363942
0.363506
0.364182
0.362807
0.364827
0.363644
0.364078
0.362818
0.364239
0.363923
0.363223
0.364102
0.363111
0.363111
0.364070
0.363316
0.363945
0.362439
0.364587
0.363338
0.363784
0.362497
0.363938
0.363633
0.362917
0.363847
0.362863
0.363835
0.362982
0.363756
0.362226
0.364257
0.363086
0.363484
0.362238
0.363671
0.363357
0.362625
0.363593
0.362582
0.363577
0.362709
0.363498
0.361895
0.364105
0.362756
0.363276
0.361902
0.363444
0.363060
0.362396
0.363294
0.362073
0.363348
0.362948
0.362371
0.363247
0.361773
0.363828
0.362540
0.363067
0.361605
0.363384
0.362754
0.362417
0.362833
0.361711
0.363196
0.362700
0.362113
0.363013
0.361440
0.363773
0.362277
0.362874
0.361390
0.363056
0.362575
0.362038
0.362804
0.361347
0.363343
0.362214
0.362554
0.361302
0.362802
0.362425
0.361729
0.362711
0.361392
0.362827
0.362301
0.361843
0.362607
0.360949
0.363522
0.362339
0.361913
0.362446
0.361368
0.362772
0.362354
0.361625
0.362666
0.361317
0.362840
0.362211
0.361903
0.362373
0.361042
0.363225
0.361724
0.362517
0.360945
0.362700
0.362055
0.361784
0.362110
0.361090
0.362445
0.361966
0.361486
0.362321
0.360358
0.362771
0.363309
0.361588
0.362560
0.362303
0.362367
0.362169
0.362267
0.361692
0.362558
0.360657
0.363192
0.362821
0.361087
0.363342
0.362623
0.362390
0.362516
0.362064
0.362758
0.361212
0.363457
0.361981
0.362599
0.361143
0.362721
0.362279
0.361655
0.362506
0.361094
0.362811
0.362041
0.361905
0.361885
0.361786
0.361992
0.361088
0.362289
0.361621
0.361854
0.360671
0.362505
0.361500
0.361988
0.360118
0.362852
0.362167
0.360642
0.362946
0.362026
0.362002
0.361694
0.362089
0.361057
0.362320
0.361816
0.361480
0.362042
0.360432
0.363136
0.361848
0.361509
0.361899
0.361044
0.362259
0.361591
0.361909
0.360474
0.362691
0.361207
0.362031
0.360434
0.362209
0.361487
0.361305
0.361404
0.360953
0.361861
0.359668
0.362094
0.362562
0.362097
0.361116
0.361569
0.361646
0.361562
0.361392
0.361261
0.361154
0.361119
0.360989
0.361142
0.360392
0.361494
0.360204
0.361392
0.360695
0.360975
0.359919
0.361377
0.360859
0.360476
0.361139
0.359317
0.361864
0.361543
0.359884
0.361820
0.361286
0.360977
0.361294
0.360484
0.361514
0.360329
0.361407
0.360644
0.361190
0.359605
0.362049
0.360385
0.361138
0.359735
0.361076
0.360716
0.360256
0.360971
0.359345
0.361793
0.360126
0.360822
0.359378
0.360818
0.360459
0.359847
0.360736
0.359167
0.361248
0.359934
0.360490
0.358954
0.360850
0.360046
0.359933
0.359775
0.359934
0.359401
0.360367
0.358108
0.360536
0.361062
0.360484
0.359457
0.360141
0.360121
0.360074
0.359855
0.359836
0.359526
0.359932
0.358716
0.360380
0.359567
0.359511
0.359238
0.359754
0.358319
0.360684
0.358785
0.359748
0.358934
0.359566
0.358261
0.359829
0.359192
0.358763
0.359357
0.357938
0.360068
0.358631
0.359325
0.357686
0.359610
0.358745
0.358760
0.358318
0.359036
0.357373
0.359947
0.358223
0.358835
0.357321
0.358964
0.358501
0.357957
0.358742
0.357185
0.359313
0.357958
0.358537
0.356980
0.358851
0.358075
0.357924
0.357887
0.357767
0.358015
0.357045
0.358354
0.357692
0.357764
0.357123
0.358268
0.356216
0.358738
0.358430
0.356856
0.358528
0.358254
0.357812
0.358395
0.357152
0.358509
0.358024
0.357589
0.358275
0.356644
0.359239
0.357392
0.358171
0.356757
0.358088
0.357674
0.357406
0.357768
0.356616
0.358128
0.357507
0.357198
0.357668
0.356248
0.358634
0.356694
0.357723
0.356875
0.357477
0.356110
0.357908
0.357026
0.357029
0.356541
0.357409
0.355419
0.357986
0.357701
0.356266
0.357551
0.357261
0.357164
0.357188
0.356831
0.357402
0.355668
0.358403
0.356691
0.357172
0.355650
0.357491
0.356850
0.356513
0.356927
0.355754
0.357306
0.356704
0.356367
0.356904
0.355348
0.357955
0.355894
0.356860
0.355941
0.356682
0.355239
0.357067
0.356143
0.356171
0.355629
0.356556
0.354596
0.357272
0.356696
0.354788
0.357595
0.356550
0.356376
0.356392
0.356182
0.356514
0.355477
0.356736
0.356064
0.356209
0.355380
0.356593
0.355265
0.356502
0.355715
0.356115
0.354696
0.356867
0.355376
0.356218
0.354405
0.356592
0.355272
0.355818
0.354251
0.356108
0.355314
0.355195
0.355100
0.355152
0.354938
0.355380
0.353580
0.356382
0.355807
0.353633
0.356620
0.356545
0.355620
0.356202
0.355548
0.356252
0.355072
0.356224
0.355532
0.355766
0.354813
0.356024
0.355088
0.355928
0.353856
0.356705
0.355498
0.354778
0.355846
0.354686
0.355875
0.355162
0.355426
0.354325
0.355645
0.354999
0.355154
0.354257
0.355493
0.354304
0.355401
0.353940
0.355298
0.354634
0.354743
0.354167
0.355225
0.352980
0.355488
0.355881
0.354192
0.355276
0.354987
0.355091
0.354801
0.355077
0.354084
0.355287
0.354282
0.355182
0.353221
0.355979
0.354152
0.354761
0.353244
0.354833
0.354415
0.353873
0.354694
0.353020
0.355348
0.353640
0.353640
0.354427
0.352938
0.354338
0.353893
0.353507
0.354098
0.352546
0.354880
0.353109
0.354004
0.352627
0.353877
0.353203
0.353551
0.352301
0.353805
0.353201
0.352934
0.353322
0.352095
0.353909
0.352828
0.353291
0.351491
0.354272
0.352290
0.353172
0.351877
0.353049
0.352030
0.352985
0.351233
0.353289
0.351931
0.352526
0.350884
0.352940
0.351857
0.352133
0.350943
0.352354
0.351733
0.351807
0.351174
0.352269
0.349976
0.352538
0.352809
0.351214
0.352272
0.351854
0.352180
0.351475
0.352369
0.350568
0.352816
0.351199
0.351944
0.350387
0.352003
0.351466
0.351002
0.351700
0.350066
0.352471
0.350636
0.351527
0.350161
0.351387
0.350597
0.351160
0.349493
0.351760
0.350135
0.350932
0.349267
0.351038
0.350317
0.350104
0.350263
0.349643
0.350729
0.348563
0.351296
0.350740
0.348821
0.351620
0.350460
0.350446
0.350123
0.350504
0.349578
0.350744
0.349472
0.350575
0.349311
0.350436
0.349115
0.350306
0.349302
0.350187
0.348191
0.350979
0.349049
0.349745
0.348197
0.349728
0.349267
0.348805
0.349489
0.347825
0.350251
0.348352
0.349271
0.347966
0.349150
0.348128
0.349085
0.347294
0.349401
0.347966
0.348622
0.346966
0.348924
0.347971
0.348052
0.347373
0.348427
0.346467
0.349205
0.347149
0.347890
0.346351
0.347862
0.347405
0.347007
0.347593
0.346023
0.348295
0.346574
0.347457
0.345852
0.347396
0.346845
0.346525
0.347001
0.345634
0.347547
0.346365
0.346898
0.345078
0.347748
0.345757
0.346659
0.345363
0.346517
0.345348
0.346436
0.344991
0.346267
0.345469
0.345876
0.344470
0.346339
0.345289
0.345646
0.344161
0.346194
0.345015
0.345568
0.343717
0.346394
0.344396
0.345300
0.343957
0.345154
0.344090
0.345074
0.343240
0.345398
0.343834
0.344588
0.342847
0.344850
0.343812
0.344014
0.343035
0.344310
0.342988
0.344168
0.342987
0.344029
0.342059
0.344614
0.342524
0.343470
0.342257
0.343358
0.341935
0.343255
0.342515
0.342679
0.341836
0.343076
0.341278
0.343429
0.341479
0.342524
0.341284
0.342433
0.340977
0.342331
0.341576
0.341752
0.340884
0.342149
0.340441
0.342305
0.340801
0.341675
0.339680
0.342317
0.340376
0.341217
0.339681
0.341089
0.340465
0.340510
0.340018
0.340903
0.338594
0.341145
0.341983
0.339910
0.341131
0.340985
0.340867
0.341001
0.340476
0.341230
0.339327
0.342027
0.339881
0.340709
0.339419
0.340610
0.339614
0.340515
0.338691
0.340856
0.339319
0.340033
0.338379
0.340184
0.339348
0.339265
0.339030
0.339387
0.338272
0.339728
0.338898
0.339176
0.337846
0.339753
0.338560
0.339240
0.337094
0.340025
0.338795
0.338013
0.339190
0.337874
0.339145
0.338348
0.338713
0.337355
0.339075
0.338217
0.338378
0.337452
0.338771
0.337372
0.338627
0.337577
0.338463
0.336265
0.339135
0.338352
0.336719
0.339132
0.338028
0.338213
0.337476
0.338497
0.336740
0.338878
0.337209
0.338016
0.336354
0.338075
0.337378
0.337198
0.337322
0.336843
0.337822
0.335457
0.337963
0.338879
0.336797
0.337974
0.337859
0.337739
0.337866
0.337393
0.338027
0.336407
0.338496
0.336926
0.337669
0.336064
0.337724
0.337066
0.336842
0.337074
0.336380
0.337508
0.335634
0.338011
0.335772
0.336785
0.336016
0.336483
0.335415
0.336654
0.335805
0.336402
0.334608
0.337179
0.335061
0.335981
0.334989
0.335841
0.334368
0.335930
0.335234
0.335038
0.335225
0.334662
0.335718
0.333515
0.336198
0.335605
0.333781
0.336405
0.335217
0.335392
0.334779
0.335606
0.334155
0.335681
0.334974
0.334774
0.334957
0.334425
0.335435
0.333286
0.336038
0.334983
0.333717
0.335442
0.335079
0.334729
0.335245
0.334016
0.335400
0.334776
0.334682
0.334604
0.334693
0.334378
0.335073
0.332871
0.335456
0.335774
0.334080
0.335326
0.335140
0.335107
0.335145
0.334884
0.335220
0.334149
0.335390
0.334648
0.334993
0.333727
0.335344
0.334609
0.334617
0.334281
0.335023
0.333220
0.335987
0.333727
0.334534
0.333379
0.334459
0.333382
0.334390
0.333078
0.334211
0.333271
0.334066
0.332334
0.334545
0.332832
0.333636
0.332234
0.333520
0.332979
0.333037
0.332641
0.333357
0.331576
0.334212
0.331856
0.332803
0.332058
0.332555
0.331594
0.332761
0.331743
0.332625
0.330800
0.333016
0.331280
0.332088
0.330754
0.331964
0.331289
0.331670
0.330486
0.331844
0.331216
0.331255
0.330837
0.331668
0.329663
0.332413
0.331181
0.330224
0.331574
0.330967
0.331471
0.330155
0.331626
0.330988
0.330837
0.330951
0.330584
0.331408
0.329246
0.331873
0.331580
0.329937
0.331721
0.331381
0.331084
0.331512
0.330608
0.331705
0.330450
0.331500
0.330444
0.331355
0.329753
0.331467
0.330505
0.330748
0.329863
0.331053
0.329879
0.330934
0.329667
0.330749
0.329577
0.330615
0.329245
0.330450
0.329717
0.330101
0.328880
0.330375
0.329702
0.329690
0.329399
0.330041
0.328308
0.331039
0.331039
0.328599
0.329545
0.328758
0.329361
0.328227
0.329521
0.328866
0.328984
0.328316
0.329405
0.327483
0.330033
0.327684
0.328617
0.327831
0.328459
0.327316
0.328591
0.327936
0.328070
0.327378
0.328472
0.326623
0.329002
0.326696
0.327717
0.327045
0.327392
0.326684
0.327742
0.326111
0.327820
0.326634
0.327154
0.325726
0.327403
0.326632
0.326644
0.326260
0.327011
0.325245
0.327877
0.325531
0.326426
0.325596
0.326287
0.325065
0.326379
0.325781
0.325692
0.325625
0.325712
0.325427
0.326070
0.323994
0.326556
0.326363
0.324890
0.326296
0.326099
0.325920
0.326230
0.325448
0.326510
0.324917
0.326460
0.325514
0.325785
0.324853
0.326063
0.325085
0.325982
0.324143
0.326429
0.324495
0.325374
0.324389
0.325289
0.323953
0.325212
0.324617
0.324547
0.324468
0.324599
0.324197
0.325042
0.322781
0.325217
0.325676
0.323988
0.325153
0.325026
0.324989
0.325076
0.324775
0.325202
0.323995
0.325344
0.324687
0.324630
0.324513
0.324793
0.324027
0.325158
0.323657
0.325053
0.324207
0.324590
0.323432
0.324877
0.324242
0.324223
0.323943
0.324548
0.322930
0.325483
0.322961
0.324138
0.323361
0.323638
0.323109
0.324036
0.322383
0.324397
0.322698
0.323506
0.322256
0.323396
0.322707
0.323203
0.321858
0.323408
0.322645
0.322720
0.322248
0.323150
0.321330
0.323854
0.321579
0.322415
0.321585
0.322333
0.321142
0.322376
0.321786
0.321780
0.321510
0.322046
0.320628
0.322676
0.320772
0.321728
0.320844
0.321620
0.320219
0.321801
0.320990
0.321074
0.320556
0.321478
0.319714
0.322090
0.319841
0.320737
0.320029
0.320533
0.319602
0.320721
0.319765
0.320590
0.318871
0.320895
0.319306
0.320050
0.318741
0.319947
0.319388
0.319548
0.318919
0.319913
0.318158
0.320365
0.318276
0.319184
0.318448
0.319006
0.317945
0.319128
0.318426
0.318788
0.317594
0.319001
0.318354
0.318388
0.317996
0.318805
0.316954
0.319565
0.317601
0.318145
0.316796
0.318233
0.317800
0.317560
0.317887
0.317001
0.318156
0.317056
0.318005
0.316397
0.318041
0.317005
0.317482
0.316167
0.317720
0.317041
0.317058
0.316739
0.317412
0.315791
0.318202
0.315825
0.316867
0.316215
0.316442
0.316028
0.316836
0.315191
0.317343
0.315375
0.316247
0.315379
0.316155
0.314890
0.316174
0.315598
0.315505
0.315506
0.315476
0.315571
0.315170
0.316010
0.313779
0.316128
0.316693
0.314960
0.316146
0.316082
0.315965
0.316208
0.315698
0.316427
0.314940
0.316551
0.315512
0.315853
0.314845
0.316021
0.315378
0.315792
0.314586
0.315985
0.315386
0.315352
0.315224
0.315510
0.314727
0.315803
0.314478
0.315588
0.314775
0.315401
0.313852
0.315989
0.314195
0.315035
0.314034
0.314960
0.313722
0.314873
0.314263
0.314431
0.313793
0.314804
0.313170
0.315096
0.313348
0.314193
0.313169
0.314147
0.313018
0.314056
0.313180
0.313914
0.312373
0.314133
0.312934
0.313466
0.312140
0.313551
0.313016
0.312876
0.313012
0.312648
0.313438
0.311596
0.314116
0.312129
0.312700
0.311475
0.312730
0.312279
0.312295
0.312048
0.312506
0.311316
0.312791
0.311878
0.312242
0.311014
0.312533
0.311833
0.311963
0.311352
0.312399
0.310709
0.312810
0.310772
0.311674
0.310987
0.311487
0.310532
0.311644
0.310827
0.311482
0.309890
0.311881
0.310299
0.311048
0.309829
0.310945
0.310294
0.310759
0.309562
0.310893
0.310284
0.310298
0.310025
0.310620
0.309172
0.311268
0.309206
0.310192
0.309538
0.309898
0.309189
0.310224
0.308868
0.310063
0.309366
0.309577
0.308866
0.309935
0.308515
0.309868
0.309016
0.309354
0.308338
0.309595
0.308942
0.309294
0.308106
0.309567
0.308806
0.309060
0.308100
0.309324
0.308538
0.309184
0.307464
0.309840
0.307737
0.308581
0.307850
0.308451
0.307382
0.308550
0.307882
0.308199
0.307156
0.308389
0.307693
0.308089
0.306817
0.308436
0.307461
0.307943
0.306546
0.308296
0.307220
0.307738
0.306345
0.307937
0.307118
0.307335
0.306521
0.307625
0.306412
0.307463
0.306543
0.307324
0.305700
0.307713
0.306051
0.306828
0.305686
0.306735
0.305858
0.306674
0.305199
0.306685
0.305822
0.306078
0.305240
0.306343
0.305260
0.306218
0.304928
0.306024
0.305239
0.305868
0.304400
0.306239
0.304843
0.305544
0.304144
0.305505
0.304948
0.304911
0.304812
0.305027
0.304440
0.305448
0.303533
0.305922
0.303827
0.304532
0.303513
0.304558
0.303635
0.304528
0.303182
0.304367
0.303736
0.303910
0.303291
0.304281
0.302689
0.304527
0.302843
0.303668
0.302625
0.303623
0.302592
0.303551
0.302425
0.303392
0.302294
0.303245
0.302087
0.303091
0.302147
0.302998
0.301512
0.303063
0.302086
0.302502
0.301379
0.302650
0.302079
0.302195
0.301652
0.302605
0.300891
0.303089
0.300953
0.301796
0.301148
0.301647
0.300779
0.301832
0.300854
0.301711
0.300226
0.301675
0.300836
0.301116
0.300269
0.301369
0.301369
