0.968797
0.890932
0.882656
0.879941
0.880653
0.883373
0.887300
0.892076
0.897563
0.903657
0.910209
0.917034
0.923925
0.930665
0.937049
0.942908
0.948130
0.952659
0.956491
0.959663
0.962236
0.964285
0.965887
0.967117
0.968044
0.968730
0.969226
0.969577
0.969819
0.969981
0.970083
0.970142
0.970172
0.970181
0.970179
0.970171
0.970162
0.970156
0.970156
0.970163
0.970179
0.970206
0.970244
0.970293
0.970355
0.970427
0.970511
0.970604
0.970706
0.970815
0.970931
0.971053
0.971178
0.971302
0.971416
0.971506
0.971543
0.971490
0.971315
0.971041
0.970733
0.970433
0.970147
0.969857
0.969543
0.969188
0.968793
0.968366
0.967919
0.967466
0.967024
0.966605
0.966221
0.965875
0.965570
0.965302
0.965064
0.964851
0.964654
0.964470
0.964294
0.964125
0.963959
0.963796
0.963635
0.963475
0.963317
0.963159
0.963003
0.962848
0.962694
0.962541
0.962391
0.962242
0.962097
0.961954
0.961814
0.961679
0.961547
0.961420
0.961297
0.961179
0.961067
0.960958
0.960855
0.960755
0.960659
0.960567
0.960480
0.960396
0.960314
0.960231
0.960145
0.960054
0.959958
0.959860
0.959768
0.959691
0.959633
0.959594
0.959571
0.959561
0.959564
0.959577
0.959599
0.959629
0.959666
0.959709
0.959759
0.959814
0.959876
0.959942
0.960012
0.960084
0.960154
0.960218
0.960270
0.960300
0.960302
0.960270
0.960205
0.960118
0.960026
0.959939
0.959864
0.959800
0.959746
0.959700
0.959663
0.959639
0.959630
0.959641
0.959673
0.959726
0.959801
0.959897
0.960013
0.960147
0.960296
0.960459
0.960633
0.960817
0.961007
0.961204
0.961405
0.961610
0.961817
0.962026
0.962236
0.962449
0.962663
0.962881
0.963104
0.963342
0.963611
0.963872
0.964084
0.964283
0.964487
0.964694
0.964904
0.965102
0.965247
0.965347
0.965420
0.965476
0.965665
0.965847
0.966083
0.966263
0.966544
0.966659
0.966996
0.967065
0.967411
0.967554
0.967686
0.967877
0.968080
0.968282
0.968491
0.968667
0.968793
0.968918
0.969072
0.969247
0.969420
0.969592
0.969766
0.969938
0.970109
0.970281
0.970452
0.970622
0.970792
0.970961
0.971129
0.971296
0.971462
0.971628
0.971792
0.971955
0.972117
0.972278
0.972438
0.972596
0.972754
0.972910
0.973065
0.973219
0.973371
0.973522
0.973672
0.973820
0.973967
0.974111
0.974254
0.974395
0.974534
0.974669
0.974802
0.974932
0.975058
0.975180
0.975298
0.975413
0.975523
0.975629
0.975732
0.975831
0.975926
0.976018
0.976106
0.976191
0.976273
0.976352
0.976429
0.976503
0.976574
0.976644
0.976711
0.976776
0.976839
0.976900
0.976960
0.977017
0.977073
0.977127
0.977179
0.977229
0.977278
0.977324
0.977368
0.977411
0.977451
0.977488
0.977524
0.977557
0.977587
0.977614
0.977639
0.977661
0.977679
0.977695
0.977707
0.977717
0.977723
0.977727
0.977729
0.977728
0.977724
0.977719
0.977711
0.977701
0.977688
0.977671
0.977650
0.977625
0.977595
0.977560
0.977521
0.977477
0.977427
0.977372
0.977310
0.977242
0.977167
0.977082
0.976988
0.976884
0.976769
0.976644
0.976511
0.976372
0.976232
0.976096
0.975967
0.975847
0.975739
0.975642
0.975554
0.975475
0.975402
0.975335
0.975272
0.975212
0.975156
0.975103
0.975051
0.975002
0.974955
0.974908
0.974863
0.974818
0.974774
0.974731
0.974687
0.974644
0.974601
0.974559
0.974516
0.974473
0.974431
0.974389
0.974348
0.974307
0.974266
0.974227
0.974188
0.974150
0.974114
0.974079
0.974045
0.974013
0.973982
0.973953
0.973925
0.973899
0.973874
0.973851
0.973830
0.973811
0.973793
0.973777
0.973762
0.973749
0.973738
0.973729
0.973721
0.973715
0.973710
0.973707
0.973706
0.973706
0.973707
0.973711
0.973715
0.973722
0.973729
0.973739
0.973749
0.973761
0.973775
0.973790
0.973806
0.973824
0.973843
0.973863
0.973885
0.973908
0.973932
0.973958
0.973985
0.974013
0.974042
0.974073
0.974105
0.974137
0.974172
0.974207
0.974243
0.974281
0.974320
0.974359
0.974400
0.974442
0.974485
0.974530
0.974575
0.974621
0.974668
0.974717
0.974766
0.974817
0.974868
0.974921
0.974974
0.975029
0.975084
0.975140
0.975198
0.975256
0.975316
0.975376
0.975437
0.975499
0.975563
0.975627
0.975692
0.975758
0.975824
0.975892
0.975961
0.976030
0.976101
0.976172
0.976244
0.976317
0.976390
0.976465
0.976540
0.976616
0.976693
0.976771
0.976849
0.976928
0.977009
0.977089
0.977171
0.977254
0.977337
0.977422
0.977507
0.977593
0.977680
0.977768
0.977857
0.977947
0.978038
0.978129
0.978222
0.978316
0.978411
0.978506
0.978603
0.978701
0.978800
0.978899
0.979000
0.979102
0.979205
0.979308
0.979413
0.979519
0.979626
0.979733
0.979842
0.979952
0.980063
0.980174
0.980287
0.980400
0.980515
0.980630
0.980746
0.980864
0.980982
0.981101
0.981220
0.981341
0.981463
0.981585
0.981708
0.981832
0.981957
0.982083
0.982209
0.982336
0.982464
0.982593
0.982593
0.982722
0.982852
0.982983
0.983114
0.983247
0.983379
0.983513
0.983647
0.983782
0.983917
0.984054
0.984190
0.984328
0.984465
0.984604
0.984743
0.984883
0.985023
0.985164
0.985305
0.985447
0.985589
0.985732
0.985875
0.986018
0.986163
0.986307
0.986452
0.986598
0.986744
0.986890
0.987037
0.987184
0.987331
0.987479
0.987627
0.987776
0.987925
0.988074
0.988223
0.988373
0.988523
0.988674
0.988824
0.988975
0.989126
0.989278
0.989430
0.989581
0.989733
0.989886
0.990038
0.990191
0.990344
0.990496
0.990650
0.990803
0.990956
0.991110
0.991263
0.991417
0.991570
0.991724
0.991878
0.992032
0.992186
0.992340
0.992494
0.992648
0.992802
0.992956
0.993110
0.993264
0.993418
0.993572
0.993726
0.993879
0.994033
0.994186
0.994340
0.994493
0.994646
0.994800
0.994952
0.995105
0.995258
0.995410
0.995563
0.995715
0.995866
0.996018
0.996169
0.996321
0.996472
0.996622
0.996773
0.996923
0.997073
0.997222
0.997371
0.997520
0.997669
0.997817
0.997965
0.998112
0.998259
0.998406
0.998552
0.998698
0.998844
0.998989
0.999133
0.999278
0.999421
0.999565
0.999707
0.999850
0.999991
1.000132
1.000273
1.000413
1.000553
1.000692
1.000830
1.000968
1.001105
1.001242
1.001378
1.001513
1.001648
1.001782
1.001915
1.002048
1.002179
1.002311
1.002441
1.002571
1.002700
1.002828
1.002955
1.003082
1.003207
1.003332
1.003456
1.003579
1.003702
1.003823
1.003943
1.004063
1.004182
1.004299
1.004416
1.004531
1.004646
1.004760
1.004872
1.004984
1.005094
1.005203
1.005312
1.005419
1.005525
1.005629
1.005733
1.005835
1.005937
1.006036
1.006135
1.006232
1.006328
1.006423
1.006516
1.006608
1.006699
1.006788
1.006876
1.006962
1.007047
1.007130
1.007212
1.007292
1.007371
1.007448
1.007523
1.007597
1.007669
1.007739
1.007808
1.007875
1.007940
1.008003
1.008065
1.008125
1.008182
1.008238
1.008292
1.008344
1.008394
1.008442
1.008488
1.008532
1.008573
1.008613
1.008650
1.008685
1.008718
1.008749
1.008777
1.008803
1.008827
1.008848
1.008867
1.008883
1.008897
1.008908
1.008917
1.008923
1.008926
1.008927
1.008925
1.008921
1.008913
1.008903
1.008890
1.008874
1.008855
1.008834
1.008809
1.008781
1.008750
1.008716
1.008679
1.008639
1.008595
1.008549
1.008499
1.008446
1.008389
1.008329
1.008266
1.008199
1.008129
1.008055
1.007978
1.007897
1.007812
1.007724
1.007632
1.007537
1.007437
1.007334
1.007228
1.007117
1.007003
1.006884
1.006762
1.006636
1.006506
1.006372
1.006233
1.006091
1.005945
1.005795
1.005640
1.005482
1.005319
1.005152
1.004982
1.004806
1.004627
1.004444
1.004256
1.004064
1.003868
1.003668
1.003463
1.003255
1.003042
1.002825
1.002604
1.002379
1.002150
1.001917
1.001680
1.001439
1.001194
1.000945
1.000693
1.000436
1.000176
0.999912
0.999645
0.999374
0.999100
0.998822
0.998541
0.998257
0.997970
0.997680
0.997387
0.997092
0.996794
0.996494
0.996192
0.995887
0.995581
0.995272
0.994963
0.994651
0.994339
0.994025
0.993710
0.993394
0.993078
0.992760
0.992442
0.992124
0.991805
0.991486
0.991167
0.990847
0.990528
0.990208
0.989889
0.989570
0.989251
0.988933
0.988614
0.988297
0.987979
0.987662
0.987346
0.987030
0.986715
0.986401
0.986087
0.985774
0.985462
0.985150
0.984839
0.984529
0.984220
0.983912
0.983604
0.983297
0.982991
0.982685
0.982381
0.982077
0.981773
0.981470
0.981168
0.980866
0.980565
0.980264
0.979963
0.979663
0.979363
0.979063
0.978763
0.978463
0.978163
0.977863
0.977562
0.977262
0.976961
0.976659
0.976357
0.976053
0.975748
0.975441
0.975130
0.974816
0.974500
0.974194
0.973898
0.973617
0.973344
0.973073
0.972851
0.972523
0.972132
0.971770
0.971445
0.971151
0.970874
0.970599
0.970317
0.970029
0.969738
0.969449
0.969160
0.968870
0.968580
0.968305
0.968115
0.968019
0.967689
0.967265
0.966902
0.966618
0.966534
0.966152
0.965700
0.965334
0.965030
0.964808
0.964862
0.964442
0.963916
0.963594
0.963303
0.963371
0.962966
0.962467
0.962110
0.962010
0.961775
0.961913
0.961426
0.960859
0.960469
0.960685
0.960280
0.959796
0.959503
0.959721
0.959297
0.958762
0.958432
0.958687
0.958231
0.957646
0.957324
0.957631
0.957154
0.956512
0.956170
0.956466
0.955961
0.955105
0.955059
0.954412
0.954609
0.954016
0.953050
0.953115
0.952520
0.951668
0.951737
0.951193
0.950511
0.950536
0.950114
0.949413
0.949508
0.949005
0.948266
0.948351
0.947826
0.947142
0.947309
0.946790
0.946060
0.946226
0.945631
0.944930
0.945152
0.944586
0.943857
0.944073
0.943416
0.942701
0.942978
0.942374
0.941649
0.941894
0.941169
0.940464
0.940806
0.940187
0.939479
0.939758
0.938966
0.938317
0.938728
0.938021
0.937202
0.937632
0.936556
0.936701
0.935846
0.935731
0.934933
0.935145
0.934553
0.933623
0.933871
0.932872
0.932872
0.932569
0.931884
0.932363
0.931262
0.931168
0.930443
0.929621
0.929967
0.928969
0.929104
0.928137
0.928132
0.927356
0.926569
0.926875
0.926035
0.926076
0.924990
0.925005
0.924324
0.923557
0.923776
0.922796
0.923010
0.921929
0.921889
0.921120
0.920534
0.920459
0.919705
0.919907
0.918898
0.919041
0.917882
0.917762
0.917053
0.916798
0.916155
0.916295
0.915390
0.915368
0.914451
0.914398
0.913548
0.913474
0.912713
0.912631
0.911862
0.911772
0.911023
0.910916
0.910161
0.910062
0.909325
0.909219
0.908482
0.908373
0.907655
0.907544
0.906830
0.906714
0.906015
0.905896
0.905208
0.905085
0.904408
0.904282
0.903616
0.903488
0.902832
0.902702
0.902056
0.901925
0.901289
0.901156
0.900529
0.900396
0.899778
0.899644
0.899033
0.898898
0.898294
0.898158
0.897562
0.897425
0.896836
0.896698
0.896117
0.895979
0.895406
0.895267
0.894701
0.894563
0.894004
0.893867
0.893314
0.893179
0.892631
0.892500
0.891957
0.891830
0.891292
0.891170
0.890636
0.890519
0.889989
0.889875
0.889347
0.889234
0.888710
0.888597
0.888075
0.887961
0.887444
0.887329
0.886817
0.886701
0.886197
0.886079
0.885583
0.885464
0.884977
0.884855
0.884378
0.884254
0.883787
0.883660
0.883203
0.883072
0.882626
0.882486
0.882052
0.881901
0.881482
0.881321
0.880918
0.880748
0.880363
0.880186
0.879820
0.879635
0.879289
0.879098
0.878770
0.878574
0.878264
0.878063
0.877770
0.877564
0.877289
0.877078
0.876819
0.876605
0.876360
0.876145
0.875914
0.875699
0.875479
0.875268
0.875057
0.874850
0.874647
0.874447
0.874250
0.874057
0.873867
0.873681
0.873499
0.873320
0.873145
0.872975
0.872808
0.872645
0.872486
0.872332
0.872182
0.872036
0.871895
0.871759
0.871627
0.871499
0.871377
0.871259
0.871146
0.871037
0.870934
0.870836
0.870742
0.870654
0.870570
0.870492
0.870419
0.870351
0.870288
0.870230
0.870177
0.870130
0.870088
0.870052
0.870020
0.869994
0.869973
0.869957
0.869947
0.869941
0.869940
0.869945
0.869954
0.869968
0.869986
0.870009
0.870036
0.870068
0.870103
0.870143
0.870186
0.870233
0.870283
0.870337
0.870395
0.870455
0.870518
0.870585
0.870654
0.870726
0.870801
0.870878
0.870958
0.871041
0.871126
0.871214
0.871304
0.871396
0.871492
0.871589
0.871690
0.871793
0.871898
0.872006
0.872117
0.872231
0.872348
0.872468
0.872590
0.872716
0.872844
0.872976
0.873111
0.873248
0.873389
0.873533
0.873679
0.873829
0.873981
0.874136
0.874294
0.874453
0.874615
0.874779
0.874945
0.875113
0.875282
0.875453
0.875625
0.875797
0.875971
0.876144
0.876319
0.876493
0.876667
0.876841
0.877014
0.877187
0.877359
0.877529
0.877698
0.877865
0.878031
0.878194
0.878355
0.878512
0.878667
0.878819
0.878966
0.879110
0.879249
0.879384
0.879513
0.879637
0.879756
0.879869
0.879976
0.880076
0.880170
0.880258
0.880339
0.880413
0.880480
0.880541
0.880595
0.880642
0.880683
0.880717
0.880745
0.880767
0.880783
0.880794
0.880798
0.880798
0.880792
0.880781
0.880766
0.880746
0.880721
0.880692
0.880659
0.880621
0.880578
0.880530
0.880477
0.880418
0.880352
0.880279
0.880198
0.880109
0.880013
0.879910
0.879802
0.879688
0.879571
0.879451
0.879329
0.879205
0.879081
0.878957
0.878834
0.878711
0.878589
0.878468
0.878348
0.878229
0.878111
0.877994
0.877876
0.877759
0.877643
0.877526
0.877408
0.877291
0.877172
0.877053
0.876933
0.876812
0.876690
0.876567
0.876442
0.876315
0.876187
0.876056
0.875924
0.875789
0.875652
0.875512
0.875370
0.875224
0.875075
0.874924
0.874770
0.874613
0.874455
0.874294
0.874133
0.873971
0.873809
0.873648
0.873487
0.873327
0.873167
0.873008
0.872849
0.872691
0.872533
0.872375
0.872216
0.872057
0.871896
0.871735
0.871573
0.871411
0.871248
0.871085
0.870923
0.870762
0.870602
0.870443
0.870283
0.870124
0.869965
0.869805
0.869645
0.869485
0.869324
0.869163
0.869001
0.868838
0.868675
0.868512
0.868347
0.868182
0.868017
0.867850
0.867683
0.867515
0.867347
0.867177
0.867007
0.866836
0.866664
0.866491
0.866318
0.866143
0.865968
0.865792
0.865614
0.865436
0.865258
0.865078
0.864897
0.864716
0.864534
0.864351
0.864168
0.863983
0.863798
0.863613
0.863426
0.863239
0.863052
0.862864
0.862675
0.862486
0.862296
0.862106
0.861916
0.861725
0.861534
0.861343
0.861152
0.860960
0.860768
0.860576
0.860384
0.860192
0.860000
0.859808
0.859616
0.859425
0.859233
0.859042
0.858851
0.858661
0.858470
0.858281
0.858091
0.857903
0.857714
0.857527
0.857340
0.857154
0.856968
0.856784
0.856600
0.856417
0.856235
0.856054
0.855874
0.855695
0.855518
0.855342
0.855167
0.854993
0.854821
0.854651
0.854482
0.854315
0.854150
0.853987
0.853826
0.853668
0.853511
0.853356
0.853204
0.853054
0.852906
0.852760
0.852617
0.852476
0.852338
0.852202
0.852202
0.852068
0.851937
0.851806
0.851695
0.851420
0.851386
0.851286
0.851162
0.851015
0.850840
0.850693
0.850522
0.850352
0.850189
0.850026
0.849861
0.849695
0.849529
0.849362
0.849195
0.849030
0.848865
0.848702
0.848541
0.848382
0.848225
0.848071
0.847919
0.847770
0.847624
0.847481
0.847340
0.847203
0.847068
0.846937
0.846809
0.846684
0.846562
0.846443
0.846327
0.846215
0.846106
0.846000
0.845898
0.845799
0.845703
0.845611
0.845522
0.845436
0.845353
0.845274
0.845198
0.845126
0.845057
0.844990
0.844928
0.844868
0.844812
0.844759
0.844709
0.844662
0.844618
0.844578
0.844541
0.844507
0.844476
0.844448
0.844423
0.844402
0.844383
0.844368
0.844356
0.844346
0.844340
0.844337
0.844337
0.844340
0.844346
0.844356
0.844368
0.844384
0.844402
0.844424
0.844449
0.844477
0.844508
0.844542
0.844579
0.844620
0.844663
0.844710
0.844760
0.844812
0.844868
0.844927
0.844989
0.845054
0.845121
0.845192
0.845265
0.845341
0.845420
0.845502
0.845586
0.845672
0.845762
0.845853
0.845947
0.846043
0.846142
0.846242
0.846345
0.846449
0.846556
0.846664
0.846774
0.846885
0.846998
0.847113
0.847229
0.847346
0.847464
0.847583
0.847704
0.847825
0.847947
0.848070
0.848193
0.848317
0.848441
0.848566
0.848691
0.848817
0.848942
0.849068
0.849193
0.849319
0.849444
0.849569
0.849694
0.849819
0.849942
0.850066
0.850189
0.850311
0.850432
0.850553
0.850673
0.850792
0.850910
0.851027
0.851143
0.851257
0.851371
0.851483
0.851594
0.851704
0.851812
0.851919
0.852024
0.852127
0.852229
0.852330
0.852428
0.852525
0.852620
0.852714
0.852805
0.852894
0.852982
0.853067
0.853151
0.853232
0.853311
0.853388
0.853463
0.853536
0.853606
0.853674
0.853740
0.853803
0.853864
0.853923
0.853979
0.854033
0.854085
0.854134
0.854180
0.854225
0.854266
0.854305
0.854342
0.854376
0.854408
0.854437
0.854464
0.854488
0.854510
0.854529
0.854546
0.854561
0.854573
0.854582
0.854589
0.854594
0.854597
0.854597
0.854595
0.854590
0.854584
0.854575
0.854564
0.854551
0.854535
0.854518
0.854498
0.854477
0.854453
0.854428
0.854400
0.854371
0.854340
0.854307
0.854272
0.854236
0.854197
0.854157
0.854116
0.854073
0.854028
0.853982
0.853935
0.853886
0.853835
0.853784
0.853731
0.853676
0.853621
0.853564
0.853506
0.853447
0.853387
0.853326
0.853264
0.853201
0.853137
0.853072
0.853006
0.852939
0.852871
0.852803
0.852734
0.852664
0.852594
0.852523
0.852451
0.852379
0.852306
0.852232
0.852158
0.852084
0.852009
0.851933
0.851857
0.851781
0.851705
0.851628
0.851551
0.851473
0.851395
0.851317
0.851239
0.851161
0.851082
0.851003
0.850924
0.850845
0.850766
0.850686
0.850607
0.850528
0.850448
0.850369
0.850289
0.850210
0.850131
0.850051
0.849972
0.849893
0.849814
0.849735
0.849656
0.849578
0.849499
0.849421
0.849343
0.849265
0.849188
0.849111
0.849034
0.848957
0.848880
0.848804
0.848729
0.848653
0.848578
0.848504
0.848429
0.848356
0.848282
0.848209
0.848137
0.848065
0.847993
0.847923
0.847852
0.847782
0.847713
0.847644
0.847576
0.847509
0.847442
0.847376
0.847311
0.847246
0.847182
0.847119
0.847056
0.846995
0.846934
0.846874
0.846815
0.846757
0.846699
0.846643
0.846587
0.846533
0.846480
0.846427
0.846376
0.846326
0.846277
0.846229
0.846183
0.846137
0.846093
0.846050
0.846009
0.845969
0.845930
0.845893
0.845858
0.845824
0.845791
0.845761
0.845732
0.845704
0.845679
0.845656
0.845634
0.845614
0.845597
0.845581
0.845568
0.845557
0.845548
0.845542
0.845538
0.845537
0.845538
0.845542
0.845549
0.845559
0.845572
0.845587
0.845606
0.845629
0.845654
0.845683
0.845715
0.845752
0.845791
0.845835
0.845883
0.845935
0.845990
0.846051
0.846115
0.846184
0.846258
0.846336
0.846419
0.846507
0.846599
0.846697
0.846800
0.846908
0.847021
0.847140
0.847264
0.847393
0.847527
0.847667
0.847813
0.847963
0.848119
0.848281
0.848448
0.848621
0.848800
0.848985
0.849179
0.849384
0.849600
0.849830
0.850074
0.850330
0.850596
0.850872
0.851155
0.851443
0.851736
0.852032
0.852331
0.852632
0.852936
0.853242
0.853550
0.853860
0.854173
0.854487
0.854804
0.855122
0.855443
0.855766
0.856091
0.856418
0.856747
0.857079
0.857412
0.857749
0.858087
0.858429
0.858772
0.859119
0.859468
0.859819
0.860174
0.860531
0.860891
0.861254
0.861620
0.861988
0.862360
0.862735
0.863113
0.863494
0.863877
0.864265
0.864655
0.865048
0.865445
0.865845
0.866248
0.866654
0.867064
0.867477
0.867893
0.868313
0.868736
0.869162
0.869592
0.870025
0.870461
0.870901
0.871344
0.871791
0.872241
0.872694
0.873151
0.873612
0.874076
0.874543
0.875014
0.875489
0.875967
0.876448
0.876933
0.877422
0.877914
0.878409
0.878909
0.879411
0.879918
0.880428
0.880941
0.881459
0.881979
0.882504
0.882504
0.883032
0.883563
0.884099
0.884638
0.885180
0.885726
0.886276
0.886830
0.887387
0.887948
0.888512
0.889080
0.889652
0.890227
0.890806
0.891389
0.891975
0.892565
0.893159
0.893756
0.894357
0.894962
0.895570
0.896182
0.896797
0.897416
0.898039
0.898665
0.899295
0.899929
0.900566
0.901206
0.901850
0.902498
0.903149
0.903804
0.904462
0.905124
0.905789
0.906457
0.907130
0.907805
0.908484
0.909166
0.909852
0.910541
0.911234
0.911929
0.912628
0.913331
0.914036
0.914745
0.915457
0.916173
0.916891
0.917613
0.918338
0.919066
0.919797
0.920531
0.921268
0.922009
0.922752
0.923498
0.924247
0.925000
0.925755
0.926513
0.927274
0.928037
0.928804
0.929573
0.930346
0.931121
0.931898
0.932679
0.933462
0.934248
0.935036
0.935827
0.936621
0.937418
0.938217
0.939019
0.939823
0.940630
0.941439
0.942251
0.943065
0.943882
0.944702
0.945524
0.946349
0.947176
0.948005
0.948837
0.949672
0.950509
0.951348
0.952190
0.953035
0.953882
0.954731
0.955583
0.956438
0.957295
0.958154
0.959016
0.959880
0.960748
0.961617
0.962489
0.963364
0.964241
0.965121
0.966003
0.966888
0.967776
0.968666
0.969559
0.970455
0.971353
0.972254
0.973158
0.974064
0.974973
0.975885
0.976800
0.977718
0.978638
0.979561
0.980487
0.981417
0.982349
0.983283
0.984221
0.985162
0.986106
0.987053
0.988003
0.988955
0.989911
0.990870
0.991832
0.992797
0.993765
0.994736
0.995710
0.996687
0.997667
0.998650
0.999636
1.000624
1.001616
1.002611
1.003609
1.004610
1.005613
1.006619
1.007629
1.008641
1.009655
1.010673
1.011693
1.012716
1.013742
1.014770
1.015801
1.016835
1.017871
1.018909
1.019950
1.020994
1.022040
1.023088
1.024138
1.025191
1.026246
1.027303
1.028363
1.029424
1.030488
1.031553
1.032621
1.033690
1.034762
1.035835
1.036910
1.037988
1.039067
1.040148
1.041231
1.042316
1.043404
1.044494
1.045586
1.046682
1.047782
1.048887
1.049999
1.051118
1.052249
1.053411
1.054861
1.055989
1.056981
1.057920
1.059016
1.059957
1.061293
1.061888
1.063662
1.063761
1.065921
1.066577
1.067735
1.068147
1.070249
1.070676
1.072246
1.072353
1.074539
1.075562
1.075850
1.077746
1.077547
1.080031
1.081376
1.080546
1.083421
1.084956
1.083780
1.086706
1.088308
1.087802
1.089764
1.089329
1.091813
1.093458
1.092727
1.094997
1.095679
1.096603
1.096801
1.099084
1.100143
1.100142
1.102284
1.101514
1.104576
1.106264
1.106892
1.107595
1.106991
1.109775
1.111342
1.110938
1.112627
1.111340
1.115000
1.116563
1.117215
1.118948
1.120354
1.121619
1.122846
1.123956
1.125020
1.126027
1.126984
1.127913
1.128825
1.129729
1.130628
1.131523
1.132417
1.133308
1.134199
1.135089
1.135981
1.136874
1.137769
1.138666
1.139565
1.140466
1.141367
1.142269
1.143171
1.144074
1.144977
1.145880
1.146784
1.147688
1.148593
1.149498
1.150402
1.151308
1.152213
1.153118
1.154024
1.154930
1.155835
1.156741
1.157647
1.158552
1.159458
1.160363
1.161267
1.162171
1.163074
1.163977
1.164879
1.165780
1.166679
1.167577
1.168474
1.169369
1.170263
1.171155
1.172045
1.172933
1.173819
1.174703
1.175584
1.176463
1.177339
1.178213
1.179084
1.179953
1.180819
1.181681
1.182541
1.183398
1.184252
1.185103
1.185950
1.186794
1.187635
1.188473
1.189307
1.190137
1.190964
1.191788
1.192608
1.193424
1.194236
1.195044
1.195849
1.196650
1.197446
1.198239
1.199028
1.199812
1.200592
1.201368
1.202139
1.202907
1.203669
1.204427
1.205181
1.205930
1.206675
1.207414
1.208149
1.208880
1.209605
1.210326
1.211042
1.211754
1.212460
1.213162
1.213860
1.214552
1.215240
1.215924
1.216603
1.217277
1.217947
1.218612
1.219274
1.219930
1.220583
1.221231
1.221876
1.222516
1.223152
1.223785
1.224413
1.225038
1.225659
1.226276
1.226889
1.227500
1.228106
1.228710
1.229310
1.229906
1.230500
1.231091
1.231678
1.232263
1.232845
1.233424
1.234001
1.234575
1.235147
1.235716
1.236284
1.236849
1.237412
1.237973
1.238532
1.239089
1.239645
1.240199
1.240752
1.241303
1.241853
1.242402
1.242949
1.243496
1.244042
1.244586
1.245130
1.245673
1.246216
1.246758
1.247299
1.247840
1.248381
1.248921
1.249462
1.250002
1.250542
1.251081
1.251621
1.252161
1.252701
1.253242
1.253782
1.254323
1.254864
1.255405
1.255947
1.256489
1.257031
1.257574
1.258118
1.258662
1.259207
1.259752
1.260298
1.260844
1.261391
1.261939
1.262487
1.263036
1.263586
1.264137
1.264688
1.265239
1.265792
1.266345
1.266899
1.267453
1.268008
1.268564
1.269120
1.269677
1.270234
1.270792
1.271351
1.271909
1.272468
1.273027
1.273587
1.274146
1.274706
1.275266
1.275825
1.276385
1.276944
1.277503
1.278062
1.278620
1.279178
1.279734
1.280290
1.280846
1.281400
1.281953
1.282505
1.283056
1.283605
1.284153
1.284699
1.285244
1.285786
1.286327
1.286327
1.286866
1.287403
1.287938
1.288470
1.289000
1.289528
1.290053
1.290576
1.291095
1.291613
1.292127
1.292639
1.293147
1.293653
1.294156
1.294655
1.295152
1.295645
1.296135
1.296622
1.297106
1.297586
1.298064
1.298538
1.299008
1.299476
1.299940
1.300400
1.300858
1.301312
1.301763
1.302210
1.302654
1.303095
1.303533
1.303967
1.304399
1.304827
1.305252
1.305673
1.306092
1.306508
1.306920
1.307330
1.307736
1.308140
1.308541
1.308939
1.309334
1.309726
1.310116
1.310502
1.310887
1.311268
1.311647
1.312024
1.312398
1.312770
1.313140
1.313507
1.313872
1.314234
1.314595
1.314954
1.315310
1.315665
1.316017
1.316368
1.316718
1.317065
1.317411
1.317755
1.318098
1.318440
1.318780
1.319119
1.319457
1.319794
1.320130
1.320465
1.320800
1.321134
1.321468
1.321801
1.322135
1.322469
1.322803
1.323138
1.323475
1.323812
1.324152
1.324494
1.324839
1.325189
1.325544
1.325907
1.326281
1.326673
1.327105
1.327669
1.327980
1.327676
1.329195
1.329197
1.329721
1.328965
1.330075
1.329854
1.330320
1.329679
1.330947
1.330804
1.331113
1.330442
1.331603
1.331270
1.331824
1.331011
1.332147
1.332038
1.332072
1.331693
1.332634
1.332086
1.333068
1.332640
1.333165
1.332503
1.333569
1.333383
1.333804
1.333286
1.334315
1.334034
1.334666
1.334155
1.335080
1.334789
1.335450
1.335028
1.335920
1.335634
1.336330
1.335956
1.336779
1.336484
1.337207
1.336882
1.337652
1.337366
1.338094
1.337806
1.338536
1.338266
1.338978
1.338717
1.339417
1.339170
1.339857
1.339622
1.340294
1.340072
1.340730
1.340521
1.341164
1.340968
1.341596
1.341415
1.342026
1.341860
1.342455
1.342304
1.342881
1.342747
1.343306
1.343189
1.343729
1.343630
1.344150
1.344071
1.344570
1.344511
1.344988
1.344950
1.345405
1.345389
1.345821
1.345828
1.346236
1.346266
1.346650
1.346704
1.347065
1.347142
1.347479
1.347579
1.347894
1.348016
1.348311
1.348452
1.348729
1.348888
1.349149
1.349324
1.349572
1.349759
1.349997
1.350194
1.350425
1.350629
1.350856
1.351065
1.351289
1.351502
1.351724
1.351940
1.352161
1.352379
1.352600
1.352819
1.353040
1.353261
1.353483
1.353704
1.353926
1.354149
1.354372
1.354595
1.354818
1.355042
1.355266
1.355491
1.355715
1.355940
1.356166
1.356391
1.356617
1.356843
1.357069
1.357296
1.357523
1.357750
1.357977
1.358204
1.358432
1.358660
1.358888
1.359117
1.359345
1.359574
1.359803
1.360032
1.360262
1.360492
1.360722
1.360952
1.361182
1.361413
1.361644
1.361875
1.362106
1.362338
1.362570
1.362802
1.363034
1.363266
1.363499
1.363732
1.363965
1.364199
1.364433
1.364667
1.364901
1.365135
1.365370
1.365605
1.365840
1.366076
1.366312
1.366548
1.366784
1.367021
1.367258
1.367495
1.367733
1.367971
1.368209
1.368447
1.368686
1.368925
1.369164
1.369404
1.369644
1.369884
1.370125
1.370366
1.370607
1.370849
1.371091
1.371334
1.371576
1.371819
1.372063
1.372307
1.372551
1.372795
1.373040
1.373286
1.373532
1.373778
1.374024
1.374271
1.374518
1.374766
1.375014
1.375263
1.375512
1.375761
1.376011
1.376261
1.376512
1.376763
1.377015
1.377267
1.377520
1.377773
1.378026
1.378280
1.378535
1.378790
1.379045
1.379301
1.379557
1.379814
1.380072
1.380330
1.380588
1.380847
1.381107
1.381367
1.381627
1.381889
1.382150
1.382412
1.382675
1.382939
1.383202
1.383467
1.383732
1.383998
1.384264
1.384530
1.384798
1.385066
1.385334
1.385604
1.385873
1.386144
1.386415
1.386686
1.386959
1.387231
1.387505
1.387779
1.388054
1.388329
1.388605
1.388882
1.389159
1.389438
1.389716
1.389996
1.390276
1.390556
1.390838
1.391120
1.391403
1.391686
1.391970
1.392255
1.392541
1.392827
1.393114
1.393401
1.393690
1.393979
1.394269
1.394559
1.394851
1.395143
1.395435
1.395729
1.396023
1.396318
1.396614
1.396910
1.397207
1.397505
1.397804
1.398103
1.398404
1.398705
1.399006
1.399309
1.399612
1.399916
1.400221
1.400527
1.400833
1.401140
1.401448
1.401757
1.402067
1.402377
1.402688
1.403000
1.403313
1.403626
1.403941
1.404256
1.404572
1.404889
1.405206
1.405525
1.405844
1.406164
1.406485
1.406807
1.407129
1.407453
1.407777
1.408102
1.408428
1.408754
1.409082
1.409410
1.409739
1.410069
1.410400
1.410732
1.411064
1.411398
1.411732
1.412067
1.412403
1.412740
1.413077
1.413416
1.413755
1.414095
1.414436
1.414778
1.415121
1.415464
1.415809
1.416154
1.416500
1.416847
1.417195
1.417544
1.417893
1.418244
1.418595
1.418947
1.419300
1.419654
1.420009
1.420364
1.420721
1.421078
1.421436
1.421795
1.422155
1.422515
1.422877
1.423239
1.423602
1.423967
1.424331
1.424697
1.425064
1.425431
1.425800
1.426169
1.426539
1.426910
1.427281
1.427654
1.428027
1.428401
1.428776
1.429152
1.429529
1.429907
1.430285
1.430664
1.431044
1.431425
1.431807
1.431807
1.432189
1.432573
1.432957
1.433342
1.433728
1.434115
1.434502
1.434890
1.435280
1.435670
1.436060
1.436452
1.436845
1.437238
1.437632
1.438027
1.438423
1.438820
1.439217
1.439615
1.440015
1.440415
1.440816
1.441217
1.441620
1.442023
1.442428
1.442833
1.443239
1.443646
1.444054
1.444463
1.444872
1.445283
1.445694
1.446107
1.446520
1.446934
1.447349
1.447765
1.448183
1.448600
1.449019
1.449439
1.449860
1.450282
1.450705
1.451128
1.451553
1.451979
1.452405
1.452833
1.453262
1.453691
1.454122
1.454553
1.454986
1.455420
1.455854
1.456290
1.456726
1.457164
1.457602
1.458042
1.458482
1.458923
1.459366
1.459809
1.460253
1.460699
1.461145
1.461592
1.462040
1.462489
1.462939
1.463389
1.463841
1.464293
1.464747
1.465201
1.465656
1.466112
1.466569
1.467027
1.467485
1.467944
1.468404
1.468865
1.469327
1.469789
1.470253
1.470717
1.471181
1.471647
1.472113
1.472580
1.473047
1.473516
1.473985
1.474454
1.474925
1.475396
1.475868
1.476340
1.476813
1.477287
1.477761
1.478236
1.478712
1.479188
1.479665
1.480142
1.480620
1.481099
1.481578
1.482058
1.482539
1.483020
1.483502
1.483984
1.484467
1.484950
1.485434
1.485919
1.486404
1.486890
1.487377
1.487864
1.488351
1.488840
1.489328
1.489818
1.490308
1.490798
1.491289
1.491781
1.492273
1.492766
1.493260
1.493754
1.494248
1.494743
1.495239
1.495736
1.496233
1.496730
1.497228
1.497727
1.498226
1.498726
1.499227
1.499728
1.500230
1.500732
1.501235
1.501738
1.502242
1.502747
1.503252
1.503758
1.504265
1.504772
1.505280
1.505788
1.506297
1.506806
1.507316
1.507827
1.508339
1.508850
1.509363
1.509876
1.510390
1.510904
1.511419
1.511935
1.512451
1.512968
1.513485
1.514003
1.514522
1.515041
1.515561
1.516081
1.516602
1.517124
1.517646
1.518169
1.518693
1.519217
1.519742
1.520267
1.520793
1.521319
1.521846
1.522374
1.522903
1.523431
1.523961
1.524491
1.525022
1.525553
1.526085
1.526618
1.527151
1.527685
1.528219
1.528754
1.529290
1.529826
1.530363
1.530900
1.531438
1.531976
1.532516
1.533055
1.533596
1.534136
1.534678
1.535220
1.535763
1.536306
1.536850
1.537394
1.537939
1.538485
1.539031
1.539578
1.540125
1.540673
1.541221
1.541770
1.542320
1.542870
1.543421
1.543972
1.544524
1.545076
1.545629
1.546183
1.546737
1.547292
1.547847
1.548403
1.548959
1.549516
1.550074
1.550632
1.551190
1.551749
1.552309
1.552869
1.553430
1.553991
1.554553
1.555115
1.555678
1.556242
1.556806
1.557370
1.557936
1.558501
1.559067
1.559634
1.560201
1.560769
1.561337
1.561906
1.562475
1.563045
1.563616
1.564186
1.564758
1.565330
1.565902
1.566475
1.567049
1.567623
1.568197
1.568772
1.569348
1.569924
1.570500
1.571077
1.571655
1.572233
1.572811
1.573390
1.573970
1.574550
1.575130
1.575711
1.576293
1.576875
1.577457
1.578040
1.578624
1.579207
1.579792
1.580377
1.580962
1.581548
1.582134
1.582721
1.583308
1.583896
1.584484
1.585073
1.585662
1.586252
1.586842
1.587433
1.588024
1.588615
1.589207
1.589800
1.590392
1.590986
1.591580
1.592174
1.592769
1.593364
1.593959
1.594555
1.595152
1.595749
1.596346
1.596944
1.597542
1.598141
1.598740
1.599340
1.599940
1.600541
1.601141
1.601743
1.602345
1.602947
1.603550
1.604153
1.604756
1.605360
1.605965
1.606569
1.607175
1.607780
1.608386
1.608993
1.609600
1.610207
1.610815
1.611423
1.612032
1.612641
1.613250
1.613860
1.614471
1.615081
1.615692
1.616304
1.616916
1.617528
1.618141
1.618754
1.619367
1.619981
1.620596
1.621210
1.621826
1.622441
1.623057
1.623673
1.624290
1.624907
1.625525
1.626143
1.626761
1.627380
1.627999
1.628618
1.629238
1.629858
1.630479
1.631100
1.631721
1.632343
1.632965
1.633588
1.634211
1.634834
1.635458
1.636082
1.636706
1.637331
1.637957
1.638582
1.639208
1.639834
1.640461
1.641088
1.641716
1.642343
1.642972
1.643600
1.644229
1.644858
1.645488
1.646118
1.646749
1.647379
1.648010
1.648642
1.649274
1.649906
1.650539
1.651171
1.651805
1.652438
1.653072
1.653707
1.654342
1.654977
1.655612
1.656248
1.656884
1.657520
1.658157
1.658795
1.659432
1.660070
1.660708
1.661347
1.661986
1.662625
1.663265
1.663905
1.664545
1.665186
1.665827
1.666468
1.667110
1.667752
1.668395
1.669038
1.669681
1.670324
1.670968
1.671612
1.672257
1.672901
1.673547
1.674192
1.674838
1.675484
1.676131
1.676778
1.677425
1.678073
1.678720
1.679369
1.680017
1.680666
1.681315
1.681965
1.682615
1.683265
1.683916
1.684567
1.685218
1.685870
1.686522
1.687174
1.687827
1.688480
1.689133
1.689786
1.690440
1.691095
1.691749
1.692404
1.693059
1.693715
1.694371
1.695027
1.695684
1.696341
1.696998
1.697656
1.698314
1.698972
1.699630
1.700289
1.700949
1.701608
1.702268
1.702928
1.703589
1.704250
1.704911
1.704911
1.705572
1.706234
1.706896
1.707559
1.708222
1.708885
1.709549
1.710212
1.710877
1.711541
1.712206
1.712871
1.713536
1.714202
1.714868
1.715535
1.716202
1.716869
1.717536
1.718204
1.718872
1.719540
1.720209
1.720878
1.721547
1.722217
1.722887
1.723558
1.724228
1.724899
1.725571
1.726242
1.726914
1.727586
1.728259
1.728932
1.729605
1.730279
1.730953
1.731627
1.732302
1.732977
1.733652
1.734327
1.735003
1.735679
1.736356
1.737033
1.737710
1.738387
1.739065
1.739743
1.740422
1.741101
1.741780
1.742459
1.743139
1.743819
1.744499
1.745180
1.745861
1.746543
1.747224
1.747906
1.748589
1.749271
1.749954
1.750638
1.751321
1.752005
1.752690
1.753374
1.754059
1.754744
1.755430
1.756116
1.756802
1.757489
1.758176
1.758863
1.759550
1.760238
1.760926
1.761615
1.762304
1.762993
1.763682
1.764372
1.765062
1.765753
1.766443
1.767135
1.767826
1.768518
1.769210
1.769902
1.770595
1.771288
1.771981
1.772675
1.773369
1.774063
1.774758
1.775453
1.776148
1.776844
1.777540
1.778236
1.778933
1.779629
1.780327
1.781024
1.781722
1.782420
1.783119
1.783818
1.784517
1.785216
1.785916
1.786616
1.787317
1.788017
1.788719
1.789420
1.790122
1.790824
1.791526
1.792229
1.792932
1.793635
1.794339
1.795043
1.795747
1.796452
1.797157
1.797862
1.798568
1.799273
1.799980
1.800686
1.801393
1.802100
1.802808
1.803516
1.804224
1.804932
1.805641
1.806350
1.807059
1.807769
1.808479
1.809190
1.809900
1.810611
1.811323
1.812034
1.812746
1.813458
1.814171
1.814884
1.815597
1.816310
1.817024
1.817738
1.818453
1.819168
1.819883
1.820598
1.821314
1.822030
1.822746
1.823463
1.824180
1.824897
1.825615
1.826333
1.827051
1.827769
1.828488
1.829207
1.829927
1.830646
1.831366
1.832087
1.832807
1.833528
1.834250
1.834971
1.835693
1.836415
1.837138
1.837861
1.838584
1.839307
1.840031
1.840755
1.841479
1.842204
1.842929
1.843654
1.844379
1.845105
1.845831
1.846558
1.847284
1.848011
1.848739
1.849466
1.850194
1.850922
1.851651
1.852380
1.853109
1.853838
1.854568
1.855298
1.856028
1.856759
1.857489
1.858221
1.858952
1.859684
1.860416
1.861148
1.861880
1.862613
1.863346
1.864080
1.864813
1.865547
1.866282
1.867016
1.867751
1.868486
1.869222
1.869957
1.870693
1.871429
1.872166
1.872903
1.873640
1.874377
1.875115
1.875852
1.876591
1.877329
1.878068
1.878807
1.879546
1.880285
1.881025
1.881765
1.882505
1.883246
1.883987
1.884728
1.885469
1.886211
1.886953
1.887695
1.888437
1.889180
1.889923
1.890666
1.891409
1.892153
1.892897
1.893641
1.894385
1.895130
1.895875
1.896620
1.897365
1.898111
1.898857
1.899603
1.900350
1.901096
1.901843
1.902590
1.903338
1.904085
1.904833
1.905581
1.906329
1.907078
1.907827
1.908576
1.909325
1.910074
1.910824
1.911574
1.912324
1.913074
1.913825
1.914576
1.915327
1.916078
1.916829
1.917581
1.918333
1.919085
1.919838
1.920590
1.921343
1.922096
1.922849
1.923602
1.924356
1.925110
1.925864
1.926618
1.927372
1.928127
1.928882
1.929637
1.930392
1.931147
1.931903
1.932659
1.933415
1.934171
1.934927
1.935684
1.936440
1.937197
1.937954
1.938712
1.939469
1.940227
1.940985
1.941743
1.942501
1.943259
1.944018
1.944776
1.945535
1.946294
1.947053
1.947813
1.948572
1.949332
1.950092
1.950852
1.951612
1.952372
1.953133
1.953893
1.954654
1.955415
1.956176
1.956937
1.957698
1.958460
1.959222
1.959983
1.960745
1.961507
1.962269
1.963032
1.963794
1.964557
1.965320
1.966082
1.966845
1.967608
1.968372
1.969135
1.969898
1.970662
1.971426
1.972190
1.972953
1.973717
1.974482
1.975246
1.976010
1.976775
1.977539
1.978304
1.979069
1.979833
1.980598
1.981363
1.982129
1.982894
1.983659
1.984425
1.985190
1.985956
1.986721
1.987487
1.988253
1.989019
1.989785
1.990551
1.991317
1.992083
1.992849
1.993615
1.994382
1.995148
1.995915
1.996681
1.997448
1.998215
1.998981
1.999748
2.000515
2.001282
2.002049
2.002816
2.003583
2.004350
2.005117
2.005884
2.006651
2.007418
2.008185
2.008953
2.009720
2.010487
2.011254
2.012022
2.012789
2.013556
2.014324
2.015091
2.015859
2.016626
2.017393
2.018161
2.018928
2.019696
2.020463
2.021231
2.021998
2.022765
2.023533
2.024300
2.025068
2.025835
2.026602
2.027370
2.028137
2.028904
2.029671
2.030439
2.031206
2.031973
2.032740
2.033507
2.034274
2.035041
2.035808
2.036575
2.037342
2.038109
2.038876
2.039642
2.040409
2.041176
2.041942
2.042709
2.043475
2.044242
2.045008
2.045774
2.046541
2.047307
2.048073
2.048839
2.049605
2.050370
2.051136
2.051902
2.052667
2.053433
2.054198
2.054963
2.055729
2.056494
2.057259
2.058023
2.058788
2.059553
2.060317
2.061082
2.061846
2.062610
2.063375
2.064139
2.064902
2.065666
2.066430
2.067193
2.067957
2.068720
2.069483
2.069483
2.070246
2.071009
2.071771
2.072534
2.073296
2.074059
2.074821
2.075583
2.076344
2.077106
2.077867
2.078629
2.079390
2.080151
2.080912
2.081672
2.082433
2.083193
2.083953
2.084713
2.085473
2.086232
2.086992
2.087751
2.088510
2.089269
2.090027
2.090786
2.091544
2.092302
2.093060
2.093818
2.094575
2.095332
2.096089
2.096846
2.097603
2.098359
2.099115
2.099871
2.100627
2.101382
2.102137
2.102892
2.103647
2.104402
2.105156
2.105910
2.106664
2.107417
2.108170
2.108923
2.109676
2.110429
2.111181
2.111933
2.112685
2.113436
2.114188
2.114938
2.115689
2.116440
2.117190
2.117940
2.118689
2.119438
2.120187
2.120936
2.121684
2.122433
2.123180
2.123928
2.124675
2.125422
2.126169
2.126915
2.127661
2.128407
2.129152
2.129897
2.130642
2.131386
2.132131
2.132874
2.133618
2.134361
2.135104
2.135846
2.136588
2.137330
2.138072
2.138813
2.139553
2.140294
2.141034
2.141774
2.142513
2.143252
2.143991
2.144729
2.145467
2.146204
2.146941
2.147678
2.148415
2.149151
2.149886
2.150621
2.151356
2.152091
2.152825
2.153559
2.154292
2.155025
2.155757
2.156490
2.157221
2.157953
2.158684
2.159414
2.160144
2.160874
2.161603
2.162332
2.163060
2.163788
2.164516
2.165243
2.165970
2.166696
2.167422
2.168147
2.168872
2.169596
2.170321
2.171044
2.171767
2.172490
2.173212
2.173934
2.174655
2.175376
2.176097
2.176816
2.177536
2.178255
2.178973
2.179691
2.180409
2.181126
2.181843
2.182559
2.183274
2.183990
2.184704
2.185418
2.186132
2.186845
2.187558
2.188270
2.188981
2.189693
2.190403
2.191113
2.191823
2.192532
2.193241
2.193949
2.194656
2.195363
2.196069
2.196775
2.197481
2.198186
2.198890
2.199594
2.200297
2.201000
2.201702
2.202403
2.203105
2.203805
2.204505
2.205204
2.205903
2.206602
2.207299
2.207997
2.208693
2.209389
2.210085
2.210780
2.211474
2.212168
2.212861
2.213554
2.214246
2.214937
2.215628
2.216319
2.217008
2.217697
2.218386
2.219074
2.219762
2.220448
2.221135
2.221820
2.222505
2.223190
2.223874
2.224557
2.225240
2.225922
2.226604
2.227285
2.227965
2.228645
2.229324
2.230002
2.230680
2.231358
2.232035
2.232711
2.233386
2.234061
2.234736
2.235410
2.236083
2.236755
2.237427
2.238099
2.238770
2.239440
2.240110
2.240779
2.241447
2.242115
2.242782
2.243449
2.244115
2.244781
2.245446
2.246110
2.246774
2.247437
2.248100
2.248762
2.249423
2.250084
2.250745
2.251405
2.252064
2.252723
2.253381
2.254038
2.254695
2.255352
2.256008
2.256663
2.257318
2.257973
2.258627
2.259280
2.259933
2.260585
2.261237
2.261888
2.262539
2.263189
2.263839
2.264489
2.265138
2.265786
2.266434
2.267081
2.267728
2.268375
2.269021
2.269667
2.270312
2.270957
2.271602
2.272246
2.272889
2.273533
2.274175
2.274818
2.275460
2.276102
2.276743
2.277384
2.278025
2.278666
2.279306
2.279946
2.280585
2.281224
2.281863
2.282502
2.283140
2.283779
2.284417
2.285054
2.285692
2.286329
2.286966
2.287603
2.288240
2.288876
2.289513
2.290149
2.290785
2.291421
2.292057
2.292693
2.293328
2.293964
2.294599
2.295235
2.295870
2.296506
2.297141
2.297776
2.298412
2.299047
2.299682
2.300318
2.300953
2.301588
2.302224
2.302859
2.303495
2.304131
2.304767
2.305403
2.306039
2.306675
2.307311
2.307948
2.308584
2.309221
2.309858
2.310495
2.311133
2.311770
2.312408
2.313046
2.313685
2.314323
2.314962
2.315601
2.316240
2.316880
2.317520
2.318160
2.318800
2.319441
2.320082
2.320723
2.321365
2.322006
2.322649
2.323291
2.323934
2.324577
2.325221
2.325865
2.326509
2.327154
2.327798
2.328444
2.329089
2.329735
2.330382
2.331028
2.331675
2.332323
2.332970
2.333618
2.334267
2.334915
2.335565
2.336214
2.336864
2.337514
2.338164
2.338815
2.339466
2.340117
2.340769
2.341421
2.342073
2.342726
2.343379
2.344032
2.344685
2.345339
2.345993
2.346647
2.347302
2.347957
2.348612
2.349267
2.349922
2.350578
2.351234
2.351890
2.352546
2.353202
2.353859
2.354515
2.355172
2.355829
2.356486
2.357143
2.357801
2.358458
2.359115
2.359773
2.360430
2.361088
2.361745
2.362403
2.363060
2.363717
2.364375
2.365032
2.365690
2.366347
2.367004
2.367661
2.368318
2.368974
2.369631
2.370287
2.370943
2.371599
2.372255
2.372911
2.373566
2.374221
2.374876
2.375530
2.376184
2.376838
2.377491
2.378144
2.378797
2.379449
2.380101
2.380752
2.381403
2.382053
2.382703
2.383352
2.384001
2.384649
2.385297
2.385944
2.386590
2.387236
2.387881
2.388526
2.389170
2.389813
2.390455
2.391097
2.391738
2.392378
2.393017
2.393656
2.394293
2.394930
2.395566
2.396201
2.396835
2.397468
2.398100
2.398731
2.399361
2.399990
2.400618
2.401245
2.401870
2.402495
2.403119
2.403741
2.404362
2.404982
2.405601
2.406218
2.406834
2.407449
2.408063
2.408675
2.409286
2.409895
2.410504
2.410504
2.411110
2.411715
2.412319
2.412921
2.413522
2.414121
2.414718
2.415314
2.415908
2.416501
2.417092
2.417681
2.418269
2.418854
2.419438
2.420020
2.420601
2.421179
2.421755
2.422330
2.422903
2.423473
2.424042
2.424608
2.425173
2.425735
2.426295
2.426853
2.427409
2.427963
2.428514
2.429063
2.429609
2.430153
2.430695
2.431234
2.431770
2.432304
2.432835
2.433364
2.433889
2.434412
2.434932
2.435449
2.435963
2.436474
2.436981
2.437486
2.437986
2.438484
2.438977
2.439467
2.439954
2.440436
2.440914
2.441387
2.441856
2.442321
2.442781
2.443235
2.443684
2.444128
2.444565
2.444997
2.445421
2.445839
2.446248
2.446650
2.447043
2.447426
2.447799
2.448160
2.448509
2.448845
2.449165
2.449468
2.449752
2.450015
2.450253
2.450463
2.450640
2.450779
2.450875
2.450918
2.450902
2.450817
2.450652
2.450400
2.450055
2.449617
2.449095
2.448502
2.447857
2.447179
2.446486
2.445795
2.445120
2.444473
2.443867
2.443308
2.442800
2.442347
2.441949
2.441609
2.441327
2.441103
2.440937
2.440828
2.440776
2.440779
2.440837
2.440948
2.441111
2.441324
2.441586
2.441895
2.442249
2.442646
2.443084
2.443559
2.444070
2.444613
2.445185
2.445783
2.446404
2.447047
2.447707
2.448384
2.449076
2.449779
2.450494
2.451218
2.451951
2.452691
2.453438
2.454191
2.454949
2.455712
2.456479
2.457249
2.458023
2.458799
2.459578
2.460360
2.461143
2.461927
2.462713
2.463500
2.464288
2.465077
2.465866
2.466655
2.467444
2.468233
2.469022
2.469810
2.470598
2.471385
2.472171
2.472957
2.473741
2.474524
2.475306
2.476086
2.476865
2.477643
2.478419
2.479193
2.479966
2.480737
2.481507
2.482275
2.483041
2.483806
2.484569
2.485330
2.486089
2.486847
2.487604
2.488359
2.489112
2.489864
2.490614
2.491362
2.492110
2.492855
2.493600
2.494343
2.495084
2.495824
2.496563
2.497301
2.498037
2.498772
2.499506
2.500239
2.500970
2.501701
2.502430
2.503158
2.503885
2.504611
2.505335
2.506059
2.506781
2.507503
2.508223
2.508942
2.509661
2.510378
2.511094
2.511809
2.512523
2.513236
2.513948
2.514659
2.515369
2.516078
2.516786
2.517492
2.518198
2.518902
2.519606
2.520308
2.521010
2.521710
2.522409
2.523107
2.523804
2.524500
2.525194
2.525888
2.526580
2.527271
2.527961
2.528650
2.529338
2.530024
2.530709
2.531393
2.532076
2.532758
2.533438
2.534117
2.534795
2.535472
2.536147
2.536821
2.537494
2.538165
2.538835
2.539504
2.540171
2.540837
2.541502
2.542166
2.542828
2.543488
2.544148
2.544806
2.545462
2.546118
2.546771
2.547424
2.548075
2.548725
2.549373
2.550020
2.550665
2.551309
2.551952
2.552593
2.553232
2.553871
2.554508
2.555143
2.555777
2.556410
2.557041
2.557670
2.558299
2.558926
2.559551
2.560175
2.560798
2.561419
2.562038
2.562657
2.563274
2.563889
2.564503
2.565116
2.565727
2.566337
2.566946
2.567553
2.568159
2.568763
2.569366
2.569968
2.570568
2.571167
2.571764
2.572361
2.572956
2.573549
2.574141
2.574732
2.575322
2.575910
2.576497
2.577083
2.577668
2.578251
2.578833
2.579414
2.579993
2.580571
2.581148
2.581724
2.582299
2.582872
2.583444
2.584015
2.584585
2.585153
2.585721
2.586287
2.586852
2.587416
2.587978
2.588540
2.589101
2.589660
2.590218
2.590775
2.591331
2.591886
2.592440
2.592993
2.593544
2.594095
2.594644
2.595193
2.595740
2.596286
2.596832
2.597376
2.597919
2.598461
2.599002
2.599542
2.600082
2.600620
2.601157
2.601693
2.602228
2.602762
2.603295
2.603827
2.604359
2.604889
2.605418
2.605946
2.606474
2.607000
2.607525
2.608050
2.608573
2.609096
2.609617
2.610138
2.610658
2.611177
2.611695
2.612212
2.612728
2.613243
2.613757
2.614270
2.614783
2.615294
2.615805
2.616314
2.616823
2.617331
2.617838
2.618344
2.618849
2.619354
2.619857
2.620360
2.620861
2.621362
2.621862
2.622361
2.622859
2.623356
2.623853
2.624348
2.624843
2.625336
2.625829
2.626321
2.626812
2.627303
2.627792
2.628281
2.628768
2.629255
2.629741
2.630226
2.630710
2.631194
2.631676
2.632158
2.632639
2.633119
2.633598
2.634076
2.634553
2.635030
2.635505
2.635980
2.636454
2.636927
2.637399
2.637871
2.638341
2.638811
2.639279
2.639747
2.640214
2.640681
2.641146
2.641611
2.642074
2.642537
2.642999
2.643460
2.643920
2.644380
2.644838
2.645296
2.645753
2.646209
2.646664
2.647119
2.647572
2.648025
2.648476
2.648927
2.649377
2.649827
2.650275
2.650723
2.651169
2.651615
2.652060
2.652504
2.652947
2.653390
2.653832
2.654272
2.654712
2.655151
2.655589
2.656027
2.656463
2.656899
2.657334
2.657768
2.658201
2.658633
2.659065
2.659495
2.659925
2.660354
2.660782
2.661209
2.661636
2.662061
2.662486
2.662910
2.663333
2.663755
2.664177
2.664597
2.665017
2.665436
2.665854
2.666271
2.666687
2.667103
2.667517
2.667931
2.668344
2.668757
2.669168
2.669168
2.669579
2.669988
2.670397
2.670805
2.671213
2.671619
2.672025
2.672429
2.672833
2.673237
2.673639
2.674040
2.674441
2.674841
2.675240
2.675638
2.676036
2.676432
2.676828
2.677223
2.677618
2.678011
2.678404
2.678795
2.679186
2.679577
2.679966
2.680355
2.680743
2.681130
2.681516
2.681901
2.682286
2.682670
2.683053
2.683435
2.683817
2.684198
2.684578
2.684957
2.685335
2.685713
2.686090
2.686466
2.686841
2.687216
2.687590
2.687963
2.688335
2.688707
2.689078
2.689448
2.689817
2.690186
2.690553
2.690920
2.691287
2.691652
2.692017
2.692381
2.692745
2.693107
2.693469
2.693830
2.694191
2.694551
2.694910
2.695268
2.695625
2.695982
2.696338
2.696694
2.697049
2.697403
2.697756
2.698109
2.698461
2.698812
2.699162
2.699512
2.699861
2.700210
2.700558
2.700905
2.701251
2.701597
2.701942
2.702286
2.702630
2.702973
2.703316
2.703657
2.703998
2.704339
2.704679
2.705018
2.705356
2.705694
2.706031
2.706368
2.706704
2.707039
2.707373
2.707707
2.708041
2.708374
2.708706
2.709037
2.709368
2.709698
2.710028
2.710357
2.710685
2.711013
2.711340
2.711667
2.711993
2.712318
2.712643
2.712968
2.713291
2.713614
2.713937
2.714259
2.714580
2.714901
2.715221
2.715540
2.715859
2.716178
2.716496
2.716813
2.717130
2.717446
2.717762
2.718077
2.718392
2.718706
2.719019
2.719332
2.719644
2.719956
2.720268
2.720578
2.720889
2.721198
2.721508
2.721816
2.722125
2.722432
2.722739
2.723046
2.723352
2.723658
2.723963
2.724268
2.724572
2.724875
2.725179
2.725481
2.725783
2.726085
2.726386
2.726687
2.726987
2.727287
2.727586
2.727885
2.728183
2.728481
2.728778
2.729075
2.729372
2.729668
2.729963
2.730258
2.730553
2.730847
2.731141
2.731434
2.731727
2.732019
2.732311
2.732603
2.732894
2.733185
2.733475
2.733765
2.734054
2.734343
2.734631
2.734919
2.735207
2.735494
2.735781
2.736067
2.736353
2.736639
2.736924
2.737209
2.737493
2.737777
2.738061
2.738344
2.738627
2.738909
2.739191
2.739473
2.739754
2.740035
2.740315
2.740595
2.740875
2.741154
2.741433
2.741711
2.741989
2.742267
2.742544
2.742821
2.743098
2.743374
2.743650
2.743926
2.744201
2.744476
2.744750
2.745024
2.745298
2.745571
2.745845
2.746117
2.746390
2.746662
2.746933
2.747204
2.747475
2.747746
2.748016
2.748286
2.748556
2.748825
2.749094
2.749363
2.749631
2.749899
2.750166
2.750434
2.750701
2.750967
2.751234
2.751500
2.751765
2.752031
2.752296
2.752560
2.752825
2.753089
2.753353
2.753616
2.753879
2.754142
2.754405
2.754667
2.754929
2.755190
2.755452
2.755713
2.755974
2.756234
2.756494
2.756754
2.757014
2.757273
2.757532
2.757791
2.758049
2.758307
2.758565
2.758822
2.759080
2.759337
2.759593
2.759850
2.760106
2.760362
2.760617
2.760873
2.761128
2.761382
2.761637
2.761891
2.762145
2.762399
2.762652
2.762905
2.763158
2.763411
2.763663
2.763915
2.764167
2.764419
2.764670
2.764921
2.765172
2.765422
2.765673
2.765923
2.766172
2.766422
2.766671
2.766920
2.767169
2.767417
2.767666
2.767914
2.768162
2.768409
2.768656
2.768904
2.769150
2.769397
2.769643
2.769889
2.770135
2.770381
2.770626
2.770871
2.771116
2.771361
2.771606
2.771850
2.772094
2.772338
2.772581
2.772825
2.773068
2.773311
2.773553
2.773796
2.774038
2.774280
2.774522
2.774763
2.775005
2.775246
2.775487
2.775727
2.775968
2.776208
2.776448
2.776688
2.776928
2.777167
2.777406
2.777645
2.777884
2.778123
2.778361
2.778599
2.778837
2.779075
2.779313
2.779550
2.779787
2.780024
2.780261
2.780498
2.780734
2.780970
2.781206
2.781442
2.781678
2.781913
2.782148
2.782383
2.782618
2.782853
2.783087
2.783322
2.783556
2.783790
2.784024
2.784257
2.784491
2.784724
2.784957
2.785190
2.785422
2.785655
2.785887
2.786119
2.786351
2.786583
2.786815
2.787046
2.787277
2.787509
2.787739
2.787970
2.788201
2.788431
2.788662
2.788892
2.789122
2.789351
2.789581
2.789810
2.790040
2.790269
2.790498
2.790727
2.790955
2.791184
2.791412
2.791640
2.791869
2.792096
2.792324
2.792552
2.792779
2.793007
2.793234
2.793461
2.793688
2.793914
2.794141
2.794367
2.794594
2.794820
2.795046
2.795272
2.795497
2.795723
2.795948
2.796174
2.796399
2.796624
2.796849
2.797074
2.797298
2.797523
2.797747
2.797972
2.798196
2.798420
2.798644
2.798868
2.799091
2.799315
2.799538
2.799762
2.799985
2.800208
2.800431
2.800654
2.800876
2.801099
2.801321
2.801544
2.801766
2.801988
2.802210
2.802432
2.802654
2.802876
2.803097
2.803319
2.803540
2.803762
2.803983
2.804204
2.804425
2.804646
2.804867
2.805088
2.805308
2.805529
2.805749
2.805970
2.806190
2.806410
2.806630
2.806850
2.807070
2.807290
2.807510
2.807729
2.807949
2.808169
2.808388
2.808607
2.808827
2.809046
2.809265
2.809484
2.809703
2.809922
2.810141
2.810141
2.810360
2.810578
2.810797
2.811016
2.811234
2.811453
2.811671
2.811889
2.812108
2.812326
2.812544
2.812762
2.812980
2.813198
2.813416
2.813634
2.813852
2.814070
2.814288
2.814505
2.814723
2.814941
2.815158
2.815376
2.815593
2.815811
2.816028
2.816245
2.816463
2.816680
2.816897
2.817115
2.817332
2.817549
2.817766
2.817983
2.818201
2.818418
2.818635
2.818852
2.819069
2.819286
2.819503
2.819720
2.819937
2.820154
2.820371
2.820588
2.820805
2.821022
2.821238
2.821455
2.821672
2.821889
2.822106
2.822323
2.822540
2.822757
2.822974
2.823191
2.823407
2.823624
2.823841
2.824058
2.824275
2.824492
2.824709
2.824926
2.825143
2.825360
2.825577
2.825794
2.826012
2.826229
2.826446
2.826663
2.826880
2.827098
2.827315
2.827532
2.827749
2.827967
2.828184
2.828402
2.828619
2.828837
2.829054
2.829272
2.829490
2.829707
2.829925
2.830143
2.830361
2.830579
2.830797
2.831015
2.831233
2.831451
2.831669
2.831887
2.832106
2.832324
2.832542
2.832761
2.832979
2.833198
2.833417
2.833636
2.833854
2.834073
2.834292
2.834511
2.834730
2.834950
2.835169
2.835388
2.835608
2.835827
2.836047
2.836267
2.836487
2.836706
2.836926
2.837146
2.837367
2.837587
2.837807
2.838028
2.838248
2.838469
2.838690
2.838910
2.839131
2.839352
2.839573
2.839795
2.840016
2.840237
2.840459
2.840681
2.840902
2.841124
2.841346
2.841568
2.841791
2.842013
2.842235
2.842458
2.842680
2.842903
2.843126
2.843349
2.843572
2.843795
2.844019
2.844242
2.844466
2.844689
2.844913
2.845137
2.845361
2.845585
2.845810
2.846034
2.846259
2.846483
2.846708
2.846933
2.847158
2.847383
2.847608
2.847834
2.848059
2.848285
2.848511
2.848736
2.848962
2.849189
2.849415
2.849641
2.849868
2.850094
2.850321
2.850548
2.850775
2.851002
2.851229
2.851456
2.851684
2.851911
2.852139
2.852367
2.852594
2.852822
2.853051
2.853279
2.853507
2.853736
2.853964
2.854193
2.854422
2.854650
2.854879
2.855109
2.855338
2.855567
2.855796
2.856026
2.856256
2.856485
2.856715
2.856945
2.857175
2.857405
2.857635
2.857866
2.858096
2.858326
2.858557
2.858788
2.859018
2.859249
2.859480
2.859711
2.859942
2.860173
2.860405
2.860636
2.860867
2.861099
2.861330
2.861562
2.861794
2.862026
2.862258
2.862489
2.862722
2.862954
2.863186
2.863418
2.863651
2.863883
2.864115
2.864348
2.864581
2.864814
2.865046
2.865279
2.865512
2.865745
2.865978
2.866212
2.866445
2.866678
2.866912
2.867145
2.867379
2.867613
2.867847
2.868081
2.868315
2.868549
2.868783
2.869017
2.869252
2.869486
2.869721
2.869956
2.870190
2.870425
2.870660
2.870896
2.871131
2.871366
2.871602
2.871838
2.872073
2.872309
2.872546
2.872782
2.873018
2.873255
2.873492
2.873728
2.873965
2.874203
2.874440
2.874678
2.874915
2.875153
2.875391
2.875630
2.875868
2.876107
2.876346
2.876585
2.876824
2.877064
2.877304
2.877544
2.877784
2.878024
2.878265
2.878506
2.878747
2.878989
2.879231
2.879473
2.879715
2.879958
2.880201
2.880444
2.880688
2.880931
2.881176
2.881420
2.881665
2.881910
2.882155
2.882401
2.882647
2.882894
2.883141
2.883388
2.883635
2.883883
2.884131
2.884380
2.884629
2.884879
2.885128
2.885379
2.885629
2.885880
2.886132
2.886384
2.886636
2.886889
2.887142
2.887396
2.887650
2.887904
2.888159
2.888415
2.888671
2.888927
2.889184
2.889441
2.889699
2.889957
2.890216
2.890475
2.890735
2.890995
2.891256
2.891518
2.891779
2.892042
2.892305
2.892568
2.892832
2.893096
2.893361
2.893627
2.893893
2.894160
2.894427
2.894695
2.894963
2.895232
2.895501
2.895771
2.896042
2.896313
2.896585
2.896857
2.897130
2.897403
2.897677
2.897952
2.898227
2.898503
2.898779
2.899056
2.899333
2.899611
2.899890
2.900169
2.900449
2.900730
2.901011
2.901292
2.901575
2.901857
2.902141
2.902425
2.902709
2.902995
2.903280
2.903567
2.903854
2.904141
2.904430
2.904718
2.905008
2.905298
2.905588
2.905879
2.906171
2.906463
2.906756
2.907049
2.907343
2.907638
2.907933
2.908229
2.908525
2.908822
2.909119
2.909417
2.909715
2.910014
2.910314
2.910614
2.910915
2.911216
2.911517
2.911820
2.912122
2.912426
2.912729
2.913034
2.913338
2.913644
2.913949
2.914255
2.914562
2.914869
2.915177
2.915485
2.915794
2.916103
2.916412
2.916722
2.917032
2.917343
2.917654
2.917966
2.918278
2.918590
2.918903
2.919216
2.919530
2.919844
2.920158
2.920473
2.920788
2.921103
2.921419
2.921735
2.922051
2.922368
2.922685
2.923002
2.923320
2.923638
2.923956
2.924274
2.924593
2.924912
2.925231
2.925550
2.925870
2.926190
2.926510
2.926830
2.927150
2.927471
2.927792
2.928113
2.928434
2.928755
2.929076
2.929398
2.929719
2.930041
2.930363
2.930685
2.931007
2.931329
2.931651
2.931973
2.932296
2.932618
2.932940
2.933263
2.933585
2.933908
2.934230
2.934230
2.934552
2.934875
2.935197
2.935519
2.935841
2.936164
2.936486
2.936808
2.937130
2.937452
2.937773
2.938095
2.938416
2.938738
2.939059
2.939380
2.939701
2.940022
2.940342
2.940663
2.940983
2.941303
2.941623
2.941942
2.942262
2.942581
2.942900
2.943218
2.943536
2.943855
2.944172
2.944490
2.944807
2.945124
2.945441
2.945757
2.946073
2.946389
2.946704
2.947019
2.947334
2.947648
2.947962
2.948275
2.948588
2.948901
2.949213
2.949525
2.949837
2.950148
2.950459
2.950769
2.951079
2.951388
2.951697
2.952005
2.952313
2.952621
2.952928
2.953234
2.953541
2.953846
2.954152
2.954455
2.954762
2.955061
2.955371
2.955662
2.955984
2.956252
2.956609
2.956814
2.957276
2.957296
2.958075
2.957535
2.959274
2.957035
2.961527
2.954942
2.965110
2.955831
2.964005
2.955267
2.964785
2.956298
2.962350
2.954843
2.963849
2.956085
2.963012
2.955754
2.964008
2.956494
2.963594
2.956432
2.964439
2.957239
2.964609
2.957463
2.965043
2.957818
2.965096
2.957957
2.965377
2.958250
2.965507
2.958426
2.965691
2.958629
2.965814
2.958791
2.965964
2.958971
2.966099
2.959145
2.966258
2.959339
2.966428
2.959542
2.966614
2.959756
2.966810
2.959979
2.967021
2.960212
2.967244
2.960455
2.967477
2.960705
2.967720
2.960961
2.967972
2.961224
2.968231
2.961492
2.968498
2.961764
2.968771
2.962041
2.969050
2.962320
2.969335
2.962603
2.969624
2.962888
2.969917
2.963174
2.970214
2.963463
2.970514
2.963754
2.970818
2.964046
2.971124
2.964341
2.971433
2.964637
2.971744
2.964934
2.972058
2.965233
2.972374
2.965533
2.972691
2.965834
2.973009
2.966135
2.973328
2.966436
2.973646
2.966737
2.973965
2.967037
2.974282
2.967336
2.974598
2.967632
2.974911
2.967926
2.975222
2.968217
2.975530
2.968504
2.975833
2.968788
2.976133
2.969067
2.976428
2.969341
2.976718
2.969610
2.977002
2.969874
2.977281
2.970132
2.977554
2.970384
2.977821
2.970631
2.978083
2.970871
2.978337
2.971106
2.978586
2.971334
2.978829
2.971557
2.979066
2.971774
2.979297
2.971986
2.979522
2.972192
2.979742
2.972393
2.979957
2.972590
2.980167
2.972782
2.980373
2.972970
2.980574
2.973155
2.980772
2.973336
2.980966
2.973513
2.981157
2.973689
2.981345
2.973861
2.981531
2.974032
2.981714
2.974202
2.981896
2.974369
2.982077
2.974536
2.982256
2.974703
2.982434
2.974868
2.982612
2.975034
2.982790
2.975199
2.982967
2.975365
2.983145
2.975531
2.983323
2.975698
2.983501
2.975866
2.983680
2.976034
2.983860
2.976204
2.984041
2.976375
2.984222
2.976547
2.984405
2.976720
2.984589
2.976894
2.984774
2.977070
2.984960
2.977247
2.985147
2.977425
2.985335
2.977605
2.985525
2.977786
2.985716
2.977968
2.985908
2.978152
2.986101
2.978336
2.986295
2.978522
2.986490
2.978709
2.986687
2.978897
2.986884
2.979086
2.987082
2.979276
2.987281
2.979467
2.987481
2.979658
2.987681
2.979851
2.987883
2.980044
2.988084
2.980237
2.988287
2.980432
2.988489
2.980626
2.988693
2.980822
2.988896
2.981015
2.989102
2.981214
2.989303
2.981405
2.989513
2.981610
2.989707
2.981789
2.989930
2.982016
2.990101
2.982157
2.990366
2.982454
2.990459
2.982466
2.990866
2.983010
2.990681
2.982584
2.991564
2.984020
2.990341
2.982335
2.992649
2.986175
2.988176
2.984333
2.991678
2.982735
2.994207
2.988990
2.985260
2.991992
2.984562
2.994690
2.987685
2.987543
2.987731
2.990754
2.987541
2.993150
2.982392
2.998761
2.994349
2.982362
3.000218
2.995609
2.983540
2.992430
2.988979
2.986638
2.989439
2.986114
2.991978
2.984387
2.994939
2.989236
2.991376
2.988584
2.995445
2.986138
2.998927
2.994555
2.986562
2.999013
2.994708
2.988811
2.993593
2.985908
2.996562
2.990587
2.993275
2.988953
2.996820
2.987003
2.998039
2.993023
2.989638
2.996695
2.989002
2.999750
2.993587
2.989254
2.996286
2.989157
3.000789
2.995008
2.988713
2.997540
2.990247
3.000027
2.992294
2.995669
2.989083
3.000294
2.993720
2.995879
2.990551
3.000189
2.991004
3.000912
2.993618
2.997847
2.990858
3.002236
2.995963
2.993748
2.996205
2.993439
3.001082
2.989244
3.006324
3.000673
2.987363
3.007064
3.002157
2.989799
2.997904
2.994618
2.992479
2.994917
2.992006
2.997929
2.990123
3.001531
2.997080
2.993896
3.000186
2.992753
3.004746
2.999693
2.992524
3.003550
2.997804
3.000438
2.992457
3.002215
2.995060
2.999994
2.992420
3.005319
3.000688
2.991965
3.002998
2.998653
2.996861
2.998324
2.995288
3.001910
2.991283
3.008806
3.003551
2.989944
3.009424
3.004592
2.992260
3.000610
2.997659
2.995145
2.997955
2.994265
3.000976
2.992564
3.003928
2.999884
2.995443
3.003396
2.995226
3.006669
3.001710
2.995220
3.005128
2.998271
3.004770
2.994393
3.004694
2.999711
2.997569
3.001814
2.996160
3.006053
2.997619
3.003186
2.993928
3.010105
3.005723
3.005723
2.992119
3.008888
3.005623
2.994173
3.003879
3.001200
2.996084
3.001022
2.994893
3.003907
2.996817
3.004105
2.995795
3.007137
3.002547
2.998741
3.004566
2.997002
3.009645
3.005306
2.995737
3.008885
3.006238
2.996740
3.006537
3.002381
2.998261
3.003776
2.996803
3.008326
3.003508
2.997864
3.006174
2.997855
3.009493
3.004789
2.996908
3.008166
3.003681
3.003941
3.000508
3.005616
2.996391
3.012338
3.008387
2.994432
3.015746
3.009359
2.996150
3.006385
3.004581
2.998051
3.003999
2.998022
3.005306
2.997605
3.006907
3.000322
3.005578
2.997547
3.010297
3.006880
2.998233
3.010446
3.007413
3.000546
3.008210
2.999996
3.008456
3.000070
3.008355
2.999666
3.009777
3.003306
3.004524
3.000120
3.008945
2.998191
3.013587
3.009128
2.995659
3.014856
3.010188
2.997443
3.006705
3.004566
2.999279
3.004933
2.998622
3.007467
3.000230
3.007112
2.998419
3.010561
3.007150
2.999431
3.010377
3.005900
3.005732
3.003395
3.007359
3.000163
3.012722
3.008508
2.999537
3.013145
3.010391
2.999158
3.012188
3.009643
2.998061
3.011832
3.009820
2.998724
3.008673
3.006213
2.999217
3.007117
3.000969
3.008667
3.000197
3.010880
3.006175
3.004438
3.006957
3.003333
3.011983
2.999570
3.018681
3.011906
2.997470
3.019142
3.012803
2.999232
3.006988
3.004624
3.001370
3.004936
2.999814
3.008256
2.999845
3.009402
3.002983
3.008094
2.999918
3.013766
3.010552
2.998183
3.015927
3.012447
2.999671
3.011221
3.009017
2.999146
3.007134
3.003257
3.003991
3.002131
3.006418
3.000103
3.011361
3.006169
3.005344
3.006944
3.006539
3.010433
3.000906
3.018117
3.012949
2.996216
3.026634
3.014823
3.000211
3.005516
3.003018
3.003859
2.999520
3.003008
2.997527
3.008703
3.002956
3.007283
2.998333
3.012285
3.009707
2.996630
3.017384
3.012570
2.999562
3.011492
3.009390
2.999151
3.005983
3.001583
3.003916
3.000067
3.007812
2.998616
3.011860
3.009221
2.997274
3.014681
3.011883
2.999169
3.010416
3.008900
2.999965
3.008027
3.003610
3.004513
3.000924
3.007207
2.998331
3.013145
3.010411
2.997041
3.016791
3.012316
2.999373
3.009817
3.008315
3.000389
3.007209
3.001533
3.006884
2.998959
3.009527
3.005416
3.002473
3.007187
3.000941
3.013344
3.009498
3.000412
3.013386
3.011286
3.001755
3.012200
3.008748
3.000778
3.010507
3.004801
3.009434
2.999725
3.013434
3.010617
2.997079
3.016079
3.012213
2.999195
3.010896
3.009840
3.000270
3.008041
3.004131
3.004899
3.002463
3.007704
2.999950
3.013250
3.010890
2.998200
3.018433
3.013592
2.999578
3.013399
3.011753
3.000667
3.008403
3.005191
3.002804
3.004448
3.000924
3.008541
2.998009
3.015446
3.011184
2.996797
3.017572
3.012818
2.999669
3.008764
3.007156
3.000746
3.006673
3.000014
3.008131
3.000348
3.008192
2.999778
3.010270
3.005221
3.005932
3.003165
3.010258
2.998731
3.019872
3.010530
2.994464
3.018540
3.012484
2.998746
3.006020
3.003846
2.999446
3.003920
2.998206
3.007474
3.000414
3.006488
2.996809
3.011264
3.009246
2.996102
3.014129
3.011133
2.998528
3.009392
3.007965
2.998635
3.005932
3.001251
3.003623
2.998484
3.007579
2.998845
3.009929
3.006549
2.999940
3.010075
3.003198
3.010418
2.999089
3.012273
3.009654
2.997310
3.013881
3.010660
2.997122
3.008600
3.007804
2.998112
3.006943
3.004142
3.001119
3.004150
2.998917
3.009132
3.001454
3.009582
2.999439
3.013922
3.011039
2.997159
3.015475
3.011408
2.998119
3.010076
3.009028
2.998769
3.006244
3.002490
3.001642
3.001365
3.002597
3.002509
3.005136
3.000878
3.011723
2.999764
3.018956
3.011284
2.995113
3.020456
3.012136
2.996750
3.007719
3.007024
2.997843
3.003520
2.998000
3.002226
2.995147
3.005716
3.001512
3.001648
3.000370
3.005853
2.998031
3.013106
3.009664
2.993088
3.021043
3.011424
2.995302
3.006799
3.006345
2.997057
3.001287
2.995453
3.001586
2.994579
3.004881
3.000631
2.998579
3.000404
2.998314
3.006692
2.993184
3.020048
3.008043
2.990108
3.014903
3.009493
2.995762
2.999419
2.995383
2.996398
2.995261
2.999154
2.993968
3.002690
2.993534
3.003796
2.999407
2.999882
2.999443
3.003464
2.996982
3.008382
3.003230
2.998571
3.006067
2.993259
3.018725
3.005238
2.985063
3.012887
3.007807
2.994796
2.999475
2.995841
2.993996
2.993967
2.993938
2.996738
2.993985
3.001840
2.989403
3.013075
3.003554
2.987792
3.012646
3.007448
2.993734
3.000835
2.998478
2.992799
2.997476
2.990906
2.999880
2.993428
2.997893
2.989276
3.003262
3.002027
2.989272
3.006606
3.003913
2.991065
3.002746
3.001669
2.991091
2.998892
2.995981
2.993562
2.995710
2.991884
3.000519
2.990099
3.005412
3.002423
2.988586
3.008037
3.004099
2.990893
3.000878
3.000160
2.991655
2.998796
2.993716
2.997171
2.989780
2.999973
2.995475
2.996264
2.993065
3.001567
2.989603
2.989603
3.011896
3.001707
2.986163
3.008324
3.004581
2.991187
2.997894
2.995529
2.990113
2.995798
2.989331
2.998991
2.993777
2.993984
2.990471
2.998917
2.987682
3.009088
3.000479
2.985639
3.006732
3.003491
2.990148
2.997297
2.995192
2.988772
2.995376
2.988903
2.997864
2.991152
2.995698
2.986530
3.000652
2.999533
2.986228
3.003809
3.001088
2.988333
2.999397
2.998656
2.988398
2.996036
2.992967
2.991261
2.992179
2.990297
2.996151
2.986307
3.004145
2.999687
2.984354
3.007407
3.001461
2.987716
2.997553
2.996953
2.988125
2.994725
2.989514
2.993558
2.985753
2.996025
2.992727
2.989194
2.994355
2.987228
3.001500
2.999171
2.983827
3.005472
2.999400
2.986114
2.997583
2.997011
2.986390
2.993317
2.989969
2.989616
2.988734
2.990889
2.987931
2.995226
2.982127
3.007858
2.997412
2.980056
3.005514
3.000252
2.986275
2.991983
2.989504
2.985900
2.988876
2.983886
2.992155
2.983612
2.992731
2.987709
2.989988
2.985409
2.996078
2.986854
2.997542
2.994101
2.985724
2.996520
2.993139
2.988451
2.991416
2.983029
2.997830
2.995807
2.980425
3.002569
2.995675
2.981890
2.993773
2.994002
2.983754
2.990900
2.987923
2.986639
2.987201
2.986233
2.990282
2.983336
2.995627
2.994193
2.983636
2.999940
2.998059
2.983018
3.000488
2.995925
2.982708
2.993628
2.993402
2.983194
2.990189
2.986722
2.985263
2.985779
2.985499
2.989486
2.983605
2.994959
2.990766
2.988977
2.990952
2.988101
2.997108
2.979736
3.012756
3.006654
2.987105
2.988639
2.990659
2.988913
2.981254
2.979035
2.976374
2.987277
2.980166
2.996235
2.990376
2.973530
2.991775
2.990411
2.979854
2.990987
2.990670
2.981387
2.987927
2.982731
2.985361
2.978236
2.988285
2.983319
2.986932
2.979078
2.992534
2.991375
2.978291
2.995492
2.992072
2.978825
2.991544
2.990690
2.978909
2.987285
2.986153
2.979079
2.986321
2.979799
2.987857
2.979417
2.988613
2.982796
2.987804
2.978409
2.993294
2.991027
2.976277
2.995139
2.991239
2.978910
2.988580
2.987952
2.978768
2.985846
2.981282
2.984638
2.977770
2.988074
2.983645
2.984157
2.979900
2.989412
2.976846
3.000241
2.989148
2.974203
2.993626
2.992130
2.979168
2.985107
2.982524
2.977068
2.983459
2.976379
2.986728
2.983976
2.975903
2.985094
2.979766
2.987628
2.976192
2.991538
2.988394
2.974739
2.991340
2.989047
2.976223
2.985205
2.984690
2.975846
2.983868
2.980374
2.981281
2.976948
2.984520
2.973485
2.992658
2.986364
2.973373
2.989872
2.989614
2.976982
2.985206
2.983997
2.975106
2.983659
2.980506
2.980158
2.976724
2.981593
2.973069
2.988508
2.986563
2.971508
2.994081
2.987652
2.974717
2.984416
2.984166
2.975377
2.981885
2.976210
2.981227
2.972155
2.984145
2.983240
2.971160
2.985376
2.985202
2.973193
2.984991
2.984667
2.973592
2.982546
2.981753
2.973827
2.981246
2.975401
2.981654
2.971512
2.985196
2.983996
2.971065
2.986550
2.985174
2.972960
2.982728
2.982464
2.972995
2.981016
2.978321
2.975995
2.977139
2.973632
2.982021
2.969232
2.992472
2.982641
2.969701
2.985768
2.986453
2.973954
2.980211
2.977929
2.971467
2.979316
2.972506
2.981183
2.974592
2.976943
2.969187
2.981904
2.981447
2.971117
2.983809
2.983437
2.970715
2.984521
2.982505
2.969634
2.980919
2.980963
2.970251
2.978863
2.977954
2.970570
2.978217
2.971964
2.980057
2.970812
2.981221
2.979226
2.971824
2.981133
2.975239
2.981933
2.968934
2.987529
2.981298
2.969127
2.982256
2.982621
2.970747
2.978913
2.977798
2.969052
2.978322
2.976136
2.973720
2.974759
2.970460
2.979960
2.967208
2.990128
2.980120
2.968328
2.982081
2.983012
2.971248
2.977913
2.975495
2.968805
2.977507
2.970660
2.979228
2.971492
2.976085
2.964638
2.984506
2.979228
2.967018
2.980576
2.981031
2.969050
2.977687
2.976605
2.966587
2.976139
2.975590
2.968463
2.975991
2.968563
2.977442
2.969792
2.977957
2.967750
2.981471
2.979255
2.965635
2.981536
2.979250
2.966992
2.977294
2.977172
2.966842
2.975183
2.973812
2.967400
2.974655
2.966399
2.977426
2.975803
2.965865
2.977357
2.977670
2.967167
2.978055
2.977400
2.965838
2.977833
2.977460
2.965630
2.976486
2.976157
2.965065
2.974946
2.974995
2.965670
2.974653
2.973319
2.967464
2.974447
2.965026
2.979128
2.976838
2.963187
2.979756
2.977718
2.965901
2.975171
2.974818
2.965659
2.973649
2.970445
2.969788
2.967602
2.971371
2.965056
2.976611
2.974674
2.966143
2.977741
2.976680
2.968391
2.977172
2.970599
2.975976
2.961470
2.986666
2.976564
2.957678
2.980186
2.976349
2.964204
2.969634
2.966732
2.966128
2.965104
2.967136
2.964645
2.972139
2.958065
2.986440
2.978552
2.962759
2.974321
2.975942
2.969629
2.968696
2.958865
2.968842
2.966511
2.968359
2.963038
2.971164
2.957423
2.979077
2.969845
2.961099
2.973094
2.971538
2.970450
2.962501
2.962501
2.968673
2.955606
2.981302
2.971972
2.955045
2.975201
2.972409
2.960844
2.965804
2.961757
2.964798
2.959514
2.968714
2.960510
2.969071
2.963236
2.966199
2.958736
2.971856
2.971338
2.958673
2.975538
2.971815
2.960277
2.970044
2.969419
2.959195
2.967305
2.965524
2.960194
2.967207
2.956904
2.973767
2.968603
2.956428
2.969157
2.970558
2.959631
2.968657
2.967819
2.957686
2.967456
2.967380
2.959001
2.966969
2.962590
2.964756
2.957819
2.968823
2.965130
2.965706
2.960538
2.970751
2.956749
2.981894
2.971069
2.950429
2.977147
2.973231
2.958109
2.962417
2.960222
2.956890
2.958960
2.954111
2.962773
2.953944
2.965057
2.964420
2.953732
2.967309
2.967616
2.955666
2.967801
2.967022
2.955589
2.964984
2.964451
2.954409
2.962211
2.960329
2.955815
2.961539
2.952189
2.968542
2.964841
2.952481
2.965972
2.966489
2.955063
2.963994
2.963343
2.953498
2.962575
2.961937
2.955145
2.962195
2.953671
2.963669
2.961554
2.954599
2.963775
2.956851
2.966120
2.959032
2.963084
2.951250
2.971847
2.964043
2.954439
2.963270
2.957793
2.965746
2.954270
2.963315
2.961346
2.954074
2.963708
2.958674
2.963295
2.949096
2.971590
2.962726
2.953239
2.963467
2.960341
2.964005
2.950669
2.964788
2.962320
2.951066
2.965396
2.965119
2.952822
2.961834
2.961567
2.951430
2.961911
2.962488
2.953024
2.961718
2.960591
2.952892
2.961207
2.954734
2.963567
2.953345
2.965063
2.963424
2.951956
2.964949
2.964157
2.951831
2.963635
2.962919
2.951525
2.961768
2.961721
2.951196
2.960238
2.959976
2.951220
2.960043
2.958077
2.954963
2.958570
2.950688
2.964863
2.963038
2.948523
2.969026
2.962571
2.953769
2.960255
2.952258
2.962039
2.958959
2.950533
2.959152
2.952672
2.961583
2.951707
2.960495
2.954909
2.958726
2.949366
2.965603
2.961821
2.948655
2.963276
2.961882
2.950606
2.960036
2.959467
2.948981
2.958681
2.958673
2.949295
2.958739
2.958160
2.949744
2.958614
2.955193
2.956636
2.950737
2.961363
2.951248
2.965197
2.960956
2.949501
2.962692
2.962278
2.949682
2.961660
2.960026
2.948415
2.959685
2.959623
2.948300
2.957974
2.957875
2.947439
2.957997
2.958586
2.948568
2.958805
2.958868
2.948572
2.958790
2.958854
2.948620
2.959058
2.959027
2.948528
2.959097
2.958982
2.948207
2.959006
2.958867
2.947897
2.958741
2.958620
2.947670
2.958254
2.958219
2.947510
2.957746
2.957773
2.947436
2.957383
2.957381
2.947518
2.957166
2.956947
2.947902
2.957001
2.955610
2.949595
2.957180
2.944950
2.966511
2.956260
2.948721
2.955634
2.947838
2.962394
2.957314
2.943337
2.956307
2.957383
2.947484
2.956320
2.955086
2.944758
2.953971
2.954007
2.947261
2.955840
2.948620
2.957204
2.947173
2.957305
2.955127
2.948146
2.957238
2.948730
2.959031
2.955829
2.946990
2.956740
2.953209
2.954895
2.946161
2.957461
2.956082
2.946836
2.958344
2.957765
2.947150
2.958815
2.957425
2.945079
2.959521
2.957052
2.946523
2.955625
2.954906
2.946863
2.955037
2.948138
2.956914
2.943994
2.963790
2.954853
2.949104
2.953160
2.946559
2.959361
2.956816
2.942127
2.960916
2.955534
2.949187
2.953927
2.942730
2.960955
2.953251
2.945249
2.953333
2.944244
2.962205
2.953355
2.943263
2.951372
2.943968
2.958867
2.954524
2.941580
2.952735
2.953595
2.943552
2.953800
2.952859
2.941618
2.952830
2.952935
2.942308
2.953278
2.952857
2.941726
2.952651
2.952578
2.941910
2.952761
2.952624
2.941889
2.952384
2.952248
2.941694
2.952221
2.952138
2.941680
2.952192
2.952072
2.941614
2.952133
2.951981
2.941503
2.952063
2.951890
2.941376
2.951961
2.951776
2.941238
2.951820
2.951640
2.941116
2.951662
2.951499
2.941025
2.951513
2.951369
2.940969
2.951393
2.951260
2.940945
2.951310
2.951177
2.940947
2.951260
2.951113
2.940969
2.951227
2.951055
2.941008
2.951198
2.950988
2.941076
2.951154
2.950880
2.941217
2.951064
2.950618
2.941602
2.950880
2.949358
2.943279
2.951198
2.937433
2.962386
2.954965
2.933885
2.956944
2.954292
2.941564
2.945435
2.941545
2.942665
2.938500
2.946537
2.934251
2.956606
2.946895
2.939064
2.947338
2.940159
2.954635
2.949751
2.937169
2.947476
2.948697
2.940240
2.947355
2.942631
2.940825
2.939064
2.943919
2.937857
2.951367
2.949079
2.935981
2.954724
2.947650
2.945281
2.939817
2.947338
2.933355
2.960666
2.957427
2.939210
2.943141
2.941403
2.946613
2.934694
2.940636
2.937208
2.940240
2.938543
2.948282
2.932275
2.959342
2.962718
2.944120
2.941390
2.947461
2.945539
2.942588
2.931841
2.939179
2.931218
2.949467
2.944852
2.935941
2.942397
2.932705
2.947766
2.944781
2.936015
2.945677
2.943247
2.942783
2.935605
2.943237
2.927912
2.957871
2.962010
2.943982
2.937644
2.943054
2.940379
2.938323
2.928678
2.936338
2.929386
2.945541
2.943104
2.932481
2.939922
2.937205
2.937205
2.937814
2.934972
2.942975
2.930468
2.957433
2.950007
2.933524
2.940934
2.939059
2.941822
2.930594
2.937411
2.933056
2.938980
2.930019
2.946324
2.940371
2.930940
2.939160
2.931320
2.946332
2.942675
2.932601
2.941042
2.937793
2.939666
2.930684
2.940559
2.938443
2.933402
2.941830
2.927651
2.956217
2.958562
2.937013
2.935072
2.937327
2.938809
2.932856
2.931805
2.924620
2.936412
2.933826
2.941213
2.925741
2.949610
2.943401
2.922895
2.946487
2.944333
2.933904
2.936467
2.929182
2.934084
2.924723
2.935138
2.935067
2.926518
2.935630
2.934866
2.931046
2.936564
2.924807
2.948124
2.936785
2.933811
2.930452
2.937909
2.925997
2.944868
2.932489
2.932675
2.926093
2.938248
2.935706
2.929887
2.931739
2.921695
2.942725
2.933886
2.936277
2.924153
2.941997
2.935575
2.928973
2.931932
2.924247
2.939793
2.936133
2.926145
2.934338
2.929436
2.937108
2.921262
2.945613
2.940312
2.922368
2.937371
2.937825
2.929345
2.930995
2.921671
2.930742
2.927769
2.932659
2.923765
2.936861
2.935304
2.924716
2.935824
2.936557
2.928407
2.936749
2.933146
2.931194
2.929015
2.930832
2.926601
2.937070
2.919062
2.958583
2.960027
2.945118
2.934179
2.937279
2.933974
2.925814
2.919164
2.918054
2.921522
2.924835
2.926736
2.923486
2.927575
2.914398
2.940948
2.936336
2.918243
2.945410
2.942195
2.925594
2.927600
2.923542
2.921549
2.919976
2.919298
2.919844
2.919347
2.923262
2.918017
2.929562
2.927763
2.924595
2.930837
2.918285
2.944785
2.937193
2.916409
2.932484
2.930946
2.923631
2.922847
2.913841
2.922064
2.917192
2.926076
2.916133
2.929463
2.926942
2.918490
2.926949
2.922716
2.930422
2.917130
2.936226
2.926205
2.926000
2.919137
2.928893
2.921449
2.928895
2.919591
2.928445
2.921344
2.930842
2.923067
2.930312
2.916672
2.935377
2.926079
2.927123
2.919491
2.929780
2.925729
2.926409
2.917835
2.928268
2.925675
2.927027
2.920975
2.931338
2.918033
2.940875
2.927470
2.927559
2.920250
2.931432
2.928157
2.922547
2.923895
2.915709
2.932005
2.928133
2.922241
2.928061
2.914815
2.940721
2.935354
2.918270
2.927481
2.929008
2.923988
2.923915
2.912822
2.922944
2.924063
2.918212
2.927460
2.921371
2.928895
2.913239
2.936918
2.931306
2.913392
2.933970
2.929644
2.920913
2.920917
2.912876
2.921976
2.917419
2.923996
2.911015
2.932273
2.922086
2.922658
2.914843
2.925820
2.923138
2.922216
2.916137
2.924556
2.910134
2.939811
2.945003
2.930682
2.918841
2.923909
2.922876
2.917736
2.912527
2.910986
2.914252
2.915596
2.921815
2.910684
2.929212
2.917978
2.924459
2.912230
2.935629
2.925148
2.921363
2.914499
2.921916
2.910607
2.927892
2.917136
2.917130
2.910056
2.921331
2.917752
2.921350
2.908313
2.928025
2.918999
2.923456
2.910924
2.928375
2.921188
2.917147
2.914451
2.917437
2.915153
2.924316
2.906524
2.941142
2.947788
2.937193
2.925445
2.928007
2.925408
2.917540
2.910266
2.908909
2.911911
2.916276
2.916722
2.918391
2.911289
2.920863
2.913619
2.926386
2.925148
2.921233
2.927414
2.913666
2.935970
2.923166
2.912619
2.921197
2.915815
2.924269
2.917823
2.914821
2.912555
2.918414
2.912348
2.925788
2.922186
2.913903
2.923315
2.916252
2.926778
2.922428
2.916170
2.922263
2.909481
2.933602
2.927285
2.905779
2.927231
2.924855
2.915101
2.918361
2.911789
2.918926
2.910744
2.920464
2.919672
2.913607
2.921531
2.911689
2.927317
2.921411
2.918177
2.919207
2.916736
2.925055
2.909088
2.935176
2.938041
2.916830
2.921859
2.921206
2.920532
2.912379
2.912396
2.905955
2.917402
2.915356
2.920656
2.908489
2.924982
2.916988
2.918396
2.911911
2.923213
2.919179
2.920838
2.909058
2.922472
2.918487
2.912886
2.918952
2.906699
2.929501
2.917562
2.914319
2.911234
2.919619
2.908793
2.926360
2.913470
2.916958
2.905607
2.924124
2.918127
2.914172
2.910198
2.913679
2.909802
2.920522
2.911070
2.921496
2.918131
2.912883
2.920259
2.906536
2.931457
2.926127
2.909934
2.918125
2.918367
2.916166
2.911371
2.908289
2.909053
2.909967
2.917052
2.907209
2.930371
2.915042
2.922163
2.915762
2.922314
2.910291
2.925600
2.915481
2.914723
2.907146
2.917493
2.911334
2.918160
2.901887
2.924729
2.920211
2.903804
2.922673
2.918984
2.913350
2.910831
2.905806
2.914085
2.902608
2.924722
2.913553
2.914432
2.906727
2.917505
2.915356
2.912049
2.911552
2.908224
2.918511
2.902947
2.935781
2.942829
2.932748
2.919101
2.919946
2.917530
2.910818
2.904343
2.902684
2.904998
2.908562
2.909598
2.910575
2.906067
2.914461
2.900744
2.932981
2.940115
2.925552
2.914053
2.919739
2.916228
2.907647
2.901651
2.898105
2.903722
2.901259
2.911034
2.903512
2.910903
2.901786
2.912770
2.912163
2.908013
2.914687
2.903268
2.921331
2.909427
2.911640
2.901241
2.913683
2.912469
2.903929
2.903929
2.910484
2.903837
2.913246
2.907397
2.913756
2.900827
2.920185
2.910049
2.913636
2.903640
2.916045
2.915118
2.906482
2.912869
2.905935
2.915050
2.908295
2.915594
2.902934
2.920953
2.911711
2.914854
2.905001
2.917037
2.915938
2.907320
2.914058
2.907053
2.916197
2.909174
2.916408
2.903074
2.922675
2.911801
2.915668
2.904919
2.917643
2.915655
2.907119
2.913252
2.904933
2.915892
2.913940
2.907084
2.914362
2.903382
2.921940
2.911258
2.915038
2.903546
2.918581
2.914286
2.908211
2.910655
2.902705
2.915747
2.913368
2.906218
2.913744
2.902046
2.923211
2.910205
2.913820
2.902439
2.916278
2.913550
2.905584
2.910487
2.899608
2.917228
2.908979
2.911341
2.901293
2.913563
2.912559
2.904642
2.911940
2.903192
2.915377
2.912080
2.905704
2.911899
2.899235
2.921901
2.911668
2.904354
2.909769
2.903928
2.915257
2.911516
2.902005
2.909915
2.902109
2.915707
2.911175
2.905655
2.909393
2.899730
2.919537
2.908034
2.913827
2.901744
2.915870
2.911463
2.906079
2.907660
2.900638
2.912413
2.910792
2.905094
2.912555
2.898915
2.924164
2.926556
2.905507
2.910987
2.911239
2.910434
2.904618
2.903005
2.898198
2.908901
2.897854
2.921769
2.917982
2.898279
2.915294
2.913666
2.909261
2.906824
2.901303
2.907982
2.897033
2.916271
2.904924
2.909345
2.898719
2.911790
2.910409
2.903142
2.909438
2.900081
2.914372
2.908639
2.905018
2.903544
2.903150
2.906962
2.900974
2.911522
2.907621
2.910743
2.901705
2.917491
2.909043
2.912213
2.896751
2.919884
2.914520
2.896871
2.913635
2.909352
2.907043
2.901370
2.904768
2.898396
2.909441
2.908330
2.904956
2.910972
2.899274
2.922961
2.912532
2.906079
2.910121
2.905781
2.915286
2.908300
2.909279
2.897580
2.916879
2.907713
2.914289
2.901484
2.914695
2.910130
2.906666
2.906688
2.903234
2.912911
2.897795
2.926187
2.933886
2.923715
2.913765
2.914434
2.911658
2.905930
2.900764
2.899818
2.902270
2.905942
2.906872
2.909395
2.903254
2.913778
2.906989
2.918737
2.914381
2.916281
2.906736
2.916995
2.911952
2.905277
2.910281
2.897438
2.921402
2.916941
2.897960
2.911918
2.911489
2.906469
2.905740
2.897878
2.906890
2.900861
2.910722
2.905686
2.911056
2.898279
2.919050
2.907503
2.913138
2.903483
2.913538
2.911389
2.904368
2.908751
2.896479
2.917512
2.906299
2.911539
2.901490
2.912297
2.910906
2.903318
2.909405
2.898836
2.916420
2.907488
2.911380
2.899375
2.913851
2.909111
2.906437
2.904012
2.906720
2.903454
2.913197
2.897588
2.926155
2.933502
2.922347
2.911455
2.913425
2.910243
2.905011
2.899411
2.899264
2.899490
2.907226
2.900076
2.913715
2.908177
2.906833
2.904893
2.912277
2.902719
2.923118
2.907602
2.912819
2.906143
2.911205
2.900151
2.910674
2.906099
2.900998
2.907155
2.898386
2.916831
2.905540
2.909977
2.897909
2.913585
2.908828
2.907334
2.901801
2.908834
2.897322
2.919200
2.906215
2.909998
2.899978
2.912887
2.910928
2.903237
2.908087
2.897654
2.915588
2.906859
2.910947
2.899067
2.913150
2.908985
2.905995
2.904781
2.904513
2.908754
2.902631
2.912937
2.908950
2.909477
2.904149
2.914930
2.901366
2.924636
2.919491
2.901808
2.912501
2.912881
2.905731
2.906232
2.895704
2.905583
2.906136
2.903121
2.909866
2.897983
2.919499
2.906854
2.912185
2.903373
2.913345
2.910816
2.905378
2.906451
2.898358
2.910588
2.908632
2.904915
2.909042
2.898870
2.919039
2.906039
2.912560
2.906263
2.911286
2.900692
2.912928
2.906178
2.904640
2.900151
2.909510
2.897122
2.920088
2.916307
2.900492
2.908983
2.910047
2.907477
2.903920
2.898408
2.904550
2.894523
2.918520
2.907216
2.909693
2.899058
2.912926
2.909962
2.904242
2.906057
2.898522
2.910501
2.907702
2.902525
2.906478
2.895433
2.917554
2.904451
2.910528
2.904176
2.910447
2.899616
2.911648
2.904674
2.903418
2.898765
2.908523
2.896318
2.917821
2.913184
2.893424
2.913574
2.910664
2.906069
2.902366
2.899002
2.902881
2.897366
2.907598
2.904784
2.906520
2.900499
2.910958
2.903600
2.912921
2.907232
2.910195
2.899510
2.915974
2.905365
2.910443
2.896934
2.913273
2.905051
2.908462
2.896601
2.909750
2.906309
2.904220
2.902550
2.903860
2.903047
2.908952
2.897142
2.920343
2.916957
2.896380
2.920095
2.920756
2.906700
2.905268
2.898885
2.904059
2.896604
2.904340
2.900944
2.903947
2.898306
2.908713
2.903989
2.911888
2.898026
2.920317
2.912267
2.902078
2.908755
2.902121
2.909356
2.902739
2.903351
2.895926
2.906497
2.904534
2.906215
2.899019
2.908658
2.902227
2.911338
2.902136
2.911395
2.906932
2.906463
2.900269
2.909114
2.895399
2.918871
2.920752
2.902563
2.908142
2.907732
2.906687
2.900503
2.901105
2.895301
2.906601
2.903188
2.912165
2.898091
2.919132
2.907316
2.910761
2.901339
2.912316
2.910389
2.902416
2.906308
2.894779
2.894779
2.912994
2.903458
2.909067
2.899512
2.909068
2.907635
2.902711
2.906764
2.896557
2.914936
2.904669
2.910409
2.901122
2.909420
2.905083
2.907311
2.898149
2.908615
2.906981
2.904055
2.907270
2.899139
2.912830
2.906253
2.909901
2.897246
2.918906
2.906508
2.910765
2.901344
2.909171
2.902483
2.909256
2.896993
2.911548
2.904254
2.909226
2.898301
2.912987
2.906987
2.908159
2.899525
2.909497
2.907526
2.907934
2.901822
2.910915
2.897943
2.921697
2.922794
2.905630
2.910706
2.908833
2.909313
2.900112
2.904842
2.894081
2.912160
2.905062
2.910930
2.900404
2.910689
2.908760
2.903426
2.908601
2.898752
2.917229
2.905880
2.910521
2.901171
2.909311
2.904434
2.908694
2.896890
2.913532
2.904827
2.910688
2.899900
2.911623
2.907817
2.903801
2.904233
2.900376
2.910689
2.898141
2.919208
2.915375
2.895988
2.914656
2.910760
2.907399
2.901101
2.903036
2.897780
2.907504
2.901148
2.909571
2.902149
2.910680
2.903228
2.911748
2.905331
2.912058
2.898615
2.918997
2.906534
2.909476
2.899452
2.909401
2.908144
2.902252
2.906615
2.896346
2.915367
2.905546
2.911352
2.902858
2.910885
2.904466
2.911213
2.899376
2.914168
2.906473
2.911077
2.900004
2.913089
2.908040
2.907223
2.901248
2.910493
2.899490
2.920646
2.907578
2.910977
2.901875
2.911955
2.910303
2.904314
2.907386
2.897687
2.915260
2.906585
2.912450
2.902209
2.911955
2.909789
2.905277
2.908339
2.900221
2.914469
2.908167
2.911767
2.898864
2.918406
2.907378
2.912159
2.903707
2.911589
2.904690
2.911689
2.902268
2.910075
2.905999
2.909931
2.901131
2.914440
2.909196
2.911619
2.901657
2.916106
2.909913
2.913174
2.899619
2.918547
2.907762
2.912650
2.903935
2.911757
2.905329
2.912155
2.900243
2.915308
2.907393
2.912913
2.902049
2.915498
2.910087
2.910123
2.902576
2.912008
2.905944
2.914344
2.906616
2.913925
2.901674
2.920559
2.908833
2.913599
2.905724
2.913261
2.904830
2.912345
2.907657
2.908426
2.902817
2.913216
2.903706
2.919903
2.908733
2.914718
2.907096
2.914982
2.906029
2.913547
2.908515
2.909141
2.903201
2.913412
2.904478
2.918076
2.909051
2.914987
2.902482
2.921523
2.910150
2.913721
2.903810
2.912450
2.909905
2.909168
2.903931
2.911739
2.900080
2.923384
2.929741
2.909514
2.914442
2.914736
2.910907
2.907489
2.900635
2.907003
2.897660
2.919749
2.909053
2.913471
2.905769
2.913972
2.908216
2.914116
2.902305
2.916840
2.908469
2.912554
2.901534
2.912980
2.909212
2.907148
2.904765
2.909351
2.904085
2.914746
2.910290
2.911966
2.903128
2.917096
2.910898
2.915357
2.900900
2.921620
2.914846
2.903916
2.911202
2.905405
2.913597
2.907919
2.909624
2.901238
2.913969
2.911777
2.912976
2.905892
2.915454
2.908865
2.917664
2.910978
2.917241
2.903575
2.923900
2.919699
2.902297
2.917027
2.914137
2.913711
2.905368
2.911781
2.902300
2.918540
2.910838
2.916355
2.906421
2.917530
2.914919
2.911360
2.911112
2.907631
2.916508
2.904039
2.926663
2.932758
2.912138
2.916462
2.916553
2.912548
2.908957
2.902498
2.907937
2.900575
2.917833
2.910820
2.915711
2.905509
2.916458
2.914367
2.910796
2.911423
2.906411
2.915022
2.903472
2.921104
2.908531
2.913985
2.909963
2.913558
2.906093
2.913334
2.907985
2.912722
2.901316
2.920832
2.909962
2.914671
2.908319
2.914722
2.906074
2.915614
2.912160
2.908779
2.909997
2.906572
2.916133
2.903584
2.924002
2.921673
2.903854
2.921103
2.917231
2.914802
2.905889
2.910120
2.902568
2.913649
2.912229
2.909752
2.911100
2.907802
2.917120
2.905227
2.926244
2.920782
2.907196
2.917175
2.917585
2.911447
2.911513
2.902540
2.911807
2.911439
2.911067
2.910166
2.911333
2.909142
2.916242
2.904654
2.928767
2.931566
2.913584
2.918249
2.917049
2.912821
2.908287
2.903488
2.907037
2.903062
2.913884
2.911773
2.914915
2.906553
2.917937
2.915705
2.914800
2.910689
2.916419
2.904648
2.925356
2.911781
2.915166
2.908742
2.916542
2.909645
2.915054
2.906232
2.913475
2.909092
2.916181
2.905368
2.921120
2.912076
2.916769
2.908483
2.916738
2.914466
2.913340
2.908390
2.914315
2.903886
2.924921
2.913074
2.917924
2.913773
2.917023
2.909710
2.916066
2.909368
2.915811
2.905272
2.921790
2.913006
2.917263
2.908539
2.916034
2.912786
2.915365
2.907296
2.915930
2.913981
2.913926
2.909789
2.917032
2.905473
2.926717
2.920466
2.909063
2.917407
2.915700
2.918105
2.906601
2.913785
2.912084
2.911091
2.912659
2.910110
2.917658
2.905186
2.926791
2.926541
2.910542
2.920638
2.920579
2.913786
2.911882
2.903617
2.911606
2.907228
2.916229
2.910834
2.917710
2.908265
2.920148
2.915969
2.916907
2.910147
2.918145
2.911602
2.918239
2.910172
2.917226
2.910840
2.918447
2.910716
2.918222
2.913965
2.916546
2.908594
2.918585
2.916172
2.914971
2.911486
2.917530
2.917530
2.907005
2.928551
2.915317
2.919736
2.915455
2.919623
2.911213
2.917513
2.913344
2.913703
2.909182
2.919066
2.908387
2.928291
2.915517
2.919762
2.915311
2.919909
2.911983
2.918444
2.914209
2.914470
2.909585
2.919244
2.909141
2.927735
2.915496
2.920545
2.916893
2.918867
2.912508
2.918900
2.908740
2.920424
2.914999
2.919040
2.910121
2.921274
2.917896
2.916273
2.912025
2.918933
2.908715
2.929274
2.916274
2.920026
2.915322
2.920502
2.912315
2.919102
2.915664
2.913760
2.913327
2.915471
2.913903
2.920361
2.908518
2.931201
2.931681
2.916605
2.923623
2.923168
2.917127
2.914366
2.906226
2.914315
2.907985
2.920572
2.916876
2.918176
2.911359
2.920147
2.915555
2.922521
2.910665
2.927015
2.916642
2.920610
2.913534
2.919456
2.911404
2.918953
2.916422
2.915129
2.914495
2.916755
2.914137
2.921993
2.909711
2.932563
2.937080
2.919589
2.923784
2.922708
2.918097
2.913604
2.908121
2.912155
2.907402
2.919028
2.918355
2.917265
2.915565
2.918793
2.914702
2.923819
2.915889
2.925135
2.919612
2.920658
2.911694
2.920668
2.917810
2.916401
2.913205
2.919272
2.909312
2.929886
2.916164
2.922821
2.919209
2.920499
2.914918
2.920723
2.909675
2.924213
2.916233
2.921890
2.914724
2.922141
2.917936
2.921059
2.912120
2.922939
2.920856
2.920899
2.916065
2.923269
2.912012
2.931947
2.919963
2.923931
2.919233
2.924416
2.915852
2.921667
2.917909
2.916966
2.915021
2.921317
2.913216
2.929238
2.919549
2.925080
2.919707
2.925180
2.915737
2.924915
2.919823
2.918574
2.913837
2.922104
2.911814
2.930641
2.918583
2.922996
2.919522
2.923464
2.916490
2.922540
2.915878
2.921963
2.912105
2.927877
2.920230
2.924373
2.915783
2.923232
2.920819
2.921117
2.915245
2.923037
2.913135
2.930785
2.920125
2.924655
2.920133
2.923969
2.916590
2.923298
2.918978
2.921471
2.914140
2.924289
2.922455
2.921721
2.917351
2.924502
2.913875
2.934996
2.923514
2.924788
2.916630
2.925878
2.924000
2.918300
2.918686
2.913225
2.923105
2.918700
2.926430
2.916750
2.928128
2.922855
2.925506
2.916441
2.926457
2.923528
2.921628
2.917205
2.923146
2.913382
2.933112
2.921109
2.926791
2.923794
2.924570
2.919560
2.924571
2.913280
2.929396
2.920493
2.925986
2.920901
2.926391
2.918017
2.925351
2.922757
2.920963
2.920906
2.921386
2.923105
2.919641
2.927161
2.915619
2.938931
2.944285
2.925363
2.928903
2.927876
2.922360
2.918962
2.911905
2.917795
2.911251
2.925187
2.921919
2.924266
2.917344
2.925648
2.923027
2.925826
2.917227
2.926015
2.923551
2.921445
2.918810
2.921429
2.916805
2.925780
2.919341
2.927471
2.922720
2.927069
2.915903
2.931431
2.921509
2.925596
2.918945
2.925619
2.918239
2.924976
2.921358
2.922045
2.917398
2.926672
2.918066
2.933434
2.924073
2.928587
2.921979
2.928688
2.921512
2.927338
2.921059
2.926359
2.917176
2.930597
2.924880
2.928043
2.919228
2.928716
2.927413
2.924411
2.924227
2.921004
2.928458
2.917382
2.938113
2.927131
2.929208
2.922230
2.930433
2.927615
2.924243
2.919358
2.923329
2.917500
2.929589
2.925838
2.928128
2.919802
2.930647
2.928079
2.927448
2.920984
2.928680
2.918648
2.935120
2.923977
2.928192
2.924023
2.927720
2.921004
2.927833
2.922664
2.927854
2.918020
2.933756
2.926303
2.930579
2.922509
2.929596
2.926050
2.928897
2.920323
2.928955
2.927196
2.926633
2.923533
2.929202
2.920361
2.937442
2.927133
2.932573
2.928664
2.930138
2.923355
2.929589
2.921329
2.929262
2.926513
2.928173
2.922850
2.931304
2.923621
2.933147
2.928592
2.930435
2.923473
2.932042
2.928540
2.930247
2.921499
2.931840
2.929209
2.930828
2.923659
2.932153
2.928084
2.933050
2.920943
2.939489
2.928818
2.932698
2.927887
2.931947
2.924446
2.931147
2.927270
2.929567
2.923223
2.932748
2.930353
2.933424
2.924471
2.936092
2.931677
2.934556
2.924487
2.936534
2.930714
2.933073
2.922986
2.933891
2.930671
2.931273
2.924476
2.932793
2.927052
2.934687
2.928871
2.934584
2.924148
2.939568
2.930750
2.934525
2.926755
2.933644
2.928208
2.933691
2.923946
2.934209
2.930835
2.932547
2.926432
2.934789
2.929127
2.936046
2.928342
2.935659
2.931146
2.935638
2.925329
2.938656
2.931104
2.935274
2.926473
2.935669
2.933590
2.931119
2.928593
2.930881
2.927429
2.936950
2.925909
2.946242
2.934608
2.937221
2.930728
2.937507
2.930528
2.934715
2.925152
2.932547
2.930716
2.932427
2.927531
2.935966
2.927090
2.942063
2.933477
2.938151
2.931199
2.937591
2.930398
2.935842
2.928221
2.934997
2.929288
2.936888
2.930384
2.937358
2.931457
2.937897
2.928979
2.940345
2.935223
2.937082
2.928913
2.937485
2.935353
2.935166
2.929683
2.937842
2.928073
2.946801
2.935245
2.938852
2.934904
2.938246
2.931341
2.937440
2.930819
2.937205
2.929079
2.940269
2.936748
2.937745
2.937745
