0.118065
0.126836
0.126047
0.125717
0.125641
0.125739
0.125996
0.126409
0.126956
0.127599
0.128304
0.129047
0.129813
0.130589
0.131365
0.132129
0.132872
0.133588
0.134272
0.134922
0.135541
0.136129
0.136685
0.137207
0.137696
0.138153
0.138584
0.138994
0.139388
0.139770
0.140148
0.140527
0.140915
0.141317
0.141740
0.142186
0.142662
0.143171
0.143718
0.144306
0.144941
0.145625
0.146362
0.147157
0.148013
0.148933
0.149919
0.150974
0.152103
0.153314
0.154617
0.156031
0.157581
0.159304
0.161247
0.163456
0.165955
0.168719
0.171674
0.174770
0.178058
0.181626
0.185538
0.189844
0.194594
0.199833
0.205591
0.211883
0.218690
0.225945
0.233501
0.241121
0.248483
0.255233
0.261062
0.265796
0.269437
0.272129
0.274072
0.275456
0.276434
0.277122
0.277603
0.277937
0.278164
0.278316
0.278413
0.278470
0.278497
0.278501
0.278488
0.278461
0.278421
0.278371
0.278311
0.278242
0.278163
0.278075
0.277977
0.277868
0.277748
0.277616
0.277472
0.277315
0.277146
0.276964
0.276770
0.276567
0.276355
0.276137
0.275917
0.275697
0.275478
0.275260
0.275045
0.274831
0.274615
0.274395
0.274168
0.273932
0.273687
0.273432
0.273165
0.272887
0.272597
0.272295
0.271983
0.271659
0.271326
0.270983
0.270632
0.270275
0.269913
0.269551
0.269191
0.268841
0.268508
0.268202
0.267931
0.267702
0.267513
0.267352
0.267202
0.267050
0.266889
0.266719
0.266539
0.266349
0.266149
0.265937
0.265713
0.265479
0.265236
0.264987
0.264731
0.264470
0.264203
0.263930
0.263652
0.263370
0.263084
0.262797
0.262508
0.262218
0.261929
0.261641
0.261354
0.261070
0.260787
0.260505
0.260225
0.259946
0.259663
0.259370
0.259050
0.258734
0.258461
0.258196
0.257925
0.257648
0.257365
0.257090
0.256859
0.256662
0.256484
0.256324
0.256053
0.255808
0.255496
0.255254
0.254913
0.254748
0.254339
0.254219
0.253799
0.253600
0.253407
0.253141
0.252859
0.252574
0.252283
0.252033
0.251843
0.251655
0.251433
0.251188
0.250946
0.250708
0.250470
0.250236
0.250005
0.249777
0.249551
0.249328
0.249108
0.248891
0.248677
0.248467
0.248260
0.248057
0.247858
0.247664
0.247473
0.247287
0.247105
0.246927
0.246755
0.246587
0.246424
0.246266
0.246114
0.245966
0.245824
0.245688
0.245558
0.245434
0.245316
0.245206
0.245102
0.245005
0.244916
0.244836
0.244764
0.244701
0.244646
0.244601
0.244564
0.244536
0.244516
0.244504
0.244500
0.244503
0.244514
0.244532
0.244557
0.244588
0.244625
0.244668
0.244716
0.244770
0.244829
0.244893
0.244961
0.245034
0.245112
0.245193
0.245279
0.245369
0.245463
0.245561
0.245663
0.245768
0.245878
0.245992
0.246110
0.246232
0.246358
0.246489
0.246624
0.246763
0.246907
0.247056
0.247209
0.247366
0.247528
0.247694
0.247863
0.248034
0.248207
0.248379
0.248549
0.248715
0.248878
0.249036
0.249190
0.249341
0.249489
0.249636
0.249782
0.249927
0.250072
0.250217
0.250360
0.250504
0.250646
0.250788
0.250930
0.251070
0.251211
0.251351
0.251491
0.251631
0.251770
0.251910
0.252050
0.252192
0.252338
0.252490
0.252651
0.252822
0.253007
0.253206
0.253421
0.253652
0.253897
0.254154
0.254423
0.254700
0.254986
0.255278
0.255575
0.255876
0.256182
0.256490
0.256801
0.257115
0.257430
0.257748
0.258068
0.258391
0.258715
0.259042
0.259371
0.259702
0.260036
0.260372
0.260710
0.261051
0.261394
0.261739
0.262087
0.262437
0.262790
0.263146
0.263504
0.263864
0.264228
0.264594
0.264963
0.265335
0.265710
0.266088
0.266470
0.266855
0.267243
0.267635
0.268030
0.268429
0.268832
0.269238
0.269648
0.270062
0.270480
0.270902
0.271327
0.271757
0.272190
0.272628
0.273069
0.273514
0.273964
0.274417
0.274874
0.275335
0.275801
0.276270
0.276742
0.277219
0.277700
0.278184
0.278672
0.279164
0.279660
0.280159
0.280661
0.281167
0.281677
0.282190
0.282707
0.283226
0.283749
0.284275
0.284805
0.285337
0.285872
0.286410
0.286951
0.287495
0.288041
0.288590
0.289142
0.289696
0.290252
0.290810
0.291371
0.291934
0.292499
0.293065
0.293634
0.294204
0.294776
0.295349
0.295924
0.296501
0.297078
0.297657
0.298237
0.298818
0.299400
0.299983
0.300567
0.301153
0.301739
0.302325
0.302913
0.303502
0.304092
0.304683
0.305275
0.305867
0.306461
0.307056
0.307653
0.308250
0.308849
0.309448
0.310050
0.310652
0.311256
0.311861
0.312467
0.313075
0.313684
0.314294
0.314906
0.315519
0.316134
0.316749
0.317367
0.317985
0.318604
0.319225
0.319847
0.320470
0.321095
0.321720
0.322347
0.322975
0.323604
0.324234
0.324865
0.325497
0.326130
0.326764
0.327399
0.328035
0.328672
0.329310
0.329949
0.330589
0.331230
0.331872
0.332514
0.333158
0.333803
0.334448
0.335095
0.335742
0.336391
0.337040
0.337690
0.338342
0.338994
0.339648
0.340302
0.340957
0.341614
0.342271
0.342930
0.343589
0.343589
0.344250
0.344912
0.345574
0.346238
0.346903
0.347570
0.348237
0.348906
0.349575
0.350246
0.350919
0.351592
0.352267
0.352943
0.353620
0.354299
0.354979
0.355660
0.356343
0.357027
0.357712
0.358399
0.359087
0.359777
0.360468
0.361161
0.361855
0.362551
0.363249
0.363948
0.364648
0.365350
0.366054
0.366760
0.367467
0.368176
0.368886
0.369599
0.370313
0.371029
0.371746
0.372466
0.373187
0.373911
0.374636
0.375363
0.376092
0.376823
0.377556
0.378291
0.379028
0.379767
0.380508
0.381252
0.381997
0.382745
0.383494
0.384246
0.385000
0.385757
0.386515
0.387276
0.388040
0.388805
0.389573
0.390343
0.391116
0.391891
0.392668
0.393448
0.394231
0.395016
0.395803
0.396593
0.397386
0.398181
0.398979
0.399779
0.400583
0.401388
0.402197
0.403008
0.403822
0.404639
0.405459
0.406281
0.407106
0.407935
0.408766
0.409600
0.410437
0.411276
0.412119
0.412965
0.413814
0.414666
0.415521
0.416379
0.417240
0.418104
0.418972
0.419842
0.420716
0.421593
0.422473
0.423356
0.424243
0.425133
0.426026
0.426923
0.427823
0.428726
0.429633
0.430543
0.431456
0.432373
0.433293
0.434217
0.435144
0.436075
0.437009
0.437946
0.438888
0.439832
0.440781
0.441733
0.442688
0.443647
0.444610
0.445576
0.446546
0.447519
0.448496
0.449477
0.450461
0.451449
0.452441
0.453436
0.454435
0.455438
0.456444
0.457454
0.458468
0.459486
0.460507
0.461532
0.462560
0.463592
0.464628
0.465668
0.466711
0.467758
0.468808
0.469862
0.470920
0.471982
0.473047
0.474115
0.475188
0.476263
0.477343
0.478426
0.479512
0.480602
0.481696
0.482793
0.483893
0.484997
0.486104
0.487214
0.488328
0.489445
0.490566
0.491690
0.492817
0.493947
0.495080
0.496216
0.497356
0.498498
0.499643
0.500792
0.501943
0.503097
0.504253
0.505413
0.506575
0.507740
0.508907
0.510077
0.511249
0.512423
0.513600
0.514779
0.515961
0.517144
0.518329
0.519516
0.520705
0.521896
0.523089
0.524283
0.525478
0.526676
0.527874
0.529073
0.530274
0.531476
0.532679
0.533882
0.535086
0.536291
0.537496
0.538702
0.539908
0.541114
0.542320
0.543525
0.544731
0.545936
0.547141
0.548345
0.549548
0.550750
0.551951
0.553151
0.554350
0.555546
0.556742
0.557935
0.559126
0.560315
0.561501
0.562685
0.563866
0.565045
0.566220
0.567392
0.568560
0.569725
0.570885
0.572042
0.573194
0.574342
0.575485
0.576624
0.577757
0.578885
0.580007
0.581123
0.582234
0.583338
0.584436
0.585528
0.586612
0.587690
0.588760
0.589822
0.590877
0.591924
0.592963
0.593993
0.595014
0.596027
0.597030
0.598025
0.599009
0.599984
0.600948
0.601903
0.602846
0.603779
0.604701
0.605612
0.606510
0.607398
0.608273
0.609136
0.609986
0.610824
0.611648
0.612459
0.613257
0.614041
0.614811
0.615567
0.616309
0.617036
0.617748
0.618446
0.619128
0.619795
0.620446
0.621082
0.621702
0.622306
0.622893
0.623465
0.624019
0.624558
0.625079
0.625583
0.626070
0.626540
0.626992
0.627427
0.627844
0.628244
0.628626
0.628990
0.629336
0.629665
0.629976
0.630269
0.630546
0.630805
0.631047
0.631273
0.631482
0.631675
0.631853
0.632016
0.632163
0.632297
0.632416
0.632522
0.632615
0.632696
0.632764
0.632822
0.632868
0.632905
0.632931
0.632949
0.632958
0.632958
0.632952
0.632938
0.632917
0.632891
0.632860
0.632823
0.632782
0.632737
0.632689
0.632638
0.632584
0.632528
0.632471
0.632413
0.632354
0.632296
0.632238
0.632181
0.632125
0.632072
0.632021
0.631973
0.631929
0.631889
0.631853
0.631823
0.631798
0.631780
0.631769
0.631765
0.631768
0.631781
0.631803
0.631834
0.631876
0.631927
0.631987
0.632054
0.632121
0.632190
0.632238
0.632338
0.632340
0.632537
0.632715
0.633057
0.633408
0.633752
0.634090
0.634431
0.634788
0.635170
0.635577
0.636005
0.636447
0.636901
0.637366
0.637853
0.638360
0.638608
0.638985
0.639443
0.640197
0.640899
0.641242
0.641773
0.642226
0.643110
0.643772
0.644488
0.644691
0.645579
0.645934
0.647109
0.647720
0.648064
0.648978
0.649367
0.650833
0.651223
0.652458
0.652393
0.653885
0.654094
0.656179
0.656132
0.657897
0.657869
0.660107
0.659807
0.661611
0.661527
0.663966
0.663586
0.665571
0.665413
0.668148
0.667635
0.669770
0.669557
0.672427
0.671862
0.674151
0.673939
0.676809
0.676280
0.677547
0.678174
0.678786
0.680544
0.681796
0.682309
0.684350
0.685035
0.686081
0.687597
0.688763
0.689556
0.691231
0.692418
0.693259
0.695248
0.696264
0.697478
0.699191
0.700503
0.701349
0.703611
0.704536
0.705957
0.707815
0.709166
0.710066
0.712566
0.713367
0.715018
0.716930
0.718409
0.719233
0.722114
0.722560
0.724648
0.726285
0.728283
0.728822
0.732393
0.732236
0.735249
0.736121
0.739006
0.739999
0.743624
0.743265
0.745659
0.747746
0.748473
0.752278
0.754815
0.756681
0.757270
0.760880
0.760751
0.763452
0.763452
0.765406
0.766642
0.769460
0.772325
0.775178
0.776677
0.779724
0.779653
0.781843
0.784649
0.786510
0.789592
0.792575
0.794443
0.795577
0.796935
0.800379
0.804752
0.805768
0.807005
0.810415
0.810733
0.813212
0.816091
0.819598
0.821977
0.824535
0.826993
0.827748
0.830200
0.832655
0.835735
0.838520
0.843907
0.844397
0.846015
0.849003
0.851677
0.853642
0.857409
0.859372
0.862805
0.864743
0.868193
0.869860
0.872884
0.874919
0.878391
0.880149
0.883413
0.885437
0.889037
0.890756
0.894238
0.896109
0.899833
0.901519
0.905202
0.906937
0.910778
0.912419
0.916290
0.917916
0.921885
0.923460
0.927497
0.929034
0.933153
0.934647
0.938847
0.940297
0.944584
0.945988
0.950363
0.951720
0.956185
0.957494
0.962046
0.963308
0.967942
0.969160
0.973869
0.975045
0.979824
0.980961
0.985807
0.986906
0.991819
0.992882
0.997862
0.998890
1.003940
1.004929
1.010054
1.010999
1.016207
1.017100
1.022404
1.023231
1.028646
1.029391
1.034934
1.035581
1.041261
1.041798
1.047612
1.048037
1.053960
1.054286
1.060283
1.060524
1.066564
1.066728
1.072795
1.072884
1.078967
1.078983
1.085075
1.085019
1.091110
1.090982
1.097065
1.096858
1.102930
1.102635
1.108689
1.108311
1.114322
1.113893
1.119805
1.119391
1.125120
1.124798
1.130263
1.130087
1.135245
1.135221
1.140070
1.140187
1.144732
1.144978
1.149219
1.149585
1.153516
1.153995
1.157602
1.158189
1.161457
1.162145
1.165056
1.165840
1.168379
1.169248
1.171404
1.172339
1.174117
1.175081
1.176507
1.177443
1.178561
1.179406
1.180263
1.180962
1.181593
1.182110
1.182533
1.182853
1.183075
1.183197
1.183223
1.183154
1.182993
1.182743
1.182409
1.181995
1.181505
1.180944
1.180317
1.179630
1.178887
1.178095
1.177259
1.176382
1.175471
1.174530
1.173562
1.172573
1.171566
1.170544
1.169511
1.168470
1.167422
1.166372
1.165321
1.164271
1.163224
1.162183
1.161147
1.160120
1.159102
1.158094
1.157098
1.156114
1.155143
1.154186
1.153244
1.152317
1.151405
1.150510
1.149630
1.148767
1.147920
1.147090
1.146276
1.145479
1.144698
1.143933
1.143184
1.142450
1.141733
1.141030
1.140342
1.139669
1.139009
1.138364
1.137732
1.137114
1.136508
1.135915
1.135334
1.134765
1.134208
1.133662
1.133126
1.132602
1.132088
1.131585
1.131091
1.130608
1.130134
1.129670
1.129216
1.128771
1.128336
1.127911
1.127495
1.127088
1.126692
1.126305
1.125928
1.125562
1.125206
1.124861
1.124527
1.124204
1.123892
1.123592
1.123304
1.123028
1.122765
1.122515
1.122277
1.122053
1.121842
1.121645
1.121462
1.121294
1.121141
1.121002
1.120879
1.120772
1.120680
1.120605
1.120547
1.120506
1.120483
1.120479
1.120493
1.120527
1.120581
1.120656
1.120753
1.120873
1.121017
1.121186
1.121381
1.121604
1.121855
1.122138
1.122452
1.122801
1.123187
1.123611
1.124077
1.124586
1.125144
1.125751
1.126414
1.127134
1.127918
1.128770
1.129696
1.130701
1.131793
1.132978
1.134266
1.135664
1.137182
1.138830
1.140620
1.142562
1.144665
1.146941
1.149395
1.152029
1.154839
1.157809
1.160911
1.164102
1.167324
1.170512
1.173599
1.176532
1.179273
1.181805
1.184126
1.186246
1.188179
1.189943
1.191563
1.193062
1.194467
1.195804
1.197098
1.198371
1.199643
1.200928
1.202239
1.203584
1.204968
1.206395
1.207869
1.209390
1.210962
1.212584
1.214260
1.215990
1.217775
1.219616
1.221515
1.223471
1.225484
1.227555
1.229683
1.231868
1.234109
1.236405
1.238755
1.241156
1.243608
1.246109
1.248656
1.251247
1.253882
1.256560
1.259280
1.262045
1.264858
1.267726
1.270656
1.273655
1.276727
1.279876
1.283098
1.286388
1.289735
1.293128
1.296555
1.300006
1.303471
1.306945
1.310422
1.313899
1.317372
1.320837
1.324292
1.327730
1.331146
1.334534
1.337887
1.341201
1.344476
1.347716
1.350929
1.354127
1.357323
1.360526
1.363744
1.366977
1.370227
1.373493
1.376774
1.380069
1.383378
1.386699
1.390033
1.393377
1.396733
1.400097
1.403472
1.406855
1.410248
1.413649
1.417058
1.420477
1.423903
1.427338
1.430781
1.434232
1.437692
1.441160
1.444636
1.448122
1.451616
1.455120
1.458634
1.462157
1.465691
1.469235
1.472791
1.476358
1.479937
1.483528
1.487133
1.490751
1.494383
1.498030
1.501692
1.505369
1.509063
1.512773
1.516501
1.520247
1.524012
1.527795
1.531599
1.535423
1.539267
1.543134
1.547023
1.550934
1.554870
1.558829
1.562813
1.566823
1.570860
1.574923
1.579014
1.583133
1.587282
1.591460
1.595669
1.599908
1.604180
1.608485
1.612823
1.617196
1.621604
1.626047
1.630527
1.635046
1.639602
1.644199
1.648836
1.653516
1.658239
1.663006
1.667820
1.672682
1.677595
1.682559
1.687577
1.692650
1.697782
1.702971
1.708219
1.713523
1.718878
1.724277
1.729709
1.735160
1.740615
1.746058
1.751478
1.756863
1.762206
1.767502
1.772750
1.777949
1.777949
1.783101
1.788200
1.793302
1.798033
1.805643
1.801690
1.810334
1.816832
1.823799
1.827513
1.831376
1.836506
1.841048
1.845452
1.850219
1.855186
1.860264
1.865394
1.870530
1.875641
1.880715
1.885758
1.890782
1.895802
1.900830
1.905872
1.910931
1.916007
1.921099
1.926207
1.931331
1.936468
1.941621
1.946788
1.951969
1.957163
1.962370
1.967586
1.972812
1.978045
1.983283
1.988525
1.993768
1.999010
2.004248
2.009480
2.014702
2.019913
2.025109
2.030287
2.035444
2.040579
2.045688
2.050770
2.055822
2.060843
2.065832
2.070787
2.075708
2.080594
2.085444
2.090258
2.095035
2.099776
2.104479
2.109144
2.113772
2.118361
2.122913
2.127426
2.131900
2.136336
2.140733
2.145091
2.149409
2.153688
2.157928
2.162129
2.166290
2.170411
2.174493
2.178536
2.182539
2.186503
2.190428
2.194314
2.198162
2.201971
2.205742
2.209475
2.213171
2.216831
2.220453
2.224040
2.227592
2.231109
2.234591
2.238041
2.241457
2.244841
2.248194
2.251515
2.254807
2.258070
2.261305
2.264512
2.267692
2.270846
2.273975
2.277080
2.280161
2.283220
2.286257
2.289272
2.292268
2.295244
2.298202
2.301142
2.304064
2.306970
2.309861
2.312736
2.315597
2.318444
2.321278
2.324099
2.326909
2.329707
2.332494
2.335270
2.338037
2.340794
2.343542
2.346281
2.349012
2.351735
2.354450
2.357159
2.359860
2.362554
2.365242
2.367924
2.370600
2.373271
2.375936
2.378595
2.381250
2.383900
2.386545
2.389186
2.391822
2.394455
2.397083
2.399707
2.402327
2.404944
2.407558
2.410167
2.412774
2.415377
2.417978
2.420575
2.423169
2.425760
2.428349
2.430935
2.433518
2.436099
2.438677
2.441253
2.443827
2.446398
2.448967
2.451534
2.454099
2.456662
2.459222
2.461781
2.464338
2.466892
2.469445
2.471996
2.474546
2.477093
2.479639
2.482183
2.484725
2.487266
2.489805
2.492343
2.494879
2.497413
2.499945
2.502476
2.505006
2.507534
2.510060
2.512585
2.515108
2.517630
2.520150
2.522668
2.525185
2.527700
2.530214
2.532726
2.535236
2.537745
2.540252
2.542758
2.545261
2.547764
2.550264
2.552762
2.555259
2.557754
2.560247
2.562739
2.565228
2.567716
2.570201
2.572685
2.575167
2.577646
2.580124
2.582599
2.585073
2.587544
2.590013
2.592480
2.594945
2.597408
2.599868
2.602326
2.604782
2.607235
2.609686
2.612135
2.614581
2.617025
2.619466
2.621905
2.624341
2.626774
2.629205
2.631634
2.634060
2.636483
2.638903
2.641321
2.643736
2.646148
2.648558
2.650964
2.653368
2.655769
2.658167
2.660563
2.662955
2.665344
2.667731
2.670114
2.672495
2.674872
2.677247
2.679618
2.681987
2.684352
2.686714
2.689073
2.691429
2.693781
2.696130
2.698477
2.700819
2.703159
2.705495
2.707828
2.710158
2.712484
2.714807
2.717126
2.719442
2.721754
2.724063
2.726368
2.728670
2.730968
2.733263
2.735554
2.737841
2.740125
2.742404
2.744681
2.746953
2.749221
2.751486
2.753747
2.756004
2.758257
2.760506
2.762751
2.764992
2.767229
2.769462
2.771691
2.773916
2.776136
2.778352
2.780564
2.782772
2.784976
2.787175
2.789370
2.791561
2.793747
2.795928
2.798105
2.800278
2.802446
2.804610
2.806769
2.808923
2.811073
2.813218
2.815358
2.817494
2.819625
2.821751
2.823872
2.825988
2.828100
2.830206
2.832308
2.834404
2.836496
2.838582
2.840664
2.842740
2.844812
2.846878
2.848939
2.850995
2.853046
2.855091
2.857131
2.859166
2.861196
2.863220
2.865239
2.867252
2.869261
2.871263
2.873261
2.875253
2.877239
2.879220
2.881195
2.883165
2.885129
2.887087
2.889040
2.890988
2.892929
2.894865
2.896795
2.898720
2.900638
2.902551
2.904458
2.906359
2.908254
2.910143
2.912027
2.913904
2.915775
2.917640
2.919498
2.921351
2.923197
2.925037
2.926870
2.928696
2.930516
2.932329
2.934135
2.935934
2.937725
2.939509
2.941285
2.943052
2.944812
2.946562
2.948303
2.950035
2.951755
2.953465
2.955162
2.956847
2.958517
2.960172
2.961809
2.963427
2.965024
2.966597
2.968144
2.969662
2.971149
2.972605
2.974031
2.975435
2.976828
2.978229
2.979659
2.981138
2.982676
2.984277
2.985933
2.987635
2.989374
2.991141
2.992929
2.994735
2.996554
2.998385
3.000227
3.002078
3.003938
3.005807
3.007684
3.009570
3.011462
3.013362
3.015269
3.017181
3.019099
3.021023
3.022951
3.024884
3.026821
3.028763
3.030708
3.032656
3.034608
3.036563
3.038521
3.040482
3.042445
3.044411
3.046379
3.048349
3.050321
3.052295
3.054270
3.056248
3.058227
3.060207
3.062189
3.064172
3.066156
3.068141
3.070127
3.072115
3.074103
3.076092
3.078082
3.080072
3.082063
3.084054
3.086046
3.088039
3.090031
3.092024
3.094018
3.096011
3.098004
3.099998
3.101991
3.103984
3.105977
3.107970
3.109963
3.111956
3.113948
3.115939
3.117931
3.119921
3.121911
3.123901
3.125890
3.127878
3.129866
3.131853
3.133839
3.135824
3.137808
3.139792
3.141774
3.143756
3.143756
3.145736
3.147715
3.149694
3.151671
3.153647
3.155622
3.157595
3.159568
3.161539
3.163509
3.165477
3.167444
3.169410
3.171374
3.173337
3.175299
3.177259
3.179217
3.181174
3.183130
3.185084
3.187036
3.188987
3.190937
3.192884
3.194830
3.196775
3.198718
3.200659
3.202598
3.204536
3.206472
3.208406
3.210339
3.212270
3.214199
3.216126
3.218052
3.219976
3.221898
3.223819
3.225737
3.227654
3.229569
3.231483
3.233394
3.235304
3.237212
3.239118
3.241022
3.242925
3.244826
3.246725
3.248622
3.250517
3.252411
3.254303
3.256193
3.258082
3.259969
3.261854
3.263737
3.265619
3.267499
3.269377
3.271253
3.273128
3.275002
3.276874
3.278744
3.280613
3.282480
3.284345
3.286210
3.288072
3.289933
3.291793
3.293652
3.295509
3.297365
3.299219
3.301073
3.302925
3.304776
3.306625
3.308474
3.310321
3.312168
3.314014
3.315858
3.317702
3.319544
3.321386
3.323227
3.325068
3.326907
3.328746
3.330584
3.332421
3.334258
3.336094
3.337930
3.339765
3.341599
3.343433
3.345267
3.347100
3.348932
3.350764
3.352595
3.354426
3.356256
3.358086
3.359916
3.361744
3.363572
3.365400
3.367227
3.369053
3.370878
3.372703
3.374527
3.376350
3.378173
3.379994
3.381815
3.383634
3.385453
3.387271
3.389087
3.390902
3.392716
3.394529
3.396341
3.398151
3.399960
3.401767
3.403573
3.405378
3.407181
3.408982
3.410781
3.412579
3.414376
3.416170
3.417963
3.419753
3.421542
3.423329
3.425114
3.426897
3.428678
3.430457
3.432234
3.434009
3.435781
3.437552
3.439320
3.441087
3.442851
3.444613
3.446372
3.448130
3.449886
3.451639
3.453390
3.455140
3.456887
3.458632
3.460375
3.462116
3.463854
3.465591
3.467326
3.469059
3.470789
3.472518
3.474245
3.475970
3.477693
3.479414
3.481133
3.482850
3.484566
3.486279
3.487991
3.489701
3.491409
3.493116
3.494820
3.496523
3.498224
3.499924
3.501621
3.503317
3.505010
3.506700
3.508385
3.510062
3.511721
3.513339
3.514863
3.516311
3.518589
3.521213
3.522744
3.524586
3.526029
3.527940
3.529389
3.531597
3.532588
3.535586
3.536158
3.539355
3.539858
3.541963
3.542886
3.546475
3.546422
3.549387
3.549822
3.553368
3.553825
3.554935
3.557817
3.558158
3.562253
3.562773
3.563095
3.568120
3.568249
3.568296
3.573569
3.573944
3.573643
3.577060
3.576840
3.581317
3.582255
3.581690
3.586002
3.585581
3.587541
3.588176
3.592249
3.592356
3.593247
3.596105
3.596197
3.601779
3.602942
3.603676
3.604213
3.604655
3.609553
3.610216
3.610009
3.612190
3.612595
3.618865
3.620449
3.622517
3.625640
3.627838
3.630097
3.632268
3.634325
3.636367
3.638355
3.640306
3.642231
3.644133
3.646015
3.647878
3.649721
3.651545
3.653349
3.655133
3.656897
3.658640
3.660361
3.662060
3.663735
3.665385
3.667009
3.668607
3.670176
3.671717
3.673227
3.674707
3.676155
3.677572
3.678957
3.680309
3.681629
3.682917
3.684173
3.685398
3.686593
3.687759
3.688896
3.690007
3.691092
3.692153
3.693193
3.694211
3.695211
3.696193
3.697160
3.698113
3.699053
3.699983
3.700902
3.701814
3.702718
3.703617
3.704511
3.705401
3.706289
3.707175
3.708059
3.708943
3.709828
3.710714
3.711600
3.712489
3.713380
3.714274
3.715170
3.716070
3.716974
3.717881
3.718792
3.719707
3.720626
3.721549
3.722477
3.723409
3.724346
3.725287
3.726232
3.727182
3.728137
3.729095
3.730059
3.731026
3.731998
3.732974
3.733954
3.734939
3.735927
3.736920
3.737916
3.738917
3.739921
3.740929
3.741940
3.742955
3.743974
3.744995
3.746020
3.747049
3.748080
3.749114
3.750150
3.751190
3.752232
3.753276
3.754323
3.755372
3.756423
3.757476
3.758531
3.759587
3.760645
3.761705
3.762766
3.763829
3.764893
3.765958
3.767024
3.768092
3.769160
3.770229
3.771299
3.772370
3.773442
3.774514
3.775587
3.776660
3.777735
3.778809
3.779884
3.780960
3.782036
3.783112
3.784188
3.785265
3.786343
3.787420
3.788498
3.789576
3.790655
3.791733
3.792812
3.793891
3.794971
3.796050
3.797130
3.798210
3.799290
3.800370
3.801451
3.802532
3.803612
3.804694
3.805775
3.806856
3.807938
3.809020
3.810102
3.811184
3.812266
3.813348
3.814431
3.815514
3.816597
3.817680
3.818763
3.819846
3.820930
3.822013
3.823097
3.824181
3.825265
3.826349
3.827433
3.828517
3.829601
3.830686
3.831770
3.832855
3.833940
3.835025
3.836110
3.837194
3.838279
3.839364
3.840450
3.841535
3.842620
3.843705
3.844790
3.845875
3.846961
3.848046
3.849131
3.850216
3.851301
3.852386
3.853471
3.854556
3.855641
3.856725
3.857810
3.858894
3.859979
3.861063
3.862147
3.863230
3.864314
3.865397
3.866480
3.867563
3.868645
3.869727
3.870809
3.871891
3.872972
3.874052
3.875132
3.876212
3.877291
3.878370
3.879448
3.880525
3.881602
3.882679
3.883754
3.884829
3.885904
3.886977
3.888050
3.889122
3.890193
3.891264
3.892333
3.893402
3.893402
3.894469
3.895536
3.896602
3.897667
3.898731
3.899793
3.900855
3.901916
3.902975
3.904034
3.905091
3.906147
3.907202
3.908255
3.909307
3.910359
3.911408
3.912457
3.913504
3.914550
3.915594
3.916638
3.917679
3.918720
3.919759
3.920796
3.921833
3.922867
3.923901
3.924933
3.925963
3.926992
3.928020
3.929046
3.930070
3.931093
3.932115
3.933135
3.934154
3.935171
3.936187
3.937202
3.938215
3.939226
3.940236
3.941245
3.942252
3.943258
3.944263
3.945266
3.946268
3.947268
3.948267
3.949265
3.950261
3.951256
3.952250
3.953242
3.954233
3.955223
3.956212
3.957199
3.958185
3.959169
3.960153
3.961135
3.962116
3.963095
3.964073
3.965050
3.966025
3.966999
3.967972
3.968943
3.969912
3.970880
3.971846
3.972810
3.973772
3.974732
3.975690
3.976645
3.977597
3.978546
3.979491
3.980433
3.981369
3.982301
3.983226
3.984143
3.985052
3.985949
3.986832
3.987696
3.988537
3.989344
3.990103
3.990787
3.991339
3.991621
3.991217
3.990589
3.991738
3.993205
3.993799
3.994422
3.995970
3.997750
3.998557
3.999384
4.001143
4.003071
4.003793
4.004599
4.006353
4.008137
4.009085
4.009984
4.011658
4.013727
4.014339
4.015216
4.016872
4.018164
4.019631
4.021248
4.022254
4.023270
4.024882
4.026708
4.027619
4.028554
4.030165
4.031783
4.032897
4.033995
4.035463
4.036998
4.038163
4.039313
4.040746
4.042193
4.043411
4.044611
4.045990
4.047357
4.048628
4.049874
4.051212
4.052518
4.053818
4.055081
4.056397
4.057670
4.058978
4.060238
4.061547
4.062803
4.064109
4.065358
4.066662
4.067904
4.069206
4.070443
4.071741
4.072973
4.074268
4.075494
4.076785
4.078007
4.079294
4.080512
4.081794
4.083008
4.084285
4.085495
4.086767
4.087974
4.089241
4.090445
4.091706
4.092907
4.094162
4.095361
4.096610
4.097807
4.099049
4.100245
4.101480
4.102675
4.103902
4.105096
4.106317
4.107510
4.108723
4.109915
4.111122
4.112312
4.113513
4.114702
4.115896
4.117082
4.118271
4.119455
4.120639
4.121819
4.122999
4.124176
4.125350
4.126523
4.127694
4.128863
4.130029
4.131194
4.132357
4.133518
4.134676
4.135833
4.136987
4.138140
4.139291
4.140440
4.141587
4.142732
4.143874
4.145016
4.146155
4.147292
4.148427
4.149561
4.150692
4.151822
4.152949
4.154075
4.155199
4.156322
4.157442
4.158560
4.159677
4.160792
4.161905
4.163016
4.164126
4.165233
4.166339
4.167443
4.168545
4.169645
4.170744
4.171841
4.172936
4.174030
4.175121
4.176211
4.177299
4.178386
4.179470
4.180553
4.181635
4.182714
4.183792
4.184868
4.185943
4.187015
4.188086
4.189156
4.190224
4.191290
4.192354
4.193417
4.194478
4.195538
4.196596
4.197652
4.198707
4.199760
4.200811
4.201861
4.202909
4.203956
4.205001
4.206044
4.207086
4.208126
4.209165
4.210202
4.211238
4.212272
4.213304
4.214335
4.215365
4.216393
4.217419
4.218444
4.219467
4.220489
4.221509
4.222528
4.223545
4.224561
4.225575
4.226588
4.227599
4.228609
4.229617
4.230624
4.231629
4.232633
4.233636
4.234637
4.235636
4.236634
4.237631
4.238626
4.239620
4.240612
4.241603
4.242592
4.243580
4.244567
4.245552
4.246536
4.247518
4.248499
4.249478
4.250457
4.251433
4.252409
4.253382
4.254355
4.255326
4.256296
4.257264
4.258231
4.259197
4.260161
4.261124
4.262085
4.263045
4.264004
4.264961
4.265917
4.266872
4.267825
4.268777
4.269727
4.270677
4.271625
4.272571
4.273516
4.274460
4.275402
4.276344
4.277283
4.278222
4.279159
4.280095
4.281029
4.281962
4.282894
4.283825
4.284754
4.285682
4.286608
4.287533
4.288457
4.289380
4.290301
4.291221
4.292139
4.293057
4.293973
4.294887
4.295801
4.296713
4.297623
4.298533
4.299441
4.300348
4.301253
4.302157
4.303060
4.303962
4.304862
4.305761
4.306658
4.307555
4.308450
4.309343
4.310236
4.311127
4.312016
4.312905
4.313792
4.314678
4.315562
4.316445
4.317327
4.318208
4.319087
4.319965
4.320841
4.321717
4.322591
4.323463
4.324334
4.325204
4.326073
4.326940
4.327806
4.328671
4.329534
4.330396
4.331257
4.332116
4.332974
4.333831
4.334686
4.335540
4.336393
4.337244
4.338094
4.338942
4.339789
4.340635
4.341480
4.342323
4.343164
4.344005
4.344844
4.345681
4.346518
4.347352
4.348186
4.349018
4.349849
4.350678
4.351506
4.352332
4.353157
4.353981
4.354803
4.355624
4.356443
4.357261
4.358078
4.358893
4.359707
4.360519
4.361330
4.362139
4.362947
4.363753
4.364558
4.365362
4.366164
4.366964
4.367763
4.368561
4.369357
4.370151
4.370944
4.371735
4.372525
4.373314
4.374101
4.374886
4.375669
4.376452
4.377232
4.378011
4.378788
4.379564
4.380338
4.381110
4.381881
4.382650
4.383418
4.384183
4.384947
4.385709
4.386470
4.387229
4.387986
4.388741
4.389494
4.390246
4.390995
4.391743
4.392489
4.393233
4.393974
4.394714
4.395452
4.396188
4.396922
4.397653
4.398383
4.399110
4.399110
4.399835
4.400558
4.401278
4.401997
4.402712
4.403426
4.404136
4.404845
4.405550
4.406253
4.406953
4.407651
4.408345
4.409037
4.409725
4.410411
4.411093
4.411772
4.412448
4.413120
4.413789
4.414455
4.415116
4.415774
4.416428
4.417078
4.417723
4.418365
4.419002
4.419635
4.420263
4.420887
4.421505
4.422119
4.422728
4.423332
4.423930
4.424523
4.425111
4.425693
4.426269
4.426839
4.427404
4.427963
4.428515
4.429061
4.429601
4.430135
4.430662
4.431183
4.431697
4.432205
4.432706
4.433201
4.433688
4.434169
4.434644
4.435111
4.435572
4.436026
4.436473
4.436914
4.437348
4.437775
4.438196
4.438610
4.439018
4.439419
4.439814
4.440202
4.440585
4.440961
4.441331
4.441695
4.442053
4.442405
4.442752
4.443093
4.443428
4.443758
4.444083
4.444402
4.444717
4.445026
4.445330
4.445630
4.445924
4.446214
4.446500
4.446781
4.447058
4.447330
4.447599
4.447863
4.448124
4.448380
4.448633
4.448883
4.449128
4.449370
4.449609
4.449845
4.450077
4.450306
4.450532
4.450755
4.450975
4.451193
4.451407
4.451619
4.451828
4.452035
4.452239
4.452441
4.452640
4.452837
4.453032
4.453225
4.453415
4.453603
4.453790
4.453974
4.454156
4.454337
4.454516
4.454692
4.454867
4.455041
4.455213
4.455383
4.455551
4.455718
4.455883
4.456047
4.456209
4.456370
4.456530
4.456688
4.456845
4.457001
4.457155
4.457308
4.457460
4.457610
4.457760
4.457908
4.458055
4.458201
4.458346
4.458490
4.458633
4.458775
4.458916
4.459056
4.459194
4.459332
4.459469
4.459606
4.459741
4.459875
4.460009
4.460141
4.460273
4.460404
4.460534
4.460664
4.460792
4.460920
4.461047
4.461173
4.461299
4.461424
4.461548
4.461671
4.461794
4.461916
4.462038
4.462158
4.462278
4.462398
4.462517
4.462635
4.462752
4.462869
4.462986
4.463101
4.463217
4.463331
4.463445
4.463559
4.463671
4.463784
4.463896
4.464007
4.464118
4.464228
4.464337
4.464447
4.464555
4.464663
4.464771
4.464878
4.464985
4.465091
4.465197
4.465302
4.465407
4.465511
4.465615
4.465719
4.465822
4.465924
4.466026
4.466128
4.466229
4.466330
4.466430
4.466530
4.466630
4.466729
4.466828
4.466926
4.467024
4.467121
4.467219
4.467315
4.467412
4.467508
4.467603
4.467699
4.467794
4.467888
4.467982
4.468076
4.468170
4.468263
4.468355
4.468448
4.468540
4.468632
4.468723
4.468814
4.468905
4.468995
4.469085
4.469175
4.469264
4.469353
4.469442
4.469531
4.469619
4.469707
4.469794
4.469881
4.469968
4.470055
4.470141
4.470227
4.470313
4.470399
4.470484
4.470569
4.470653
4.470738
4.470822
4.470906
4.470989
4.471072
4.471155
4.471238
4.471321
4.471403
4.471485
4.471567
4.471648
4.471729
4.471810
4.471891
4.471971
4.472052
4.472132
4.472211
4.472291
4.472370
4.472449
4.472528
4.472607
4.472685
4.472763
4.472841
4.472919
4.472996
4.473073
4.473151
4.473227
4.473304
4.473380
4.473457
4.473533
4.473608
4.473684
4.473759
4.473835
4.473910
4.473985
4.474059
4.474134
4.474208
4.474282
4.474356
4.474429
4.474503
4.474576
4.474649
4.474722
4.474795
4.474868
4.474940
4.475012
4.475085
4.475157
4.475228
4.475300
4.475371
4.475443
4.475514
4.475585
4.475655
4.475726
4.475797
4.475867
4.475937
4.476007
4.476077
4.476147
4.476216
4.476286
4.476355
4.476424
4.476493
4.476562
4.476631
4.476699
4.476768
4.476836
4.476904
4.476972
4.477040
4.477108
4.477176
4.477243
4.477311
4.477378
4.477445
4.477512
4.477579
4.477646
4.477713
4.477779
4.477846
4.477912
4.477978
4.478044
4.478110
4.478176
4.478242
4.478308
4.478373
4.478439
4.478504
4.478569
4.478635
4.478700
4.478765
4.478829
4.478894
4.478959
4.479023
4.479088
4.479152
4.479216
4.479280
4.479345
4.479409
4.479472
4.479536
4.479600
4.479664
4.479727
4.479791
4.479854
4.479917
4.479980
4.480043
4.480106
4.480169
4.480232
4.480295
4.480358
4.480420
4.480483
4.480545
4.480608
4.480670
4.480732
4.480795
4.480857
4.480919
4.480981
4.481043
4.481105
4.481166
4.481228
4.481290
4.481351
4.481413
4.481474
4.481535
4.481597
4.481658
4.481719
4.481780
4.481841
4.481902
4.481963
4.482024
4.482085
4.482146
4.482206
4.482267
4.482328
4.482388
4.482449
4.482509
4.482570
4.482630
4.482690
4.482750
4.482811
4.482871
4.482931
4.482991
4.483051
4.483111
4.483171
4.483231
4.483290
4.483350
4.483410
4.483469
4.483529
4.483589
4.483648
4.483708
4.483767
4.483826
4.483886
4.483945
4.484004
4.484064
4.484123
4.484182
4.484241
4.484300
4.484359
4.484418
4.484477
4.484536
4.484595
4.484654
4.484713
4.484772
4.484830
4.484889
4.484948
4.485007
4.485065
4.485124
4.485182
4.485241
4.485299
4.485358
4.485416
4.485475
4.485533
4.485592
4.485650
4.485708
4.485766
4.485825
4.485883
4.485941
4.485999
4.486057
4.486116
4.486174
4.486232
4.486290
4.486348
4.486348
4.486406
4.486464
4.486522
4.486580
4.486638
4.486695
4.486753
4.486811
4.486869
4.486927
4.486985
4.487042
4.487100
4.487158
4.487215
4.487273
4.487331
4.487388
4.487446
4.487504
4.487561
4.487619
4.487676
4.487734
4.487791
4.487849
4.487906
4.487964
4.488021
4.488079
4.488136
4.488194
4.488251
4.488308
4.488366
4.488423
4.488480
4.488538
4.488595
4.488652
4.488710
4.488767
4.488824
4.488881
4.488939
4.488996
4.489053
4.489110
4.489167
4.489225
4.489282
4.489339
4.489396
4.489453
4.489510
4.489567
4.489624
4.489681
4.489739
4.489796
4.489853
4.489910
4.489967
4.490024
4.490081
4.490138
4.490195
4.490252
4.490309
4.490366
4.490423
4.490480
4.490537
4.490594
4.490651
4.490708
4.490764
4.490821
4.490878
4.490935
4.490992
4.491049
4.491106
4.491163
4.491220
4.491277
4.491333
4.491390
4.491447
4.491504
4.491561
4.491618
4.491675
4.491731
4.491788
4.491845
4.491902
4.491959
4.492016
4.492072
4.492129
4.492186
4.492243
4.492300
4.492356
4.492413
4.492470
4.492527
4.492584
4.492640
4.492697
4.492754
4.492811
4.492868
4.492924
4.492981
4.493038
4.493095
4.493152
4.493208
4.493265
4.493322
4.493379
4.493436
4.493492
4.493549
4.493606
4.493663
4.493719
4.493776
4.493833
4.493890
4.493947
4.494003
4.494060
4.494117
4.494174
4.494231
4.494287
4.494344
4.494401
4.494458
4.494515
4.494571
4.494628
4.494685
4.494742
4.494799
4.494855
4.494912
4.494969
4.495026
4.495083
4.495139
4.495196
4.495253
4.495310
4.495367
4.495424
4.495480
4.495537
4.495594
4.495651
4.495708
4.495765
4.495822
4.495878
4.495935
4.495992
4.496049
4.496106
4.496163
4.496220
4.496277
4.496334
4.496391
4.496447
4.496504
4.496561
4.496618
4.496675
4.496732
4.496789
4.496846
4.496903
4.496960
4.497017
4.497074
4.497131
4.497188
4.497245
4.497302
4.497359
4.497416
4.497473
4.497530
4.497587
4.497644
4.497701
4.497758
4.497815
4.497872
4.497929
4.497986
4.498044
4.498101
4.498158
4.498215
4.498272
4.498329
4.498386
4.498443
4.498501
4.498558
4.498615
4.498672
4.498729
4.498786
4.498844
4.498901
4.498958
4.499015
4.499073
4.499130
4.499187
4.499244
4.499302
4.499359
4.499416
4.499473
4.499531
4.499588
4.499645
4.499703
4.499760
4.499818
4.499875
4.499932
4.499990
4.500047
4.500104
4.500162
4.500219
4.500277
4.500334
4.500392
4.500449
4.500507
4.500564
4.500622
4.500679
4.500737
4.500794
4.500852
4.500909
4.500967
4.501024
4.501082
4.501140
4.501197
4.501255
4.501313
4.501370
4.501428
4.501485
4.501543
4.501601
4.501659
4.501716
4.501774
4.501832
4.501890
4.501947
4.502005
4.502063
4.502121
4.502179
4.502236
4.502294
4.502352
4.502410
4.502468
4.502526
4.502584
4.502642
4.502699
4.502757
4.502815
4.502873
4.502931
4.502989
4.503047
4.503105
4.503163
4.503221
4.503280
4.503338
4.503396
4.503454
4.503512
4.503570
4.503628
4.503686
4.503745
4.503803
4.503861
4.503919
4.503977
4.504036
4.504094
4.504152
4.504211
4.504269
4.504327
4.504386
4.504444
4.504502
4.504561
4.504619
4.504677
4.504736
4.504794
4.504853
4.504911
4.504970
4.505028
4.505087
4.505145
4.505204
4.505262
4.505321
4.505380
4.505438
4.505497
4.505556
4.505614
4.505673
4.505732
4.505790
4.505849
4.505908
4.505967
4.506025
4.506084
4.506143
4.506202
4.506261
4.506319
4.506378
4.506437
4.506496
4.506555
4.506614
4.506673
4.506732
4.506791
4.506850
4.506909
4.506968
4.507027
4.507086
4.507145
4.507204
4.507264
4.507323
4.507382
4.507441
4.507500
4.507559
4.507619
4.507678
4.507737
4.507797
4.507856
4.507915
4.507974
4.508034
4.508093
4.508153
4.508212
4.508271
4.508331
4.508390
4.508450
4.508509
4.508569
4.508628
4.508688
4.508748
4.508807
4.508867
4.508926
4.508986
4.509046
4.509105
4.509165
4.509225
4.509285
4.509344
4.509404
4.509464
4.509524
4.509584
4.509643
4.509703
4.509763
4.509823
4.509883
4.509943
4.510003
4.510063
4.510123
4.510183
4.510243
4.510303
4.510363
4.510423
4.510483
4.510543
4.510604
4.510664
4.510724
4.510784
4.510844
4.510905
4.510965
4.511025
4.511085
4.511146
4.511206
4.511266
4.511327
4.511387
4.511448
4.511508
4.511569
4.511629
4.511690
4.511750
4.511811
4.511871
4.511932
4.511992
4.512053
4.512114
4.512174
4.512235
4.512296
4.512356
4.512417
4.512478
4.512539
4.512599
4.512660
4.512721
4.512782
4.512843
4.512904
4.512965
4.513025
4.513086
4.513147
4.513208
4.513269
4.513330
4.513391
4.513452
4.513514
4.513575
4.513636
4.513697
4.513758
4.513819
4.513880
4.513942
4.514003
4.514064
4.514125
4.514187
4.514248
4.514309
4.514371
4.514432
4.514493
4.514555
4.514616
4.514678
4.514739
4.514801
4.514862
4.514924
4.514985
4.515047
4.515108
4.515170
4.515232
4.515293
4.515355
4.515417
4.515417
4.515478
4.515540
4.515602
4.515663
4.515725
4.515787
4.515849
4.515911
4.515973
4.516034
4.516096
4.516158
4.516220
4.516282
4.516344
4.516406
4.516468
4.516530
4.516592
4.516654
4.516716
4.516778
4.516840
4.516902
4.516965
4.517027
4.517089
4.517151
4.517213
4.517275
4.517338
4.517400
4.517462
4.517525
4.517587
4.517649
4.517712
4.517774
4.517836
4.517899
4.517961
4.518024
4.518086
4.518148
4.518211
4.518273
4.518336
4.518398
4.518461
4.518524
4.518586
4.518649
4.518711
4.518774
4.518837
4.518899
4.518962
4.519025
4.519087
4.519150
4.519213
4.519276
4.519338
4.519401
4.519464
4.519527
4.519590
4.519652
4.519715
4.519778
4.519841
4.519904
4.519967
4.520030
4.520093
4.520156
4.520219
4.520282
4.520345
4.520408
4.520471
4.520534
4.520597
4.520660
4.520723
4.520786
4.520849
4.520912
4.520975
4.521039
4.521102
4.521165
4.521228
4.521291
4.521354
4.521418
4.521481
4.521544
4.521607
4.521671
4.521734
4.521797
4.521860
4.521924
4.521987
4.522050
4.522114
4.522177
4.522240
4.522304
4.522367
4.522430
4.522494
4.522557
4.522621
4.522684
4.522747
4.522811
4.522874
4.522938
4.523001
4.523065
4.523128
4.523192
4.523255
4.523318
4.523382
4.523445
4.523509
4.523572
4.523636
4.523699
4.523763
4.523826
4.523890
4.523953
4.524017
4.524080
4.524144
4.524208
4.524271
4.524335
4.524398
4.524462
4.524525
4.524589
4.524652
4.524716
4.524779
4.524843
4.524907
4.524970
4.525034
4.525097
4.525161
4.525224
4.525288
4.525351
4.525415
4.525478
4.525542
4.525606
4.525669
4.525733
4.525796
4.525860
4.525923
4.525987
4.526050
4.526114
4.526177
4.526241
4.526304
4.526368
4.526431
4.526495
4.526558
4.526621
4.526685
4.526748
4.526812
4.526875
4.526939
4.527002
4.527065
4.527129
4.527192
4.527256
4.527319
4.527382
4.527446
4.527509
4.527572
4.527635
4.527699
4.527762
4.527825
4.527888
4.527952
4.528015
4.528078
4.528141
4.528204
4.528268
4.528331
4.528394
4.528457
4.528520
4.528583
4.528646
4.528709
4.528772
4.528835
4.528898
4.528961
4.529024
4.529087
4.529150
4.529212
4.529275
4.529338
4.529401
4.529464
4.529526
4.529589
4.529652
4.529714
4.529777
4.529840
4.529902
4.529965
4.530027
4.530090
4.530152
4.530215
4.530277
4.530340
4.530402
4.530465
4.530527
4.530589
4.530651
4.530714
4.530776
4.530838
4.530900
4.530962
4.531025
4.531087
4.531149
4.531211
4.531273
4.531335
4.531397
4.531458
4.531520
4.531582
4.531644
4.531706
4.531767
4.531829
4.531891
4.531952
4.532014
4.532076
4.532137
4.532199
4.532260
4.532322
4.532383
4.532444
4.532506
4.532567
4.532628
4.532690
4.532751
4.532812
4.532873
4.532934
4.532996
4.533057
4.533118
4.533179
4.533240
4.533301
4.533362
4.533423
4.533483
4.533544
4.533605
4.533666
4.533727
4.533787
4.533848
4.533909
4.533970
4.534030
4.534091
4.534151
4.534212
4.534273
4.534333
4.534394
4.534454
4.534515
4.534575
4.534636
4.534696
4.534757
4.534817
4.534878
4.534938
4.534998
4.535059
4.535119
4.535179
4.535240
4.535300
4.535361
4.535421
4.535481
4.535542
4.535602
4.535662
4.535723
4.535783
4.535844
4.535904
4.535964
4.536025
4.536085
4.536146
4.536206
4.536266
4.536327
4.536387
4.536448
4.536508
4.536569
4.536630
4.536690
4.536751
4.536811
4.536872
4.536933
4.536994
4.537054
4.537115
4.537176
4.537237
4.537298
4.537359
4.537420
4.537480
4.537542
4.537603
4.537664
4.537725
4.537786
4.537847
4.537909
4.537970
4.538031
4.538093
4.538154
4.538215
4.538277
4.538339
4.538400
4.538462
4.538524
4.538585
4.538647
4.538709
4.538771
4.538833
4.538895
4.538957
4.539019
4.539081
4.539143
4.539205
4.539268
4.539330
4.539392
4.539455
4.539517
4.539579
4.539642
4.539704
4.539767
4.539830
4.539892
4.539955
4.540018
4.540080
4.540143
4.540206
4.540269
4.540332
4.540394
4.540457
4.540520
4.540583
4.540646
4.540709
4.540772
4.540835
4.540898
4.540961
4.541024
4.541087
4.541150
4.541213
4.541276
4.541340
4.541403
4.541466
4.541529
4.541592
4.541655
4.541718
4.541781
4.541844
4.541907
4.541970
4.542033
4.542096
4.542159
4.542222
4.542285
4.542348
4.542411
4.542474
4.542537
4.542600
4.542663
4.542725
4.542788
4.542851
4.542914
4.542976
4.543039
4.543101
4.543164
4.543226
4.543289
4.543351
4.543414
4.543476
4.543538
4.543601
4.543663
4.543725
4.543787
4.543849
4.543911
4.543973
4.544035
4.544097
4.544159
4.544221
4.544282
4.544344
4.544406
4.544467
4.544529
4.544590
4.544652
4.544713
4.544774
4.544835
4.544897
4.544958
4.545019
4.545080
4.545140
4.545201
4.545262
4.545323
4.545383
4.545444
4.545505
4.545565
4.545625
4.545686
4.545746
4.545806
4.545866
4.545926
4.545986
4.546046
4.546106
4.546166
4.546225
4.546285
4.546344
4.546404
4.546463
4.546463
4.546523
4.546582
4.546641
4.546700
4.546759
4.546818
4.546877
4.546936
4.546994
4.547053
4.547111
4.547170
4.547228
4.547286
4.547344
4.547403
4.547460
4.547518
4.547576
4.547634
4.547691
4.547749
4.547806
4.547864
4.547921
4.547978
4.548035
4.548092
4.548149
4.548206
4.548262
4.548319
4.548375
4.548431
4.548487
4.548543
4.548599
4.548655
4.548711
4.548766
4.548822
4.548877
4.548932
4.548988
4.549042
4.549097
4.549152
4.549207
4.549261
4.549315
4.549370
4.549424
4.549478
4.549531
4.549585
4.549639
4.549692
4.549746
4.549799
4.549852
4.549906
4.549959
4.550012
4.550065
4.550119
4.550172
4.550226
4.550279
4.550334
4.550388
4.550443
4.550499
4.550556
4.550614
4.550673
4.550734
4.550797
4.550863
4.550932
4.551005
4.551084
4.551169
4.551262
4.551365
4.551479
4.551607
4.551749
4.551906
4.552076
4.552253
4.552426
4.552580
4.552697
4.552763
4.552766
4.552705
4.552582
4.552407
4.552188
4.551935
4.551656
4.551360
4.551050
4.550734
4.550414
4.550094
4.549776
4.549461
4.549151
4.548846
4.548548
4.548257
4.547974
4.547699
4.547434
4.547179
4.546937
4.546708
4.546494
4.546297
4.546119
4.545962
4.545827
4.545716
4.545631
4.545572
4.545540
4.545534
4.545553
4.545596
4.545660
4.545745
4.545848
4.545966
4.546097
4.546240
4.546391
4.546550
4.546715
4.546884
4.547056
4.547231
4.547406
4.547582
4.547758
4.547933
4.548107
4.548278
4.548448
4.548614
4.548778
4.548939
4.549097
4.549251
4.549401
4.549548
4.549691
4.549830
4.549965
4.550096
4.550224
4.550347
4.550466
4.550582
4.550694
4.550802
4.550906
4.551007
4.551104
4.551198
4.551289
4.551376
4.551461
4.551542
4.551621
4.551698
4.551771
4.551843
4.551912
4.551979
4.552044
4.552107
4.552168
4.552228
4.552286
4.552342
4.552398
4.552452
4.552505
4.552556
4.552607
4.552657
4.552706
4.552755
4.552803
4.552850
4.552896
4.552942
4.552988
4.553033
4.553078
4.553122
4.553166
4.553210
4.553254
4.553297
4.553340
4.553383
4.553426
4.553469
4.553511
4.553554
4.553596
4.553639
4.553681
4.553723
4.553765
4.553808
4.553850
4.553892
4.553934
4.553976
4.554017
4.554059
4.554101
4.554143
4.554185
4.554226
4.554268
4.554310
4.554351
4.554393
4.554434
4.554475
4.554517
4.554558
4.554599
4.554640
4.554681
4.554722
4.554763
4.554804
4.554845
4.554885
4.554926
4.554966
4.555006
4.555047
4.555087
4.555127
4.555166
4.555206
4.555246
4.555285
4.555325
4.555364
4.555403
4.555442
4.555481
4.555520
4.555559
4.555597
4.555636
4.555674
4.555712
4.555750
4.555788
4.555826
4.555864
4.555901
4.555939
4.555976
4.556013
4.556050
4.556087
4.556124
4.556161
4.556197
4.556234
4.556270
4.556306
4.556343
4.556379
4.556414
4.556450
4.556486
4.556522
4.556557
4.556592
4.556628
4.556663
4.556698
4.556733
4.556768
4.556802
4.556837
4.556872
4.556906
4.556940
4.556975
4.557009
4.557043
4.557077
4.557111
4.557144
4.557178
4.557212
4.557245
4.557279
4.557312
4.557345
4.557378
4.557411
4.557444
4.557477
4.557510
4.557542
4.557575
4.557607
4.557640
4.557672
4.557704
4.557736
4.557768
4.557800
4.557831
4.557863
4.557895
4.557926
4.557957
4.557988
4.558019
4.558050
4.558081
4.558112
4.558143
4.558173
4.558204
4.558234
4.558264
4.558294
4.558324
4.558354
4.558383
4.558413
4.558442
4.558471
4.558500
4.558529
4.558558
4.558587
4.558615
4.558644
4.558672
4.558700
4.558728
4.558756
4.558784
4.558811
4.558839
4.558866
4.558893
4.558920
4.558947
4.558973
4.559000
4.559026
4.559052
4.559078
4.559104
4.559129
4.559155
4.559180
4.559205
4.559230
4.559254
4.559279
4.559303
4.559327
4.559351
4.559375
4.559399
4.559422
4.559446
4.559469
4.559492
4.559514
4.559537
4.559559
4.559581
4.559603
4.559625
4.559646
4.559668
4.559689
4.559710
4.559731
4.559751
4.559772
4.559792
4.559812
4.559831
4.559851
4.559870
4.559890
4.559909
4.559927
4.559946
4.559964
4.559982
4.560000
4.560018
4.560036
4.560053
4.560070
4.560087
4.560104
4.560120
4.560137
4.560153
4.560169
4.560184
4.560200
4.560215
4.560230
4.560245
4.560260
4.560274
4.560288
4.560302
4.560316
4.560330
4.560343
4.560357
4.560370
4.560382
4.560395
4.560407
4.560420
4.560432
4.560443
4.560455
4.560467
4.560478
4.560489
4.560500
4.560510
4.560521
4.560531
4.560541
4.560551
4.560560
4.560570
4.560579
4.560588
4.560597
4.560606
4.560614
4.560622
4.560630
4.560638
4.560646
4.560654
4.560661
4.560668
4.560675
4.560682
4.560689
4.560695
4.560701
4.560707
4.560713
4.560719
4.560724
4.560730
4.560735
4.560740
4.560745
4.560750
4.560754
4.560758
4.560763
4.560767
4.560770
4.560774
4.560777
4.560781
4.560784
4.560787
4.560790
4.560793
4.560795
4.560797
4.560800
4.560802
4.560804
4.560805
4.560807
4.560808
4.560808
4.560810
4.560811
4.560812
4.560813
4.560814
4.560814
4.560815
4.560815
4.560815
4.560815
4.560815
4.560815
4.560814
4.560814
4.560813
4.560812
4.560812
4.560811
4.560809
4.560808
4.560807
4.560805
4.560804
4.560802
4.560800
4.560798
4.560796
4.560794
4.560791
4.560789
4.560786
4.560784
4.560781
4.560778
4.560775
4.560772
4.560769
4.560765
4.560762
4.560758
4.560755
4.560751
4.560747
4.560744
4.560740
4.560735
4.560731
4.560727
4.560723
4.560718
4.560714
4.560709
4.560705
4.560700
4.560695
4.560690
4.560685
4.560680
4.560675
4.560670
4.560664
4.560659
4.560653
4.560648
4.560642
4.560637
4.560631
4.560625
4.560619
4.560613
4.560607
4.560601
4.560595
4.560589
4.560583
4.560577
4.560570
4.560564
4.560557
4.560551
4.560544
4.560538
4.560531
4.560524
4.560518
4.560511
4.560504
4.560497
4.560490
4.560483
4.560476
4.560469
4.560462
4.560455
4.560448
4.560441
4.560434
4.560426
4.560419
4.560412
4.560404
4.560397
4.560390
4.560382
4.560375
4.560367
4.560360
4.560352
4.560345
4.560337
4.560329
4.560322
4.560314
4.560306
4.560299
4.560291
4.560283
4.560275
4.560268
4.560260
4.560252
4.560244
4.560236
4.560229
4.560221
4.560213
4.560205
4.560197
4.560189
4.560181
4.560173
4.560166
4.560158
4.560150
4.560142
4.560134
4.560126
4.560118
4.560110
4.560102
4.560094
4.560086
4.560079
4.560071
4.560063
4.560055
4.560047
4.560039
4.560031
4.560023
4.560015
4.560007
4.560000
4.559992
4.559984
4.559976
4.559968
4.559960
4.559953
4.559945
4.559937
4.559929
4.559922
4.559914
4.559906
4.559898
4.559891
4.559883
4.559875
4.559868
4.559860
4.559853
4.559845
4.559837
4.559830
4.559822
4.559815
4.559807
4.559800
4.559793
4.559785
4.559778
4.559770
4.559763
4.559756
4.559749
4.559741
4.559734
4.559727
4.559720
4.559713
4.559705
4.559698
4.559691
4.559684
4.559677
4.559670
4.559663
4.559657
4.559650
4.559643
4.559636
4.559629
4.559623
4.559616
4.559609
4.559603
4.559596
4.559589
4.559583
4.559576
4.559570
4.559563
4.559557
4.559551
4.559544
4.559538
4.559532
4.559526
4.559520
4.559514
4.559508
4.559502
4.559496
4.559490
4.559484
4.559478
4.559472
4.559466
4.559461
4.559455
4.559449
4.559444
4.559438
4.559433
4.559427
4.559422
4.559416
4.559411
4.559406
4.559401
4.559395
4.559390
4.559385
4.559380
4.559375
4.559370
4.559365
4.559361
4.559356
4.559351
4.559346
4.559342
4.559337
4.559333
4.559328
4.559324
4.559319
4.559315
4.559311
4.559307
4.559302
4.559298
4.559294
4.559290
4.559286
4.559282
4.559279
4.559275
4.559271
4.559267
4.559264
4.559260
4.559257
4.559253
4.559250
4.559247
4.559243
4.559240
4.559237
4.559234
4.559231
4.559228
4.559225
4.559222
4.559220
4.559217
4.559214
4.559212
4.559209
4.559207
4.559204
4.559202
4.559200
4.559197
4.559195
4.559193
4.559191
4.559189
4.559187
4.559185
4.559184
4.559182
4.559180
4.559179
4.559177
4.559176
4.559174
4.559173
4.559172
4.559171
4.559170
4.559169
4.559168
4.559167
4.559166
4.559165
4.559164
4.559164
4.559163
4.559163
4.559162
4.559162
4.559162
4.559161
4.559161
4.559161
4.559161
4.559161
4.559161
4.559162
4.559162
4.559162
4.559163
4.559163
4.559164
4.559165
4.559165
4.559166
4.559167
4.559168
4.559169
4.559170
4.559171
4.559173
4.559174
4.559175
4.559177
4.559178
4.559180
4.559182
4.559184
4.559185
4.559187
4.559189
4.559192
4.559194
4.559196
4.559198
4.559201
4.559203
4.559206
4.559209
4.559211
4.559214
4.559217
4.559220
4.559223
4.559226
4.559229
4.559233
4.559236
4.559240
4.559243
4.559247
4.559250
4.559254
4.559258
4.559262
4.559266
4.559270
4.559274
4.559279
4.559283
4.559288
4.559292
4.559297
4.559301
4.559306
4.559311
4.559316
4.559321
4.559326
4.559331
4.559337
4.559342
4.559348
4.559353
4.559359
4.559365
4.559370
4.559376
4.559382
4.559388
4.559395
4.559401
4.559407
4.559414
4.559420
4.559427
4.559433
4.559440
4.559447
4.559454
4.559461
4.559468
4.559475
4.559483
4.559490
4.559498
4.559505
4.559513
4.559521
4.559529
4.559536
4.559544
4.559553
4.559561
4.559569
4.559577
4.559586
4.559595
4.559603
4.559612
4.559621
4.559630
4.559639
4.559648
4.559657
4.559666
4.559676
4.559685
4.559695
4.559704
4.559714
4.559724
4.559734
4.559744
4.559754
4.559764
4.559775
4.559785
4.559796
4.559806
4.559817
4.559828
4.559838
4.559849
4.559860
4.559872
4.559883
4.559894
4.559906
4.559917
4.559929
4.559940
4.559952
4.559964
4.559976
4.559988
4.560000
4.560012
4.560025
4.560037
4.560050
4.560062
4.560075
4.560088
4.560101
4.560114
4.560127
4.560140
4.560153
4.560167
4.560180
4.560194
4.560207
4.560221
4.560235
4.560249
4.560263
4.560277
4.560291
4.560305
4.560320
4.560334
4.560349
4.560363
4.560378
4.560378
4.560393
4.560408
4.560423
4.560438
4.560453
4.560469
4.560484
4.560500
4.560515
4.560531
4.560547
4.560563
4.560579
4.560595
4.560611
4.560627
4.560643
4.560660
4.560676
4.560693
4.560709
4.560726
4.560743
4.560760
4.560777
4.560794
4.560811
4.560829
4.560846
4.560864
4.560881
4.560899
4.560917
4.560935
4.560953
4.560971
4.560989
4.561007
4.561025
4.561044
4.561062
4.561081
4.561099
4.561118
4.561137
4.561156
4.561175
4.561194
4.561213
4.561233
4.561252
4.561271
4.561291
4.561311
4.561330
4.561350
4.561370
4.561390
4.561410
4.561430
4.561450
4.561471
4.561491
4.561512
4.561532
4.561553
4.561574
4.561594
4.561615
4.561636
4.561657
4.561679
4.561700
4.561721
4.561743
4.561764
4.561786
4.561807
4.561829
4.561851
4.561873
4.561895
4.561917
4.561939
4.561961
4.561983
4.562006
4.562028
4.562051
4.562073
4.562096
4.562119
4.562142
4.562165
4.562188
4.562211
4.562234
4.562257
4.562281
4.562304
4.562328
4.562351
4.562375
4.562398
4.562422
4.562446
4.562470
4.562494
4.562518
4.562542
4.562567
4.562591
4.562615
4.562640
4.562664
4.562689
4.562714
4.562738
4.562763
4.562788
4.562813
4.562838
4.562863
4.562888
4.562914
4.562939
4.562964
4.562990
4.563015
4.563041
4.563067
4.563093
4.563118
4.563144
4.563170
4.563196
4.563222
4.563249
4.563275
4.563301
4.563328
4.563354
4.563381
4.563407
4.563434
4.563461
4.563487
4.563514
4.563541
4.563568
4.563595
4.563623
4.563650
4.563677
4.563704
4.563732
4.563759
4.563787
4.563815
4.563842
4.563870
4.563898
4.563926
4.563954
4.563982
4.564010
4.564038
4.564067
4.564095
4.564123
4.564152
4.564180
4.564209
4.564238
4.564266
4.564295
4.564324
4.564353
4.564382
4.564411
4.564441
4.564470
4.564499
4.564529
4.564558
4.564588
4.564618
4.564647
4.564677
4.564707
4.564737
4.564767
4.564797
4.564827
4.564858
4.564888
4.564919
4.564949
4.564980
4.565011
4.565042
4.565072
4.565103
4.565135
4.565166
4.565197
4.565228
4.565260
4.565292
4.565323
4.565355
4.565387
4.565419
4.565451
4.565483
4.565515
4.565548
4.565580
4.565613
4.565646
4.565678
4.565711
4.565744
4.565777
4.565811
4.565844
4.565878
4.565911
4.565945
4.565979
4.566013
4.566047
4.566081
4.566115
4.566150
4.566185
4.566219
4.566254
4.566289
4.566324
4.566359
4.566395
4.566430
4.566466
4.566502
4.566538
4.566574
4.566610
4.566647
4.566683
4.566720
4.566757
4.566793
4.566831
4.566868
4.566905
4.566943
4.566980
4.567018
4.567056
4.567094
4.567133
4.567171
4.567210
4.567249
4.567287
4.567326
4.567366
4.567405
4.567445
4.567484
4.567524
4.567564
4.567604
4.567645
4.567685
4.567726
4.567766
4.567807
4.567848
4.567890
4.567931
4.567973
4.568014
4.568056
4.568098
4.568140
4.568182
4.568225
4.568267
4.568310
4.568353
4.568396
4.568439
4.568482
4.568526
4.568570
4.568613
4.568657
4.568701
4.568745
4.568790
4.568834
4.568878
4.568923
4.568968
4.569013
4.569058
4.569103
4.569148
4.569194
4.569239
4.569285
4.569331
4.569377
4.569423
4.569469
4.569515
4.569562
4.569608
4.569655
4.569701
4.569748
4.569795
4.569842
4.569889
4.569937
4.569984
4.570031
4.570079
4.570127
4.570174
4.570222
4.570270
4.570318
4.570366
4.570414
4.570463
4.570511
4.570559
4.570608
4.570656
4.570705
4.570754
4.570803
4.570852
4.570901
4.570950
4.570999
4.571048
4.571097
4.571147
4.571196
4.571246
4.571295
4.571345
4.571395
4.571444
4.571494
4.571544
4.571594
4.571644
4.571694
4.571744
4.571794
4.571844
4.571895
4.571945
4.571995
4.572046
4.572096
4.572147
4.572197
4.572248
4.572299
4.572349
4.572400
4.572451
4.572502
4.572552
4.572603
4.572654
4.572705
4.572756
4.572807
4.572858
4.572909
4.572961
4.573012
4.573063
4.573114
4.573165
4.573217
4.573268
4.573319
4.573371
4.573422
4.573473
4.573525
4.573576
4.573628
4.573679
4.573731
4.573782
4.573834
4.573885
4.573937
4.573989
4.574040
4.574092
4.574143
4.574195
4.574247
4.574298
4.574350
4.574402
4.574453
4.574505
4.574557
4.574608
4.574660
4.574712
4.574763
4.574815
4.574867
4.574918
4.574970
4.575022
4.575073
4.575125
4.575177
4.575228
4.575280
4.575332
4.575383
4.575435
4.575486
4.575538
4.575590
4.575641
4.575693
4.575744
4.575796
4.575847
4.575899
4.575950
4.576002
4.576053
4.576105
4.576156
4.576208
4.576259
4.576310
4.576362
4.576413
4.576464
4.576516
4.576567
4.576618
4.576669
4.576720
4.576772
4.576823
4.576874
4.576925
4.576976
4.577027
4.577078
4.577129
4.577180
4.577231
4.577282
4.577332
4.577383
4.577434
4.577485
4.577536
4.577586
4.577637
4.577687
4.577738
4.577789
4.577839
4.577890
4.577940
4.577990
4.578041
4.578091
4.578141
4.578192
4.578242
4.578292
4.578342
4.578392
4.578442
4.578492
4.578542
4.578592
4.578642
4.578642
4.578692
4.578742
4.578791
4.578841
4.578891
4.578940
4.578990
4.579039
4.579089
4.579138
4.579188
4.579237
4.579286
4.579335
4.579384
4.579434
4.579483
4.579532
4.579581
4.579630
4.579678
4.579727
4.579776
4.579825
4.579873
4.579922
4.579970
4.580019
4.580067
4.580116
4.580164
4.580212
4.580260
4.580308
4.580356
4.580404
4.580452
4.580500
4.580548
4.580596
4.580643
4.580691
4.580738
4.580786
4.580833
4.580881
4.580928
4.580975
4.581022
4.581069
4.581116
4.581163
4.581210
4.581257
4.581304
4.581350
4.581397
4.581443
4.581490
4.581536
4.581582
4.581629
4.581675
4.581721
4.581767
4.581813
4.581858
4.581906
4.581948
4.582000
4.582034
4.582099
4.582111
4.582213
4.582163
4.582376
4.582143
4.582715
4.581906
4.583800
4.580822
4.585688
4.581338
4.585617
4.581382
4.585753
4.581649
4.584540
4.580871
4.584826
4.580931
4.584339
4.580834
4.584745
4.581075
4.584606
4.581166
4.585002
4.581476
4.585080
4.581632
4.585270
4.581766
4.585267
4.581824
4.585374
4.581944
4.585456
4.582076
4.585591
4.582225
4.585701
4.582361
4.585822
4.582500
4.585941
4.582646
4.586078
4.582808
4.586228
4.582982
4.586392
4.583166
4.586562
4.583354
4.586735
4.583541
4.586907
4.583723
4.587075
4.583898
4.587235
4.584063
4.587388
4.584217
4.587533
4.584363
4.587671
4.584501
4.587805
4.584632
4.587933
4.584758
4.588058
4.584879
4.588180
4.584996
4.588299
4.585110
4.588417
4.585222
4.588533
4.585332
4.588648
4.585440
4.588762
4.585548
4.588875
4.585655
4.588989
4.585761
4.589102
4.585868
4.589216
4.585975
4.589330
4.586081
4.589444
4.586188
4.589557
4.586295
4.589671
4.586401
4.589785
4.586507
4.589899
4.586614
4.590012
4.586719
4.590126
4.586825
4.590239
4.586930
4.590352
4.587035
4.590464
4.587140
4.590577
4.587245
4.590689
4.587349
4.590802
4.587454
4.590914
4.587558
4.591026
4.587662
4.591139
4.587767
4.591252
4.587872
4.591364
4.587977
4.591478
4.588082
4.591591
4.588188
4.591705
4.588294
4.591820
4.588401
4.591934
4.588509
4.592050
4.588617
4.592166
4.588725
4.592282
4.588835
4.592399
4.588945
4.592516
4.589055
4.592634
4.589167
4.592752
4.589279
4.592871
4.589391
4.592990
4.589504
4.593110
4.589618
4.593230
4.589732
4.593350
4.589846
4.593470
4.589961
4.593591
4.590076
4.593711
4.590191
4.593832
4.590306
4.593953
4.590422
4.594074
4.590538
4.594194
4.590653
4.594315
4.590769
4.594435
4.590884
4.594555
4.590999
4.594675
4.591114
4.594794
4.591229
4.594914
4.591344
4.595033
4.591458
4.595151
4.591572
4.595269
4.591685
4.595387
4.591799
4.595504
4.591911
4.595621
4.592024
4.595738
4.592136
4.595854
4.592247
4.595969
4.592358
4.596085
4.592469
4.596199
4.592579
4.596314
4.592689
4.596428
4.592798
4.596541
4.592907
4.596655
4.593016
4.596768
4.593124
4.596880
4.593232
4.596993
4.593340
4.597105
4.593448
4.597216
4.593555
4.597328
4.593662
4.597439
4.593769
4.597550
4.593875
4.597661
4.593982
4.597772
4.594087
4.597883
4.594195
4.597993
4.594299
4.598105
4.594409
4.598213
4.594507
4.598328
4.594627
4.598429
4.594708
4.598557
4.594860
4.598636
4.594882
4.598801
4.595145
4.598800
4.594963
4.599083
4.595599
4.598735
4.594878
4.599288
4.596151
4.597540
4.596225
4.599021
4.594451
4.599383
4.596782
4.596639
4.599405
4.595461
4.599890
4.596565
4.597471
4.597633
4.598229
4.597131
4.599600
4.594433
4.597774
4.598238
4.593966
4.598497
4.598088
4.594154
4.599811
4.596999
4.596872
4.598270
4.597098
4.599770
4.596287
4.601565
4.598763
4.600424
4.599698
4.602277
4.597492
4.601893
4.600310
4.597586
4.602339
4.599831
4.598630
4.601157
4.597379
4.602302
4.599239
4.601191
4.599898
4.603146
4.598250
4.603257
4.600549
4.600519
4.603308
4.599072
4.603647
4.600547
4.600405
4.603251
4.599078
4.603760
4.601048
4.600182
4.604082
4.599993
4.604581
4.601168
4.603365
4.600344
4.604701
4.601409
4.602947
4.601090
4.604913
4.600253
4.605311
4.602008
4.604371
4.600943
4.605246
4.601962
4.602364
4.603231
4.602155
4.605064
4.599171
4.602637
4.602994
4.598532
4.602736
4.602628
4.598869
4.604641
4.601814
4.601874
4.603132
4.602307
4.604970
4.601259
4.606766
4.604264
4.604685
4.607298
4.603202
4.607515
4.605227
4.603385
4.608049
4.604873
4.606409
4.603263
4.607677
4.604303
4.607082
4.603354
4.607778
4.605938
4.603418
4.608403
4.605474
4.605702
4.606293
4.605480
4.607998
4.602599
4.605964
4.606547
4.602163
4.606312
4.606418
4.602695
4.608525
4.605776
4.605725
4.607155
4.605956
4.609007
4.604872
4.610400
4.608051
4.607936
4.611292
4.606738
4.611390
4.608845
4.607439
4.611574
4.607897
4.611138
4.606344
4.611368
4.608424
4.608924
4.610528
4.607805
4.612119
4.608587
4.611734
4.606955
4.610017
4.610017
4.609944
4.605342
4.610366
4.609612
4.605892
4.611933
4.609316
4.608446
4.611077
4.608199
4.612563
4.609316
4.613302
4.609191
4.614116
4.611518
4.611496
4.613770
4.609396
4.613621
4.611779
4.608659
4.613467
4.611893
4.608705
4.614032
4.611075
4.610950
4.613418
4.609616
4.614761
4.611975
4.611604
4.615205
4.610390
4.615252
4.612910
4.610893
4.615780
4.612846
4.613458
4.612987
4.614856
4.609974
4.613656
4.613545
4.609099
4.612008
4.613021
4.609144
4.615717
4.613112
4.611657
4.615190
4.612384
4.616111
4.612478
4.617485
4.614525
4.617461
4.613470
4.617779
4.616217
4.613435
4.618351
4.616057
4.614421
4.618154
4.614079
4.618370
4.614571
4.618932
4.614640
4.619636
4.616513
4.617634
4.616372
4.619519
4.613673
4.617740
4.617304
4.612887
4.616692
4.616614
4.612807
4.619024
4.616393
4.615564
4.618614
4.615647
4.620129
4.616936
4.620747
4.616372
4.621115
4.619319
4.617181
4.621970
4.619003
4.619463
4.619202
4.620368
4.616559
4.621205
4.619252
4.616632
4.621212
4.620008
4.616142
4.621567
4.619979
4.615955
4.621937
4.620291
4.616617
4.622464
4.619934
4.618323
4.622407
4.619252
4.623138
4.618949
4.624353
4.621453
4.622086
4.622776
4.621472
4.624610
4.618322
4.620744
4.621625
4.617283
4.620742
4.620770
4.617309
4.623435
4.620659
4.620733
4.622633
4.620846
4.624957
4.620966
4.626335
4.623503
4.626254
4.622092
4.625733
4.624821
4.620617
4.624764
4.624408
4.620271
4.626623
4.624359
4.621508
4.626606
4.623891
4.624932
4.624980
4.626518
4.623540
4.628663
4.625658
4.626706
4.627168
4.627071
4.628001
4.623376
4.625522
4.625918
4.620905
4.619291
4.625078
4.621828
4.626895
4.624804
4.625815
4.625289
4.627326
4.625222
4.630596
4.628045
4.630859
4.626854
4.630009
4.629708
4.625379
4.628339
4.629113
4.625276
4.631813
4.629451
4.626665
4.631376
4.628736
4.630300
4.629603
4.632908
4.628129
4.632919
4.632068
4.628105
4.632063
4.631795
4.627701
4.633949
4.631680
4.629077
4.633914
4.631130
4.632191
4.631788
4.634253
4.629639
4.634008
4.633654
4.629514
4.632916
4.633189
4.629358
4.635742
4.633149
4.631196
4.635272
4.632515
4.635380
4.631764
4.637213
4.634434
4.635275
4.637031
4.633480
4.637873
4.635751
4.633084
4.637764
4.635931
4.632792
4.638117
4.635312
4.633492
4.638301
4.635288
4.637808
4.633342
4.637853
4.636573
4.632277
4.636513
4.636116
4.632376
4.639264
4.636813
4.634071
4.639109
4.636248
4.637146
4.637093
4.638919
4.634878
4.639885
4.638541
4.634640
4.637684
4.638022
4.633959
4.641011
4.638538
4.635403
4.640908
4.637963
4.638321
4.639039
4.638486
4.641393
4.636130
4.640249
4.640165
4.636122
4.639909
4.639722
4.636249
4.642671
4.639822
4.638774
4.642088
4.639062
4.643384
4.640074
4.644459
4.640377
4.645697
4.642825
4.643706
4.643395
4.645207
4.639270
4.640326
4.640964
4.637141
4.639912
4.640791
4.638036
4.644601
4.641846
4.641899
4.644259
4.641890
4.646563
4.643593
4.647023
4.642276
4.646572
4.645771
4.641633
4.646215
4.645416
4.641676
4.648099
4.645498
4.642988
4.647604
4.644832
4.646333
4.645058
4.648962
4.644234
4.650035
4.647479
4.646415
4.650454
4.646814
4.650193
4.644637
4.649345
4.647796
4.643762
4.648488
4.647274
4.643391
4.650036
4.647771
4.644952
4.650552
4.647620
4.647968
4.649058
4.646908
4.651257
4.647754
4.651988
4.646745
4.651161
4.649955
4.645589
4.649869
4.648720
4.645033
4.652009
4.649429
4.646671
4.651897
4.648935
4.649623
4.649913
4.650247
4.650598
4.651075
4.650408
4.654400
4.648144
4.650658
4.650477
4.646403
4.647675
4.648758
4.645639
4.653687
4.650865
4.649096
4.653452
4.650966
4.653311
4.650322
4.655930
4.653034
4.654116
4.654587
4.655781
4.651409
4.655144
4.653777
4.649138
4.648119
4.651979
4.648487
4.656458
4.653740
4.652050
4.655738
4.653417
4.656430
4.653011
4.658738
4.655809
4.656807
4.657247
4.657054
4.659071
4.652757
4.650863
4.654874
4.651048
4.654089
4.654831
4.652639
4.657596
4.655264
4.656710
4.657243
4.658840
4.657642
4.661789
4.657459
4.663026
4.660258
4.661226
4.661421
4.661969
4.658742
4.663362
4.659932
4.660928
4.662955
4.656643
4.654629
4.657746
4.653993
4.655160
4.658578
4.656446
4.661993
4.659467
4.660138
4.660687
4.661355
4.662190
4.662592
4.665100
4.659655
4.659288
4.661666
4.658551
4.661062
4.662016
4.659521
4.665977
4.663063
4.662938
4.665518
4.662812
4.667726
4.665174
4.667904
4.663960
4.668219
4.667102
4.663265
4.667746
4.666516
4.662911
4.669379
4.666810
4.664037
4.669422
4.666567
4.667274
4.668096
4.667477
4.670629
4.665323
4.669941
4.668869
4.665048
4.668939
4.667867
4.664624
4.671378
4.668457
4.666587
4.671031
4.668387
4.670289
4.667438
4.672731
4.669777
4.670822
4.670996
4.673052
4.673052
4.667125
4.668213
4.668388
4.665431
4.669977
4.668878
4.666435
4.672893
4.669750
4.669713
4.672411
4.669244
4.674762
4.671768
4.672788
4.672896
4.674954
4.669266
4.671505
4.671138
4.668266
4.673112
4.671616
4.668918
4.675440
4.672211
4.671700
4.674999
4.671776
4.676721
4.673943
4.676451
4.672107
4.677097
4.675206
4.671390
4.676636
4.674703
4.671315
4.678128
4.675116
4.672413
4.677738
4.674670
4.675374
4.675696
4.676069
4.677384
4.672840
4.676824
4.675489
4.672074
4.675086
4.674585
4.671959
4.679339
4.676075
4.674391
4.678782
4.676228
4.678334
4.675134
4.681043
4.677704
4.678895
4.680415
4.676268
4.681152
4.678678
4.674690
4.677686
4.676755
4.674053
4.681633
4.678419
4.676062
4.681431
4.678507
4.679282
4.679593
4.679847
4.680088
4.681554
4.676022
4.675136
4.677547
4.674676
4.678074
4.678080
4.676096
4.682189
4.679196
4.679775
4.681227
4.680074
4.684001
4.680044
4.685884
4.683104
4.684395
4.683260
4.686857
4.681409
4.687268
4.684048
4.681948
4.686715
4.683117
4.683722
4.684607
4.680527
4.685376
4.683286
4.679705
4.682231
4.681826
4.679213
4.686955
4.683710
4.681338
4.686822
4.683753
4.684399
4.684551
4.685027
4.685765
4.682612
4.688645
4.685936
4.683108
4.687859
4.685774
4.681821
4.687932
4.684753
4.681879
4.689173
4.685977
4.683499
4.688809
4.685625
4.686294
4.686486
4.687057
4.687584
4.685117
4.690898
4.687270
4.688480
4.688506
4.688612
4.690659
4.683005
4.680658
4.691818
4.686009
4.689504
4.688754
4.687443
4.685783
4.685771
4.686398
4.689701
4.685559
4.690745
4.689221
4.685666
4.689354
4.688576
4.686170
4.693374
4.690460
4.688430
4.692590
4.689775
4.691136
4.688666
4.693764
4.691166
4.693067
4.689621
4.694306
4.692037
4.688343
4.693083
4.690790
4.687599
4.694691
4.691615
4.688646
4.695024
4.691907
4.690941
4.694502
4.691312
4.695209
4.691196
4.696274
4.693469
4.695421
4.690864
4.695487
4.693107
4.689410
4.694392
4.692171
4.689646
4.696607
4.693325
4.691418
4.696005
4.693350
4.694852
4.692231
4.697593
4.694391
4.695074
4.695216
4.697281
4.691197
4.692535
4.692358
4.690176
4.696642
4.693958
4.691561
4.697799
4.694354
4.694497
4.697093
4.693215
4.699793
4.696348
4.695480
4.699702
4.696645
4.699507
4.694095
4.699567
4.696805
4.693370
4.699288
4.696398
4.693405
4.700302
4.697040
4.695000
4.700081
4.697193
4.697822
4.697808
4.699606
4.694345
4.699002
4.696783
4.694467
4.701024
4.698204
4.695056
4.701862
4.698400
4.696257
4.701466
4.698431
4.698971
4.699404
4.700398
4.696212
4.701718
4.699129
4.695896
4.699042
4.697702
4.695530
4.702738
4.699108
4.697606
4.701836
4.699349
4.701598
4.697529
4.704294
4.701374
4.698205
4.704511
4.701825
4.698320
4.705265
4.701917
4.698647
4.704866
4.701457
4.699911
4.703835
4.701092
4.703662
4.698929
4.705260
4.702524
4.699136
4.705288
4.702384
4.699154
4.705918
4.702550
4.700041
4.705425
4.702096
4.702770
4.702830
4.703003
4.704622
4.699223
4.701197
4.700946
4.699243
4.706547
4.703407
4.700513
4.706794
4.703197
4.702698
4.706057
4.702244
4.707408
4.704538
4.705997
4.702638
4.708384
4.705428
4.702587
4.708632
4.705622
4.701879
4.708346
4.704929
4.701650
4.708775
4.705587
4.702651
4.709036
4.705651
4.704467
4.708063
4.704870
4.708427
4.703611
4.710104
4.706549
4.705444
4.709484
4.706435
4.708483
4.703107
4.707650
4.705078
4.702896
4.709862
4.706726
4.703611
4.710342
4.706893
4.704690
4.710254
4.706834
4.707546
4.707430
4.707266
4.709337
4.703653
4.706553
4.705480
4.704126
4.711253
4.707908
4.705023
4.711337
4.707632
4.707153
4.710874
4.706946
4.711796
4.709000
4.710588
4.705887
4.710108
4.707730
4.705597
4.712814
4.709397
4.706142
4.713028
4.709458
4.706732
4.713123
4.709709
4.708949
4.712499
4.708707
4.713060
4.709761
4.713326
4.707936
4.713923
4.710667
4.707221
4.713126
4.709853
4.706993
4.714161
4.710726
4.707986
4.714196
4.710620
4.710389
4.713319
4.708521
4.715189
4.711798
4.709222
4.715212
4.712194
4.708930
4.715329
4.712010
4.708651
4.715249
4.712105
4.708795
4.715621
4.712426
4.709248
4.715874
4.712681
4.710022
4.715932
4.712299
4.712376
4.714652
4.709505
4.715789
4.712507
4.709431
4.715337
4.712341
4.709663
4.716535
4.713031
4.710852
4.716115
4.712925
4.713374
4.713940
4.714399
4.711390
4.717652
4.714181
4.712434
4.718280
4.714748
4.713181
4.717476
4.714641
4.715480
4.710156
4.709138
4.710742
4.708343
4.714042
4.712109
4.710974
4.716358
4.713462
4.714109
4.714572
4.714755
4.715951
4.716792
4.711466
4.710700
4.715096
4.712705
4.720279
4.716669
4.716067
4.716329
4.713501
4.719257
4.716564
4.717861
4.718351
4.720504
4.714867
4.718356
4.716319
4.716248
4.722002
4.718609
4.718273
4.718273
4.718297
4.719248
4.713803
4.713717
4.715793
4.714112
4.720676
4.717833
4.716657
4.721214
4.718753
4.719803
4.718730
4.722692
4.718514
4.724154
4.721439
4.722720
4.719376
4.724980
4.721672
4.718633
4.724294
4.720789
4.718423
4.725205
4.721503
4.719030
4.725223
4.721474
4.722220
4.724004
4.719020
4.725169
4.721417
4.719224
4.726095
4.722798
4.719605
4.726542
4.722850
4.719990
4.726465
4.723016
4.721191
4.726024
4.723192
4.723885
4.721486
4.726982
4.723678
4.723977
4.724280
4.726293
4.719621
4.718230
4.720265
4.717393
4.719405
4.721005
4.719002
4.724902
4.721925
4.722632
4.723413
4.723106
4.726605
4.722081
4.729710
4.726395
4.723640
4.729761
4.726611
4.723184
4.730058
4.726365
4.723265
4.729905
4.726503
4.723993
4.729881
4.726337
4.727296
4.728488
4.724020
4.729823
4.726360
4.723894
4.730579
4.727215
4.724076
4.731003
4.727358
4.724709
4.730993
4.727423
4.727078
4.730128
4.725412
4.731897
4.728078
4.727811
4.731457
4.727039
4.731772
4.728885
4.729576
4.725150
4.729562
4.726016
4.726317
4.730520
4.727145
4.730606
4.725611
4.732706
4.728796
4.727710
4.732227
4.729584
4.729799
4.725171
4.728579
4.726029
4.726141
4.731366
4.728651
4.729227
4.725143
4.732479
4.728367
4.726273
4.733657
4.730006
4.726913
4.734030
4.730123
4.727118
4.734103
4.730496
4.727784
4.734056
4.730141
4.729056
4.732831
4.729588
4.733234
4.727978
4.734913
4.731175
4.728170
4.734326
4.730704
4.727503
4.734671
4.730837
4.727853
4.734897
4.731294
4.728333
4.734972
4.731373
4.729125
4.734831
4.731078
4.732222
4.732415
4.728693
4.734544
4.730708
4.728162
4.733736
4.729782
4.730467
4.733341
4.728738
4.735752
4.731517
4.731232
4.735255
4.731622
4.735701
4.731036
4.736568
4.733691
4.734309
4.730336
4.735784
4.731785
4.729354
4.736298
4.732265
4.729783
4.737020
4.733082
4.730289
4.737219
4.733510
4.730917
4.737464
4.733615
4.731705
4.736848
4.733718
4.733825
4.733184
4.736645
4.730871
4.738033
4.733775
4.731479
4.737551
4.733814
4.730633
4.737986
4.733706
4.730895
4.738117
4.734290
4.731203
4.738288
4.734485
4.731485
4.738491
4.734844
4.731861
4.738651
4.734940
4.731911
4.738626
4.735009
4.732085
4.738844
4.735294
4.732325
4.739039
4.735476
4.732421
4.739176
4.735568
4.732474
4.739306
4.735660
4.732569
4.739429
4.735793
4.732744
4.739556
4.735968
4.733006
4.739709
4.736163
4.733355
4.739881
4.736317
4.733921
4.739964
4.736023
4.736708
4.738091
4.732929
4.738475
4.734170
4.736322
4.738077
4.733323
4.740611
4.735888
4.733529
4.740347
4.737034
4.734298
4.741230
4.737303
4.734604
4.741050
4.737279
4.736484
4.740219
4.736682
4.740488
4.735286
4.742092
4.737959
4.737846
4.741254
4.735861
4.742374
4.738210
4.736752
4.741764
4.738792
4.738940
4.735855
4.741836
4.738009
4.735900
4.742228
4.738470
4.735683
4.742164
4.737919
4.735051
4.742098
4.737687
4.735603
4.742296
4.738192
4.737075
4.740992
4.738076
4.740521
4.735407
4.742955
4.737464
4.739523
4.740031
4.736114
4.742856
4.738088
4.735740
4.742640
4.737720
4.739518
4.739940
4.735582
4.743510
4.737720
4.739611
4.741661
4.736716
4.744338
4.738462
4.739472
4.742385
4.737166
4.744531
4.739902
4.737580
4.744180
4.740596
4.737670
4.744757
4.740721
4.737806
4.744694
4.740911
4.738012
4.745002
4.741072
4.738082
4.745041
4.741183
4.738268
4.745249
4.741412
4.738469
4.745355
4.741554
4.738642
4.745512
4.741754
4.738866
4.745686
4.741926
4.739024
4.745812
4.742042
4.739145
4.745938
4.742164
4.739271
4.746073
4.742295
4.739403
4.746213
4.742433
4.739544
4.746356
4.742578
4.739696
4.746500
4.742726
4.739855
4.746644
4.742874
4.740019
4.746786
4.743020
4.740185
4.746927
4.743162
4.740352
4.747066
4.743300
4.740522
4.747205
4.743434
4.740704
4.747345
4.743566
4.740935
4.747489
4.743675
4.741389
4.747542
4.743345
4.744419
4.745563
4.739426
4.738109
4.740427
4.737579
4.742327
4.741069
4.739686
4.744274
4.741851
4.742392
4.743484
4.744466
4.740544
4.746533
4.742922
4.745233
4.747530
4.742790
4.750670
4.745513
4.743412
4.750086
4.746633
4.744524
4.749895
4.746382
4.746645
4.747757
4.747848
4.744763
4.750907
4.746550
4.744554
4.751762
4.746397
4.746611
4.747925
4.748511
4.742063
4.742841
4.747967
4.744781
4.748607
4.746471
4.746993
4.743092
4.748804
4.746118
4.747224
4.749046
4.750672
4.743527
4.744190
4.754451
4.747837
4.749784
4.750094
4.747639
4.745880
4.745183
4.748227
4.744338
4.752281
4.748660
4.750102
4.752617
4.747500
4.753934
4.749840
4.748680
4.753865
4.750702
4.750130
4.750687
4.752598
4.745299
4.744461
4.758238
4.751170
4.751959
4.752776
4.749756
4.748231
4.747423
4.750662
4.746770
4.753791
4.751137
4.750019
4.755304
4.755304
4.752461
4.752530
4.753712
4.754457
4.748708
4.747011
4.751213
4.748899
4.754481
4.751733
4.752076
4.749300
4.754537
4.752593
4.753870
4.750570
4.757081
4.752430
4.753257
4.756290
4.751224
4.758297
4.753828
4.752547
4.757465
4.754644
4.754705
4.751843
4.758081
4.753961
4.756147
4.757870
4.750550
4.749653
4.760006
4.753046
4.755274
4.754403
4.752897
4.751743
4.751593
4.750601
4.756720
4.755403
4.756569
4.751606
4.749197
4.752245
4.749465
4.754333
4.752893
4.752384
4.755210
4.753395
4.755603
4.752095
4.760568
4.757180
4.755800
4.762055
4.758301
4.759428
4.758831
4.754676
4.759987
4.755557
4.756844
4.758353
4.758437
4.754346
4.763335
4.757446
4.759389
4.757370
4.763159
4.758689
4.759781
4.758836
4.755968
4.763717
4.758729
4.759516
4.756208
4.763233
4.757370
4.758969
4.759040
4.755742
4.763281
4.758198
4.757678
4.762272
4.760116
4.760711
4.754926
4.754301
4.756745
4.754113
4.763901
4.758399
4.757560
4.758846
4.755796
4.761285
4.759079
4.760086
4.757095
4.764700
4.760146
4.758005
4.765203
4.761128
4.759092
4.764506
4.760709
4.760771
4.761177
4.760633
4.761922
4.763840
4.756725
4.750584
4.762453
4.763129
4.760859
4.762029
4.758932
4.756494
4.756076
4.757516
4.759493
4.761383
4.762285
4.764167
4.764429
4.760293
4.756015
4.761386
4.758518
4.758189
4.761675
4.758950
4.764234
4.761682
4.762732
4.763518
4.764708
4.765447
4.766924
4.767436
4.765491
4.770860
4.767248
4.769108
4.769029
4.763329
4.759989
4.763809
4.761022
4.769341
4.765070
4.765238
4.765873
4.764186
4.768654
4.766502
4.769617
4.765182
4.772592
4.768044
4.767058
4.770984
4.768572
4.769376
4.764900
4.772594
4.767247
4.768546
4.767546
4.771385
4.767363
4.771284
4.767734
4.772236
4.768268
4.772565
4.769363
4.771048
4.765932
4.773740
4.768179
4.769344
4.766964
4.772117
4.768752
4.768622
4.766447
4.772483
4.769371
4.769360
4.769704
4.771772
4.766248
4.773105
4.767989
4.769538
4.767049
4.772937
4.768037
4.769169
4.768620
4.766104
4.774004
4.768533
4.771137
4.771195
4.765554
4.765079
4.767511
4.765037
4.772709
4.768362
4.768063
4.767672
4.764765
4.773065
4.769060
4.769013
4.773486
4.771307
4.771963
4.766288
4.765472
4.766775
4.764864
4.773976
4.768230
4.768604
4.769304
4.767345
4.772266
4.770467
4.771144
4.768104
4.777149
4.771088
4.772209
4.769936
4.775635
4.771700
4.771064
4.772605
4.774356
4.767523
4.767906
4.780986
4.774591
4.772596
4.774767
4.770664
4.768390
4.767643
4.768700
4.769777
4.772172
4.772065
4.770072
4.778719
4.773623
4.775659
4.771652
4.776349
4.772020
4.772290
4.772745
4.773865
4.769546
4.779015
4.773311
4.774927
4.773226
4.778260
4.775283
4.774287
4.770952
4.779074
4.773385
4.774406
4.770634
4.778680
4.772559
4.772989
4.773557
4.773402
4.774760
4.775780
4.769191
4.765073
4.776319
4.777197
4.774029
4.774697
4.771098
4.768295
4.767630
4.769114
4.771278
4.773006
4.774816
4.775415
4.775396
4.779819
4.775706
4.781621
4.778604
4.779793
4.780040
4.774399
4.773015
4.772571
4.774251
4.778442
4.774407
4.780286
4.776639
4.777070
4.778250
4.778506
4.775219
4.781997
4.777150
4.777430
4.781258
4.776170
4.782476
4.777627
4.779295
4.779618
4.773863
4.771439
4.773966
4.771486
4.777050
4.774675
4.774160
4.776521
4.774705
4.777349
4.773734
4.781911
4.777644
4.778632
4.780752
4.776219
4.784696
4.778809
4.780015
4.779616
4.780615
4.781566
4.774472
4.773245
4.784092
4.777433
4.782786
4.779433
4.777891
4.776422
4.776844
4.775507
4.781814
4.780162
4.780872
4.777862
4.785642
4.780683
4.781756
4.779851
4.784959
4.782041
4.781813
4.778444
4.785010
4.780414
4.782585
4.782782
4.778519
4.783872
4.779139
4.779991
4.781309
4.781229
4.777233
4.786879
4.780268
4.781979
4.778535
4.786585
4.780656
4.780620
4.781112
4.781093
4.780198
4.783965
4.779015
4.786933
4.781931
4.783836
4.784424
4.778046
4.777598
4.779942
4.777537
4.784135
4.780196
4.779322
4.778513
4.778966
4.779365
4.781922
4.780985
4.779732
4.788904
4.780871
4.786941
4.784275
4.784934
4.779994
4.787995
4.781811
4.782579
4.781195
4.785946
4.783130
4.783923
4.778614
4.777655
4.779044
4.777174
4.787491
4.780569
4.780614
4.780057
4.781172
4.781648
4.778314
4.788234
4.782377
4.784141
4.781816
4.787821
4.783251
4.783461
4.782727
4.784622
4.786564
4.779624
4.777287
4.792232
4.788535
4.784781
4.784914
4.781031
4.778098
4.777151
4.778303
4.780213
4.781851
4.783413
4.783732
4.785904
4.788369
4.781847
4.778361
4.790250
4.786650
4.784684
4.787336
4.783210
4.781235
4.781315
4.783247
4.785634
4.785528
4.790199
4.787574
4.791315
4.786725
4.791869
4.788534
4.789058
4.789801
4.785244
4.791033
4.786409
4.788799
4.785055
4.791166
4.787483
4.787483
4.786748
4.790105
4.786301
4.790669
4.787910
4.788713
4.784415
4.792099
4.786447
4.788374
4.784413
4.791460
4.786805
4.785844
4.789268
4.785642
4.790079
4.787257
4.789114
4.784631
4.793068
4.787306
4.788738
4.784798
4.791636
4.786836
4.785846
4.789373
4.785612
4.790104
4.787269
4.788898
4.784470
4.792969
4.786823
4.788866
4.784602
4.791907
4.786685
4.786255
4.789104
4.784477
4.791844
4.787121
4.787874
4.789537
4.784999
4.793545
4.787388
4.789076
4.784927
4.792320
4.786613
4.787464
4.787751
4.784466
4.791952
4.786898
4.788065
4.789574
4.785065
4.793429
4.786768
4.789130
4.784799
4.792398
4.786786
4.787083
4.788125
4.784124
4.793150
4.787403
4.788573
4.785168
4.792357
4.787359
4.786961
4.789989
4.785091
4.792725
4.787438
4.788823
4.789213
4.784330
4.788322
4.784760
4.786802
4.788158
4.784469
4.792059
4.786585
4.786890
4.790553
4.785770
4.793842
4.788133
4.789570
4.789047
4.785928
4.794301
4.787490
4.790575
4.785837
4.793672
4.787782
4.788411
4.788297
4.785365
4.792370
4.787471
4.789363
4.791034
4.784116
4.782848
4.790774
4.784879
4.790678
4.787075
4.785582
4.784485
4.784228
4.785983
4.788476
4.783700
4.783507
4.786627
4.784016
4.793530
4.787604
4.787308
4.786778
4.787565
4.788530
4.785352
4.795329
4.789444
4.792598
4.788465
4.795520
4.790494
4.790164
4.792007
4.787242
4.794991
4.789570
4.790259
4.790278
4.791270
4.791030
4.788790
4.794886
4.792201
4.792223
4.789508
4.796475
4.791864
4.791666
4.786733
4.784328
4.786040
4.784174
4.794941
4.788234
4.788143
4.788494
4.789116
4.786403
4.793936
4.789441
4.791663
4.791127
4.787278
4.791672
4.787834
4.789815
4.790759
4.788269
4.793266
4.790247
4.789877
4.788106
4.797723
4.791146
4.793924
4.789110
4.797412
4.791133
4.791188
4.790211
4.791346
4.793350
4.786371
4.786653
4.800731
4.794787
4.792061
4.791730
4.787850
4.785279
4.784715
4.786036
4.788011
4.789477
4.791308
4.791663
4.791503
4.796533
4.792114
4.798557
4.795659
4.795996
4.792332
4.796918
4.792538
4.794125
4.795159
4.789366
4.786734
4.790550
4.787499
4.797116
4.791049
4.790201
4.789701
4.788501
4.792824
4.789021
4.795072
4.792914
4.793296
4.790099
4.798566
4.791932
4.795685
4.791162
4.797976
4.793084
4.793352
4.793585
4.789789
4.798472
4.792025
4.795323
4.790787
4.797892
4.792610
4.792211
4.793679
4.789393
4.798573
4.792597
4.794170
4.790200
4.798231
4.792626
4.792612
4.793001
4.792798
4.793462
4.796270
4.789040
4.787910
4.802656
4.796368
4.793578
4.794079
4.789981
4.787667
4.787228
4.788425
4.790952
4.792670
4.790506
4.798943
4.794592
4.795230
4.796439
4.796825
4.793193
4.798670
4.792364
4.798470
4.795859
4.797514
4.792565
4.799326
4.794405
4.795611
4.796357
4.792431
4.800193
4.793747
4.795910
4.791339
4.799093
4.793716
4.793388
4.793949
4.794650
4.790353
4.798255
4.792539
4.795698
4.791615
4.799183
4.793767
4.793638
4.794768
4.790725
4.799686
4.793689
4.795410
4.791289
4.799295
4.793678
4.793694
4.793436
4.794356
4.794204
4.791675
4.798344
4.794910
4.795013
4.795641
4.798821
4.791319
4.790072
4.793138
4.789871
4.798482
4.793058
4.791757
4.792192
4.789071
4.797298
4.793131
4.794822
4.795074
4.791505
4.800265
4.793088
4.797042
4.792719
4.799264
4.794566
4.794812
4.794950
4.792088
4.799702
4.795128
4.796763
4.796432
4.793431
4.801096
4.793148
4.798813
4.795793
4.796709
4.791925
4.799574
4.794047
4.794123
4.795395
4.797384
4.790813
4.791191
4.793744
4.790857
4.797725
4.793543
4.792322
4.791157
4.792588
4.793023
4.790380
4.799002
4.794104
4.796048
4.792604
4.800792
4.794727
4.795038
4.795406
4.792389
4.800046
4.795035
4.796625
4.796424
4.793439
4.801265
4.793732
4.799037
4.796137
4.797449
4.792243
4.800224
4.794498
4.794649
4.795748
4.797699
4.791356
4.791340
4.792415
4.789848
4.798928
4.793121
4.792740
4.792253
4.793069
4.793675
4.791787
4.799005
4.796098
4.796557
4.795888
4.800555
4.795232
4.801161
4.797940
4.797957
4.794634
4.802746
4.796327
4.798677
4.793962
4.802872
4.796643
4.797501
4.793055
4.801171
4.795455
4.795192
4.795148
4.794922
4.796139
4.795680
4.791350
4.789330
4.793169
4.789844
4.792844
4.794521
4.791819
4.793286
4.791901
4.793832
4.791082
4.797474
4.795244
4.796349
4.795081
4.800259
4.797509
4.798618
4.793587
4.796796
4.794521
4.794824
4.798563
4.794193
4.799378
4.796366
4.797249
4.795329
4.802201
4.798754
4.798467
4.796959
4.801686
4.797375
4.801611
4.796364
4.803145
4.798972
4.798327
4.798650
4.801570
4.793976
4.793668
4.800693
4.795366
4.800478
4.796517
4.794621
4.793594
4.793971
4.793086
4.799345
4.797194
4.799109
4.794976
4.804095
4.797449
4.799919
4.795712
4.803095
4.797864
4.797649
4.798828
4.798828
4.795004
4.804674
4.797919
4.801390
4.796720
4.803276
4.798380
4.798317
4.798334
4.794837
4.803912
4.796939
4.801226
4.796898
4.802399
4.798981
4.799170
4.795600
4.802704
4.798355
4.799323
4.799524
4.796326
4.803826
4.799309
4.799409
4.795874
4.802423
4.795889
4.799764
4.795785
4.800231
4.796529
4.798824
4.794066
4.803655
4.797906
4.799361
4.795133
4.803590
4.797806
4.798057
4.795041
4.801450
4.797740
4.797221
4.797710
4.801232
4.793831
4.793717
4.800048
4.795138
4.799740
4.796053
4.794672
4.793146
4.795364
4.792109
4.803224
4.797288
4.800491
4.796021
4.803261
4.798336
4.798388
4.799370
4.795439
4.803742
4.797025
4.801410
4.797237
4.802462
4.799223
4.799739
4.795549
4.803973
4.797868
4.800904
4.795832
4.803331
4.798059
4.797961
4.797748
4.797819
4.800785
4.793939
4.793750
4.795722
4.792643
4.801983
4.795882
4.795308
4.795091
4.796034
4.794557
4.799806
4.796181
4.801508
4.797871
4.802704
4.798022
4.802813
4.799460
4.801063
4.795682
4.803070
4.796969
4.800080
4.795682
4.803009
4.798125
4.798021
4.798760
4.795016
4.804410
4.797038
4.801224
4.797214
4.801663
4.797798
4.800175
4.795036
4.804237
4.798510
4.800602
4.795992
4.803956
4.798611
4.798224
4.797963
4.800590
4.794834
4.803084
4.796561
4.800133
4.795652
4.802387
4.797587
4.797385
4.798106
4.794634
4.803703
4.797273
4.801149
4.796179
4.803137
4.798420
4.798309
4.798850
4.795208
4.803188
4.798434
4.799241
4.795368
4.802808
4.796056
4.800110
4.796177
4.800558
4.796140
4.800030
4.794974
4.801143
4.798105
4.799002
4.795319
4.803241
4.798435
4.798878
4.795300
4.803267
4.798152
4.798608
4.794440
4.802386
4.795552
4.799678
4.795574
4.800203
4.796275
4.798882
4.793670
4.803202
4.796987
4.799531
4.794601
4.802785
4.797253
4.797292
4.795342
4.800412
4.795559
4.800575
4.796983
4.800299
4.794831
4.802853
4.795688
4.800005
4.796176
4.800036
4.794367
4.800126
4.796465
4.796855
4.795908
4.800304
4.794621
4.803709
4.796355
4.801093
4.796983
4.800901
4.794937
4.800614
4.796885
4.797301
4.795990
4.800688
4.794857
4.803097
4.797463
4.800070
4.794373
4.801263
4.794525
4.797980
4.793129
4.799524
4.795628
4.795110
4.795557
4.798987
4.791667
4.792242
4.801807
4.794002
4.799691
4.795911
4.793434
4.792100
4.792125
4.794817
4.791243
4.799613
4.794605
4.799244
4.795547
4.800044
4.796087
4.798634
4.793368
4.802036
4.796575
4.799676
4.794803
4.802266
4.797612
4.797173
4.797439
4.798440
4.794854
4.801205
4.797680
4.798446
4.795275
4.802596
4.798026
4.799554
4.793509
4.794167
4.793614
4.792797
4.797618
4.792662
4.798197
4.794900
4.796052
4.793128
4.801610
4.797103
4.797133
4.795414
4.800780
4.795336
4.800908
4.797464
4.800029
4.793287
4.793705
4.794292
4.791179
4.802011
4.795394
4.794789
4.793650
4.796797
4.792016
4.802630
4.795942
4.799317
4.794551
4.802320
4.797216
4.796693
4.796537
4.796866
4.800755
4.793012
4.793597
4.804099
4.795787
4.801249
4.797477
4.794705
4.793275
4.793025
4.795732
4.792547
4.802963
4.797381
4.800843
4.796036
4.802824
4.798523
4.798080
4.798480
4.797398
4.801379
4.795680
4.803162
4.796741
4.802738
4.799582
4.800467
4.796130
4.800716
4.797316
4.798800
4.794333
4.801802
4.795357
4.800174
4.796967
4.799891
4.794350
4.801528
4.796944
4.797120
4.797594
4.797315
4.800957
4.793629
4.794105
4.796249
4.792382
4.802350
4.795716
4.794927
4.793714
4.796861
4.792648
4.801420
4.797244
4.797747
4.798193
4.797940
4.800995
4.793960
4.795432
4.796023
4.793563
4.801965
4.797357
4.796075
4.797242
4.794117
4.801830
4.798333
4.798486
4.798764
4.798560
4.799030
4.801549
4.794650
4.794107
4.802504
4.796177
4.801816
4.797819
4.795641
4.794504
4.794937
4.797005
4.795154
4.802487
4.799680
4.800772
4.797242
4.804526
4.800147
4.799613
4.799919
4.801617
4.796151
4.801626
4.796808
4.801689
4.798198
4.802087
4.797233
4.800638
4.795910
4.801242
4.798062
4.800455
4.795521
4.805459
4.798149
4.801658
4.796947
4.802827
4.798968
4.798230
4.798169
4.800092
4.795345
4.802967
4.796602
4.802237
4.799173
4.800020
4.796107
4.800384
4.796748
4.800119
4.795288
4.805335
4.798309
4.801786
4.797101
4.802235
4.798586
4.799306
4.795506
4.802203
4.798678
4.798514
4.798806
4.801418
4.794829
4.796359
4.796313
4.794697
4.800895
4.797244
4.797617
4.793744
4.801774
4.798012
4.798494
4.798709
4.799066
4.801652
4.794634
4.795469
4.799028
4.794739
4.803353
4.798074
4.795785
4.796054
4.794215
4.799996
4.796192
4.801868
4.798620
4.802262
4.796900
4.805036
4.799898
4.800265
4.797885
4.802726
4.797945
4.802651
4.798212
4.803424
4.799213
4.803667
4.798164
4.803529
4.799908
4.800799
4.796620
4.803422
4.799218
4.798690
4.799107
4.799107
4.800629
4.795455
4.801362
4.795724
4.801521
4.798512
4.799920
4.795155
4.800774
4.797155
4.797561
4.797308
4.801363
4.795325
4.804506
4.796738
4.801728
4.798568
4.800104
4.795120
4.800620
4.797043
4.797560
4.797119
4.801497
4.795592
4.804994
4.796887
4.802517
4.799120
4.799252
4.796449
4.800040
4.794257
4.803259
4.798402
4.800684
4.796117
4.803406
4.798547
4.797789
4.797647
4.799948
4.794275
4.800989
4.794977
4.800428
4.797521
4.799692
4.794511
4.800539
4.796681
4.796773
4.797313
4.797500
4.797888
4.800476
4.793907
4.793961
4.799357
4.794518
4.801067
4.796707
4.794431
4.794244
4.793061
4.798862
4.794203
4.803629
4.799081
4.799847
4.796997
4.801900
4.797685
4.800767
4.795013
4.803780
4.796775
4.801231
4.797607
4.801152
4.795532
4.801598
4.797777
4.797542
4.797659
4.797635
4.797394
4.801250
4.793699
4.794244
4.802690
4.795574
4.800676
4.796808
4.794271
4.793133
4.793272
4.796135
4.793561
4.802235
4.798692
4.798629
4.798904
4.799617
4.797278
4.802283
4.796721
4.804044
4.800307
4.801689
4.797460
4.803409
4.799521
4.798834
4.798819
4.800456
4.795045
4.801453
4.794565
4.802038
4.797871
4.797772
4.795654
4.798371
4.792710
4.802802
4.796210
4.800746
4.796303
4.801272
4.797501
4.798823
4.794158
4.801858
4.797681
4.797567
4.797034
4.800157
4.793832
4.800549
4.794597
4.799658
4.796533
4.798888
4.793508
4.799226
4.795647
4.795883
4.796516
4.798531
4.794137
4.803427
4.795965
4.801184
4.797762
4.800461
4.794479
4.801521
4.796857
4.797018
4.796560
4.800256
4.793979
4.801783
4.794766
4.800120
4.796993
4.798207
4.793948
4.798452
4.794657
4.798576
4.793411
4.802963
4.796465
4.799951
4.794981
4.800404
4.796695
4.796465
4.795007
4.799273
4.793254
4.801939
4.794843
4.800037
4.796799
4.798467
4.793692
4.798850
4.795405
4.797169
4.793529
4.800819
4.797024
4.796631
4.796330
4.799406
4.792664
4.797693
4.793750
4.796965
4.792694
4.799465
4.794976
4.794021
4.795348
4.793130
4.799268
4.795036
4.799676
4.793984
4.802258
4.797001
4.798525
4.793628
4.800671
4.796227
4.795617
4.795521
4.798080
4.792613
4.800083
4.793241
4.799902
4.796278
4.795981
4.794055
4.796398
4.790720
4.800662
4.793611
4.798883
4.795553
4.798500
4.792793
4.798864
4.794994
4.794804
4.795098
4.795303
4.795242
4.795093
4.799800
4.792098
4.792433
4.801810
4.793649
4.798758
4.794924
4.791869
4.791148
4.790233
4.794669
4.790681
4.800819
4.796075
4.797669
4.794220
4.799419
4.795883
4.797404
4.793150
4.800154
4.796842
4.796668
4.796829
4.798065
4.795446
4.800624
4.795277
4.800997
4.797316
4.799358
4.793385
4.800422
4.793529
4.797898
4.793969
4.798051
4.792426
4.797965
4.794376
4.794861
4.793498
4.798223
4.791999
4.801275
4.794094
4.798526
4.794410
4.798480
4.793063
4.797660
4.793859
4.797436
4.791984
4.800543
4.794945
4.797227
4.792227
4.798746
4.794691
4.793724
4.793919
4.793423
4.796894
4.790366
4.795576
4.792074
4.795743
4.791471
4.797106
4.792955
4.792146
4.792183
4.794845
4.791044
4.799592
4.795204
4.796863
4.792667
4.799669
4.795233
4.794875
4.793277
4.797984
4.791413
4.800059
4.792758
4.798103
4.794816
4.796315
4.791718
4.796505
4.792618
4.795621
4.790404
4.799796
4.793076
4.796840
4.792019
4.797213
4.793430
4.795093
4.790565
4.797702
4.794125
4.793949
4.793775
4.796271
4.790872
4.798845
4.791651
4.797719
4.794242
4.794891
4.791568
4.796035
4.790265
4.797208
4.793771
4.794698
4.792473
4.797396
4.791129
4.798244
4.793880
4.795410
4.791552
4.797336
4.793556
4.794880
4.790681
4.798058
4.794074
4.794987
4.791487
4.797253
4.793276
4.795710
4.789599
4.795916
4.789893
4.794814
4.791415
4.793590
4.788786
4.794511
4.790990
4.792763
4.789571
4.796409
4.792748
4.794307
4.789859
4.797975
4.792998
4.794951
4.789926
4.798131
4.792624
4.794757
4.789657
4.797466
4.792713
4.793089
4.790319
4.795720
4.790205
4.795592
4.791539
4.795271
4.789176
4.797619
4.790739
4.794836
4.790218
4.795156
4.790693
4.794423
4.788573
4.796676
4.792189
4.793251
4.790243
4.795458
4.790369
4.795272
4.789927
4.795809
4.792063
4.794864
4.789043
4.797113
4.791005
4.794757
4.789260
4.795848
4.791757
4.790780
4.790484
4.791364
4.789661
4.794980
4.787766
4.793215
4.788876
4.793120
4.788889
4.793185
4.788130
4.792315
4.787094
4.794404
4.791122
4.791821
4.789966
4.794801
4.788120
4.797154
4.790006
4.794526
4.790000
4.794439
4.789174
4.793775
4.788920
4.794417
4.789847
4.794982
4.789786
4.794771
4.790270
4.794441
4.788160
4.795862
4.790763
4.792680
4.788200
4.794368
4.790702
4.790707
4.789210
4.794153
4.787143
4.793691
4.787629
4.792947
4.789647
4.791259
4.786896
4.791889
4.787502
4.792702
4.787165
4.795476
4.790836
4.790836
