0.472680
0.449040
0.454746
0.459569
0.463809
0.467372
0.469998
0.471511
0.471929
0.471424
0.470192
0.468380
0.466089
0.463402
0.460409
0.457209
0.453909
0.450614
0.447419
0.444398
0.441599
0.439044
0.436733
0.434650
0.432775
0.431083
0.429552
0.428158
0.426880
0.425698
0.424600
0.423572
0.422605
0.421692
0.420827
0.420004
0.419219
0.418468
0.417747
0.417053
0.416381
0.415729
0.415089
0.414458
0.413828
0.413194
0.412549
0.411886
0.411198
0.410476
0.409709
0.408882
0.407976
0.406968
0.405837
0.404580
0.403234
0.401843
0.400407
0.398975
0.397623
0.396360
0.395127
0.393841
0.392457
0.390988
0.389484
0.387999
0.386578
0.385252
0.384046
0.382974
0.382042
0.381255
0.380611
0.380104
0.379725
0.379461
0.379296
0.379215
0.379203
0.379247
0.379335
0.379460
0.379614
0.379792
0.379991
0.380208
0.380442
0.380690
0.380954
0.381232
0.381524
0.381832
0.382155
0.382493
0.382847
0.383214
0.383595
0.383988
0.384391
0.384800
0.385211
0.385618
0.386015
0.386393
0.386748
0.387078
0.387378
0.387639
0.387845
0.387981
0.388037
0.388006
0.387891
0.387709
0.387498
0.387301
0.387141
0.387019
0.386929
0.386865
0.386818
0.386780
0.386745
0.386704
0.386652
0.386583
0.386491
0.386371
0.386218
0.386023
0.385780
0.385479
0.385106
0.384646
0.384083
0.383401
0.382587
0.381647
0.380612
0.379539
0.378496
0.377536
0.376684
0.375939
0.375294
0.374736
0.374254
0.373838
0.373477
0.373165
0.372896
0.372666
0.372474
0.372316
0.372187
0.372085
0.372006
0.371948
0.371908
0.371885
0.371877
0.371882
0.371899
0.371928
0.371966
0.372014
0.372072
0.372140
0.372217
0.372304
0.372405
0.372526
0.372686
0.372846
0.372955
0.373058
0.373173
0.373296
0.373425
0.373539
0.373588
0.373599
0.373616
0.373651
0.373794
0.373890
0.374119
0.374243
0.374500
0.374519
0.374889
0.374869
0.375253
0.375336
0.375412
0.375596
0.375808
0.376028
0.376262
0.376440
0.376532
0.376622
0.376760
0.376932
0.377103
0.377273
0.377445
0.377617
0.377789
0.377963
0.378138
0.378314
0.378492
0.378670
0.378849
0.379029
0.379209
0.379389
0.379570
0.379751
0.379931
0.380111
0.380291
0.380470
0.380649
0.380827
0.381005
0.381181
0.381356
0.381531
0.381704
0.381875
0.382045
0.382214
0.382380
0.382544
0.382706
0.382865
0.383021
0.383173
0.383321
0.383465
0.383605
0.383741
0.383872
0.384000
0.384123
0.384243
0.384360
0.384472
0.384582
0.384689
0.384793
0.384894
0.384993
0.385089
0.385184
0.385277
0.385368
0.385458
0.385546
0.385633
0.385719
0.385803
0.385887
0.385969
0.386049
0.386129
0.386207
0.386284
0.386359
0.386432
0.386503
0.386573
0.386640
0.386706
0.386768
0.386828
0.386885
0.386940
0.386991
0.387039
0.387083
0.387125
0.387163
0.387199
0.387233
0.387266
0.387297
0.387329
0.387360
0.387392
0.387422
0.387451
0.387478
0.387500
0.387518
0.387531
0.387539
0.387541
0.387537
0.387526
0.387507
0.387479
0.387440
0.387389
0.387324
0.387243
0.387143
0.387025
0.386888
0.386736
0.386572
0.386404
0.386238
0.386079
0.385933
0.385801
0.385686
0.385586
0.385501
0.385427
0.385366
0.385314
0.385271
0.385237
0.385210
0.385189
0.385173
0.385162
0.385154
0.385150
0.385149
0.385150
0.385153
0.385158
0.385165
0.385172
0.385182
0.385192
0.385203
0.385215
0.385228
0.385242
0.385257
0.385273
0.385290
0.385308
0.385327
0.385348
0.385369
0.385392
0.385416
0.385441
0.385468
0.385496
0.385525
0.385555
0.385586
0.385619
0.385653
0.385688
0.385724
0.385762
0.385800
0.385840
0.385881
0.385923
0.385965
0.386009
0.386054
0.386100
0.386146
0.386194
0.386242
0.386292
0.386342
0.386392
0.386444
0.386496
0.386549
0.386603
0.386657
0.386712
0.386768
0.386824
0.386881
0.386938
0.386996
0.387054
0.387113
0.387172
0.387232
0.387292
0.387352
0.387413
0.387475
0.387536
0.387598
0.387661
0.387723
0.387786
0.387849
0.387913
0.387977
0.388041
0.388105
0.388170
0.388235
0.388300
0.388366
0.388431
0.388497
0.388563
0.388630
0.388697
0.388764
0.388831
0.388898
0.388966
0.389034
0.389102
0.389170
0.389239
0.389307
0.389376
0.389445
0.389515
0.389584
0.389654
0.389723
0.389793
0.389862
0.389932
0.390002
0.390072
0.390141
0.390211
0.390280
0.390349
0.390418
0.390487
0.390556
0.390625
0.390693
0.390761
0.390829
0.390897
0.390964
0.391031
0.391098
0.391164
0.391231
0.391297
0.391362
0.391428
0.391493
0.391558
0.391622
0.391686
0.391750
0.391814
0.391877
0.391941
0.392003
0.392066
0.392128
0.392190
0.392252
0.392313
0.392374
0.392435
0.392496
0.392556
0.392616
0.392675
0.392735
0.392794
0.392853
0.392911
0.392969
0.393027
0.393085
0.393142
0.393199
0.393256
0.393313
0.393369
0.393425
0.393480
0.393535
0.393590
0.393645
0.393699
0.393753
0.393807
0.393861
0.393914
0.393914
0.393967
0.394019
0.394071
0.394123
0.394175
0.394227
0.394278
0.394328
0.394379
0.394429
0.394479
0.394529
0.394578
0.394627
0.394676
0.394724
0.394772
0.394820
0.394868
0.394915
0.394962
0.395008
0.395055
0.395101
0.395147
0.395192
0.395237
0.395282
0.395327
0.395371
0.395415
0.395459
0.395502
0.395545
0.395588
0.395631
0.395673
0.395715
0.395756
0.395797
0.395838
0.395879
0.395919
0.395959
0.395999
0.396039
0.396078
0.396116
0.396155
0.396193
0.396231
0.396268
0.396305
0.396342
0.396379
0.396415
0.396450
0.396486
0.396521
0.396556
0.396590
0.396624
0.396657
0.396691
0.396724
0.396756
0.396788
0.396820
0.396851
0.396882
0.396913
0.396943
0.396972
0.397002
0.397030
0.397059
0.397087
0.397114
0.397141
0.397168
0.397194
0.397220
0.397245
0.397269
0.397294
0.397317
0.397340
0.397363
0.397385
0.397407
0.397428
0.397448
0.397468
0.397487
0.397506
0.397524
0.397541
0.397558
0.397574
0.397590
0.397605
0.397619
0.397633
0.397646
0.397658
0.397669
0.397680
0.397690
0.397699
0.397708
0.397716
0.397722
0.397729
0.397734
0.397738
0.397742
0.397744
0.397746
0.397747
0.397747
0.397746
0.397744
0.397741
0.397737
0.397732
0.397727
0.397720
0.397712
0.397702
0.397692
0.397681
0.397668
0.397655
0.397640
0.397624
0.397607
0.397588
0.397568
0.397547
0.397525
0.397501
0.397476
0.397450
0.397422
0.397393
0.397362
0.397330
0.397296
0.397261
0.397224
0.397186
0.397146
0.397104
0.397061
0.397016
0.396969
0.396921
0.396871
0.396819
0.396765
0.396710
0.396652
0.396593
0.396532
0.396468
0.396403
0.396336
0.396267
0.396195
0.396122
0.396046
0.395968
0.395888
0.395806
0.395721
0.395635
0.395545
0.395454
0.395360
0.395264
0.395165
0.395063
0.394959
0.394853
0.394744
0.394632
0.394518
0.394401
0.394281
0.394159
0.394033
0.393905
0.393774
0.393640
0.393503
0.393363
0.393220
0.393074
0.392925
0.392772
0.392617
0.392458
0.392297
0.392131
0.391963
0.391791
0.391616
0.391438
0.391256
0.391070
0.390881
0.390688
0.390492
0.390293
0.390089
0.389882
0.389671
0.389457
0.389238
0.389016
0.388790
0.388560
0.388326
0.388088
0.387847
0.387601
0.387351
0.387097
0.386839
0.386577
0.386311
0.386041
0.385766
0.385488
0.385205
0.384918
0.384626
0.384331
0.384031
0.383727
0.383418
0.383105
0.382788
0.382466
0.382141
0.381810
0.381476
0.381137
0.380794
0.380446
0.380094
0.379738
0.379377
0.379012
0.378643
0.378270
0.377892
0.377510
0.377124
0.376734
0.376340
0.375941
0.375539
0.375132
0.374722
0.374307
0.373889
0.373467
0.373041
0.372612
0.372179
0.371742
0.371302
0.370858
0.370411
0.369961
0.369508
0.369051
0.368592
0.368130
0.367665
0.367197
0.366727
0.366255
0.365780
0.365303
0.364823
0.364342
0.363859
0.363374
0.362888
0.362400
0.361911
0.361421
0.360929
0.360437
0.359943
0.359449
0.358955
0.358460
0.357964
0.357469
0.356973
0.356477
0.355982
0.355486
0.354991
0.354497
0.354003
0.353509
0.353016
0.352524
0.352033
0.351542
0.351052
0.350563
0.350075
0.349588
0.349102
0.348617
0.348132
0.347649
0.347167
0.346685
0.346205
0.345725
0.345246
0.344768
0.344292
0.343815
0.343340
0.342865
0.342392
0.341918
0.341446
0.340974
0.340502
0.340031
0.339560
0.339090
0.338619
0.338149
0.337679
0.337209
0.336739
0.336268
0.335797
0.335325
0.334853
0.334381
0.333907
0.333433
0.332957
0.332481
0.332003
0.331525
0.331044
0.330563
0.330080
0.329595
0.329109
0.328621
0.328131
0.327640
0.327147
0.326652
0.326156
0.325657
0.325157
0.324654
0.324146
0.323625
0.323087
0.322546
0.321969
0.321384
0.320731
0.320031
0.319612
0.318835
0.318366
0.318151
0.317930
0.317668
0.317340
0.316957
0.316551
0.316143
0.315740
0.315336
0.314921
0.314484
0.314003
0.313428
0.312864
0.312395
0.311280
0.310674
0.310187
0.309651
0.309521
0.308169
0.307674
0.307252
0.306673
0.305943
0.305839
0.304464
0.303914
0.303320
0.302681
0.302592
0.301323
0.300760
0.300273
0.299780
0.298873
0.298700
0.297485
0.296806
0.296319
0.296390
0.295397
0.294611
0.294175
0.293958
0.292882
0.292026
0.291628
0.291390
0.290318
0.289430
0.289126
0.288832
0.287748
0.286847
0.286532
0.286209
0.285135
0.284262
0.284087
0.282883
0.282705
0.281120
0.280306
0.280708
0.279481
0.278810
0.279218
0.277923
0.277286
0.277404
0.276298
0.275532
0.275748
0.274529
0.273832
0.274142
0.272875
0.272277
0.272542
0.271249
0.270579
0.271027
0.269575
0.269036
0.269367
0.267936
0.267311
0.267845
0.266231
0.265745
0.266122
0.264565
0.263989
0.264594
0.262813
0.262399
0.262757
0.261164
0.260665
0.261359
0.259489
0.259271
0.259518
0.257860
0.257456
0.258107
0.256022
0.256548
0.254956
0.254952
0.254171
0.254642
0.252859
0.252232
0.252979
0.251027
0.251136
0.251136
0.250222
0.250632
0.248451
0.249213
0.247826
0.247583
0.248290
0.246015
0.246701
0.244893
0.245727
0.244112
0.243977
0.244679
0.242307
0.242760
0.241091
0.242314
0.240436
0.240147
0.240838
0.238507
0.239626
0.237313
0.238665
0.236804
0.236926
0.236845
0.235199
0.236039
0.233501
0.235046
0.232668
0.234186
0.232558
0.232811
0.231514
0.232477
0.229740
0.231172
0.228881
0.230417
0.228178
0.229612
0.227381
0.228619
0.226349
0.227696
0.225387
0.226692
0.224417
0.225856
0.223488
0.224926
0.222547
0.224067
0.221648
0.223188
0.220731
0.222325
0.219846
0.221470
0.218958
0.220624
0.218086
0.219788
0.217221
0.218962
0.216364
0.218146
0.215516
0.217340
0.214674
0.216542
0.213839
0.215750
0.213012
0.214965
0.212198
0.214187
0.211399
0.213421
0.210616
0.212666
0.209844
0.211917
0.209081
0.211172
0.208324
0.210432
0.207571
0.209698
0.206822
0.208971
0.206074
0.208254
0.205328
0.207552
0.204581
0.206865
0.203835
0.206191
0.203091
0.205525
0.202357
0.204861
0.201644
0.204194
0.200958
0.203526
0.200299
0.202870
0.199660
0.202230
0.199039
0.201603
0.198432
0.200986
0.197836
0.200381
0.197251
0.199794
0.196680
0.199228
0.196124
0.198682
0.195593
0.198139
0.195097
0.197578
0.194642
0.196989
0.194223
0.196387
0.193822
0.195797
0.193429
0.195222
0.193036
0.194651
0.192642
0.194079
0.192246
0.193505
0.191854
0.192931
0.191469
0.192361
0.191097
0.191798
0.190742
0.191249
0.190405
0.190722
0.190087
0.190229
0.189779
0.189783
0.189477
0.189392
0.189180
0.189055
0.188894
0.188763
0.188630
0.188509
0.188395
0.188290
0.188192
0.188103
0.188022
0.187948
0.187883
0.187825
0.187775
0.187732
0.187696
0.187669
0.187648
0.187635
0.187629
0.187630
0.187639
0.187654
0.187677
0.187708
0.187745
0.187790
0.187843
0.187903
0.187971
0.188046
0.188130
0.188222
0.188323
0.188432
0.188550
0.188676
0.188813
0.188958
0.189113
0.189278
0.189453
0.189638
0.189833
0.190038
0.190254
0.190479
0.190714
0.190960
0.191215
0.191480
0.191754
0.192037
0.192330
0.192631
0.192940
0.193258
0.193584
0.193917
0.194257
0.194605
0.194959
0.195320
0.195687
0.196061
0.196440
0.196824
0.197215
0.197610
0.198011
0.198418
0.198829
0.199245
0.199667
0.200094
0.200525
0.200962
0.201405
0.201852
0.202305
0.202763
0.203227
0.203697
0.204172
0.204652
0.205139
0.205631
0.206129
0.206633
0.207142
0.207657
0.208177
0.208702
0.209232
0.209767
0.210306
0.210848
0.211395
0.211944
0.212496
0.213051
0.213608
0.214166
0.214725
0.215285
0.215845
0.216405
0.216965
0.217523
0.218080
0.218635
0.219187
0.219737
0.220284
0.220826
0.221364
0.221897
0.222425
0.222947
0.223462
0.223970
0.224470
0.224961
0.225444
0.225917
0.226380
0.226833
0.227275
0.227705
0.228124
0.228531
0.228925
0.229307
0.229676
0.230033
0.230377
0.230709
0.231028
0.231334
0.231629
0.231912
0.232184
0.232444
0.232693
0.232933
0.233162
0.233382
0.233594
0.233797
0.233992
0.234181
0.234363
0.234541
0.234715
0.234887
0.235059
0.235232
0.235408
0.235589
0.235776
0.235966
0.236158
0.236347
0.236527
0.236693
0.236842
0.236971
0.237080
0.237169
0.237238
0.237285
0.237312
0.237319
0.237307
0.237277
0.237231
0.237171
0.237100
0.237020
0.236934
0.236844
0.236753
0.236661
0.236569
0.236479
0.236391
0.236306
0.236224
0.236144
0.236066
0.235992
0.235919
0.235848
0.235778
0.235709
0.235640
0.235569
0.235497
0.235423
0.235344
0.235260
0.235169
0.235069
0.234960
0.234838
0.234702
0.234551
0.234384
0.234200
0.234000
0.233787
0.233563
0.233332
0.233098
0.232865
0.232636
0.232413
0.232197
0.231988
0.231785
0.231586
0.231389
0.231190
0.230985
0.230771
0.230544
0.230299
0.230037
0.229756
0.229461
0.229157
0.228850
0.228547
0.228253
0.227971
0.227700
0.227438
0.227182
0.226929
0.226676
0.226422
0.226165
0.225904
0.225637
0.225365
0.225085
0.224798
0.224504
0.224202
0.223893
0.223577
0.223254
0.222925
0.222590
0.222250
0.221905
0.221555
0.221200
0.220842
0.220481
0.220116
0.219749
0.219380
0.219008
0.218634
0.218259
0.217883
0.217506
0.217127
0.216748
0.216369
0.215989
0.215609
0.215229
0.214848
0.214468
0.214089
0.213709
0.213331
0.212952
0.212575
0.212198
0.211822
0.211447
0.211073
0.210700
0.210329
0.209958
0.209590
0.209222
0.208857
0.208493
0.208131
0.207771
0.207413
0.207057
0.206703
0.206352
0.206004
0.205657
0.205314
0.204974
0.204636
0.204301
0.203970
0.203642
0.203318
0.202997
0.202680
0.202367
0.202059
0.201754
0.201455
0.201160
0.200870
0.200585
0.200307
0.200034
0.199768
0.199509
0.199257
0.199012
0.198775
0.198546
0.198325
0.198110
0.197902
0.197698
0.197498
0.197299
0.197101
0.196903
0.196702
0.196500
0.196295
0.196087
0.195876
0.195662
0.195662
0.195446
0.195232
0.194980
0.194969
0.192622
0.194765
0.194632
0.194117
0.193446
0.192833
0.192903
0.192353
0.191829
0.191439
0.191010
0.190569
0.190133
0.189703
0.189273
0.188841
0.188408
0.187978
0.187559
0.187156
0.186772
0.186407
0.186059
0.185725
0.185404
0.185091
0.184788
0.184492
0.184203
0.183921
0.183645
0.183376
0.183111
0.182850
0.182592
0.182338
0.182086
0.181837
0.181589
0.181342
0.181096
0.180851
0.180606
0.180361
0.180115
0.179868
0.179621
0.179373
0.179125
0.178875
0.178625
0.178374
0.178123
0.177872
0.177621
0.177369
0.177118
0.176868
0.176617
0.176367
0.176118
0.175868
0.175619
0.175369
0.175120
0.174870
0.174620
0.174369
0.174118
0.173866
0.173614
0.173360
0.173105
0.172849
0.172591
0.172333
0.172073
0.171811
0.171548
0.171283
0.171016
0.170748
0.170479
0.170207
0.169934
0.169659
0.169382
0.169104
0.168823
0.168541
0.168257
0.167971
0.167683
0.167394
0.167102
0.166808
0.166513
0.166215
0.165916
0.165614
0.165310
0.165005
0.164697
0.164386
0.164074
0.163759
0.163442
0.163123
0.162802
0.162478
0.162151
0.161822
0.161491
0.161157
0.160821
0.160482
0.160141
0.159797
0.159451
0.159102
0.158751
0.158397
0.158040
0.157681
0.157320
0.156956
0.156590
0.156221
0.155849
0.155476
0.155100
0.154721
0.154341
0.153958
0.153572
0.153185
0.152796
0.152404
0.152011
0.151615
0.151218
0.150818
0.150417
0.150014
0.149610
0.149203
0.148796
0.148386
0.147975
0.147563
0.147150
0.146735
0.146319
0.145902
0.145484
0.145065
0.144645
0.144224
0.143802
0.143380
0.142957
0.142533
0.142109
0.141684
0.141259
0.140834
0.140408
0.139983
0.139557
0.139131
0.138705
0.138280
0.137855
0.137430
0.137005
0.136581
0.136157
0.135734
0.135312
0.134890
0.134470
0.134050
0.133631
0.133214
0.132798
0.132383
0.131969
0.131557
0.131146
0.130737
0.130329
0.129923
0.129519
0.129117
0.128717
0.128319
0.127923
0.127530
0.127138
0.126749
0.126362
0.125978
0.125596
0.125217
0.124840
0.124466
0.124095
0.123726
0.123360
0.122997
0.122637
0.122280
0.121926
0.121574
0.121226
0.120880
0.120538
0.120199
0.119862
0.119529
0.119199
0.118872
0.118548
0.118227
0.117909
0.117594
0.117282
0.116973
0.116668
0.116365
0.116066
0.115769
0.115476
0.115185
0.114898
0.114613
0.114332
0.114053
0.113777
0.113504
0.113234
0.112967
0.112703
0.112441
0.112182
0.111926
0.111672
0.111421
0.111173
0.110928
0.110685
0.110444
0.110206
0.109971
0.109738
0.109507
0.109279
0.109053
0.108830
0.108608
0.108390
0.108173
0.107958
0.107746
0.107536
0.107328
0.107122
0.106918
0.106717
0.106517
0.106319
0.106123
0.105929
0.105738
0.105548
0.105359
0.105173
0.104989
0.104806
0.104625
0.104446
0.104268
0.104093
0.103919
0.103747
0.103576
0.103407
0.103240
0.103074
0.102910
0.102747
0.102586
0.102427
0.102269
0.102113
0.101958
0.101805
0.101653
0.101503
0.101354
0.101207
0.101062
0.100917
0.100775
0.100633
0.100494
0.100356
0.100219
0.100084
0.099950
0.099818
0.099687
0.099558
0.099430
0.099304
0.099180
0.099057
0.098935
0.098816
0.098697
0.098581
0.098466
0.098352
0.098241
0.098131
0.098022
0.097916
0.097811
0.097708
0.097607
0.097508
0.097410
0.097315
0.097221
0.097130
0.097040
0.096953
0.096868
0.096784
0.096703
0.096625
0.096548
0.096474
0.096402
0.096333
0.096266
0.096202
0.096141
0.096082
0.096026
0.095973
0.095922
0.095875
0.095831
0.095790
0.095752
0.095718
0.095686
0.095659
0.095635
0.095614
0.095598
0.095585
0.095576
0.095571
0.095570
0.095574
0.095582
0.095594
0.095611
0.095632
0.095658
0.095689
0.095725
0.095766
0.095811
0.095862
0.095918
0.095979
0.096046
0.096117
0.096194
0.096276
0.096363
0.096455
0.096553
0.096655
0.096762
0.096874
0.096990
0.097111
0.097236
0.097364
0.097496
0.097631
0.097768
0.097908
0.098049
0.098191
0.098334
0.098477
0.098618
0.098758
0.098897
0.099033
0.099168
0.099304
0.099445
0.099593
0.099755
0.099932
0.100122
0.100321
0.100523
0.100719
0.100906
0.101077
0.101229
0.101361
0.101472
0.101561
0.101630
0.101677
0.101705
0.101714
0.101704
0.101677
0.101632
0.101571
0.101493
0.101400
0.101290
0.101166
0.101027
0.100874
0.100706
0.100525
0.100331
0.100123
0.099903
0.099671
0.099427
0.099171
0.098904
0.098625
0.098337
0.098037
0.097728
0.097409
0.097080
0.096743
0.096396
0.096041
0.095678
0.095306
0.094927
0.094540
0.094146
0.093745
0.093338
0.092923
0.092502
0.092075
0.091642
0.091203
0.090759
0.090309
0.089854
0.089393
0.088928
0.088458
0.087983
0.087503
0.087019
0.086531
0.086038
0.085541
0.085040
0.084536
0.084027
0.083515
0.082999
0.082480
0.081957
0.081431
0.080902
0.080370
0.079834
0.079296
0.078755
0.078211
0.077664
0.077114
0.076562
0.076008
0.076008
0.075451
0.074892
0.074330
0.073767
0.073201
0.072633
0.072064
0.071493
0.070920
0.070345
0.069769
0.069191
0.068612
0.068031
0.067450
0.066867
0.066283
0.065699
0.065113
0.064527
0.063939
0.063352
0.062764
0.062175
0.061586
0.060997
0.060407
0.059818
0.059229
0.058639
0.058050
0.057461
0.056873
0.056285
0.055698
0.055111
0.054525
0.053940
0.053355
0.052772
0.052190
0.051609
0.051029
0.050450
0.049873
0.049297
0.048723
0.048151
0.047580
0.047011
0.046443
0.045878
0.045314
0.044753
0.044193
0.043636
0.043081
0.042528
0.041977
0.041429
0.040883
0.040339
0.039798
0.039259
0.038723
0.038189
0.037657
0.037128
0.036602
0.036078
0.035557
0.035038
0.034521
0.034007
0.033496
0.032987
0.032480
0.031976
0.031474
0.030975
0.030478
0.029983
0.029490
0.029000
0.028512
0.028025
0.027541
0.027059
0.026579
0.026101
0.025624
0.025149
0.024676
0.024205
0.023735
0.023267
0.022801
0.022335
0.021872
0.021409
0.020948
0.020488
0.020030
0.019572
0.019116
0.018660
0.018206
0.017752
0.017300
0.016848
0.016397
0.015947
0.015497
0.015048
0.014600
0.014152
0.013705
0.013257
0.012811
0.012364
0.011918
0.011471
0.011025
0.010578
0.010132
0.009685
0.009238
0.008791
0.008343
0.007895
0.007446
0.006996
0.006546
0.006095
0.005642
0.005189
0.004735
0.004280
0.003823
0.003365
0.002906
0.002445
0.001983
0.001519
0.001054
0.000587
0.000118
-0.000352
-0.000825
-0.001299
-0.001775
-0.002252
-0.002732
-0.003214
-0.003697
-0.004182
-0.004669
-0.005158
-0.005649
-0.006142
-0.006636
-0.007132
-0.007630
-0.008129
-0.008630
-0.009132
-0.009636
-0.010141
-0.010648
-0.011156
-0.011665
-0.012175
-0.012686
-0.013198
-0.013711
-0.014225
-0.014740
-0.015256
-0.015772
-0.016289
-0.016807
-0.017325
-0.017844
-0.018364
-0.018883
-0.019403
-0.019923
-0.020444
-0.020964
-0.021484
-0.022004
-0.022523
-0.023042
-0.023560
-0.024076
-0.024589
-0.025100
-0.025608
-0.026111
-0.026612
-0.027124
-0.027668
-0.028193
-0.028377
-0.028721
-0.029420
-0.030157
-0.030931
-0.031679
-0.032362
-0.033260
-0.033848
-0.034882
-0.035490
-0.036363
-0.037112
-0.037861
-0.038245
-0.038992
-0.039711
-0.040576
-0.041108
-0.041629
-0.042710
-0.042842
-0.043859
-0.044263
-0.044681
-0.046220
-0.046278
-0.046454
-0.048136
-0.048215
-0.048415
-0.049745
-0.049871
-0.050866
-0.051272
-0.051499
-0.052887
-0.052991
-0.053446
-0.054160
-0.054941
-0.055222
-0.055630
-0.056824
-0.056872
-0.058210
-0.058424
-0.058793
-0.059687
-0.060247
-0.061512
-0.061511
-0.061728
-0.062983
-0.063171
-0.064764
-0.064790
-0.065343
-0.066520
-0.067149
-0.067933
-0.068746
-0.069549
-0.070385
-0.071208
-0.072029
-0.072846
-0.073648
-0.074436
-0.075211
-0.075979
-0.076746
-0.077518
-0.078297
-0.079086
-0.079885
-0.080692
-0.081509
-0.082335
-0.083168
-0.084010
-0.084861
-0.085719
-0.086584
-0.087455
-0.088331
-0.089211
-0.090095
-0.090981
-0.091869
-0.092757
-0.093647
-0.094536
-0.095424
-0.096312
-0.097197
-0.098081
-0.098963
-0.099842
-0.100719
-0.101593
-0.102464
-0.103333
-0.104199
-0.105062
-0.105923
-0.106781
-0.107636
-0.108490
-0.109341
-0.110191
-0.111039
-0.111885
-0.112729
-0.113572
-0.114414
-0.115255
-0.116094
-0.116932
-0.117769
-0.118605
-0.119439
-0.120272
-0.121104
-0.121934
-0.122762
-0.123589
-0.124414
-0.125236
-0.126055
-0.126872
-0.127686
-0.128496
-0.129303
-0.130105
-0.130903
-0.131696
-0.132484
-0.133267
-0.134043
-0.134813
-0.135576
-0.136333
-0.137081
-0.137822
-0.138554
-0.139277
-0.139991
-0.140696
-0.141390
-0.142074
-0.142747
-0.143409
-0.144060
-0.144698
-0.145324
-0.145938
-0.146539
-0.147126
-0.147700
-0.148260
-0.148805
-0.149337
-0.149854
-0.150356
-0.150843
-0.151315
-0.151773
-0.152215
-0.152641
-0.153053
-0.153449
-0.153830
-0.154195
-0.154545
-0.154881
-0.155201
-0.155506
-0.155796
-0.156072
-0.156334
-0.156581
-0.156813
-0.157032
-0.157238
-0.157429
-0.157608
-0.157773
-0.157925
-0.158065
-0.158193
-0.158308
-0.158412
-0.158504
-0.158585
-0.158655
-0.158714
-0.158762
-0.158801
-0.158829
-0.158848
-0.158858
-0.158859
-0.158851
-0.158835
-0.158811
-0.158779
-0.158739
-0.158692
-0.158639
-0.158578
-0.158512
-0.158439
-0.158361
-0.158277
-0.158189
-0.158095
-0.157997
-0.157894
-0.157787
-0.157677
-0.157563
-0.157446
-0.157326
-0.157204
-0.157079
-0.156951
-0.156822
-0.156691
-0.156559
-0.156425
-0.156290
-0.156154
-0.156018
-0.155882
-0.155745
-0.155608
-0.155471
-0.155335
-0.155200
-0.155064
-0.154930
-0.154797
-0.154665
-0.154534
-0.154405
-0.154277
-0.154151
-0.154027
-0.153904
-0.153783
-0.153665
-0.153548
-0.153434
-0.153321
-0.153211
-0.153104
-0.152998
-0.152895
-0.152794
-0.152696
-0.152600
-0.152506
-0.152415
-0.152326
-0.152239
-0.152155
-0.152072
-0.151992
-0.151914
-0.151839
-0.151765
-0.151693
-0.151624
-0.151556
-0.151490
-0.151425
-0.151363
-0.151302
-0.151243
-0.151185
-0.151129
-0.151074
-0.151020
-0.150968
-0.150917
-0.150867
-0.150818
-0.150770
-0.150723
-0.150678
-0.150633
-0.150589
-0.150545
-0.150503
-0.150461
-0.150461
-0.150420
-0.150380
-0.150340
-0.150301
-0.150263
-0.150225
-0.150187
-0.150151
-0.150114
-0.150079
-0.150043
-0.150009
-0.149974
-0.149941
-0.149907
-0.149875
-0.149842
-0.149811
-0.149780
-0.149749
-0.149719
-0.149690
-0.149661
-0.149632
-0.149605
-0.149578
-0.149552
-0.149526
-0.149501
-0.149477
-0.149454
-0.149432
-0.149410
-0.149389
-0.149370
-0.149351
-0.149333
-0.149317
-0.149301
-0.149286
-0.149273
-0.149261
-0.149250
-0.149240
-0.149231
-0.149224
-0.149218
-0.149214
-0.149210
-0.149209
-0.149208
-0.149210
-0.149212
-0.149216
-0.149222
-0.149230
-0.149239
-0.149249
-0.149262
-0.149276
-0.149291
-0.149309
-0.149328
-0.149349
-0.149371
-0.149396
-0.149422
-0.149450
-0.149480
-0.149512
-0.149545
-0.149581
-0.149618
-0.149657
-0.149699
-0.149742
-0.149787
-0.149834
-0.149884
-0.149935
-0.149988
-0.150044
-0.150102
-0.150162
-0.150224
-0.150289
-0.150357
-0.150427
-0.150501
-0.150577
-0.150658
-0.150742
-0.150832
-0.150927
-0.151030
-0.151144
-0.151273
-0.151428
-0.151635
-0.151960
-0.152142
-0.151850
-0.152581
-0.152210
-0.152484
-0.151938
-0.152635
-0.152331
-0.152652
-0.152140
-0.152831
-0.152500
-0.152721
-0.152253
-0.152926
-0.152514
-0.152881
-0.152277
-0.152961
-0.152714
-0.152827
-0.152608
-0.153151
-0.152600
-0.153163
-0.152760
-0.153170
-0.152685
-0.153339
-0.153042
-0.153349
-0.152963
-0.153578
-0.153220
-0.153636
-0.153228
-0.153814
-0.153485
-0.153925
-0.153564
-0.154120
-0.153799
-0.154254
-0.153925
-0.154452
-0.154148
-0.154620
-0.154324
-0.154822
-0.154542
-0.155016
-0.154748
-0.155226
-0.154971
-0.155439
-0.155198
-0.155660
-0.155433
-0.155888
-0.155675
-0.156123
-0.155923
-0.156363
-0.156178
-0.156610
-0.156439
-0.156862
-0.156706
-0.157121
-0.156979
-0.157384
-0.157258
-0.157654
-0.157543
-0.157928
-0.157834
-0.158208
-0.158130
-0.158493
-0.158432
-0.158782
-0.158740
-0.159077
-0.159052
-0.159376
-0.159370
-0.159680
-0.159692
-0.159988
-0.160019
-0.160300
-0.160351
-0.160617
-0.160686
-0.160939
-0.161025
-0.161264
-0.161368
-0.161595
-0.161714
-0.161929
-0.162062
-0.162268
-0.162413
-0.162612
-0.162767
-0.162960
-0.163123
-0.163312
-0.163482
-0.163668
-0.163843
-0.164028
-0.164207
-0.164392
-0.164573
-0.164758
-0.164942
-0.165128
-0.165313
-0.165500
-0.165687
-0.165875
-0.166063
-0.166252
-0.166441
-0.166631
-0.166822
-0.167012
-0.167204
-0.167395
-0.167587
-0.167780
-0.167973
-0.168166
-0.168359
-0.168553
-0.168747
-0.168941
-0.169135
-0.169330
-0.169524
-0.169719
-0.169914
-0.170109
-0.170304
-0.170500
-0.170695
-0.170890
-0.171085
-0.171281
-0.171476
-0.171671
-0.171866
-0.172061
-0.172256
-0.172450
-0.172645
-0.172839
-0.173034
-0.173227
-0.173421
-0.173615
-0.173808
-0.174001
-0.174193
-0.174386
-0.174578
-0.174769
-0.174961
-0.175151
-0.175342
-0.175532
-0.175721
-0.175911
-0.176099
-0.176287
-0.176475
-0.176662
-0.176849
-0.177035
-0.177221
-0.177406
-0.177590
-0.177774
-0.177958
-0.178140
-0.178322
-0.178504
-0.178684
-0.178865
-0.179044
-0.179223
-0.179401
-0.179578
-0.179755
-0.179931
-0.180106
-0.180281
-0.180455
-0.180628
-0.180800
-0.180971
-0.181142
-0.181312
-0.181481
-0.181650
-0.181817
-0.181984
-0.182150
-0.182315
-0.182479
-0.182643
-0.182805
-0.182967
-0.183128
-0.183288
-0.183447
-0.183606
-0.183763
-0.183920
-0.184076
-0.184231
-0.184385
-0.184538
-0.184690
-0.184841
-0.184992
-0.185142
-0.185290
-0.185438
-0.185585
-0.185731
-0.185876
-0.186021
-0.186164
-0.186306
-0.186448
-0.186589
-0.186729
-0.186867
-0.187005
-0.187143
-0.187279
-0.187414
-0.187549
-0.187682
-0.187815
-0.187947
-0.188077
-0.188207
-0.188337
-0.188465
-0.188592
-0.188719
-0.188844
-0.188969
-0.189093
-0.189216
-0.189338
-0.189459
-0.189580
-0.189699
-0.189818
-0.189936
-0.190053
-0.190169
-0.190284
-0.190399
-0.190513
-0.190625
-0.190737
-0.190849
-0.190959
-0.191069
-0.191177
-0.191285
-0.191392
-0.191499
-0.191604
-0.191709
-0.191813
-0.191916
-0.192019
-0.192120
-0.192221
-0.192321
-0.192421
-0.192519
-0.192617
-0.192714
-0.192811
-0.192906
-0.193001
-0.193096
-0.193189
-0.193282
-0.193374
-0.193465
-0.193556
-0.193646
-0.193735
-0.193824
-0.193911
-0.193999
-0.194085
-0.194171
-0.194256
-0.194341
-0.194425
-0.194508
-0.194591
-0.194673
-0.194754
-0.194835
-0.194915
-0.194994
-0.195073
-0.195151
-0.195229
-0.195306
-0.195383
-0.195459
-0.195534
-0.195609
-0.195683
-0.195756
-0.195829
-0.195902
-0.195974
-0.196045
-0.196116
-0.196186
-0.196256
-0.196325
-0.196394
-0.196462
-0.196530
-0.196597
-0.196664
-0.196730
-0.196796
-0.196861
-0.196925
-0.196990
-0.197053
-0.197116
-0.197179
-0.197242
-0.197303
-0.197365
-0.197426
-0.197486
-0.197546
-0.197606
-0.197665
-0.197723
-0.197782
-0.197840
-0.197897
-0.197954
-0.198010
-0.198067
-0.198122
-0.198178
-0.198232
-0.198287
-0.198341
-0.198395
-0.198448
-0.198501
-0.198553
-0.198606
-0.198657
-0.198709
-0.198760
-0.198810
-0.198860
-0.198910
-0.198960
-0.199009
-0.199057
-0.199106
-0.199154
-0.199201
-0.199248
-0.199295
-0.199342
-0.199388
-0.199434
-0.199479
-0.199524
-0.199569
-0.199613
-0.199657
-0.199701
-0.199744
-0.199787
-0.199829
-0.199829
-0.199871
-0.199913
-0.199955
-0.199996
-0.200037
-0.200077
-0.200117
-0.200157
-0.200196
-0.200235
-0.200274
-0.200312
-0.200350
-0.200387
-0.200425
-0.200462
-0.200498
-0.200534
-0.200570
-0.200606
-0.200641
-0.200676
-0.200710
-0.200744
-0.200778
-0.200812
-0.200845
-0.200878
-0.200910
-0.200942
-0.200974
-0.201006
-0.201037
-0.201068
-0.201099
-0.201129
-0.201159
-0.201189
-0.201218
-0.201248
-0.201277
-0.201305
-0.201334
-0.201362
-0.201390
-0.201418
-0.201445
-0.201473
-0.201500
-0.201527
-0.201553
-0.201580
-0.201606
-0.201632
-0.201658
-0.201684
-0.201710
-0.201736
-0.201761
-0.201786
-0.201811
-0.201837
-0.201861
-0.201886
-0.201911
-0.201936
-0.201960
-0.201985
-0.202009
-0.202034
-0.202058
-0.202082
-0.202106
-0.202130
-0.202154
-0.202179
-0.202203
-0.202227
-0.202251
-0.202275
-0.202299
-0.202322
-0.202346
-0.202370
-0.202394
-0.202418
-0.202442
-0.202466
-0.202490
-0.202514
-0.202538
-0.202562
-0.202586
-0.202610
-0.202634
-0.202658
-0.202682
-0.202706
-0.202730
-0.202755
-0.202779
-0.202803
-0.202827
-0.202851
-0.202876
-0.202900
-0.202924
-0.202949
-0.202973
-0.202998
-0.203022
-0.203047
-0.203071
-0.203096
-0.203120
-0.203145
-0.203170
-0.203194
-0.203219
-0.203244
-0.203269
-0.203293
-0.203318
-0.203343
-0.203368
-0.203393
-0.203418
-0.203443
-0.203468
-0.203493
-0.203518
-0.203543
-0.203568
-0.203593
-0.203619
-0.203644
-0.203669
-0.203694
-0.203719
-0.203745
-0.203770
-0.203795
-0.203821
-0.203846
-0.203871
-0.203897
-0.203922
-0.203948
-0.203973
-0.203998
-0.204024
-0.204049
-0.204075
-0.204100
-0.204126
-0.204152
-0.204177
-0.204203
-0.204228
-0.204254
-0.204279
-0.204305
-0.204331
-0.204356
-0.204382
-0.204408
-0.204433
-0.204459
-0.204485
-0.204510
-0.204536
-0.204562
-0.204587
-0.204613
-0.204639
-0.204664
-0.204690
-0.204716
-0.204742
-0.204767
-0.204793
-0.204819
-0.204844
-0.204870
-0.204896
-0.204922
-0.204947
-0.204973
-0.204999
-0.205024
-0.205050
-0.205076
-0.205101
-0.205127
-0.205153
-0.205179
-0.205204
-0.205230
-0.205256
-0.205281
-0.205307
-0.205333
-0.205358
-0.205384
-0.205409
-0.205435
-0.205461
-0.205486
-0.205512
-0.205537
-0.205563
-0.205589
-0.205614
-0.205640
-0.205665
-0.205691
-0.205716
-0.205742
-0.205767
-0.205793
-0.205818
-0.205843
-0.205869
-0.205894
-0.205920
-0.205945
-0.205970
-0.205996
-0.206021
-0.206046
-0.206072
-0.206097
-0.206122
-0.206148
-0.206173
-0.206198
-0.206223
-0.206248
-0.206274
-0.206299
-0.206324
-0.206349
-0.206374
-0.206399
-0.206424
-0.206449
-0.206474
-0.206499
-0.206524
-0.206549
-0.206574
-0.206599
-0.206624
-0.206649
-0.206674
-0.206698
-0.206723
-0.206748
-0.206773
-0.206797
-0.206822
-0.206847
-0.206871
-0.206896
-0.206921
-0.206945
-0.206970
-0.206994
-0.207019
-0.207043
-0.207068
-0.207092
-0.207116
-0.207141
-0.207165
-0.207189
-0.207214
-0.207238
-0.207262
-0.207286
-0.207311
-0.207335
-0.207359
-0.207383
-0.207407
-0.207431
-0.207455
-0.207479
-0.207503
-0.207527
-0.207551
-0.207575
-0.207598
-0.207622
-0.207646
-0.207670
-0.207693
-0.207717
-0.207741
-0.207764
-0.207788
-0.207811
-0.207835
-0.207858
-0.207882
-0.207905
-0.207928
-0.207952
-0.207975
-0.207998
-0.208021
-0.208045
-0.208068
-0.208091
-0.208114
-0.208137
-0.208160
-0.208183
-0.208206
-0.208229
-0.208252
-0.208274
-0.208297
-0.208320
-0.208343
-0.208365
-0.208388
-0.208411
-0.208433
-0.208456
-0.208478
-0.208501
-0.208523
-0.208545
-0.208568
-0.208590
-0.208612
-0.208634
-0.208657
-0.208679
-0.208701
-0.208723
-0.208745
-0.208767
-0.208789
-0.208811
-0.208833
-0.208854
-0.208876
-0.208898
-0.208920
-0.208941
-0.208963
-0.208984
-0.209006
-0.209027
-0.209049
-0.209070
-0.209091
-0.209113
-0.209134
-0.209155
-0.209176
-0.209198
-0.209219
-0.209240
-0.209261
-0.209282
-0.209303
-0.209323
-0.209344
-0.209365
-0.209386
-0.209406
-0.209427
-0.209448
-0.209468
-0.209489
-0.209509
-0.209530
-0.209550
-0.209570
-0.209591
-0.209611
-0.209631
-0.209651
-0.209671
-0.209691
-0.209711
-0.209731
-0.209751
-0.209771
-0.209791
-0.209811
-0.209830
-0.209850
-0.209870
-0.209889
-0.209909
-0.209928
-0.209948
-0.209967
-0.209986
-0.210006
-0.210025
-0.210044
-0.210063
-0.210082
-0.210101
-0.210120
-0.210139
-0.210158
-0.210177
-0.210196
-0.210214
-0.210233
-0.210252
-0.210270
-0.210289
-0.210307
-0.210326
-0.210344
-0.210362
-0.210381
-0.210399
-0.210417
-0.210435
-0.210453
-0.210471
-0.210489
-0.210507
-0.210525
-0.210543
-0.210561
-0.210579
-0.210596
-0.210614
-0.210631
-0.210649
-0.210666
-0.210684
-0.210701
-0.210719
-0.210736
-0.210753
-0.210770
-0.210787
-0.210804
-0.210821
-0.210838
-0.210855
-0.210872
-0.210889
-0.210906
-0.210922
-0.210939
-0.210955
-0.210972
-0.210988
-0.211005
-0.211021
-0.211037
-0.211054
-0.211070
-0.211086
-0.211102
-0.211118
-0.211134
-0.211150
-0.211166
-0.211182
-0.211198
-0.211213
-0.211229
-0.211245
-0.211260
-0.211276
-0.211291
-0.211307
-0.211322
-0.211337
-0.211352
-0.211368
-0.211383
-0.211398
-0.211413
-0.211428
-0.211443
-0.211458
-0.211472
-0.211487
-0.211502
-0.211516
-0.211531
-0.211546
-0.211560
-0.211574
-0.211589
-0.211603
-0.211603
-0.211617
-0.211632
-0.211646
-0.211660
-0.211674
-0.211688
-0.211702
-0.211716
-0.211729
-0.211743
-0.211757
-0.211771
-0.211784
-0.211798
-0.211811
-0.211825
-0.211838
-0.211851
-0.211865
-0.211878
-0.211891
-0.211904
-0.211917
-0.211930
-0.211943
-0.211956
-0.211969
-0.211981
-0.211994
-0.212007
-0.212019
-0.212032
-0.212044
-0.212057
-0.212069
-0.212082
-0.212094
-0.212106
-0.212118
-0.212130
-0.212142
-0.212154
-0.212166
-0.212178
-0.212190
-0.212202
-0.212214
-0.212225
-0.212237
-0.212248
-0.212260
-0.212271
-0.212283
-0.212294
-0.212305
-0.212317
-0.212328
-0.212339
-0.212350
-0.212361
-0.212372
-0.212383
-0.212394
-0.212404
-0.212415
-0.212426
-0.212437
-0.212447
-0.212458
-0.212468
-0.212478
-0.212489
-0.212499
-0.212509
-0.212520
-0.212530
-0.212540
-0.212550
-0.212560
-0.212570
-0.212580
-0.212589
-0.212599
-0.212609
-0.212618
-0.212628
-0.212638
-0.212647
-0.212656
-0.212666
-0.212675
-0.212684
-0.212694
-0.212703
-0.212712
-0.212721
-0.212730
-0.212739
-0.212748
-0.212757
-0.212765
-0.212774
-0.212783
-0.212791
-0.212800
-0.212809
-0.212817
-0.212825
-0.212834
-0.212842
-0.212850
-0.212859
-0.212867
-0.212875
-0.212883
-0.212891
-0.212899
-0.212907
-0.212914
-0.212922
-0.212930
-0.212938
-0.212945
-0.212953
-0.212960
-0.212968
-0.212975
-0.212983
-0.212990
-0.212997
-0.213004
-0.213012
-0.213019
-0.213026
-0.213033
-0.213040
-0.213047
-0.213053
-0.213060
-0.213067
-0.213074
-0.213080
-0.213087
-0.213093
-0.213100
-0.213106
-0.213113
-0.213119
-0.213125
-0.213131
-0.213138
-0.213144
-0.213150
-0.213156
-0.213162
-0.213168
-0.213174
-0.213180
-0.213185
-0.213191
-0.213197
-0.213202
-0.213208
-0.213213
-0.213219
-0.213224
-0.213230
-0.213235
-0.213240
-0.213246
-0.213251
-0.213256
-0.213261
-0.213266
-0.213271
-0.213276
-0.213281
-0.213286
-0.213291
-0.213295
-0.213300
-0.213305
-0.213309
-0.213314
-0.213318
-0.213323
-0.213327
-0.213332
-0.213336
-0.213340
-0.213344
-0.213349
-0.213353
-0.213357
-0.213361
-0.213365
-0.213369
-0.213373
-0.213377
-0.213380
-0.213384
-0.213388
-0.213392
-0.213395
-0.213399
-0.213402
-0.213406
-0.213409
-0.213413
-0.213416
-0.213419
-0.213423
-0.213426
-0.213429
-0.213432
-0.213435
-0.213438
-0.213441
-0.213444
-0.213447
-0.213450
-0.213453
-0.213456
-0.213458
-0.213461
-0.213464
-0.213466
-0.213469
-0.213471
-0.213474
-0.213476
-0.213479
-0.213481
-0.213483
-0.213485
-0.213488
-0.213490
-0.213492
-0.213494
-0.213496
-0.213498
-0.213500
-0.213502
-0.213504
-0.213506
-0.213508
-0.213509
-0.213511
-0.213513
-0.213514
-0.213516
-0.213517
-0.213519
-0.213520
-0.213522
-0.213523
-0.213525
-0.213526
-0.213527
-0.213528
-0.213529
-0.213531
-0.213532
-0.213533
-0.213534
-0.213535
-0.213536
-0.213537
-0.213538
-0.213538
-0.213539
-0.213540
-0.213541
-0.213541
-0.213542
-0.213543
-0.213543
-0.213544
-0.213544
-0.213545
-0.213545
-0.213545
-0.213546
-0.213546
-0.213546
-0.213546
-0.213547
-0.213547
-0.213547
-0.213547
-0.213547
-0.213547
-0.213547
-0.213547
-0.213547
-0.213547
-0.213546
-0.213546
-0.213546
-0.213546
-0.213545
-0.213545
-0.213545
-0.213544
-0.213544
-0.213543
-0.213543
-0.213542
-0.213542
-0.213541
-0.213540
-0.213539
-0.213539
-0.213538
-0.213537
-0.213536
-0.213535
-0.213535
-0.213534
-0.213533
-0.213532
-0.213531
-0.213530
-0.213528
-0.213527
-0.213526
-0.213525
-0.213524
-0.213522
-0.213521
-0.213520
-0.213518
-0.213517
-0.213516
-0.213514
-0.213513
-0.213511
-0.213510
-0.213508
-0.213506
-0.213505
-0.213503
-0.213501
-0.213500
-0.213498
-0.213496
-0.213494
-0.213492
-0.213490
-0.213489
-0.213487
-0.213485
-0.213483
-0.213481
-0.213478
-0.213476
-0.213474
-0.213472
-0.213470
-0.213468
-0.213465
-0.213463
-0.213461
-0.213459
-0.213456
-0.213454
-0.213451
-0.213449
-0.213446
-0.213444
-0.213441
-0.213439
-0.213436
-0.213434
-0.213431
-0.213428
-0.213426
-0.213423
-0.213420
-0.213417
-0.213415
-0.213412
-0.213409
-0.213406
-0.213403
-0.213400
-0.213397
-0.213394
-0.213391
-0.213388
-0.213385
-0.213382
-0.213379
-0.213376
-0.213373
-0.213369
-0.213366
-0.213363
-0.213360
-0.213356
-0.213353
-0.213350
-0.213346
-0.213343
-0.213340
-0.213336
-0.213333
-0.213329
-0.213326
-0.213322
-0.213318
-0.213315
-0.213311
-0.213308
-0.213304
-0.213300
-0.213297
-0.213293
-0.213289
-0.213285
-0.213281
-0.213278
-0.213274
-0.213270
-0.213266
-0.213262
-0.213258
-0.213254
-0.213250
-0.213246
-0.213242
-0.213238
-0.213234
-0.213230
-0.213226
-0.213222
-0.213217
-0.213213
-0.213209
-0.213205
-0.213201
-0.213196
-0.213192
-0.213188
-0.213183
-0.213179
-0.213175
-0.213170
-0.213166
-0.213161
-0.213157
-0.213152
-0.213148
-0.213143
-0.213139
-0.213134
-0.213129
-0.213125
-0.213120
-0.213116
-0.213111
-0.213106
-0.213101
-0.213097
-0.213092
-0.213087
-0.213082
-0.213077
-0.213073
-0.213068
-0.213063
-0.213058
-0.213053
-0.213048
-0.213043
-0.213038
-0.213033
-0.213028
-0.213023
-0.213018
-0.213013
-0.213008
-0.213003
-0.212997
-0.212992
-0.212987
-0.212982
-0.212977
-0.212971
-0.212966
-0.212961
-0.212955
-0.212950
-0.212945
-0.212939
-0.212934
-0.212929
-0.212923
-0.212918
-0.212918
-0.212912
-0.212907
-0.212901
-0.212896
-0.212890
-0.212885
-0.212879
-0.212873
-0.212868
-0.212862
-0.212857
-0.212851
-0.212845
-0.212839
-0.212834
-0.212828
-0.212822
-0.212816
-0.212811
-0.212805
-0.212799
-0.212793
-0.212787
-0.212781
-0.212775
-0.212769
-0.212763
-0.212757
-0.212751
-0.212745
-0.212739
-0.212733
-0.212727
-0.212721
-0.212715
-0.212709
-0.212703
-0.212696
-0.212690
-0.212684
-0.212678
-0.212671
-0.212665
-0.212659
-0.212653
-0.212646
-0.212640
-0.212634
-0.212627
-0.212621
-0.212614
-0.212608
-0.212601
-0.212595
-0.212588
-0.212582
-0.212575
-0.212569
-0.212562
-0.212556
-0.212549
-0.212542
-0.212536
-0.212529
-0.212522
-0.212516
-0.212509
-0.212502
-0.212495
-0.212488
-0.212482
-0.212475
-0.212468
-0.212461
-0.212454
-0.212447
-0.212440
-0.212433
-0.212426
-0.212419
-0.212412
-0.212405
-0.212398
-0.212391
-0.212384
-0.212377
-0.212370
-0.212362
-0.212355
-0.212348
-0.212341
-0.212334
-0.212326
-0.212319
-0.212312
-0.212304
-0.212297
-0.212289
-0.212282
-0.212275
-0.212267
-0.212260
-0.212252
-0.212245
-0.212237
-0.212230
-0.212222
-0.212214
-0.212207
-0.212199
-0.212191
-0.212184
-0.212176
-0.212168
-0.212161
-0.212153
-0.212145
-0.212137
-0.212129
-0.212121
-0.212113
-0.212105
-0.212098
-0.212090
-0.212082
-0.212074
-0.212065
-0.212057
-0.212049
-0.212041
-0.212033
-0.212025
-0.212017
-0.212008
-0.212000
-0.211992
-0.211984
-0.211975
-0.211967
-0.211959
-0.211950
-0.211942
-0.211933
-0.211925
-0.211916
-0.211908
-0.211899
-0.211891
-0.211882
-0.211873
-0.211865
-0.211856
-0.211847
-0.211839
-0.211830
-0.211821
-0.211812
-0.211803
-0.211795
-0.211786
-0.211777
-0.211768
-0.211759
-0.211750
-0.211741
-0.211732
-0.211723
-0.211714
-0.211704
-0.211695
-0.211686
-0.211677
-0.211668
-0.211658
-0.211649
-0.211640
-0.211630
-0.211621
-0.211611
-0.211602
-0.211592
-0.211583
-0.211573
-0.211564
-0.211554
-0.211544
-0.211535
-0.211525
-0.211515
-0.211506
-0.211496
-0.211486
-0.211476
-0.211466
-0.211456
-0.211446
-0.211436
-0.211426
-0.211416
-0.211406
-0.211396
-0.211386
-0.211376
-0.211366
-0.211356
-0.211345
-0.211335
-0.211325
-0.211314
-0.211304
-0.211294
-0.211283
-0.211273
-0.211262
-0.211252
-0.211241
-0.211231
-0.211220
-0.211209
-0.211199
-0.211188
-0.211177
-0.211166
-0.211156
-0.211145
-0.211134
-0.211123
-0.211112
-0.211101
-0.211090
-0.211079
-0.211068
-0.211057
-0.211046
-0.211035
-0.211024
-0.211012
-0.211001
-0.210990
-0.210979
-0.210968
-0.210956
-0.210945
-0.210933
-0.210922
-0.210911
-0.210899
-0.210888
-0.210876
-0.210865
-0.210853
-0.210842
-0.210830
-0.210818
-0.210807
-0.210795
-0.210783
-0.210772
-0.210760
-0.210748
-0.210736
-0.210725
-0.210713
-0.210701
-0.210689
-0.210677
-0.210665
-0.210653
-0.210641
-0.210629
-0.210617
-0.210605
-0.210594
-0.210582
-0.210569
-0.210557
-0.210545
-0.210533
-0.210521
-0.210509
-0.210497
-0.210485
-0.210473
-0.210461
-0.210449
-0.210437
-0.210425
-0.210412
-0.210400
-0.210388
-0.210376
-0.210364
-0.210352
-0.210340
-0.210328
-0.210315
-0.210303
-0.210291
-0.210279
-0.210267
-0.210255
-0.210243
-0.210231
-0.210219
-0.210207
-0.210195
-0.210183
-0.210171
-0.210159
-0.210147
-0.210135
-0.210123
-0.210111
-0.210099
-0.210087
-0.210075
-0.210064
-0.210052
-0.210040
-0.210028
-0.210017
-0.210005
-0.209994
-0.209982
-0.209970
-0.209959
-0.209947
-0.209936
-0.209925
-0.209913
-0.209902
-0.209891
-0.209880
-0.209868
-0.209857
-0.209846
-0.209835
-0.209824
-0.209813
-0.209802
-0.209792
-0.209781
-0.209770
-0.209759
-0.209749
-0.209738
-0.209728
-0.209717
-0.209707
-0.209697
-0.209686
-0.209676
-0.209666
-0.209656
-0.209646
-0.209636
-0.209626
-0.209617
-0.209607
-0.209597
-0.209588
-0.209578
-0.209569
-0.209560
-0.209550
-0.209541
-0.209532
-0.209523
-0.209514
-0.209505
-0.209496
-0.209488
-0.209479
-0.209470
-0.209462
-0.209453
-0.209445
-0.209437
-0.209429
-0.209421
-0.209413
-0.209405
-0.209397
-0.209389
-0.209381
-0.209374
-0.209366
-0.209359
-0.209351
-0.209344
-0.209337
-0.209330
-0.209323
-0.209316
-0.209309
-0.209302
-0.209296
-0.209289
-0.209282
-0.209276
-0.209270
-0.209263
-0.209257
-0.209251
-0.209245
-0.209239
-0.209233
-0.209227
-0.209222
-0.209216
-0.209211
-0.209205
-0.209200
-0.209195
-0.209189
-0.209184
-0.209179
-0.209174
-0.209169
-0.209165
-0.209160
-0.209155
-0.209151
-0.209146
-0.209142
-0.209137
-0.209133
-0.209129
-0.209125
-0.209121
-0.209117
-0.209113
-0.209109
-0.209106
-0.209102
-0.209098
-0.209095
-0.209091
-0.209088
-0.209085
-0.209082
-0.209078
-0.209075
-0.209072
-0.209069
-0.209067
-0.209064
-0.209061
-0.209058
-0.209056
-0.209053
-0.209051
-0.209048
-0.209046
-0.209044
-0.209042
-0.209040
-0.209037
-0.209035
-0.209033
-0.209032
-0.209030
-0.209028
-0.209026
-0.209025
-0.209023
-0.209021
-0.209020
-0.209018
-0.209017
-0.209016
-0.209014
-0.209013
-0.209012
-0.209011
-0.209010
-0.209008
-0.209007
-0.209006
-0.209005
-0.209005
-0.209004
-0.209003
-0.209002
-0.209001
-0.209001
-0.209000
-0.208999
-0.208999
-0.208998
-0.208997
-0.208997
-0.208996
-0.208996
-0.208995
-0.208995
-0.208994
-0.208994
-0.208993
-0.208993
-0.208993
-0.208992
-0.208992
-0.208992
-0.208991
-0.208991
-0.208990
-0.208990
-0.208989
-0.208989
-0.208988
-0.208988
-0.208987
-0.208987
-0.208986
-0.208986
-0.208985
-0.208984
-0.208984
-0.208983
-0.208982
-0.208981
-0.208980
-0.208979
-0.208978
-0.208977
-0.208976
-0.208975
-0.208974
-0.208972
-0.208971
-0.208969
-0.208967
-0.208966
-0.208964
-0.208962
-0.208960
-0.208957
-0.208955
-0.208952
-0.208950
-0.208947
-0.208944
-0.208940
-0.208937
-0.208933
-0.208929
-0.208925
-0.208921
-0.208917
-0.208912
-0.208907
-0.208901
-0.208896
-0.208890
-0.208883
-0.208876
-0.208869
-0.208862
-0.208854
-0.208845
-0.208836
-0.208826
-0.208816
-0.208805
-0.208793
-0.208781
-0.208767
-0.208753
-0.208738
-0.208721
-0.208703
-0.208684
-0.208663
-0.208640
-0.208615
-0.208588
-0.208558
-0.208525
-0.208489
-0.208448
-0.208403
-0.208352
-0.208294
-0.208229
-0.208156
-0.208072
-0.207979
-0.207874
-0.207761
-0.207639
-0.207514
-0.207389
-0.207267
-0.207152
-0.207045
-0.206947
-0.206857
-0.206775
-0.206701
-0.206634
-0.206573
-0.206519
-0.206471
-0.206428
-0.206390
-0.206357
-0.206329
-0.206306
-0.206287
-0.206273
-0.206263
-0.206258
-0.206256
-0.206259
-0.206265
-0.206275
-0.206288
-0.206305
-0.206324
-0.206345
-0.206368
-0.206392
-0.206417
-0.206443
-0.206468
-0.206494
-0.206518
-0.206542
-0.206564
-0.206586
-0.206606
-0.206625
-0.206643
-0.206660
-0.206676
-0.206691
-0.206705
-0.206718
-0.206731
-0.206743
-0.206755
-0.206766
-0.206777
-0.206788
-0.206798
-0.206808
-0.206817
-0.206827
-0.206837
-0.206846
-0.206855
-0.206864
-0.206874
-0.206883
-0.206892
-0.206902
-0.206911
-0.206921
-0.206930
-0.206940
-0.206950
-0.206960
-0.206970
-0.206980
-0.206991
-0.207001
-0.207012
-0.207023
-0.207034
-0.207045
-0.207056
-0.207068
-0.207079
-0.207091
-0.207102
-0.207114
-0.207126
-0.207138
-0.207151
-0.207163
-0.207175
-0.207188
-0.207200
-0.207213
-0.207225
-0.207238
-0.207251
-0.207264
-0.207277
-0.207290
-0.207303
-0.207316
-0.207329
-0.207342
-0.207355
-0.207369
-0.207382
-0.207395
-0.207408
-0.207422
-0.207435
-0.207448
-0.207462
-0.207475
-0.207489
-0.207502
-0.207515
-0.207529
-0.207542
-0.207556
-0.207569
-0.207583
-0.207596
-0.207610
-0.207623
-0.207637
-0.207650
-0.207664
-0.207677
-0.207691
-0.207704
-0.207718
-0.207731
-0.207745
-0.207758
-0.207772
-0.207785
-0.207799
-0.207812
-0.207826
-0.207839
-0.207853
-0.207866
-0.207880
-0.207893
-0.207907
-0.207920
-0.207934
-0.207947
-0.207961
-0.207974
-0.207988
-0.208001
-0.208015
-0.208028
-0.208042
-0.208055
-0.208069
-0.208082
-0.208096
-0.208110
-0.208123
-0.208137
-0.208150
-0.208164
-0.208177
-0.208191
-0.208204
-0.208218
-0.208231
-0.208245
-0.208258
-0.208272
-0.208285
-0.208299
-0.208312
-0.208326
-0.208340
-0.208353
-0.208367
-0.208380
-0.208394
-0.208407
-0.208421
-0.208434
-0.208448
-0.208461
-0.208475
-0.208488
-0.208502
-0.208515
-0.208528
-0.208542
-0.208555
-0.208569
-0.208582
-0.208596
-0.208609
-0.208622
-0.208636
-0.208649
-0.208663
-0.208676
-0.208689
-0.208703
-0.208716
-0.208729
-0.208743
-0.208756
-0.208769
-0.208782
-0.208796
-0.208809
-0.208822
-0.208835
-0.208849
-0.208862
-0.208875
-0.208888
-0.208901
-0.208914
-0.208927
-0.208940
-0.208954
-0.208967
-0.208980
-0.208993
-0.209006
-0.209019
-0.209032
-0.209044
-0.209057
-0.209070
-0.209083
-0.209096
-0.209109
-0.209122
-0.209134
-0.209147
-0.209160
-0.209173
-0.209185
-0.209198
-0.209211
-0.209223
-0.209236
-0.209249
-0.209261
-0.209274
-0.209286
-0.209299
-0.209311
-0.209324
-0.209336
-0.209348
-0.209361
-0.209373
-0.209386
-0.209398
-0.209410
-0.209422
-0.209434
-0.209447
-0.209459
-0.209471
-0.209483
-0.209495
-0.209507
-0.209519
-0.209531
-0.209543
-0.209555
-0.209567
-0.209579
-0.209591
-0.209602
-0.209614
-0.209626
-0.209638
-0.209649
-0.209661
-0.209672
-0.209684
-0.209696
-0.209707
-0.209719
-0.209730
-0.209741
-0.209753
-0.209764
-0.209775
-0.209787
-0.209798
-0.209809
-0.209820
-0.209831
-0.209842
-0.209853
-0.209864
-0.209875
-0.209886
-0.209897
-0.209908
-0.209919
-0.209929
-0.209940
-0.209951
-0.209961
-0.209972
-0.209983
-0.209993
-0.210004
-0.210014
-0.210024
-0.210035
-0.210045
-0.210055
-0.210066
-0.210076
-0.210086
-0.210096
-0.210106
-0.210116
-0.210126
-0.210136
-0.210146
-0.210155
-0.210165
-0.210175
-0.210185
-0.210194
-0.210204
-0.210213
-0.210223
-0.210232
-0.210241
-0.210251
-0.210260
-0.210269
-0.210279
-0.210288
-0.210297
-0.210306
-0.210315
-0.210324
-0.210333
-0.210341
-0.210350
-0.210359
-0.210367
-0.210376
-0.210385
-0.210393
-0.210402
-0.210410
-0.210418
-0.210427
-0.210435
-0.210443
-0.210451
-0.210459
-0.210467
-0.210475
-0.210483
-0.210491
-0.210499
-0.210507
-0.210514
-0.210522
-0.210529
-0.210537
-0.210544
-0.210552
-0.210559
-0.210567
-0.210574
-0.210581
-0.210588
-0.210595
-0.210602
-0.210609
-0.210616
-0.210623
-0.210629
-0.210636
-0.210643
-0.210649
-0.210656
-0.210662
-0.210669
-0.210675
-0.210681
-0.210688
-0.210694
-0.210700
-0.210706
-0.210712
-0.210718
-0.210724
-0.210730
-0.210735
-0.210741
-0.210747
-0.210752
-0.210758
-0.210763
-0.210769
-0.210774
-0.210774
-0.210779
-0.210784
-0.210789
-0.210795
-0.210800
-0.210804
-0.210809
-0.210814
-0.210819
-0.210824
-0.210828
-0.210833
-0.210837
-0.210842
-0.210846
-0.210850
-0.210855
-0.210859
-0.210863
-0.210867
-0.210871
-0.210875
-0.210879
-0.210883
-0.210886
-0.210890
-0.210894
-0.210897
-0.210901
-0.210904
-0.210908
-0.210911
-0.210914
-0.210917
-0.210921
-0.210924
-0.210927
-0.210930
-0.210932
-0.210935
-0.210938
-0.210941
-0.210943
-0.210946
-0.210948
-0.210951
-0.210953
-0.210955
-0.210958
-0.210960
-0.210962
-0.210964
-0.210966
-0.210968
-0.210970
-0.210972
-0.210973
-0.210975
-0.210977
-0.210978
-0.210980
-0.210981
-0.210982
-0.210984
-0.210985
-0.210986
-0.210987
-0.210988
-0.210989
-0.210990
-0.210991
-0.210992
-0.210993
-0.210993
-0.210994
-0.210995
-0.210995
-0.210995
-0.210996
-0.210996
-0.210996
-0.210997
-0.210997
-0.210997
-0.210997
-0.210997
-0.210997
-0.210997
-0.210996
-0.210996
-0.210996
-0.210995
-0.210995
-0.210994
-0.210994
-0.210993
-0.210992
-0.210992
-0.210991
-0.210990
-0.210989
-0.210988
-0.210987
-0.210986
-0.210984
-0.210983
-0.210982
-0.210981
-0.210979
-0.210978
-0.210976
-0.210975
-0.210973
-0.210971
-0.210969
-0.210968
-0.210966
-0.210964
-0.210962
-0.210960
-0.210958
-0.210956
-0.210953
-0.210951
-0.210949
-0.210946
-0.210944
-0.210941
-0.210939
-0.210936
-0.210934
-0.210931
-0.210928
-0.210925
-0.210922
-0.210919
-0.210916
-0.210913
-0.210910
-0.210907
-0.210904
-0.210901
-0.210897
-0.210894
-0.210890
-0.210887
-0.210883
-0.210880
-0.210876
-0.210872
-0.210869
-0.210865
-0.210861
-0.210857
-0.210853
-0.210849
-0.210845
-0.210841
-0.210837
-0.210832
-0.210828
-0.210824
-0.210819
-0.210815
-0.210810
-0.210806
-0.210801
-0.210797
-0.210792
-0.210787
-0.210782
-0.210778
-0.210773
-0.210768
-0.210763
-0.210758
-0.210753
-0.210747
-0.210742
-0.210737
-0.210732
-0.210726
-0.210721
-0.210715
-0.210710
-0.210704
-0.210699
-0.210693
-0.210688
-0.210682
-0.210676
-0.210670
-0.210664
-0.210658
-0.210652
-0.210646
-0.210640
-0.210634
-0.210628
-0.210622
-0.210615
-0.210609
-0.210603
-0.210596
-0.210590
-0.210583
-0.210577
-0.210570
-0.210564
-0.210557
-0.210550
-0.210543
-0.210537
-0.210530
-0.210523
-0.210516
-0.210509
-0.210502
-0.210495
-0.210488
-0.210480
-0.210473
-0.210466
-0.210459
-0.210451
-0.210444
-0.210436
-0.210429
-0.210421
-0.210414
-0.210406
-0.210398
-0.210391
-0.210383
-0.210375
-0.210367
-0.210359
-0.210352
-0.210344
-0.210336
-0.210327
-0.210319
-0.210311
-0.210303
-0.210295
-0.210287
-0.210278
-0.210270
-0.210261
-0.210253
-0.210245
-0.210236
-0.210227
-0.210219
-0.210210
-0.210201
-0.210193
-0.210184
-0.210175
-0.210166
-0.210157
-0.210148
-0.210139
-0.210130
-0.210121
-0.210112
-0.210103
-0.210094
-0.210085
-0.210076
-0.210066
-0.210057
-0.210048
-0.210038
-0.210029
-0.210019
-0.210010
-0.210000
-0.209990
-0.209981
-0.209971
-0.209961
-0.209952
-0.209942
-0.209932
-0.209922
-0.209912
-0.209902
-0.209892
-0.209882
-0.209872
-0.209862
-0.209852
-0.209842
-0.209831
-0.209821
-0.209811
-0.209800
-0.209790
-0.209780
-0.209769
-0.209759
-0.209748
-0.209738
-0.209727
-0.209716
-0.209706
-0.209695
-0.209684
-0.209673
-0.209663
-0.209652
-0.209641
-0.209630
-0.209619
-0.209608
-0.209597
-0.209586
-0.209575
-0.209564
-0.209552
-0.209541
-0.209530
-0.209519
-0.209507
-0.209496
-0.209484
-0.209473
-0.209462
-0.209450
-0.209439
-0.209427
-0.209415
-0.209404
-0.209392
-0.209380
-0.209369
-0.209357
-0.209345
-0.209333
-0.209321
-0.209309
-0.209297
-0.209285
-0.209273
-0.209261
-0.209249
-0.209237
-0.209225
-0.209213
-0.209201
-0.209188
-0.209176
-0.209164
-0.209151
-0.209139
-0.209127
-0.209114
-0.209102
-0.209089
-0.209077
-0.209064
-0.209051
-0.209039
-0.209026
-0.209013
-0.209001
-0.208988
-0.208975
-0.208962
-0.208949
-0.208937
-0.208924
-0.208911
-0.208898
-0.208885
-0.208872
-0.208859
-0.208845
-0.208832
-0.208819
-0.208806
-0.208793
-0.208779
-0.208766
-0.208753
-0.208739
-0.208726
-0.208713
-0.208699
-0.208686
-0.208672
-0.208659
-0.208645
-0.208632
-0.208618
-0.208604
-0.208591
-0.208577
-0.208563
-0.208549
-0.208536
-0.208522
-0.208508
-0.208494
-0.208480
-0.208466
-0.208452
-0.208438
-0.208424
-0.208410
-0.208396
-0.208382
-0.208368
-0.208354
-0.208339
-0.208325
-0.208311
-0.208297
-0.208282
-0.208268
-0.208254
-0.208239
-0.208225
-0.208211
-0.208196
-0.208182
-0.208167
-0.208153
-0.208138
-0.208124
-0.208109
-0.208094
-0.208080
-0.208065
-0.208050
-0.208036
-0.208021
-0.208006
-0.207991
-0.207976
-0.207962
-0.207947
-0.207932
-0.207917
-0.207902
-0.207887
-0.207872
-0.207857
-0.207842
-0.207827
-0.207812
-0.207797
-0.207782
-0.207766
-0.207751
-0.207736
-0.207721
-0.207706
-0.207690
-0.207675
-0.207660
-0.207644
-0.207629
-0.207614
-0.207598
-0.207583
-0.207567
-0.207552
-0.207537
-0.207521
-0.207506
-0.207490
-0.207475
-0.207459
-0.207443
-0.207428
-0.207412
-0.207397
-0.207381
-0.207365
-0.207349
-0.207334
-0.207318
-0.207302
-0.207287
-0.207271
-0.207255
-0.207239
-0.207223
-0.207207
-0.207192
-0.207176
-0.207160
-0.207144
-0.207128
-0.207112
-0.207096
-0.207080
-0.207080
-0.207064
-0.207048
-0.207032
-0.207016
-0.207000
-0.206984
-0.206968
-0.206952
-0.206936
-0.206919
-0.206903
-0.206887
-0.206871
-0.206855
-0.206839
-0.206822
-0.206806
-0.206790
-0.206774
-0.206758
-0.206741
-0.206725
-0.206709
-0.206692
-0.206676
-0.206660
-0.206643
-0.206627
-0.206611
-0.206594
-0.206578
-0.206562
-0.206545
-0.206529
-0.206512
-0.206496
-0.206480
-0.206463
-0.206447
-0.206430
-0.206414
-0.206397
-0.206381
-0.206365
-0.206348
-0.206332
-0.206315
-0.206299
-0.206282
-0.206266
-0.206249
-0.206233
-0.206216
-0.206199
-0.206183
-0.206166
-0.206150
-0.206133
-0.206117
-0.206100
-0.206084
-0.206067
-0.206051
-0.206034
-0.206017
-0.206001
-0.205984
-0.205968
-0.205951
-0.205935
-0.205918
-0.205901
-0.205885
-0.205868
-0.205852
-0.205835
-0.205819
-0.205802
-0.205785
-0.205769
-0.205752
-0.205736
-0.205719
-0.205703
-0.205686
-0.205669
-0.205653
-0.205636
-0.205620
-0.205603
-0.205587
-0.205570
-0.205554
-0.205537
-0.205520
-0.205504
-0.205487
-0.205471
-0.205454
-0.205438
-0.205421
-0.205405
-0.205388
-0.205372
-0.205355
-0.205339
-0.205323
-0.205306
-0.205290
-0.205273
-0.205257
-0.205240
-0.205224
-0.205208
-0.205191
-0.205175
-0.205158
-0.205142
-0.205126
-0.205109
-0.205093
-0.205077
-0.205060
-0.205044
-0.205028
-0.205011
-0.204995
-0.204979
-0.204963
-0.204946
-0.204930
-0.204914
-0.204898
-0.204881
-0.204865
-0.204849
-0.204833
-0.204817
-0.204801
-0.204785
-0.204768
-0.204752
-0.204736
-0.204720
-0.204704
-0.204688
-0.204672
-0.204656
-0.204640
-0.204624
-0.204608
-0.204592
-0.204576
-0.204560
-0.204544
-0.204529
-0.204513
-0.204497
-0.204481
-0.204465
-0.204449
-0.204434
-0.204418
-0.204402
-0.204386
-0.204371
-0.204355
-0.204339
-0.204323
-0.204308
-0.204292
-0.204276
-0.204261
-0.204245
-0.204230
-0.204214
-0.204198
-0.204183
-0.204167
-0.204152
-0.204136
-0.204121
-0.204105
-0.204090
-0.204074
-0.204059
-0.204044
-0.204028
-0.204013
-0.203997
-0.203982
-0.203967
-0.203951
-0.203936
-0.203921
-0.203905
-0.203890
-0.203875
-0.203859
-0.203844
-0.203829
-0.203814
-0.203798
-0.203783
-0.203768
-0.203753
-0.203737
-0.203722
-0.203707
-0.203692
-0.203676
-0.203661
-0.203646
-0.203631
-0.203616
-0.203600
-0.203585
-0.203570
-0.203555
-0.203539
-0.203524
-0.203509
-0.203494
-0.203478
-0.203463
-0.203448
-0.203433
-0.203417
-0.203402
-0.203387
-0.203371
-0.203356
-0.203341
-0.203325
-0.203310
-0.203295
-0.203279
-0.203264
-0.203248
-0.203233
-0.203217
-0.203202
-0.203186
-0.203171
-0.203155
-0.203139
-0.203124
-0.203108
-0.203092
-0.203076
-0.203061
-0.203045
-0.203029
-0.203013
-0.202997
-0.202981
-0.202965
-0.202949
-0.202933
-0.202916
-0.202900
-0.202884
-0.202867
-0.202851
-0.202835
-0.202818
-0.202802
-0.202785
-0.202768
-0.202752
-0.202735
-0.202718
-0.202701
-0.202684
-0.202667
-0.202650
-0.202633
-0.202615
-0.202598
-0.202581
-0.202563
-0.202546
-0.202528
-0.202510
-0.202493
-0.202475
-0.202457
-0.202439
-0.202421
-0.202403
-0.202385
-0.202366
-0.202348
-0.202329
-0.202311
-0.202292
-0.202274
-0.202255
-0.202236
-0.202217
-0.202198
-0.202179
-0.202160
-0.202140
-0.202121
-0.202101
-0.202082
-0.202062
-0.202042
-0.202023
-0.202003
-0.201983
-0.201962
-0.201942
-0.201922
-0.201902
-0.201881
-0.201861
-0.201840
-0.201819
-0.201798
-0.201778
-0.201757
-0.201736
-0.201714
-0.201693
-0.201672
-0.201650
-0.201629
-0.201607
-0.201586
-0.201564
-0.201542
-0.201520
-0.201498
-0.201476
-0.201454
-0.201432
-0.201410
-0.201387
-0.201365
-0.201342
-0.201320
-0.201297
-0.201274
-0.201251
-0.201228
-0.201206
-0.201183
-0.201159
-0.201136
-0.201113
-0.201090
-0.201066
-0.201043
-0.201020
-0.200996
-0.200972
-0.200949
-0.200925
-0.200901
-0.200878
-0.200854
-0.200830
-0.200806
-0.200782
-0.200758
-0.200734
-0.200710
-0.200685
-0.200661
-0.200637
-0.200613
-0.200588
-0.200564
-0.200540
-0.200515
-0.200491
-0.200466
-0.200442
-0.200417
-0.200392
-0.200368
-0.200343
-0.200318
-0.200294
-0.200269
-0.200244
-0.200219
-0.200195
-0.200170
-0.200145
-0.200120
-0.200095
-0.200071
-0.200046
-0.200021
-0.199996
-0.199971
-0.199946
-0.199921
-0.199896
-0.199871
-0.199846
-0.199821
-0.199797
-0.199772
-0.199747
-0.199722
-0.199697
-0.199672
-0.199647
-0.199622
-0.199597
-0.199572
-0.199548
-0.199523
-0.199498
-0.199473
-0.199448
-0.199423
-0.199399
-0.199374
-0.199349
-0.199324
-0.199300
-0.199275
-0.199250
-0.199225
-0.199201
-0.199176
-0.199152
-0.199127
-0.199102
-0.199078
-0.199053
-0.199029
-0.199005
-0.198980
-0.198956
-0.198931
-0.198907
-0.198883
-0.198859
-0.198834
-0.198810
-0.198786
-0.198762
-0.198738
-0.198714
-0.198690
-0.198666
-0.198642
-0.198618
-0.198594
-0.198571
-0.198547
-0.198523
-0.198500
-0.198476
-0.198452
-0.198429
-0.198405
-0.198382
-0.198359
-0.198335
-0.198312
-0.198289
-0.198266
-0.198242
-0.198219
-0.198196
-0.198173
-0.198150
-0.198128
-0.198105
-0.198082
-0.198059
-0.198037
-0.198014
-0.197992
-0.197969
-0.197947
-0.197924
-0.197902
-0.197880
-0.197858
-0.197836
-0.197814
-0.197792
-0.197770
-0.197748
-0.197726
-0.197704
-0.197683
-0.197661
-0.197639
-0.197618
-0.197596
-0.197596
-0.197575
-0.197554
-0.197533
-0.197512
-0.197490
-0.197469
-0.197448
-0.197428
-0.197407
-0.197386
-0.197365
-0.197345
-0.197324
-0.197304
-0.197283
-0.197263
-0.197243
-0.197223
-0.197203
-0.197183
-0.197163
-0.197143
-0.197123
-0.197103
-0.197084
-0.197064
-0.197045
-0.197025
-0.197006
-0.196987
-0.196967
-0.196948
-0.196929
-0.196910
-0.196891
-0.196873
-0.196854
-0.196835
-0.196817
-0.196798
-0.196780
-0.196761
-0.196743
-0.196725
-0.196707
-0.196689
-0.196671
-0.196653
-0.196635
-0.196617
-0.196600
-0.196582
-0.196565
-0.196547
-0.196530
-0.196513
-0.196496
-0.196478
-0.196461
-0.196444
-0.196428
-0.196411
-0.196394
-0.196377
-0.196361
-0.196344
-0.196329
-0.196310
-0.196298
-0.196275
-0.196270
-0.196236
-0.196252
-0.196180
-0.196260
-0.196075
-0.196342
-0.195813
-0.196570
-0.195215
-0.196906
-0.194748
-0.196463
-0.194598
-0.196361
-0.194355
-0.195738
-0.194146
-0.195769
-0.193872
-0.195344
-0.193736
-0.195298
-0.193502
-0.194963
-0.193317
-0.194843
-0.193100
-0.194568
-0.192902
-0.194387
-0.192683
-0.194144
-0.192479
-0.193952
-0.192275
-0.193736
-0.192085
-0.193549
-0.191902
-0.193359
-0.191726
-0.193182
-0.191556
-0.193008
-0.191391
-0.192841
-0.191231
-0.192679
-0.191076
-0.192521
-0.190923
-0.192366
-0.190771
-0.192212
-0.190619
-0.192059
-0.190466
-0.191905
-0.190312
-0.191750
-0.190156
-0.191595
-0.189998
-0.191437
-0.189838
-0.191279
-0.189676
-0.191119
-0.189512
-0.190958
-0.189347
-0.190796
-0.189180
-0.190632
-0.189011
-0.190468
-0.188841
-0.190303
-0.188670
-0.190137
-0.188498
-0.189970
-0.188325
-0.189803
-0.188150
-0.189634
-0.187976
-0.189465
-0.187800
-0.189296
-0.187623
-0.189125
-0.187446
-0.188954
-0.187268
-0.188782
-0.187089
-0.188609
-0.186909
-0.188435
-0.186729
-0.188261
-0.186547
-0.188085
-0.186365
-0.187909
-0.186182
-0.187732
-0.185998
-0.187553
-0.185813
-0.187374
-0.185627
-0.187194
-0.185440
-0.187013
-0.185253
-0.186831
-0.185064
-0.186649
-0.184875
-0.186465
-0.184685
-0.186281
-0.184495
-0.186096
-0.184303
-0.185910
-0.184111
-0.185724
-0.183919
-0.185537
-0.183725
-0.185350
-0.183532
-0.185162
-0.183338
-0.184973
-0.183143
-0.184785
-0.182948
-0.184595
-0.182753
-0.184406
-0.182557
-0.184216
-0.182361
-0.184026
-0.182165
-0.183835
-0.181969
-0.183645
-0.181772
-0.183454
-0.181576
-0.183263
-0.181379
-0.183073
-0.181183
-0.182882
-0.180986
-0.182691
-0.180789
-0.182500
-0.180593
-0.182309
-0.180397
-0.182118
-0.180200
-0.181927
-0.180004
-0.181736
-0.179808
-0.181546
-0.179612
-0.181355
-0.179416
-0.181165
-0.179220
-0.180974
-0.179025
-0.180784
-0.178829
-0.180594
-0.178634
-0.180404
-0.178439
-0.180214
-0.178244
-0.180024
-0.178050
-0.179834
-0.177855
-0.179645
-0.177661
-0.179455
-0.177467
-0.179266
-0.177273
-0.179077
-0.177079
-0.178888
-0.176885
-0.178698
-0.176691
-0.178509
-0.176497
-0.178321
-0.176304
-0.178132
-0.176110
-0.177943
-0.175917
-0.177754
-0.175724
-0.177565
-0.175530
-0.177376
-0.175337
-0.177188
-0.175144
-0.176999
-0.174950
-0.176810
-0.174757
-0.176621
-0.174564
-0.176432
-0.174370
-0.176244
-0.174177
-0.176055
-0.173984
-0.175866
-0.173790
-0.175677
-0.173596
-0.175488
-0.173403
-0.175298
-0.173209
-0.175109
-0.173015
-0.174919
-0.172821
-0.174731
-0.172628
-0.174539
-0.172433
-0.174353
-0.172240
-0.174157
-0.172042
-0.173979
-0.171855
-0.173767
-0.171648
-0.173617
-0.171479
-0.173351
-0.171247
-0.173297
-0.171158
-0.172839
-0.170892
-0.173073
-0.171092
-0.172089
-0.171201
-0.172654
-0.170386
-0.172770
-0.171194
-0.171036
-0.172515
-0.170535
-0.172593
-0.170606
-0.171303
-0.171361
-0.171865
-0.170883
-0.172127
-0.169725
-0.172880
-0.171472
-0.169674
-0.173304
-0.171503
-0.169665
-0.172101
-0.170712
-0.170685
-0.171500
-0.170602
-0.171948
-0.170052
-0.172391
-0.170468
-0.171481
-0.170692
-0.171996
-0.169581
-0.172147
-0.170691
-0.169722
-0.172362
-0.170746
-0.170050
-0.171443
-0.169471
-0.171793
-0.169780
-0.171022
-0.170037
-0.171729
-0.169161
-0.171669
-0.170032
-0.169885
-0.171434
-0.169303
-0.171547
-0.169752
-0.169557
-0.171200
-0.169163
-0.171519
-0.169805
-0.169239
-0.171310
-0.168987
-0.171212
-0.168891
-0.170332
-0.168791
-0.171108
-0.168824
-0.169977
-0.168755
-0.170772
-0.168035
-0.170497
-0.168229
-0.169778
-0.168092
-0.170424
-0.168364
-0.168590
-0.169350
-0.168363
-0.169936
-0.166936
-0.170518
-0.168872
-0.166791
-0.171052
-0.168937
-0.166939
-0.169454
-0.168032
-0.168034
-0.168815
-0.167957
-0.169382
-0.167341
-0.169941
-0.168266
-0.168098
-0.169540
-0.167352
-0.169754
-0.168044
-0.167203
-0.169767
-0.167559
-0.168763
-0.167003
-0.169341
-0.166877
-0.168598
-0.166761
-0.169485
-0.167876
-0.166729
-0.169373
-0.167538
-0.167672
-0.168244
-0.167304
-0.168811
-0.166049
-0.169738
-0.168074
-0.165865
-0.170275
-0.168097
-0.166012
-0.168622
-0.167176
-0.167069
-0.167992
-0.166909
-0.168584
-0.166272
-0.169018
-0.167401
-0.166939
-0.168791
-0.166196
-0.168716
-0.166971
-0.166226
-0.168652
-0.166150
-0.168106
-0.165441
-0.168179
-0.166361
-0.166489
-0.167624
-0.165950
-0.168203
-0.165408
-0.167424
-0.165077
-0.168503
-0.166855
-0.166855
-0.164526
-0.168581
-0.166733
-0.164800
-0.167662
-0.166245
-0.165600
-0.167155
-0.165279
-0.167574
-0.165109
-0.167304
-0.164885
-0.167617
-0.165763
-0.165394
-0.166872
-0.164584
-0.167287
-0.165676
-0.164340
-0.167523
-0.166056
-0.164489
-0.167133
-0.165412
-0.165033
-0.166594
-0.164534
-0.167214
-0.165467
-0.164925
-0.167097
-0.164399
-0.167131
-0.165415
-0.164392
-0.167168
-0.165050
-0.165769
-0.164958
-0.166324
-0.163789
-0.167260
-0.165753
-0.163262
-0.168258
-0.165703
-0.163393
-0.166529
-0.165096
-0.164078
-0.166025
-0.164013
-0.166171
-0.163767
-0.166417
-0.163943
-0.165782
-0.163491
-0.166343
-0.164673
-0.163278
-0.166264
-0.164639
-0.163561
-0.165784
-0.163050
-0.165566
-0.162806
-0.165386
-0.162686
-0.165507
-0.163147
-0.164288
-0.163043
-0.165111
-0.161784
-0.165452
-0.163871
-0.161532
-0.166219
-0.163944
-0.161680
-0.164678
-0.163254
-0.162482
-0.164281
-0.162221
-0.164689
-0.162106
-0.164385
-0.161793
-0.164776
-0.163114
-0.161856
-0.164591
-0.162396
-0.163002
-0.162432
-0.163526
-0.161500
-0.164382
-0.162770
-0.161540
-0.164850
-0.163326
-0.161289
-0.164651
-0.163130
-0.161090
-0.164820
-0.163346
-0.161463
-0.164544
-0.163092
-0.161964
-0.164302
-0.161807
-0.164096
-0.161383
-0.164325
-0.162315
-0.162542
-0.163322
-0.161869
-0.163927
-0.160060
-0.164601
-0.162485
-0.159841
-0.165178
-0.162355
-0.159970
-0.162886
-0.161434
-0.161153
-0.162462
-0.160886
-0.163268
-0.160453
-0.163383
-0.160793
-0.162692
-0.160272
-0.163379
-0.161770
-0.159402
-0.163830
-0.161876
-0.159547
-0.163101
-0.161596
-0.159901
-0.162587
-0.160735
-0.161573
-0.161046
-0.162253
-0.160310
-0.163110
-0.160856
-0.161426
-0.161903
-0.161300
-0.162231
-0.159587
-0.163385
-0.161759
-0.158323
-0.165351
-0.161342
-0.158877
-0.161692
-0.160303
-0.160938
-0.159872
-0.161280
-0.159659
-0.162657
-0.160101
-0.161996
-0.159555
-0.162787
-0.161189
-0.158362
-0.163387
-0.160937
-0.158535
-0.162268
-0.160710
-0.158952
-0.161545
-0.159579
-0.160837
-0.159596
-0.161712
-0.158734
-0.162186
-0.160747
-0.158458
-0.162889
-0.160839
-0.158301
-0.161783
-0.160305
-0.158722
-0.161432
-0.159454
-0.160478
-0.159470
-0.161259
-0.158452
-0.162097
-0.160605
-0.157945
-0.163004
-0.160526
-0.158027
-0.161408
-0.159925
-0.158557
-0.160983
-0.158727
-0.160760
-0.158386
-0.161398
-0.159442
-0.159337
-0.160716
-0.158571
-0.161408
-0.159607
-0.158196
-0.161573
-0.160022
-0.158321
-0.161316
-0.159600
-0.158351
-0.161227
-0.158540
-0.160509
-0.157883
-0.161445
-0.159921
-0.157257
-0.162267
-0.159887
-0.157427
-0.161144
-0.159621
-0.157849
-0.160589
-0.158623
-0.159537
-0.158772
-0.160256
-0.157790
-0.161073
-0.159638
-0.157087
-0.162178
-0.159610
-0.156800
-0.160963
-0.159155
-0.157173
-0.160120
-0.158462
-0.158544
-0.159376
-0.158121
-0.160252
-0.156783
-0.161236
-0.159270
-0.156390
-0.161860
-0.159052
-0.156527
-0.159768
-0.158296
-0.157270
-0.159469
-0.157096
-0.159807
-0.156930
-0.159699
-0.156710
-0.159835
-0.157362
-0.158335
-0.157291
-0.159165
-0.155388
-0.160436
-0.157591
-0.154640
-0.160909
-0.157738
-0.155240
-0.158277
-0.156804
-0.156250
-0.157938
-0.156024
-0.158837
-0.155976
-0.158403
-0.155403
-0.159129
-0.157512
-0.154699
-0.159490
-0.157242
-0.154815
-0.158404
-0.156939
-0.155282
-0.157981
-0.155807
-0.157215
-0.155610
-0.158169
-0.154937
-0.158202
-0.156486
-0.155478
-0.158276
-0.155052
-0.157520
-0.154012
-0.157756
-0.156278
-0.153932
-0.158492
-0.156441
-0.153887
-0.157658
-0.156208
-0.154386
-0.157383
-0.155694
-0.155533
-0.156709
-0.154902
-0.157654
-0.154325
-0.157151
-0.153775
-0.157635
-0.156007
-0.153113
-0.158004
-0.155560
-0.153069
-0.156955
-0.155490
-0.153666
-0.156515
-0.154644
-0.155170
-0.155218
-0.155512
-0.155199
-0.155939
-0.154341
-0.157144
-0.152815
-0.157711
-0.155289
-0.152040
-0.158321
-0.154723
-0.151936
-0.155899
-0.154568
-0.153080
-0.155639
-0.153478
-0.155380
-0.153167
-0.156239
-0.153926
-0.154786
-0.154216
-0.155531
-0.152870
-0.156396
-0.154886
-0.151293
-0.158225
-0.154468
-0.151432
-0.155610
-0.154135
-0.152479
-0.154695
-0.152549
-0.154836
-0.152452
-0.155614
-0.153538
-0.153808
-0.154472
-0.153189
-0.155314
-0.150689
-0.156985
-0.153451
-0.150009
-0.156775
-0.153517
-0.151003
-0.153393
-0.151692
-0.152644
-0.152306
-0.153671
-0.152054
-0.154732
-0.151425
-0.154669
-0.152317
-0.153100
-0.152643
-0.153550
-0.151427
-0.154353
-0.152241
-0.151874
-0.154307
-0.150106
-0.156029
-0.152364
-0.148463
-0.155904
-0.152579
-0.150164
-0.152857
-0.151324
-0.151571
-0.151874
-0.151848
-0.152691
-0.151534
-0.153824
-0.149636
-0.155263
-0.151943
-0.148765
-0.155038
-0.151793
-0.149235
-0.152255
-0.150851
-0.150137
-0.152091
-0.149946
-0.152879
-0.150147
-0.152247
-0.149644
-0.153194
-0.151726
-0.148977
-0.153645
-0.151521
-0.149075
-0.152842
-0.151373
-0.149474
-0.152382
-0.150715
-0.150761
-0.151706
-0.150292
-0.152674
-0.149086
-0.153250
-0.151579
-0.148766
-0.153936
-0.151303
-0.148813
-0.152228
-0.150865
-0.149388
-0.152067
-0.149822
-0.151581
-0.149429
-0.152436
-0.150008
-0.151100
-0.149940
-0.152195
-0.147985
-0.147985
-0.153371
-0.150063
-0.147342
-0.153228
-0.150431
-0.148078
-0.150979
-0.149531
-0.148789
-0.150841
-0.148585
-0.151601
-0.149264
-0.150384
-0.149211
-0.151436
-0.147347
-0.152518
-0.149418
-0.146810
-0.152431
-0.149798
-0.147433
-0.150390
-0.148971
-0.147982
-0.150320
-0.147870
-0.150829
-0.148038
-0.150180
-0.147409
-0.151053
-0.149564
-0.146742
-0.151535
-0.149301
-0.146952
-0.150581
-0.149169
-0.147321
-0.150164
-0.148419
-0.148693
-0.149244
-0.148426
-0.150094
-0.146961
-0.151408
-0.149331
-0.146233
-0.152197
-0.148943
-0.146493
-0.149932
-0.148579
-0.147080
-0.149725
-0.147503
-0.149429
-0.147155
-0.150232
-0.148286
-0.148003
-0.149572
-0.147079
-0.150492
-0.149013
-0.145840
-0.151567
-0.148489
-0.146238
-0.150005
-0.148547
-0.146668
-0.149456
-0.147670
-0.148366
-0.148231
-0.148957
-0.147695
-0.149889
-0.145545
-0.151667
-0.148165
-0.144770
-0.151443
-0.148013
-0.145537
-0.148316
-0.146881
-0.146659
-0.148052
-0.146503
-0.149141
-0.146083
-0.149232
-0.146736
-0.148133
-0.146438
-0.149073
-0.145415
-0.148670
-0.147044
-0.145874
-0.148967
-0.146986
-0.146512
-0.147852
-0.145393
-0.149109
-0.147770
-0.144661
-0.150585
-0.147349
-0.144994
-0.148855
-0.147408
-0.145519
-0.148318
-0.146627
-0.147019
-0.147425
-0.146943
-0.148070
-0.145907
-0.149006
-0.147572
-0.145592
-0.149773
-0.148006
-0.144825
-0.149760
-0.147090
-0.145001
-0.148762
-0.147490
-0.145726
-0.148533
-0.146706
-0.147078
-0.147413
-0.147056
-0.148080
-0.146152
-0.149161
-0.146836
-0.147215
-0.147946
-0.146500
-0.148886
-0.143321
-0.151367
-0.147915
-0.144211
-0.147466
-0.147465
-0.146964
-0.145345
-0.145761
-0.144980
-0.147886
-0.145133
-0.149581
-0.147459
-0.144255
-0.149372
-0.146773
-0.144482
-0.147924
-0.146625
-0.145056
-0.147749
-0.145485
-0.147104
-0.145031
-0.148034
-0.145255
-0.147025
-0.144723
-0.148115
-0.146712
-0.144004
-0.148710
-0.146404
-0.144042
-0.148058
-0.146473
-0.144401
-0.147545
-0.146271
-0.145091
-0.147626
-0.144867
-0.147621
-0.144469
-0.147598
-0.144741
-0.146834
-0.143927
-0.147762
-0.146088
-0.143073
-0.148302
-0.145656
-0.143626
-0.146975
-0.145649
-0.144019
-0.146708
-0.144435
-0.146129
-0.144100
-0.147125
-0.144653
-0.145760
-0.144355
-0.146940
-0.142322
-0.148066
-0.144349
-0.142012
-0.147364
-0.145055
-0.142806
-0.145530
-0.144110
-0.143368
-0.145563
-0.143106
-0.146258
-0.144690
-0.143475
-0.146303
-0.143271
-0.145813
-0.142033
-0.146281
-0.144374
-0.141857
-0.146593
-0.144433
-0.142196
-0.145435
-0.144168
-0.142572
-0.145394
-0.143381
-0.144474
-0.143146
-0.145434
-0.141590
-0.146529
-0.143660
-0.141570
-0.146139
-0.144273
-0.141859
-0.144899
-0.143605
-0.142096
-0.145047
-0.143168
-0.144001
-0.143123
-0.144688
-0.141917
-0.145801
-0.144264
-0.141132
-0.147021
-0.143607
-0.141498
-0.144803
-0.143489
-0.141963
-0.144576
-0.142153
-0.144335
-0.141670
-0.145174
-0.143854
-0.141539
-0.145613
-0.143971
-0.141534
-0.145198
-0.143741
-0.141706
-0.144841
-0.143588
-0.142207
-0.144842
-0.142103
-0.144461
-0.141234
-0.145125
-0.143621
-0.141088
-0.145550
-0.143566
-0.141288
-0.144603
-0.143306
-0.141577
-0.144443
-0.142737
-0.142864
-0.143581
-0.142261
-0.144697
-0.140249
-0.146104
-0.142341
-0.140457
-0.144966
-0.143266
-0.140883
-0.143585
-0.142236
-0.141274
-0.143903
-0.141242
-0.144260
-0.141504
-0.143184
-0.140944
-0.144182
-0.142732
-0.140794
-0.144385
-0.143079
-0.140556
-0.144677
-0.142821
-0.140549
-0.144291
-0.142969
-0.141009
-0.144084
-0.142799
-0.141474
-0.144071
-0.141188
-0.143910
-0.140619
-0.143920
-0.142334
-0.141115
-0.143918
-0.140806
-0.143332
-0.139244
-0.144299
-0.141401
-0.139626
-0.143566
-0.142185
-0.139934
-0.142929
-0.141662
-0.140145
-0.143169
-0.141457
-0.141526
-0.142236
-0.140689
-0.143358
-0.138687
-0.144515
-0.140662
-0.139187
-0.143093
-0.141685
-0.139417
-0.142093
-0.140722
-0.139735
-0.142548
-0.139726
-0.142754
-0.139622
-0.141928
-0.138328
-0.143328
-0.140391
-0.138446
-0.142421
-0.141021
-0.138775
-0.141866
-0.140615
-0.138866
-0.142010
-0.140780
-0.139532
-0.142088
-0.139024
-0.141989
-0.138689
-0.141582
-0.138034
-0.141936
-0.140331
-0.137711
-0.142226
-0.140075
-0.137940
-0.141372
-0.140152
-0.138294
-0.141256
-0.139949
-0.138859
-0.141261
-0.138225
-0.141482
-0.140046
-0.138353
-0.141651
-0.140420
-0.138319
-0.141596
-0.140309
-0.138128
-0.141821
-0.140505
-0.138303
-0.141854
-0.140553
-0.138460
-0.141731
-0.140534
-0.138768
-0.141721
-0.140282
-0.139239
-0.141530
-0.138201
-0.142131
-0.140450
-0.137874
-0.142620
-0.140370
-0.138267
-0.141444
-0.140183
-0.138521
-0.141377
-0.139478
-0.140182
-0.139648
-0.140844
-0.138811
-0.141819
-0.140233
-0.138908
-0.142102
-0.140561
-0.139072
-0.141893
-0.138709
-0.141249
-0.136947
-0.143311
-0.139878
-0.136294
-0.142803
-0.139569
-0.137588
-0.140190
-0.138508
-0.139037
-0.138907
-0.139694
-0.138590
-0.140869
-0.136271
-0.143213
-0.139331
-0.136343
-0.140471
-0.139079
-0.137809
-0.138614
-0.136251
-0.139594
-0.137745
-0.139293
-0.137864
-0.140485
-0.135650
-0.141212
-0.137094
-0.136192
-0.139570
-0.137516
-0.138168
-0.136330
-0.136330
-0.138793
-0.134464
-0.140869
-0.137577
-0.134617
-0.140402
-0.137505
-0.135508
-0.137861
-0.135839
-0.137346
-0.135722
-0.138570
-0.135495
-0.138577
-0.135883
-0.137499
-0.135225
-0.138390
-0.137089
-0.134510
-0.139105
-0.136753
-0.135037
-0.138237
-0.136998
-0.135199
-0.138034
-0.136645
-0.135819
-0.138148
-0.134665
-0.139185
-0.136564
-0.134766
-0.138510
-0.137263
-0.135041
-0.138041
-0.136817
-0.135031
-0.138184
-0.137072
-0.135584
-0.138310
-0.135917
-0.137266
-0.135272
-0.138313
-0.135870
-0.136981
-0.135414
-0.138299
-0.133258
-0.139429
-0.136175
-0.132080
-0.139375
-0.136212
-0.133353
-0.136016
-0.134780
-0.134536
-0.135679
-0.134209
-0.136853
-0.133713
-0.137088
-0.135837
-0.133738
-0.137365
-0.135864
-0.133355
-0.136994
-0.135561
-0.133613
-0.136870
-0.135773
-0.134025
-0.136830
-0.135381
-0.134675
-0.136592
-0.133509
-0.137783
-0.135546
-0.133546
-0.137503
-0.136059
-0.133836
-0.136863
-0.135651
-0.133919
-0.136952
-0.135787
-0.134620
-0.137037
-0.133981
-0.137087
-0.135520
-0.134395
-0.137112
-0.134019
-0.137011
-0.133918
-0.136110
-0.132596
-0.137818
-0.134193
-0.133156
-0.136082
-0.133222
-0.135867
-0.132273
-0.135508
-0.134151
-0.133096
-0.136024
-0.133206
-0.135348
-0.131161
-0.136854
-0.132833
-0.131846
-0.135021
-0.132573
-0.134289
-0.130798
-0.134920
-0.133053
-0.131280
-0.135401
-0.133907
-0.131616
-0.134640
-0.133417
-0.131473
-0.134692
-0.133674
-0.131956
-0.134812
-0.133543
-0.132110
-0.134761
-0.131701
-0.134551
-0.131018
-0.134570
-0.133206
-0.131147
-0.134830
-0.133350
-0.130988
-0.134615
-0.133224
-0.131204
-0.134539
-0.133431
-0.131503
-0.134501
-0.133375
-0.131746
-0.134555
-0.132923
-0.132573
-0.133877
-0.131500
-0.135053
-0.133646
-0.130710
-0.136158
-0.132596
-0.131536
-0.133888
-0.130958
-0.133985
-0.132467
-0.131339
-0.134239
-0.131298
-0.134238
-0.130713
-0.133849
-0.131046
-0.132908
-0.130154
-0.134241
-0.132120
-0.129917
-0.134125
-0.132315
-0.130423
-0.133499
-0.132331
-0.130453
-0.133565
-0.132509
-0.130835
-0.133804
-0.132587
-0.131034
-0.133832
-0.131553
-0.132695
-0.130896
-0.133838
-0.129912
-0.133939
-0.131921
-0.130204
-0.133878
-0.132443
-0.129955
-0.133640
-0.132073
-0.130131
-0.133726
-0.132552
-0.130472
-0.133673
-0.132506
-0.130483
-0.133730
-0.132619
-0.130656
-0.133814
-0.132664
-0.130678
-0.133836
-0.132684
-0.130713
-0.133922
-0.132765
-0.130756
-0.134027
-0.132849
-0.130782
-0.134135
-0.132923
-0.130819
-0.134215
-0.132985
-0.130894
-0.134251
-0.133046
-0.131004
-0.134277
-0.133105
-0.131137
-0.134316
-0.133157
-0.131290
-0.134362
-0.133171
-0.131491
-0.134405
-0.132961
-0.131826
-0.134398
-0.130062
-0.135736
-0.131260
-0.130894
-0.133243
-0.130212
-0.134046
-0.131728
-0.129607
-0.133733
-0.132479
-0.130607
-0.133586
-0.132293
-0.130408
-0.133420
-0.132235
-0.130939
-0.133697
-0.130515
-0.133458
-0.129877
-0.133228
-0.131619
-0.130438
-0.133165
-0.129767
-0.132979
-0.131320
-0.130034
-0.133085
-0.130652
-0.131964
-0.129776
-0.132925
-0.131470
-0.129933
-0.133221
-0.131951
-0.129977
-0.133383
-0.131936
-0.129578
-0.133807
-0.131704
-0.130108
-0.133161
-0.131874
-0.130375
-0.133154
-0.129912
-0.133007
-0.128465
-0.133955
-0.129672
-0.129646
-0.131165
-0.128827
-0.132017
-0.130531
-0.127719
-0.133064
-0.129692
-0.129155
-0.131130
-0.127462
-0.132291
-0.128588
-0.127975
-0.130769
-0.127228
-0.131939
-0.128242
-0.127187
-0.129980
-0.126767
-0.130706
-0.128578
-0.126626
-0.130161
-0.129070
-0.127053
-0.130210
-0.128964
-0.126869
-0.130313
-0.129139
-0.127098
-0.130470
-0.129218
-0.127082
-0.130459
-0.129230
-0.127169
-0.130520
-0.129317
-0.127266
-0.130554
-0.129370
-0.127341
-0.130618
-0.129440
-0.127429
-0.130698
-0.129516
-0.127508
-0.130780
-0.129590
-0.127582
-0.130870
-0.129671
-0.127660
-0.130964
-0.129756
-0.127744
-0.131056
-0.129843
-0.127834
-0.131144
-0.129929
-0.127929
-0.131228
-0.130014
-0.128028
-0.131310
-0.130098
-0.128127
-0.131393
-0.130179
-0.128226
-0.131475
-0.130259
-0.128326
-0.131558
-0.130337
-0.128428
-0.131639
-0.130411
-0.128538
-0.131716
-0.130477
-0.128667
-0.131780
-0.130508
-0.128851
-0.131830
-0.130319
-0.129131
-0.131819
-0.127065
-0.133555
-0.130574
-0.125994
-0.132994
-0.129808
-0.127405
-0.129779
-0.127973
-0.129066
-0.127751
-0.130464
-0.126233
-0.132238
-0.127629
-0.126945
-0.129449
-0.126155
-0.129865
-0.127459
-0.125728
-0.129274
-0.128427
-0.126879
-0.129547
-0.127396
-0.127857
-0.127357
-0.128711
-0.126663
-0.130078
-0.128627
-0.126099
-0.131214
-0.126984
-0.127898
-0.126515
-0.128867
-0.124355
-0.131622
-0.128902
-0.125319
-0.128479
-0.126883
-0.128320
-0.124752
-0.127482
-0.125621
-0.127230
-0.126260
-0.128853
-0.123718
-0.131129
-0.128944
-0.124430
-0.126219
-0.127397
-0.125984
-0.125955
-0.123607
-0.126691
-0.123699
-0.128838
-0.126259
-0.125008
-0.127294
-0.123502
-0.127402
-0.125101
-0.123848
-0.126978
-0.125169
-0.126023
-0.124145
-0.126711
-0.121770
-0.129737
-0.127955
-0.123957
-0.125050
-0.126481
-0.124735
-0.124807
-0.122542
-0.125490
-0.122853
-0.127400
-0.125622
-0.123881
-0.126432
-0.124226
-0.124226
-0.124733
-0.123474
-0.125766
-0.121712
-0.128470
-0.125266
-0.122293
-0.125677
-0.123648
-0.124756
-0.121809
-0.124626
-0.122399
-0.124818
-0.122196
-0.126577
-0.123661
-0.122206
-0.124798
-0.121403
-0.125264
-0.123175
-0.121822
-0.124758
-0.122678
-0.123957
-0.121750
-0.124697
-0.123122
-0.122179
-0.124671
-0.120155
-0.127504
-0.125662
-0.120728
-0.122921
-0.123059
-0.123082
-0.121507
-0.122232
-0.120630
-0.124169
-0.121827
-0.124437
-0.119839
-0.125709
-0.122893
-0.117991
-0.124507
-0.121676
-0.119994
-0.121984
-0.119774
-0.121980
-0.119316
-0.122639
-0.121647
-0.120122
-0.122831
-0.121394
-0.120428
-0.122245
-0.118370
-0.124016
-0.119073
-0.120216
-0.119503
-0.121641
-0.117690
-0.122626
-0.117519
-0.119517
-0.118026
-0.121163
-0.119369
-0.118508
-0.119829
-0.116895
-0.121970
-0.117296
-0.119504
-0.116418
-0.120942
-0.117602
-0.117013
-0.118484
-0.116223
-0.120051
-0.118048
-0.116710
-0.119506
-0.116794
-0.119326
-0.114523
-0.120581
-0.118096
-0.114420
-0.119163
-0.117512
-0.115994
-0.117436
-0.114867
-0.117815
-0.115751
-0.117640
-0.115183
-0.118545
-0.116958
-0.114963
-0.117937
-0.116867
-0.115275
-0.117851
-0.116131
-0.116530
-0.116257
-0.117102
-0.115475
-0.118388
-0.112403
-0.121207
-0.118368
-0.116293
-0.115618
-0.117078
-0.115885
-0.114441
-0.113815
-0.114316
-0.115436
-0.116196
-0.116842
-0.115826
-0.117351
-0.113249
-0.118822
-0.116455
-0.112178
-0.118823
-0.116532
-0.113516
-0.115770
-0.114610
-0.114991
-0.115145
-0.115381
-0.115781
-0.115506
-0.116522
-0.114803
-0.117449
-0.115780
-0.115058
-0.116890
-0.113077
-0.118912
-0.116465
-0.112484
-0.117634
-0.115683
-0.114759
-0.115690
-0.113625
-0.116368
-0.113993
-0.116705
-0.113522
-0.117124
-0.115238
-0.113726
-0.116149
-0.113583
-0.115969
-0.111912
-0.116913
-0.112629
-0.114213
-0.112584
-0.115233
-0.112154
-0.114661
-0.111542
-0.114456
-0.111696
-0.114584
-0.111518
-0.114132
-0.109856
-0.114632
-0.110346
-0.111986
-0.110153
-0.112914
-0.110705
-0.111745
-0.109797
-0.112662
-0.110782
-0.111827
-0.110094
-0.112945
-0.108223
-0.113541
-0.108349
-0.110079
-0.108377
-0.111138
-0.109462
-0.108781
-0.109939
-0.107830
-0.111643
-0.109497
-0.108711
-0.110709
-0.106698
-0.112329
-0.109837
-0.106663
-0.109988
-0.109322
-0.108371
-0.109250
-0.106804
-0.109731
-0.109072
-0.107991
-0.110548
-0.107691
-0.110126
-0.105280
-0.110629
-0.108596
-0.104802
-0.110154
-0.107472
-0.106493
-0.107583
-0.105568
-0.108260
-0.105933
-0.108378
-0.104540
-0.109604
-0.104918
-0.106377
-0.104354
-0.106999
-0.105133
-0.105775
-0.104263
-0.106815
-0.102565
-0.109457
-0.108182
-0.105589
-0.104866
-0.106548
-0.105440
-0.104554
-0.104048
-0.104265
-0.105363
-0.105339
-0.107142
-0.103881
-0.108172
-0.102995
-0.105579
-0.101551
-0.106622
-0.102618
-0.103458
-0.102208
-0.104725
-0.101303
-0.105737
-0.101768
-0.103305
-0.101596
-0.104299
-0.101913
-0.103539
-0.099972
-0.104636
-0.100404
-0.102789
-0.099507
-0.103695
-0.100581
-0.100794
-0.100470
-0.101401
-0.100113
-0.102599
-0.097364
-0.104815
-0.103293
-0.101776
-0.100646
-0.101946
-0.100936
-0.099510
-0.098594
-0.098946
-0.099847
-0.100957
-0.101016
-0.101807
-0.099805
-0.102046
-0.098871
-0.101518
-0.100279
-0.099462
-0.101600
-0.097767
-0.102676
-0.099505
-0.098264
-0.100834
-0.098709
-0.101004
-0.099111
-0.099396
-0.098867
-0.100359
-0.098414
-0.101286
-0.099828
-0.098416
-0.100838
-0.098186
-0.100737
-0.099339
-0.098394
-0.100552
-0.096901
-0.101886
-0.100442
-0.095896
-0.101199
-0.099160
-0.097470
-0.099061
-0.096984
-0.099146
-0.096734
-0.099337
-0.098595
-0.097351
-0.099523
-0.096143
-0.099618
-0.096999
-0.097059
-0.097713
-0.096606
-0.098853
-0.094516
-0.100243
-0.099802
-0.095165
-0.097989
-0.097113
-0.097299
-0.095557
-0.096460
-0.094871
-0.097812
-0.096206
-0.098143
-0.094855
-0.098561
-0.094881
-0.096041
-0.094262
-0.096909
-0.095022
-0.096526
-0.093990
-0.097328
-0.095717
-0.094833
-0.096901
-0.093086
-0.097829
-0.093707
-0.094415
-0.093630
-0.095809
-0.092402
-0.096504
-0.091985
-0.094351
-0.091318
-0.095417
-0.092722
-0.092863
-0.092170
-0.093240
-0.091723
-0.094293
-0.091351
-0.094088
-0.092885
-0.091845
-0.093988
-0.089826
-0.094859
-0.093081
-0.090200
-0.092999
-0.092339
-0.092307
-0.091756
-0.091478
-0.091863
-0.091541
-0.093401
-0.090116
-0.094742
-0.089189
-0.091836
-0.089405
-0.091563
-0.088170
-0.091941
-0.088744
-0.090202
-0.088664
-0.091388
-0.088728
-0.091146
-0.086464
-0.091116
-0.089782
-0.086131
-0.090488
-0.088343
-0.087986
-0.088287
-0.086972
-0.089432
-0.085702
-0.090509
-0.086407
-0.087931
-0.085983
-0.088260
-0.086867
-0.086495
-0.086961
-0.085741
-0.088463
-0.083816
-0.090250
-0.089183
-0.087620
-0.086328
-0.087357
-0.086678
-0.085646
-0.084872
-0.085078
-0.085843
-0.086773
-0.087014
-0.087524
-0.085800
-0.087735
-0.083094
-0.088847
-0.088162
-0.086211
-0.085440
-0.087425
-0.086729
-0.085768
-0.085565
-0.085183
-0.086868
-0.085893
-0.088289
-0.085713
-0.087728
-0.084731
-0.086949
-0.086011
-0.084970
-0.087061
-0.083859
-0.088001
-0.084315
-0.086248
-0.083849
-0.086632
-0.085817
-0.084155
-0.084155
-0.086114
-0.083889
-0.086294
-0.084022
-0.086256
-0.082530
-0.086695
-0.082774
-0.084631
-0.082123
-0.084819
-0.084119
-0.082546
-0.084571
-0.082352
-0.084772
-0.082316
-0.084702
-0.080939
-0.084867
-0.081252
-0.082987
-0.080536
-0.083109
-0.082423
-0.080807
-0.082859
-0.080574
-0.082984
-0.080461
-0.082896
-0.078891
-0.083058
-0.079027
-0.081018
-0.078303
-0.081056
-0.080213
-0.078648
-0.080633
-0.078206
-0.080634
-0.079914
-0.078525
-0.080731
-0.077145
-0.081015
-0.077154
-0.079218
-0.076263
-0.079496
-0.077985
-0.077147
-0.078421
-0.076281
-0.078921
-0.078031
-0.076613
-0.078979
-0.075117
-0.079383
-0.074976
-0.077095
-0.074212
-0.077206
-0.076253
-0.074860
-0.076845
-0.073606
-0.077371
-0.074252
-0.075900
-0.073471
-0.075954
-0.075281
-0.073583
-0.075713
-0.073060
-0.075735
-0.074820
-0.073637
-0.075865
-0.071915
-0.076230
-0.073487
-0.072509
-0.074201
-0.072347
-0.074656
-0.073882
-0.072134
-0.074472
-0.071851
-0.074720
-0.073354
-0.072452
-0.074023
-0.070861
-0.074842
-0.070769
-0.073268
-0.070139
-0.073293
-0.071869
-0.071153
-0.072182
-0.070274
-0.072622
-0.071973
-0.070643
-0.072940
-0.069024
-0.073503
-0.073544
-0.069148
-0.071383
-0.071022
-0.071366
-0.070516
-0.071017
-0.069479
-0.072336
-0.068636
-0.072883
-0.072311
-0.067648
-0.071184
-0.069624
-0.069254
-0.069703
-0.068556
-0.071060
-0.067828
-0.072085
-0.068224
-0.070233
-0.067154
-0.069551
-0.068647
-0.066991
-0.069086
-0.066391
-0.069635
-0.068111
-0.068204
-0.068234
-0.067772
-0.068695
-0.066793
-0.068995
-0.067254
-0.068846
-0.066403
-0.069688
-0.066590
-0.068722
-0.064573
-0.068718
-0.068209
-0.064424
-0.068214
-0.066402
-0.066896
-0.065801
-0.067080
-0.065163
-0.067335
-0.066652
-0.065732
-0.067764
-0.063934
-0.068145
-0.065351
-0.064558
-0.065956
-0.064576
-0.066872
-0.064885
-0.066527
-0.063267
-0.067224
-0.063567
-0.065973
-0.062515
-0.065319
-0.063701
-0.063415
-0.063951
-0.062490
-0.065073
-0.060645
-0.065572
-0.065229
-0.063716
-0.063062
-0.063858
-0.063429
-0.062706
-0.062058
-0.062129
-0.062668
-0.063498
-0.063472
-0.064309
-0.062142
-0.064126
-0.061080
-0.063293
-0.061610
-0.063187
-0.061296
-0.063736
-0.063015
-0.061806
-0.063954
-0.060112
-0.064037
-0.063634
-0.059444
-0.062486
-0.061723
-0.061039
-0.061772
-0.059808
-0.062090
-0.059969
-0.062362
-0.060438
-0.062576
-0.058620
-0.062627
-0.058568
-0.060784
-0.058411
-0.060759
-0.060509
-0.059230
-0.061340
-0.057424
-0.061589
-0.057643
-0.059772
-0.057092
-0.059224
-0.058777
-0.057026
-0.059167
-0.055739
-0.059442
-0.056394
-0.058528
-0.055371
-0.058300
-0.056595
-0.056632
-0.056110
-0.057025
-0.055395
-0.058084
-0.053516
-0.058150
-0.057904
-0.056426
-0.055492
-0.056566
-0.056111
-0.055676
-0.054906
-0.055322
-0.054950
-0.057043
-0.054847
-0.057456
-0.055426
-0.055385
-0.054033
-0.055983
-0.052505
-0.056720
-0.052989
-0.055379
-0.053708
-0.055797
-0.052963
-0.055102
-0.053920
-0.052661
-0.054624
-0.051545
-0.055209
-0.051620
-0.053745
-0.050294
-0.053349
-0.051684
-0.052325
-0.050885
-0.053341
-0.049495
-0.053756
-0.049897
-0.051939
-0.049237
-0.051647
-0.051177
-0.049550
-0.051569
-0.048197
-0.051856
-0.048909
-0.051043
-0.047878
-0.050607
-0.049144
-0.048936
-0.048916
-0.048481
-0.049770
-0.047969
-0.050067
-0.048666
-0.049502
-0.047455
-0.050235
-0.045790
-0.049366
-0.049286
-0.045800
-0.048248
-0.048409
-0.047316
-0.048591
-0.046008
-0.047867
-0.047634
-0.046551
-0.048811
-0.044701
-0.048664
-0.044489
-0.046540
-0.044203
-0.046413
-0.046187
-0.045506
-0.046823
-0.044614
-0.046865
-0.046193
-0.045220
-0.046962
-0.043211
-0.046976
-0.042931
-0.044976
-0.043110
-0.045267
-0.042519
-0.045198
-0.043444
-0.044069
-0.042411
-0.045083
-0.041035
-0.044553
-0.044285
-0.041026
-0.042921
-0.042898
-0.042918
-0.043129
-0.041691
-0.044047
-0.040220
-0.044581
-0.041094
-0.042843
-0.039732
-0.042112
-0.041282
-0.040357
-0.041859
-0.039938
-0.042408
-0.042013
-0.040906
-0.042797
-0.038548
-0.042494
-0.038303
-0.040260
-0.038310
-0.040692
-0.037854
-0.040556
-0.038797
-0.039509
-0.037770
-0.040593
-0.036485
-0.039675
-0.040121
-0.034972
-0.038655
-0.037631
-0.037589
-0.037699
-0.036950
-0.038361
-0.036603
-0.038676
-0.037439
-0.038451
-0.036281
-0.038465
-0.035690
-0.037714
-0.035893
-0.037947
-0.034880
-0.038461
-0.035225
-0.037736
-0.033741
-0.037055
-0.034236
-0.036197
-0.032965
-0.035497
-0.034408
-0.034488
-0.034231
-0.034648
-0.033605
-0.035815
-0.031837
-0.034915
-0.035878
-0.030536
-0.034259
-0.034731
-0.032778
-0.033909
-0.032494
-0.034437
-0.032488
-0.034362
-0.033003
-0.034120
-0.031933
-0.033833
-0.031152
-0.033793
-0.029102
-0.032860
-0.032172
-0.030443
-0.032693
-0.030840
-0.032823
-0.031202
-0.032370
-0.030170
-0.032113
-0.030883
-0.031924
-0.029620
-0.031696
-0.028982
-0.031337
-0.028692
-0.030835
-0.029832
-0.030849
-0.028854
-0.031679
-0.027391
-0.030530
-0.031431
-0.027831
-0.029496
-0.029340
-0.029907
-0.028785
-0.029730
-0.027677
-0.030051
-0.028026
-0.031030
-0.026306
-0.030134
-0.026363
-0.028207
-0.025696
-0.027961
-0.028411
-0.027096
-0.029486
-0.025576
-0.025576
-0.029129
-0.025709
-0.027678
-0.024875
-0.026498
-0.026230
-0.024884
-0.026923
-0.023253
-0.026973
-0.023798
-0.026018
-0.023556
-0.025471
-0.023916
-0.025408
-0.022886
-0.024810
-0.024502
-0.023814
-0.025472
-0.022722
-0.025305
-0.022726
-0.024998
-0.020534
-0.024693
-0.021340
-0.023446
-0.021037
-0.023304
-0.021076
-0.023681
-0.019891
-0.022921
-0.020269
-0.022526
-0.019143
-0.021977
-0.019962
-0.021348
-0.019004
-0.020969
-0.020190
-0.021277
-0.019140
-0.022080
-0.017653
-0.020566
-0.021430
-0.017962
-0.019581
-0.019098
-0.020430
-0.018268
-0.020606
-0.016561
-0.020079
-0.017351
-0.019594
-0.016599
-0.018192
-0.017786
-0.016127
-0.018494
-0.014909
-0.018925
-0.016009
-0.018246
-0.015733
-0.017626
-0.015587
-0.017732
-0.013667
-0.017049
-0.014119
-0.016619
-0.013615
-0.015851
-0.015119
-0.014424
-0.015122
-0.013022
-0.016233
-0.011890
-0.014768
-0.016133
-0.010805
-0.014072
-0.013030
-0.013539
-0.012513
-0.013865
-0.011964
-0.014403
-0.012086
-0.014300
-0.011593
-0.013646
-0.010866
-0.012859
-0.010408
-0.013497
-0.008995
-0.013215
-0.010160
-0.012267
-0.009562
-0.011241
-0.011260
-0.009594
-0.011771
-0.007621
-0.011303
-0.008161
-0.010275
-0.007793
-0.009913
-0.007539
-0.010194
-0.006350
-0.009536
-0.007126
-0.009632
-0.006445
-0.008968
-0.007517
-0.008265
-0.005902
-0.008930
-0.004272
-0.008387
-0.005010
-0.007037
-0.004412
-0.006154
-0.006285
-0.004871
-0.006965
-0.003174
-0.006672
-0.003759
-0.006105
-0.003209
-0.004847
-0.004591
-0.003338
-0.005149
-0.002166
-0.005051
-0.002905
-0.005539
-0.000953
-0.004700
-0.001362
-0.003265
-0.000729
-0.003072
-0.000939
-0.003437
-0.000903
-0.002732
-0.001045
-0.002945
0.000208
-0.002207
-0.000186
-0.002122
0.001205
-0.001686
0.000437
-0.002304
0.002271
-0.001567
0.001546
-0.000549
0.001945
-0.000266
0.002071
-0.000702
0.003413
0.000326
0.003142
0.000626
0.004099
0.001512
0.003038
0.001764
0.004180
0.001762
0.004069
0.001666
0.004284
0.001235
0.006035
0.002263
0.005557
0.003578
0.006010
0.003496
0.005840
0.004011
0.005216
0.004062
0.006538
0.003616
0.007844
0.004466
0.007811
0.005723
0.008206
0.005573
0.007954
0.006013
0.007135
0.005812
0.008181
0.005336
0.009030
0.006180
0.009356
0.006463
0.011271
0.007386
0.010279
0.007985
0.010544
0.008673
0.009182
0.008289
0.010527
0.007641
0.012073
0.010318
0.008094
0.012263
0.011113
0.010498
0.010350
0.009470
0.011480
0.008576
0.013260
0.009172
0.012284
0.010626
0.013529
0.011739
0.014195
0.011241
0.014959
0.011404
0.013478
0.010767
0.013989
0.012093
0.013222
0.013402
0.014758
0.013144
0.015411
0.013292
0.014754
0.012907
0.016281
0.013685
0.016298
0.013179
0.018236
0.015052
0.014541
0.017062
0.014825
0.016999
0.015061
0.016667
0.014941
0.018021
0.015976
0.017129
0.015773
0.018321
0.015946
0.018575
0.016314
0.018734
0.015248
0.019887
0.017301
0.015479
0.020339
0.017822
0.018831
0.017447
0.019723
0.017032
0.021180
0.018052
0.020939
0.018576
0.021805
0.020036
0.020357
0.020818
0.019930
0.021992
0.018512
0.022648
0.021091
0.018673
0.022918
0.022039
0.021515
0.021462
0.020726
0.022650
0.020272
0.024087
0.020892
0.023586
0.021489
0.025095
0.023709
0.023995
0.024508
0.022926
0.024645
0.020949
0.025399
0.021607
0.025032
0.023821
0.025551
0.023835
0.026094
0.024175
0.026171
0.023217
0.027991
0.024163
0.027206
0.025620
0.028026
0.025618
0.028313
0.026426
0.026472
0.026869
0.025698
0.027940
0.024474
0.029543
0.027687
0.025554
0.031119
0.028164
0.028724
0.027231
0.028997
0.026714
0.029495
0.027811
0.028055
0.028776
0.028052
0.030693
0.027437
0.032768
0.030241
0.028907
0.032070
0.030447
0.029489
0.030349
0.028537
0.031260
0.029948
0.030360
0.030307
0.030750
0.030339
0.032653
0.029814
0.034749
0.032994
0.030744
0.034118
0.032765
0.032047
0.031589
0.031132
0.032423
0.031030
0.033385
0.031714
0.033308
0.031670
0.035045
0.033587
0.034404
0.033560
0.034947
0.031245
0.035947
0.031685
0.034818
0.033187
0.035666
0.033469
0.035714
0.033506
0.036195
0.034358
0.036609
0.033609
0.037963
0.034799
0.037818
0.035776
0.038311
0.036631
0.036819
0.035737
0.037465
0.034300
0.039559
0.035576
0.038841
0.037542
0.038987
0.037060
0.039123
0.036943
0.039408
0.036286
0.040665
0.037263
0.040011
0.038019
0.040793
0.039298
0.040710
0.038715
0.041093
0.039442
0.039948
0.039045
0.041263
0.037943
0.043387
0.040820
0.040066
0.043005
0.041210
0.042076
0.039441
0.042048
0.040733
0.041090
0.041509
0.040686
0.042893
0.039614
0.044951
0.043393
0.041374
0.045449
0.043764
0.042526
0.042832
0.041119
0.043611
0.041516
0.044001
0.041929
0.044507
0.042013
0.045837
0.043894
0.045342
0.043667
0.045724
0.043008
0.045088
0.042567
0.045168
0.043024
0.045721
0.043359
0.046018
0.044354
0.045921
0.043895
0.046648
0.044976
0.045537
0.044980
0.046862
0.043632
0.043632
0.049246
0.045033
0.048353
0.046898
0.048400
0.045942
0.047969
0.046312
0.047279
0.046130
0.048753
0.045140
0.050671
0.046726
0.050199
0.048882
0.050589
0.048119
0.050033
0.048190
0.048986
0.047674
0.050278
0.046823
0.052189
0.048387
0.051884
0.050652
0.051712
0.049836
0.051824
0.048658
0.052259
0.049801
0.051984
0.049584
0.052845
0.051031
0.051859
0.051260
0.053431
0.049924
0.055257
0.050964
0.054052
0.052594
0.054495
0.052027
0.054298
0.052799
0.053123
0.053094
0.053362
0.052559
0.054591
0.051328
0.056762
0.055347
0.053413
0.056975
0.055617
0.054328
0.054276
0.052524
0.055164
0.052553
0.056001
0.054013
0.055629
0.054329
0.057284
0.055373
0.058066
0.054440
0.059061
0.055065
0.057421
0.055267
0.057493
0.054990
0.057594
0.056288
0.056716
0.056668
0.057107
0.056104
0.058623
0.055142
0.060329
0.059379
0.056860
0.060338
0.059122
0.058063
0.057398
0.056495
0.058002
0.056205
0.059090
0.057764
0.058406
0.058620
0.060002
0.058802
0.061514
0.058522
0.061163
0.058667
0.059707
0.057280
0.059887
0.058359
0.059026
0.058604
0.060545
0.057279
0.062886
0.058591
0.062498
0.061213
0.062358
0.060865
0.062817
0.059422
0.063771
0.060515
0.063262
0.061000
0.063386
0.061627
0.063383
0.061065
0.064320
0.062510
0.063094
0.061810
0.064017
0.060335
0.066139
0.062221
0.065404
0.063852
0.065595
0.062826
0.064841
0.063355
0.063979
0.063590
0.065350
0.062556
0.067146
0.063806
0.067104
0.065482
0.067737
0.064743
0.067534
0.065341
0.066030
0.064858
0.067251
0.063630
0.069161
0.065333
0.068700
0.067565
0.069113
0.066879
0.068857
0.066531
0.069071
0.065856
0.070437
0.067223
0.069853
0.067607
0.070308
0.068874
0.069578
0.068048
0.070517
0.066899
0.072002
0.068233
0.071242
0.069862
0.071626
0.069372
0.071567
0.069723
0.071168
0.068935
0.071709
0.070141
0.070815
0.070087
0.072726
0.069069
0.074986
0.071056
0.073622
0.071360
0.073950
0.072344
0.071625
0.072577
0.071007
0.073732
0.071470
0.074262
0.071324
0.075244
0.073090
0.075213
0.072745
0.075713
0.073748
0.073920
0.072911
0.074835
0.071400
0.077096
0.073047
0.076560
0.075447
0.076272
0.074826
0.076637
0.073041
0.078005
0.074456
0.077361
0.075593
0.077739
0.075164
0.077826
0.076576
0.076855
0.076943
0.076733
0.076896
0.075736
0.078526
0.074897
0.080142
0.079567
0.076493
0.080017
0.078973
0.077653
0.077273
0.075705
0.077879
0.075333
0.079244
0.077274
0.079302
0.077883
0.080921
0.079550
0.081149
0.078529
0.080888
0.078935
0.078747
0.078152
0.079038
0.077485
0.080306
0.077900
0.080792
0.078906
0.081056
0.077694
0.082470
0.078913
0.081662
0.079670
0.082098
0.079413
0.081652
0.080120
0.081159
0.079962
0.082875
0.079614
0.084368
0.081054
0.083940
0.081893
0.084278
0.081600
0.083661
0.081398
0.083650
0.080556
0.084508
0.081893
0.084152
0.081828
0.084965
0.083688
0.083564
0.083960
0.082903
0.085197
0.081192
0.087179
0.083464
0.086337
0.084432
0.086984
0.085357
0.085187
0.084270
0.085709
0.083331
0.086512
0.084514
0.086504
0.084444
0.087982
0.086390
0.087219
0.085613
0.088139
0.084241
0.089113
0.085258
0.088113
0.086775
0.088458
0.086317
0.088596
0.086574
0.088929
0.085723
0.090476
0.087315
0.090038
0.087831
0.090506
0.088792
0.090264
0.087651
0.090252
0.088719
0.089112
0.088400
0.090404
0.087272
0.092527
0.088807
0.091877
0.090427
0.091435
0.089338
0.091532
0.088647
0.091433
0.089935
0.091099
0.089517
0.092277
0.089444
0.092807
0.091019
0.092731
0.090646
0.093114
0.091196
0.092535
0.090057
0.093240
0.091463
0.092802
0.090830
0.093503
0.091513
0.093898
0.090109
0.095937
0.092011
0.094718
0.093168
0.094933
0.092434
0.094669
0.092962
0.094441
0.092466
0.095257
0.093621
0.095428
0.092894
0.096662
0.094439
0.096467
0.093402
0.097040
0.094283
0.096166
0.093251
0.096712
0.094744
0.095890
0.094136
0.096947
0.094450
0.097152
0.095052
0.097794
0.094334
0.099259
0.095839
0.098470
0.096130
0.098624
0.096305
0.098553
0.095405
0.098857
0.096992
0.098421
0.096680
0.099429
0.097041
0.099816
0.097210
0.099961
0.097971
0.100047
0.096655
0.100853
0.097795
0.100438
0.097726
0.100700
0.099189
0.099208
0.098885
0.099734
0.098303
0.101401
0.097234
0.103614
0.099795
0.102716
0.100814
0.103242
0.100573
0.102513
0.099433
0.101966
0.100490
0.101439
0.100015
0.103022
0.099780
0.104872
0.101726
0.104638
0.102363
0.104699
0.101984
0.104181
0.101585
0.104214
0.101881
0.104549
0.102074
0.104713
0.102589
0.105431
0.102393
0.106140
0.103840
0.105549
0.103128
0.105771
0.104251
0.104909
0.103495
0.106395
0.102502
0.108287
0.104362
0.107172
0.105893
0.107444
0.105143
0.107300
0.104839
0.107479
0.104486
0.107965
0.106084
0.107512
0.105778
0.105778
