-0.029541
-0.042770
-0.036364
-0.029730
-0.023454
-0.018281
-0.014855
-0.013399
-0.013598
-0.014825
-0.016513
-0.018327
-0.020108
-0.021787
-0.023338
-0.024749
-0.026016
-0.027139
-0.028116
-0.028951
-0.029643
-0.030195
-0.030609
-0.030891
-0.031054
-0.031114
-0.031083
-0.030964
-0.030753
-0.030441
-0.030022
-0.029483
-0.028813
-0.027999
-0.027026
-0.025878
-0.024538
-0.022987
-0.021203
-0.019163
-0.016843
-0.014216
-0.011260
-0.007956
-0.004302
-0.000314
0.003957
0.008422
0.012956
0.017412
0.021647
0.025550
0.029059
0.032162
0.034887
0.037288
0.039415
0.041328
0.043088
0.044687
0.046090
0.047311
0.048401
0.049417
0.050403
0.051380
0.052351
0.053315
0.054265
0.055195
0.056098
0.056965
0.057788
0.058557
0.059264
0.059906
0.060480
0.060991
0.061442
0.061840
0.062194
0.062510
0.062793
0.063049
0.063283
0.063498
0.063696
0.063879
0.064050
0.064209
0.064356
0.064493
0.064620
0.064736
0.064841
0.064935
0.065018
0.065090
0.065151
0.065201
0.065240
0.065269
0.065291
0.065306
0.065317
0.065329
0.065344
0.065360
0.065380
0.065409
0.065455
0.065527
0.065630
0.065768
0.065941
0.066144
0.066359
0.066566
0.066751
0.066915
0.067058
0.067184
0.067297
0.067401
0.067500
0.067596
0.067693
0.067794
0.067902
0.068020
0.068150
0.068297
0.068466
0.068665
0.068903
0.069192
0.069547
0.069985
0.070522
0.071164
0.071902
0.072704
0.073530
0.074340
0.075115
0.075847
0.076539
0.077193
0.077813
0.078402
0.078961
0.079493
0.079995
0.080467
0.080906
0.081311
0.081683
0.082026
0.082341
0.082630
0.082897
0.083143
0.083370
0.083581
0.083777
0.083960
0.084132
0.084292
0.084442
0.084582
0.084710
0.084827
0.084928
0.085002
0.085025
0.085047
0.085122
0.085207
0.085283
0.085346
0.085398
0.085456
0.085572
0.085750
0.085974
0.086235
0.086334
0.086416
0.086440
0.086508
0.086452
0.086565
0.086445
0.086604
0.086466
0.086526
0.086608
0.086634
0.086646
0.086653
0.086649
0.086675
0.086750
0.086829
0.086885
0.086921
0.086958
0.086994
0.087027
0.087058
0.087087
0.087114
0.087138
0.087160
0.087181
0.087200
0.087218
0.087235
0.087251
0.087267
0.087282
0.087297
0.087312
0.087327
0.087342
0.087358
0.087374
0.087391
0.087408
0.087426
0.087444
0.087464
0.087485
0.087507
0.087530
0.087555
0.087581
0.087609
0.087639
0.087671
0.087706
0.087743
0.087782
0.087825
0.087870
0.087919
0.087970
0.088025
0.088082
0.088142
0.088204
0.088270
0.088337
0.088407
0.088479
0.088553
0.088629
0.088706
0.088785
0.088865
0.088947
0.089030
0.089113
0.089198
0.089284
0.089371
0.089458
0.089546
0.089635
0.089725
0.089816
0.089907
0.089999
0.090092
0.090185
0.090279
0.090374
0.090470
0.090566
0.090664
0.090762
0.090860
0.090960
0.091060
0.091160
0.091261
0.091362
0.091463
0.091565
0.091666
0.091768
0.091872
0.091977
0.092084
0.092193
0.092305
0.092420
0.092537
0.092657
0.092780
0.092905
0.093033
0.093164
0.093299
0.093436
0.093578
0.093722
0.093871
0.094022
0.094175
0.094329
0.094482
0.094631
0.094774
0.094909
0.095033
0.095148
0.095253
0.095351
0.095444
0.095536
0.095627
0.095718
0.095811
0.095905
0.096000
0.096098
0.096197
0.096297
0.096398
0.096500
0.096601
0.096703
0.096803
0.096903
0.097001
0.097098
0.097192
0.097285
0.097376
0.097464
0.097550
0.097634
0.097716
0.097797
0.097875
0.097952
0.098027
0.098101
0.098174
0.098246
0.098317
0.098387
0.098456
0.098525
0.098593
0.098660
0.098727
0.098794
0.098860
0.098926
0.098992
0.099057
0.099122
0.099187
0.099251
0.099315
0.099379
0.099443
0.099507
0.099570
0.099634
0.099697
0.099760
0.099823
0.099886
0.099949
0.100012
0.100074
0.100137
0.100200
0.100262
0.100325
0.100388
0.100450
0.100513
0.100576
0.100639
0.100701
0.100764
0.100827
0.100890
0.100953
0.101017
0.101080
0.101143
0.101207
0.101270
0.101334
0.101398
0.101462
0.101526
0.101590
0.101655
0.101719
0.101784
0.101849
0.101914
0.101979
0.102044
0.102110
0.102176
0.102242
0.102308
0.102374
0.102441
0.102507
0.102574
0.102642
0.102709
0.102777
0.102845
0.102913
0.102982
0.103051
0.103120
0.103190
0.103260
0.103331
0.103401
0.103473
0.103544
0.103617
0.103689
0.103762
0.103836
0.103910
0.103984
0.104059
0.104135
0.104211
0.104287
0.104364
0.104442
0.104520
0.104599
0.104678
0.104758
0.104839
0.104920
0.105002
0.105084
0.105167
0.105251
0.105336
0.105421
0.105507
0.105593
0.105681
0.105769
0.105858
0.105947
0.106038
0.106129
0.106221
0.106313
0.106407
0.106501
0.106597
0.106692
0.106789
0.106887
0.106985
0.107084
0.107184
0.107285
0.107387
0.107489
0.107592
0.107696
0.107801
0.107906
0.108013
0.108120
0.108228
0.108336
0.108446
0.108556
0.108667
0.108778
0.108891
0.109004
0.109118
0.109233
0.109348
0.109464
0.109581
0.109698
0.109816
0.109935
0.109935
0.110055
0.110175
0.110296
0.110418
0.110540
0.110663
0.110786
0.110910
0.111035
0.111161
0.111287
0.111414
0.111541
0.111669
0.111797
0.111927
0.112056
0.112187
0.112317
0.112449
0.112581
0.112714
0.112847
0.112980
0.113115
0.113249
0.113385
0.113521
0.113657
0.113794
0.113931
0.114069
0.114207
0.114346
0.114485
0.114625
0.114765
0.114906
0.115047
0.115188
0.115330
0.115473
0.115615
0.115759
0.115902
0.116046
0.116191
0.116335
0.116480
0.116626
0.116772
0.116918
0.117064
0.117211
0.117358
0.117506
0.117653
0.117801
0.117950
0.118098
0.118247
0.118396
0.118546
0.118695
0.118845
0.118995
0.119145
0.119296
0.119446
0.119597
0.119748
0.119899
0.120050
0.120202
0.120353
0.120505
0.120657
0.120809
0.120961
0.121113
0.121265
0.121417
0.121569
0.121721
0.121873
0.122026
0.122178
0.122330
0.122482
0.122634
0.122787
0.122939
0.123091
0.123243
0.123394
0.123546
0.123698
0.123849
0.124000
0.124152
0.124303
0.124453
0.124604
0.124754
0.124904
0.125054
0.125204
0.125354
0.125503
0.125652
0.125800
0.125949
0.126097
0.126244
0.126391
0.126538
0.126685
0.126831
0.126977
0.127122
0.127267
0.127411
0.127556
0.127699
0.127842
0.127985
0.128127
0.128268
0.128409
0.128549
0.128689
0.128829
0.128967
0.129105
0.129243
0.129379
0.129515
0.129651
0.129785
0.129919
0.130053
0.130185
0.130317
0.130448
0.130578
0.130708
0.130836
0.130964
0.131091
0.131217
0.131342
0.131466
0.131590
0.131712
0.131833
0.131954
0.132073
0.132192
0.132309
0.132425
0.132541
0.132655
0.132768
0.132880
0.132991
0.133101
0.133209
0.133316
0.133422
0.133527
0.133631
0.133733
0.133834
0.133934
0.134032
0.134129
0.134225
0.134319
0.134412
0.134503
0.134593
0.134681
0.134768
0.134854
0.134937
0.135020
0.135100
0.135179
0.135256
0.135332
0.135406
0.135478
0.135548
0.135617
0.135683
0.135748
0.135811
0.135872
0.135932
0.135989
0.136044
0.136098
0.136149
0.136198
0.136245
0.136291
0.136333
0.136374
0.136413
0.136449
0.136483
0.136515
0.136545
0.136572
0.136597
0.136619
0.136639
0.136656
0.136671
0.136684
0.136694
0.136701
0.136706
0.136708
0.136708
0.136705
0.136699
0.136690
0.136679
0.136664
0.136647
0.136627
0.136605
0.136579
0.136550
0.136519
0.136484
0.136446
0.136406
0.136362
0.136315
0.136265
0.136212
0.136156
0.136097
0.136034
0.135969
0.135900
0.135827
0.135752
0.135673
0.135591
0.135506
0.135418
0.135326
0.135231
0.135132
0.135031
0.134925
0.134817
0.134705
0.134590
0.134472
0.134350
0.134225
0.134097
0.133965
0.133830
0.133692
0.133550
0.133405
0.133257
0.133106
0.132952
0.132794
0.132633
0.132469
0.132303
0.132133
0.131960
0.131784
0.131605
0.131423
0.131239
0.131052
0.130862
0.130669
0.130474
0.130276
0.130076
0.129873
0.129668
0.129461
0.129251
0.129040
0.128826
0.128610
0.128392
0.128173
0.127952
0.127729
0.127504
0.127278
0.127051
0.126823
0.126593
0.126362
0.126131
0.125898
0.125665
0.125431
0.125196
0.124960
0.124724
0.124488
0.124251
0.124014
0.123777
0.123539
0.123301
0.123063
0.122824
0.122585
0.122347
0.122108
0.121868
0.121629
0.121390
0.121150
0.120911
0.120671
0.120431
0.120191
0.119951
0.119710
0.119470
0.119230
0.118989
0.118748
0.118508
0.118267
0.118026
0.117785
0.117544
0.117304
0.117063
0.116822
0.116581
0.116340
0.116100
0.115859
0.115619
0.115379
0.115139
0.114899
0.114659
0.114420
0.114181
0.113942
0.113703
0.113465
0.113227
0.112989
0.112751
0.112514
0.112277
0.112040
0.111804
0.111567
0.111329
0.111091
0.110853
0.110616
0.110379
0.110154
0.109935
0.109728
0.109553
0.109302
0.109167
0.108911
0.108588
0.108289
0.108019
0.107782
0.107564
0.107351
0.107137
0.106919
0.106701
0.106486
0.106275
0.106073
0.105897
0.105758
0.105582
0.105640
0.105419
0.105163
0.105002
0.104691
0.104863
0.104584
0.104317
0.104117
0.104075
0.103775
0.104117
0.103799
0.103569
0.103466
0.103141
0.103472
0.103173
0.102987
0.102711
0.102945
0.102584
0.103047
0.102691
0.102615
0.102074
0.102594
0.102287
0.102266
0.101822
0.102362
0.102058
0.102019
0.101539
0.102141
0.101819
0.101762
0.101274
0.101938
0.101601
0.101512
0.101011
0.101686
0.101338
0.100922
0.101052
0.100553
0.101053
0.100880
0.100091
0.100496
0.100272
0.099621
0.099974
0.099809
0.099300
0.099606
0.099543
0.099000
0.099381
0.099243
0.098673
0.099034
0.098884
0.098322
0.098768
0.098609
0.098011
0.098455
0.098252
0.097655
0.098167
0.097965
0.097346
0.097849
0.097605
0.096973
0.097559
0.097310
0.096691
0.097226
0.096949
0.096294
0.096971
0.096662
0.096074
0.096604
0.096292
0.095625
0.096452
0.096025
0.095321
0.096083
0.095157
0.095743
0.095037
0.095505
0.094628
0.095203
0.094954
0.094167
0.094776
0.094093
0.094093
0.094231
0.093544
0.094666
0.093575
0.093937
0.093515
0.092766
0.093594
0.092699
0.093467
0.092477
0.093040
0.092557
0.091765
0.092639
0.091858
0.092641
0.091444
0.091885
0.091557
0.090873
0.091670
0.090676
0.091651
0.090443
0.090961
0.090362
0.089944
0.090349
0.089580
0.090551
0.089364
0.090313
0.088987
0.089297
0.088689
0.089027
0.088219
0.089164
0.088051
0.088766
0.087624
0.088314
0.087244
0.087888
0.086937
0.087613
0.086621
0.087275
0.086313
0.086965
0.085957
0.086621
0.085627
0.086299
0.085277
0.085946
0.084931
0.085612
0.084581
0.085259
0.084228
0.084912
0.083873
0.084560
0.083514
0.084207
0.083155
0.083854
0.082793
0.083500
0.082430
0.083147
0.082067
0.082794
0.081705
0.082442
0.081343
0.082090
0.080981
0.081736
0.080619
0.081382
0.080257
0.081027
0.079897
0.080674
0.079540
0.080322
0.079185
0.079974
0.078833
0.079629
0.078482
0.079287
0.078133
0.078950
0.077783
0.078618
0.077434
0.078291
0.077086
0.077969
0.076739
0.077649
0.076395
0.077325
0.076054
0.076995
0.075713
0.076657
0.075371
0.076314
0.075027
0.075968
0.074684
0.075623
0.074345
0.075279
0.074009
0.074937
0.073676
0.074598
0.073343
0.074262
0.073014
0.073926
0.072692
0.073584
0.072382
0.073231
0.072083
0.072867
0.071790
0.072497
0.071497
0.072129
0.071205
0.071768
0.070919
0.071414
0.070639
0.071068
0.070366
0.070727
0.070098
0.070389
0.069834
0.070052
0.069572
0.069715
0.069310
0.069378
0.069046
0.069043
0.068776
0.068711
0.068496
0.068385
0.068204
0.068065
0.067900
0.067748
0.067588
0.067430
0.067270
0.067109
0.066946
0.066783
0.066619
0.066454
0.066288
0.066121
0.065953
0.065785
0.065616
0.065447
0.065278
0.065108
0.064938
0.064767
0.064597
0.064427
0.064257
0.064087
0.063918
0.063748
0.063580
0.063411
0.063244
0.063077
0.062910
0.062744
0.062579
0.062415
0.062251
0.062088
0.061926
0.061765
0.061604
0.061445
0.061286
0.061127
0.060970
0.060813
0.060656
0.060501
0.060346
0.060192
0.060038
0.059885
0.059732
0.059580
0.059428
0.059277
0.059126
0.058976
0.058826
0.058676
0.058527
0.058378
0.058230
0.058081
0.057933
0.057786
0.057638
0.057491
0.057345
0.057198
0.057052
0.056906
0.056760
0.056615
0.056470
0.056325
0.056180
0.056036
0.055892
0.055749
0.055606
0.055464
0.055322
0.055180
0.055040
0.054900
0.054760
0.054622
0.054485
0.054348
0.054213
0.054080
0.053947
0.053816
0.053687
0.053559
0.053434
0.053310
0.053189
0.053069
0.052952
0.052838
0.052725
0.052616
0.052509
0.052404
0.052302
0.052203
0.052107
0.052014
0.051923
0.051835
0.051751
0.051669
0.051590
0.051514
0.051441
0.051372
0.051306
0.051243
0.051183
0.051127
0.051075
0.051026
0.050981
0.050941
0.050904
0.050872
0.050844
0.050821
0.050802
0.050788
0.050779
0.050775
0.050776
0.050782
0.050793
0.050809
0.050830
0.050857
0.050888
0.050925
0.050966
0.051013
0.051064
0.051121
0.051182
0.051248
0.051319
0.051394
0.051474
0.051558
0.051646
0.051738
0.051834
0.051934
0.052036
0.052141
0.052246
0.052352
0.052458
0.052561
0.052661
0.052758
0.052853
0.052947
0.053039
0.053132
0.053225
0.053318
0.053412
0.053508
0.053606
0.053708
0.053812
0.053921
0.054033
0.054149
0.054268
0.054390
0.054515
0.054641
0.054769
0.054898
0.055027
0.055156
0.055286
0.055416
0.055545
0.055675
0.055804
0.055934
0.056063
0.056193
0.056322
0.056452
0.056583
0.056713
0.056845
0.056977
0.057110
0.057244
0.057380
0.057518
0.057657
0.057800
0.057945
0.058095
0.058248
0.058407
0.058571
0.058739
0.058913
0.059090
0.059269
0.059450
0.059632
0.059813
0.059993
0.060171
0.060347
0.060521
0.060693
0.060865
0.061036
0.061208
0.061381
0.061557
0.061735
0.061916
0.062100
0.062284
0.062468
0.062650
0.062826
0.062997
0.063161
0.063320
0.063474
0.063625
0.063774
0.063923
0.064072
0.064222
0.064374
0.064526
0.064681
0.064838
0.064998
0.065159
0.065323
0.065490
0.065658
0.065829
0.066001
0.066175
0.066351
0.066529
0.066708
0.066888
0.067070
0.067253
0.067437
0.067623
0.067809
0.067996
0.068185
0.068374
0.068564
0.068755
0.068946
0.069139
0.069332
0.069526
0.069721
0.069917
0.070113
0.070310
0.070508
0.070706
0.070906
0.071105
0.071306
0.071507
0.071709
0.071911
0.072114
0.072317
0.072521
0.072726
0.072931
0.073136
0.073342
0.073548
0.073755
0.073961
0.074168
0.074375
0.074583
0.074790
0.074998
0.075205
0.075413
0.075620
0.075827
0.076035
0.076241
0.076448
0.076654
0.076859
0.077064
0.077268
0.077472
0.077675
0.077876
0.078077
0.078276
0.078474
0.078671
0.078866
0.079059
0.079250
0.079439
0.079626
0.079811
0.079993
0.080174
0.080353
0.080530
0.080707
0.080884
0.081062
0.081241
0.081421
0.081603
0.081786
0.081971
0.082158
0.082346
0.082534
0.082534
0.082724
0.082911
0.083116
0.083202
0.084465
0.083389
0.083464
0.083825
0.084215
0.084635
0.084628
0.084951
0.085259
0.085489
0.085743
0.086006
0.086270
0.086531
0.086792
0.087053
0.087314
0.087572
0.087826
0.088072
0.088310
0.088539
0.088760
0.088975
0.089184
0.089389
0.089590
0.089788
0.089984
0.090176
0.090367
0.090555
0.090741
0.090926
0.091110
0.091293
0.091475
0.091656
0.091837
0.092017
0.092197
0.092377
0.092557
0.092737
0.092917
0.093096
0.093276
0.093455
0.093634
0.093813
0.093991
0.094167
0.094343
0.094518
0.094691
0.094863
0.095033
0.095202
0.095369
0.095534
0.095698
0.095860
0.096020
0.096179
0.096337
0.096493
0.096648
0.096802
0.096955
0.097108
0.097259
0.097410
0.097559
0.097709
0.097858
0.098006
0.098154
0.098301
0.098448
0.098595
0.098741
0.098887
0.099032
0.099178
0.099323
0.099468
0.099613
0.099757
0.099902
0.100046
0.100190
0.100334
0.100478
0.100623
0.100767
0.100911
0.101056
0.101200
0.101345
0.101491
0.101637
0.101783
0.101930
0.102078
0.102226
0.102375
0.102526
0.102677
0.102830
0.102983
0.103139
0.103295
0.103453
0.103613
0.103775
0.103938
0.104104
0.104271
0.104441
0.104613
0.104787
0.104964
0.105143
0.105325
0.105509
0.105697
0.105887
0.106080
0.106276
0.106476
0.106678
0.106884
0.107093
0.107306
0.107522
0.107741
0.107964
0.108191
0.108421
0.108656
0.108893
0.109135
0.109381
0.109630
0.109884
0.110141
0.110402
0.110668
0.110937
0.111211
0.111489
0.111770
0.112056
0.112347
0.112641
0.112940
0.113243
0.113550
0.113861
0.114177
0.114496
0.114820
0.115149
0.115481
0.115818
0.116159
0.116504
0.116854
0.117207
0.117565
0.117927
0.118292
0.118662
0.119036
0.119414
0.119795
0.120181
0.120570
0.120963
0.121359
0.121759
0.122163
0.122570
0.122980
0.123393
0.123810
0.124229
0.124652
0.125077
0.125505
0.125935
0.126368
0.126803
0.127240
0.127680
0.128121
0.128564
0.129009
0.129455
0.129903
0.130351
0.130801
0.131252
0.131703
0.132156
0.132608
0.133061
0.133514
0.133967
0.134420
0.134873
0.135325
0.135777
0.136229
0.136679
0.137128
0.137577
0.138024
0.138470
0.138914
0.139357
0.139798
0.140238
0.140675
0.141111
0.141544
0.141976
0.142405
0.142832
0.143256
0.143678
0.144097
0.144514
0.144928
0.145339
0.145748
0.146154
0.146556
0.146956
0.147353
0.147747
0.148138
0.148526
0.148911
0.149292
0.149671
0.150046
0.150419
0.150788
0.151154
0.151517
0.151877
0.152233
0.152587
0.152937
0.153285
0.153629
0.153970
0.154308
0.154643
0.154976
0.155305
0.155631
0.155954
0.156274
0.156592
0.156907
0.157218
0.157527
0.157834
0.158137
0.158438
0.158736
0.159032
0.159325
0.159615
0.159903
0.160188
0.160471
0.160752
0.161030
0.161306
0.161579
0.161851
0.162120
0.162386
0.162651
0.162914
0.163174
0.163432
0.163689
0.163943
0.164195
0.164446
0.164694
0.164941
0.165185
0.165428
0.165670
0.165909
0.166147
0.166382
0.166617
0.166849
0.167080
0.167309
0.167537
0.167763
0.167988
0.168211
0.168432
0.168652
0.168871
0.169088
0.169303
0.169517
0.169730
0.169941
0.170151
0.170359
0.170566
0.170772
0.170976
0.171179
0.171380
0.171580
0.171779
0.171976
0.172171
0.172366
0.172558
0.172750
0.172940
0.173128
0.173315
0.173500
0.173684
0.173867
0.174048
0.174227
0.174404
0.174580
0.174755
0.174927
0.175098
0.175267
0.175434
0.175600
0.175763
0.175924
0.176084
0.176241
0.176396
0.176549
0.176700
0.176849
0.176995
0.177139
0.177280
0.177419
0.177555
0.177688
0.177819
0.177946
0.178071
0.178192
0.178311
0.178426
0.178538
0.178647
0.178752
0.178854
0.178952
0.179046
0.179137
0.179224
0.179307
0.179386
0.179460
0.179531
0.179598
0.179661
0.179719
0.179774
0.179824
0.179870
0.179912
0.179950
0.179985
0.180015
0.180042
0.180065
0.180086
0.180103
0.180117
0.180129
0.180139
0.180147
0.180155
0.180161
0.180167
0.180174
0.180182
0.180190
0.180200
0.180211
0.180219
0.180223
0.180216
0.180195
0.180156
0.180100
0.180032
0.179955
0.179876
0.179799
0.179729
0.179667
0.179616
0.179578
0.179551
0.179538
0.179536
0.179547
0.179569
0.179603
0.179648
0.179703
0.179770
0.179846
0.179933
0.180030
0.180136
0.180251
0.180376
0.180509
0.180651
0.180801
0.180959
0.181125
0.181298
0.181478
0.181666
0.181860
0.182060
0.182267
0.182480
0.182698
0.182922
0.183152
0.183386
0.183625
0.183869
0.184117
0.184369
0.184626
0.184886
0.185150
0.185417
0.185687
0.185961
0.186238
0.186517
0.186799
0.187084
0.187371
0.187660
0.187951
0.188244
0.188539
0.188836
0.189134
0.189434
0.189735
0.190037
0.190340
0.190645
0.190951
0.191257
0.191564
0.191872
0.192181
0.192490
0.192799
0.193109
0.193420
0.193730
0.194041
0.194352
0.194664
0.194975
0.195286
0.195598
0.195909
0.196220
0.196220
0.196531
0.196842
0.197153
0.197463
0.197773
0.198083
0.198393
0.198702
0.199011
0.199320
0.199628
0.199936
0.200243
0.200550
0.200857
0.201163
0.201469
0.201775
0.202080
0.202384
0.202689
0.202993
0.203296
0.203599
0.203902
0.204205
0.204507
0.204809
0.205110
0.205412
0.205713
0.206014
0.206314
0.206615
0.206915
0.207215
0.207516
0.207816
0.208116
0.208416
0.208716
0.209016
0.209316
0.209617
0.209917
0.210218
0.210519
0.210821
0.211122
0.211424
0.211726
0.212029
0.212332
0.212636
0.212940
0.213244
0.213549
0.213855
0.214161
0.214468
0.214776
0.215084
0.215393
0.215703
0.216013
0.216324
0.216637
0.216949
0.217263
0.217577
0.217893
0.218209
0.218525
0.218843
0.219161
0.219481
0.219801
0.220121
0.220443
0.220765
0.221088
0.221412
0.221736
0.222061
0.222386
0.222712
0.223039
0.223365
0.223693
0.224020
0.224348
0.224676
0.225004
0.225332
0.225660
0.225988
0.226317
0.226644
0.226972
0.227299
0.227626
0.227952
0.228278
0.228603
0.228927
0.229250
0.229573
0.229894
0.230215
0.230534
0.230853
0.231170
0.231485
0.231799
0.232112
0.232423
0.232732
0.233040
0.233346
0.233651
0.233953
0.234253
0.234552
0.234848
0.235143
0.235435
0.235725
0.236013
0.236299
0.236583
0.236864
0.237143
0.237419
0.237694
0.237966
0.238235
0.238502
0.238767
0.239029
0.239288
0.239546
0.239800
0.240052
0.240302
0.240549
0.240794
0.241036
0.241276
0.241513
0.241747
0.241979
0.242208
0.242435
0.242659
0.242880
0.243098
0.243314
0.243527
0.243738
0.243945
0.244150
0.244352
0.244551
0.244747
0.244940
0.245131
0.245318
0.245503
0.245684
0.245862
0.246038
0.246210
0.246380
0.246546
0.246709
0.246869
0.247026
0.247180
0.247331
0.247479
0.247624
0.247766
0.247904
0.248040
0.248173
0.248302
0.248429
0.248553
0.248674
0.248792
0.248907
0.249020
0.249130
0.249238
0.249344
0.249449
0.249552
0.249654
0.249758
0.249865
0.249980
0.250106
0.250200
0.250232
0.250348
0.250453
0.250583
0.250662
0.250793
0.250818
0.251014
0.250945
0.251210
0.251127
0.251255
0.251260
0.251446
0.251340
0.251511
0.251439
0.251632
0.251551
0.251584
0.251667
0.251583
0.251752
0.251674
0.251633
0.251781
0.251692
0.251644
0.251762
0.251694
0.251646
0.251672
0.251569
0.251644
0.251608
0.251538
0.251536
0.251462
0.251450
0.251351
0.251357
0.251305
0.251256
0.251171
0.251115
0.251069
0.251116
0.251087
0.250951
0.250821
0.250701
0.250747
0.250679
0.250482
0.250409
0.250228
0.250423
0.250420
0.250322
0.250352
0.250344
0.250312
0.250273
0.250216
0.250151
0.250077
0.249995
0.249909
0.249821
0.249730
0.249637
0.249542
0.249445
0.249346
0.249244
0.249140
0.249035
0.248928
0.248819
0.248709
0.248597
0.248483
0.248368
0.248250
0.248131
0.248010
0.247888
0.247764
0.247638
0.247511
0.247383
0.247253
0.247122
0.246989
0.246856
0.246721
0.246585
0.246448
0.246310
0.246171
0.246032
0.245891
0.245750
0.245608
0.245465
0.245321
0.245177
0.245032
0.244887
0.244741
0.244594
0.244447
0.244299
0.244151
0.244002
0.243852
0.243702
0.243551
0.243399
0.243247
0.243094
0.242940
0.242786
0.242631
0.242475
0.242319
0.242162
0.242003
0.241844
0.241685
0.241524
0.241362
0.241200
0.241036
0.240872
0.240706
0.240539
0.240372
0.240203
0.240033
0.239861
0.239689
0.239515
0.239339
0.239163
0.238984
0.238804
0.238623
0.238440
0.238255
0.238068
0.237879
0.237689
0.237496
0.237301
0.237104
0.236904
0.236702
0.236498
0.236290
0.236080
0.235867
0.235652
0.235433
0.235211
0.234986
0.234757
0.234526
0.234290
0.234052
0.233809
0.233563
0.233314
0.233060
0.232803
0.232541
0.232276
0.232007
0.231733
0.231456
0.231174
0.230887
0.230597
0.230302
0.230002
0.229698
0.229390
0.229076
0.228758
0.228435
0.228108
0.227775
0.227437
0.227095
0.226747
0.226394
0.226035
0.225671
0.225302
0.224927
0.224547
0.224161
0.223770
0.223372
0.222969
0.222560
0.222145
0.221723
0.221296
0.220862
0.220422
0.219976
0.219523
0.219064
0.218598
0.218125
0.217646
0.217160
0.216667
0.216167
0.215660
0.215146
0.214625
0.214098
0.213563
0.213021
0.212472
0.211916
0.211353
0.210783
0.210206
0.209622
0.209031
0.208434
0.207830
0.207220
0.206603
0.205980
0.205351
0.204717
0.204077
0.203432
0.202781
0.202127
0.201467
0.200804
0.200138
0.199468
0.198796
0.198121
0.197444
0.196767
0.196088
0.195409
0.194731
0.194054
0.193378
0.192705
0.192034
0.191366
0.190703
0.190045
0.189391
0.188744
0.188103
0.187470
0.186845
0.186227
0.185619
0.185021
0.184433
0.183855
0.183288
0.182734
0.182191
0.181660
0.181143
0.180639
0.180148
0.179671
0.179208
0.178760
0.178325
0.177906
0.177501
0.177111
0.176736
0.176375
0.176030
0.175699
0.175383
0.175082
0.174796
0.174524
0.174267
0.174023
0.174023
0.173794
0.173579
0.173377
0.173189
0.173014
0.172852
0.172703
0.172566
0.172442
0.172329
0.172229
0.172140
0.172062
0.171995
0.171939
0.171893
0.171858
0.171832
0.171816
0.171810
0.171812
0.171824
0.171844
0.171873
0.171910
0.171954
0.172007
0.172067
0.172134
0.172208
0.172289
0.172377
0.172471
0.172571
0.172678
0.172790
0.172908
0.173031
0.173160
0.173294
0.173433
0.173576
0.173724
0.173877
0.174035
0.174196
0.174362
0.174531
0.174704
0.174881
0.175062
0.175246
0.175434
0.175624
0.175818
0.176015
0.176215
0.176418
0.176623
0.176831
0.177042
0.177255
0.177471
0.177688
0.177909
0.178131
0.178355
0.178581
0.178810
0.179040
0.179272
0.179505
0.179741
0.179978
0.180216
0.180456
0.180697
0.180939
0.181183
0.181427
0.181673
0.181919
0.182166
0.182414
0.182662
0.182911
0.183159
0.183407
0.183654
0.183900
0.184144
0.184385
0.184623
0.184855
0.185080
0.185294
0.185491
0.185663
0.185796
0.185871
0.185447
0.184499
0.185704
0.185700
0.186448
0.186017
0.187576
0.187774
0.188604
0.188259
0.189961
0.190218
0.190909
0.190528
0.192080
0.192080
0.192986
0.192405
0.193988
0.194194
0.194530
0.194321
0.195453
0.195038
0.196403
0.196245
0.197073
0.196517
0.197894
0.197869
0.198504
0.198043
0.199301
0.199120
0.199977
0.199529
0.200691
0.200477
0.201331
0.200937
0.202025
0.201785
0.202662
0.202312
0.203312
0.203045
0.203936
0.203631
0.204561
0.204294
0.205177
0.204908
0.205787
0.205534
0.206391
0.206148
0.206990
0.206760
0.207584
0.207368
0.208175
0.207973
0.208762
0.208575
0.209346
0.209174
0.209927
0.209771
0.210505
0.210367
0.211081
0.210960
0.211654
0.211552
0.212225
0.212143
0.212794
0.212732
0.213360
0.213319
0.213924
0.213905
0.214485
0.214490
0.215044
0.215073
0.215601
0.215655
0.216155
0.216235
0.216708
0.216813
0.217259
0.217388
0.217808
0.217962
0.218355
0.218532
0.218902
0.219099
0.219447
0.219663
0.219992
0.220223
0.220536
0.220778
0.221078
0.221329
0.221618
0.221875
0.222157
0.222418
0.222693
0.222956
0.223227
0.223490
0.223758
0.224021
0.224286
0.224548
0.224811
0.225072
0.225333
0.225593
0.225852
0.226110
0.226368
0.226625
0.226882
0.227137
0.227392
0.227647
0.227900
0.228153
0.228406
0.228657
0.228909
0.229159
0.229409
0.229659
0.229908
0.230156
0.230404
0.230651
0.230898
0.231144
0.231390
0.231636
0.231880
0.232125
0.232369
0.232612
0.232855
0.233098
0.233340
0.233581
0.233823
0.234064
0.234304
0.234544
0.234784
0.235023
0.235262
0.235500
0.235738
0.235976
0.236213
0.236450
0.236686
0.236922
0.237158
0.237394
0.237629
0.237863
0.238097
0.238331
0.238565
0.238798
0.239031
0.239263
0.239496
0.239727
0.239959
0.240190
0.240421
0.240651
0.240881
0.241111
0.241340
0.241569
0.241798
0.242026
0.242254
0.242482
0.242710
0.242937
0.243163
0.243390
0.243616
0.243842
0.244067
0.244292
0.244517
0.244742
0.244966
0.245190
0.245414
0.245637
0.245860
0.246082
0.246305
0.246527
0.246748
0.246970
0.247191
0.247412
0.247632
0.247852
0.248072
0.248292
0.248511
0.248730
0.248949
0.249167
0.249385
0.249603
0.249820
0.250037
0.250254
0.250471
0.250687
0.250903
0.251118
0.251334
0.251549
0.251763
0.251978
0.252192
0.252406
0.252619
0.252832
0.253045
0.253258
0.253470
0.253682
0.253894
0.254105
0.254316
0.254527
0.254737
0.254948
0.255157
0.255367
0.255576
0.255785
0.255994
0.256202
0.256410
0.256618
0.256825
0.257033
0.257239
0.257446
0.257652
0.257858
0.258064
0.258269
0.258474
0.258679
0.258883
0.259087
0.259291
0.259494
0.259698
0.259901
0.260103
0.260305
0.260507
0.260709
0.260910
0.261111
0.261312
0.261513
0.261713
0.261913
0.262112
0.262312
0.262511
0.262709
0.262908
0.263106
0.263303
0.263501
0.263698
0.263895
0.264092
0.264288
0.264484
0.264680
0.264875
0.265070
0.265265
0.265459
0.265654
0.265848
0.266041
0.266235
0.266428
0.266620
0.266813
0.267005
0.267197
0.267389
0.267580
0.267771
0.267962
0.268152
0.268342
0.268532
0.268722
0.268911
0.269100
0.269289
0.269477
0.269666
0.269853
0.270041
0.270228
0.270415
0.270602
0.270789
0.270975
0.271161
0.271347
0.271532
0.271717
0.271902
0.272086
0.272271
0.272455
0.272638
0.272822
0.273005
0.273188
0.273370
0.273553
0.273735
0.273917
0.274098
0.274279
0.274460
0.274641
0.274821
0.275001
0.275181
0.275360
0.275540
0.275718
0.275897
0.276075
0.276253
0.276431
0.276609
0.276786
0.276963
0.277139
0.277315
0.277491
0.277667
0.277842
0.278017
0.278192
0.278367
0.278541
0.278714
0.278888
0.279061
0.279234
0.279406
0.279579
0.279751
0.279922
0.280093
0.280264
0.280435
0.280605
0.280775
0.280944
0.281113
0.281282
0.281451
0.281619
0.281787
0.281954
0.282121
0.282288
0.282454
0.282621
0.282786
0.282786
0.282952
0.283117
0.283281
0.283445
0.283609
0.283773
0.283936
0.284099
0.284262
0.284424
0.284586
0.284747
0.284908
0.285069
0.285230
0.285390
0.285550
0.285709
0.285869
0.286028
0.286187
0.286345
0.286503
0.286661
0.286819
0.286977
0.287134
0.287291
0.287448
0.287605
0.287762
0.287919
0.288075
0.288232
0.288388
0.288544
0.288701
0.288857
0.289013
0.289169
0.289326
0.289482
0.289639
0.289795
0.289952
0.290108
0.290265
0.290422
0.290579
0.290737
0.290894
0.291052
0.291210
0.291368
0.291526
0.291684
0.291843
0.292002
0.292161
0.292320
0.292479
0.292639
0.292799
0.292959
0.293119
0.293280
0.293440
0.293601
0.293762
0.293923
0.294085
0.294246
0.294408
0.294570
0.294732
0.294894
0.295056
0.295218
0.295381
0.295543
0.295706
0.295868
0.296031
0.296193
0.296356
0.296519
0.296682
0.296844
0.297007
0.297170
0.297333
0.297495
0.297658
0.297820
0.297983
0.298145
0.298308
0.298470
0.298632
0.298794
0.298956
0.299118
0.299279
0.299441
0.299602
0.299764
0.299925
0.300085
0.300246
0.300407
0.300567
0.300727
0.300887
0.301047
0.301207
0.301366
0.301525
0.301684
0.301843
0.302001
0.302159
0.302317
0.302475
0.302633
0.302790
0.302947
0.303104
0.303260
0.303416
0.303572
0.303728
0.303883
0.304039
0.304194
0.304348
0.304503
0.304657
0.304811
0.304964
0.305117
0.305270
0.305423
0.305576
0.305728
0.305880
0.306031
0.306183
0.306334
0.306485
0.306635
0.306785
0.306935
0.307085
0.307235
0.307384
0.307533
0.307681
0.307830
0.307978
0.308126
0.308273
0.308421
0.308568
0.308715
0.308861
0.309007
0.309154
0.309299
0.309445
0.309590
0.309735
0.309880
0.310025
0.310169
0.310313
0.310457
0.310601
0.310744
0.310887
0.311030
0.311173
0.311316
0.311458
0.311600
0.311742
0.311884
0.312025
0.312166
0.312308
0.312448
0.312589
0.312730
0.312870
0.313010
0.313150
0.313289
0.313429
0.313568
0.313707
0.313846
0.313985
0.314124
0.314262
0.314401
0.314539
0.314677
0.314814
0.314952
0.315089
0.315227
0.315364
0.315501
0.315638
0.315774
0.315911
0.316047
0.316184
0.316320
0.316456
0.316592
0.316727
0.316863
0.316998
0.317134
0.317269
0.317404
0.317539
0.317674
0.317809
0.317943
0.318078
0.318212
0.318346
0.318481
0.318615
0.318749
0.318882
0.319016
0.319150
0.319283
0.319417
0.319550
0.319684
0.319817
0.319950
0.320083
0.320216
0.320349
0.320481
0.320614
0.320747
0.320879
0.321012
0.321144
0.321276
0.321409
0.321541
0.321673
0.321805
0.321937
0.322069
0.322201
0.322332
0.322464
0.322596
0.322727
0.322859
0.322991
0.323122
0.323253
0.323385
0.323516
0.323647
0.323779
0.323910
0.324041
0.324172
0.324303
0.324434
0.324565
0.324696
0.324827
0.324958
0.325089
0.325220
0.325350
0.325481
0.325612
0.325743
0.325873
0.326004
0.326135
0.326266
0.326396
0.326527
0.326657
0.326788
0.326919
0.327049
0.327180
0.327310
0.327441
0.327571
0.327702
0.327832
0.327963
0.328093
0.328224
0.328354
0.328485
0.328615
0.328746
0.328876
0.329007
0.329137
0.329268
0.329398
0.329529
0.329660
0.329790
0.329921
0.330051
0.330182
0.330313
0.330443
0.330574
0.330704
0.330835
0.330966
0.331097
0.331227
0.331358
0.331489
0.331620
0.331750
0.331881
0.332012
0.332143
0.332274
0.332405
0.332536
0.332667
0.332798
0.332929
0.333060
0.333191
0.333322
0.333454
0.333585
0.333716
0.333847
0.333979
0.334110
0.334242
0.334373
0.334505
0.334636
0.334768
0.334899
0.335031
0.335163
0.335294
0.335426
0.335558
0.335690
0.335822
0.335954
0.336086
0.336218
0.336350
0.336482
0.336614
0.336747
0.336879
0.337011
0.337144
0.337276
0.337409
0.337541
0.337674
0.337807
0.337939
0.338072
0.338205
0.338338
0.338471
0.338604
0.338737
0.338870
0.339003
0.339137
0.339270
0.339403
0.339537
0.339670
0.339804
0.339937
0.340071
0.340205
0.340339
0.340472
0.340606
0.340740
0.340874
0.341009
0.341143
0.341277
0.341411
0.341546
0.341680
0.341815
0.341949
0.342084
0.342219
0.342353
0.342488
0.342623
0.342758
0.342893
0.343028
0.343163
0.343299
0.343434
0.343569
0.343705
0.343840
0.343976
0.344112
0.344247
0.344383
0.344519
0.344655
0.344791
0.344927
0.345063
0.345199
0.345336
0.345472
0.345609
0.345745
0.345882
0.346018
0.346155
0.346292
0.346429
0.346566
0.346703
0.346840
0.346977
0.347114
0.347252
0.347389
0.347527
0.347664
0.347802
0.347939
0.348077
0.348215
0.348353
0.348491
0.348629
0.348767
0.348905
0.349044
0.349182
0.349321
0.349459
0.349598
0.349736
0.349875
0.350014
0.350153
0.350292
0.350431
0.350570
0.350709
0.350848
0.350988
0.351127
0.351267
0.351406
0.351546
0.351686
0.351825
0.351965
0.352105
0.352245
0.352385
0.352526
0.352666
0.352806
0.352947
0.353087
0.353228
0.353368
0.353509
0.353650
0.353790
0.353931
0.353931
0.354072
0.354213
0.354355
0.354496
0.354637
0.354779
0.354920
0.355061
0.355203
0.355345
0.355487
0.355628
0.355770
0.355912
0.356054
0.356196
0.356339
0.356481
0.356623
0.356766
0.356908
0.357051
0.357193
0.357336
0.357479
0.357622
0.357764
0.357907
0.358050
0.358194
0.358337
0.358480
0.358623
0.358767
0.358910
0.359054
0.359198
0.359341
0.359485
0.359629
0.359773
0.359917
0.360061
0.360205
0.360349
0.360494
0.360638
0.360782
0.360927
0.361071
0.361216
0.361361
0.361506
0.361650
0.361795
0.361940
0.362085
0.362231
0.362376
0.362521
0.362666
0.362812
0.362957
0.363103
0.363248
0.363394
0.363540
0.363686
0.363832
0.363977
0.364123
0.364270
0.364416
0.364562
0.364708
0.364855
0.365001
0.365148
0.365294
0.365441
0.365587
0.365734
0.365881
0.366028
0.366175
0.366322
0.366469
0.366616
0.366763
0.366911
0.367058
0.367205
0.367353
0.367500
0.367648
0.367796
0.367943
0.368091
0.368239
0.368387
0.368535
0.368683
0.368831
0.368979
0.369128
0.369276
0.369424
0.369573
0.369721
0.369870
0.370018
0.370167
0.370316
0.370465
0.370614
0.370762
0.370911
0.371061
0.371210
0.371359
0.371508
0.371657
0.371807
0.371956
0.372106
0.372255
0.372405
0.372554
0.372704
0.372854
0.373004
0.373154
0.373304
0.373454
0.373604
0.373754
0.373904
0.374054
0.374205
0.374355
0.374506
0.374656
0.374807
0.374957
0.375108
0.375259
0.375409
0.375560
0.375711
0.375862
0.376013
0.376164
0.376315
0.376466
0.376618
0.376769
0.376920
0.377072
0.377223
0.377375
0.377526
0.377678
0.377830
0.377981
0.378133
0.378285
0.378437
0.378589
0.378741
0.378893
0.379045
0.379197
0.379350
0.379502
0.379654
0.379807
0.379959
0.380112
0.380264
0.380417
0.380569
0.380722
0.380875
0.381028
0.381181
0.381333
0.381486
0.381639
0.381793
0.381946
0.382099
0.382252
0.382405
0.382559
0.382712
0.382866
0.383019
0.383173
0.383326
0.383480
0.383634
0.383787
0.383941
0.384095
0.384249
0.384403
0.384557
0.384711
0.384865
0.385019
0.385173
0.385328
0.385482
0.385636
0.385791
0.385945
0.386100
0.386254
0.386409
0.386563
0.386718
0.386873
0.387027
0.387182
0.387337
0.387492
0.387647
0.387802
0.387957
0.388112
0.388267
0.388423
0.388578
0.388733
0.388888
0.389044
0.389199
0.389355
0.389510
0.389666
0.389821
0.389977
0.390133
0.390289
0.390444
0.390600
0.390756
0.390912
0.391068
0.391224
0.391380
0.391536
0.391692
0.391849
0.392005
0.392161
0.392317
0.392474
0.392630
0.392787
0.392943
0.393100
0.393256
0.393413
0.393570
0.393726
0.393883
0.394040
0.394197
0.394353
0.394510
0.394667
0.394824
0.394981
0.395138
0.395296
0.395453
0.395610
0.395767
0.395924
0.396082
0.396239
0.396397
0.396554
0.396711
0.396869
0.397027
0.397184
0.397342
0.397499
0.397657
0.397815
0.397973
0.398131
0.398288
0.398446
0.398604
0.398762
0.398920
0.399078
0.399236
0.399395
0.399553
0.399711
0.399869
0.400028
0.400186
0.400344
0.400503
0.400661
0.400819
0.400978
0.401136
0.401295
0.401454
0.401612
0.401771
0.401930
0.402088
0.402247
0.402406
0.402565
0.402724
0.402883
0.403042
0.403201
0.403360
0.403519
0.403678
0.403837
0.403996
0.404155
0.404314
0.404474
0.404633
0.404792
0.404952
0.405111
0.405270
0.405430
0.405589
0.405749
0.405908
0.406068
0.406228
0.406387
0.406547
0.406706
0.406866
0.407026
0.407186
0.407346
0.407505
0.407665
0.407825
0.407985
0.408145
0.408305
0.408465
0.408625
0.408785
0.408945
0.409105
0.409266
0.409426
0.409586
0.409746
0.409906
0.410067
0.410227
0.410387
0.410548
0.410708
0.410869
0.411029
0.411189
0.411350
0.411510
0.411671
0.411832
0.411992
0.412153
0.412313
0.412474
0.412635
0.412796
0.412956
0.413117
0.413278
0.413439
0.413600
0.413760
0.413921
0.414082
0.414243
0.414404
0.414565
0.414726
0.414887
0.415048
0.415209
0.415370
0.415531
0.415692
0.415854
0.416015
0.416176
0.416337
0.416498
0.416660
0.416821
0.416982
0.417144
0.417305
0.417466
0.417628
0.417789
0.417950
0.418112
0.418273
0.418435
0.418596
0.418758
0.418919
0.419081
0.419242
0.419404
0.419565
0.419727
0.419889
0.420050
0.420212
0.420373
0.420535
0.420697
0.420858
0.421020
0.421182
0.421344
0.421505
0.421667
0.421829
0.421991
0.422153
0.422314
0.422476
0.422638
0.422800
0.422962
0.423124
0.423286
0.423448
0.423609
0.423771
0.423933
0.424095
0.424257
0.424419
0.424581
0.424743
0.424905
0.425067
0.425229
0.425391
0.425553
0.425715
0.425878
0.426040
0.426202
0.426364
0.426526
0.426688
0.426850
0.427012
0.427174
0.427337
0.427499
0.427661
0.427823
0.427985
0.428147
0.428309
0.428472
0.428634
0.428796
0.428958
0.429120
0.429283
0.429445
0.429607
0.429769
0.429932
0.430094
0.430256
0.430418
0.430580
0.430743
0.430905
0.431067
0.431067
0.431229
0.431392
0.431554
0.431716
0.431878
0.432041
0.432203
0.432365
0.432527
0.432690
0.432852
0.433014
0.433176
0.433339
0.433501
0.433663
0.433825
0.433988
0.434150
0.434312
0.434474
0.434637
0.434799
0.434961
0.435123
0.435286
0.435448
0.435610
0.435772
0.435934
0.436097
0.436259
0.436421
0.436583
0.436745
0.436908
0.437070
0.437232
0.437394
0.437556
0.437718
0.437881
0.438043
0.438205
0.438367
0.438529
0.438691
0.438853
0.439015
0.439177
0.439339
0.439502
0.439664
0.439826
0.439988
0.440150
0.440312
0.440474
0.440636
0.440798
0.440960
0.441122
0.441283
0.441445
0.441607
0.441769
0.441931
0.442093
0.442255
0.442417
0.442579
0.442740
0.442902
0.443064
0.443226
0.443387
0.443549
0.443711
0.443873
0.444034
0.444196
0.444358
0.444519
0.444681
0.444843
0.445004
0.445166
0.445327
0.445489
0.445650
0.445812
0.445973
0.446135
0.446296
0.446458
0.446619
0.446781
0.446942
0.447103
0.447265
0.447426
0.447587
0.447749
0.447910
0.448071
0.448232
0.448393
0.448555
0.448716
0.448877
0.449038
0.449199
0.449360
0.449521
0.449682
0.449843
0.450004
0.450165
0.450326
0.450486
0.450647
0.450808
0.450969
0.451130
0.451290
0.451451
0.451612
0.451772
0.451933
0.452094
0.452254
0.452415
0.452575
0.452736
0.452896
0.453056
0.453217
0.453377
0.453537
0.453698
0.453858
0.454018
0.454178
0.454339
0.454499
0.454659
0.454819
0.454979
0.455139
0.455299
0.455459
0.455619
0.455778
0.455938
0.456098
0.456258
0.456418
0.456577
0.456737
0.456896
0.457056
0.457216
0.457375
0.457535
0.457694
0.457853
0.458013
0.458172
0.458331
0.458490
0.458650
0.458809
0.458968
0.459127
0.459286
0.459445
0.459604
0.459763
0.459922
0.460081
0.460239
0.460398
0.460557
0.460715
0.460874
0.461033
0.461191
0.461350
0.461508
0.461667
0.461825
0.461983
0.462141
0.462300
0.462458
0.462616
0.462774
0.462932
0.463090
0.463248
0.463406
0.463564
0.463722
0.463879
0.464037
0.464195
0.464352
0.464510
0.464668
0.464825
0.464982
0.465140
0.465297
0.465454
0.465612
0.465769
0.465926
0.466083
0.466240
0.466397
0.466554
0.466711
0.466868
0.467025
0.467181
0.467338
0.467495
0.467651
0.467808
0.467964
0.468121
0.468277
0.468433
0.468590
0.468746
0.468902
0.469058
0.469214
0.469370
0.469526
0.469682
0.469838
0.469994
0.470150
0.470305
0.470461
0.470617
0.470772
0.470928
0.471083
0.471238
0.471394
0.471549
0.471704
0.471859
0.472015
0.472170
0.472325
0.472480
0.472635
0.472789
0.472944
0.473099
0.473254
0.473408
0.473563
0.473717
0.473872
0.474026
0.474181
0.474335
0.474489
0.474644
0.474798
0.474952
0.475106
0.475260
0.475414
0.475568
0.475722
0.475875
0.476029
0.476183
0.476337
0.476490
0.476644
0.476797
0.476951
0.477104
0.477257
0.477411
0.477564
0.477717
0.477870
0.478023
0.478176
0.478329
0.478482
0.478635
0.478788
0.478940
0.479093
0.479246
0.479398
0.479551
0.479703
0.479856
0.480008
0.480161
0.480313
0.480465
0.480617
0.480769
0.480921
0.481073
0.481225
0.481377
0.481529
0.481681
0.481833
0.481984
0.482136
0.482288
0.482439
0.482591
0.482742
0.482893
0.483045
0.483196
0.483347
0.483498
0.483649
0.483800
0.483951
0.484102
0.484253
0.484403
0.484554
0.484705
0.484855
0.485005
0.485156
0.485306
0.485456
0.485607
0.485757
0.485907
0.486057
0.486207
0.486357
0.486506
0.486656
0.486806
0.486955
0.487105
0.487254
0.487403
0.487552
0.487702
0.487851
0.488000
0.488148
0.488297
0.488446
0.488595
0.488743
0.488892
0.489040
0.489188
0.489336
0.489484
0.489632
0.489780
0.489928
0.490076
0.490223
0.490371
0.490518
0.490665
0.490813
0.490960
0.491107
0.491254
0.491400
0.491547
0.491694
0.491840
0.491986
0.492132
0.492279
0.492425
0.492570
0.492716
0.492862
0.493007
0.493153
0.493298
0.493443
0.493588
0.493733
0.493878
0.494022
0.494167
0.494311
0.494456
0.494600
0.494744
0.494888
0.495031
0.495175
0.495318
0.495462
0.495605
0.495748
0.495891
0.496034
0.496176
0.496319
0.496461
0.496603
0.496745
0.496887
0.497029
0.497170
0.497312
0.497453
0.497594
0.497735
0.497876
0.498016
0.498157
0.498297
0.498437
0.498577
0.498717
0.498856
0.498996
0.499135
0.499274
0.499413
0.499552
0.499690
0.499829
0.499967
0.500105
0.500242
0.500380
0.500517
0.500654
0.500791
0.500928
0.501064
0.501201
0.501337
0.501473
0.501608
0.501744
0.501879
0.502014
0.502149
0.502283
0.502417
0.502551
0.502685
0.502819
0.502952
0.503085
0.503218
0.503350
0.503482
0.503614
0.503746
0.503877
0.504008
0.504139
0.504270
0.504400
0.504530
0.504660
0.504789
0.504918
0.505047
0.505175
0.505303
0.505431
0.505559
0.505686
0.505813
0.505939
0.506066
0.506191
0.506317
0.506442
0.506567
0.506692
0.506816
0.506940
0.507063
0.507186
0.507186
0.507309
0.507431
0.507554
0.507675
0.507797
0.507918
0.508038
0.508158
0.508278
0.508398
0.508517
0.508636
0.508754
0.508872
0.508990
0.509107
0.509224
0.509341
0.509457
0.509573
0.509689
0.509804
0.509918
0.510033
0.510147
0.510261
0.510374
0.510487
0.510599
0.510712
0.510824
0.510935
0.511046
0.511157
0.511267
0.511377
0.511487
0.511597
0.511706
0.511814
0.511922
0.512030
0.512138
0.512245
0.512352
0.512458
0.512564
0.512669
0.512775
0.512879
0.512983
0.513087
0.513190
0.513293
0.513395
0.513497
0.513598
0.513699
0.513798
0.513897
0.513996
0.514093
0.514189
0.514285
0.514379
0.514472
0.514564
0.514655
0.514743
0.514830
0.514915
0.514997
0.515077
0.515153
0.515227
0.515296
0.515360
0.515419
0.515471
0.515516
0.515553
0.515579
0.515593
0.515593
0.515578
0.515546
0.515495
0.515427
0.515344
0.515252
0.515162
0.515083
0.515026
0.514997
0.514998
0.515027
0.515082
0.515164
0.515274
0.515413
0.515586
0.515791
0.516028
0.516294
0.516585
0.516899
0.517230
0.517575
0.517930
0.518294
0.518662
0.519032
0.519402
0.519768
0.520129
0.520483
0.520828
0.521163
0.521486
0.521798
0.522096
0.522381
0.522652
0.522907
0.523148
0.523372
0.523580
0.523773
0.523949
0.524110
0.524256
0.524388
0.524506
0.524612
0.524705
0.524789
0.524862
0.524927
0.524985
0.525035
0.525080
0.525120
0.525156
0.525189
0.525219
0.525247
0.525274
0.525299
0.525324
0.525349
0.525374
0.525399
0.525425
0.525451
0.525479
0.525508
0.525538
0.525569
0.525602
0.525636
0.525671
0.525708
0.525747
0.525786
0.525828
0.525870
0.525914
0.525960
0.526006
0.526054
0.526104
0.526154
0.526206
0.526259
0.526313
0.526369
0.526426
0.526483
0.526542
0.526602
0.526663
0.526725
0.526789
0.526853
0.526918
0.526984
0.527051
0.527119
0.527187
0.527257
0.527327
0.527398
0.527470
0.527543
0.527616
0.527690
0.527764
0.527839
0.527915
0.527991
0.528068
0.528145
0.528222
0.528300
0.528378
0.528457
0.528536
0.528615
0.528695
0.528774
0.528854
0.528934
0.529014
0.529094
0.529175
0.529255
0.529336
0.529416
0.529497
0.529577
0.529658
0.529738
0.529819
0.529899
0.529979
0.530059
0.530139
0.530219
0.530299
0.530379
0.530458
0.530537
0.530616
0.530695
0.530774
0.530852
0.530931
0.531009
0.531086
0.531164
0.531241
0.531318
0.531395
0.531472
0.531548
0.531624
0.531700
0.531776
0.531851
0.531926
0.532001
0.532076
0.532150
0.532224
0.532298
0.532372
0.532445
0.532518
0.532591
0.532663
0.532736
0.532808
0.532879
0.532951
0.533022
0.533093
0.533164
0.533234
0.533304
0.533374
0.533444
0.533514
0.533583
0.533652
0.533721
0.533789
0.533858
0.533926
0.533993
0.534061
0.534128
0.534196
0.534263
0.534329
0.534396
0.534462
0.534528
0.534594
0.534659
0.534725
0.534790
0.534855
0.534919
0.534984
0.535048
0.535112
0.535176
0.535240
0.535303
0.535366
0.535429
0.535492
0.535555
0.535617
0.535679
0.535741
0.535803
0.535864
0.535926
0.535987
0.536048
0.536108
0.536169
0.536229
0.536289
0.536349
0.536409
0.536468
0.536527
0.536586
0.536645
0.536703
0.536762
0.536820
0.536877
0.536935
0.536993
0.537050
0.537107
0.537163
0.537220
0.537276
0.537332
0.537388
0.537444
0.537499
0.537554
0.537609
0.537664
0.537718
0.537772
0.537826
0.537880
0.537933
0.537987
0.538040
0.538092
0.538145
0.538197
0.538249
0.538301
0.538352
0.538404
0.538455
0.538506
0.538556
0.538606
0.538656
0.538706
0.538756
0.538805
0.538854
0.538903
0.538951
0.538999
0.539047
0.539095
0.539143
0.539190
0.539237
0.539284
0.539330
0.539376
0.539422
0.539468
0.539513
0.539558
0.539603
0.539648
0.539692
0.539736
0.539780
0.539823
0.539867
0.539910
0.539952
0.539995
0.540037
0.540079
0.540120
0.540162
0.540203
0.540244
0.540284
0.540325
0.540365
0.540404
0.540444
0.540483
0.540522
0.540561
0.540599
0.540637
0.540675
0.540713
0.540750
0.540787
0.540824
0.540861
0.540897
0.540933
0.540969
0.541004
0.541039
0.541074
0.541109
0.541143
0.541177
0.541211
0.541245
0.541278
0.541311
0.541344
0.541376
0.541408
0.541440
0.541472
0.541503
0.541534
0.541565
0.541596
0.541626
0.541656
0.541686
0.541715
0.541745
0.541774
0.541802
0.541831
0.541859
0.541887
0.541915
0.541942
0.541969
0.541996
0.542022
0.542049
0.542075
0.542101
0.542126
0.542151
0.542176
0.542201
0.542226
0.542250
0.542274
0.542298
0.542321
0.542344
0.542367
0.542390
0.542412
0.542434
0.542456
0.542478
0.542499
0.542520
0.542541
0.542562
0.542582
0.542602
0.542622
0.542642
0.542661
0.542680
0.542699
0.542718
0.542736
0.542754
0.542772
0.542790
0.542807
0.542824
0.542841
0.542858
0.542874
0.542890
0.542906
0.542922
0.542937
0.542953
0.542968
0.542982
0.542997
0.543011
0.543025
0.543039
0.543052
0.543065
0.543065
0.543078
0.543091
0.543104
0.543116
0.543128
0.543140
0.543152
0.543163
0.543175
0.543186
0.543196
0.543207
0.543217
0.543227
0.543237
0.543247
0.543256
0.543265
0.543274
0.543283
0.543291
0.543300
0.543308
0.543316
0.543323
0.543331
0.543338
0.543345
0.543352
0.543358
0.543365
0.543371
0.543377
0.543383
0.543388
0.543394
0.543399
0.543404
0.543408
0.543413
0.543417
0.543421
0.543425
0.543429
0.543433
0.543436
0.543439
0.543442
0.543445
0.543447
0.543450
0.543452
0.543454
0.543456
0.543457
0.543459
0.543460
0.543461
0.543462
0.543462
0.543463
0.543463
0.543463
0.543463
0.543463
0.543462
0.543462
0.543461
0.543460
0.543459
0.543458
0.543456
0.543454
0.543453
0.543451
0.543448
0.543446
0.543443
0.543441
0.543438
0.543435
0.543432
0.543428
0.543425
0.543421
0.543417
0.543413
0.543409
0.543405
0.543400
0.543396
0.543391
0.543386
0.543381
0.543375
0.543370
0.543364
0.543359
0.543353
0.543347
0.543340
0.543334
0.543328
0.543321
0.543314
0.543307
0.543300
0.543293
0.543286
0.543278
0.543270
0.543263
0.543255
0.543247
0.543238
0.543230
0.543221
0.543213
0.543204
0.543195
0.543186
0.543177
0.543168
0.543158
0.543149
0.543139
0.543129
0.543119
0.543109
0.543099
0.543088
0.543078
0.543067
0.543057
0.543046
0.543035
0.543024
0.543012
0.543001
0.542989
0.542978
0.542966
0.542954
0.542942
0.542930
0.542918
0.542906
0.542893
0.542881
0.542868
0.542855
0.542842
0.542829
0.542816
0.542803
0.542789
0.542776
0.542762
0.542749
0.542735
0.542721
0.542707
0.542693
0.542679
0.542664
0.542650
0.542635
0.542621
0.542606
0.542591
0.542576
0.542561
0.542546
0.542530
0.542515
0.542499
0.542484
0.542468
0.542452
0.542436
0.542420
0.542404
0.542388
0.542372
0.542355
0.542339
0.542322
0.542306
0.542289
0.542272
0.542255
0.542238
0.542221
0.542203
0.542186
0.542169
0.542151
0.542133
0.542116
0.542098
0.542080
0.542062
0.542044
0.542026
0.542007
0.541989
0.541971
0.541952
0.541934
0.541915
0.541896
0.541877
0.541858
0.541839
0.541820
0.541801
0.541781
0.541762
0.541742
0.541723
0.541703
0.541683
0.541664
0.541644
0.541624
0.541604
0.541583
0.541563
0.541543
0.541522
0.541502
0.541481
0.541461
0.541440
0.541419
0.541398
0.541377
0.541356
0.541335
0.541314
0.541293
0.541271
0.541250
0.541228
0.541207
0.541185
0.541163
0.541141
0.541119
0.541097
0.541075
0.541053
0.541031
0.541008
0.540986
0.540964
0.540941
0.540918
0.540896
0.540873
0.540850
0.540827
0.540804
0.540781
0.540758
0.540735
0.540711
0.540688
0.540665
0.540641
0.540617
0.540594
0.540570
0.540546
0.540522
0.540498
0.540474
0.540450
0.540426
0.540402
0.540377
0.540353
0.540328
0.540304
0.540279
0.540255
0.540230
0.540205
0.540180
0.540155
0.540130
0.540105
0.540080
0.540054
0.540029
0.540004
0.539978
0.539952
0.539927
0.539901
0.539875
0.539849
0.539823
0.539797
0.539771
0.539745
0.539719
0.539693
0.539666
0.539640
0.539613
0.539587
0.539560
0.539534
0.539507
0.539480
0.539453
0.539426
0.539399
0.539372
0.539345
0.539317
0.539290
0.539262
0.539235
0.539207
0.539180
0.539152
0.539124
0.539096
0.539068
0.539040
0.539012
0.538984
0.538956
0.538928
0.538899
0.538871
0.538843
0.538814
0.538785
0.538757
0.538728
0.538699
0.538670
0.538641
0.538612
0.538583
0.538554
0.538524
0.538495
0.538466
0.538436
0.538407
0.538377
0.538347
0.538318
0.538288
0.538258
0.538228
0.538198
0.538168
0.538137
0.538107
0.538077
0.538046
0.538016
0.537985
0.537955
0.537924
0.537893
0.537863
0.537832
0.537801
0.537770
0.537739
0.537707
0.537676
0.537645
0.537613
0.537582
0.537550
0.537519
0.537487
0.537455
0.537423
0.537392
0.537360
0.537328
0.537295
0.537263
0.537231
0.537199
0.537166
0.537134
0.537101
0.537069
0.537036
0.537003
0.536970
0.536937
0.536905
0.536871
0.536838
0.536805
0.536772
0.536739
0.536705
0.536672
0.536638
0.536605
0.536571
0.536537
0.536503
0.536469
0.536435
0.536401
0.536367
0.536333
0.536299
0.536265
0.536230
0.536196
0.536161
0.536127
0.536092
0.536057
0.536022
0.535987
0.535952
0.535917
0.535882
0.535847
0.535812
0.535777
0.535741
0.535706
0.535670
0.535635
0.535599
0.535563
0.535527
0.535491
0.535455
0.535419
0.535383
0.535347
0.535311
0.535275
0.535238
0.535202
0.535165
0.535129
0.535092
0.535055
0.535018
0.534982
0.534945
0.534908
0.534871
0.534833
0.534796
0.534759
0.534721
0.534684
0.534647
0.534609
0.534571
0.534534
0.534496
0.534458
0.534420
0.534382
0.534344
0.534306
0.534268
0.534229
0.534191
0.534153
0.534114
0.534076
0.534037
0.533998
0.533960
0.533921
0.533882
0.533843
0.533804
0.533765
0.533726
0.533686
0.533647
0.533608
0.533568
0.533529
0.533489
0.533450
0.533410
0.533370
0.533370
0.533330
0.533290
0.533250
0.533210
0.533170
0.533130
0.533090
0.533050
0.533009
0.532969
0.532928
0.532888
0.532847
0.532806
0.532766
0.532725
0.532684
0.532643
0.532602
0.532561
0.532520
0.532478
0.532437
0.532396
0.532354
0.532313
0.532271
0.532230
0.532188
0.532146
0.532105
0.532063
0.532021
0.531979
0.531937
0.531895
0.531852
0.531810
0.531768
0.531726
0.531683
0.531641
0.531598
0.531556
0.531513
0.531470
0.531427
0.531384
0.531342
0.531299
0.531256
0.531212
0.531169
0.531126
0.531083
0.531039
0.530996
0.530953
0.530909
0.530865
0.530822
0.530778
0.530734
0.530691
0.530647
0.530603
0.530559
0.530515
0.530471
0.530426
0.530382
0.530338
0.530294
0.530249
0.530205
0.530160
0.530116
0.530071
0.530026
0.529982
0.529937
0.529892
0.529847
0.529802
0.529757
0.529712
0.529667
0.529622
0.529576
0.529531
0.529486
0.529440
0.529395
0.529349
0.529304
0.529258
0.529213
0.529167
0.529121
0.529075
0.529029
0.528983
0.528937
0.528891
0.528845
0.528799
0.528753
0.528706
0.528660
0.528614
0.528567
0.528521
0.528474
0.528428
0.528381
0.528334
0.528288
0.528241
0.528194
0.528147
0.528100
0.528053
0.528006
0.527959
0.527912
0.527864
0.527817
0.527770
0.527722
0.527675
0.527628
0.527580
0.527532
0.527485
0.527437
0.527389
0.527342
0.527294
0.527246
0.527198
0.527150
0.527102
0.527054
0.527005
0.526957
0.526909
0.526860
0.526812
0.526764
0.526715
0.526667
0.526618
0.526569
0.526521
0.526472
0.526423
0.526374
0.526325
0.526276
0.526227
0.526178
0.526129
0.526079
0.526030
0.525981
0.525931
0.525882
0.525832
0.525783
0.525733
0.525683
0.525633
0.525584
0.525534
0.525484
0.525434
0.525384
0.525333
0.525283
0.525233
0.525182
0.525132
0.525082
0.525031
0.524980
0.524930
0.524879
0.524828
0.524777
0.524726
0.524675
0.524624
0.524573
0.524521
0.524470
0.524418
0.524367
0.524315
0.524264
0.524212
0.524160
0.524108
0.524056
0.524004
0.523952
0.523899
0.523847
0.523794
0.523742
0.523689
0.523636
0.523584
0.523531
0.523478
0.523424
0.523371
0.523318
0.523264
0.523211
0.523157
0.523104
0.523050
0.522996
0.522942
0.522888
0.522833
0.522779
0.522724
0.522670
0.522615
0.522560
0.522505
0.522450
0.522395
0.522340
0.522284
0.522229
0.522173
0.522117
0.522061
0.522005
0.521949
0.521893
0.521836
0.521780
0.521723
0.521666
0.521609
0.521552
0.521495
0.521437
0.521380
0.521322
0.521264
0.521206
0.521148
0.521090
0.521032
0.520973
0.520914
0.520856
0.520797
0.520738
0.520678
0.520619
0.520560
0.520500
0.520440
0.520380
0.520320
0.520260
0.520199
0.520139
0.520078
0.520017
0.519956
0.519895
0.519834
0.519773
0.519711
0.519650
0.519588
0.519526
0.519464
0.519401
0.519339
0.519276
0.519214
0.519151
0.519088
0.519025
0.518962
0.518898
0.518835
0.518771
0.518708
0.518644
0.518580
0.518516
0.518451
0.518387
0.518322
0.518258
0.518193
0.518128
0.518063
0.517998
0.517933
0.517868
0.517802
0.517737
0.517671
0.517605
0.517539
0.517473
0.517407
0.517341
0.517275
0.517208
0.517142
0.517075
0.517009
0.516942
0.516875
0.516808
0.516741
0.516674
0.516607
0.516539
0.516472
0.516405
0.516337
0.516270
0.516202
0.516134
0.516067
0.515999
0.515931
0.515863
0.515795
0.515727
0.515659
0.515591
0.515522
0.515454
0.515386
0.515318
0.515249
0.515181
0.515112
0.515044
0.514975
0.514907
0.514838
0.514770
0.514701
0.514633
0.514564
0.514495
0.514427
0.514358
0.514289
0.514221
0.514152
0.514083
0.514015
0.513946
0.513878
0.513809
0.513740
0.513672
0.513603
0.513535
0.513466
0.513398
0.513330
0.513261
0.513193
0.513125
0.513057
0.512988
0.512920
0.512852
0.512784
0.512716
0.512649
0.512581
0.512513
0.512446
0.512378
0.512311
0.512244
0.512176
0.512109
0.512042
0.511975
0.511909
0.511842
0.511775
0.511709
0.511643
0.511576
0.511510
0.511444
0.511379
0.511313
0.511248
0.511182
0.511117
0.511052
0.510987
0.510923
0.510858
0.510794
0.510730
0.510666
0.510602
0.510538
0.510475
0.510411
0.510348
0.510285
0.510223
0.510160
0.510098
0.510036
0.509974
0.509912
0.509851
0.509790
0.509729
0.509668
0.509607
0.509547
0.509487
0.509427
0.509367
0.509308
0.509249
0.509190
0.509131
0.509072
0.509014
0.508956
0.508898
0.508841
0.508784
0.508727
0.508670
0.508613
0.508557
0.508501
0.508445
0.508390
0.508334
0.508279
0.508225
0.508170
0.508116
0.508062
0.508008
0.507955
0.507901
0.507848
0.507796
0.507743
0.507691
0.507639
0.507587
0.507536
0.507485
0.507434
0.507383
0.507333
0.507283
0.507233
0.507183
0.507134
0.507085
0.507036
0.506987
0.506939
0.506890
0.506842
0.506795
0.506747
0.506700
0.506653
0.506606
0.506560
0.506514
0.506468
0.506422
0.506377
0.506331
0.506286
0.506241
0.506197
0.506152
0.506152
0.506108
0.506064
0.506021
0.505977
0.505934
0.505891
0.505848
0.505805
0.505763
0.505721
0.505679
0.505637
0.505595
0.505554
0.505513
0.505471
0.505431
0.505390
0.505350
0.505309
0.505269
0.505229
0.505190
0.505150
0.505111
0.505072
0.505033
0.504994
0.504955
0.504917
0.504879
0.504841
0.504803
0.504765
0.504727
0.504690
0.504652
0.504615
0.504578
0.504541
0.504505
0.504468
0.504431
0.504395
0.504359
0.504323
0.504287
0.504251
0.504216
0.504180
0.504145
0.504109
0.504074
0.504039
0.504004
0.503970
0.503935
0.503900
0.503866
0.503831
0.503798
0.503763
0.503730
0.503694
0.503663
0.503625
0.503598
0.503554
0.503538
0.503475
0.503492
0.503372
0.503488
0.503198
0.503609
0.502798
0.504094
0.501758
0.505264
0.500064
0.505034
0.500159
0.504738
0.499703
0.504370
0.500657
0.504365
0.499282
0.503204
0.498894
0.502633
0.498234
0.502542
0.498743
0.502767
0.498480
0.502446
0.498281
0.502132
0.497972
0.502011
0.498121
0.502218
0.498380
0.502546
0.498800
0.502934
0.499170
0.503274
0.499508
0.503556
0.499759
0.503765
0.499947
0.503901
0.500049
0.503956
0.500077
0.503944
0.500044
0.503883
0.499971
0.503789
0.499868
0.503670
0.499740
0.503528
0.499590
0.503366
0.499421
0.503188
0.499237
0.502998
0.499041
0.502800
0.498840
0.502599
0.498635
0.502398
0.498432
0.502201
0.498233
0.502011
0.498041
0.501831
0.497858
0.501660
0.497685
0.501501
0.497522
0.501353
0.497370
0.501216
0.497229
0.501090
0.497099
0.500976
0.496978
0.500873
0.496868
0.500779
0.496768
0.500696
0.496677
0.500622
0.496595
0.500557
0.496522
0.500501
0.496456
0.500452
0.496398
0.500410
0.496345
0.500374
0.496299
0.500343
0.496257
0.500318
0.496220
0.500296
0.496187
0.500278
0.496156
0.500262
0.496128
0.500248
0.496102
0.500236
0.496076
0.500224
0.496051
0.500212
0.496026
0.500200
0.496000
0.500187
0.495973
0.500173
0.495945
0.500157
0.495915
0.500140
0.495883
0.500120
0.495848
0.500097
0.495812
0.500072
0.495772
0.500044
0.495730
0.500014
0.495686
0.499980
0.495638
0.499944
0.495588
0.499905
0.495535
0.499863
0.495480
0.499819
0.495422
0.499771
0.495361
0.499722
0.495299
0.499670
0.495234
0.499616
0.495167
0.499559
0.495098
0.499501
0.495028
0.499441
0.494956
0.499379
0.494882
0.499315
0.494807
0.499250
0.494731
0.499184
0.494653
0.499116
0.494575
0.499047
0.494495
0.498978
0.494415
0.498907
0.494334
0.498835
0.494252
0.498763
0.494170
0.498690
0.494087
0.498616
0.494003
0.498541
0.493919
0.498466
0.493835
0.498391
0.493750
0.498315
0.493665
0.498238
0.493579
0.498162
0.493493
0.498084
0.493407
0.498007
0.493321
0.497929
0.493235
0.497851
0.493148
0.497773
0.493061
0.497694
0.492975
0.497616
0.492888
0.497537
0.492801
0.497459
0.492714
0.497380
0.492627
0.497302
0.492541
0.497224
0.492455
0.497146
0.492369
0.497068
0.492283
0.496990
0.492197
0.496913
0.492112
0.496836
0.492028
0.496760
0.491944
0.496684
0.491859
0.496608
0.491778
0.496535
0.491693
0.496458
0.491616
0.496390
0.491527
0.496307
0.491460
0.496255
0.491356
0.496147
0.491323
0.496143
0.491163
0.495946
0.491248
0.496101
0.490899
0.495573
0.491454
0.496157
0.490534
0.494756
0.492821
0.495005
0.491053
0.496510
0.490360
0.493677
0.494690
0.490827
0.495828
0.490932
0.495405
0.494195
0.493635
0.491986
0.494143
0.491050
0.497263
0.489031
0.491897
0.497341
0.488100
0.492263
0.498077
0.492342
0.494341
0.493813
0.490831
0.492099
0.488432
0.493150
0.487882
0.492445
0.491196
0.493516
0.490271
0.495914
0.488885
0.491062
0.493748
0.486684
0.490350
0.493688
0.491477
0.496554
0.490769
0.494432
0.491658
0.494103
0.490174
0.496672
0.491009
0.494382
0.494981
0.490427
0.495066
0.489300
0.492956
0.493834
0.489158
0.493639
0.487808
0.491775
0.494325
0.489197
0.494142
0.488741
0.493476
0.490385
0.493944
0.487819
0.492160
0.489938
0.492928
0.487785
0.493686
0.487885
0.492372
0.488957
0.493126
0.487430
0.491792
0.491995
0.490229
0.492070
0.487815
0.494739
0.485948
0.489378
0.495403
0.485030
0.489579
0.495588
0.490154
0.492123
0.491446
0.488539
0.489440
0.485599
0.490527
0.485002
0.489156
0.491008
0.488147
0.493462
0.487496
0.490430
0.492542
0.485539
0.489478
0.487648
0.492830
0.488333
0.493626
0.490163
0.494726
0.488227
0.491761
0.495781
0.489589
0.492916
0.492864
0.491342
0.492734
0.488317
0.494086
0.484633
0.487796
0.494154
0.484035
0.488787
0.494915
0.489273
0.490967
0.490298
0.486953
0.488228
0.483872
0.489269
0.483738
0.487785
0.490436
0.486696
0.492544
0.486497
0.489294
0.490953
0.484363
0.488825
0.484901
0.491555
0.486391
0.490500
0.491212
0.488964
0.492932
0.487879
0.493176
0.488534
0.493595
0.485039
0.488171
0.494588
0.494588
0.485330
0.488453
0.493416
0.486776
0.488646
0.490027
0.486089
0.489480
0.483938
0.488565
0.483964
0.489600
0.483952
0.487941
0.489539
0.486000
0.490657
0.483766
0.486314
0.490233
0.483016
0.486044
0.491354
0.486571
0.490330
0.491840
0.488057
0.492103
0.485541
0.488737
0.490805
0.485978
0.491865
0.485912
0.489188
0.492156
0.485177
0.488320
0.487060
0.488731
0.485621
0.491237
0.483050
0.485745
0.492364
0.481173
0.486551
0.493158
0.486806
0.488508
0.490242
0.484910
0.487641
0.482254
0.486936
0.481717
0.486979
0.484185
0.489937
0.483786
0.486641
0.490173
0.482776
0.485111
0.488040
0.483502
0.489118
0.484241
0.489821
0.484711
0.490568
0.485100
0.489976
0.488677
0.491408
0.486318
0.492732
0.483886
0.486284
0.492131
0.481488
0.485797
0.492001
0.485990
0.487803
0.489036
0.484184
0.487347
0.481486
0.486188
0.481858
0.487986
0.482181
0.485693
0.489467
0.483209
0.486520
0.485317
0.486057
0.483418
0.487878
0.481574
0.484989
0.489669
0.483290
0.486891
0.493068
0.486153
0.488299
0.492806
0.483744
0.485221
0.489861
0.483516
0.486009
0.489107
0.484032
0.488015
0.482578
0.487423
0.480750
0.484124
0.484293
0.483047
0.485959
0.481362
0.488956
0.478656
0.482521
0.489333
0.478127
0.484020
0.490976
0.485897
0.487773
0.487762
0.484093
0.486426
0.481093
0.486794
0.481611
0.486967
0.484071
0.489726
0.482756
0.485057
0.490110
0.479385
0.481888
0.487631
0.480855
0.483766
0.488704
0.483774
0.486869
0.485500
0.486340
0.483790
0.487936
0.482030
0.486100
0.485694
0.484946
0.485854
0.483798
0.489301
0.480191
0.482712
0.490341
0.474750
0.483054
0.490189
0.485969
0.488096
0.486425
0.487326
0.483080
0.484988
0.477742
0.482167
0.479763
0.486587
0.480820
0.483986
0.489969
0.477562
0.480312
0.485283
0.477437
0.479892
0.484863
0.480653
0.484327
0.482519
0.485054
0.480807
0.487107
0.480299
0.483068
0.489025
0.479687
0.482937
0.488797
0.481393
0.482810
0.486019
0.480081
0.483093
0.481820
0.484304
0.481309
0.487723
0.480579
0.483472
0.490054
0.479285
0.483449
0.489373
0.482339
0.483710
0.486200
0.480614
0.483854
0.479811
0.484931
0.479522
0.483728
0.485287
0.483052
0.487588
0.481113
0.483672
0.487005
0.479131
0.481226
0.485873
0.480261
0.483555
0.487185
0.481337
0.485456
0.481665
0.487308
0.480006
0.482691
0.489160
0.478549
0.482247
0.488037
0.480368
0.481840
0.485361
0.479201
0.481470
0.479564
0.480661
0.477708
0.483104
0.476691
0.479516
0.486069
0.475628
0.480162
0.486924
0.478713
0.480883
0.485251
0.479336
0.481695
0.482117
0.481162
0.483952
0.480191
0.487418
0.478583
0.482277
0.489177
0.477735
0.482270
0.488067
0.481383
0.482473
0.483938
0.478885
0.482783
0.477822
0.483630
0.479508
0.486146
0.480931
0.485442
0.484189
0.485503
0.480782
0.487215
0.475498
0.480576
0.487711
0.474783
0.480795
0.487789
0.482953
0.484869
0.485314
0.480779
0.483296
0.477180
0.482158
0.478400
0.485332
0.478461
0.481441
0.487696
0.477060
0.479673
0.484643
0.477079
0.478753
0.482740
0.477900
0.481643
0.479797
0.483278
0.478530
0.484937
0.478897
0.482142
0.485134
0.479462
0.484583
0.479498
0.485874
0.477785
0.479765
0.485450
0.476492
0.480407
0.487304
0.480653
0.482676
0.486690
0.480291
0.482304
0.482554
0.480103
0.483320
0.477580
0.482992
0.477461
0.483987
0.476190
0.479100
0.485894
0.475800
0.479528
0.485262
0.477580
0.479449
0.483981
0.478982
0.482224
0.481994
0.482174
0.481759
0.482209
0.480901
0.483698
0.477664
0.485509
0.475242
0.480124
0.487752
0.474372
0.480566
0.487035
0.479228
0.480344
0.483582
0.478920
0.482649
0.479666
0.484408
0.478737
0.482737
0.481871
0.482623
0.479458
0.484129
0.475748
0.477771
0.485119
0.470149
0.477178
0.484983
0.478010
0.480264
0.484178
0.480151
0.483200
0.478296
0.482538
0.476649
0.480914
0.482031
0.481749
0.483808
0.478897
0.486370
0.471520
0.477697
0.485201
0.471165
0.477202
0.484243
0.481202
0.483614
0.480963
0.480217
0.477051
0.480480
0.476422
0.483972
0.479221
0.483894
0.483053
0.483129
0.480245
0.483310
0.476076
0.479104
0.480226
0.475988
0.485050
0.473793
0.482605
0.491734
0.475664
0.480610
0.485878
0.480980
0.482812
0.481670
0.479906
0.478641
0.476331
0.478070
0.473928
0.482386
0.470847
0.477694
0.484798
0.470842
0.475696
0.481338
0.475577
0.477264
0.478800
0.475309
0.479959
0.475643
0.481685
0.479679
0.486183
0.479481
0.481951
0.487611
0.476966
0.479441
0.484482
0.476572
0.478363
0.482899
0.477559
0.480365
0.480966
0.479700
0.482482
0.477869
0.484874
0.476550
0.479676
0.486271
0.475491
0.479796
0.485493
0.478396
0.479405
0.482112
0.476480
0.479924
0.477241
0.482189
0.477067
0.481631
0.480674
0.482750
0.477919
0.485232
0.472986
0.472986
0.479010
0.485255
0.472591
0.477257
0.483515
0.478762
0.480896
0.482124
0.477419
0.481169
0.475357
0.479884
0.479482
0.482322
0.478172
0.485485
0.473689
0.478922
0.484491
0.471985
0.476077
0.482214
0.477309
0.479554
0.481610
0.476669
0.480844
0.475471
0.480819
0.478047
0.484447
0.477349
0.479848
0.485836
0.475194
0.478126
0.483281
0.475859
0.477638
0.482042
0.476771
0.479651
0.479817
0.479330
0.480951
0.478021
0.484436
0.475197
0.479274
0.486362
0.473653
0.479336
0.485259
0.478343
0.479450
0.482207
0.476655
0.480009
0.476925
0.482207
0.477110
0.481271
0.482836
0.479925
0.484557
0.476621
0.478632
0.485075
0.472370
0.477532
0.483392
0.476485
0.478783
0.483413
0.478201
0.480749
0.479679
0.479922
0.478917
0.481245
0.477327
0.485468
0.472048
0.478991
0.486377
0.471720
0.477263
0.483075
0.477818
0.479158
0.478923
0.475777
0.478657
0.474318
0.481239
0.476967
0.482289
0.480876
0.483912
0.477667
0.483272
0.475688
0.477745
0.480793
0.474733
0.478704
0.481028
0.479479
0.484872
0.477023
0.479424
0.486480
0.474161
0.480405
0.486602
0.478984
0.480303
0.483784
0.477319
0.478836
0.477652
0.476621
0.477289
0.475381
0.480165
0.473952
0.476523
0.481581
0.472891
0.475983
0.483180
0.473181
0.477447
0.482682
0.475483
0.477385
0.482229
0.477814
0.481303
0.481409
0.480949
0.481130
0.478775
0.482225
0.475743
0.479373
0.479133
0.477992
0.480215
0.475169
0.485138
0.469595
0.476338
0.484151
0.479815
0.480452
0.482925
0.486672
0.484949
0.483018
0.473627
0.477476
0.468905
0.475443
0.485394
0.476572
0.480446
0.484021
0.474829
0.474473
0.476907
0.471547
0.475618
0.474183
0.479709
0.475328
0.480659
0.478299
0.483263
0.476033
0.478216
0.484157
0.474167
0.477905
0.483686
0.475905
0.478318
0.483514
0.477693
0.479611
0.482449
0.477637
0.482290
0.477071
0.482700
0.476725
0.481109
0.477099
0.482616
0.474236
0.476905
0.483435
0.472351
0.476710
0.482114
0.476033
0.478170
0.482169
0.477130
0.480506
0.477496
0.481571
0.475792
0.480058
0.478971
0.481474
0.476032
0.483876
0.470906
0.477893
0.483651
0.472352
0.476115
0.482130
0.477656
0.479839
0.481068
0.476149
0.480614
0.474670
0.478238
0.482335
0.477399
0.482125
0.476695
0.483045
0.473287
0.475914
0.481512
0.471720
0.475555
0.481712
0.476150
0.478206
0.481933
0.476304
0.479261
0.477765
0.480267
0.476031
0.483306
0.472916
0.478303
0.483634
0.474011
0.476706
0.482358
0.476357
0.477791
0.480872
0.474756
0.477804
0.477557
0.480124
0.478089
0.484044
0.475908
0.478640
0.485276
0.472298
0.478235
0.483502
0.476753
0.478002
0.480977
0.475616
0.479256
0.475422
0.481340
0.475122
0.478233
0.484459
0.476435
0.478769
0.483875
0.475734
0.476957
0.481121
0.474530
0.476206
0.479695
0.475141
0.479915
0.475909
0.482406
0.474669
0.477324
0.483343
0.474305
0.477471
0.482911
0.476294
0.477748
0.481457
0.475641
0.478241
0.478640
0.477995
0.480549
0.476105
0.484272
0.471718
0.478991
0.484097
0.474724
0.477095
0.482693
0.477469
0.478958
0.480400
0.474629
0.479483
0.474663
0.480451
0.478959
0.484105
0.477155
0.478947
0.482958
0.474732
0.476226
0.481863
0.473509
0.476607
0.482308
0.475118
0.477029
0.481865
0.476080
0.478109
0.481203
0.476126
0.480581
0.475050
0.480899
0.474238
0.476838
0.479925
0.474412
0.479155
0.474381
0.481916
0.471300
0.476699
0.481896
0.474534
0.477182
0.483196
0.477884
0.479731
0.482951
0.476424
0.478824
0.479208
0.478499
0.481262
0.475852
0.483774
0.470771
0.477872
0.482176
0.474128
0.476180
0.481649
0.476540
0.478329
0.480117
0.474206
0.479479
0.474839
0.481217
0.478302
0.485437
0.474376
0.479116
0.483349
0.474370
0.475872
0.481083
0.475074
0.476928
0.481072
0.474735
0.476735
0.480064
0.475679
0.481296
0.475793
0.481104
0.475231
0.481604
0.473410
0.476378
0.482617
0.473391
0.477034
0.482337
0.475572
0.477314
0.481816
0.476142
0.478391
0.481055
0.476519
0.482258
0.475709
0.478197
0.482475
0.475499
0.477147
0.481909
0.475011
0.476768
0.481746
0.474204
0.476317
0.481946
0.475438
0.477824
0.483090
0.476728
0.478335
0.482308
0.476192
0.478214
0.480264
0.475561
0.481541
0.473299
0.476309
0.482427
0.472800
0.476616
0.481900
0.475718
0.477311
0.480913
0.475176
0.478075
0.477552
0.478903
0.477204
0.481671
0.475629
0.478459
0.482056
0.475377
0.477837
0.481429
0.475896
0.480442
0.475633
0.483521
0.469903
0.477540
0.486105
0.473047
0.478752
0.483653
0.478453
0.479878
0.477716
0.476580
0.474410
0.475769
0.471728
0.480781
0.467276
0.475253
0.481955
0.473492
0.474704
0.477033
0.475578
0.479338
0.471840
0.474378
0.473243
0.478264
0.476196
0.486729
0.475819
0.482941
0.484294
0.475551
0.477425
0.476528
0.479942
0.475370
0.475370
0.483030
0.469031
0.476601
0.484611
0.473614
0.479325
0.484264
0.479191
0.480614
0.475972
0.477510
0.471265
0.477405
0.472891
0.478668
0.476990
0.481885
0.474555
0.476167
0.481184
0.470745
0.474833
0.479892
0.474295
0.477118
0.482191
0.477023
0.479444
0.481159
0.476514
0.483051
0.473556
0.478668
0.483496
0.475457
0.476844
0.481575
0.474981
0.476286
0.480042
0.473244
0.474979
0.479085
0.474558
0.478913
0.477098
0.481062
0.474576
0.478149
0.476536
0.479261
0.473552
0.482767
0.469673
0.477350
0.486267
0.470710
0.476630
0.483320
0.478478
0.479761
0.479466
0.476707
0.478973
0.473825
0.480450
0.474482
0.477550
0.482881
0.474890
0.476602
0.481196
0.472494
0.473976
0.478610
0.472622
0.475392
0.481008
0.476903
0.480300
0.482270
0.478640
0.484265
0.474728
0.478718
0.483642
0.475234
0.477396
0.482555
0.476218
0.477634
0.481247
0.474660
0.476462
0.479505
0.475400
0.481637
0.475760
0.478647
0.481204
0.475339
0.480365
0.474282
0.479116
0.475258
0.481889
0.470495
0.477479
0.480868
0.475359
0.480159
0.475118
0.482024
0.475524
0.477786
0.480528
0.474836
0.479557
0.476285
0.484187
0.471276
0.478354
0.480739
0.473779
0.477248
0.474438
0.481544
0.472709
0.475848
0.480312
0.471908
0.475281
0.481729
0.476204
0.478040
0.481872
0.474210
0.475140
0.479243
0.473777
0.476489
0.480201
0.475171
0.480075
0.474128
0.480611
0.473254
0.476072
0.481519
0.474196
0.477187
0.482962
0.475536
0.477850
0.482749
0.476006
0.478017
0.482968
0.477131
0.479085
0.482888
0.476932
0.479315
0.479713
0.476945
0.481435
0.473406
0.476288
0.482887
0.471299
0.478054
0.481157
0.476596
0.481721
0.475136
0.477799
0.480810
0.475482
0.481098
0.476146
0.483239
0.477508
0.481740
0.477857
0.482604
0.472902
0.476746
0.482060
0.473139
0.476476
0.481525
0.475430
0.477408
0.481778
0.475074
0.476600
0.480723
0.474758
0.477028
0.480835
0.475148
0.478354
0.476187
0.478943
0.472425
0.479381
0.471125
0.475534
0.480728
0.473536
0.476504
0.482446
0.474805
0.477340
0.481984
0.474632
0.476913
0.482458
0.476456
0.478550
0.483085
0.475813
0.476917
0.480965
0.473942
0.475484
0.480014
0.473407
0.475212
0.479910
0.473397
0.475413
0.480390
0.473958
0.476156
0.481320
0.474745
0.476956
0.482106
0.475335
0.477433
0.482434
0.475634
0.477556
0.482357
0.475657
0.477442
0.482039
0.475497
0.477238
0.481612
0.475295
0.477110
0.481076
0.475166
0.477532
0.479775
0.474848
0.482408
0.470259
0.478479
0.480156
0.475661
0.481245
0.473141
0.477606
0.482762
0.473979
0.475724
0.480586
0.475273
0.478007
0.482560
0.476077
0.477287
0.479592
0.473816
0.478954
0.473281
0.479897
0.473308
0.476215
0.478944
0.473415
0.479503
0.473063
0.476274
0.479856
0.474080
0.478072
0.476485
0.481416
0.474953
0.477566
0.481472
0.474572
0.476936
0.481876
0.474834
0.477337
0.482433
0.473168
0.476465
0.480504
0.474343
0.476465
0.479835
0.474353
0.479136
0.472881
0.480631
0.468962
0.476629
0.477577
0.474785
0.479106
0.471869
0.474667
0.480717
0.469513
0.475805
0.478216
0.475695
0.482928
0.472781
0.479196
0.480551
0.474732
0.481115
0.471518
0.479100
0.482205
0.476375
0.481564
0.472693
0.476879
0.482024
0.474788
0.476646
0.481508
0.475141
0.477525
0.482407
0.475045
0.476895
0.481656
0.474710
0.477031
0.482082
0.475012
0.476949
0.481573
0.474443
0.476402
0.481214
0.474469
0.476539
0.481356
0.474640
0.476665
0.481413
0.474698
0.476726
0.481474
0.474766
0.476809
0.481556
0.474816
0.476861
0.481606
0.474832
0.476873
0.481611
0.474814
0.476839
0.481550
0.474747
0.476743
0.481414
0.474625
0.476591
0.481220
0.474465
0.476412
0.481003
0.474292
0.476236
0.480796
0.474137
0.476090
0.480620
0.474020
0.475989
0.480484
0.473950
0.475938
0.480375
0.473928
0.475939
0.480251
0.473959
0.476026
0.479994
0.474061
0.476601
0.478850
0.473731
0.482075
0.468561
0.475209
0.484426
0.469916
0.475301
0.480586
0.476000
0.477807
0.475002
0.476237
0.471114
0.479202
0.467703
0.477247
0.479937
0.474940
0.479940
0.470931
0.474365
0.478091
0.470691
0.472560
0.477879
0.475004
0.480415
0.481087
0.481724
0.478558
0.481951
0.474135
0.477244
0.483076
0.472515
0.479572
0.478719
0.480338
0.474750
0.482201
0.467872
0.473696
0.481588
0.476872
0.479815
0.477411
0.483305
0.476295
0.476727
0.472057
0.472731
0.468242
0.479273
0.467784
0.472927
0.480718
0.476929
0.473036
0.474638
0.474885
0.478353
0.471549
0.476760
0.467250
0.474958
0.481126
0.479078
0.485911
0.476022
0.477934
0.478910
0.471211
0.474133
0.474491
0.479370
0.475701
0.485355
0.471152
0.475365
0.483285
0.482445
0.479307
0.481706
0.480861
0.482547
0.473897
0.477010
0.467233
0.472691
0.479680
0.476759
0.480538
0.478434
0.478434
0.477654
0.470619
0.476905
0.463038
0.471414
0.480017
0.475599
0.479835
0.478442
0.483464
0.476528
0.478313
0.473009
0.478862
0.471182
0.478896
0.483256
0.477699
0.482239
0.471807
0.474460
0.477186
0.471165
0.474964
0.473963
0.479613
0.474236
0.477563
0.479156
0.473814
0.482276
0.468641
0.473400
0.482834
0.478875
0.477414
0.476698
0.478768
0.476506
0.478040
0.469642
0.473362
0.470126
0.480855
0.469756
0.476939
0.484852
0.468037
0.471578
0.474723
0.471411
0.475932
0.472855
0.479382
0.473876
0.477327
0.482186
0.477213
0.479871
0.480737
0.476184
0.481715
0.467699
0.476459
0.475546
0.477395
0.474267
0.482365
0.472210
0.481411
0.478064
0.481305
0.474843
0.479255
0.481712
0.479637
0.484310
0.471716
0.479251
0.475444
0.481796
0.471708
0.478318
0.479354
0.475795
0.479361
0.470027
0.474503
0.478505
0.473501
0.478251
0.473557
0.482422
0.468583
0.474431
0.481550
0.470616
0.473705
0.477412
0.475036
0.479405
0.472374
0.475102
0.471743
0.477673
0.471217
0.475573
0.480351
0.473105
0.474446
0.477416
0.471639
0.475098
0.475514
0.477082
0.476963
0.480483
0.475350
0.486438
0.468860
0.478107
0.483574
0.485238
0.482113
0.484193
0.485671
0.483639
0.478464
0.473197
0.471241
0.472444
0.477334
0.477634
0.485850
0.471242
0.475678
0.481410
0.463691
0.468644
0.476147
0.473184
0.476651
0.477467
0.478762
0.479891
0.480712
0.482113
0.480887
0.484364
0.477678
0.480021
0.479515
0.474299
0.480395
0.466143
0.473055
0.481850
0.470914
0.475837
0.479536
0.479275
0.483383
0.476927
0.480114
0.473965
0.480414
0.472580
0.476846
0.479694
0.473141
0.475582
0.469199
0.475812
0.464003
0.472614
0.471363
0.476009
0.471666
0.478275
0.473631
0.479387
0.472934
0.478138
0.472449
0.478666
0.474171
0.482376
0.471102
0.478834
0.475586
0.479171
0.472937
0.477176
0.475806
0.479975
0.473465
0.476981
0.475612
0.479043
0.473328
0.481975
0.468978
0.479037
0.475773
0.479327
0.472954
0.477057
0.478760
0.476889
0.481085
0.472032
0.477517
0.479582
0.476118
0.483823
0.470119
0.476340
0.482195
0.473404
0.474520
0.476977
0.476348
0.481589
0.474269
0.475667
0.478326
0.473499
0.479205
0.474694
0.483245
0.468858
0.474249
0.481122
0.467874
0.474641
0.478330
0.477556
0.481861
0.475915
0.479970
0.475775
0.483839
0.472513
0.482350
0.479745
0.483049
0.475528
0.478171
0.476745
0.478874
0.473616
0.483014
0.470381
0.477261
0.484671
0.487279
0.483129
0.484550
0.484860
0.483292
0.479779
0.475774
0.475529
0.474302
0.483021
0.474587
0.484098
0.477050
0.482006
0.466616
0.474388
0.473450
0.476483
0.472857
0.481561
0.473370
0.483458
0.481979
0.485850
0.479243
0.483022
0.479276
0.484731
0.471689
0.479208
0.474245
0.481088
0.471022
0.478377
0.478262
0.478119
0.475549
0.476804
0.471637
0.481943
0.466036
0.473891
0.478850
0.482109
0.480107
0.482769
0.484593
0.482910
0.477605
0.472495
0.470042
0.472311
0.474852
0.481464
0.477223
0.482274
0.472925
0.473860
0.473534
0.469133
0.477802
0.467155
0.478393
0.483157
0.478876
0.484776
0.480513
0.485495
0.484895
0.484420
0.480152
0.483571
0.475683
0.479780
0.482090
0.475297
0.479932
0.472572
0.475879
0.477030
0.472540
0.480198
0.467648
0.475088
0.484652
0.470615
0.476353
0.479896
0.475785
0.478604
0.472653
0.477283
0.470771
0.473794
0.476884
0.472754
0.479433
0.470101
0.475451
0.474522
0.473035
0.474779
0.471012
0.481305
0.469871
0.475114
0.485860
0.479631
0.482233
0.482804
0.485814
0.482443
0.483456
0.475045
0.478483
0.476380
0.484606
0.475889
0.482875
0.478497
0.479743
0.471424
0.474951
0.473227
0.480314
0.473712
0.480032
0.482726
0.479490
0.486876
0.473992
0.483360
0.481316
0.481300
0.476230
0.482932
0.472703
0.482045
0.476777
0.482550
0.471646
0.478702
0.478934
0.479510
0.476364
0.478252
0.471918
0.478667
0.472331
0.476852
0.478952
0.474808
0.482885
0.469511
0.476001
0.481954
0.474624
0.477124
0.478792
0.481092
0.481388
0.479626
0.478505
0.474928
0.481240
0.469494
0.481603
0.474619
0.478366
0.472880
0.479377
0.469904
0.478006
0.476676
0.481637
0.477256
0.484216
0.480514
0.489423
0.475087
0.480381
0.486035
0.472667
0.478103
0.478984
0.478536
0.479809
0.474229
0.481201
0.468866
0.479327
0.477001
0.481380
0.475042
0.478092
0.477839
0.476324
0.477319
0.471855
0.482458
0.469130
0.477750
0.483396
0.486801
0.484489
0.486082
0.487074
0.485582
0.481367
0.477365
0.475701
0.477476
0.479712
0.483745
0.479014
0.485502
0.467981
0.470542
0.475279
0.477161
0.473627
0.478282
0.482705
0.483979
0.483827
0.480012
0.483016
0.479423
0.486645
0.482385
0.487520
0.478443
0.478658
0.477667
0.471725
0.477889
0.467615
0.477768
0.475387
0.482070
0.475296
0.479330
0.482660
0.477251
0.477251
0.481105
0.474427
0.478797
0.474191
0.481455
0.469829
0.478463
0.473727
0.478530
0.470292
0.473371
0.476716
0.471992
0.476905
0.471417
0.477041
0.472556
0.480434
0.469888
0.478163
0.474134
0.479178
0.471576
0.474934
0.478428
0.473654
0.478760
0.473236
0.478950
0.474315
0.482420
0.470904
0.480171
0.475386
0.481026
0.472895
0.476857
0.480082
0.475474
0.480957
0.474239
0.477984
0.480747
0.476198
0.483109
0.472119
0.480738
0.475773
0.481745
0.472533
0.478280
0.480079
0.477815
0.482292
0.474736
0.478988
0.481586
0.476772
0.484201
0.472107
0.482404
0.477064
0.482809
0.473873
0.478555
0.481505
0.477692
0.484058
0.473630
0.481584
0.478351
0.483597
0.475873
0.479123
0.481706
0.475966
0.481368
0.473622
0.478169
0.480553
0.476874
0.484692
0.472005
0.481236
0.481864
0.477429
0.481461
0.475155
0.479591
0.482791
0.477010
0.482738
0.474936
0.480477
0.481822
0.478764
0.483798
0.472112
0.481371
0.475334
0.482274
0.473589
0.479530
0.481024
0.479113
0.482569
0.475316
0.478727
0.480687
0.476152
0.484474
0.471708
0.476093
0.485216
0.477004
0.478113
0.478402
0.480894
0.480154
0.481543
0.475094
0.483096
0.471065
0.478422
0.486613
0.473358
0.476705
0.476030
0.474822
0.476530
0.472869
0.481303
0.472571
0.484407
0.481124
0.487413
0.478489
0.480956
0.481818
0.475656
0.480921
0.472474
0.479479
0.480957
0.482045
0.482461
0.480352
0.483128
0.475937
0.479426
0.476393
0.481590
0.473174
0.481064
0.477204
0.484720
0.470696
0.477542
0.484773
0.473124
0.479423
0.479149
0.481046
0.477857
0.480894
0.473472
0.476035
0.476468
0.472644
0.479241
0.465875
0.474971
0.474751
0.471074
0.474397
0.469914
0.476282
0.475106
0.481849
0.471586
0.481321
0.476362
0.483908
0.474982
0.479882
0.479259
0.477701
0.478838
0.473233
0.482473
0.468907
0.474505
0.479592
0.481179
0.479684
0.481744
0.482865
0.481855
0.478641
0.475695
0.474565
0.476330
0.477201
0.481535
0.475078
0.479237
0.470080
0.473090
0.470373
0.476432
0.472122
0.479168
0.483325
0.481440
0.490239
0.478247
0.485228
0.492531
0.480436
0.483244
0.483881
0.481811
0.483759
0.476108
0.479887
0.472963
0.477397
0.473524
0.480300
0.467384
0.476411
0.469586
0.474784
0.468237
0.472660
0.476477
0.474255
0.482078
0.470487
0.480936
0.475765
0.481752
0.474625
0.477881
0.480210
0.474989
0.480923
0.470178
0.478698
0.474985
0.482003
0.473199
0.478976
0.478247
0.478066
0.475834
0.477880
0.472608
0.482427
0.469088
0.474761
0.480328
0.482211
0.479722
0.482203
0.483251
0.483074
0.480020
0.478779
0.475367
0.481565
0.475164
0.481366
0.479350
0.477801
0.471462
0.476078
0.463914
0.475949
0.471845
0.478810
0.477580
0.486035
0.479963
0.484561
0.484591
0.479585
0.484743
0.474139
0.483468
0.477931
0.483612
0.472509
0.477642
0.475998
0.477518
0.472646
0.479762
0.467438
0.478622
0.473829
0.479601
0.471606
0.475809
0.478238
0.473833
0.479696
0.469100
0.477905
0.474286
0.481341
0.472736
0.478227
0.477731
0.476906
0.476314
0.474198
0.478365
0.472931
0.477904
0.476903
0.479815
0.473655
0.482573
0.469776
0.476432
0.483624
0.474961
0.478529
0.482389
0.481080
0.485855
0.477939
0.479556
0.480013
0.475837
0.482502
0.469344
0.478997
0.471584
0.475862
0.468814
0.472928
0.475525
0.474995
0.480309
0.473969
0.478872
0.480404
0.478100
0.484018
0.472305
0.482438
0.475237
0.479329
0.475515
0.482360
0.475121
0.481654
0.480420
0.482025
0.476572
0.484691
0.472071
0.478396
0.483832
0.475113
0.476508
0.477417
0.478252
0.479643
0.475125
0.481345
0.468446
0.479803
0.476000
0.481186
0.471637
0.475435
0.475792
0.473085
0.477705
0.471878
0.478013
0.481044
0.479196
0.485611
0.472527
0.482820
0.475243
0.478910
0.474278
0.481369
0.474004
0.480579
0.479128
0.480888
0.475274
0.483452
0.471018
0.477283
0.484502
0.469419
0.475515
0.476147
0.476592
0.477223
0.474680
0.478400
0.472834
0.477383
0.476120
0.479414
0.472953
0.478300
0.471168
0.475422
0.472380
0.479075
0.470651
0.481028
0.476857
0.485040
0.474734
0.482829
0.478600
0.484398
0.474973
0.479622
0.478800
0.478514
0.477080
0.477238
0.473560
0.479928
0.466645
0.472493
0.481287
0.466119
0.471654
0.478050
0.475718
0.478867
0.475541
0.481030
0.476388
0.480666
0.478554
0.481561
0.474620
0.478031
0.471044
0.477871
0.463623
0.472050
0.475518
0.471425
0.477966
0.474501
0.480451
0.479071
0.483183
0.476928
0.481012
0.479497
0.482844
0.476031
0.480551
0.473325
0.479038
0.472050
0.476613
0.475902
0.479167
0.473901
0.482727
0.470023
0.474639
0.482851
0.475504
0.477563
0.477884
0.479989
0.477279
0.478935
0.471314
0.475634
0.470589
0.479255
0.466224
0.475716
0.469306
0.473581
0.466165
0.470845
0.475358
0.473718
0.481945
0.472178
0.472178
0.481915
0.476578
0.482069
0.474837
0.477533
0.478357
0.474586
0.480095
0.469095
0.478742
0.473460
0.479558
0.473716
0.477951
0.475280
0.479653
0.472313
0.475955
0.476897
0.475310
0.480504
0.472547
0.478726
0.474159
0.480392
0.467176
0.478297
0.473196
0.478937
0.473337
0.478953
0.474279
0.481709
0.471826
0.478876
0.474064
0.480098
0.470467
0.476698
0.473533
0.477118
0.470030
0.473678
0.472973
0.476339
0.471123
0.480010
0.467627
0.472808
0.480487
0.473808
0.476740
0.476544
0.481128
0.476613
0.482661
0.471295
0.479668
0.475047
0.481296
0.473440
0.475904
0.475818
0.470666
0.476438
0.466057
0.477205
0.473435
0.480294
0.475069
0.479782
0.476001
0.482045
0.470986
0.479368
0.474252
0.481279
0.473757
0.478882
0.478982
0.477042
0.478285
0.471936
0.480498
0.468326
0.475024
0.483186
0.469459
0.476122
0.475790
0.477435
0.474941
0.478125
0.472714
0.478846
0.473731
0.479503
0.473219
0.478058
0.470919
0.475086
0.469433
0.477748
0.465989
0.477938
0.474317
0.480713
0.474248
0.477914
0.479651
0.475659
0.481167
0.469387
0.478744
0.472896
0.478114
0.471986
0.476763
0.471240
0.478050
0.467991
0.475803
0.471926
0.479117
0.471225
0.477485
0.475939
0.477909
0.471621
0.479187
0.466704
0.478094
0.473015
0.478417
0.471657
0.475359
0.477202
0.474105
0.479592
0.469237
0.478382
0.473381
0.479895
0.472837
0.476279
0.476790
0.473582
0.478079
0.469627
0.476841
0.473659
0.481080
0.469239
0.479323
0.473290
0.477895
0.471710
0.477353
0.472693
0.479485
0.473786
0.478089
0.474920
0.479816
0.471105
0.476590
0.472913
0.477732
0.468487
0.475448
0.472073
0.479613
0.468004
0.478439
0.473200
0.478753
0.473093
0.478543
0.473635
0.480906
0.470598
0.478182
0.472826
0.479184
0.470119
0.476132
0.473847
0.476956
0.470510
0.476213
0.470883
0.477139
0.471970
0.480077
0.468334
0.478655
0.472829
0.477804
0.472418
0.478968
0.473690
0.478303
0.476642
0.479568
0.473285
0.480480
0.469926
0.478748
0.471960
0.476791
0.470944
0.477597
0.472091
0.476964
0.475588
0.479128
0.473371
0.480681
0.471778
0.479067
0.472775
0.479769
0.467329
0.477491
0.472478
0.478323
0.472090
0.476377
0.476219
0.478594
0.473476
0.480828
0.468041
0.470770
0.480288
0.471830
0.473297
0.475114
0.475938
0.478370
0.473757
0.480453
0.468403
0.479724
0.474568
0.478503
0.471140
0.474505
0.468589
0.475595
0.466601
0.476324
0.474065
0.482231
0.475329
0.480480
0.479154
0.478501
0.474880
0.478346
0.472078
0.477308
0.475108
0.479725
0.470842
0.477138
0.472164
0.479884
0.466800
0.475537
0.479326
0.473542
0.478805
0.473379
0.478009
0.474994
0.478818
0.470201
0.474465
0.472264
0.475144
0.468270
0.473502
0.466878
0.472149
0.467351
0.476355
0.464797
0.472448
0.479860
0.468646
0.474657
0.473657
0.477402
0.472484
0.478815
0.468502
0.476340
0.470746
0.476363
0.468119
0.471957
0.471789
0.470626
0.472486
0.467999
0.477417
0.466754
0.470796
0.481355
0.473537
0.475298
0.477280
0.478114
0.480186
0.475908
0.481103
0.471355
0.479574
0.474496
0.479223
0.469609
0.471826
0.470993
0.469341
0.472916
0.469361
0.479284
0.469834
0.481192
0.475080
0.478166
0.474696
0.478776
0.473164
0.477648
0.473769
0.480667
0.468916
0.479271
0.473250
0.476590
0.470794
0.475948
0.468725
0.473030
0.473523
0.472658
0.475220
0.470157
0.478505
0.465572
0.470846
0.477683
0.464376
0.471376
0.471348
0.475368
0.471954
0.477480
0.470774
0.475098
0.475420
0.473893
0.475127
0.468805
0.475906
0.462301
0.469418
0.474495
0.467135
0.471233
0.474777
0.474080
0.479053
0.472821
0.476242
0.476158
0.476546
0.475621
0.476149
0.470857
0.477081
0.463493
0.467978
0.476539
0.469805
0.473054
0.475697
0.477691
0.479253
0.476544
0.479389
0.473171
0.476926
0.473673
0.476791
0.467492
0.470013
0.467933
0.469242
0.466326
0.475290
0.464762
0.477737
0.473087
0.477573
0.472427
0.477996
0.473433
0.478832
0.472695
0.476775
0.472032
0.478786
0.468210
0.476018
0.469638
0.473808
0.467169
0.470764
0.470778
0.473297
0.469900
0.477000
0.464773
0.475873
0.469700
0.472816
0.470045
0.474596
0.470038
0.475381
0.470780
0.478243
0.468521
0.477821
0.472983
0.477753
0.471199
0.474359
0.471533
0.475917
0.470064
0.474117
0.473693
0.475728
0.471194
0.478380
0.465051
0.472616
0.475629
0.468691
0.472709
0.471647
0.478295
0.472547
0.476042
0.475799
0.475014
0.476674
0.472126
0.479220
0.465487
0.469995
0.476158
0.466681
0.470507
0.474112
0.474307
0.478478
0.472996
0.477673
0.472057
0.476788
0.471316
0.476513
0.466995
0.471134
0.468148
0.471528
0.466881
0.473581
0.469809
0.476438
0.471509
0.476962
0.471638
0.477435
0.471607
0.475704
0.473002
0.477483
0.470820
0.474966
0.474251
0.475226
0.471301
0.477819
0.477819
0.464737
0.476188
0.469719
0.472996
0.470127
0.475876
0.471307
0.475505
0.474013
0.476299
0.470715
0.478550
0.466024
0.476484
0.469340
0.471878
0.468180
0.473626
0.469229
0.473940
0.473070
0.476003
0.470740
0.478388
0.466573
0.476576
0.469362
0.472048
0.470054
0.474234
0.470445
0.477870
0.470105
0.476482
0.472859
0.478241
0.470635
0.475167
0.473781
0.474597
0.470023
0.477132
0.465193
0.476961
0.471240
0.474590
0.470890
0.476460
0.471264
0.475117
0.474865
0.474929
0.474423
0.475978
0.472212
0.478864
0.465231
0.469829
0.475685
0.467769
0.471069
0.474745
0.475972
0.480210
0.474943
0.480650
0.472697
0.477582
0.474434
0.476389
0.468822
0.472147
0.466179
0.473582
0.463379
0.474013
0.470095
0.475555
0.471545
0.477451
0.471645
0.475021
0.474423
0.474408
0.473451
0.475207
0.470292
0.477548
0.464299
0.467672
0.475626
0.468432
0.471483
0.474699
0.477158
0.479597
0.476854
0.480322
0.473235
0.476369
0.474835
0.473422
0.469590
0.470826
0.464295
0.470744
0.465079
0.471968
0.471543
0.477781
0.472497
0.477083
0.476496
0.477392
0.473795
0.480298
0.467944
0.479338
0.470978
0.473671
0.471068
0.473727
0.469606
0.476548
0.466742
0.474776
0.469337
0.474229
0.468684
0.472516
0.469038
0.473439
0.465594
0.469993
0.469327
0.472073
0.468082
0.475750
0.463320
0.473930
0.467929
0.471585
0.468661
0.475329
0.471310
0.475492
0.474767
0.475465
0.472199
0.477678
0.467626
0.475893
0.468933
0.472284
0.467880
0.474381
0.468307
0.474260
0.473753
0.476290
0.471907
0.479422
0.467570
0.477556
0.470458
0.472609
0.469395
0.474008
0.469739
0.474984
0.470262
0.476804
0.466849
0.475017
0.470116
0.474818
0.468555
0.471864
0.470783
0.473816
0.469168
0.476695
0.466050
0.475942
0.469959
0.473049
0.469746
0.474515
0.469743
0.474279
0.472135
0.476798
0.470600
0.474763
0.473773
0.474787
0.469584
0.476321
0.463390
0.474229
0.470122
0.474874
0.469128
0.473723
0.475856
0.474446
0.477371
0.471396
0.476328
0.470819
0.476797
0.467905
0.472866
0.468843
0.473539
0.466752
0.471963
0.472401
0.474622
0.471432
0.478050
0.466103
0.476613
0.469249
0.471840
0.470367
0.473328
0.470348
0.477616
0.467323
0.476394
0.470677
0.474617
0.470597
0.475972
0.469845
0.472963
0.472408
0.472142
0.472575
0.472565
0.474716
0.469826
0.476916
0.464056
0.467567
0.476467
0.469261
0.472419
0.476355
0.478424
0.482090
0.478099
0.482729
0.473560
0.477990
0.473501
0.474992
0.467088
0.469244
0.465937
0.470979
0.465843
0.471481
0.473011
0.474857
0.473803
0.476925
0.471223
0.476507
0.470350
0.474852
0.471342
0.478021
0.468062
0.477217
0.471863
0.476111
0.471343
0.477199
0.472197
0.475863
0.473753
0.475271
0.468988
0.474924
0.464452
0.472338
0.466337
0.470431
0.465650
0.471663
0.467704
0.473158
0.469529
0.475984
0.467720
0.474523
0.470660
0.475127
0.467923
0.471369
0.471817
0.471241
0.473156
0.469369
0.477067
0.464655
0.475002
0.469908
0.473509
0.467897
0.472387
0.473619
0.475785
0.473634
0.478238
0.471292
0.476308
0.472694
0.475941
0.467607
0.471439
0.470128
0.473104
0.468694
0.476818
0.467259
0.477463
0.471721
0.474714
0.471603
0.475836
0.470903
0.475338
0.471084
0.476864
0.466637
0.474374
0.469010
0.473197
0.467142
0.470967
0.468692
0.474006
0.468413
0.472683
0.472379
0.473604
0.470125
0.475624
0.464871
0.474159
0.467889
0.471564
0.470349
0.474969
0.471308
0.477725
0.471837
0.475682
0.473764
0.476511
0.470993
0.476595
0.469051
0.473213
0.470111
0.473879
0.468514
0.473335
0.471575
0.476240
0.469230
0.473761
0.471691
0.475265
0.469441
0.473933
0.469994
0.476832
0.464970
0.475245
0.469857
0.473252
0.470213
0.475364
0.470635
0.474750
0.472261
0.475614
0.469272
0.472970
0.469841
0.474085
0.465807
0.471204
0.468084
0.474061
0.466790
0.474193
0.471732
0.477593
0.470292
0.475587
0.473937
0.477000
0.471255
0.476355
0.470612
0.475026
0.470026
0.476260
0.466108
0.474686
0.469813
0.474633
0.469657
0.474916
0.471229
0.477593
0.470126
0.474803
0.472267
0.475116
0.469348
0.474234
0.468799
0.474129
0.468385
0.473013
0.469905
0.476541
0.468135
0.475923
0.471360
0.476718
0.470231
0.474531
0.474846
0.475311
0.473691
0.475788
0.470076
0.477502
0.464432
0.474582
0.468918
0.472486
0.467873
0.474184
0.471496
0.478429
0.473216
0.477103
0.475507
0.477582
0.471526
0.476984
0.466136
0.473455
0.467623
0.472309
0.468081
0.474355
0.470622
0.476408
0.471370
0.476341
0.471170
0.476373
0.470906
0.475251
0.469874
0.475526
0.467522
0.473386
0.470767
0.475363
0.469646
0.473776
0.472981
0.475271
0.470076
0.477137
0.465666
0.475946
0.470078
0.472824
0.470262
0.475052
0.471127
0.476676
0.472034
0.477853
0.470267
0.475054
0.472468
0.475071
0.475071
