-0.299564
-0.341020
-0.348328
-0.355489
-0.361676
-0.366702
-0.370789
-0.374290
-0.377487
-0.380529
-0.383467
-0.386330
-0.389146
-0.391939
-0.394721
-0.397482
-0.400189
-0.402795
-0.405245
-0.407493
-0.409507
-0.411271
-0.412790
-0.414083
-0.415178
-0.416107
-0.416900
-0.417590
-0.418203
-0.418766
-0.419296
-0.419809
-0.420316
-0.420825
-0.421343
-0.421873
-0.422415
-0.422972
-0.423541
-0.424124
-0.424718
-0.425324
-0.425939
-0.426565
-0.427200
-0.427845
-0.428499
-0.429161
-0.429826
-0.430487
-0.431132
-0.431745
-0.432310
-0.432807
-0.433218
-0.433529
-0.433738
-0.433887
-0.434074
-0.434316
-0.434538
-0.434698
-0.434816
-0.434933
-0.435065
-0.435195
-0.435289
-0.435319
-0.435273
-0.435152
-0.434966
-0.434731
-0.434466
-0.434184
-0.433898
-0.433615
-0.433341
-0.433080
-0.432837
-0.432616
-0.432419
-0.432248
-0.432104
-0.431987
-0.431894
-0.431825
-0.431777
-0.431748
-0.431737
-0.431741
-0.431759
-0.431787
-0.431826
-0.431872
-0.431924
-0.431982
-0.432043
-0.432108
-0.432176
-0.432246
-0.432318
-0.432394
-0.432475
-0.432564
-0.432665
-0.432782
-0.432914
-0.433057
-0.433205
-0.433358
-0.433521
-0.433699
-0.433892
-0.434103
-0.434331
-0.434575
-0.434817
-0.435035
-0.435221
-0.435378
-0.435514
-0.435634
-0.435746
-0.435854
-0.435963
-0.436077
-0.436197
-0.436327
-0.436467
-0.436618
-0.436782
-0.436960
-0.437155
-0.437370
-0.437610
-0.437883
-0.438197
-0.438559
-0.438976
-0.439441
-0.439933
-0.440411
-0.440831
-0.441160
-0.441388
-0.441521
-0.441572
-0.441556
-0.441486
-0.441376
-0.441235
-0.441073
-0.440898
-0.440716
-0.440529
-0.440344
-0.440163
-0.439989
-0.439826
-0.439674
-0.439535
-0.439409
-0.439297
-0.439198
-0.439113
-0.439042
-0.438985
-0.438940
-0.438908
-0.438888
-0.438878
-0.438876
-0.438878
-0.438869
-0.438808
-0.438735
-0.438714
-0.438704
-0.438682
-0.438645
-0.438587
-0.438518
-0.438495
-0.438525
-0.438599
-0.438735
-0.438775
-0.438845
-0.438836
-0.438925
-0.438879
-0.439056
-0.438911
-0.439136
-0.438971
-0.439072
-0.439183
-0.439200
-0.439194
-0.439177
-0.439142
-0.439154
-0.439242
-0.439338
-0.439399
-0.439437
-0.439481
-0.439530
-0.439581
-0.439636
-0.439693
-0.439750
-0.439808
-0.439867
-0.439926
-0.439986
-0.440046
-0.440106
-0.440167
-0.440228
-0.440289
-0.440351
-0.440413
-0.440476
-0.440540
-0.440604
-0.440668
-0.440733
-0.440799
-0.440866
-0.440933
-0.441002
-0.441071
-0.441141
-0.441213
-0.441285
-0.441359
-0.441435
-0.441512
-0.441591
-0.441672
-0.441755
-0.441841
-0.441930
-0.442021
-0.442114
-0.442210
-0.442308
-0.442408
-0.442510
-0.442614
-0.442720
-0.442827
-0.442935
-0.443045
-0.443156
-0.443268
-0.443381
-0.443495
-0.443610
-0.443725
-0.443841
-0.443957
-0.444073
-0.444190
-0.444307
-0.444425
-0.444543
-0.444662
-0.444781
-0.444900
-0.445020
-0.445141
-0.445263
-0.445385
-0.445509
-0.445633
-0.445758
-0.445885
-0.446013
-0.446143
-0.446274
-0.446406
-0.446540
-0.446675
-0.446811
-0.446946
-0.447081
-0.447215
-0.447345
-0.447471
-0.447591
-0.447706
-0.447816
-0.447921
-0.448021
-0.448119
-0.448214
-0.448307
-0.448399
-0.448490
-0.448579
-0.448666
-0.448752
-0.448837
-0.448920
-0.449002
-0.449083
-0.449164
-0.449246
-0.449330
-0.449418
-0.449514
-0.449618
-0.449732
-0.449856
-0.449991
-0.450135
-0.450287
-0.450446
-0.450612
-0.450784
-0.450963
-0.451148
-0.451339
-0.451536
-0.451737
-0.451941
-0.452149
-0.452359
-0.452571
-0.452786
-0.453001
-0.453218
-0.453435
-0.453654
-0.453872
-0.454091
-0.454310
-0.454529
-0.454748
-0.454967
-0.455185
-0.455404
-0.455621
-0.455838
-0.456054
-0.456269
-0.456483
-0.456696
-0.456908
-0.457118
-0.457328
-0.457536
-0.457742
-0.457947
-0.458151
-0.458353
-0.458554
-0.458753
-0.458951
-0.459148
-0.459343
-0.459537
-0.459729
-0.459921
-0.460111
-0.460300
-0.460488
-0.460674
-0.460860
-0.461044
-0.461227
-0.461409
-0.461591
-0.461771
-0.461950
-0.462128
-0.462305
-0.462481
-0.462656
-0.462830
-0.463004
-0.463176
-0.463348
-0.463518
-0.463688
-0.463856
-0.464024
-0.464191
-0.464357
-0.464523
-0.464687
-0.464851
-0.465013
-0.465175
-0.465336
-0.465496
-0.465655
-0.465814
-0.465971
-0.466128
-0.466284
-0.466439
-0.466594
-0.466747
-0.466900
-0.467052
-0.467203
-0.467353
-0.467503
-0.467651
-0.467799
-0.467946
-0.468093
-0.468238
-0.468383
-0.468527
-0.468670
-0.468813
-0.468955
-0.469095
-0.469236
-0.469375
-0.469514
-0.469652
-0.469789
-0.469926
-0.470062
-0.470197
-0.470332
-0.470466
-0.470600
-0.470733
-0.470866
-0.470998
-0.471130
-0.471261
-0.471393
-0.471524
-0.471654
-0.471785
-0.471915
-0.472045
-0.472175
-0.472305
-0.472435
-0.472565
-0.472694
-0.472824
-0.472953
-0.473083
-0.473212
-0.473342
-0.473471
-0.473600
-0.473730
-0.473859
-0.473988
-0.474118
-0.474247
-0.474376
-0.474505
-0.474635
-0.474764
-0.474893
-0.475022
-0.475151
-0.475281
-0.475410
-0.475539
-0.475668
-0.475797
-0.475927
-0.476056
-0.476185
-0.476315
-0.476444
-0.476573
-0.476703
-0.476833
-0.476962
-0.477092
-0.477222
-0.477352
-0.477482
-0.477612
-0.477742
-0.477873
-0.478003
-0.478134
-0.478265
-0.478396
-0.478527
-0.478659
-0.478791
-0.478922
-0.479054
-0.479187
-0.479319
-0.479319
-0.479452
-0.479585
-0.479718
-0.479852
-0.479985
-0.480119
-0.480254
-0.480388
-0.480523
-0.480658
-0.480794
-0.480930
-0.481066
-0.481202
-0.481339
-0.481476
-0.481614
-0.481752
-0.481890
-0.482028
-0.482167
-0.482306
-0.482446
-0.482586
-0.482727
-0.482868
-0.483009
-0.483150
-0.483292
-0.483435
-0.483578
-0.483721
-0.483865
-0.484009
-0.484154
-0.484299
-0.484444
-0.484590
-0.484737
-0.484884
-0.485031
-0.485179
-0.485327
-0.485476
-0.485625
-0.485775
-0.485925
-0.486076
-0.486227
-0.486379
-0.486531
-0.486684
-0.486837
-0.486991
-0.487145
-0.487300
-0.487455
-0.487611
-0.487767
-0.487924
-0.488081
-0.488239
-0.488397
-0.488556
-0.488715
-0.488875
-0.489035
-0.489196
-0.489358
-0.489520
-0.489682
-0.489845
-0.490009
-0.490173
-0.490337
-0.490502
-0.490668
-0.490834
-0.491001
-0.491168
-0.491336
-0.491504
-0.491673
-0.491842
-0.492011
-0.492182
-0.492353
-0.492524
-0.492696
-0.492868
-0.493041
-0.493214
-0.493388
-0.493562
-0.493737
-0.493912
-0.494088
-0.494264
-0.494441
-0.494618
-0.494795
-0.494973
-0.495152
-0.495331
-0.495510
-0.495690
-0.495871
-0.496051
-0.496232
-0.496414
-0.496596
-0.496778
-0.496961
-0.497145
-0.497328
-0.497512
-0.497696
-0.497881
-0.498066
-0.498252
-0.498437
-0.498624
-0.498810
-0.498997
-0.499184
-0.499371
-0.499559
-0.499747
-0.499935
-0.500123
-0.500312
-0.500501
-0.500690
-0.500880
-0.501069
-0.501259
-0.501449
-0.501639
-0.501829
-0.502019
-0.502210
-0.502400
-0.502591
-0.502782
-0.502973
-0.503163
-0.503354
-0.503545
-0.503736
-0.503926
-0.504117
-0.504308
-0.504498
-0.504689
-0.504879
-0.505069
-0.505259
-0.505448
-0.505638
-0.505827
-0.506016
-0.506204
-0.506393
-0.506581
-0.506768
-0.506955
-0.507142
-0.507328
-0.507513
-0.507698
-0.507883
-0.508067
-0.508250
-0.508432
-0.508614
-0.508795
-0.508975
-0.509155
-0.509333
-0.509511
-0.509688
-0.509863
-0.510038
-0.510212
-0.510384
-0.510555
-0.510725
-0.510894
-0.511062
-0.511228
-0.511392
-0.511556
-0.511717
-0.511877
-0.512036
-0.512193
-0.512348
-0.512501
-0.512652
-0.512802
-0.512949
-0.513094
-0.513238
-0.513379
-0.513518
-0.513654
-0.513788
-0.513920
-0.514049
-0.514175
-0.514299
-0.514420
-0.514538
-0.514654
-0.514766
-0.514875
-0.514981
-0.515084
-0.515183
-0.515279
-0.515372
-0.515461
-0.515546
-0.515628
-0.515706
-0.515779
-0.515849
-0.515915
-0.515976
-0.516033
-0.516086
-0.516134
-0.516178
-0.516217
-0.516251
-0.516280
-0.516304
-0.516323
-0.516337
-0.516345
-0.516349
-0.516346
-0.516338
-0.516325
-0.516305
-0.516280
-0.516248
-0.516211
-0.516167
-0.516117
-0.516061
-0.515998
-0.515929
-0.515853
-0.515770
-0.515680
-0.515584
-0.515480
-0.515370
-0.515252
-0.515127
-0.514994
-0.514854
-0.514707
-0.514552
-0.514389
-0.514219
-0.514041
-0.513855
-0.513661
-0.513460
-0.513250
-0.513033
-0.512807
-0.512573
-0.512331
-0.512081
-0.511823
-0.511557
-0.511282
-0.510999
-0.510708
-0.510408
-0.510101
-0.509785
-0.509460
-0.509128
-0.508787
-0.508438
-0.508081
-0.507716
-0.507343
-0.506962
-0.506573
-0.506176
-0.505771
-0.505358
-0.504938
-0.504510
-0.504074
-0.503631
-0.503181
-0.502723
-0.502258
-0.501786
-0.501308
-0.500822
-0.500330
-0.499831
-0.499325
-0.498814
-0.498296
-0.497772
-0.497243
-0.496708
-0.496167
-0.495622
-0.495071
-0.494515
-0.493954
-0.493388
-0.492819
-0.492244
-0.491666
-0.491084
-0.490497
-0.489907
-0.489314
-0.488717
-0.488116
-0.487513
-0.486906
-0.486297
-0.485684
-0.485069
-0.484451
-0.483830
-0.483207
-0.482582
-0.481954
-0.481324
-0.480691
-0.480057
-0.479420
-0.478781
-0.478141
-0.477498
-0.476854
-0.476207
-0.475559
-0.474909
-0.474257
-0.473604
-0.472948
-0.472291
-0.471632
-0.470971
-0.470308
-0.469643
-0.468976
-0.468307
-0.467636
-0.466962
-0.466287
-0.465609
-0.464928
-0.464245
-0.463560
-0.462873
-0.462183
-0.461492
-0.460802
-0.460116
-0.459436
-0.458778
-0.458132
-0.457517
-0.456868
-0.456227
-0.455556
-0.454754
-0.453808
-0.452871
-0.451960
-0.451079
-0.450215
-0.449350
-0.448475
-0.447589
-0.446696
-0.445804
-0.444919
-0.444047
-0.443189
-0.442332
-0.441627
-0.441024
-0.440206
-0.439232
-0.438284
-0.437459
-0.436903
-0.436058
-0.435069
-0.434183
-0.433339
-0.432600
-0.431914
-0.431135
-0.430162
-0.429326
-0.428548
-0.427847
-0.427080
-0.426007
-0.425255
-0.424349
-0.423721
-0.422834
-0.422147
-0.420928
-0.420202
-0.419135
-0.418549
-0.417282
-0.416720
-0.415723
-0.415185
-0.413887
-0.413358
-0.412331
-0.411826
-0.410450
-0.409980
-0.408944
-0.408473
-0.407121
-0.406679
-0.405638
-0.405174
-0.403860
-0.403568
-0.402761
-0.402412
-0.401781
-0.400654
-0.400023
-0.399332
-0.398104
-0.397628
-0.396854
-0.395836
-0.395195
-0.394505
-0.393440
-0.392829
-0.392108
-0.390937
-0.390388
-0.389573
-0.388504
-0.387891
-0.387168
-0.385909
-0.385453
-0.384599
-0.383510
-0.382950
-0.382221
-0.380908
-0.380550
-0.379662
-0.378590
-0.378063
-0.377351
-0.375950
-0.375740
-0.374779
-0.373821
-0.373207
-0.372530
-0.370933
-0.370870
-0.369676
-0.368954
-0.368155
-0.367454
-0.365922
-0.365960
-0.364849
-0.364295
-0.363547
-0.362193
-0.361290
-0.360842
-0.360238
-0.358741
-0.358738
-0.357626
-0.357626
-0.356929
-0.356193
-0.355650
-0.354564
-0.353787
-0.352995
-0.351708
-0.351807
-0.350742
-0.350132
-0.349141
-0.348335
-0.347405
-0.346434
-0.346394
-0.345560
-0.344661
-0.343365
-0.343172
-0.342416
-0.341150
-0.341262
-0.340102
-0.339670
-0.338414
-0.337974
-0.337075
-0.336220
-0.336087
-0.335092
-0.334895
-0.333643
-0.333169
-0.331708
-0.331560
-0.330740
-0.330047
-0.329187
-0.329153
-0.327926
-0.327715
-0.326463
-0.326238
-0.325047
-0.324907
-0.323828
-0.323637
-0.322507
-0.322398
-0.321288
-0.321114
-0.319959
-0.319888
-0.318741
-0.318645
-0.317469
-0.317431
-0.316259
-0.316229
-0.315038
-0.315042
-0.313849
-0.313872
-0.312669
-0.312717
-0.311508
-0.311579
-0.310361
-0.310456
-0.309231
-0.309350
-0.308116
-0.308260
-0.307017
-0.307186
-0.305933
-0.306126
-0.304864
-0.305078
-0.303807
-0.304038
-0.302760
-0.303007
-0.301724
-0.301986
-0.300700
-0.300977
-0.299690
-0.299980
-0.298692
-0.298996
-0.297707
-0.298025
-0.296734
-0.297067
-0.295771
-0.296121
-0.294817
-0.295189
-0.293872
-0.294271
-0.292936
-0.293368
-0.292014
-0.292478
-0.291107
-0.291600
-0.290219
-0.290732
-0.289350
-0.289872
-0.288494
-0.289022
-0.287648
-0.288183
-0.286816
-0.287357
-0.285999
-0.286545
-0.285195
-0.285747
-0.284403
-0.284962
-0.283621
-0.284189
-0.282851
-0.283427
-0.282096
-0.282672
-0.281362
-0.281915
-0.280648
-0.281153
-0.279945
-0.280388
-0.279245
-0.279627
-0.278550
-0.278877
-0.277869
-0.278144
-0.277205
-0.277430
-0.276562
-0.276736
-0.275941
-0.276062
-0.275344
-0.275409
-0.274770
-0.274778
-0.274222
-0.274170
-0.273697
-0.273588
-0.273195
-0.273037
-0.272714
-0.272522
-0.272252
-0.272045
-0.271813
-0.271607
-0.271400
-0.271206
-0.271018
-0.270840
-0.270671
-0.270512
-0.270363
-0.270223
-0.270094
-0.269976
-0.269869
-0.269773
-0.269689
-0.269616
-0.269555
-0.269507
-0.269470
-0.269446
-0.269434
-0.269435
-0.269449
-0.269475
-0.269514
-0.269566
-0.269630
-0.269707
-0.269797
-0.269899
-0.270013
-0.270140
-0.270279
-0.270430
-0.270593
-0.270767
-0.270953
-0.271149
-0.271356
-0.271573
-0.271799
-0.272036
-0.272281
-0.272535
-0.272798
-0.273068
-0.273346
-0.273631
-0.273923
-0.274221
-0.274526
-0.274836
-0.275152
-0.275474
-0.275800
-0.276132
-0.276468
-0.276808
-0.277153
-0.277502
-0.277855
-0.278212
-0.278573
-0.278937
-0.279306
-0.279678
-0.280055
-0.280435
-0.280819
-0.281207
-0.281599
-0.281995
-0.282396
-0.282801
-0.283212
-0.283627
-0.284047
-0.284474
-0.284906
-0.285344
-0.285789
-0.286241
-0.286700
-0.287166
-0.287640
-0.288123
-0.288613
-0.289113
-0.289621
-0.290138
-0.290663
-0.291198
-0.291742
-0.292294
-0.292855
-0.293425
-0.294002
-0.294587
-0.295179
-0.295778
-0.296382
-0.296991
-0.297605
-0.298222
-0.298841
-0.299461
-0.300082
-0.300702
-0.301320
-0.301935
-0.302545
-0.303149
-0.303746
-0.304336
-0.304916
-0.305486
-0.306044
-0.306590
-0.307123
-0.307641
-0.308145
-0.308632
-0.309104
-0.309558
-0.309995
-0.310415
-0.310816
-0.311198
-0.311562
-0.311907
-0.312233
-0.312540
-0.312829
-0.313098
-0.313350
-0.313583
-0.313798
-0.313996
-0.314176
-0.314339
-0.314485
-0.314615
-0.314729
-0.314827
-0.314910
-0.314977
-0.315029
-0.315066
-0.315088
-0.315095
-0.315087
-0.315064
-0.315025
-0.314970
-0.314897
-0.314806
-0.314695
-0.314562
-0.314406
-0.314225
-0.314019
-0.313791
-0.313543
-0.313280
-0.313006
-0.312724
-0.312435
-0.312141
-0.311840
-0.311533
-0.311221
-0.310903
-0.310581
-0.310255
-0.309928
-0.309598
-0.309268
-0.308936
-0.308603
-0.308268
-0.307931
-0.307591
-0.307248
-0.306902
-0.306553
-0.306200
-0.305844
-0.305484
-0.305122
-0.304756
-0.304387
-0.304015
-0.303639
-0.303261
-0.302880
-0.302496
-0.302109
-0.301718
-0.301324
-0.300926
-0.300524
-0.300118
-0.299706
-0.299290
-0.298869
-0.298443
-0.298013
-0.297579
-0.297144
-0.296708
-0.296273
-0.295840
-0.295408
-0.294978
-0.294549
-0.294119
-0.293686
-0.293251
-0.292812
-0.292368
-0.291919
-0.291463
-0.291002
-0.290536
-0.290063
-0.289585
-0.289101
-0.288612
-0.288115
-0.287611
-0.287097
-0.286570
-0.286030
-0.285475
-0.284908
-0.284330
-0.283745
-0.283153
-0.282556
-0.281955
-0.281351
-0.280744
-0.280136
-0.279525
-0.278914
-0.278302
-0.277688
-0.277074
-0.276459
-0.275843
-0.275225
-0.274606
-0.273985
-0.273362
-0.272738
-0.272111
-0.271483
-0.270852
-0.270219
-0.269583
-0.268945
-0.268305
-0.267662
-0.267017
-0.266369
-0.265719
-0.265067
-0.264412
-0.263755
-0.263096
-0.262434
-0.261770
-0.261105
-0.260437
-0.259768
-0.259097
-0.258424
-0.257749
-0.257074
-0.256397
-0.255719
-0.255040
-0.254360
-0.253679
-0.252997
-0.252316
-0.251633
-0.250951
-0.250268
-0.249586
-0.248904
-0.248222
-0.247541
-0.246860
-0.246180
-0.245502
-0.244824
-0.244147
-0.243472
-0.242799
-0.242127
-0.241457
-0.240789
-0.240123
-0.239459
-0.238797
-0.238138
-0.237481
-0.236827
-0.236175
-0.235527
-0.234881
-0.234237
-0.233597
-0.232960
-0.232325
-0.231694
-0.231065
-0.230440
-0.229817
-0.229197
-0.228581
-0.227968
-0.227358
-0.226753
-0.226152
-0.225556
-0.224967
-0.224384
-0.223810
-0.223243
-0.222685
-0.222136
-0.221595
-0.221063
-0.220538
-0.220021
-0.219511
-0.219511
-0.219007
-0.218506
-0.218030
-0.217420
-0.218125
-0.216006
-0.215516
-0.214992
-0.214818
-0.214290
-0.213534
-0.213044
-0.212483
-0.211838
-0.211210
-0.210596
-0.209994
-0.209406
-0.208831
-0.208265
-0.207705
-0.207143
-0.206577
-0.206003
-0.205421
-0.204833
-0.204240
-0.203643
-0.203043
-0.202442
-0.201839
-0.201236
-0.200633
-0.200030
-0.199428
-0.198827
-0.198228
-0.197631
-0.197037
-0.196446
-0.195858
-0.195274
-0.194695
-0.194120
-0.193550
-0.192984
-0.192424
-0.191869
-0.191320
-0.190776
-0.190236
-0.189702
-0.189172
-0.188646
-0.188123
-0.187603
-0.187086
-0.186570
-0.186055
-0.185541
-0.185027
-0.184512
-0.183996
-0.183480
-0.182962
-0.182442
-0.181920
-0.181397
-0.180872
-0.180345
-0.179816
-0.179285
-0.178752
-0.178218
-0.177682
-0.177144
-0.176604
-0.176064
-0.175522
-0.174978
-0.174434
-0.173888
-0.173341
-0.172794
-0.172245
-0.171695
-0.171145
-0.170594
-0.170042
-0.169490
-0.168937
-0.168383
-0.167829
-0.167274
-0.166718
-0.166162
-0.165605
-0.165048
-0.164491
-0.163933
-0.163374
-0.162815
-0.162256
-0.161696
-0.161136
-0.160575
-0.160015
-0.159454
-0.158893
-0.158332
-0.157771
-0.157210
-0.156649
-0.156087
-0.155527
-0.154966
-0.154406
-0.153846
-0.153286
-0.152727
-0.152168
-0.151610
-0.151052
-0.150496
-0.149940
-0.149385
-0.148830
-0.148277
-0.147725
-0.147174
-0.146624
-0.146075
-0.145528
-0.144981
-0.144437
-0.143893
-0.143351
-0.142811
-0.142272
-0.141735
-0.141200
-0.140666
-0.140134
-0.139604
-0.139076
-0.138550
-0.138025
-0.137503
-0.136983
-0.136464
-0.135948
-0.135434
-0.134922
-0.134412
-0.133904
-0.133399
-0.132896
-0.132395
-0.131896
-0.131400
-0.130906
-0.130415
-0.129925
-0.129439
-0.128954
-0.128472
-0.127993
-0.127516
-0.127041
-0.126569
-0.126100
-0.125633
-0.125168
-0.124706
-0.124246
-0.123789
-0.123334
-0.122882
-0.122432
-0.121985
-0.121540
-0.121098
-0.120658
-0.120220
-0.119785
-0.119352
-0.118922
-0.118493
-0.118067
-0.117644
-0.117222
-0.116803
-0.116386
-0.115971
-0.115558
-0.115147
-0.114738
-0.114332
-0.113927
-0.113524
-0.113123
-0.112724
-0.112326
-0.111930
-0.111536
-0.111144
-0.110753
-0.110364
-0.109977
-0.109590
-0.109206
-0.108822
-0.108441
-0.108060
-0.107681
-0.107302
-0.106925
-0.106550
-0.106175
-0.105801
-0.105429
-0.105057
-0.104686
-0.104316
-0.103947
-0.103579
-0.103212
-0.102845
-0.102479
-0.102114
-0.101749
-0.101385
-0.101022
-0.100659
-0.100296
-0.099934
-0.099572
-0.099211
-0.098850
-0.098490
-0.098130
-0.097770
-0.097410
-0.097050
-0.096691
-0.096331
-0.095972
-0.095613
-0.095254
-0.094895
-0.094536
-0.094177
-0.093818
-0.093459
-0.093100
-0.092740
-0.092381
-0.092021
-0.091661
-0.091301
-0.090940
-0.090580
-0.090219
-0.089857
-0.089495
-0.089133
-0.088771
-0.088408
-0.088044
-0.087680
-0.087316
-0.086951
-0.086586
-0.086220
-0.085853
-0.085486
-0.085118
-0.084749
-0.084380
-0.084010
-0.083639
-0.083268
-0.082896
-0.082523
-0.082149
-0.081774
-0.081399
-0.081022
-0.080645
-0.080267
-0.079887
-0.079507
-0.079126
-0.078743
-0.078360
-0.077976
-0.077590
-0.077203
-0.076816
-0.076427
-0.076036
-0.075645
-0.075252
-0.074858
-0.074463
-0.074067
-0.073669
-0.073269
-0.072868
-0.072466
-0.072063
-0.071658
-0.071251
-0.070843
-0.070433
-0.070022
-0.069609
-0.069194
-0.068778
-0.068360
-0.067940
-0.067518
-0.067095
-0.066670
-0.066242
-0.065813
-0.065382
-0.064949
-0.064515
-0.064078
-0.063638
-0.063197
-0.062754
-0.062308
-0.061861
-0.061411
-0.060958
-0.060504
-0.060047
-0.059587
-0.059125
-0.058661
-0.058194
-0.057724
-0.057252
-0.056777
-0.056299
-0.055818
-0.055335
-0.054848
-0.054359
-0.053867
-0.053371
-0.052872
-0.052371
-0.051866
-0.051357
-0.050845
-0.050330
-0.049811
-0.049289
-0.048762
-0.048232
-0.047699
-0.047161
-0.046619
-0.046073
-0.045523
-0.044969
-0.044410
-0.043847
-0.043280
-0.042707
-0.042130
-0.041548
-0.040961
-0.040369
-0.039772
-0.039170
-0.038562
-0.037949
-0.037330
-0.036705
-0.036075
-0.035439
-0.034796
-0.034148
-0.033494
-0.032833
-0.032166
-0.031492
-0.030812
-0.030126
-0.029433
-0.028733
-0.028028
-0.027316
-0.026597
-0.025873
-0.025142
-0.024406
-0.023665
-0.022919
-0.022168
-0.021414
-0.020656
-0.019895
-0.019132
-0.018365
-0.017595
-0.016819
-0.016031
-0.015227
-0.014400
-0.013546
-0.012663
-0.011753
-0.010821
-0.009871
-0.008908
-0.007935
-0.006954
-0.005967
-0.004974
-0.003976
-0.002973
-0.001965
-0.000951
0.000068
0.001092
0.002122
0.003158
0.004200
0.005247
0.006299
0.007358
0.008422
0.009492
0.010568
0.011650
0.012737
0.013831
0.014930
0.016035
0.017145
0.018262
0.019385
0.020513
0.021647
0.022788
0.023934
0.025085
0.026243
0.027407
0.028576
0.029751
0.030932
0.032119
0.033312
0.034510
0.035714
0.036923
0.038138
0.039359
0.040585
0.041816
0.043053
0.044296
0.045543
0.046796
0.048054
0.049317
0.050585
0.051858
0.053136
0.054419
0.055706
0.056998
0.058295
0.059596
0.060902
0.062211
0.063525
0.064844
0.066166
0.067492
0.068822
0.070156
0.071494
0.072835
0.074180
0.075528
0.076879
0.078234
0.079591
0.080952
0.082315
0.083682
0.085051
0.085051
0.086422
0.087796
0.089172
0.090551
0.091932
0.093314
0.094699
0.096086
0.097474
0.098863
0.100255
0.101647
0.103041
0.104436
0.105832
0.107228
0.108626
0.110024
0.111422
0.112821
0.114220
0.115620
0.117019
0.118418
0.119817
0.121216
0.122614
0.124011
0.125408
0.126803
0.128198
0.129592
0.130984
0.132375
0.133764
0.135151
0.136537
0.137921
0.139302
0.140682
0.142059
0.143433
0.144805
0.146174
0.147540
0.148903
0.150263
0.151620
0.152973
0.154322
0.155668
0.157010
0.158348
0.159681
0.161011
0.162336
0.163656
0.164972
0.166283
0.167589
0.168890
0.170186
0.171477
0.172762
0.174042
0.175316
0.176584
0.177847
0.179103
0.180353
0.181598
0.182835
0.184067
0.185292
0.186510
0.187722
0.188927
0.190125
0.191316
0.192500
0.193677
0.194847
0.196010
0.197166
0.198314
0.199455
0.200588
0.201714
0.202833
0.203944
0.205048
0.206144
0.207233
0.208314
0.209387
0.210453
0.211512
0.212563
0.213607
0.214643
0.215672
0.216693
0.217707
0.218713
0.219713
0.220705
0.221690
0.222667
0.223638
0.224602
0.225558
0.226508
0.227451
0.228387
0.229316
0.230239
0.231155
0.232064
0.232967
0.233863
0.234753
0.235636
0.236514
0.237385
0.238249
0.239108
0.239961
0.240807
0.241648
0.242482
0.243311
0.244134
0.244951
0.245762
0.246568
0.247367
0.248162
0.248950
0.249733
0.250510
0.251282
0.252048
0.252808
0.253563
0.254313
0.255057
0.255795
0.256528
0.257255
0.257976
0.258692
0.259402
0.260107
0.260806
0.261499
0.262186
0.262868
0.263544
0.264214
0.264878
0.265537
0.266189
0.266836
0.267477
0.268111
0.268740
0.269363
0.269980
0.270591
0.271196
0.271794
0.272387
0.272974
0.273555
0.274129
0.274698
0.275261
0.275817
0.276368
0.276913
0.277452
0.277985
0.278512
0.279033
0.279548
0.280058
0.280562
0.281061
0.281554
0.282043
0.282526
0.283005
0.283479
0.283950
0.284418
0.284883
0.285348
0.285815
0.286286
0.286768
0.287268
0.287802
0.288397
0.289079
0.289599
0.290028
0.290408
0.290815
0.291159
0.291601
0.291806
0.292337
0.292365
0.292896
0.293106
0.293473
0.293607
0.294173
0.294265
0.294676
0.294663
0.295150
0.295409
0.295463
0.295978
0.295839
0.296332
0.296636
0.296322
0.296944
0.297282
0.296862
0.297455
0.297776
0.297547
0.298018
0.297756
0.298160
0.298469
0.298143
0.298620
0.298653
0.298774
0.298645
0.299030
0.299114
0.298921
0.299300
0.298862
0.299279
0.299435
0.299392
0.299412
0.299033
0.299434
0.299594
0.299264
0.299495
0.298891
0.299326
0.299339
0.299119
0.299130
0.299047
0.298934
0.298812
0.298666
0.298513
0.298351
0.298181
0.298005
0.297826
0.297641
0.297449
0.297249
0.297040
0.296821
0.296592
0.296354
0.296106
0.295850
0.295585
0.295312
0.295030
0.294741
0.294444
0.294140
0.293829
0.293511
0.293188
0.292858
0.292524
0.292185
0.291841
0.291492
0.291139
0.290783
0.290423
0.290059
0.289692
0.289322
0.288949
0.288573
0.288195
0.287814
0.287431
0.287046
0.286658
0.286268
0.285876
0.285482
0.285087
0.284689
0.284290
0.283889
0.283487
0.283083
0.282678
0.282272
0.281864
0.281455
0.281046
0.280636
0.280225
0.279814
0.279402
0.278991
0.278579
0.278167
0.277756
0.277346
0.276936
0.276527
0.276120
0.275714
0.275309
0.274907
0.274506
0.274108
0.273712
0.273320
0.272930
0.272543
0.272160
0.271781
0.271405
0.271034
0.270667
0.270305
0.269947
0.269595
0.269247
0.268906
0.268569
0.268239
0.267915
0.267597
0.267285
0.266979
0.266680
0.266388
0.266103
0.265825
0.265554
0.265291
0.265034
0.264785
0.264544
0.264309
0.264083
0.263864
0.263652
0.263449
0.263252
0.263064
0.262883
0.262709
0.262543
0.262384
0.262233
0.262089
0.261953
0.261823
0.261701
0.261586
0.261477
0.261376
0.261281
0.261193
0.261112
0.261037
0.260969
0.260907
0.260851
0.260801
0.260757
0.260719
0.260687
0.260660
0.260639
0.260624
0.260613
0.260608
0.260608
0.260613
0.260623
0.260638
0.260657
0.260681
0.260709
0.260742
0.260779
0.260820
0.260865
0.260914
0.260967
0.261024
0.261084
0.261148
0.261215
0.261286
0.261360
0.261437
0.261518
0.261601
0.261687
0.261776
0.261868
0.261963
0.262060
0.262159
0.262261
0.262366
0.262472
0.262581
0.262692
0.262805
0.262920
0.263036
0.263155
0.263275
0.263397
0.263521
0.263646
0.263773
0.263901
0.264031
0.264162
0.264294
0.264427
0.264561
0.264697
0.264833
0.264971
0.265109
0.265249
0.265389
0.265530
0.265672
0.265814
0.265958
0.266102
0.266246
0.266391
0.266537
0.266683
0.266830
0.266977
0.267124
0.267272
0.267420
0.267569
0.267718
0.267867
0.268016
0.268166
0.268316
0.268466
0.268616
0.268766
0.268916
0.269066
0.269217
0.269367
0.269517
0.269667
0.269817
0.269967
0.270117
0.270266
0.270415
0.270564
0.270713
0.270861
0.271009
0.271156
0.271303
0.271449
0.271595
0.271595
0.271740
0.271884
0.272028
0.272171
0.272313
0.272455
0.272596
0.272736
0.272874
0.273012
0.273149
0.273285
0.273420
0.273554
0.273687
0.273818
0.273949
0.274078
0.274206
0.274332
0.274457
0.274581
0.274704
0.274825
0.274945
0.275063
0.275180
0.275296
0.275410
0.275522
0.275633
0.275742
0.275850
0.275956
0.276061
0.276164
0.276265
0.276365
0.276463
0.276560
0.276655
0.276748
0.276840
0.276930
0.277019
0.277106
0.277191
0.277274
0.277356
0.277437
0.277516
0.277593
0.277669
0.277743
0.277815
0.277886
0.277956
0.278024
0.278090
0.278155
0.278219
0.278281
0.278342
0.278401
0.278459
0.278516
0.278571
0.278625
0.278677
0.278729
0.278779
0.278828
0.278876
0.278923
0.278968
0.279013
0.279056
0.279098
0.279140
0.279181
0.279220
0.279259
0.279297
0.279334
0.279371
0.279407
0.279443
0.279478
0.279512
0.279547
0.279581
0.279615
0.279649
0.279684
0.279719
0.279754
0.279789
0.279824
0.279855
0.279870
0.280032
0.280429
0.280148
0.280436
0.280316
0.280660
0.280246
0.280421
0.280242
0.280553
0.280123
0.280292
0.280151
0.280426
0.280010
0.280228
0.279997
0.280345
0.279903
0.280027
0.279950
0.280096
0.279786
0.280101
0.279734
0.279948
0.279695
0.279989
0.279586
0.279757
0.279573
0.279818
0.279451
0.279663
0.279411
0.279664
0.279312
0.279515
0.279254
0.279486
0.279157
0.279360
0.279091
0.279304
0.278994
0.279191
0.278914
0.279109
0.278818
0.279004
0.278727
0.278907
0.278629
0.278801
0.278529
0.278694
0.278426
0.278583
0.278320
0.278469
0.278210
0.278351
0.278098
0.278230
0.277982
0.278106
0.277864
0.277979
0.277742
0.277849
0.277618
0.277715
0.277491
0.277578
0.277361
0.277439
0.277228
0.277296
0.277092
0.277150
0.276954
0.277001
0.276814
0.276849
0.276670
0.276695
0.276525
0.276538
0.276377
0.276378
0.276226
0.276216
0.276073
0.276052
0.275918
0.275886
0.275760
0.275718
0.275600
0.275549
0.275437
0.275378
0.275272
0.275205
0.275105
0.275032
0.274935
0.274858
0.274764
0.274682
0.274590
0.274506
0.274415
0.274329
0.274238
0.274151
0.274060
0.273972
0.273881
0.273792
0.273701
0.273611
0.273520
0.273429
0.273338
0.273247
0.273155
0.273064
0.272972
0.272880
0.272788
0.272696
0.272604
0.272512
0.272420
0.272328
0.272235
0.272143
0.272050
0.271958
0.271865
0.271773
0.271680
0.271588
0.271495
0.271403
0.271310
0.271218
0.271126
0.271033
0.270941
0.270849
0.270757
0.270665
0.270574
0.270482
0.270390
0.270299
0.270208
0.270117
0.270026
0.269935
0.269845
0.269754
0.269664
0.269574
0.269485
0.269395
0.269306
0.269217
0.269128
0.269039
0.268951
0.268863
0.268775
0.268688
0.268601
0.268514
0.268427
0.268341
0.268255
0.268169
0.268083
0.267998
0.267914
0.267829
0.267745
0.267661
0.267578
0.267495
0.267412
0.267330
0.267248
0.267166
0.267085
0.267004
0.266923
0.266843
0.266764
0.266684
0.266605
0.266527
0.266449
0.266371
0.266294
0.266217
0.266140
0.266064
0.265988
0.265913
0.265838
0.265764
0.265690
0.265616
0.265543
0.265470
0.265398
0.265326
0.265255
0.265184
0.265113
0.265043
0.264973
0.264904
0.264835
0.264767
0.264699
0.264631
0.264564
0.264498
0.264432
0.264366
0.264301
0.264236
0.264171
0.264107
0.264044
0.263981
0.263918
0.263856
0.263794
0.263732
0.263671
0.263611
0.263551
0.263491
0.263432
0.263373
0.263315
0.263257
0.263199
0.263142
0.263086
0.263029
0.262973
0.262918
0.262863
0.262808
0.262754
0.262700
0.262647
0.262594
0.262541
0.262489
0.262437
0.262386
0.262335
0.262284
0.262234
0.262184
0.262135
0.262086
0.262037
0.261988
0.261941
0.261893
0.261846
0.261799
0.261752
0.261706
0.261660
0.261615
0.261570
0.261525
0.261481
0.261437
0.261393
0.261350
0.261307
0.261264
0.261221
0.261179
0.261138
0.261096
0.261055
0.261014
0.260974
0.260934
0.260894
0.260854
0.260815
0.260776
0.260737
0.260699
0.260661
0.260623
0.260586
0.260548
0.260511
0.260475
0.260438
0.260402
0.260366
0.260331
0.260295
0.260260
0.260225
0.260190
0.260156
0.260122
0.260088
0.260054
0.260021
0.259988
0.259955
0.259922
0.259889
0.259857
0.259825
0.259793
0.259761
0.259730
0.259699
0.259668
0.259637
0.259606
0.259576
0.259545
0.259515
0.259486
0.259456
0.259426
0.259397
0.259368
0.259339
0.259310
0.259281
0.259253
0.259225
0.259197
0.259169
0.259141
0.259113
0.259086
0.259058
0.259031
0.259004
0.258977
0.258951
0.258924
0.258898
0.258872
0.258846
0.258820
0.258794
0.258768
0.258743
0.258717
0.258692
0.258667
0.258642
0.258617
0.258592
0.258568
0.258543
0.258519
0.258495
0.258471
0.258447
0.258423
0.258399
0.258376
0.258353
0.258329
0.258306
0.258283
0.258260
0.258238
0.258215
0.258193
0.258170
0.258148
0.258126
0.258104
0.258082
0.258061
0.258039
0.258018
0.257996
0.257996
0.257975
0.257954
0.257933
0.257913
0.257892
0.257872
0.257851
0.257831
0.257811
0.257791
0.257772
0.257752
0.257733
0.257713
0.257694
0.257675
0.257656
0.257637
0.257619
0.257600
0.257582
0.257564
0.257546
0.257528
0.257510
0.257493
0.257475
0.257458
0.257441
0.257424
0.257407
0.257390
0.257374
0.257357
0.257341
0.257324
0.257308
0.257292
0.257276
0.257261
0.257245
0.257229
0.257214
0.257198
0.257183
0.257168
0.257153
0.257138
0.257123
0.257108
0.257093
0.257079
0.257064
0.257049
0.257035
0.257020
0.257006
0.256992
0.256977
0.256963
0.256949
0.256935
0.256920
0.256906
0.256892
0.256878
0.256864
0.256850
0.256836
0.256822
0.256808
0.256794
0.256780
0.256766
0.256752
0.256738
0.256724
0.256710
0.256697
0.256683
0.256669
0.256655
0.256641
0.256627
0.256613
0.256599
0.256585
0.256571
0.256557
0.256543
0.256529
0.256515
0.256501
0.256487
0.256473
0.256459
0.256445
0.256431
0.256417
0.256403
0.256389
0.256375
0.256361
0.256346
0.256332
0.256318
0.256304
0.256290
0.256276
0.256261
0.256247
0.256233
0.256219
0.256205
0.256190
0.256176
0.256162
0.256148
0.256133
0.256119
0.256105
0.256090
0.256076
0.256062
0.256047
0.256033
0.256019
0.256004
0.255990
0.255976
0.255961
0.255947
0.255932
0.255918
0.255904
0.255889
0.255875
0.255860
0.255846
0.255831
0.255817
0.255803
0.255788
0.255774
0.255759
0.255745
0.255730
0.255716
0.255701
0.255687
0.255672
0.255658
0.255643
0.255629
0.255614
0.255600
0.255585
0.255571
0.255556
0.255542
0.255527
0.255513
0.255498
0.255484
0.255469
0.255455
0.255440
0.255426
0.255411
0.255397
0.255382
0.255368
0.255353
0.255339
0.255324
0.255310
0.255295
0.255281
0.255266
0.255252
0.255237
0.255223
0.255209
0.255194
0.255180
0.255165
0.255151
0.255136
0.255122
0.255107
0.255093
0.255078
0.255064
0.255049
0.255035
0.255021
0.255006
0.254992
0.254977
0.254963
0.254949
0.254934
0.254920
0.254905
0.254891
0.254877
0.254862
0.254848
0.254834
0.254819
0.254805
0.254790
0.254776
0.254762
0.254747
0.254733
0.254719
0.254705
0.254690
0.254676
0.254662
0.254647
0.254633
0.254619
0.254605
0.254590
0.254576
0.254562
0.254548
0.254533
0.254519
0.254505
0.254491
0.254477
0.254462
0.254448
0.254434
0.254420
0.254406
0.254392
0.254378
0.254363
0.254349
0.254335
0.254321
0.254307
0.254293
0.254279
0.254265
0.254251
0.254237
0.254223
0.254209
0.254195
0.254181
0.254167
0.254153
0.254139
0.254125
0.254111
0.254097
0.254083
0.254069
0.254055
0.254041
0.254027
0.254013
0.253999
0.253986
0.253972
0.253958
0.253944
0.253930
0.253916
0.253902
0.253889
0.253875
0.253861
0.253847
0.253834
0.253820
0.253806
0.253792
0.253779
0.253765
0.253751
0.253737
0.253724
0.253710
0.253696
0.253683
0.253669
0.253655
0.253642
0.253628
0.253615
0.253601
0.253588
0.253574
0.253560
0.253547
0.253533
0.253520
0.253506
0.253493
0.253479
0.253466
0.253452
0.253439
0.253425
0.253412
0.253399
0.253385
0.253372
0.253358
0.253345
0.253332
0.253318
0.253305
0.253292
0.253278
0.253265
0.253252
0.253238
0.253225
0.253212
0.253199
0.253185
0.253172
0.253159
0.253146
0.253133
0.253119
0.253106
0.253093
0.253080
0.253067
0.253054
0.253041
0.253028
0.253015
0.253001
0.252988
0.252975
0.252962
0.252949
0.252936
0.252923
0.252910
0.252897
0.252884
0.252872
0.252859
0.252846
0.252833
0.252820
0.252807
0.252794
0.252781
0.252768
0.252756
0.252743
0.252730
0.252717
0.252704
0.252692
0.252679
0.252666
0.252654
0.252641
0.252628
0.252615
0.252603
0.252590
0.252577
0.252565
0.252552
0.252540
0.252527
0.252514
0.252502
0.252489
0.252477
0.252464
0.252452
0.252439
0.252427
0.252414
0.252402
0.252389
0.252377
0.252365
0.252352
0.252340
0.252327
0.252315
0.252303
0.252290
0.252278
0.252266
0.252253
0.252241
0.252229
0.252217
0.252204
0.252192
0.252180
0.252168
0.252156
0.252143
0.252131
0.252119
0.252107
0.252095
0.252083
0.252071
0.252058
0.252046
0.252034
0.252022
0.252010
0.251998
0.251986
0.251974
0.251962
0.251950
0.251938
0.251927
0.251915
0.251903
0.251891
0.251879
0.251867
0.251855
0.251843
0.251832
0.251820
0.251808
0.251796
0.251785
0.251773
0.251761
0.251749
0.251738
0.251726
0.251714
0.251703
0.251691
0.251679
0.251668
0.251656
0.251645
0.251633
0.251621
0.251610
0.251598
0.251587
0.251575
0.251564
0.251552
0.251541
0.251529
0.251518
0.251507
0.251495
0.251484
0.251472
0.251461
0.251450
0.251438
0.251427
0.251416
0.251405
0.251393
0.251382
0.251371
0.251360
0.251348
0.251337
0.251326
0.251315
0.251304
0.251292
0.251281
0.251270
0.251259
0.251248
0.251237
0.251226
0.251215
0.251204
0.251193
0.251182
0.251171
0.251160
0.251149
0.251138
0.251127
0.251116
0.251116
0.251105
0.251094
0.251083
0.251073
0.251062
0.251051
0.251040
0.251029
0.251019
0.251008
0.250997
0.250986
0.250976
0.250965
0.250954
0.250943
0.250933
0.250922
0.250911
0.250901
0.250890
0.250880
0.250869
0.250859
0.250848
0.250837
0.250827
0.250816
0.250806
0.250795
0.250785
0.250774
0.250764
0.250754
0.250743
0.250733
0.250722
0.250712
0.250702
0.250691
0.250681
0.250671
0.250660
0.250650
0.250640
0.250630
0.250619
0.250609
0.250599
0.250589
0.250579
0.250568
0.250558
0.250548
0.250538
0.250528
0.250518
0.250508
0.250498
0.250488
0.250478
0.250468
0.250458
0.250448
0.250438
0.250428
0.250418
0.250408
0.250398
0.250388
0.250378
0.250368
0.250358
0.250349
0.250339
0.250329
0.250319
0.250309
0.250300
0.250290
0.250280
0.250270
0.250261
0.250251
0.250241
0.250232
0.250222
0.250212
0.250203
0.250193
0.250183
0.250174
0.250164
0.250155
0.250145
0.250136
0.250126
0.250117
0.250107
0.250098
0.250088
0.250079
0.250069
0.250060
0.250050
0.250041
0.250032
0.250022
0.250013
0.250004
0.249994
0.249985
0.249976
0.249966
0.249957
0.249948
0.249939
0.249929
0.249920
0.249911
0.249902
0.249893
0.249884
0.249874
0.249865
0.249856
0.249847
0.249838
0.249829
0.249820
0.249811
0.249802
0.249793
0.249784
0.249775
0.249766
0.249757
0.249748
0.249739
0.249730
0.249721
0.249712
0.249703
0.249694
0.249686
0.249677
0.249668
0.249659
0.249650
0.249642
0.249633
0.249624
0.249615
0.249607
0.249598
0.249589
0.249580
0.249572
0.249563
0.249554
0.249546
0.249537
0.249529
0.249520
0.249511
0.249503
0.249494
0.249486
0.249477
0.249469
0.249460
0.249452
0.249443
0.249435
0.249426
0.249418
0.249410
0.249401
0.249393
0.249384
0.249376
0.249368
0.249359
0.249351
0.249343
0.249334
0.249326
0.249318
0.249310
0.249301
0.249293
0.249285
0.249277
0.249268
0.249260
0.249252
0.249244
0.249236
0.249228
0.249219
0.249211
0.249203
0.249195
0.249187
0.249179
0.249171
0.249163
0.249155
0.249147
0.249139
0.249131
0.249123
0.249115
0.249107
0.249099
0.249091
0.249083
0.249075
0.249068
0.249060
0.249052
0.249044
0.249036
0.249028
0.249020
0.249013
0.249005
0.248997
0.248989
0.248982
0.248974
0.248966
0.248958
0.248951
0.248943
0.248935
0.248928
0.248920
0.248912
0.248905
0.248897
0.248890
0.248882
0.248874
0.248867
0.248859
0.248852
0.248844
0.248837
0.248829
0.248822
0.248814
0.248807
0.248799
0.248792
0.248784
0.248777
0.248769
0.248762
0.248755
0.248747
0.248740
0.248733
0.248725
0.248718
0.248711
0.248703
0.248696
0.248689
0.248681
0.248674
0.248667
0.248660
0.248652
0.248645
0.248638
0.248631
0.248623
0.248616
0.248609
0.248602
0.248595
0.248588
0.248581
0.248573
0.248566
0.248559
0.248552
0.248545
0.248538
0.248531
0.248524
0.248517
0.248510
0.248503
0.248496
0.248489
0.248482
0.248475
0.248468
0.248461
0.248454
0.248447
0.248440
0.248433
0.248426
0.248420
0.248413
0.248406
0.248399
0.248392
0.248385
0.248379
0.248372
0.248365
0.248358
0.248351
0.248345
0.248338
0.248331
0.248324
0.248318
0.248311
0.248304
0.248297
0.248291
0.248284
0.248277
0.248271
0.248264
0.248257
0.248251
0.248244
0.248238
0.248231
0.248224
0.248218
0.248211
0.248205
0.248198
0.248192
0.248185
0.248179
0.248172
0.248166
0.248159
0.248153
0.248146
0.248140
0.248133
0.248127
0.248120
0.248114
0.248107
0.248101
0.248095
0.248088
0.248082
0.248075
0.248069
0.248063
0.248056
0.248050
0.248044
0.248037
0.248031
0.248025
0.248019
0.248012
0.248006
0.248000
0.247993
0.247987
0.247981
0.247975
0.247968
0.247962
0.247956
0.247950
0.247944
0.247938
0.247931
0.247925
0.247919
0.247913
0.247907
0.247901
0.247895
0.247888
0.247882
0.247876
0.247870
0.247864
0.247858
0.247852
0.247846
0.247840
0.247834
0.247828
0.247822
0.247816
0.247810
0.247804
0.247798
0.247792
0.247786
0.247780
0.247774
0.247768
0.247762
0.247756
0.247750
0.247744
0.247739
0.247733
0.247727
0.247721
0.247715
0.247709
0.247703
0.247697
0.247692
0.247686
0.247680
0.247674
0.247668
0.247663
0.247657
0.247651
0.247645
0.247640
0.247634
0.247628
0.247622
0.247617
0.247611
0.247605
0.247599
0.247594
0.247588
0.247582
0.247577
0.247571
0.247565
0.247560
0.247554
0.247549
0.247543
0.247537
0.247532
0.247526
0.247520
0.247515
0.247509
0.247504
0.247498
0.247493
0.247487
0.247482
0.247476
0.247471
0.247465
0.247460
0.247454
0.247449
0.247443
0.247438
0.247432
0.247427
0.247421
0.247416
0.247410
0.247405
0.247399
0.247394
0.247389
0.247383
0.247378
0.247373
0.247367
0.247362
0.247356
0.247351
0.247346
0.247340
0.247335
0.247330
0.247324
0.247319
0.247314
0.247309
0.247303
0.247298
0.247293
0.247288
0.247282
0.247277
0.247272
0.247267
0.247267
0.247261
0.247256
0.247251
0.247246
0.247241
0.247235
0.247230
0.247225
0.247220
0.247215
0.247210
0.247205
0.247200
0.247194
0.247189
0.247184
0.247179
0.247174
0.247169
0.247164
0.247159
0.247154
0.247149
0.247144
0.247139
0.247134
0.247129
0.247124
0.247119
0.247114
0.247109
0.247104
0.247099
0.247094
0.247089
0.247084
0.247079
0.247074
0.247069
0.247065
0.247060
0.247055
0.247050
0.247045
0.247040
0.247035
0.247031
0.247026
0.247021
0.247016
0.247011
0.247007
0.247002
0.246997
0.246992
0.246988
0.246983
0.246978
0.246973
0.246969
0.246964
0.246959
0.246955
0.246950
0.246945
0.246941
0.246936
0.246931
0.246927
0.246922
0.246918
0.246913
0.246908
0.246904
0.246899
0.246895
0.246890
0.246886
0.246881
0.246877
0.246872
0.246868
0.246863
0.246859
0.246854
0.246850
0.246845
0.246841
0.246836
0.246832
0.246828
0.246823
0.246819
0.246815
0.246810
0.246806
0.246801
0.246797
0.246793
0.246789
0.246784
0.246780
0.246776
0.246771
0.246767
0.246763
0.246759
0.246755
0.246750
0.246746
0.246742
0.246738
0.246734
0.246730
0.246725
0.246721
0.246717
0.246713
0.246709
0.246705
0.246701
0.246697
0.246693
0.246689
0.246685
0.246681
0.246677
0.246673
0.246669
0.246665
0.246661
0.246657
0.246653
0.246649
0.246646
0.246642
0.246638
0.246634
0.246630
0.246626
0.246623
0.246619
0.246615
0.246611
0.246608
0.246604
0.246600
0.246597
0.246593
0.246589
0.246586
0.246582
0.246578
0.246575
0.246571
0.246568
0.246564
0.246560
0.246557
0.246553
0.246550
0.246546
0.246543
0.246540
0.246536
0.246533
0.246529
0.246526
0.246523
0.246519
0.246516
0.246513
0.246509
0.246506
0.246503
0.246499
0.246496
0.246493
0.246490
0.246487
0.246483
0.246480
0.246477
0.246474
0.246471
0.246468
0.246465
0.246462
0.246459
0.246456
0.246453
0.246450
0.246447
0.246444
0.246441
0.246438
0.246435
0.246432
0.246429
0.246426
0.246424
0.246421
0.246418
0.246415
0.246413
0.246410
0.246407
0.246404
0.246402
0.246399
0.246396
0.246394
0.246391
0.246389
0.246386
0.246384
0.246381
0.246379
0.246376
0.246374
0.246371
0.246369
0.246366
0.246364
0.246361
0.246359
0.246357
0.246354
0.246352
0.246350
0.246348
0.246345
0.246343
0.246341
0.246339
0.246337
0.246334
0.246332
0.246330
0.246328
0.246326
0.246324
0.246322
0.246320
0.246318
0.246316
0.246314
0.246312
0.246310
0.246308
0.246306
0.246304
0.246303
0.246301
0.246299
0.246297
0.246295
0.246293
0.246292
0.246290
0.246288
0.246286
0.246285
0.246283
0.246281
0.246280
0.246278
0.246276
0.246275
0.246273
0.246272
0.246270
0.246268
0.246267
0.246265
0.246264
0.246262
0.246261
0.246259
0.246258
0.246256
0.246255
0.246253
0.246252
0.246250
0.246249
0.246247
0.246246
0.246245
0.246243
0.246242
0.246240
0.246239
0.246238
0.246236
0.246235
0.246233
0.246232
0.246231
0.246229
0.246228
0.246226
0.246225
0.246224
0.246222
0.246221
0.246220
0.246218
0.246217
0.246215
0.246214
0.246212
0.246211
0.246210
0.246208
0.246207
0.246205
0.246204
0.246202
0.246201
0.246199
0.246198
0.246196
0.246195
0.246193
0.246192
0.246190
0.246188
0.246187
0.246185
0.246183
0.246182
0.246180
0.246178
0.246177
0.246175
0.246173
0.246171
0.246169
0.246167
0.246165
0.246164
0.246162
0.246160
0.246158
0.246156
0.246154
0.246151
0.246149
0.246147
0.246145
0.246143
0.246140
0.246138
0.246136
0.246133
0.246131
0.246129
0.246126
0.246124
0.246121
0.246118
0.246116
0.246113
0.246110
0.246108
0.246105
0.246102
0.246099
0.246096
0.246093
0.246090
0.246087
0.246084
0.246081
0.246078
0.246074
0.246071
0.246068
0.246064
0.246061
0.246057
0.246054
0.246050
0.246047
0.246043
0.246039
0.246035
0.246031
0.246028
0.246024
0.246020
0.246016
0.246012
0.246007
0.246003
0.245999
0.245995
0.245990
0.245986
0.245981
0.245977
0.245972
0.245968
0.245963
0.245958
0.245954
0.245949
0.245944
0.245939
0.245934
0.245929
0.245924
0.245919
0.245914
0.245908
0.245903
0.245898
0.245892
0.245887
0.245881
0.245876
0.245870
0.245865
0.245859
0.245853
0.245847
0.245841
0.245836
0.245830
0.245824
0.245817
0.245811
0.245805
0.245799
0.245793
0.245786
0.245780
0.245774
0.245767
0.245761
0.245754
0.245748
0.245741
0.245734
0.245727
0.245721
0.245714
0.245707
0.245700
0.245693
0.245686
0.245679
0.245672
0.245665
0.245658
0.245650
0.245643
0.245636
0.245628
0.245621
0.245613
0.245606
0.245598
0.245591
0.245583
0.245576
0.245568
0.245560
0.245553
0.245545
0.245537
0.245529
0.245521
0.245513
0.245505
0.245497
0.245489
0.245481
0.245473
0.245465
0.245457
0.245449
0.245440
0.245432
0.245424
0.245416
0.245407
0.245399
0.245391
0.245382
0.245374
0.245365
0.245357
0.245349
0.245340
0.245332
0.245323
0.245315
0.245315
0.245306
0.245298
0.245289
0.245280
0.245272
0.245263
0.245255
0.245246
0.245238
0.245229
0.245221
0.245212
0.245203
0.245195
0.245186
0.245178
0.245169
0.245161
0.245152
0.245144
0.245135
0.245127
0.245118
0.245110
0.245102
0.245093
0.245085
0.245077
0.245069
0.245060
0.245052
0.245044
0.245036
0.245028
0.245020
0.245012
0.245005
0.244997
0.244989
0.244982
0.244974
0.244967
0.244959
0.244952
0.244945
0.244938
0.244931
0.244924
0.244918
0.244911
0.244905
0.244898
0.244892
0.244886
0.244881
0.244875
0.244870
0.244865
0.244860
0.244855
0.244851
0.244846
0.244843
0.244839
0.244836
0.244833
0.244831
0.244829
0.244827
0.244826
0.244826
0.244826
0.244827
0.244829
0.244832
0.244836
0.244841
0.244848
0.244856
0.244866
0.244878
0.244892
0.244910
0.244931
0.244956
0.244985
0.245020
0.245060
0.245107
0.245160
0.245217
0.245278
0.245341
0.245403
0.245465
0.245524
0.245581
0.245635
0.245688
0.245738
0.245785
0.245831
0.245874
0.245915
0.245954
0.245990
0.246025
0.246056
0.246085
0.246112
0.246136
0.246157
0.246175
0.246191
0.246204
0.246214
0.246222
0.246228
0.246231
0.246233
0.246232
0.246230
0.246227
0.246222
0.246217
0.246211
0.246205
0.246199
0.246192
0.246185
0.246178
0.246171
0.246164
0.246156
0.246149
0.246141
0.246132
0.246124
0.246114
0.246105
0.246095
0.246084
0.246073
0.246062
0.246050
0.246037
0.246024
0.246011
0.245997
0.245982
0.245967
0.245952
0.245936
0.245920
0.245903
0.245886
0.245869
0.245851
0.245833
0.245815
0.245796
0.245777
0.245758
0.245739
0.245719
0.245700
0.245680
0.245659
0.245639
0.245619
0.245598
0.245578
0.245557
0.245536
0.245515
0.245494
0.245473
0.245452
0.245431
0.245410
0.245389
0.245368
0.245347
0.245325
0.245304
0.245283
0.245262
0.245241
0.245220
0.245199
0.245178
0.245157
0.245136
0.245115
0.245094
0.245073
0.245052
0.245031
0.245011
0.244990
0.244969
0.244948
0.244928
0.244907
0.244887
0.244866
0.244845
0.244825
0.244804
0.244784
0.244763
0.244743
0.244723
0.244702
0.244682
0.244662
0.244641
0.244621
0.244601
0.244580
0.244560
0.244540
0.244520
0.244499
0.244479
0.244459
0.244439
0.244418
0.244398
0.244378
0.244358
0.244338
0.244317
0.244297
0.244277
0.244257
0.244237
0.244216
0.244196
0.244176
0.244156
0.244136
0.244115
0.244095
0.244075
0.244055
0.244034
0.244014
0.243994
0.243974
0.243954
0.243933
0.243913
0.243893
0.243873
0.243852
0.243832
0.243812
0.243792
0.243771
0.243751
0.243731
0.243711
0.243690
0.243670
0.243650
0.243630
0.243609
0.243589
0.243569
0.243549
0.243528
0.243508
0.243488
0.243468
0.243447
0.243427
0.243407
0.243387
0.243367
0.243346
0.243326
0.243306
0.243286
0.243266
0.243245
0.243225
0.243205
0.243185
0.243165
0.243145
0.243124
0.243104
0.243084
0.243064
0.243044
0.243024
0.243004
0.242984
0.242964
0.242944
0.242924
0.242904
0.242884
0.242864
0.242844
0.242824
0.242804
0.242784
0.242764
0.242744
0.242724
0.242704
0.242684
0.242664
0.242645
0.242625
0.242605
0.242585
0.242565
0.242546
0.242526
0.242506
0.242486
0.242467
0.242447
0.242427
0.242408
0.242388
0.242368
0.242349
0.242329
0.242309
0.242290
0.242270
0.242251
0.242231
0.242212
0.242192
0.242173
0.242153
0.242134
0.242114
0.242095
0.242076
0.242056
0.242037
0.242018
0.241998
0.241979
0.241960
0.241940
0.241921
0.241902
0.241883
0.241864
0.241844
0.241825
0.241806
0.241787
0.241768
0.241749
0.241730
0.241711
0.241692
0.241673
0.241654
0.241635
0.241616
0.241597
0.241578
0.241559
0.241540
0.241521
0.241503
0.241484
0.241465
0.241446
0.241428
0.241409
0.241390
0.241372
0.241353
0.241334
0.241316
0.241297
0.241279
0.241260
0.241242
0.241223
0.241205
0.241186
0.241168
0.241149
0.241131
0.241113
0.241094
0.241076
0.241058
0.241040
0.241022
0.241003
0.240985
0.240967
0.240949
0.240931
0.240913
0.240895
0.240877
0.240859
0.240841
0.240823
0.240805
0.240787
0.240769
0.240752
0.240734
0.240716
0.240698
0.240681
0.240663
0.240645
0.240628
0.240610
0.240593
0.240575
0.240558
0.240540
0.240523
0.240506
0.240488
0.240471
0.240454
0.240436
0.240419
0.240402
0.240385
0.240368
0.240350
0.240333
0.240316
0.240299
0.240282
0.240265
0.240248
0.240232
0.240215
0.240198
0.240181
0.240164
0.240148
0.240131
0.240114
0.240098
0.240081
0.240064
0.240048
0.240031
0.240015
0.239999
0.239982
0.239966
0.239949
0.239933
0.239917
0.239901
0.239885
0.239868
0.239852
0.239836
0.239820
0.239804
0.239788
0.239772
0.239756
0.239740
0.239725
0.239709
0.239693
0.239677
0.239662
0.239646
0.239630
0.239615
0.239599
0.239584
0.239568
0.239553
0.239537
0.239522
0.239507
0.239491
0.239476
0.239461
0.239446
0.239431
0.239415
0.239400
0.239385
0.239385
0.239370
0.239355
0.239340
0.239325
0.239311
0.239296
0.239281
0.239266
0.239251
0.239237
0.239222
0.239208
0.239193
0.239178
0.239164
0.239149
0.239135
0.239121
0.239106
0.239092
0.239078
0.239063
0.239049
0.239035
0.239021
0.239007
0.238993
0.238979
0.238965
0.238951
0.238937
0.238923
0.238909
0.238895
0.238882
0.238868
0.238854
0.238840
0.238827
0.238813
0.238800
0.238786
0.238773
0.238759
0.238746
0.238732
0.238719
0.238706
0.238693
0.238679
0.238666
0.238653
0.238640
0.238627
0.238614
0.238601
0.238588
0.238575
0.238562
0.238549
0.238536
0.238523
0.238511
0.238498
0.238485
0.238472
0.238460
0.238447
0.238435
0.238422
0.238410
0.238397
0.238385
0.238372
0.238360
0.238348
0.238335
0.238323
0.238311
0.238299
0.238286
0.238274
0.238262
0.238250
0.238238
0.238226
0.238214
0.238202
0.238190
0.238178
0.238167
0.238155
0.238143
0.238131
0.238120
0.238108
0.238096
0.238085
0.238073
0.238062
0.238050
0.238039
0.238027
0.238016
0.238004
0.237993
0.237982
0.237971
0.237959
0.237948
0.237937
0.237926
0.237915
0.237904
0.237892
0.237881
0.237870
0.237859
0.237848
0.237838
0.237827
0.237816
0.237805
0.237794
0.237783
0.237773
0.237762
0.237751
0.237741
0.237730
0.237719
0.237709
0.237698
0.237688
0.237677
0.237667
0.237657
0.237646
0.237636
0.237626
0.237615
0.237605
0.237595
0.237584
0.237574
0.237564
0.237554
0.237544
0.237534
0.237524
0.237514
0.237504
0.237494
0.237484
0.237474
0.237464
0.237454
0.237444
0.237435
0.237425
0.237415
0.237405
0.237396
0.237386
0.237376
0.237367
0.237357
0.237347
0.237338
0.237328
0.237319
0.237309
0.237300
0.237291
0.237281
0.237272
0.237262
0.237253
0.237244
0.237235
0.237225
0.237216
0.237207
0.237198
0.237189
0.237180
0.237170
0.237161
0.237152
0.237143
0.237134
0.237125
0.237116
0.237107
0.237098
0.237090
0.237081
0.237072
0.237063
0.237054
0.237046
0.237037
0.237028
0.237019
0.237011
0.237002
0.236993
0.236985
0.236976
0.236968
0.236959
0.236951
0.236942
0.236934
0.236925
0.236917
0.236908
0.236900
0.236892
0.236883
0.236875
0.236867
0.236858
0.236850
0.236842
0.236834
0.236825
0.236817
0.236809
0.236801
0.236793
0.236785
0.236777
0.236769
0.236760
0.236752
0.236744
0.236736
0.236729
0.236721
0.236713
0.236705
0.236697
0.236689
0.236681
0.236673
0.236666
0.236658
0.236650
0.236642
0.236635
0.236627
0.236619
0.236612
0.236604
0.236596
0.236589
0.236581
0.236574
0.236566
0.236559
0.236551
0.236544
0.236536
0.236529
0.236521
0.236514
0.236506
0.236499
0.236492
0.236484
0.236477
0.236470
0.236462
0.236455
0.236448
0.236441
0.236433
0.236426
0.236419
0.236412
0.236405
0.236398
0.236391
0.236383
0.236376
0.236369
0.236362
0.236355
0.236348
0.236341
0.236334
0.236327
0.236320
0.236314
0.236307
0.236300
0.236293
0.236286
0.236279
0.236272
0.236266
0.236259
0.236252
0.236245
0.236239
0.236232
0.236225
0.236218
0.236212
0.236205
0.236199
0.236192
0.236185
0.236179
0.236172
0.236166
0.236159
0.236153
0.236146
0.236140
0.236133
0.236127
0.236120
0.236114
0.236107
0.236101
0.236095
0.236088
0.236082
0.236076
0.236069
0.236063
0.236057
0.236050
0.236044
0.236038
0.236032
0.236026
0.236019
0.236013
0.236007
0.236001
0.235995
0.235989
0.235983
0.235977
0.235970
0.235964
0.235958
0.235952
0.235946
0.235940
0.235934
0.235928
0.235922
0.235917
0.235911
0.235905
0.235899
0.235893
0.235887
0.235881
0.235875
0.235870
0.235864
0.235858
0.235852
0.235847
0.235841
0.235835
0.235829
0.235824
0.235818
0.235812
0.235807
0.235801
0.235796
0.235790
0.235784
0.235779
0.235773
0.235768
0.235762
0.235757
0.235751
0.235746
0.235740
0.235735
0.235729
0.235724
0.235718
0.235713
0.235708
0.235702
0.235697
0.235692
0.235686
0.235681
0.235676
0.235670
0.235665
0.235660
0.235655
0.235649
0.235644
0.235639
0.235634
0.235629
0.235623
0.235618
0.235613
0.235608
0.235603
0.235598
0.235593
0.235588
0.235583
0.235578
0.235573
0.235568
0.235563
0.235558
0.235553
0.235548
0.235543
0.235538
0.235533
0.235528
0.235523
0.235518
0.235514
0.235509
0.235504
0.235499
0.235494
0.235490
0.235485
0.235480
0.235475
0.235471
0.235466
0.235461
0.235457
0.235452
0.235447
0.235443
0.235438
0.235433
0.235429
0.235424
0.235420
0.235415
0.235411
0.235406
0.235402
0.235397
0.235393
0.235388
0.235384
0.235379
0.235375
0.235370
0.235366
0.235362
0.235357
0.235353
0.235349
0.235344
0.235340
0.235336
0.235331
0.235327
0.235323
0.235319
0.235314
0.235310
0.235306
0.235302
0.235298
0.235294
0.235289
0.235285
0.235281
0.235277
0.235273
0.235269
0.235265
0.235261
0.235257
0.235253
0.235249
0.235245
0.235241
0.235237
0.235233
0.235229
0.235225
0.235221
0.235221
0.235218
0.235214
0.235210
0.235206
0.235202
0.235198
0.235195
0.235191
0.235187
0.235183
0.235180
0.235176
0.235172
0.235169
0.235165
0.235161
0.235158
0.235154
0.235151
0.235147
0.235143
0.235140
0.235136
0.235133
0.235129
0.235126
0.235122
0.235119
0.235115
0.235112
0.235109
0.235105
0.235102
0.235099
0.235095
0.235092
0.235089
0.235085
0.235082
0.235079
0.235076
0.235072
0.235069
0.235066
0.235063
0.235060
0.235056
0.235053
0.235050
0.235047
0.235044
0.235041
0.235038
0.235035
0.235032
0.235029
0.235026
0.235023
0.235020
0.235017
0.235014
0.235011
0.235009
0.235006
0.235003
0.235000
0.234997
0.234995
0.234992
0.234989
0.234986
0.234984
0.234981
0.234978
0.234976
0.234973
0.234970
0.234968
0.234965
0.234963
0.234960
0.234958
0.234955
0.234953
0.234950
0.234948
0.234946
0.234943
0.234941
0.234938
0.234936
0.234934
0.234932
0.234929
0.234927
0.234925
0.234923
0.234921
0.234918
0.234916
0.234914
0.234912
0.234910
0.234908
0.234906
0.234904
0.234902
0.234900
0.234898
0.234896
0.234894
0.234892
0.234891
0.234889
0.234887
0.234885
0.234883
0.234882
0.234880
0.234878
0.234877
0.234875
0.234874
0.234872
0.234870
0.234869
0.234867
0.234866
0.234865
0.234863
0.234862
0.234860
0.234859
0.234858
0.234857
0.234855
0.234854
0.234853
0.234852
0.234851
0.234849
0.234848
0.234847
0.234846
0.234845
0.234844
0.234843
0.234843
0.234842
0.234841
0.234840
0.234839
0.234838
0.234838
0.234837
0.234836
0.234836
0.234835
0.234835
0.234834
0.234834
0.234833
0.234833
0.234832
0.234832
0.234832
0.234832
0.234831
0.234831
0.234831
0.234831
0.234831
0.234831
0.234831
0.234831
0.234831
0.234831
0.234831
0.234831
0.234831
0.234832
0.234832
0.234832
0.234833
0.234833
0.234834
0.234834
0.234835
0.234835
0.234836
0.234837
0.234837
0.234838
0.234839
0.234840
0.234841
0.234842
0.234843
0.234844
0.234845
0.234846
0.234847
0.234849
0.234850
0.234851
0.234853
0.234854
0.234856
0.234857
0.234859
0.234861
0.234862
0.234864
0.234866
0.234868
0.234870
0.234872
0.234874
0.234876
0.234879
0.234881
0.234883
0.234886
0.234888
0.234891
0.234893
0.234896
0.234898
0.234901
0.234904
0.234907
0.234910
0.234913
0.234916
0.234919
0.234923
0.234926
0.234929
0.234933
0.234936
0.234940
0.234944
0.234948
0.234951
0.234955
0.234959
0.234963
0.234968
0.234972
0.234976
0.234981
0.234985
0.234990
0.234994
0.234999
0.235004
0.235009
0.235014
0.235019
0.235024
0.235029
0.235035
0.235040
0.235046
0.235051
0.235057
0.235063
0.235069
0.235074
0.235081
0.235087
0.235093
0.235099
0.235106
0.235112
0.235119
0.235126
0.235132
0.235139
0.235146
0.235153
0.235161
0.235168
0.235175
0.235183
0.235190
0.235198
0.235206
0.235214
0.235222
0.235230
0.235238
0.235246
0.235255
0.235263
0.235272
0.235280
0.235289
0.235298
0.235307
0.235316
0.235325
0.235335
0.235344
0.235354
0.235363
0.235373
0.235383
0.235393
0.235403
0.235413
0.235423
0.235433
0.235444
0.235454
0.235465
0.235475
0.235486
0.235497
0.235508
0.235519
0.235530
0.235542
0.235553
0.235565
0.235576
0.235588
0.235600
0.235611
0.235623
0.235635
0.235648
0.235660
0.235672
0.235685
0.235697
0.235710
0.235722
0.235735
0.235748
0.235761
0.235774
0.235787
0.235800
0.235813
0.235827
0.235840
0.235854
0.235867
0.235881
0.235895
0.235909
0.235923
0.235937
0.235951
0.235965
0.235979
0.235993
0.236008
0.236022
0.236037
0.236051
0.236066
0.236081
0.236096
0.236110
0.236125
0.236140
0.236155
0.236170
0.236186
0.236201
0.236216
0.236232
0.236247
0.236263
0.236278
0.236294
0.236309
0.236325
0.236341
0.236357
0.236373
0.236389
0.236405
0.236421
0.236437
0.236453
0.236469
0.236485
0.236502
0.236518
0.236535
0.236551
0.236567
0.236584
0.236601
0.236617
0.236634
0.236651
0.236667
0.236684
0.236701
0.236718
0.236735
0.236752
0.236769
0.236786
0.236803
0.236820
0.236837
0.236854
0.236871
0.236889
0.236906
0.236923
0.236941
0.236958
0.236975
0.236993
0.237010
0.237028
0.237045
0.237063
0.237081
0.237098
0.237116
0.237134
0.237151
0.237169
0.237187
0.237205
0.237222
0.237240
0.237258
0.237276
0.237294
0.237312
0.237330
0.237348
0.237366
0.237384
0.237402
0.237420
0.237438
0.237456
0.237474
0.237492
0.237511
0.237529
0.237547
0.237565
0.237583
0.237602
0.237620
0.237638
0.237657
0.237675
0.237693
0.237712
0.237730
0.237749
0.237767
0.237785
0.237804
0.237822
0.237841
0.237859
0.237878
0.237896
0.237915
0.237934
0.237952
0.237971
0.237989
0.238008
0.238027
0.238045
0.238064
0.238083
0.238101
0.238120
0.238139
0.238158
0.238176
0.238195
0.238214
0.238233
0.238252
0.238270
0.238289
0.238308
0.238327
0.238346
0.238365
0.238384
0.238403
0.238421
0.238440
0.238440
0.238459
0.238478
0.238497
0.238516
0.238535
0.238554
0.238573
0.238592
0.238611
0.238630
0.238649
0.238668
0.238688
0.238707
0.238726
0.238745
0.238764
0.238783
0.238802
0.238821
0.238841
0.238860
0.238879
0.238898
0.238917
0.238937
0.238956
0.238975
0.238994
0.239013
0.239033
0.239052
0.239071
0.239091
0.239110
0.239129
0.239149
0.239168
0.239187
0.239207
0.239226
0.239245
0.239265
0.239284
0.239304
0.239323
0.239342
0.239362
0.239381
0.239401
0.239420
0.239440
0.239459
0.239479
0.239498
0.239518
0.239537
0.239557
0.239576
0.239596
0.239616
0.239635
0.239655
0.239674
0.239694
0.239714
0.239733
0.239754
0.239772
0.239794
0.239809
0.239837
0.239843
0.239886
0.239867
0.239955
0.239861
0.240092
0.239786
0.240435
0.239625
0.240787
0.239912
0.240883
0.239990
0.241084
0.240363
0.241166
0.240354
0.241389
0.240634
0.241464
0.240678
0.241634
0.240883
0.241729
0.240957
0.241875
0.241129
0.241993
0.241242
0.242133
0.241393
0.242259
0.241515
0.242391
0.241653
0.242512
0.241775
0.242634
0.241900
0.242750
0.242019
0.242866
0.242137
0.242978
0.242251
0.243088
0.242364
0.243197
0.242475
0.243305
0.242585
0.243413
0.242696
0.243523
0.242807
0.243633
0.242919
0.243746
0.243033
0.243859
0.243147
0.243975
0.243263
0.244092
0.243380
0.244210
0.243498
0.244330
0.243617
0.244451
0.243736
0.244572
0.243856
0.244695
0.243977
0.244818
0.244098
0.244942
0.244220
0.245066
0.244342
0.245191
0.244465
0.245316
0.244588
0.245442
0.244711
0.245568
0.244835
0.245695
0.244959
0.245822
0.245083
0.245949
0.245208
0.246077
0.245333
0.246206
0.245459
0.246334
0.245586
0.246464
0.245713
0.246594
0.245840
0.246724
0.245968
0.246855
0.246097
0.246986
0.246226
0.247118
0.246355
0.247250
0.246485
0.247383
0.246616
0.247516
0.246747
0.247650
0.246878
0.247784
0.247010
0.247918
0.247142
0.248053
0.247275
0.248188
0.247407
0.248324
0.247541
0.248460
0.247674
0.248596
0.247808
0.248732
0.247942
0.248868
0.248076
0.249005
0.248211
0.249142
0.248346
0.249279
0.248481
0.249416
0.248616
0.249554
0.248751
0.249691
0.248886
0.249829
0.249022
0.249967
0.249157
0.250104
0.249293
0.250242
0.249429
0.250380
0.249564
0.250518
0.249700
0.250656
0.249836
0.250794
0.249972
0.250932
0.250108
0.251070
0.250244
0.251208
0.250381
0.251346
0.250517
0.251484
0.250653
0.251623
0.250789
0.251761
0.250925
0.251899
0.251062
0.252037
0.251198
0.252175
0.251335
0.252313
0.251471
0.252451
0.251607
0.252589
0.251744
0.252727
0.251880
0.252866
0.252017
0.253004
0.252153
0.253142
0.252290
0.253280
0.252426
0.253418
0.252563
0.253556
0.252699
0.253694
0.252836
0.253832
0.252973
0.253970
0.253109
0.254109
0.253246
0.254247
0.253383
0.254385
0.253519
0.254523
0.253656
0.254661
0.253793
0.254799
0.253930
0.254938
0.254066
0.255076
0.254203
0.255214
0.254340
0.255352
0.254477
0.255490
0.254614
0.255629
0.254750
0.255767
0.254887
0.255905
0.255024
0.256043
0.255161
0.256182
0.255298
0.256320
0.255436
0.256459
0.255570
0.256596
0.255711
0.256736
0.255841
0.256872
0.255991
0.257013
0.256104
0.257145
0.256286
0.257292
0.256339
0.257401
0.256632
0.257534
0.256504
0.257582
0.257070
0.257393
0.256837
0.257917
0.256724
0.257736
0.257567
0.256984
0.257943
0.256966
0.258057
0.257581
0.257519
0.257404
0.257805
0.257368
0.258418
0.256810
0.257934
0.258514
0.256727
0.258059
0.258677
0.257363
0.258238
0.258091
0.257748
0.258125
0.257602
0.258462
0.257352
0.258402
0.257872
0.258137
0.257669
0.258776
0.257452
0.258492
0.258695
0.257443
0.258568
0.258666
0.258055
0.258927
0.257840
0.258937
0.258336
0.258710
0.258063
0.259281
0.258006
0.259038
0.258843
0.258252
0.259283
0.258190
0.259288
0.259070
0.258419
0.259421
0.258293
0.259406
0.259341
0.258457
0.259619
0.258604
0.259770
0.259075
0.259706
0.258680
0.259914
0.259353
0.259791
0.258980
0.260310
0.259140
0.260277
0.259568
0.260297
0.259228
0.260439
0.260112
0.259817
0.260188
0.259671
0.261022
0.259207
0.260476
0.261096
0.259038
0.260581
0.261248
0.259886
0.260757
0.260585
0.260259
0.260593
0.260066
0.260982
0.259722
0.260784
0.260583
0.260035
0.261035
0.259844
0.260973
0.261039
0.259902
0.261124
0.260612
0.261304
0.260249
0.261473
0.260703
0.261506
0.260205
0.261354
0.261583
0.260322
0.261454
0.261227
0.261009
0.261318
0.260815
0.262027
0.260203
0.261513
0.262179
0.260053
0.261626
0.262315
0.260909
0.261811
0.261678
0.261302
0.261734
0.261102
0.262162
0.260817
0.261884
0.261790
0.261059
0.262281
0.261020
0.262151
0.262159
0.261136
0.262412
0.261594
0.262790
0.261432
0.262537
0.262244
0.261854
0.262575
0.261630
0.262947
0.262053
0.263066
0.261414
0.262716
0.262716
0.263443
0.261431
0.262823
0.263445
0.261965
0.262943
0.263000
0.262336
0.263156
0.262170
0.263338
0.262378
0.263478
0.262163
0.263316
0.263182
0.262628
0.263657
0.262336
0.263500
0.263793
0.262253
0.263417
0.263888
0.262581
0.263671
0.263552
0.262946
0.263876
0.262619
0.263772
0.263673
0.262812
0.264109
0.262759
0.263910
0.264022
0.262760
0.263991
0.263622
0.263835
0.263384
0.264466
0.262759
0.264028
0.264759
0.262406
0.264205
0.264946
0.263290
0.264317
0.264512
0.263635
0.264547
0.263639
0.264739
0.263549
0.264738
0.263937
0.264904
0.263502
0.264684
0.264999
0.263567
0.264743
0.264953
0.264022
0.265285
0.264174
0.265436
0.264309
0.265565
0.264271
0.265508
0.264941
0.265323
0.264592
0.266108
0.264278
0.265549
0.266210
0.264001
0.265663
0.266385
0.264808
0.265791
0.265873
0.265118
0.266026
0.264980
0.266183
0.265209
0.266361
0.264902
0.266061
0.266295
0.265048
0.266291
0.265935
0.266059
0.265731
0.266578
0.265217
0.266404
0.266626
0.265050
0.266274
0.266886
0.265184
0.266381
0.266969
0.265132
0.266349
0.266927
0.265377
0.266434
0.266633
0.265614
0.266762
0.265799
0.267009
0.265619
0.266800
0.266471
0.266219
0.266723
0.266047
0.267702
0.265492
0.267088
0.267822
0.265373
0.267345
0.268065
0.266500
0.267429
0.267324
0.266816
0.267439
0.266509
0.267795
0.266471
0.267692
0.266886
0.267880
0.266355
0.267600
0.268252
0.266143
0.267667
0.268422
0.266641
0.267807
0.268253
0.266950
0.267969
0.267526
0.267662
0.267284
0.268070
0.266830
0.268096
0.267631
0.267460
0.267652
0.267476
0.268484
0.266634
0.268060
0.269027
0.265938
0.268528
0.269268
0.267749
0.268517
0.268212
0.268534
0.267958
0.268580
0.267355
0.268648
0.267879
0.268846
0.267239
0.268499
0.269286
0.266925
0.268701
0.269456
0.267610
0.268827
0.269298
0.268037
0.269037
0.268464
0.268875
0.268123
0.269443
0.267733
0.268905
0.269520
0.267421
0.268970
0.269768
0.267986
0.269117
0.269520
0.268259
0.269329
0.268842
0.269132
0.268532
0.269724
0.267949
0.269205
0.269939
0.267583
0.269359
0.270128
0.268393
0.269498
0.269799
0.268717
0.269768
0.268945
0.269952
0.268570
0.269759
0.269489
0.269018
0.269906
0.268579
0.269828
0.270070
0.268484
0.269726
0.270201
0.268757
0.269954
0.270132
0.268898
0.270214
0.269436
0.270501
0.268774
0.270056
0.270784
0.268438
0.270183
0.270912
0.269039
0.270225
0.270686
0.269373
0.270432
0.269967
0.270172
0.269709
0.270732
0.269133
0.270345
0.270993
0.268638
0.270487
0.271327
0.269261
0.270642
0.271175
0.269717
0.270739
0.270508
0.270218
0.270610
0.269913
0.271355
0.269221
0.270748
0.271498
0.268979
0.270934
0.271670
0.269983
0.271031
0.271174
0.270270
0.271311
0.270202
0.271478
0.270311
0.271618
0.270193
0.271477
0.270956
0.271201
0.270682
0.272192
0.269877
0.271860
0.272518
0.269726
0.271933
0.272659
0.271046
0.271986
0.271932
0.271275
0.272058
0.270940
0.272246
0.271265
0.272497
0.270687
0.271995
0.272763
0.270506
0.272166
0.272878
0.271098
0.272255
0.272663
0.271427
0.272513
0.271904
0.272437
0.271491
0.272944
0.271371
0.272531
0.272574
0.271471
0.272947
0.271965
0.273424
0.271572
0.272815
0.273444
0.271344
0.272927
0.273657
0.271765
0.272930
0.273401
0.271976
0.273039
0.272859
0.272458
0.273113
0.272054
0.273516
0.272362
0.273793
0.271928
0.273266
0.274047
0.271770
0.273534
0.274216
0.272311
0.273518
0.273991
0.272640
0.273688
0.273313
0.273257
0.273166
0.273252
0.273076
0.273527
0.272599
0.274433
0.272130
0.273898
0.274643
0.271867
0.274250
0.274986
0.272987
0.274093
0.274432
0.273281
0.274264
0.273502
0.274364
0.273030
0.274268
0.273760
0.273828
0.273490
0.274529
0.272838
0.274194
0.275091
0.272068
0.274554
0.275410
0.273322
0.274500
0.274894
0.273853
0.274729
0.273829
0.274849
0.273476
0.274671
0.274296
0.274060
0.274389
0.273837
0.275559
0.272752
0.275091
0.275845
0.272880
0.275148
0.275869
0.274550
0.275332
0.274820
0.274904
0.274504
0.275101
0.274129
0.275553
0.274057
0.275270
0.274777
0.274849
0.274653
0.275437
0.274168
0.275462
0.275176
0.274508
0.276160
0.273566
0.275939
0.276711
0.273433
0.275759
0.276509
0.275110
0.275924
0.275634
0.275472
0.275432
0.275210
0.275529
0.274886
0.276441
0.273914
0.276065
0.276685
0.273932
0.276140
0.276845
0.275278
0.276216
0.276209
0.275475
0.276357
0.275180
0.276409
0.275565
0.276536
0.274857
0.276086
0.276791
0.274635
0.276224
0.276881
0.275062
0.276251
0.276719
0.275342
0.276346
0.276101
0.275791
0.276217
0.275448
0.276925
0.274946
0.276304
0.276983
0.274667
0.276513
0.277158
0.275448
0.276516
0.276816
0.275665
0.276725
0.276040
0.276833
0.275560
0.276802
0.276253
0.276494
0.275873
0.277482
0.277482
0.275091
0.277222
0.277674
0.275111
0.277129
0.277750
0.276248
0.277180
0.277144
0.276385
0.277333
0.276086
0.277282
0.276719
0.276960
0.276329
0.277883
0.275571
0.277585
0.278014
0.275558
0.277487
0.278113
0.276593
0.277550
0.277599
0.276705
0.277755
0.276569
0.277803
0.276959
0.277991
0.276277
0.277540
0.278231
0.276042
0.277687
0.278274
0.276524
0.277676
0.278109
0.276786
0.277795
0.277491
0.277308
0.277496
0.277071
0.278212
0.276191
0.277793
0.278446
0.275852
0.278018
0.278592
0.276874
0.277935
0.278217
0.277082
0.278096
0.277369
0.278233
0.276887
0.278053
0.277788
0.277295
0.278247
0.276669
0.277963
0.278681
0.276170
0.278248
0.278750
0.276955
0.278139
0.278559
0.277248
0.278216
0.277811
0.277819
0.277636
0.277968
0.277401
0.278924
0.276253
0.278538
0.279169
0.276301
0.278606
0.279222
0.277763
0.278621
0.278452
0.277976
0.278527
0.277607
0.278907
0.277523
0.278688
0.278057
0.278536
0.277629
0.279208
0.277642
0.278775
0.278876
0.277587
0.278845
0.278701
0.278288
0.279151
0.277457
0.278739
0.279450
0.276896
0.279031
0.279530
0.277679
0.278862
0.279289
0.277971
0.278925
0.278597
0.278468
0.278569
0.278304
0.279065
0.277628
0.278771
0.279132
0.277239
0.278721
0.279532
0.277286
0.279110
0.279497
0.277712
0.278838
0.279253
0.277963
0.278971
0.278622
0.278486
0.278536
0.278302
0.278956
0.277703
0.278973
0.278525
0.278320
0.278680
0.278111
0.280145
0.276711
0.279016
0.280247
0.278448
0.278754
0.279088
0.279509
0.279118
0.279110
0.278238
0.279507
0.277625
0.279184
0.279824
0.277443
0.279197
0.279744
0.278098
0.279164
0.279501
0.278363
0.279430
0.278808
0.279517
0.278303
0.279566
0.278863
0.279649
0.278097
0.279317
0.279953
0.277842
0.279517
0.280041
0.278163
0.279447
0.279931
0.278408
0.279382
0.279525
0.278554
0.279705
0.278637
0.279925
0.278592
0.279827
0.279046
0.280106
0.278349
0.279729
0.280410
0.278103
0.279941
0.280362
0.278762
0.279824
0.280139
0.278976
0.280016
0.279368
0.280078
0.278849
0.280091
0.279560
0.279846
0.279129
0.280850
0.278373
0.280632
0.280884
0.278577
0.280341
0.280895
0.279502
0.280399
0.280329
0.279576
0.280613
0.279228
0.280328
0.280379
0.279270
0.280547
0.279643
0.281069
0.279097
0.280553
0.281066
0.278978
0.280598
0.281109
0.279519
0.280529
0.280828
0.279611
0.280644
0.280175
0.280494
0.279839
0.281254
0.279091
0.280943
0.281195
0.279165
0.280663
0.281278
0.279745
0.280728
0.280978
0.279729
0.280777
0.280383
0.280551
0.280122
0.281102
0.279329
0.280673
0.281307
0.278809
0.280991
0.281373
0.279780
0.280826
0.281091
0.280004
0.281033
0.280249
0.281264
0.279654
0.280789
0.281271
0.279387
0.280715
0.281307
0.279569
0.280757
0.281226
0.279745
0.280748
0.280970
0.279930
0.281071
0.280222
0.281435
0.279628
0.280888
0.281437
0.279430
0.280932
0.281457
0.279853
0.280908
0.281265
0.279990
0.281000
0.280734
0.280524
0.280834
0.280195
0.281766
0.279277
0.281517
0.281658
0.279676
0.281109
0.281725
0.280333
0.281232
0.281237
0.280312
0.281481
0.280275
0.281487
0.280793
0.281518
0.280058
0.281218
0.281597
0.279940
0.281129
0.281740
0.279861
0.281283
0.281761
0.280000
0.281142
0.281598
0.280149
0.281135
0.281308
0.280315
0.281494
0.280477
0.281807
0.280268
0.281371
0.281448
0.280386
0.281692
0.280844
0.282283
0.280078
0.281945
0.282146
0.280381
0.281616
0.282179
0.280694
0.281663
0.281903
0.280610
0.281663
0.281419
0.281220
0.281580
0.280837
0.282519
0.280053
0.282294
0.282298
0.280574
0.281825
0.282398
0.281047
0.281966
0.281959
0.280976
0.282221
0.281038
0.282308
0.281478
0.282651
0.280516
0.282406
0.282652
0.280858
0.282104
0.282660
0.281148
0.282150
0.282476
0.281051
0.282043
0.282192
0.281254
0.282483
0.281311
0.282607
0.281527
0.282918
0.281125
0.282427
0.282953
0.280953
0.282522
0.282948
0.281328
0.282385
0.282785
0.281417
0.282378
0.282434
0.281608
0.282838
0.281333
0.282421
0.282676
0.281162
0.282248
0.282736
0.281193
0.282292
0.282763
0.281063
0.282230
0.282740
0.281081
0.282194
0.282662
0.281115
0.282132
0.282501
0.281164
0.282176
0.282198
0.281459
0.282743
0.280958
0.282297
0.282770
0.280689
0.282313
0.282743
0.281219
0.282238
0.282546
0.281317
0.282343
0.281960
0.282030
0.281733
0.282427
0.281108
0.282236
0.282336
0.280942
0.282101
0.282310
0.281209
0.282512
0.281722
0.283122
0.280465
0.282747
0.283398
0.280649
0.282786
0.283139
0.281873
0.282724
0.282378
0.282358
0.282150
0.282390
0.281881
0.283401
0.280517
0.282850
0.283458
0.281538
0.282660
0.282936
0.282593
0.283225
0.281840
0.282881
0.282338
0.282708
0.281994
0.283660
0.281283
0.283513
0.283262
0.281927
0.283136
0.282890
0.283254
0.283254
0.282541
0.283977
0.281343
0.283513
0.283971
0.281539
0.283467
0.283801
0.282668
0.283510
0.282937
0.283436
0.282491
0.283783
0.282504
0.283644
0.283002
0.283711
0.282283
0.283424
0.283925
0.281965
0.283603
0.283858
0.282397
0.283438
0.283783
0.282486
0.283430
0.283357
0.282680
0.283947
0.282023
0.283706
0.283852
0.282152
0.283297
0.283841
0.282391
0.283375
0.283703
0.282278
0.283252
0.283514
0.282405
0.283486
0.282963
0.283545
0.282341
0.283551
0.283069
0.283375
0.282618
0.284441
0.281803
0.283952
0.284679
0.281656
0.283829
0.284591
0.283210
0.283932
0.283790
0.283426
0.283831
0.282991
0.284249
0.282674
0.283694
0.284047
0.282389
0.283611
0.284171
0.282494
0.283675
0.284078
0.282593
0.283582
0.283937
0.282680
0.283617
0.283515
0.282974
0.284032
0.282212
0.283755
0.284009
0.282248
0.283487
0.284003
0.282543
0.283519
0.283831
0.282478
0.283421
0.283528
0.282706
0.283917
0.282509
0.283559
0.283550
0.282601
0.283890
0.282703
0.283950
0.283220
0.284297
0.282214
0.284323
0.284152
0.283065
0.284277
0.283358
0.284726
0.283182
0.284165
0.284191
0.283123
0.284329
0.283712
0.284951
0.282636
0.284898
0.284703
0.283488
0.284645
0.284152
0.285219
0.283353
0.284726
0.284920
0.283165
0.284448
0.284951
0.283472
0.284458
0.284817
0.283348
0.284311
0.284668
0.283386
0.284344
0.284495
0.283519
0.284699
0.283690
0.285051
0.283408
0.284523
0.284873
0.283237
0.284471
0.284956
0.283295
0.284452
0.284842
0.283314
0.284324
0.284725
0.283335
0.284274
0.284550
0.283343
0.284325
0.284136
0.283815
0.284571
0.283027
0.284284
0.284772
0.282575
0.284675
0.284543
0.283703
0.284859
0.283519
0.284559
0.284533
0.283508
0.284722
0.283672
0.285037
0.283698
0.284851
0.284214
0.285064
0.283362
0.284886
0.285177
0.283361
0.284754
0.285083
0.283651
0.284644
0.284988
0.283565
0.284522
0.284833
0.283508
0.284486
0.284710
0.283568
0.284642
0.284195
0.284611
0.283698
0.285249
0.283464
0.284845
0.284982
0.283373
0.284615
0.285139
0.283457
0.284687
0.285000
0.283395
0.284487
0.284925
0.283429
0.284435
0.284823
0.283321
0.284325
0.284725
0.283273
0.284285
0.284680
0.283223
0.284236
0.284626
0.283153
0.284179
0.284581
0.283082
0.284128
0.284546
0.283010
0.284080
0.284507
0.282950
0.284028
0.284452
0.282908
0.283967
0.284381
0.282871
0.283902
0.284297
0.282832
0.283840
0.284205
0.282799
0.283793
0.284088
0.282807
0.283816
0.283815
0.283106
0.284569
0.282327
0.284707
0.284197
0.283475
0.284635
0.283016
0.284539
0.284715
0.282873
0.284059
0.284496
0.283131
0.284142
0.284455
0.283075
0.284027
0.284161
0.283197
0.284447
0.283382
0.284773
0.283239
0.284328
0.284323
0.283422
0.284810
0.283360
0.284481
0.284523
0.283338
0.284508
0.284066
0.284692
0.283315
0.284432
0.284611
0.283174
0.284276
0.284634
0.283100
0.284299
0.284696
0.282881
0.284365
0.284543
0.283175
0.284185
0.284361
0.283339
0.284565
0.283569
0.285130
0.282938
0.285187
0.284619
0.284178
0.284987
0.283605
0.284843
0.285223
0.283083
0.285081
0.284789
0.284262
0.285418
0.283484
0.285505
0.285050
0.284205
0.285512
0.283679
0.285696
0.285353
0.284397
0.285654
0.284020
0.285464
0.285641
0.284033
0.285087
0.285522
0.284089
0.285135
0.285496
0.283940
0.285009
0.285405
0.283890
0.284975
0.285374
0.283835
0.284908
0.285297
0.283781
0.284844
0.285236
0.283741
0.284786
0.285171
0.283682
0.284723
0.285104
0.283621
0.284663
0.285044
0.283559
0.284607
0.284986
0.283495
0.284549
0.284928
0.283431
0.284489
0.284868
0.283367
0.284429
0.284808
0.283307
0.284368
0.284745
0.283249
0.284308
0.284682
0.283192
0.284248
0.284618
0.283136
0.284190
0.284555
0.283081
0.284134
0.284492
0.283026
0.284078
0.284428
0.282973
0.284023
0.284362
0.282924
0.283970
0.284287
0.282886
0.283923
0.284184
0.282893
0.283939
0.283916
0.283221
0.284824
0.282103
0.284199
0.285139
0.282215
0.284349
0.284870
0.283711
0.284484
0.284040
0.284304
0.283634
0.285005
0.282668
0.285086
0.284630
0.283814
0.285043
0.283466
0.284970
0.285033
0.283459
0.284426
0.284770
0.283683
0.284720
0.284343
0.284315
0.284019
0.284673
0.283245
0.284478
0.284790
0.282832
0.284988
0.284407
0.284555
0.284019
0.285538
0.282604
0.284499
0.285495
0.284022
0.284776
0.284423
0.285570
0.284250
0.285059
0.284447
0.284654
0.284142
0.285938
0.282791
0.284356
0.285941
0.284583
0.284357
0.285062
0.285104
0.285492
0.284435
0.285526
0.283596
0.285252
0.285168
0.284398
0.285658
0.283941
0.285360
0.285352
0.284151
0.285181
0.284910
0.285259
0.284598
0.286241
0.282973
0.284455
0.286005
0.284916
0.284506
0.285307
0.285257
0.285634
0.284612
0.285617
0.283873
0.285215
0.285439
0.284309
0.285292
0.285292
0.284973
0.285113
0.284628
0.285940
0.283318
0.285371
0.286017
0.284544
0.285531
0.285218
0.286036
0.284817
0.285687
0.284989
0.285849
0.284181
0.285866
0.285755
0.284863
0.286080
0.284475
0.285838
0.285871
0.284736
0.285742
0.285364
0.285977
0.284735
0.285740
0.285588
0.285003
0.286542
0.283549
0.285074
0.286774
0.285350
0.285440
0.285615
0.286040
0.285726
0.286000
0.284764
0.285800
0.285182
0.286559
0.284059
0.285944
0.286900
0.284212
0.286122
0.286440
0.285638
0.286378
0.285663
0.286568
0.285118
0.285996
0.286180
0.285020
0.285908
0.285861
0.285471
0.286516
0.284462
0.286852
0.286136
0.286143
0.285733
0.286942
0.285117
0.287315
0.286347
0.286709
0.285590
0.286712
0.286637
0.286323
0.286984
0.285218
0.287334
0.286542
0.287334
0.285637
0.287437
0.287128
0.286714
0.287347
0.285900
0.287251
0.287244
0.286222
0.287225
0.286602
0.288036
0.285539
0.287272
0.288041
0.286059
0.287360
0.287584
0.287038
0.287758
0.286615
0.287491
0.286961
0.287684
0.286283
0.287424
0.287644
0.286306
0.287217
0.287458
0.286443
0.287341
0.287066
0.287055
0.286879
0.287153
0.286535
0.288354
0.284985
0.286760
0.287408
0.287301
0.286767
0.287359
0.287663
0.287530
0.287139
0.286805
0.286703
0.286675
0.286835
0.286565
0.287519
0.285192
0.286887
0.287672
0.285060
0.286816
0.287660
0.286545
0.287122
0.286872
0.286794
0.286671
0.286554
0.286536
0.286328
0.286761
0.285717
0.286647
0.286468
0.286138
0.287221
0.284928
0.286678
0.287481
0.285372
0.286772
0.286858
0.286516
0.286985
0.286003
0.286877
0.286073
0.287162
0.285666
0.286853
0.286915
0.286013
0.286935
0.286318
0.287507
0.285684
0.287660
0.286945
0.287305
0.286485
0.287630
0.286723
0.287737
0.286684
0.287702
0.286712
0.287805
0.287038
0.288292
0.286520
0.288410
0.287699
0.288154
0.287180
0.288166
0.287821
0.288243
0.287167
0.288064
0.287718
0.288024
0.287326
0.288762
0.286851
0.289076
0.288280
0.288693
0.287711
0.288695
0.288580
0.288301
0.288755
0.287391
0.288679
0.288455
0.288046
0.289143
0.286943
0.288564
0.289203
0.287748
0.288474
0.288651
0.288442
0.289003
0.287735
0.288444
0.288506
0.287690
0.288648
0.288042
0.289367
0.287170
0.288716
0.289366
0.287354
0.289032
0.289000
0.288605
0.289071
0.288139
0.288970
0.288376
0.289358
0.287594
0.289615
0.288926
0.289353
0.288385
0.289290
0.289042
0.289204
0.288666
0.289972
0.287358
0.288422
0.289488
0.289170
0.288510
0.289153
0.289336
0.289287
0.289025
0.288731
0.288724
0.288511
0.289293
0.287823
0.289697
0.288798
0.289776
0.288037
0.289963
0.289534
0.289681
0.289130
0.290152
0.288641
0.290300
0.289605
0.289936
0.289037
0.289967
0.289602
0.290366
0.288786
0.290547
0.289815
0.290647
0.289178
0.290695
0.290339
0.290263
0.290041
0.290256
0.289857
0.291291
0.288513
0.289583
0.290161
0.290329
0.289848
0.290372
0.290685
0.290638
0.290282
0.289983
0.289811
0.289864
0.289771
0.290116
0.289377
0.290316
0.289190
0.289947
0.289880
0.289540
0.290577
0.288848
0.290530
0.290386
0.289585
0.290387
0.289567
0.290350
0.290042
0.289977
0.289687
0.290219
0.289161
0.290101
0.290081
0.289347
0.290273
0.289294
0.290119
0.289997
0.289594
0.290571
0.288665
0.289998
0.290809
0.288752
0.290151
0.290409
0.289818
0.290375
0.289747
0.290514
0.289473
0.290116
0.290146
0.289598
0.290548
0.289260
0.290495
0.290142
0.289977
0.290125
0.289783
0.291039
0.288693
0.289542
0.290892
0.289569
0.290117
0.290126
0.290481
0.290123
0.290379
0.289432
0.290119
0.289733
0.290507
0.289186
0.290612
0.290093
0.290429
0.289580
0.290394
0.290085
0.290665
0.289440
0.290427
0.290292
0.289901
0.290804
0.289211
0.291015
0.290513
0.290503
0.290139
0.291057
0.289749
0.291401
0.290596
0.291285
0.289921
0.291283
0.291032
0.291029
0.290777
0.291092
0.290455
0.291420
0.290351
0.291107
0.291003
0.290631
0.291706
0.289795
0.291065
0.291607
0.290484
0.291060
0.291084
0.291182
0.291082
0.290898
0.290824
0.290601
0.291258
0.289897
0.291941
0.290794
0.291505
0.291008
0.291905
0.290666
0.291997
0.291457
0.291733
0.290960
0.291819
0.291301
0.292390
0.290547
0.291727
0.292293
0.290757
0.292025
0.291907
0.291790
0.291887
0.291429
0.292316
0.290804
0.292469
0.291867
0.292255
0.291453
0.292175
0.292083
0.291959
0.292015
0.291581
0.292836
0.290527
0.291311
0.291948
0.292093
0.291675
0.292063
0.292290
0.292281
0.292020
0.291767
0.291615
0.291614
0.291569
0.291733
0.291359
0.292434
0.290210
0.290908
0.291769
0.291658
0.291069
0.291637
0.291831
0.291701
0.291530
0.291117
0.291371
0.290778
0.291534
0.290907
0.291691
0.290738
0.291346
0.291353
0.290987
0.291783
0.290535
0.291964
0.291362
0.291925
0.290878
0.291595
0.291765
0.291765
0.291171
0.291807
0.291069
0.291779
0.291305
0.292152
0.290830
0.292306
0.291709
0.292300
0.291288
0.291990
0.292154
0.291564
0.292200
0.291484
0.292212
0.291664
0.292554
0.291285
0.292630
0.292085
0.292642
0.291672
0.292352
0.292508
0.291914
0.292558
0.291846
0.292571
0.292030
0.292938
0.291630
0.293092
0.292474
0.293106
0.292094
0.292824
0.292938
0.292417
0.293074
0.292177
0.292787
0.292827
0.292371
0.293192
0.292016
0.293374
0.292779
0.293424
0.292338
0.293245
0.293177
0.292924
0.293353
0.292437
0.293135
0.293150
0.292686
0.293539
0.292289
0.293841
0.293185
0.293827
0.292791
0.293563
0.293625
0.293224
0.293903
0.292769
0.293933
0.293474
0.293965
0.293053
0.293696
0.293830
0.293310
0.294005
0.293084
0.293762
0.293732
0.293378
0.294195
0.292817
0.294145
0.293970
0.293588
0.294059
0.293296
0.293942
0.294004
0.293413
0.294097
0.293167
0.293945
0.293845
0.293604
0.294146
0.293061
0.294436
0.293745
0.294475
0.293437
0.294273
0.294196
0.294009
0.294343
0.293552
0.294125
0.294117
0.293753
0.294671
0.292938
0.293581
0.294658
0.293662
0.294020
0.294027
0.294207
0.294058
0.294135
0.293632
0.294500
0.292973
0.293870
0.294610
0.293284
0.294191
0.294160
0.294076
0.294164
0.293765
0.294437
0.293268
0.294570
0.293972
0.294595
0.293672
0.294326
0.294424
0.293987
0.294610
0.293639
0.294448
0.294258
0.294200
0.294172
0.294065
0.294382
0.293698
0.294252
0.293967
0.294381
0.293479
0.294484
0.294094
0.294829
0.293366
0.294284
0.294835
0.293601
0.294538
0.294345
0.294452
0.294191
0.294554
0.293827
0.294321
0.294260
0.294013
0.294695
0.293417
0.294704
0.294515
0.294213
0.294526
0.293959
0.294579
0.294286
0.294737
0.293653
0.294847
0.294246
0.294997
0.294040
0.294807
0.294666
0.294567
0.294668
0.294315
0.295326
0.293545
0.293976
0.294589
0.294568
0.294348
0.294628
0.294778
0.294773
0.294592
0.294405
0.294278
0.294285
0.294219
0.294499
0.293967
0.294658
0.293923
0.294482
0.294225
0.294624
0.293887
0.294461
0.294428
0.294128
0.294847
0.293416
0.294202
0.294866
0.293732
0.294375
0.294426
0.294305
0.294562
0.293999
0.294555
0.293907
0.294440
0.294117
0.294793
0.293705
0.295003
0.294389
0.294959
0.294209
0.294693
0.294773
0.294472
0.295126
0.294001
0.295270
0.294688
0.295270
0.294507
0.295014
0.295141
0.294752
0.295388
0.294396
0.295400
0.294947
0.295533
0.294623
0.295381
0.295236
0.295227
0.295078
0.295247
0.294889
0.295881
0.294199
0.294584
0.295210
0.295213
0.294919
0.295218
0.295310
0.295333
0.295131
0.295049
0.294780
0.295218
0.294454
0.295168
0.295001
0.295039
0.294809
0.295389
0.294421
0.295658
0.294931
0.295372
0.295022
0.295622
0.294864
0.295432
0.295367
0.295070
0.295589
0.294698
0.295775
0.295288
0.295898
0.294989
0.295722
0.295553
0.295675
0.295356
0.296019
0.294953
0.296168
0.295659
0.296164
0.295393
0.295927
0.296034
0.295710
0.296264
0.295337
0.296270
0.295851
0.296413
0.295578
0.296243
0.296141
0.296097
0.296061
0.295936
0.296233
0.295647
0.296113
0.295933
0.296108
0.295703
0.296610
0.295332
0.295977
0.296521
0.295649
0.296037
0.296192
0.295997
0.296394
0.295699
0.296028
0.296029
0.295777
0.296415
0.295438
0.296638
0.296085
0.296566
0.295934
0.296336
0.296353
0.296198
0.296510
0.295822
0.296281
0.296245
0.296068
0.296565
0.295699
0.296840
0.296183
0.296602
0.296283
0.296807
0.296078
0.296712
0.296508
0.296595
0.296266
0.297031
0.295830
0.296457
0.296946
0.296252
0.296533
0.296573
0.296595
0.296653
0.296365
0.296885
0.295840
0.296937
0.296570
0.297039
0.296309
0.296858
0.296850
0.296653
0.296942
0.296282
0.296724
0.296715
0.296520
0.297048
0.296132
0.297290
0.296680
0.297070
0.296726
0.297281
0.296570
0.297181
0.296974
0.297074
0.296731
0.297474
0.296373
0.296980
0.297605
0.296498
0.297207
0.297183
0.297168
0.297173
0.296988
0.297245
0.296711
0.297084
0.296922
0.297153
0.296719
0.297296
0.296749
0.297180
0.296924
0.297347
0.296573
0.297428
0.296985
0.297608
0.296771
0.297550
0.297221
0.297716
0.296991
0.297502
0.297406
0.297397
0.297325
0.297371
0.297218
0.297773
0.296692
0.297213
0.297932
0.296671
0.297149
0.297601
0.297305
0.297499
0.297187
0.297550
0.297056
0.297373
0.297183
0.297438
0.296997
0.297461
0.297140
0.297840
0.296804
0.297523
0.297617
0.297206
0.297620
0.297169
0.297556
0.297352
0.297600
0.297069
0.297423
0.297288
0.297542
0.297109
0.297599
0.297156
0.297681
0.297118
0.297490
0.297349
0.297511
0.297182
0.297944
0.296770
0.297093
0.297780
0.297196
0.297414
0.297404
0.297552
0.297403
0.297590
0.297088
0.297471
0.297130
0.297838
0.296940
0.297920
0.297538
0.297940
0.297332
0.297648
0.297741
0.297470
0.297984
0.297984
0.297189
0.298019
0.297607
0.298075
0.297547
0.297862
0.297914
0.297717
0.298158
0.297398
0.298207
0.297760
0.298201
0.297730
0.298092
0.297919
0.298257
0.297702
0.298012
0.297982
0.297844
0.298185
0.297598
0.298163
0.297907
0.298416
0.297569
0.298488
0.298061
0.298468
0.298027
0.298434
0.298094
0.298662
0.297960
0.298570
0.298256
0.298727
0.298069
0.298635
0.298439
0.298731
0.298238
0.298538
0.298428
0.298593
0.298271
0.298991
0.297940
0.298254
0.298854
0.298360
0.298571
0.298478
0.298741
0.298434
0.298915
0.298157
0.298811
0.298465
0.298938
0.298422
0.298756
0.298818
0.298584
0.299014
0.298281
0.299038
0.298630
0.299040
0.298614
0.298974
0.298760
0.299242
0.298543
0.299200
0.298832
0.299301
0.298731
0.299120
0.299109
0.299031
0.299155
0.298835
0.299496
0.298583
0.298980
0.299583
0.298734
0.299272
0.299206
0.299288
0.299116
0.299307
0.298917
0.299308
0.298927
0.299341
0.298975
0.299414
0.299020
0.299391
0.299079
0.299655
0.298849
0.299631
0.299295
0.299684
0.299198
0.299458
0.299543
0.299343
0.299779
0.299095
0.299804
0.299420
0.299795
0.299421
0.299790
0.299487
0.299998
0.299361
0.299889
0.299589
0.300018
0.299455
0.299885
0.299780
0.299939
0.299632
0.300205
0.299452
0.300232
0.299895
0.300259
0.299808
0.300047
0.300119
0.299945
0.300321
0.299693
0.300299
0.299960
0.300386
0.299935
0.300198
0.300236
0.300089
0.300398
0.299861
0.300301
0.300071
0.300548
0.299872
0.300587
0.300248
0.300587
0.300223
0.300561
0.300231
0.300631
0.300236
0.300508
0.300334
0.300677
0.300185
0.300590
0.300413
0.300753
0.300214
0.300650
0.300427
0.300901
0.300229
0.300896
0.300557
0.300897
0.300543
0.300872
0.300588
0.301084
0.300508
0.301022
0.300733
0.301159
0.300637
0.301028
0.300898
0.301108
0.300758
0.301109
0.300758
0.301108
0.300805
0.301343
0.300707
0.301372
0.301035
0.301342
0.301021
0.301392
0.301027
0.301274
0.301157
0.301333
0.301019
0.301520
0.300980
0.301576
0.301227
0.301543
0.301219
0.301599
0.301225
0.301468
0.301342
0.301516
0.301199
0.301665
0.301188
0.301672
0.301390
0.301892
0.301263
0.301862
0.301568
0.301904
0.301518
0.301713
0.301647
0.301765
0.301544
0.302104
0.301337
0.301399
0.302069
0.301656
0.301728
0.301755
0.301730
0.301837
0.301596
0.302012
0.301366
0.301986
0.301731
0.302056
0.301771
0.302065
0.301804
0.302212
0.301654
0.302063
0.301800
0.302183
0.301762
0.302062
0.302044
0.302087
0.301960
0.302179
0.301823
0.302075
0.301949
0.302239
0.301808
0.302184
0.301970
0.302474
0.301792
0.302132
0.302313
0.302017
0.302305
0.301994
0.302232
0.302095
0.302365
0.301961
0.302208
0.302112
0.302309
0.302013
0.302352
0.302026
0.302301
0.302048
0.302557
0.301891
0.302145
0.302600
0.302065
0.302364
0.302258
0.302431
0.302190
0.302592
0.302104
0.302550
0.302302
0.302662
0.302280
0.302495
0.302493
0.302434
0.302510
0.302271
0.302804
0.302123
0.302146
0.302786
0.302435
0.302495
0.302522
0.302503
0.302601
0.302406
0.302719
0.302244
0.302663
0.302462
0.302841
0.302490
0.302682
0.302674
0.302564
0.302656
0.302374
0.302819
0.302303
0.302869
0.302597
0.302794
0.302654
0.302887
0.302611
0.302827
0.302636
0.303029
0.302498
0.303024
0.302777
0.303008
0.302789
0.303095
0.302742
0.302907
0.302887
0.302808
0.302914
0.302690
0.303224
0.302636
0.302825
0.303318
0.302768
0.303040
0.302943
0.303074
0.302871
0.303146
0.302802
0.302972
0.302984
0.302942
0.303074
0.302873
0.303384
0.302797
0.303030
0.303307
0.302937
0.303018
0.303076
0.302966
0.303207
0.302908
0.303044
0.303020
0.303036
0.303018
0.303112
0.302969
0.303452
0.302844
0.302905
0.303354
0.303035
0.303077
0.303068
0.303064
0.303110
0.302994
0.303168
0.302900
0.303090
0.303001
0.303285
0.302981
0.303167
0.303101
0.303133
0.302931
0.303313
0.302767
0.303293
0.303076
0.303301
0.303065
0.303314
0.303099
0.303379
0.303123
0.303322
0.303119
0.303496
0.303075
0.303488
0.303272
0.303531
0.303247
0.303356
0.303293
0.303365
0.303194
0.303587
0.303087
0.303606
0.303372
0.303522
0.303383
0.303574
0.303338
0.303559
0.303336
0.303701
0.303264
0.303659
0.303462
0.303738
0.303499
0.303655
0.303530
0.303739
0.303462
0.303589
0.303537
0.303629
0.303461
0.303918
0.303394
0.303643
0.303854
0.303577
0.303684
0.303539
0.303798
0.303524
0.303650
0.303636
0.303591
0.303676
0.303521
0.304005
0.303487
0.303608
0.304001
0.303636
0.303683
0.303712
0.303620
0.303787
0.303556
0.303781
0.303554
0.303782
0.303600
0.303944
0.303628
0.303840
0.303725
0.303860
0.303604
0.303821
0.303587
0.303843
0.303618
0.303862
0.303645
0.303922
0.303684
0.303851
0.303732
0.303959
0.303681
0.303828
0.303796
0.303857
0.303713
0.303713
0.304097
0.303611
0.304105
0.303880
0.304009
0.303843
0.304047
0.303811
0.303950
0.303880
0.303996
0.303778
0.304202
0.303751
0.304241
0.304030
0.304167
0.303995
0.304186
0.303940
0.304066
0.303989
0.304111
0.303899
0.304307
0.303889
0.304362
0.304139
0.304255
0.304134
0.304256
0.304043
0.304359
0.304035
0.304273
0.304124
0.304393
0.304108
0.304283
0.304254
0.304329
0.304156
0.304516
0.304051
0.304499
0.304302
0.304445
0.304279
0.304497
0.304266
0.304377
0.304355
0.304342
0.304299
0.304362
0.304238
0.304680
0.304220
0.304313
0.304659
0.304381
0.304379
0.304378
0.304302
0.304446
0.304238
0.304521
0.304242
0.304443
0.304379
0.304575
0.304374
0.304567
0.304355
0.304687
0.304264
0.304593
0.304386
0.304564
0.304380
0.304627
0.304410
0.304522
0.304504
0.304504
0.304459
0.304549
0.304394
0.304851
0.304402
0.304410
0.304806
0.304557
0.304545
0.304514
0.304486
0.304541
0.304434
0.304633
0.304407
0.304542
0.304560
0.304612
0.304556
0.304693
0.304468
0.304702
0.304414
0.304544
0.304421
0.304629
0.304398
0.304536
0.304521
0.304580
0.304449
0.304792
0.304380
0.304856
0.304634
0.304763
0.304669
0.304758
0.304573
0.304880
0.304531
0.304823
0.304635
0.304837
0.304642
0.304784
0.304669
0.304905
0.304640
0.304754
0.304689
0.304773
0.304605
0.304989
0.304582
0.304982
0.304805
0.304921
0.304744
0.304936
0.304737
0.304846
0.304823
0.304871
0.304754
0.305037
0.304721
0.305077
0.304898
0.305047
0.304869
0.305094
0.304824
0.304956
0.304897
0.304986
0.304812
0.305173
0.304800
0.305202
0.305038
0.305145
0.305010
0.305150
0.304956
0.305126
0.304953
0.305255
0.304925
0.305199
0.305047
0.305266
0.305070
0.305156
0.305085
0.305188
0.305001
0.305328
0.304973
0.305324
0.305162
0.305285
0.305155
0.305321
0.305125
0.305238
0.305131
0.305320
0.305106
0.305219
0.305203
0.305298
0.305152
0.305513
0.305101
0.305410
0.305278
0.305465
0.305234
0.305285
0.305319
0.305253
0.305397
0.305210
0.305397
0.305231
0.305520
0.305276
0.305458
0.305337
0.305537
0.305287
0.305370
0.305327
0.305383
0.305251
0.305573
0.305218
0.305608
0.305436
0.305522
0.305442
0.305505
0.305349
0.305648
0.305321
0.305622
0.305459
0.305595
0.305450
0.305661
0.305478
0.305561
0.305549
0.305523
0.305505
0.305468
0.305559
0.305422
0.305830
0.305469
0.305435
0.305806
0.305596
0.305560
0.305536
0.305476
0.305568
0.305440
0.305689
0.305461
0.305649
0.305594
0.305784
0.305622
0.305715
0.305586
0.305735
0.305499
0.305551
0.305524
0.305547
0.305491
0.305637
0.305478
0.305698
0.305523
0.305657
0.305522
0.305801
0.305489
0.305766
0.305612
0.305759
0.305585
0.305763
0.305592
0.305692
0.305648
0.305764
0.305601
0.305884
0.305597
0.305863
0.305708
0.305848
0.305666
0.305817
0.305641
0.305774
0.305628
0.305876
0.305623
0.305817
0.305712
0.305928
0.305736
0.305800
0.305805
0.305764
0.305823
0.305676
0.306018
0.305666
0.305961
0.305860
0.306026
0.305834
0.305872
0.305838
0.305874
0.305776
0.305960
0.305761
0.305919
0.305853
0.306068
0.305870
0.305962
0.305900
0.305985
0.305800
0.306074
0.305766
0.306060
0.305925
0.306027
0.305922
0.306061
0.305901
0.306030
0.305902
0.306163
0.305889
0.306120
0.305991
0.306169
0.306005
0.306085
0.305969
0.306133
0.305948
0.306020
0.305999
0.306057
0.305955
0.306221
0.305936
0.306226
0.306071
0.306141
0.306043
0.306142
0.305982
0.306184
0.306021
0.306116
0.306059
0.306180
0.306029
0.306257
0.306078
0.306202
0.306114
0.306249
0.306070
0.306154
0.306068
0.306252
0.306064
0.306167
0.306098
0.306244
0.306083
0.306204
0.306077
0.306376
0.306058
0.306327
0.306198
0.306289
0.306165
0.306306
0.306150
0.306243
0.306170
0.306324
0.306169
0.306273
0.306192
0.306398
0.306192
0.306321
0.306203
0.306400
0.306160
0.306298
0.306186
0.306394
0.306192
0.306298
0.306242
0.306373
0.306222
0.306395
0.306249
0.306391
0.306256
0.306514
0.306243
0.306457
0.306322
0.306468
0.306307
0.306420
0.306277
0.306493
0.306305
0.306419
0.306357
0.306486
0.306337
0.306493
0.306347
0.306522
0.306365
0.306464
0.306336
0.306558
0.306319
0.306508
0.306383
0.306572
0.306396
0.306450
0.306442
0.306461
0.306416
0.306516
0.306368
0.306696
0.306391
0.306651
0.306545
0.306664
0.306492
0.306588
0.306432
0.306600
0.306450
0.306526
0.306488
0.306606
0.306481
0.306747
0.306514
0.306728
0.306590
0.306706
0.306543
0.306664
0.306519
0.306669
0.306532
0.306677
0.306540
0.306699
0.306570
0.306712
0.306582
0.306792
0.306593
0.306706
0.306613
0.306760
0.306605
0.306665
0.306628
0.306721
0.306582
0.306856
0.306578
0.306832
0.306727
0.306798
0.306694
0.306794
0.306650
0.306778
0.306647
0.306848
0.306677
0.306784
0.306734
0.306734
