0.492627
0.510684
0.503354
0.496123
0.489382
0.483767
0.479895
0.477998
0.477793
0.478676
0.480067
0.481596
0.483068
0.484388
0.485508
0.486402
0.487059
0.487469
0.487629
0.487536
0.487189
0.486592
0.485750
0.484675
0.483388
0.481914
0.480282
0.478517
0.476652
0.474727
0.472783
0.470868
0.469028
0.467305
0.465733
0.464335
0.463126
0.462106
0.461270
0.460607
0.460100
0.459735
0.459497
0.459372
0.459350
0.459420
0.459577
0.459815
0.460131
0.460522
0.460987
0.461526
0.462142
0.462840
0.463623
0.464481
0.465380
0.466297
0.467251
0.468220
0.469152
0.470036
0.470908
0.471824
0.472817
0.473875
0.474959
0.476019
0.477013
0.477911
0.478693
0.479352
0.479886
0.480302
0.480606
0.480804
0.480903
0.480909
0.480832
0.480680
0.480463
0.480190
0.479871
0.479511
0.479116
0.478692
0.478240
0.477764
0.477265
0.476743
0.476200
0.475634
0.475046
0.474435
0.473800
0.473142
0.472460
0.471756
0.471030
0.470285
0.469524
0.468751
0.467972
0.467194
0.466426
0.465677
0.464952
0.464254
0.463585
0.462958
0.462390
0.461897
0.461495
0.461196
0.461001
0.460889
0.460809
0.460699
0.460528
0.460289
0.459984
0.459620
0.459206
0.458749
0.458260
0.457750
0.457228
0.456706
0.456195
0.455706
0.455254
0.454854
0.454525
0.454291
0.454179
0.454223
0.454462
0.454933
0.455666
0.456663
0.457878
0.459211
0.460536
0.461748
0.462785
0.463630
0.464299
0.464817
0.465217
0.465526
0.465768
0.465962
0.466126
0.466271
0.466405
0.466536
0.466669
0.466810
0.466961
0.467127
0.467308
0.467505
0.467718
0.467947
0.468191
0.468448
0.468718
0.468998
0.469287
0.469583
0.469885
0.470190
0.470498
0.470805
0.471111
0.471437
0.471801
0.472156
0.472491
0.472824
0.473167
0.473547
0.473986
0.474406
0.474754
0.475014
0.475176
0.475523
0.475671
0.475998
0.476205
0.476734
0.476815
0.477398
0.477466
0.477958
0.478414
0.478705
0.478956
0.479200
0.479434
0.479743
0.480149
0.480536
0.480842
0.481099
0.481364
0.481641
0.481924
0.482218
0.482521
0.482831
0.483149
0.483473
0.483803
0.484138
0.484480
0.484826
0.485178
0.485535
0.485897
0.486264
0.486636
0.487013
0.487395
0.487782
0.488174
0.488571
0.488973
0.489381
0.489793
0.490210
0.490633
0.491061
0.491495
0.491934
0.492379
0.492830
0.493289
0.493754
0.494226
0.494707
0.495195
0.495692
0.496196
0.496707
0.497226
0.497750
0.498280
0.498816
0.499356
0.499900
0.500447
0.500998
0.501551
0.502106
0.502664
0.503223
0.503784
0.504345
0.504907
0.505470
0.506034
0.506598
0.507162
0.507726
0.508291
0.508856
0.509421
0.509987
0.510552
0.511118
0.511685
0.512252
0.512820
0.513388
0.513957
0.514527
0.515098
0.515669
0.516241
0.516815
0.517389
0.517964
0.518540
0.519115
0.519691
0.520264
0.520834
0.521399
0.521957
0.522505
0.523042
0.523567
0.524081
0.524585
0.525080
0.525567
0.526048
0.526521
0.526988
0.527447
0.527898
0.528340
0.528772
0.529193
0.529602
0.529999
0.530384
0.530759
0.531124
0.531484
0.531839
0.532189
0.532534
0.532875
0.533212
0.533551
0.533898
0.534261
0.534646
0.535057
0.535497
0.535965
0.536457
0.536969
0.537494
0.538028
0.538564
0.539097
0.539624
0.540141
0.540645
0.541133
0.541603
0.542055
0.542488
0.542901
0.543293
0.543666
0.544018
0.544352
0.544666
0.544962
0.545240
0.545500
0.545744
0.545973
0.546186
0.546385
0.546570
0.546743
0.546904
0.547054
0.547194
0.547325
0.547446
0.547560
0.547666
0.547766
0.547859
0.547947
0.548030
0.548109
0.548184
0.548255
0.548324
0.548390
0.548453
0.548515
0.548575
0.548635
0.548693
0.548751
0.548809
0.548866
0.548924
0.548982
0.549040
0.549100
0.549160
0.549222
0.549285
0.549349
0.549414
0.549482
0.549551
0.549621
0.549694
0.549769
0.549846
0.549925
0.550006
0.550089
0.550175
0.550263
0.550354
0.550447
0.550542
0.550640
0.550740
0.550843
0.550948
0.551055
0.551165
0.551278
0.551393
0.551510
0.551630
0.551751
0.551876
0.552002
0.552131
0.552261
0.552394
0.552529
0.552665
0.552804
0.552944
0.553087
0.553230
0.553376
0.553523
0.553672
0.553822
0.553974
0.554127
0.554282
0.554439
0.554597
0.554756
0.554917
0.555080
0.555245
0.555412
0.555581
0.555752
0.555925
0.556100
0.556278
0.556458
0.556641
0.556826
0.557015
0.557206
0.557400
0.557596
0.557796
0.557999
0.558205
0.558414
0.558626
0.558841
0.559059
0.559280
0.559505
0.559732
0.559962
0.560196
0.560432
0.560671
0.560913
0.561158
0.561406
0.561657
0.561911
0.562167
0.562426
0.562688
0.562952
0.563219
0.563489
0.563761
0.564035
0.564312
0.564592
0.564874
0.565158
0.565445
0.565734
0.566025
0.566319
0.566614
0.566912
0.567212
0.567514
0.567818
0.568124
0.568433
0.568743
0.569055
0.569369
0.569685
0.570003
0.570323
0.570645
0.570968
0.571293
0.571620
0.571949
0.571949
0.572279
0.572611
0.572945
0.573280
0.573617
0.573955
0.574295
0.574637
0.574980
0.575325
0.575671
0.576018
0.576367
0.576718
0.577069
0.577422
0.577777
0.578133
0.578490
0.578848
0.579208
0.579569
0.579931
0.580294
0.580659
0.581024
0.581391
0.581759
0.582128
0.582499
0.582870
0.583242
0.583616
0.583990
0.584365
0.584742
0.585119
0.585497
0.585877
0.586257
0.586638
0.587020
0.587402
0.587786
0.588170
0.588556
0.588942
0.589328
0.589716
0.590104
0.590493
0.590882
0.591273
0.591663
0.592055
0.592447
0.592840
0.593233
0.593626
0.594021
0.594415
0.594811
0.595206
0.595602
0.595999
0.596395
0.596793
0.597190
0.597588
0.597986
0.598385
0.598783
0.599182
0.599581
0.599981
0.600380
0.600780
0.601179
0.601579
0.601979
0.602379
0.602778
0.603178
0.603578
0.603978
0.604377
0.604777
0.605176
0.605575
0.605974
0.606373
0.606771
0.607170
0.607567
0.607965
0.608362
0.608759
0.609155
0.609551
0.609947
0.610341
0.610736
0.611130
0.611523
0.611915
0.612307
0.612698
0.613089
0.613479
0.613868
0.614256
0.614643
0.615029
0.615415
0.615799
0.616183
0.616566
0.616947
0.617327
0.617707
0.618085
0.618462
0.618838
0.619212
0.619585
0.619957
0.620328
0.620697
0.621065
0.621431
0.621796
0.622159
0.622520
0.622880
0.623239
0.623595
0.623950
0.624304
0.624655
0.625004
0.625352
0.625698
0.626041
0.626383
0.626723
0.627060
0.627395
0.627729
0.628060
0.628388
0.628715
0.629039
0.629360
0.629680
0.629996
0.630311
0.630622
0.630931
0.631238
0.631541
0.631842
0.632140
0.632436
0.632728
0.633017
0.633304
0.633587
0.633867
0.634145
0.634418
0.634689
0.634957
0.635221
0.635481
0.635739
0.635992
0.636243
0.636489
0.636732
0.636972
0.637207
0.637439
0.637667
0.637891
0.638111
0.638327
0.638538
0.638746
0.638950
0.639149
0.639344
0.639535
0.639721
0.639903
0.640080
0.640252
0.640420
0.640583
0.640742
0.640895
0.641044
0.641188
0.641327
0.641460
0.641589
0.641712
0.641830
0.641943
0.642051
0.642153
0.642249
0.642340
0.642425
0.642505
0.642578
0.642646
0.642708
0.642765
0.642815
0.642859
0.642897
0.642928
0.642954
0.642973
0.642986
0.642992
0.642992
0.642985
0.642971
0.642951
0.642924
0.642891
0.642850
0.642803
0.642748
0.642687
0.642618
0.642542
0.642459
0.642369
0.642271
0.642166
0.642054
0.641934
0.641807
0.641672
0.641530
0.641380
0.641222
0.641057
0.640884
0.640703
0.640514
0.640317
0.640113
0.639901
0.639681
0.639453
0.639217
0.638974
0.638722
0.638462
0.638195
0.637920
0.637636
0.637345
0.637047
0.636740
0.636425
0.636103
0.635773
0.635435
0.635090
0.634737
0.634376
0.634008
0.633632
0.633250
0.632859
0.632462
0.632057
0.631645
0.631226
0.630800
0.630367
0.629928
0.629482
0.629029
0.628570
0.628105
0.627633
0.627155
0.626671
0.626182
0.625686
0.625185
0.624679
0.624167
0.623650
0.623128
0.622601
0.622070
0.621533
0.620993
0.620447
0.619898
0.619344
0.618787
0.618226
0.617661
0.617092
0.616521
0.615946
0.615368
0.614788
0.614204
0.613619
0.613031
0.612440
0.611848
0.611254
0.610658
0.610061
0.609462
0.608862
0.608261
0.607659
0.607056
0.606452
0.605848
0.605243
0.604637
0.604032
0.603426
0.602819
0.602213
0.601607
0.601000
0.600394
0.599788
0.599181
0.598575
0.597970
0.597364
0.596759
0.596153
0.595548
0.594944
0.594339
0.593735
0.593130
0.592526
0.591922
0.591318
0.590714
0.590110
0.589505
0.588901
0.588296
0.587691
0.587085
0.586478
0.585871
0.585264
0.584655
0.584045
0.583434
0.582822
0.582209
0.581595
0.580980
0.580364
0.579749
0.579137
0.578532
0.577932
0.577342
0.576729
0.576153
0.575509
0.574851
0.574137
0.573421
0.572708
0.571998
0.571288
0.570575
0.569855
0.569127
0.568393
0.567656
0.566918
0.566180
0.565441
0.564700
0.564038
0.563355
0.562643
0.561856
0.561081
0.560388
0.559706
0.558998
0.558199
0.557446
0.556700
0.556036
0.555220
0.554547
0.553740
0.553009
0.552322
0.551497
0.550816
0.549936
0.549252
0.548382
0.547767
0.546784
0.546160
0.545205
0.544576
0.543480
0.542891
0.541878
0.541301
0.540226
0.539657
0.538623
0.538063
0.536949
0.536401
0.535320
0.534786
0.533640
0.533112
0.532040
0.531520
0.530362
0.529846
0.528805
0.528304
0.527560
0.526891
0.526285
0.525442
0.524640
0.524016
0.523092
0.522407
0.521704
0.520882
0.520096
0.519428
0.518581
0.517795
0.517129
0.516222
0.515486
0.514763
0.513916
0.513108
0.512449
0.511481
0.510780
0.510043
0.509183
0.508386
0.507733
0.506720
0.506065
0.505310
0.504459
0.503655
0.503025
0.501935
0.501374
0.500569
0.499795
0.498891
0.498304
0.497049
0.496602
0.495626
0.495013
0.493911
0.493334
0.492126
0.491728
0.490890
0.490068
0.489479
0.488168
0.487475
0.486687
0.486143
0.484983
0.484589
0.483707
0.483707
0.482956
0.482348
0.481377
0.480638
0.479679
0.479061
0.478048
0.477690
0.476910
0.476010
0.475344
0.474293
0.473582
0.472836
0.472315
0.471707
0.470585
0.469719
0.469185
0.468577
0.467556
0.467234
0.466429
0.465581
0.464775
0.464013
0.463337
0.462552
0.462165
0.461420
0.460759
0.459979
0.459093
0.458144
0.457745
0.457120
0.456289
0.455684
0.455138
0.454344
0.453758
0.452966
0.452377
0.451611
0.451103
0.450396
0.449830
0.449093
0.448604
0.447881
0.447340
0.446596
0.446138
0.445402
0.444921
0.444169
0.443742
0.442996
0.442571
0.441816
0.441424
0.440669
0.440293
0.439535
0.439181
0.438421
0.438088
0.437325
0.437013
0.436248
0.435957
0.435188
0.434918
0.434146
0.433897
0.433121
0.432893
0.432113
0.431905
0.431121
0.430930
0.430144
0.429970
0.429181
0.429023
0.428233
0.428091
0.427301
0.427175
0.426384
0.426273
0.425481
0.425385
0.424592
0.424511
0.423716
0.423652
0.422852
0.422806
0.422000
0.421974
0.421159
0.421157
0.420332
0.420354
0.419520
0.419565
0.418724
0.418791
0.417947
0.418029
0.417185
0.417283
0.416440
0.416552
0.415711
0.415839
0.415001
0.415144
0.414309
0.414466
0.413634
0.413808
0.412976
0.413167
0.412335
0.412544
0.411715
0.411937
0.411119
0.411342
0.410546
0.410756
0.409993
0.410180
0.409456
0.409619
0.408937
0.409080
0.408441
0.408564
0.407970
0.408074
0.407527
0.407612
0.407114
0.407177
0.406731
0.406771
0.406381
0.406397
0.406066
0.406057
0.405787
0.405755
0.405546
0.405496
0.405344
0.405285
0.405181
0.405125
0.405060
0.405020
0.404987
0.404971
0.404967
0.404978
0.405004
0.405045
0.405102
0.405175
0.405265
0.405371
0.405496
0.405638
0.405797
0.405976
0.406172
0.406388
0.406622
0.406876
0.407149
0.407442
0.407754
0.408086
0.408437
0.408808
0.409200
0.409610
0.410041
0.410492
0.410962
0.411451
0.411960
0.412488
0.413035
0.413601
0.414185
0.414788
0.415408
0.416045
0.416699
0.417370
0.418056
0.418758
0.419475
0.420207
0.420952
0.421711
0.422483
0.423267
0.424063
0.424870
0.425689
0.426518
0.427357
0.428205
0.429063
0.429930
0.430805
0.431689
0.432581
0.433481
0.434388
0.435303
0.436226
0.437155
0.438092
0.439035
0.439986
0.440944
0.441909
0.442882
0.443862
0.444850
0.445846
0.446850
0.447862
0.448883
0.449914
0.450954
0.452005
0.453065
0.454137
0.455220
0.456314
0.457420
0.458539
0.459669
0.460813
0.461969
0.463137
0.464319
0.465512
0.466718
0.467935
0.469163
0.470401
0.471650
0.472907
0.474172
0.475444
0.476721
0.478002
0.479286
0.480572
0.481857
0.483140
0.484419
0.485693
0.486960
0.488218
0.489464
0.490698
0.491918
0.493122
0.494308
0.495475
0.496621
0.497745
0.498846
0.499923
0.500974
0.501999
0.502997
0.503966
0.504908
0.505820
0.506703
0.507557
0.508380
0.509174
0.509937
0.510671
0.511376
0.512051
0.512697
0.513314
0.513904
0.514465
0.514999
0.515507
0.515988
0.516444
0.516875
0.517280
0.517662
0.518020
0.518354
0.518664
0.518952
0.519217
0.519460
0.519679
0.519875
0.520047
0.520195
0.520317
0.520413
0.520481
0.520521
0.520533
0.520518
0.520481
0.520425
0.520355
0.520272
0.520178
0.520073
0.519957
0.519830
0.519691
0.519542
0.519381
0.519212
0.519033
0.518846
0.518652
0.518452
0.518244
0.518029
0.517808
0.517579
0.517344
0.517101
0.516852
0.516595
0.516332
0.516063
0.515787
0.515506
0.515218
0.514924
0.514625
0.514320
0.514009
0.513693
0.513370
0.513042
0.512707
0.512367
0.512019
0.511665
0.511303
0.510934
0.510557
0.510172
0.509781
0.509383
0.508980
0.508572
0.508162
0.507749
0.507335
0.506918
0.506499
0.506077
0.505649
0.505217
0.504778
0.504332
0.503879
0.503417
0.502948
0.502469
0.501982
0.501486
0.500982
0.500468
0.499945
0.499412
0.498868
0.498310
0.497740
0.497156
0.496561
0.495957
0.495344
0.494726
0.494101
0.493472
0.492838
0.492200
0.491558
0.490913
0.490265
0.489614
0.488960
0.488303
0.487643
0.486981
0.486316
0.485648
0.484977
0.484303
0.483626
0.482946
0.482264
0.481578
0.480890
0.480199
0.479506
0.478810
0.478111
0.477410
0.476707
0.476001
0.475294
0.474584
0.473872
0.473158
0.472443
0.471726
0.471007
0.470287
0.469566
0.468844
0.468121
0.467397
0.466673
0.465948
0.465223
0.464497
0.463772
0.463047
0.462323
0.461599
0.460876
0.460153
0.459433
0.458713
0.457995
0.457279
0.456565
0.455853
0.455143
0.454436
0.453732
0.453031
0.452333
0.451639
0.450948
0.450261
0.449577
0.448898
0.448223
0.447552
0.446886
0.446225
0.445568
0.444917
0.444270
0.443628
0.442992
0.442361
0.441734
0.441113
0.440498
0.439887
0.439282
0.438682
0.438088
0.437498
0.436914
0.436336
0.435763
0.435196
0.434636
0.434083
0.433538
0.433000
0.432471
0.431949
0.431436
0.430930
0.430431
0.429938
0.429451
0.428969
0.428969
0.428492
0.428016
0.427561
0.426988
0.427554
0.425622
0.425151
0.424606
0.424428
0.423891
0.423187
0.422685
0.422114
0.421475
0.420855
0.420256
0.419678
0.419121
0.418583
0.418059
0.417544
0.417032
0.416520
0.416006
0.415491
0.414975
0.414459
0.413945
0.413433
0.412924
0.412417
0.411914
0.411414
0.410918
0.410427
0.409940
0.409458
0.408981
0.408509
0.408044
0.407584
0.407131
0.406683
0.406242
0.405808
0.405380
0.404959
0.404545
0.404137
0.403734
0.403338
0.402947
0.402560
0.402177
0.401798
0.401421
0.401046
0.400672
0.400298
0.399923
0.399547
0.399169
0.398789
0.398406
0.398020
0.397630
0.397236
0.396838
0.396436
0.396029
0.395618
0.395203
0.394783
0.394358
0.393929
0.393496
0.393058
0.392615
0.392168
0.391717
0.391261
0.390800
0.390336
0.389867
0.389394
0.388916
0.388434
0.387948
0.387458
0.386963
0.386464
0.385961
0.385453
0.384942
0.384426
0.383905
0.383381
0.382852
0.382320
0.381783
0.381242
0.380696
0.380147
0.379594
0.379037
0.378476
0.377911
0.377343
0.376771
0.376195
0.375616
0.375033
0.374447
0.373858
0.373266
0.372671
0.372073
0.371472
0.370868
0.370262
0.369654
0.369043
0.368430
0.367816
0.367199
0.366580
0.365960
0.365338
0.364715
0.364090
0.363465
0.362838
0.362210
0.361581
0.360952
0.360322
0.359692
0.359061
0.358430
0.357798
0.357167
0.356535
0.355904
0.355273
0.354642
0.354012
0.353382
0.352752
0.352123
0.351495
0.350868
0.350242
0.349616
0.348992
0.348368
0.347746
0.347125
0.346505
0.345887
0.345270
0.344655
0.344041
0.343429
0.342818
0.342209
0.341602
0.340997
0.340393
0.339792
0.339192
0.338594
0.337999
0.337405
0.336814
0.336224
0.335637
0.335052
0.334470
0.333889
0.333311
0.332735
0.332162
0.331590
0.331022
0.330455
0.329891
0.329330
0.328770
0.328213
0.327659
0.327107
0.326557
0.326010
0.325466
0.324923
0.324384
0.323846
0.323311
0.322778
0.322248
0.321720
0.321195
0.320672
0.320151
0.319632
0.319116
0.318602
0.318090
0.317581
0.317074
0.316569
0.316066
0.315566
0.315067
0.314571
0.314077
0.313585
0.313094
0.312606
0.312121
0.311637
0.311155
0.310674
0.310196
0.309720
0.309246
0.308773
0.308303
0.307834
0.307367
0.306902
0.306438
0.305976
0.305516
0.305058
0.304601
0.304146
0.303693
0.303241
0.302790
0.302342
0.301895
0.301449
0.301005
0.300562
0.300121
0.299681
0.299243
0.298806
0.298370
0.297936
0.297503
0.297072
0.296642
0.296213
0.295785
0.295359
0.294934
0.294510
0.294088
0.293666
0.293246
0.292827
0.292409
0.291993
0.291577
0.291163
0.290750
0.290337
0.289926
0.289516
0.289108
0.288700
0.288293
0.287887
0.287482
0.287079
0.286676
0.286274
0.285874
0.285474
0.285075
0.284677
0.284281
0.283885
0.283490
0.283096
0.282703
0.282311
0.281919
0.281529
0.281140
0.280751
0.280363
0.279977
0.279591
0.279206
0.278822
0.278439
0.278056
0.277675
0.277294
0.276915
0.276536
0.276158
0.275781
0.275405
0.275029
0.274655
0.274281
0.273908
0.273537
0.273166
0.272796
0.272427
0.272058
0.271691
0.271324
0.270959
0.270594
0.270231
0.269868
0.269506
0.269145
0.268785
0.268426
0.268069
0.267712
0.267356
0.267001
0.266647
0.266294
0.265942
0.265591
0.265242
0.264893
0.264546
0.264199
0.263854
0.263510
0.263167
0.262825
0.262485
0.262145
0.261807
0.261471
0.261135
0.260801
0.260468
0.260136
0.259806
0.259477
0.259150
0.258824
0.258500
0.258177
0.257855
0.257535
0.257217
0.256900
0.256585
0.256271
0.255959
0.255649
0.255340
0.255034
0.254729
0.254425
0.254124
0.253825
0.253527
0.253232
0.252938
0.252646
0.252357
0.252069
0.251784
0.251501
0.251220
0.250941
0.250665
0.250391
0.250119
0.249850
0.249583
0.249319
0.249058
0.248799
0.248543
0.248290
0.248040
0.247793
0.247549
0.247308
0.247071
0.246837
0.246607
0.246381
0.246159
0.245942
0.245729
0.245521
0.245318
0.245121
0.244930
0.244746
0.244568
0.244398
0.244234
0.244078
0.243927
0.243781
0.243636
0.243490
0.243341
0.243189
0.243035
0.242880
0.242726
0.242576
0.242430
0.242288
0.242152
0.242022
0.241898
0.241781
0.241669
0.241564
0.241464
0.241371
0.241284
0.241204
0.241129
0.241061
0.240999
0.240943
0.240893
0.240849
0.240811
0.240779
0.240753
0.240732
0.240718
0.240709
0.240705
0.240708
0.240715
0.240728
0.240747
0.240770
0.240799
0.240833
0.240872
0.240916
0.240964
0.241018
0.241076
0.241139
0.241206
0.241278
0.241354
0.241435
0.241520
0.241608
0.241701
0.241798
0.241899
0.242004
0.242113
0.242225
0.242340
0.242460
0.242582
0.242708
0.242838
0.242970
0.243106
0.243244
0.243386
0.243530
0.243678
0.243828
0.243980
0.244135
0.244293
0.244453
0.244615
0.244780
0.244947
0.245116
0.245287
0.245460
0.245634
0.245811
0.245990
0.246170
0.246351
0.246535
0.246720
0.246720
0.246906
0.247094
0.247283
0.247473
0.247664
0.247857
0.248050
0.248245
0.248440
0.248637
0.248834
0.249032
0.249231
0.249430
0.249630
0.249831
0.250032
0.250234
0.250436
0.250638
0.250841
0.251044
0.251247
0.251450
0.251654
0.251858
0.252062
0.252265
0.252469
0.252673
0.252876
0.253080
0.253283
0.253486
0.253689
0.253891
0.254094
0.254295
0.254497
0.254698
0.254899
0.255099
0.255298
0.255497
0.255696
0.255894
0.256091
0.256288
0.256484
0.256679
0.256873
0.257067
0.257260
0.257452
0.257644
0.257834
0.258024
0.258213
0.258401
0.258588
0.258775
0.258960
0.259144
0.259328
0.259510
0.259692
0.259873
0.260052
0.260231
0.260408
0.260585
0.260761
0.260935
0.261109
0.261281
0.261453
0.261624
0.261793
0.261962
0.262129
0.262296
0.262461
0.262626
0.262789
0.262952
0.263113
0.263274
0.263433
0.263592
0.263749
0.263906
0.264061
0.264216
0.264370
0.264523
0.264674
0.264825
0.264975
0.265124
0.265273
0.265420
0.265566
0.265712
0.265856
0.266000
0.266143
0.266285
0.266426
0.266566
0.266705
0.266843
0.266981
0.267117
0.267253
0.267388
0.267522
0.267655
0.267787
0.267918
0.268049
0.268178
0.268307
0.268434
0.268561
0.268687
0.268811
0.268935
0.269058
0.269180
0.269301
0.269420
0.269539
0.269657
0.269773
0.269889
0.270004
0.270117
0.270229
0.270340
0.270450
0.270559
0.270666
0.270772
0.270877
0.270980
0.271083
0.271183
0.271282
0.271380
0.271476
0.271571
0.271664
0.271755
0.271845
0.271933
0.272019
0.272103
0.272185
0.272266
0.272344
0.272421
0.272495
0.272567
0.272637
0.272705
0.272771
0.272834
0.272895
0.272953
0.273010
0.273063
0.273115
0.273164
0.273210
0.273254
0.273295
0.273334
0.273370
0.273403
0.273434
0.273462
0.273488
0.273511
0.273531
0.273549
0.273564
0.273576
0.273586
0.273594
0.273599
0.273602
0.273603
0.273601
0.273599
0.273595
0.273590
0.273586
0.273584
0.273586
0.273597
0.273625
0.273682
0.273778
0.273931
0.273855
0.273739
0.273590
0.273534
0.273374
0.273409
0.273063
0.273320
0.272707
0.273169
0.272855
0.272822
0.272360
0.272770
0.272255
0.272415
0.271760
0.272227
0.272006
0.271514
0.271751
0.270919
0.271500
0.271400
0.270339
0.271136
0.271076
0.269822
0.270645
0.270629
0.269662
0.269939
0.268932
0.269504
0.269516
0.268424
0.268886
0.268379
0.268105
0.267407
0.267846
0.267498
0.266751
0.267037
0.265863
0.266711
0.266721
0.266244
0.265762
0.264688
0.265345
0.265226
0.264186
0.264222
0.262797
0.263948
0.263912
0.263507
0.263654
0.263626
0.263529
0.263416
0.263258
0.263087
0.262902
0.262705
0.262506
0.262307
0.262107
0.261906
0.261701
0.261492
0.261279
0.261062
0.260842
0.260619
0.260393
0.260163
0.259930
0.259693
0.259452
0.259206
0.258956
0.258702
0.258443
0.258180
0.257912
0.257640
0.257364
0.257084
0.256799
0.256510
0.256216
0.255919
0.255617
0.255311
0.255002
0.254688
0.254370
0.254049
0.253723
0.253394
0.253061
0.252725
0.252384
0.252040
0.251692
0.251341
0.250986
0.250627
0.250264
0.249898
0.249528
0.249154
0.248776
0.248395
0.248009
0.247620
0.247226
0.246829
0.246427
0.246022
0.245612
0.245199
0.244781
0.244358
0.243932
0.243501
0.243066
0.242626
0.242182
0.241734
0.241280
0.240823
0.240360
0.239893
0.239421
0.238944
0.238463
0.237976
0.237484
0.236987
0.236484
0.235977
0.235464
0.234945
0.234420
0.233890
0.233354
0.232811
0.232263
0.231707
0.231146
0.230577
0.230002
0.229420
0.228830
0.228233
0.227629
0.227016
0.226396
0.225768
0.225132
0.224487
0.223834
0.223172
0.222502
0.221823
0.221135
0.220437
0.219731
0.219016
0.218291
0.217557
0.216813
0.216060
0.215298
0.214526
0.213744
0.212952
0.212151
0.211340
0.210519
0.209689
0.208849
0.207998
0.207138
0.206268
0.205388
0.204499
0.203599
0.202690
0.201770
0.200841
0.199903
0.198954
0.197996
0.197028
0.196050
0.195063
0.194066
0.193060
0.192044
0.191019
0.189985
0.188941
0.187889
0.186827
0.185757
0.184677
0.183589
0.182492
0.181386
0.180272
0.179150
0.178019
0.176881
0.175734
0.174579
0.173417
0.172246
0.171069
0.169884
0.168691
0.167492
0.166286
0.165073
0.163853
0.162626
0.161394
0.160155
0.158910
0.157660
0.156404
0.155142
0.153875
0.152603
0.151327
0.150045
0.148759
0.147469
0.146175
0.144877
0.143575
0.142270
0.140962
0.139651
0.138337
0.137021
0.135702
0.134382
0.133059
0.131735
0.130410
0.129084
0.127756
0.126428
0.125100
0.123772
0.122443
0.121115
0.119787
0.118460
0.117134
0.115809
0.114485
0.113163
0.111843
0.110524
0.109208
0.107893
0.106582
0.105273
0.103967
0.102663
0.101363
0.100066
0.098773
0.097483
0.096197
0.094915
0.093637
0.092363
0.091093
0.089828
0.088567
0.087311
0.086059
0.084813
0.083571
0.082334
0.081103
0.079877
0.078656
0.077440
0.077440
0.076230
0.075026
0.073827
0.072634
0.071447
0.070266
0.069091
0.067922
0.066759
0.065603
0.064453
0.063309
0.062172
0.061041
0.059917
0.058799
0.057688
0.056584
0.055487
0.054397
0.053314
0.052238
0.051169
0.050108
0.049053
0.048006
0.046967
0.045934
0.044909
0.043892
0.042882
0.041880
0.040886
0.039900
0.038921
0.037950
0.036987
0.036031
0.035084
0.034145
0.033213
0.032290
0.031375
0.030468
0.029569
0.028679
0.027796
0.026922
0.026056
0.025198
0.024349
0.023507
0.022675
0.021850
0.021034
0.020226
0.019426
0.018635
0.017852
0.017078
0.016311
0.015554
0.014804
0.014063
0.013330
0.012606
0.011890
0.011182
0.010483
0.009792
0.009109
0.008434
0.007768
0.007111
0.006461
0.005820
0.005188
0.004564
0.003948
0.003341
0.002742
0.002152
0.001571
0.000999
0.000435
-0.000119
-0.000664
-0.001199
-0.001725
-0.002239
-0.002743
-0.003235
-0.003714
-0.004179
-0.004626
-0.005053
-0.005452
-0.005811
-0.006098
-0.006229
-0.006472
-0.007209
-0.006872
-0.007723
-0.007954
-0.009068
-0.008887
-0.009741
-0.009945
-0.011010
-0.010818
-0.011686
-0.011997
-0.013018
-0.012836
-0.013776
-0.013913
-0.015052
-0.014856
-0.015609
-0.016006
-0.016726
-0.016625
-0.017660
-0.017558
-0.018458
-0.018517
-0.019483
-0.019266
-0.020019
-0.020157
-0.021001
-0.020800
-0.021600
-0.021611
-0.022466
-0.022292
-0.023051
-0.023023
-0.023813
-0.023653
-0.024394
-0.024339
-0.025087
-0.024950
-0.025665
-0.025581
-0.026287
-0.026170
-0.026854
-0.026759
-0.027428
-0.027325
-0.027977
-0.027881
-0.028516
-0.028422
-0.029040
-0.028950
-0.029552
-0.029466
-0.030051
-0.029970
-0.030538
-0.030462
-0.031013
-0.030943
-0.031477
-0.031413
-0.031929
-0.031873
-0.032371
-0.032322
-0.032802
-0.032761
-0.033222
-0.033190
-0.033632
-0.033609
-0.034031
-0.034019
-0.034421
-0.034420
-0.034801
-0.034812
-0.035171
-0.035194
-0.035532
-0.035568
-0.035883
-0.035933
-0.036226
-0.036289
-0.036561
-0.036636
-0.036887
-0.036974
-0.037205
-0.037303
-0.037515
-0.037623
-0.037818
-0.037934
-0.038114
-0.038235
-0.038402
-0.038527
-0.038682
-0.038809
-0.038955
-0.039082
-0.039220
-0.039345
-0.039477
-0.039600
-0.039725
-0.039845
-0.039965
-0.040081
-0.040197
-0.040309
-0.040420
-0.040528
-0.040635
-0.040739
-0.040841
-0.040941
-0.041039
-0.041135
-0.041229
-0.041321
-0.041411
-0.041499
-0.041585
-0.041668
-0.041750
-0.041830
-0.041908
-0.041984
-0.042058
-0.042131
-0.042201
-0.042269
-0.042336
-0.042401
-0.042463
-0.042524
-0.042583
-0.042641
-0.042696
-0.042750
-0.042802
-0.042852
-0.042900
-0.042947
-0.042991
-0.043034
-0.043075
-0.043115
-0.043153
-0.043189
-0.043223
-0.043256
-0.043287
-0.043316
-0.043344
-0.043370
-0.043394
-0.043417
-0.043438
-0.043457
-0.043475
-0.043491
-0.043505
-0.043518
-0.043530
-0.043540
-0.043548
-0.043554
-0.043559
-0.043563
-0.043565
-0.043566
-0.043565
-0.043562
-0.043558
-0.043552
-0.043545
-0.043537
-0.043527
-0.043516
-0.043503
-0.043488
-0.043473
-0.043455
-0.043437
-0.043417
-0.043395
-0.043373
-0.043348
-0.043323
-0.043296
-0.043268
-0.043238
-0.043207
-0.043175
-0.043141
-0.043106
-0.043070
-0.043033
-0.042994
-0.042954
-0.042912
-0.042870
-0.042826
-0.042781
-0.042735
-0.042687
-0.042638
-0.042588
-0.042537
-0.042485
-0.042431
-0.042377
-0.042321
-0.042264
-0.042206
-0.042146
-0.042086
-0.042024
-0.041962
-0.041898
-0.041833
-0.041768
-0.041701
-0.041633
-0.041564
-0.041494
-0.041423
-0.041351
-0.041278
-0.041204
-0.041129
-0.041053
-0.040976
-0.040898
-0.040819
-0.040739
-0.040659
-0.040577
-0.040494
-0.040411
-0.040327
-0.040242
-0.040156
-0.040069
-0.039981
-0.039893
-0.039804
-0.039714
-0.039623
-0.039531
-0.039439
-0.039346
-0.039252
-0.039157
-0.039062
-0.038966
-0.038869
-0.038772
-0.038674
-0.038575
-0.038475
-0.038375
-0.038275
-0.038173
-0.038071
-0.037969
-0.037866
-0.037762
-0.037658
-0.037553
-0.037448
-0.037342
-0.037236
-0.037129
-0.037022
-0.036914
-0.036806
-0.036697
-0.036588
-0.036478
-0.036368
-0.036258
-0.036147
-0.036036
-0.035924
-0.035812
-0.035700
-0.035587
-0.035474
-0.035361
-0.035248
-0.035134
-0.035020
-0.034905
-0.034791
-0.034676
-0.034560
-0.034445
-0.034330
-0.034214
-0.034098
-0.033982
-0.033865
-0.033749
-0.033632
-0.033515
-0.033399
-0.033282
-0.033165
-0.033047
-0.032930
-0.032813
-0.032695
-0.032578
-0.032460
-0.032343
-0.032225
-0.032108
-0.031990
-0.031872
-0.031755
-0.031637
-0.031520
-0.031402
-0.031285
-0.031168
-0.031050
-0.030933
-0.030816
-0.030699
-0.030582
-0.030465
-0.030348
-0.030232
-0.030116
-0.029999
-0.029883
-0.029767
-0.029651
-0.029536
-0.029420
-0.029305
-0.029190
-0.029075
-0.028961
-0.028846
-0.028732
-0.028618
-0.028505
-0.028392
-0.028278
-0.028166
-0.028053
-0.027941
-0.027829
-0.027717
-0.027606
-0.027495
-0.027384
-0.027274
-0.027164
-0.027054
-0.026944
-0.026835
-0.026727
-0.026619
-0.026511
-0.026403
-0.026296
-0.026189
-0.026083
-0.025977
-0.025872
-0.025767
-0.025662
-0.025558
-0.025455
-0.025351
-0.025249
-0.025146
-0.025045
-0.024943
-0.024843
-0.024742
-0.024643
-0.024543
-0.024445
-0.024445
-0.024346
-0.024249
-0.024152
-0.024055
-0.023959
-0.023864
-0.023769
-0.023675
-0.023581
-0.023488
-0.023396
-0.023304
-0.023213
-0.023123
-0.023033
-0.022943
-0.022855
-0.022767
-0.022679
-0.022592
-0.022506
-0.022421
-0.022336
-0.022252
-0.022168
-0.022085
-0.022003
-0.021922
-0.021841
-0.021760
-0.021681
-0.021602
-0.021523
-0.021445
-0.021368
-0.021292
-0.021216
-0.021140
-0.021065
-0.020991
-0.020917
-0.020844
-0.020771
-0.020699
-0.020628
-0.020556
-0.020486
-0.020415
-0.020345
-0.020276
-0.020207
-0.020138
-0.020070
-0.020002
-0.019934
-0.019867
-0.019800
-0.019733
-0.019667
-0.019601
-0.019534
-0.019469
-0.019403
-0.019337
-0.019272
-0.019207
-0.019141
-0.019076
-0.019011
-0.018946
-0.018881
-0.018816
-0.018751
-0.018686
-0.018621
-0.018556
-0.018491
-0.018426
-0.018360
-0.018295
-0.018229
-0.018164
-0.018098
-0.018032
-0.017966
-0.017899
-0.017833
-0.017766
-0.017699
-0.017632
-0.017565
-0.017497
-0.017430
-0.017362
-0.017293
-0.017225
-0.017156
-0.017087
-0.017018
-0.016949
-0.016879
-0.016809
-0.016739
-0.016668
-0.016597
-0.016526
-0.016455
-0.016383
-0.016311
-0.016239
-0.016167
-0.016094
-0.016021
-0.015948
-0.015874
-0.015800
-0.015726
-0.015652
-0.015577
-0.015502
-0.015427
-0.015352
-0.015276
-0.015200
-0.015124
-0.015047
-0.014970
-0.014893
-0.014816
-0.014738
-0.014660
-0.014582
-0.014504
-0.014425
-0.014346
-0.014267
-0.014188
-0.014109
-0.014029
-0.013949
-0.013868
-0.013788
-0.013707
-0.013626
-0.013545
-0.013464
-0.013382
-0.013300
-0.013218
-0.013136
-0.013054
-0.012971
-0.012888
-0.012805
-0.012722
-0.012638
-0.012555
-0.012471
-0.012387
-0.012303
-0.012218
-0.012134
-0.012049
-0.011964
-0.011879
-0.011794
-0.011709
-0.011623
-0.011537
-0.011451
-0.011365
-0.011279
-0.011193
-0.011106
-0.011019
-0.010933
-0.010846
-0.010759
-0.010671
-0.010584
-0.010496
-0.010409
-0.010321
-0.010233
-0.010145
-0.010057
-0.009969
-0.009880
-0.009792
-0.009703
-0.009614
-0.009525
-0.009436
-0.009347
-0.009258
-0.009169
-0.009079
-0.008990
-0.008900
-0.008810
-0.008720
-0.008631
-0.008541
-0.008450
-0.008360
-0.008270
-0.008180
-0.008089
-0.007999
-0.007908
-0.007817
-0.007727
-0.007636
-0.007545
-0.007454
-0.007363
-0.007272
-0.007181
-0.007089
-0.006998
-0.006907
-0.006815
-0.006724
-0.006632
-0.006541
-0.006449
-0.006357
-0.006266
-0.006174
-0.006082
-0.005990
-0.005898
-0.005806
-0.005714
-0.005622
-0.005530
-0.005438
-0.005346
-0.005254
-0.005161
-0.005069
-0.004977
-0.004885
-0.004792
-0.004700
-0.004607
-0.004515
-0.004423
-0.004330
-0.004238
-0.004145
-0.004053
-0.003960
-0.003868
-0.003775
-0.003683
-0.003590
-0.003498
-0.003405
-0.003313
-0.003220
-0.003128
-0.003035
-0.002942
-0.002850
-0.002757
-0.002665
-0.002572
-0.002480
-0.002387
-0.002295
-0.002202
-0.002110
-0.002017
-0.001925
-0.001833
-0.001740
-0.001648
-0.001555
-0.001463
-0.001371
-0.001278
-0.001186
-0.001094
-0.001002
-0.000909
-0.000817
-0.000725
-0.000633
-0.000541
-0.000449
-0.000357
-0.000265
-0.000173
-0.000081
0.000011
0.000102
0.000194
0.000286
0.000378
0.000469
0.000561
0.000652
0.000744
0.000835
0.000927
0.001018
0.001109
0.001201
0.001292
0.001383
0.001474
0.001565
0.001656
0.001747
0.001838
0.001929
0.002019
0.002110
0.002201
0.002291
0.002382
0.002472
0.002563
0.002653
0.002743
0.002833
0.002923
0.003013
0.003103
0.003193
0.003283
0.003373
0.003462
0.003552
0.003641
0.003731
0.003820
0.003909
0.003998
0.004088
0.004177
0.004266
0.004354
0.004443
0.004532
0.004620
0.004709
0.004797
0.004886
0.004974
0.005062
0.005150
0.005238
0.005326
0.005414
0.005502
0.005589
0.005677
0.005764
0.005852
0.005939
0.006026
0.006113
0.006200
0.006287
0.006374
0.006460
0.006547
0.006633
0.006720
0.006806
0.006892
0.006978
0.007064
0.007150
0.007236
0.007321
0.007407
0.007492
0.007578
0.007663
0.007748
0.007833
0.007918
0.008003
0.008087
0.008172
0.008256
0.008341
0.008425
0.008509
0.008593
0.008677
0.008761
0.008844
0.008928
0.009011
0.009095
0.009178
0.009261
0.009344
0.009427
0.009510
0.009592
0.009675
0.009757
0.009839
0.009921
0.010003
0.010085
0.010167
0.010249
0.010330
0.010412
0.010493
0.010574
0.010655
0.010736
0.010817
0.010897
0.010978
0.011058
0.011139
0.011219
0.011299
0.011379
0.011458
0.011538
0.011618
0.011697
0.011776
0.011855
0.011934
0.012013
0.012092
0.012170
0.012249
0.012327
0.012405
0.012484
0.012561
0.012639
0.012717
0.012794
0.012872
0.012949
0.013026
0.013103
0.013180
0.013257
0.013333
0.013410
0.013486
0.013562
0.013639
0.013714
0.013790
0.013866
0.013941
0.014017
0.014092
0.014167
0.014242
0.014317
0.014392
0.014466
0.014540
0.014615
0.014689
0.014763
0.014837
0.014910
0.014984
0.015057
0.015131
0.015204
0.015277
0.015350
0.015422
0.015495
0.015567
0.015640
0.015712
0.015784
0.015856
0.015927
0.015999
0.016070
0.016142
0.016213
0.016284
0.016355
0.016426
0.016496
0.016567
0.016637
0.016707
0.016777
0.016777
0.016847
0.016917
0.016986
0.017056
0.017125
0.017194
0.017263
0.017332
0.017401
0.017469
0.017538
0.017606
0.017674
0.017742
0.017810
0.017877
0.017945
0.018012
0.018080
0.018147
0.018214
0.018280
0.018347
0.018414
0.018480
0.018546
0.018612
0.018678
0.018744
0.018810
0.018875
0.018941
0.019006
0.019071
0.019136
0.019200
0.019265
0.019330
0.019394
0.019458
0.019522
0.019586
0.019650
0.019713
0.019777
0.019840
0.019903
0.019966
0.020029
0.020092
0.020154
0.020217
0.020279
0.020341
0.020403
0.020465
0.020526
0.020588
0.020649
0.020711
0.020772
0.020833
0.020893
0.020954
0.021015
0.021075
0.021135
0.021195
0.021255
0.021315
0.021374
0.021434
0.021493
0.021552
0.021611
0.021670
0.021729
0.021788
0.021846
0.021904
0.021963
0.022021
0.022078
0.022136
0.022194
0.022251
0.022308
0.022365
0.022422
0.022479
0.022536
0.022592
0.022649
0.022705
0.022761
0.022817
0.022873
0.022929
0.022984
0.023040
0.023095
0.023150
0.023205
0.023260
0.023314
0.023369
0.023423
0.023477
0.023531
0.023585
0.023639
0.023693
0.023746
0.023800
0.023853
0.023906
0.023959
0.024012
0.024064
0.024117
0.024169
0.024221
0.024273
0.024325
0.024377
0.024428
0.024480
0.024531
0.024582
0.024634
0.024684
0.024735
0.024786
0.024836
0.024887
0.024937
0.024987
0.025037
0.025087
0.025136
0.025186
0.025235
0.025284
0.025333
0.025382
0.025431
0.025480
0.025528
0.025577
0.025625
0.025673
0.025721
0.025769
0.025816
0.025864
0.025911
0.025958
0.026005
0.026052
0.026099
0.026146
0.026192
0.026239
0.026285
0.026331
0.026377
0.026423
0.026469
0.026514
0.026560
0.026605
0.026650
0.026695
0.026740
0.026785
0.026830
0.026874
0.026918
0.026963
0.027007
0.027051
0.027094
0.027138
0.027182
0.027225
0.027268
0.027311
0.027354
0.027397
0.027440
0.027483
0.027525
0.027567
0.027610
0.027652
0.027694
0.027735
0.027777
0.027818
0.027860
0.027901
0.027942
0.027983
0.028024
0.028065
0.028105
0.028146
0.028186
0.028226
0.028266
0.028306
0.028346
0.028386
0.028425
0.028465
0.028504
0.028543
0.028582
0.028621
0.028660
0.028698
0.028737
0.028775
0.028814
0.028852
0.028890
0.028928
0.028965
0.029003
0.029040
0.029078
0.029115
0.029152
0.029189
0.029226
0.029262
0.029299
0.029336
0.029372
0.029408
0.029444
0.029480
0.029516
0.029552
0.029587
0.029623
0.029658
0.029693
0.029728
0.029763
0.029798
0.029833
0.029867
0.029902
0.029936
0.029970
0.030004
0.030038
0.030072
0.030106
0.030139
0.030173
0.030206
0.030240
0.030273
0.030306
0.030338
0.030371
0.030404
0.030436
0.030469
0.030501
0.030533
0.030565
0.030597
0.030629
0.030660
0.030692
0.030723
0.030755
0.030786
0.030817
0.030848
0.030879
0.030910
0.030940
0.030971
0.031001
0.031031
0.031061
0.031091
0.031121
0.031151
0.031181
0.031210
0.031240
0.031269
0.031298
0.031327
0.031356
0.031385
0.031414
0.031442
0.031471
0.031499
0.031528
0.031556
0.031584
0.031612
0.031640
0.031667
0.031695
0.031722
0.031750
0.031777
0.031804
0.031831
0.031858
0.031885
0.031912
0.031938
0.031965
0.031991
0.032017
0.032043
0.032069
0.032095
0.032121
0.032147
0.032172
0.032198
0.032223
0.032249
0.032274
0.032299
0.032324
0.032349
0.032373
0.032398
0.032422
0.032447
0.032471
0.032495
0.032519
0.032543
0.032567
0.032591
0.032615
0.032638
0.032662
0.032685
0.032708
0.032731
0.032754
0.032777
0.032800
0.032823
0.032845
0.032868
0.032890
0.032912
0.032934
0.032957
0.032978
0.033000
0.033022
0.033044
0.033065
0.033087
0.033108
0.033129
0.033150
0.033171
0.033192
0.033213
0.033234
0.033255
0.033275
0.033295
0.033316
0.033336
0.033356
0.033376
0.033396
0.033416
0.033436
0.033455
0.033475
0.033494
0.033513
0.033533
0.033552
0.033571
0.033590
0.033608
0.033627
0.033646
0.033664
0.033683
0.033701
0.033719
0.033737
0.033755
0.033773
0.033791
0.033809
0.033826
0.033844
0.033861
0.033879
0.033896
0.033913
0.033930
0.033947
0.033964
0.033981
0.033997
0.034014
0.034030
0.034047
0.034063
0.034079
0.034095
0.034111
0.034127
0.034143
0.034159
0.034174
0.034190
0.034205
0.034220
0.034236
0.034251
0.034266
0.034281
0.034296
0.034310
0.034325
0.034340
0.034354
0.034368
0.034383
0.034397
0.034411
0.034425
0.034439
0.034453
0.034466
0.034480
0.034494
0.034507
0.034520
0.034534
0.034547
0.034560
0.034573
0.034586
0.034599
0.034611
0.034624
0.034636
0.034649
0.034661
0.034673
0.034686
0.034698
0.034710
0.034722
0.034733
0.034745
0.034757
0.034768
0.034780
0.034791
0.034802
0.034813
0.034824
0.034835
0.034846
0.034857
0.034868
0.034879
0.034889
0.034899
0.034910
0.034920
0.034930
0.034940
0.034950
0.034960
0.034970
0.034980
0.034989
0.034999
0.035008
0.035018
0.035027
0.035036
0.035045
0.035045
0.035054
0.035063
0.035072
0.035081
0.035090
0.035098
0.035107
0.035115
0.035123
0.035132
0.035140
0.035148
0.035156
0.035164
0.035171
0.035179
0.035187
0.035194
0.035202
0.035209
0.035216
0.035223
0.035231
0.035238
0.035244
0.035251
0.035258
0.035265
0.035271
0.035278
0.035284
0.035290
0.035297
0.035303
0.035309
0.035315
0.035320
0.035326
0.035332
0.035338
0.035343
0.035348
0.035354
0.035359
0.035364
0.035369
0.035374
0.035379
0.035384
0.035389
0.035393
0.035398
0.035402
0.035407
0.035411
0.035415
0.035419
0.035423
0.035427
0.035431
0.035435
0.035438
0.035442
0.035446
0.035449
0.035452
0.035456
0.035459
0.035462
0.035465
0.035468
0.035470
0.035473
0.035476
0.035478
0.035481
0.035483
0.035485
0.035488
0.035490
0.035492
0.035494
0.035495
0.035497
0.035499
0.035500
0.035502
0.035503
0.035505
0.035506
0.035507
0.035508
0.035509
0.035510
0.035511
0.035511
0.035512
0.035512
0.035513
0.035513
0.035513
0.035514
0.035514
0.035514
0.035513
0.035513
0.035513
0.035513
0.035512
0.035512
0.035511
0.035510
0.035509
0.035508
0.035507
0.035506
0.035505
0.035504
0.035503
0.035501
0.035500
0.035498
0.035496
0.035494
0.035493
0.035491
0.035488
0.035486
0.035484
0.035482
0.035479
0.035477
0.035474
0.035471
0.035469
0.035466
0.035463
0.035460
0.035456
0.035453
0.035450
0.035446
0.035443
0.035439
0.035435
0.035432
0.035428
0.035424
0.035420
0.035416
0.035411
0.035407
0.035402
0.035398
0.035393
0.035388
0.035384
0.035379
0.035374
0.035369
0.035363
0.035358
0.035353
0.035347
0.035342
0.035336
0.035330
0.035324
0.035318
0.035312
0.035306
0.035300
0.035294
0.035287
0.035281
0.035274
0.035267
0.035261
0.035254
0.035247
0.035240
0.035232
0.035225
0.035218
0.035210
0.035203
0.035195
0.035187
0.035179
0.035172
0.035163
0.035155
0.035147
0.035139
0.035130
0.035122
0.035113
0.035104
0.035096
0.035087
0.035078
0.035069
0.035059
0.035050
0.035041
0.035031
0.035022
0.035012
0.035002
0.034992
0.034982
0.034972
0.034962
0.034952
0.034942
0.034931
0.034921
0.034910
0.034899
0.034888
0.034877
0.034866
0.034855
0.034844
0.034833
0.034821
0.034810
0.034798
0.034787
0.034775
0.034763
0.034751
0.034739
0.034727
0.034714
0.034702
0.034689
0.034677
0.034664
0.034652
0.034639
0.034626
0.034613
0.034600
0.034586
0.034573
0.034560
0.034546
0.034533
0.034519
0.034505
0.034491
0.034477
0.034463
0.034449
0.034435
0.034421
0.034406
0.034392
0.034377
0.034363
0.034348
0.034333
0.034318
0.034303
0.034288
0.034273
0.034257
0.034242
0.034227
0.034211
0.034195
0.034180
0.034164
0.034148
0.034132
0.034116
0.034100
0.034084
0.034068
0.034051
0.034035
0.034018
0.034002
0.033985
0.033968
0.033951
0.033935
0.033918
0.033901
0.033884
0.033866
0.033849
0.033832
0.033814
0.033797
0.033779
0.033762
0.033744
0.033727
0.033709
0.033691
0.033673
0.033655
0.033637
0.033619
0.033601
0.033583
0.033564
0.033546
0.033528
0.033509
0.033491
0.033472
0.033454
0.033435
0.033416
0.033397
0.033379
0.033360
0.033341
0.033322
0.033303
0.033284
0.033265
0.033246
0.033227
0.033208
0.033188
0.033169
0.033150
0.033130
0.033111
0.033092
0.033072
0.033053
0.033033
0.033014
0.032994
0.032975
0.032955
0.032935
0.032916
0.032896
0.032876
0.032856
0.032837
0.032817
0.032797
0.032777
0.032757
0.032737
0.032717
0.032697
0.032677
0.032657
0.032638
0.032618
0.032597
0.032577
0.032557
0.032537
0.032517
0.032497
0.032477
0.032457
0.032437
0.032417
0.032397
0.032376
0.032356
0.032336
0.032316
0.032296
0.032276
0.032255
0.032235
0.032215
0.032195
0.032175
0.032154
0.032134
0.032114
0.032094
0.032074
0.032053
0.032033
0.032013
0.031993
0.031972
0.031952
0.031932
0.031912
0.031891
0.031871
0.031851
0.031831
0.031811
0.031790
0.031770
0.031750
0.031730
0.031710
0.031689
0.031669
0.031649
0.031629
0.031609
0.031588
0.031568
0.031548
0.031528
0.031508
0.031488
0.031468
0.031447
0.031427
0.031407
0.031387
0.031367
0.031347
0.031327
0.031307
0.031287
0.031267
0.031247
0.031227
0.031207
0.031187
0.031167
0.031147
0.031127
0.031107
0.031087
0.031067
0.031047
0.031027
0.031007
0.030987
0.030967
0.030948
0.030928
0.030908
0.030888
0.030868
0.030848
0.030829
0.030809
0.030789
0.030770
0.030750
0.030730
0.030710
0.030691
0.030671
0.030652
0.030632
0.030612
0.030593
0.030573
0.030554
0.030534
0.030515
0.030495
0.030476
0.030456
0.030437
0.030417
0.030398
0.030379
0.030359
0.030340
0.030321
0.030301
0.030282
0.030263
0.030243
0.030224
0.030205
0.030186
0.030167
0.030147
0.030128
0.030109
0.030090
0.030071
0.030052
0.030033
0.030013
0.029994
0.029975
0.029956
0.029937
0.029918
0.029899
0.029880
0.029861
0.029842
0.029823
0.029823
0.029804
0.029785
0.029766
0.029747
0.029728
0.029709
0.029690
0.029671
0.029652
0.029633
0.029614
0.029595
0.029576
0.029557
0.029537
0.029518
0.029499
0.029480
0.029461
0.029442
0.029422
0.029403
0.029384
0.029364
0.029345
0.029326
0.029306
0.029286
0.029267
0.029247
0.029227
0.029208
0.029188
0.029168
0.029148
0.029128
0.029107
0.029087
0.029067
0.029046
0.029026
0.029005
0.028984
0.028963
0.028942
0.028921
0.028899
0.028878
0.028856
0.028834
0.028812
0.028789
0.028766
0.028743
0.028720
0.028697
0.028673
0.028649
0.028624
0.028600
0.028574
0.028549
0.028523
0.028496
0.028469
0.028441
0.028412
0.028383
0.028353
0.028322
0.028290
0.028256
0.028222
0.028186
0.028148
0.028109
0.028068
0.028024
0.027977
0.027927
0.027873
0.027815
0.027752
0.027683
0.027608
0.027524
0.027432
0.027331
0.027221
0.027104
0.026983
0.026860
0.026741
0.026629
0.026528
0.026438
0.026361
0.026294
0.026237
0.026189
0.026149
0.026116
0.026089
0.026067
0.026049
0.026036
0.026026
0.026019
0.026016
0.026015
0.026016
0.026020
0.026026
0.026033
0.026042
0.026053
0.026066
0.026079
0.026093
0.026107
0.026122
0.026137
0.026150
0.026163
0.026173
0.026182
0.026189
0.026194
0.026195
0.026194
0.026191
0.026185
0.026177
0.026166
0.026153
0.026138
0.026121
0.026103
0.026083
0.026062
0.026039
0.026016
0.025991
0.025966
0.025940
0.025914
0.025887
0.025859
0.025831
0.025803
0.025775
0.025746
0.025718
0.025689
0.025660
0.025632
0.025604
0.025575
0.025547
0.025520
0.025492
0.025465
0.025438
0.025412
0.025385
0.025359
0.025334
0.025309
0.025284
0.025260
0.025236
0.025213
0.025190
0.025167
0.025145
0.025123
0.025102
0.025081
0.025060
0.025040
0.025020
0.025001
0.024982
0.024963
0.024945
0.024927
0.024910
0.024892
0.024875
0.024859
0.024843
0.024827
0.024811
0.024796
0.024780
0.024766
0.024751
0.024737
0.024723
0.024709
0.024696
0.024682
0.024669
0.024656
0.024644
0.024632
0.024619
0.024607
0.024596
0.024584
0.024573
0.024562
0.024551
0.024540
0.024529
0.024519
0.024509
0.024499
0.024489
0.024479
0.024469
0.024460
0.024451
0.024442
0.024433
0.024424
0.024415
0.024407
0.024399
0.024390
0.024382
0.024374
0.024367
0.024359
0.024352
0.024345
0.024337
0.024330
0.024324
0.024317
0.024310
0.024304
0.024298
0.024292
0.024286
0.024280
0.024274
0.024268
0.024263
0.024258
0.024253
0.024248
0.024243
0.024238
0.024234
0.024229
0.024225
0.024221
0.024217
0.024213
0.024209
0.024206
0.024203
0.024199
0.024196
0.024193
0.024190
0.024188
0.024185
0.024183
0.024180
0.024178
0.024176
0.024175
0.024173
0.024171
0.024170
0.024169
0.024167
0.024167
0.024166
0.024165
0.024164
0.024164
0.024164
0.024163
0.024163
0.024163
0.024164
0.024164
0.024165
0.024165
0.024166
0.024167
0.024168
0.024169
0.024170
0.024172
0.024173
0.024175
0.024177
0.024179
0.024181
0.024183
0.024185
0.024188
0.024190
0.024193
0.024196
0.024199
0.024202
0.024205
0.024208
0.024212
0.024215
0.024219
0.024223
0.024226
0.024230
0.024235
0.024239
0.024243
0.024248
0.024252
0.024257
0.024261
0.024266
0.024271
0.024276
0.024282
0.024287
0.024292
0.024298
0.024304
0.024309
0.024315
0.024321
0.024327
0.024333
0.024340
0.024346
0.024352
0.024359
0.024365
0.024372
0.024379
0.024386
0.024393
0.024400
0.024407
0.024415
0.024422
0.024430
0.024437
0.024445
0.024453
0.024460
0.024468
0.024476
0.024485
0.024493
0.024501
0.024509
0.024518
0.024527
0.024535
0.024544
0.024553
0.024562
0.024571
0.024580
0.024589
0.024598
0.024607
0.024617
0.024626
0.024636
0.024645
0.024655
0.024665
0.024674
0.024684
0.024694
0.024704
0.024715
0.024725
0.024735
0.024745
0.024756
0.024766
0.024777
0.024787
0.024798
0.024809
0.024820
0.024831
0.024842
0.024853
0.024864
0.024875
0.024886
0.024897
0.024909
0.024920
0.024931
0.024943
0.024955
0.024966
0.024978
0.024990
0.025001
0.025013
0.025025
0.025037
0.025049
0.025061
0.025073
0.025086
0.025098
0.025110
0.025123
0.025135
0.025147
0.025160
0.025172
0.025185
0.025198
0.025210
0.025223
0.025236
0.025249
0.025262
0.025275
0.025288
0.025301
0.025314
0.025327
0.025340
0.025353
0.025366
0.025379
0.025393
0.025406
0.025419
0.025433
0.025446
0.025460
0.025473
0.025487
0.025500
0.025514
0.025528
0.025541
0.025555
0.025569
0.025583
0.025597
0.025610
0.025624
0.025638
0.025652
0.025666
0.025680
0.025694
0.025708
0.025722
0.025736
0.025750
0.025765
0.025779
0.025793
0.025807
0.025821
0.025836
0.025850
0.025864
0.025879
0.025893
0.025907
0.025922
0.025936
0.025951
0.025965
0.025980
0.025994
0.026009
0.026023
0.026038
0.026052
0.026067
0.026081
0.026096
0.026111
0.026125
0.026140
0.026154
0.026169
0.026184
0.026198
0.026198
0.026213
0.026228
0.026243
0.026257
0.026272
0.026287
0.026301
0.026316
0.026331
0.026346
0.026361
0.026375
0.026390
0.026405
0.026420
0.026434
0.026449
0.026464
0.026479
0.026494
0.026508
0.026523
0.026538
0.026553
0.026568
0.026583
0.026597
0.026612
0.026627
0.026642
0.026657
0.026671
0.026686
0.026701
0.026716
0.026731
0.026745
0.026760
0.026775
0.026790
0.026805
0.026819
0.026834
0.026849
0.026864
0.026878
0.026893
0.026908
0.026923
0.026937
0.026952
0.026967
0.026982
0.026996
0.027011
0.027026
0.027040
0.027055
0.027070
0.027084
0.027099
0.027114
0.027128
0.027143
0.027157
0.027172
0.027186
0.027201
0.027216
0.027230
0.027245
0.027259
0.027274
0.027288
0.027302
0.027317
0.027331
0.027346
0.027360
0.027375
0.027389
0.027403
0.027418
0.027432
0.027446
0.027461
0.027475
0.027489
0.027503
0.027517
0.027532
0.027546
0.027560
0.027574
0.027588
0.027602
0.027617
0.027631
0.027645
0.027659
0.027673
0.027687
0.027701
0.027715
0.027729
0.027742
0.027756
0.027770
0.027784
0.027798
0.027812
0.027826
0.027839
0.027853
0.027867
0.027880
0.027894
0.027908
0.027921
0.027935
0.027949
0.027962
0.027976
0.027989
0.028003
0.028016
0.028030
0.028043
0.028057
0.028070
0.028083
0.028097
0.028110
0.028123
0.028137
0.028150
0.028163
0.028176
0.028189
0.028202
0.028216
0.028229
0.028242
0.028255
0.028268
0.028281
0.028294
0.028307
0.028320
0.028332
0.028345
0.028358
0.028371
0.028384
0.028397
0.028409
0.028422
0.028435
0.028447
0.028460
0.028472
0.028485
0.028498
0.028510
0.028523
0.028535
0.028547
0.028560
0.028572
0.028585
0.028597
0.028609
0.028621
0.028634
0.028646
0.028658
0.028670
0.028682
0.028694
0.028706
0.028718
0.028730
0.028742
0.028754
0.028766
0.028778
0.028790
0.028802
0.028814
0.028825
0.028837
0.028849
0.028861
0.028872
0.028884
0.028895
0.028907
0.028919
0.028930
0.028942
0.028953
0.028964
0.028976
0.028987
0.028998
0.029010
0.029021
0.029032
0.029043
0.029055
0.029066
0.029077
0.029088
0.029099
0.029110
0.029121
0.029132
0.029143
0.029154
0.029165
0.029176
0.029186
0.029197
0.029208
0.029219
0.029229
0.029240
0.029251
0.029261
0.029272
0.029282
0.029293
0.029303
0.029314
0.029324
0.029334
0.029345
0.029355
0.029365
0.029376
0.029386
0.029396
0.029406
0.029416
0.029426
0.029436
0.029446
0.029456
0.029466
0.029476
0.029486
0.029496
0.029506
0.029516
0.029525
0.029535
0.029545
0.029555
0.029564
0.029574
0.029583
0.029593
0.029603
0.029612
0.029621
0.029631
0.029640
0.029650
0.029659
0.029668
0.029677
0.029687
0.029696
0.029705
0.029714
0.029723
0.029732
0.029741
0.029750
0.029759
0.029768
0.029777
0.029786
0.029795
0.029804
0.029812
0.029821
0.029830
0.029839
0.029847
0.029856
0.029864
0.029873
0.029881
0.029890
0.029898
0.029907
0.029915
0.029923
0.029932
0.029940
0.029948
0.029957
0.029965
0.029973
0.029981
0.029989
0.029997
0.030005
0.030013
0.030021
0.030029
0.030037
0.030045
0.030053
0.030060
0.030068
0.030076
0.030083
0.030091
0.030099
0.030106
0.030114
0.030121
0.030129
0.030136
0.030144
0.030151
0.030158
0.030166
0.030173
0.030180
0.030188
0.030195
0.030202
0.030209
0.030216
0.030223
0.030230
0.030237
0.030244
0.030251
0.030258
0.030265
0.030272
0.030278
0.030285
0.030292
0.030299
0.030305
0.030312
0.030318
0.030325
0.030332
0.030338
0.030345
0.030351
0.030357
0.030364
0.030370
0.030376
0.030383
0.030389
0.030395
0.030401
0.030407
0.030413
0.030420
0.030426
0.030432
0.030438
0.030443
0.030449
0.030455
0.030461
0.030467
0.030473
0.030478
0.030484
0.030490
0.030495
0.030501
0.030507
0.030512
0.030518
0.030523
0.030529
0.030534
0.030539
0.030545
0.030550
0.030555
0.030561
0.030566
0.030571
0.030576
0.030581
0.030586
0.030591
0.030596
0.030601
0.030606
0.030611
0.030616
0.030621
0.030626
0.030631
0.030636
0.030640
0.030645
0.030650
0.030654
0.030659
0.030664
0.030668
0.030673
0.030677
0.030682
0.030686
0.030690
0.030695
0.030699
0.030703
0.030708
0.030712
0.030716
0.030720
0.030725
0.030729
0.030733
0.030737
0.030741
0.030745
0.030749
0.030753
0.030757
0.030761
0.030764
0.030768
0.030772
0.030776
0.030780
0.030783
0.030787
0.030791
0.030794
0.030798
0.030801
0.030805
0.030808
0.030812
0.030815
0.030819
0.030822
0.030825
0.030829
0.030832
0.030835
0.030839
0.030842
0.030845
0.030848
0.030851
0.030854
0.030857
0.030861
0.030864
0.030867
0.030869
0.030872
0.030875
0.030878
0.030881
0.030884
0.030887
0.030890
0.030892
0.030895
0.030898
0.030900
0.030903
0.030906
0.030908
0.030911
0.030913
0.030916
0.030918
0.030921
0.030923
0.030926
0.030928
0.030931
0.030933
0.030935
0.030937
0.030940
0.030942
0.030944
0.030946
0.030946
0.030949
0.030951
0.030953
0.030955
0.030957
0.030959
0.030961
0.030963
0.030965
0.030967
0.030969
0.030971
0.030973
0.030975
0.030977
0.030979
0.030980
0.030982
0.030984
0.030986
0.030988
0.030989
0.030991
0.030993
0.030994
0.030996
0.030998
0.030999
0.031001
0.031002
0.031004
0.031005
0.031007
0.031008
0.031010
0.031011
0.031013
0.031014
0.031016
0.031017
0.031018
0.031020
0.031021
0.031022
0.031024
0.031025
0.031026
0.031027
0.031029
0.031030
0.031031
0.031032
0.031033
0.031035
0.031036
0.031037
0.031038
0.031039
0.031040
0.031041
0.031042
0.031043
0.031044
0.031045
0.031046
0.031047
0.031048
0.031049
0.031050
0.031051
0.031052
0.031053
0.031054
0.031055
0.031056
0.031057
0.031058
0.031058
0.031059
0.031060
0.031061
0.031062
0.031063
0.031063
0.031064
0.031065
0.031066
0.031067
0.031067
0.031068
0.031069
0.031070
0.031070
0.031071
0.031072
0.031073
0.031073
0.031074
0.031075
0.031075
0.031076
0.031077
0.031077
0.031078
0.031079
0.031080
0.031080
0.031081
0.031082
0.031082
0.031083
0.031084
0.031084
0.031085
0.031086
0.031086
0.031087
0.031088
0.031088
0.031089
0.031090
0.031090
0.031091
0.031092
0.031092
0.031093
0.031094
0.031094
0.031095
0.031096
0.031096
0.031097
0.031098
0.031099
0.031099
0.031100
0.031101
0.031101
0.031102
0.031103
0.031104
0.031104
0.031105
0.031106
0.031107
0.031107
0.031108
0.031109
0.031110
0.031111
0.031111
0.031112
0.031113
0.031114
0.031115
0.031116
0.031117
0.031117
0.031118
0.031119
0.031120
0.031121
0.031122
0.031123
0.031124
0.031125
0.031126
0.031127
0.031128
0.031129
0.031130
0.031131
0.031132
0.031133
0.031134
0.031135
0.031136
0.031138
0.031139
0.031140
0.031141
0.031142
0.031143
0.031145
0.031146
0.031147
0.031148
0.031149
0.031151
0.031152
0.031153
0.031155
0.031156
0.031157
0.031159
0.031160
0.031161
0.031163
0.031164
0.031166
0.031167
0.031169
0.031170
0.031171
0.031173
0.031174
0.031176
0.031177
0.031179
0.031181
0.031182
0.031184
0.031185
0.031187
0.031188
0.031190
0.031192
0.031193
0.031195
0.031197
0.031198
0.031200
0.031201
0.031203
0.031205
0.031206
0.031208
0.031210
0.031212
0.031213
0.031215
0.031217
0.031218
0.031220
0.031222
0.031223
0.031225
0.031227
0.031228
0.031230
0.031232
0.031233
0.031235
0.031237
0.031238
0.031240
0.031242
0.031243
0.031245
0.031246
0.031248
0.031249
0.031251
0.031252
0.031254
0.031255
0.031257
0.031258
0.031260
0.031261
0.031263
0.031264
0.031265
0.031266
0.031268
0.031269
0.031270
0.031271
0.031272
0.031274
0.031275
0.031276
0.031277
0.031278
0.031279
0.031279
0.031280
0.031281
0.031282
0.031283
0.031283
0.031284
0.031284
0.031285
0.031285
0.031286
0.031286
0.031287
0.031287
0.031287
0.031287
0.031287
0.031288
0.031288
0.031288
0.031287
0.031287
0.031287
0.031287
0.031286
0.031286
0.031286
0.031285
0.031285
0.031284
0.031283
0.031282
0.031282
0.031281
0.031280
0.031279
0.031278
0.031276
0.031275
0.031274
0.031273
0.031271
0.031270
0.031268
0.031266
0.031265
0.031263
0.031261
0.031259
0.031257
0.031255
0.031253
0.031251
0.031249
0.031246
0.031244
0.031242
0.031239
0.031237
0.031234
0.031231
0.031228
0.031226
0.031223
0.031220
0.031217
0.031214
0.031210
0.031207
0.031204
0.031201
0.031197
0.031194
0.031190
0.031186
0.031183
0.031179
0.031175
0.031171
0.031168
0.031164
0.031160
0.031156
0.031151
0.031147
0.031143
0.031139
0.031134
0.031130
0.031126
0.031121
0.031116
0.031112
0.031107
0.031103
0.031098
0.031093
0.031088
0.031083
0.031078
0.031073
0.031068
0.031063
0.031058
0.031053
0.031048
0.031043
0.031038
0.031032
0.031027
0.031022
0.031016
0.031011
0.031005
0.031000
0.030994
0.030989
0.030983
0.030978
0.030972
0.030966
0.030961
0.030955
0.030949
0.030943
0.030938
0.030932
0.030926
0.030920
0.030914
0.030908
0.030902
0.030896
0.030890
0.030884
0.030879
0.030873
0.030867
0.030860
0.030854
0.030848
0.030842
0.030836
0.030830
0.030824
0.030818
0.030812
0.030806
0.030800
0.030794
0.030787
0.030781
0.030775
0.030769
0.030763
0.030757
0.030751
0.030745
0.030738
0.030732
0.030726
0.030720
0.030714
0.030708
0.030702
0.030696
0.030689
0.030683
0.030677
0.030671
0.030665
0.030659
0.030653
0.030647
0.030641
0.030635
0.030629
0.030623
0.030617
0.030611
0.030605
0.030599
0.030593
0.030588
0.030582
0.030576
0.030570
0.030564
0.030559
0.030553
0.030547
0.030541
0.030536
0.030530
0.030524
0.030519
0.030513
0.030508
0.030502
0.030497
0.030491
0.030486
0.030480
0.030475
0.030470
0.030464
0.030459
0.030454
0.030449
0.030443
0.030438
0.030433
0.030428
0.030423
0.030418
0.030413
0.030408
0.030403
0.030398
0.030394
0.030389
0.030384
0.030379
0.030375
0.030375
0.030370
0.030366
0.030361
0.030356
0.030352
0.030348
0.030343
0.030339
0.030335
0.030330
0.030326
0.030322
0.030318
0.030314
0.030310
0.030306
0.030302
0.030298
0.030294
0.030291
0.030287
0.030283
0.030280
0.030276
0.030273
0.030269
0.030266
0.030262
0.030259
0.030256
0.030253
0.030249
0.030246
0.030243
0.030240
0.030237
0.030234
0.030231
0.030229
0.030226
0.030223
0.030221
0.030218
0.030215
0.030213
0.030211
0.030208
0.030206
0.030204
0.030201
0.030199
0.030197
0.030195
0.030193
0.030191
0.030189
0.030187
0.030186
0.030184
0.030182
0.030181
0.030179
0.030178
0.030176
0.030175
0.030173
0.030173
0.030170
0.030171
0.030166
0.030172
0.030158
0.030180
0.030139
0.030206
0.030086
0.030287
0.029917
0.030497
0.029426
0.030844
0.029095
0.030516
0.029006
0.030506
0.028885
0.030021
0.028734
0.030095
0.028554
0.029773
0.028483
0.029799
0.028357
0.029573
0.028251
0.029524
0.028119
0.029337
0.027999
0.029239
0.027872
0.029089
0.027756
0.028984
0.027641
0.028857
0.027536
0.028753
0.027433
0.028644
0.027336
0.028545
0.027242
0.028447
0.027151
0.028355
0.027064
0.028266
0.026981
0.028180
0.026899
0.028097
0.026818
0.028015
0.026737
0.027933
0.026655
0.027851
0.026572
0.027768
0.026488
0.027684
0.026401
0.027599
0.026313
0.027512
0.026223
0.027424
0.026132
0.027335
0.026038
0.027245
0.025944
0.027154
0.025848
0.027062
0.025750
0.026969
0.025652
0.026875
0.025552
0.026780
0.025451
0.026685
0.025350
0.026588
0.025247
0.026491
0.025144
0.026393
0.025039
0.026294
0.024934
0.026195
0.024828
0.026094
0.024722
0.025993
0.024614
0.025891
0.024506
0.025789
0.024397
0.025685
0.024288
0.025581
0.024177
0.025476
0.024066
0.025371
0.023955
0.025265
0.023843
0.025158
0.023730
0.025051
0.023617
0.024943
0.023503
0.024835
0.023389
0.024726
0.023274
0.024617
0.023159
0.024507
0.023043
0.024397
0.022928
0.024287
0.022811
0.024176
0.022695
0.024065
0.022578
0.023954
0.022461
0.023843
0.022344
0.023731
0.022227
0.023620
0.022110
0.023508
0.021992
0.023396
0.021875
0.023284
0.021757
0.023171
0.021639
0.023059
0.021521
0.022947
0.021404
0.022835
0.021286
0.022722
0.021168
0.022610
0.021050
0.022497
0.020933
0.022385
0.020815
0.022272
0.020697
0.022160
0.020580
0.022047
0.020462
0.021935
0.020344
0.021823
0.020227
0.021710
0.020109
0.021598
0.019992
0.021485
0.019875
0.021373
0.019757
0.021260
0.019640
0.021148
0.019523
0.021036
0.019406
0.020923
0.019288
0.020811
0.019171
0.020698
0.019054
0.020586
0.018937
0.020473
0.018820
0.020361
0.018702
0.020248
0.018585
0.020135
0.018468
0.020023
0.018351
0.019910
0.018233
0.019797
0.018116
0.019684
0.017998
0.019571
0.017881
0.019458
0.017763
0.019345
0.017646
0.019232
0.017528
0.019118
0.017410
0.019005
0.017292
0.018891
0.017174
0.018778
0.017056
0.018664
0.016937
0.018550
0.016819
0.018436
0.016700
0.018322
0.016582
0.018208
0.016463
0.018093
0.016344
0.017979
0.016225
0.017863
0.016105
0.017750
0.015987
0.017633
0.015866
0.017521
0.015749
0.017400
0.015624
0.017295
0.015513
0.017159
0.015377
0.017081
0.015289
0.016894
0.015116
0.016907
0.015117
0.016537
0.014875
0.016831
0.015110
0.015938
0.015286
0.016482
0.014505
0.016715
0.015167
0.015154
0.016382
0.014697
0.016588
0.014800
0.015406
0.015492
0.015861
0.015168
0.016137
0.014015
0.017011
0.015424
0.013835
0.017224
0.015440
0.013895
0.016136
0.014808
0.014833
0.015482
0.014801
0.015906
0.014308
0.016417
0.014753
0.015608
0.015072
0.016116
0.013991
0.016411
0.014858
0.014018
0.016454
0.014927
0.014506
0.015677
0.014001
0.016043
0.014273
0.015288
0.014567
0.015990
0.013774
0.016100
0.014487
0.014481
0.015740
0.013892
0.015999
0.014265
0.014238
0.015574
0.013792
0.016023
0.014340
0.013995
0.015747
0.013753
0.015730
0.013772
0.014958
0.013659
0.015717
0.013749
0.014691
0.013753
0.015466
0.013113
0.015298
0.013380
0.014658
0.013222
0.015370
0.013469
0.013762
0.014336
0.013645
0.014873
0.012224
0.015645
0.013795
0.011975
0.015922
0.013849
0.012179
0.014500
0.013150
0.013203
0.013809
0.013178
0.014329
0.012585
0.015000
0.013402
0.013442
0.014606
0.012704
0.014981
0.013221
0.012548
0.014789
0.012935
0.013940
0.012531
0.014596
0.012536
0.013929
0.012304
0.014874
0.013223
0.012291
0.014689
0.012983
0.013182
0.013605
0.012964
0.014102
0.011648
0.015154
0.013294
0.011387
0.015479
0.013360
0.011621
0.014024
0.012637
0.012607
0.013325
0.012511
0.013886
0.011902
0.014470
0.012897
0.012693
0.014228
0.011964
0.014334
0.012557
0.012006
0.014070
0.012003
0.013675
0.011413
0.013938
0.012223
0.012471
0.013344
0.011971
0.013926
0.011614
0.013237
0.011129
0.014384
0.012588
0.012588
0.010577
0.014349
0.012468
0.010815
0.013461
0.012072
0.011648
0.012932
0.011380
0.013348
0.011316
0.013174
0.011093
0.013631
0.011867
0.011741
0.012903
0.010876
0.013453
0.011742
0.010592
0.013575
0.012069
0.010796
0.013263
0.011613
0.011447
0.012673
0.010856
0.013339
0.011601
0.011327
0.013136
0.010773
0.013376
0.011618
0.010799
0.013262
0.011387
0.011989
0.011497
0.012529
0.010282
0.013609
0.011833
0.009692
0.014323
0.011823
0.009871
0.012787
0.011340
0.010559
0.012193
0.010528
0.012341
0.010329
0.012667
0.010669
0.012200
0.010216
0.012924
0.011171
0.009973
0.012728
0.011085
0.010325
0.012227
0.009959
0.012122
0.009833
0.012024
0.009710
0.012240
0.010224
0.011153
0.010270
0.011911
0.008933
0.012433
0.010611
0.008586
0.012936
0.010690
0.008793
0.011592
0.010166
0.009625
0.011100
0.009378
0.011501
0.009397
0.011326
0.009081
0.011921
0.010218
0.009212
0.011658
0.009695
0.010205
0.009877
0.010676
0.008908
0.011667
0.009947
0.008914
0.012067
0.010441
0.008697
0.011899
0.010210
0.008392
0.011854
0.010278
0.008680
0.011577
0.010118
0.009296
0.011288
0.009223
0.011127
0.008774
0.011456
0.009607
0.009959
0.010544
0.009534
0.011122
0.007729
0.012039
0.009676
0.007421
0.012348
0.009646
0.007693
0.010397
0.008974
0.008829
0.009840
0.008591
0.010588
0.008219
0.010810
0.008716
0.010266
0.008139
0.011141
0.009315
0.007239
0.011348
0.009305
0.007314
0.010674
0.009161
0.007813
0.010233
0.008596
0.009295
0.008979
0.009880
0.008236
0.010768
0.008714
0.009293
0.009664
0.009353
0.009930
0.007603
0.011305
0.009216
0.006292
0.012708
0.008980
0.006976
0.009537
0.008342
0.008862
0.008050
0.009106
0.007717
0.010307
0.008241
0.009819
0.007738
0.010919
0.009063
0.006598
0.011226
0.008688
0.006603
0.010106
0.008558
0.007191
0.009532
0.007868
0.008883
0.007994
0.009687
0.007047
0.010366
0.008719
0.006740
0.010868
0.008759
0.006576
0.009836
0.008290
0.007001
0.009420
0.007727
0.008591
0.007958
0.009357
0.006883
0.010387
0.008631
0.006344
0.011025
0.008549
0.006418
0.009575
0.008047
0.006981
0.009072
0.007235
0.008917
0.006902
0.009684
0.007859
0.008006
0.009053
0.007170
0.009880
0.007961
0.006744
0.009910
0.008259
0.006853
0.009721
0.007977
0.007035
0.009523
0.007309
0.008882
0.006563
0.010009
0.008232
0.005943
0.010602
0.008168
0.006047
0.009528
0.007941
0.006492
0.008949
0.007226
0.007992
0.007538
0.008672
0.006515
0.009726
0.008021
0.005856
0.010612
0.007990
0.005583
0.009462
0.007607
0.005964
0.008654
0.007120
0.007333
0.007974
0.007147
0.008783
0.005740
0.009975
0.007756
0.005304
0.010343
0.007592
0.005471
0.008489
0.006985
0.006252
0.008084
0.006146
0.008470
0.006155
0.008523
0.005994
0.008805
0.006657
0.007438
0.006784
0.008078
0.004785
0.009605
0.006514
0.004047
0.009798
0.006765
0.004738
0.007595
0.006139
0.005793
0.007106
0.005507
0.007916
0.005632
0.007648
0.005031
0.008637
0.006788
0.004359
0.008810
0.006474
0.004379
0.007752
0.006239
0.004948
0.007364
0.005556
0.006698
0.005505
0.007619
0.004786
0.007863
0.006091
0.005395
0.007765
0.005123
0.007154
0.004041
0.007638
0.005913
0.003895
0.008196
0.006085
0.003930
0.007494
0.005936
0.004402
0.007131
0.005510
0.005548
0.006435
0.005001
0.007333
0.004617
0.006963
0.003968
0.007712
0.005843
0.003393
0.007990
0.005470
0.003331
0.006978
0.005433
0.003967
0.006576
0.004908
0.005422
0.005502
0.005730
0.005574
0.006039
0.004917
0.007108
0.003308
0.008048
0.005304
0.002611
0.008452
0.004906
0.002540
0.006237
0.004819
0.003668
0.005925
0.004189
0.005744
0.003878
0.006638
0.004590
0.005325
0.005047
0.005943
0.003564
0.007061
0.005068
0.002050
0.008479
0.004819
0.002272
0.006176
0.004688
0.003429
0.005346
0.003599
0.005444
0.003373
0.006252
0.004382
0.004799
0.005277
0.004478
0.005882
0.001868
0.007840
0.004046
0.001158
0.007336
0.004286
0.002340
0.004592
0.003092
0.003847
0.003617
0.004640
0.003440
0.005718
0.002925
0.005894
0.003798
0.004468
0.004211
0.004770
0.002921
0.005630
0.003523
0.003593
0.005357
0.001793
0.007559
0.003639
0.000381
0.007104
0.003839
0.001831
0.004346
0.002956
0.003220
0.003436
0.003467
0.004063
0.003374
0.005043
0.001495
0.006928
0.003363
0.000704
0.006472
0.003277
0.001157
0.004030
0.002624
0.002209
0.003810
0.002048
0.004632
0.002467
0.004180
0.001886
0.005317
0.003546
0.001150
0.005522
0.003244
0.001127
0.004700
0.003143
0.001608
0.004306
0.002754
0.002964
0.003674
0.002698
0.004572
0.001390
0.005424
0.003450
0.001067
0.005912
0.003247
0.001139
0.004373
0.002896
0.001734
0.004091
0.002266
0.003713
0.001939
0.004661
0.002567
0.003454
0.002744
0.004337
0.000688
0.000688
0.005871
0.002333
0.000060
0.005500
0.002725
0.000820
0.003617
0.002154
0.001698
0.003336
0.001382
0.004102
0.002113
0.003066
0.002369
0.003967
0.000408
0.005375
0.002020
-0.000185
0.005023
0.002378
0.000453
0.003326
0.001871
0.001208
0.003127
0.001044
0.003639
0.001415
0.003165
0.000726
0.004278
0.002469
0.000040
0.004550
0.002176
0.000162
0.003625
0.002111
0.000623
0.003253
0.001651
0.002017
0.002433
0.001992
0.003157
0.000420
0.004743
0.002289
-0.000288
0.005281
0.002037
-0.000013
0.003259
0.001789
0.000619
0.002935
0.001138
0.002721
0.000807
0.003682
0.001824
0.001874
0.003017
0.000763
0.004127
0.002227
-0.000429
0.004945
0.001829
-0.000050
0.003547
0.002004
0.000504
0.003053
0.001437
0.002062
0.002035
0.002557
0.001803
0.003295
-0.000413
0.005462
0.001654
-0.001167
0.004972
0.001633
-0.000368
0.002273
0.000867
0.000824
0.001902
0.000740
0.002970
0.000405
0.003274
0.001190
0.002295
0.001008
0.003139
-0.000150
0.002975
0.001199
0.000284
0.003153
0.001285
0.001224
0.002197
0.000012
0.003641
0.001835
-0.000760
0.004807
0.001548
-0.000433
0.003215
0.001619
0.000046
0.002598
0.001016
0.001443
0.001761
0.001566
0.002369
0.000499
0.003559
0.001855
0.000173
0.004214
0.002147
-0.000509
0.004180
0.001430
-0.000332
0.003221
0.001830
0.000433
0.003031
0.001383
0.001798
0.002038
0.001880
0.002550
0.000912
0.003650
0.001497
0.002006
0.002500
0.001661
0.003312
-0.001577
0.005780
0.002550
-0.000723
0.002250
0.002341
0.002037
0.000845
0.001063
0.000484
0.002592
0.000077
0.004447
0.002244
-0.000250
0.004564
0.001853
-0.000186
0.002989
0.001528
0.000308
0.002716
0.000930
0.002278
0.000641
0.003296
0.001047
0.002416
0.000375
0.003658
0.001925
-0.000360
0.004089
0.001637
-0.000351
0.003457
0.001758
0.000044
0.003022
0.001660
0.000844
0.002962
0.000710
0.003022
0.000361
0.003099
0.000801
0.002429
-0.000128
0.003609
0.001608
-0.000893
0.004001
0.001312
-0.000355
0.002848
0.001433
0.000186
0.002553
0.000687
0.002021
0.000330
0.003036
0.000927
0.001811
0.000934
0.002773
-0.001179
0.004315
0.000463
-0.001447
0.003497
0.001150
-0.000643
0.002001
0.000552
0.000136
0.001863
-0.000316
0.002694
0.001075
0.000274
0.002676
0.000232
0.002220
-0.001119
0.002972
0.000779
-0.001325
0.003142
0.000913
-0.000910
0.002223
0.000833
-0.000432
0.002077
0.000341
0.001217
0.000382
0.002053
-0.001245
0.003474
0.000449
-0.001283
0.002993
0.000997
-0.001010
0.001951
0.000519
-0.000686
0.001950
0.000317
0.001057
0.000611
0.001734
-0.000691
0.003095
0.001091
-0.001485
0.003995
0.000609
-0.001112
0.002028
0.000591
-0.000559
0.001705
-0.000212
0.001541
-0.000780
0.002645
0.001096
-0.000835
0.003041
0.001182
-0.000913
0.002566
0.000937
-0.000773
0.002205
0.000856
-0.000122
0.002150
0.000008
0.001889
-0.000935
0.002821
0.001040
-0.001079
0.003124
0.001022
-0.000879
0.002289
0.000851
-0.000543
0.002069
0.000492
0.000783
0.001297
0.000509
0.002207
-0.001539
0.003989
0.000194
-0.001349
0.002832
0.001017
-0.000923
0.001703
0.000263
-0.000361
0.001779
-0.000468
0.002234
0.000071
0.001419
-0.000518
0.002575
0.000866
-0.000803
0.002647
0.001050
-0.001063
0.002890
0.000886
-0.000999
0.002560
0.001080
-0.000541
0.002377
0.000995
0.000070
0.002233
-0.000096
0.002142
-0.000730
0.002406
0.000729
-0.000104
0.002269
-0.000175
0.001741
-0.001724
0.003059
0.000089
-0.001351
0.002374
0.000843
-0.001001
0.001913
0.000489
-0.000746
0.001962
0.000348
0.000606
0.001092
0.000111
0.002012
-0.001940
0.003539
-0.000291
-0.001463
0.002200
0.000654
-0.001175
0.001438
-0.000039
-0.000674
0.001628
-0.000733
0.001937
-0.000455
0.001281
-0.001767
0.002920
-0.000156
-0.001789
0.001948
0.000349
-0.001510
0.001523
0.000118
-0.001314
0.001637
0.000293
-0.000515
0.001618
-0.000895
0.001616
-0.001029
0.001304
-0.001822
0.001961
0.000075
-0.002056
0.002211
-0.000066
-0.001826
0.001457
0.000069
-0.001443
0.001352
-0.000033
-0.000667
0.001258
-0.001406
0.001736
0.000122
-0.001271
0.001887
0.000431
-0.001328
0.001856
0.000339
-0.001483
0.002049
0.000529
-0.001289
0.002124
0.000658
-0.001073
0.002042
0.000671
-0.000772
0.001973
0.000474
-0.000088
0.001664
-0.001237
0.002554
0.000596
-0.001481
0.002948
0.000625
-0.001081
0.001956
0.000555
-0.000745
0.001809
0.000145
0.000777
0.000558
0.001390
-0.000336
0.002540
0.000793
-0.000259
0.002734
0.001065
-0.000005
0.002405
-0.000052
0.001708
-0.001894
0.004126
0.000467
-0.002370
0.003553
0.000404
-0.001117
0.001253
-0.000275
0.000172
0.000120
0.000661
0.000110
0.001608
-0.002240
0.004208
0.000443
-0.002033
0.001674
0.000283
-0.000497
0.000106
-0.001815
0.001067
-0.000533
0.000730
-0.000046
0.001908
-0.002024
0.003136
-0.000914
-0.001600
0.001277
-0.000528
-0.000010
-0.001123
-0.001123
0.000560
-0.003082
0.002930
-0.000559
-0.002863
0.002441
-0.000380
-0.001872
0.000208
-0.001511
-0.000410
-0.001658
0.000685
-0.001864
0.000927
-0.001167
0.000089
-0.001874
0.001196
-0.000502
-0.002617
0.001686
-0.000767
-0.002115
0.000983
-0.000388
-0.001799
0.000861
-0.000603
-0.000975
0.000716
-0.002262
0.002026
-0.000693
-0.002132
0.001394
-0.000088
-0.001943
0.000983
-0.000432
-0.001903
0.001077
-0.000183
-0.001268
0.001163
-0.000746
0.000279
-0.001347
0.001321
-0.000770
0.000071
-0.000878
0.001162
-0.003093
0.002855
-0.000755
-0.004038
0.002567
-0.000513
-0.002795
-0.000274
-0.001472
-0.001519
-0.000696
-0.001718
0.000394
-0.002320
0.000989
-0.000491
-0.002199
0.001264
-0.000506
-0.002611
0.000844
-0.000787
-0.002367
0.000770
-0.000441
-0.001763
0.000872
-0.000566
-0.000824
0.000500
-0.002150
0.001875
-0.000541
-0.002153
0.001562
-0.000072
-0.001892
0.001044
-0.000345
-0.001754
0.001068
-0.000205
-0.000881
0.001085
-0.001521
0.001415
-0.000241
-0.000931
0.001260
-0.001356
0.001237
-0.001157
0.000395
-0.002481
0.002330
-0.001170
-0.001734
0.000692
-0.001604
0.000571
-0.002508
0.000586
-0.000936
-0.001664
0.000825
-0.001321
0.000135
-0.003260
0.001999
-0.001935
-0.002568
0.000131
-0.001786
-0.000529
-0.003412
0.000550
-0.001596
-0.003037
0.000846
-0.000818
-0.002643
0.000339
-0.001109
-0.002748
0.000283
-0.000973
-0.002352
0.000391
-0.000973
-0.001916
0.000271
-0.002158
0.000131
-0.002939
0.000505
-0.001104
-0.002743
0.000795
-0.000917
-0.002829
0.000641
-0.000970
-0.002618
0.000572
-0.000737
-0.002287
0.000591
-0.000706
-0.001974
0.000577
-0.001003
-0.000985
-0.000143
-0.002166
0.001293
-0.000550
-0.002791
0.002180
-0.001219
-0.001728
0.000159
-0.002376
0.000487
-0.001128
-0.001794
0.000591
-0.001758
0.000694
-0.002229
0.000533
-0.001696
-0.000392
-0.002731
0.001147
-0.001218
-0.002933
0.001027
-0.000952
-0.002450
0.000543
-0.000836
-0.002361
0.000608
-0.000677
-0.002019
0.000814
-0.000558
-0.001709
0.000749
-0.001148
-0.000322
-0.001565
0.000713
-0.002658
0.001211
-0.000969
-0.002276
0.001235
-0.000459
-0.002454
0.001068
-0.000732
-0.002307
0.001097
-0.000298
-0.001961
0.001134
-0.000254
-0.001911
0.001167
-0.000199
-0.001809
0.001215
-0.000150
-0.001744
0.001294
-0.000070
-0.001649
0.001433
0.000062
-0.001545
0.001592
0.000196
-0.001461
0.001743
0.000308
-0.001384
0.001849
0.000400
-0.001285
0.001907
0.000488
-0.001156
0.001956
0.000579
-0.001002
0.002020
0.000668
-0.000820
0.002091
0.000734
-0.000566
0.002123
0.000623
0.000091
0.001859
-0.001652
0.003461
-0.000650
-0.000502
0.001211
-0.001371
0.002292
-0.000142
-0.001769
0.002029
0.000536
-0.000960
0.001929
0.000509
-0.000966
0.001821
0.000455
-0.000407
0.001817
-0.000683
0.001712
-0.001315
0.001823
0.000133
-0.000524
0.001628
-0.001283
0.001769
0.000016
-0.000867
0.001763
-0.000176
0.000773
-0.001011
0.001972
0.000303
-0.000907
0.002202
0.000678
-0.000880
0.002394
0.000646
-0.001209
0.002698
0.000484
-0.000731
0.002134
0.000723
-0.000272
0.001993
-0.000487
0.001793
-0.001908
0.003021
-0.000860
-0.000450
0.000595
-0.001395
0.001717
-0.000159
-0.002248
0.002515
-0.000651
-0.000618
0.000728
-0.002205
0.002168
-0.001358
-0.001418
0.000580
-0.002350
0.001977
-0.001477
-0.001862
0.000237
-0.002553
0.001146
-0.001099
-0.002557
0.000783
-0.000577
-0.002185
0.000862
-0.000610
-0.002260
0.000997
-0.000443
-0.002063
0.001152
-0.000328
-0.002008
0.001202
-0.000271
-0.001907
0.001272
-0.000161
-0.001776
0.001357
-0.000052
-0.001648
0.001467
0.000062
-0.001522
0.001582
0.000174
-0.001406
0.001699
0.000284
-0.001296
0.001821
0.000397
-0.001185
0.001944
0.000512
-0.001070
0.002063
0.000628
-0.000952
0.002177
0.000742
-0.000831
0.002286
0.000855
-0.000707
0.002393
0.000966
-0.000582
0.002501
0.001076
-0.000456
0.002610
0.001186
-0.000328
0.002720
0.001295
-0.000197
0.002828
0.001402
-0.000059
0.002932
0.001504
0.000100
0.003018
0.001583
0.000333
0.003048
0.001485
0.000978
0.002743
-0.001190
0.004816
0.001569
-0.001983
0.004202
0.001174
-0.000589
0.001542
0.000072
0.000870
0.000119
0.001914
-0.001402
0.003983
-0.000174
-0.000244
0.001560
-0.001245
0.002217
-0.000251
-0.001530
0.001721
0.000670
-0.000404
0.002034
0.000272
0.000716
0.000525
0.001307
-0.000445
0.002781
0.000945
-0.000861
0.003586
-0.000060
0.000721
0.000019
0.001477
-0.002412
0.004039
0.001501
-0.001285
0.001432
0.000275
0.001371
-0.001474
0.000902
-0.000741
0.000417
0.000015
0.001783
-0.002554
0.004051
0.002190
-0.001741
-0.000056
0.000853
-0.000146
-0.000217
-0.001719
0.000515
-0.001987
0.002563
0.000192
-0.000259
0.001453
-0.001670
0.001835
-0.000603
-0.001534
0.001108
-0.000363
0.000325
-0.000635
0.001099
-0.003170
0.003694
0.002178
-0.001325
-0.000143
0.001044
-0.000244
-0.000271
-0.001810
0.000291
-0.002006
0.002078
0.000345
-0.000732
0.001585
-0.000241
-0.000241
0.000063
-0.000652
0.000649
-0.002736
0.003311
0.000359
-0.001782
0.001147
-0.000395
0.000408
-0.001870
0.000458
-0.001274
0.000377
-0.001698
0.002299
-0.000408
-0.001107
0.000780
-0.002134
0.001347
-0.000843
-0.001745
0.000770
-0.000816
0.000126
-0.001561
0.001131
-0.000495
-0.000765
0.000829
-0.003128
0.003343
0.001699
-0.002429
-0.000410
-0.000286
-0.000286
-0.001317
-0.000878
-0.002079
0.000744
-0.000923
0.000837
-0.002736
0.002809
-0.000317
-0.004119
0.001541
-0.001263
-0.002389
-0.000676
-0.002193
-0.000484
-0.002637
0.000476
-0.000690
-0.001778
0.000659
-0.000782
-0.001182
-0.000223
-0.003227
0.001656
-0.002594
-0.001552
-0.001748
-0.000387
-0.003377
0.000933
-0.003281
-0.001687
-0.002879
-0.000127
-0.001798
-0.002056
-0.001375
-0.003599
0.000676
-0.003165
-0.001580
-0.003952
0.000090
-0.002987
-0.003039
-0.002136
-0.003987
-0.000494
-0.002586
-0.003368
-0.001053
-0.002982
-0.001338
-0.005254
0.000363
-0.002371
-0.005266
-0.001027
-0.002739
-0.003629
-0.002491
-0.004490
-0.002033
-0.003621
-0.002298
-0.004238
-0.001011
-0.002778
-0.004254
-0.001465
-0.002804
-0.003982
-0.001700
-0.003184
-0.002744
-0.002760
-0.002221
-0.003019
-0.001181
-0.006068
0.001564
-0.000811
-0.002648
-0.003116
-0.001756
-0.002622
-0.003648
-0.004076
-0.003700
-0.002891
-0.002234
-0.001678
-0.001930
-0.001122
-0.004220
0.000938
-0.002012
-0.005391
0.000440
-0.001847
-0.004073
-0.001902
-0.002818
-0.002366
-0.002161
-0.001870
-0.001547
-0.001550
-0.000959
-0.002314
0.000002
-0.001685
-0.001849
-0.000922
-0.004029
0.001377
-0.001318
-0.004320
0.000244
-0.001635
-0.002042
-0.001321
-0.002805
-0.000653
-0.002474
-0.000490
-0.003099
0.000252
-0.001696
-0.002676
-0.000753
-0.002679
-0.001128
-0.004264
0.000101
-0.003449
-0.002127
-0.003186
-0.001066
-0.003449
-0.001427
-0.003851
-0.001529
-0.003744
-0.001390
-0.003644
-0.001785
-0.005087
-0.000937
-0.004530
-0.003257
-0.004664
-0.002298
-0.004028
-0.003309
-0.004763
-0.002285
-0.003841
-0.003116
-0.004128
-0.002206
-0.005862
-0.001171
-0.005536
-0.004156
-0.005487
-0.003010
-0.004595
-0.004745
-0.004098
-0.005702
-0.002294
-0.004445
-0.004523
-0.003359
-0.006601
-0.001376
-0.004029
-0.006549
-0.003550
-0.004352
-0.004787
-0.004204
-0.006080
-0.003329
-0.004308
-0.004960
-0.002881
-0.004872
-0.003312
-0.007147
-0.002075
-0.004660
-0.007467
-0.002678
-0.005241
-0.005615
-0.004766
-0.006209
-0.004010
-0.005675
-0.004098
-0.006927
-0.002494
-0.006377
-0.005230
-0.006777
-0.004502
-0.006107
-0.005677
-0.006375
-0.004718
-0.008283
-0.002199
-0.003149
-0.005541
-0.005895
-0.004386
-0.005340
-0.005983
-0.006353
-0.006125
-0.005360
-0.005090
-0.004015
-0.006214
-0.002526
-0.006554
-0.004838
-0.007945
-0.003569
-0.007053
-0.006332
-0.006903
-0.005184
-0.007697
-0.003791
-0.006995
-0.005770
-0.007012
-0.004794
-0.006595
-0.005727
-0.008346
-0.004396
-0.007837
-0.006169
-0.008638
-0.004899
-0.007661
-0.007340
-0.007451
-0.006876
-0.007446
-0.005993
-0.010181
-0.003636
-0.004824
-0.006249
-0.007146
-0.005919
-0.006661
-0.007691
-0.008320
-0.008039
-0.007359
-0.006530
-0.006230
-0.005653
-0.006787
-0.005076
-0.007644
-0.005289
-0.006707
-0.006951
-0.005753
-0.008548
-0.004018
-0.007011
-0.007491
-0.005471
-0.007177
-0.005118
-0.006701
-0.006419
-0.006584
-0.005726
-0.007273
-0.004584
-0.006244
-0.006995
-0.005164
-0.007384
-0.005026
-0.006510
-0.006748
-0.005506
-0.008354
-0.003518
-0.005625
-0.008935
-0.004099
-0.006276
-0.007397
-0.006126
-0.007603
-0.006007
-0.007991
-0.005529
-0.006477
-0.007032
-0.005537
-0.008136
-0.005012
-0.007440
-0.007154
-0.006767
-0.007175
-0.005815
-0.009380
-0.003982
-0.004705
-0.008449
-0.005880
-0.006605
-0.006451
-0.007568
-0.006994
-0.008146
-0.005771
-0.006905
-0.005659
-0.007967
-0.004687
-0.007697
-0.006900
-0.008242
-0.006061
-0.007473
-0.006511
-0.008304
-0.005203
-0.006842
-0.007008
-0.005840
-0.008603
-0.004398
-0.008030
-0.007417
-0.007702
-0.006407
-0.008898
-0.005356
-0.008917
-0.007237
-0.009486
-0.005870
-0.008310
-0.008089
-0.008406
-0.007762
-0.008723
-0.006825
-0.009199
-0.006609
-0.007941
-0.008198
-0.006990
-0.010244
-0.005494
-0.007568
-0.009748
-0.007237
-0.007907
-0.007834
-0.008175
-0.008245
-0.007979
-0.007915
-0.007024
-0.009181
-0.005270
-0.009884
-0.007556
-0.009314
-0.007942
-0.010462
-0.007147
-0.009748
-0.008614
-0.009556
-0.007347
-0.009118
-0.007644
-0.011148
-0.006644
-0.008708
-0.011313
-0.007436
-0.009569
-0.009618
-0.009463
-0.010044
-0.008604
-0.011250
-0.007054
-0.010423
-0.009244
-0.010645
-0.008604
-0.009936
-0.010044
-0.009846
-0.010243
-0.008602
-0.012228
-0.006461
-0.007188
-0.008674
-0.009655
-0.008678
-0.009210
-0.009953
-0.010463
-0.010245
-0.009635
-0.008924
-0.008577
-0.008238
-0.008933
-0.007904
-0.011573
-0.006450
-0.007046
-0.009095
-0.009531
-0.007748
-0.008326
-0.008848
-0.008876
-0.008853
-0.007700
-0.008268
-0.006432
-0.008198
-0.006693
-0.009023
-0.006978
-0.008168
-0.008635
-0.007462
-0.009715
-0.006189
-0.009037
-0.007604
-0.009354
-0.006714
-0.007810
-0.008786
-0.008786
-0.007331
-0.009022
-0.007118
-0.008702
-0.007351
-0.009967
-0.006404
-0.009542
-0.008235
-0.010162
-0.007613
-0.008661
-0.009570
-0.008035
-0.009656
-0.007738
-0.009414
-0.007865
-0.010529
-0.007147
-0.010018
-0.008815
-0.010665
-0.008202
-0.009235
-0.010153
-0.008594
-0.010255
-0.008339
-0.010041
-0.008499
-0.011276
-0.007703
-0.010885
-0.009474
-0.011508
-0.008895
-0.010048
-0.010853
-0.009435
-0.011283
-0.008967
-0.009964
-0.010551
-0.009195
-0.011677
-0.008397
-0.011403
-0.010009
-0.012134
-0.009196
-0.010786
-0.011011
-0.010288
-0.011781
-0.009300
-0.010483
-0.011051
-0.009647
-0.012258
-0.008638
-0.012104
-0.010607
-0.012716
-0.009942
-0.011175
-0.011769
-0.010589
-0.012772
-0.009564
-0.012008
-0.010920
-0.012655
-0.010274
-0.011322
-0.012214
-0.010762
-0.012753
-0.010277
-0.011437
-0.011788
-0.010609
-0.013258
-0.009340
-0.012060
-0.012327
-0.011257
-0.012625
-0.010420
-0.011535
-0.012368
-0.010740
-0.012661
-0.010070
-0.011527
-0.011733
-0.011009
-0.012988
-0.009751
-0.012883
-0.011131
-0.013384
-0.010539
-0.012026
-0.012186
-0.011663
-0.012946
-0.010780
-0.011745
-0.012151
-0.010894
-0.013892
-0.009494
-0.010051
-0.013471
-0.011404
-0.011820
-0.011601
-0.012088
-0.011821
-0.012398
-0.010743
-0.013407
-0.009212
-0.010655
-0.013791
-0.010586
-0.012242
-0.012402
-0.012206
-0.012608
-0.011158
-0.013134
-0.009581
-0.012413
-0.010989
-0.013132
-0.010843
-0.012071
-0.012899
-0.011639
-0.013513
-0.010687
-0.012123
-0.011847
-0.011767
-0.011798
-0.011386
-0.012622
-0.010783
-0.012006
-0.011182
-0.012704
-0.009987
-0.012181
-0.011119
-0.013892
-0.009833
-0.011318
-0.013747
-0.010388
-0.012093
-0.011727
-0.012249
-0.011519
-0.012837
-0.010872
-0.011792
-0.011999
-0.011124
-0.013581
-0.009801
-0.012568
-0.012747
-0.011897
-0.012794
-0.010932
-0.012235
-0.011410
-0.013271
-0.010025
-0.012724
-0.011086
-0.013503
-0.010958
-0.012533
-0.012525
-0.012315
-0.012807
-0.011397
-0.014673
-0.010082
-0.010314
-0.011830
-0.012253
-0.011563
-0.011949
-0.012457
-0.012825
-0.012655
-0.012171
-0.011583
-0.011384
-0.010996
-0.012148
-0.010749
-0.012918
-0.011071
-0.012310
-0.011442
-0.012659
-0.010404
-0.011290
-0.011481
-0.010378
-0.012867
-0.008915
-0.010163
-0.012942
-0.010115
-0.011148
-0.011470
-0.011166
-0.012285
-0.010681
-0.012220
-0.010358
-0.011593
-0.010558
-0.012980
-0.009733
-0.012859
-0.011315
-0.013059
-0.010921
-0.011558
-0.011988
-0.010942
-0.013222
-0.009816
-0.012767
-0.011291
-0.013176
-0.011132
-0.011986
-0.012786
-0.011619
-0.013746
-0.010755
-0.012983
-0.011710
-0.013731
-0.011159
-0.012715
-0.012617
-0.012793
-0.012324
-0.012906
-0.011470
-0.014720
-0.010349
-0.010491
-0.012048
-0.012600
-0.011700
-0.012122
-0.012432
-0.012812
-0.012482
-0.012357
-0.011235
-0.012582
-0.010325
-0.012003
-0.012016
-0.012537
-0.011760
-0.013751
-0.010528
-0.013421
-0.011455
-0.012381
-0.011096
-0.012893
-0.010833
-0.012070
-0.012413
-0.011460
-0.013237
-0.010380
-0.012965
-0.011717
-0.013911
-0.011328
-0.012841
-0.012517
-0.013090
-0.011938
-0.014155
-0.010742
-0.013606
-0.012311
-0.014068
-0.011865
-0.012765
-0.013453
-0.012456
-0.014400
-0.011515
-0.013612
-0.012393
-0.014349
-0.011966
-0.013346
-0.013360
-0.013376
-0.013366
-0.012785
-0.013830
-0.012065
-0.013089
-0.012673
-0.013471
-0.012000
-0.014927
-0.011315
-0.012323
-0.014553
-0.012226
-0.012559
-0.013034
-0.012393
-0.013950
-0.012141
-0.012710
-0.012990
-0.012046
-0.014348
-0.011263
-0.014346
-0.012986
-0.014578
-0.012698
-0.013264
-0.013398
-0.012801
-0.014000
-0.011960
-0.012796
-0.012962
-0.012305
-0.014212
-0.011380
-0.014372
-0.012721
-0.013818
-0.012683
-0.014342
-0.012102
-0.013505
-0.013137
-0.013643
-0.012365
-0.014921
-0.011453
-0.012516
-0.014602
-0.012869
-0.013167
-0.013162
-0.013203
-0.013637
-0.012642
-0.014599
-0.011143
-0.013715
-0.012796
-0.014639
-0.012543
-0.013636
-0.013914
-0.013240
-0.014283
-0.012156
-0.012847
-0.013046
-0.012343
-0.014415
-0.011429
-0.014489
-0.012976
-0.014071
-0.012825
-0.014543
-0.012337
-0.013721
-0.013323
-0.013869
-0.012551
-0.015028
-0.011756
-0.012822
-0.015656
-0.012468
-0.013746
-0.013763
-0.013776
-0.013935
-0.013250
-0.014181
-0.012525
-0.013342
-0.012895
-0.013896
-0.012517
-0.014282
-0.012718
-0.013799
-0.012908
-0.014430
-0.011792
-0.013844
-0.012467
-0.014631
-0.012031
-0.013890
-0.012909
-0.014744
-0.012601
-0.013671
-0.013569
-0.013650
-0.013451
-0.013659
-0.012975
-0.015173
-0.011908
-0.012719
-0.015803
-0.012242
-0.012642
-0.014010
-0.013255
-0.013872
-0.012740
-0.013848
-0.012351
-0.013122
-0.012586
-0.013671
-0.012374
-0.013776
-0.012717
-0.015310
-0.012034
-0.013446
-0.014130
-0.012723
-0.013814
-0.012303
-0.013233
-0.012643
-0.013689
-0.012064
-0.012822
-0.012396
-0.013478
-0.012127
-0.013637
-0.012216
-0.013883
-0.012171
-0.012969
-0.012529
-0.013184
-0.011871
-0.014504
-0.011162
-0.011313
-0.013712
-0.012222
-0.012490
-0.012305
-0.012845
-0.012474
-0.013390
-0.011796
-0.012803
-0.011506
-0.014005
-0.011105
-0.013719
-0.012743
-0.014217
-0.012291
-0.012609
-0.012991
-0.011942
-0.013748
-0.013748
-0.011113
-0.013256
-0.012076
-0.013702
-0.012190
-0.012805
-0.013203
-0.012483
-0.014162
-0.011554
-0.013642
-0.012292
-0.013720
-0.012291
-0.013175
-0.012589
-0.013906
-0.012235
-0.012806
-0.012845
-0.012254
-0.013550
-0.011646
-0.013128
-0.012334
-0.014352
-0.011402
-0.013734
-0.012458
-0.013764
-0.012327
-0.013436
-0.012205
-0.014152
-0.011931
-0.013511
-0.012512
-0.014238
-0.012135
-0.013516
-0.012980
-0.014177
-0.012662
-0.013258
-0.012874
-0.013542
-0.012280
-0.014763
-0.011703
-0.011926
-0.014040
-0.012720
-0.013037
-0.012524
-0.013423
-0.012408
-0.014192
-0.011688
-0.013334
-0.012221
-0.013886
-0.012416
-0.013181
-0.013690
-0.012851
-0.014397
-0.011759
-0.013640
-0.012350
-0.013656
-0.012334
-0.013283
-0.012517
-0.014317
-0.012000
-0.013693
-0.012465
-0.014035
-0.012239
-0.013081
-0.013257
-0.013060
-0.013628
-0.012338
-0.014573
-0.011693
-0.012284
-0.014788
-0.012158
-0.013252
-0.013095
-0.013472
-0.012892
-0.013593
-0.012200
-0.013345
-0.012079
-0.013411
-0.012260
-0.013710
-0.012504
-0.013614
-0.012451
-0.014440
-0.011579
-0.013526
-0.012469
-0.013821
-0.012314
-0.012765
-0.013237
-0.012523
-0.014182
-0.011782
-0.013702
-0.012540
-0.013788
-0.012582
-0.013673
-0.012594
-0.014371
-0.012255
-0.013594
-0.012545
-0.014035
-0.012191
-0.013215
-0.012987
-0.013704
-0.012552
-0.014493
-0.011799
-0.013881
-0.012891
-0.014176
-0.012743
-0.013149
-0.013528
-0.012890
-0.014315
-0.012101
-0.013702
-0.012580
-0.014035
-0.012658
-0.013220
-0.013518
-0.012975
-0.014147
-0.012286
-0.013376
-0.012541
-0.014317
-0.011935
-0.013891
-0.012883
-0.014021
-0.012780
-0.013742
-0.012539
-0.013800
-0.012566
-0.013293
-0.012672
-0.013970
-0.012347
-0.013415
-0.012846
-0.014178
-0.012340
-0.013422
-0.012597
-0.014345
-0.011962
-0.013740
-0.012670
-0.013780
-0.012584
-0.013527
-0.012471
-0.014180
-0.012247
-0.013654
-0.012684
-0.014187
-0.012464
-0.013433
-0.013064
-0.013916
-0.012701
-0.013730
-0.012508
-0.013552
-0.012448
-0.014274
-0.012017
-0.013857
-0.012833
-0.013805
-0.012646
-0.013766
-0.012572
-0.013193
-0.012830
-0.013525
-0.012355
-0.013991
-0.012088
-0.013840
-0.012784
-0.013788
-0.012621
-0.013774
-0.012554
-0.013145
-0.012727
-0.013387
-0.012192
-0.013674
-0.012048
-0.013456
-0.012510
-0.014264
-0.012026
-0.013620
-0.012667
-0.013797
-0.012546
-0.012931
-0.012710
-0.013196
-0.012322
-0.014291
-0.012033
-0.011653
-0.013930
-0.012855
-0.012817
-0.012810
-0.012684
-0.013144
-0.012259
-0.013700
-0.011331
-0.013015
-0.012286
-0.013444
-0.012562
-0.013469
-0.012520
-0.013886
-0.011915
-0.012888
-0.011901
-0.013148
-0.011771
-0.012510
-0.012572
-0.012814
-0.012324
-0.013091
-0.011849
-0.012492
-0.012059
-0.013168
-0.011686
-0.012718
-0.011921
-0.013715
-0.011367
-0.012045
-0.012836
-0.011809
-0.012681
-0.011599
-0.012271
-0.011830
-0.012886
-0.011545
-0.012167
-0.011873
-0.012683
-0.011655
-0.012746
-0.011649
-0.012474
-0.011488
-0.013221
-0.010966
-0.011356
-0.013120
-0.011365
-0.012019
-0.011641
-0.012294
-0.011414
-0.012781
-0.011055
-0.012337
-0.011517
-0.012793
-0.011565
-0.012083
-0.012184
-0.012001
-0.012302
-0.011270
-0.013044
-0.010948
-0.010495
-0.012626
-0.011670
-0.011625
-0.011629
-0.011529
-0.011928
-0.011209
-0.012286
-0.010557
-0.011737
-0.011094
-0.012471
-0.011403
-0.011895
-0.011967
-0.011558
-0.011862
-0.010692
-0.012079
-0.010134
-0.011783
-0.010973
-0.011550
-0.011023
-0.011811
-0.010859
-0.011472
-0.010742
-0.012112
-0.010126
-0.011648
-0.010905
-0.011686
-0.010904
-0.011941
-0.010759
-0.011142
-0.011157
-0.010870
-0.011260
-0.010337
-0.012141
-0.010205
-0.010532
-0.012401
-0.010528
-0.011114
-0.010765
-0.011256
-0.010514
-0.011432
-0.010250
-0.010639
-0.010765
-0.010644
-0.011167
-0.010377
-0.012132
-0.010100
-0.010600
-0.011718
-0.010484
-0.010478
-0.010663
-0.010228
-0.011086
-0.010070
-0.010352
-0.010281
-0.010342
-0.010282
-0.010657
-0.010075
-0.011801
-0.009789
-0.009609
-0.011188
-0.010186
-0.010109
-0.010003
-0.009968
-0.010167
-0.009729
-0.010343
-0.009380
-0.009933
-0.009643
-0.010748
-0.009757
-0.010296
-0.010128
-0.010283
-0.009428
-0.010699
-0.008547
-0.010074
-0.009361
-0.010093
-0.009192
-0.009951
-0.009153
-0.010088
-0.009209
-0.009814
-0.009020
-0.010325
-0.008778
-0.010058
-0.009365
-0.010284
-0.009326
-0.009571
-0.009358
-0.009646
-0.008960
-0.010297
-0.008356
-0.009927
-0.009200
-0.009664
-0.009135
-0.009780
-0.008923
-0.009604
-0.008745
-0.009951
-0.008299
-0.009451
-0.008780
-0.009729
-0.008925
-0.009369
-0.008902
-0.009647
-0.008683
-0.008988
-0.008815
-0.009170
-0.008487
-0.010028
-0.008141
-0.008789
-0.009660
-0.008699
-0.008913
-0.008301
-0.009210
-0.008278
-0.008583
-0.008558
-0.008373
-0.008675
-0.008022
-0.009694
-0.007923
-0.008102
-0.009560
-0.008328
-0.008269
-0.008368
-0.008029
-0.008636
-0.007782
-0.008485
-0.007642
-0.008385
-0.007720
-0.008923
-0.007838
-0.008479
-0.008107
-0.008607
-0.007636
-0.008290
-0.007409
-0.008224
-0.007399
-0.008164
-0.007342
-0.008234
-0.007395
-0.007876
-0.007432
-0.008223
-0.007232
-0.007618
-0.007537
-0.007784
-0.007197
-0.007197
-0.008494
-0.006575
-0.008103
-0.007378
-0.007772
-0.007121
-0.007807
-0.006969
-0.007365
-0.007130
-0.007551
-0.006665
-0.008051
-0.006288
-0.007838
-0.007190
-0.007639
-0.006986
-0.007626
-0.006755
-0.007101
-0.006835
-0.007267
-0.006407
-0.007727
-0.006098
-0.007589
-0.006886
-0.007229
-0.006781
-0.007190
-0.006357
-0.007380
-0.006202
-0.006892
-0.006338
-0.007247
-0.006229
-0.006722
-0.006666
-0.006960
-0.006271
-0.007441
-0.005600
-0.006979
-0.006339
-0.006791
-0.006148
-0.006871
-0.006054
-0.006356
-0.006303
-0.006252
-0.006062
-0.006272
-0.005753
-0.007251
-0.005632
-0.005762
-0.007007
-0.006058
-0.005903
-0.005880
-0.005593
-0.006094
-0.005281
-0.006168
-0.005126
-0.005736
-0.005546
-0.006274
-0.005566
-0.006197
-0.005398
-0.006511
-0.004881
-0.005878
-0.005150
-0.005718
-0.005014
-0.005815
-0.005040
-0.005348
-0.005305
-0.005304
-0.005116
-0.005430
-0.004792
-0.006330
-0.004778
-0.004582
-0.005967
-0.005138
-0.004974
-0.004837
-0.004728
-0.004926
-0.004493
-0.005142
-0.004293
-0.004691
-0.004810
-0.005045
-0.004867
-0.005370
-0.004513
-0.005288
-0.004223
-0.004584
-0.004101
-0.004793
-0.003926
-0.004289
-0.004233
-0.004430
-0.003869
-0.004979
-0.003282
-0.004805
-0.004050
-0.004459
-0.004134
-0.004462
-0.003747
-0.004778
-0.003441
-0.004366
-0.003691
-0.004384
-0.003683
-0.004145
-0.003736
-0.004570
-0.003610
-0.003930
-0.003717
-0.004028
-0.003354
-0.004600
-0.002975
-0.004247
-0.003636
-0.003998
-0.003301
-0.003933
-0.003205
-0.003524
-0.003448
-0.003603
-0.003111
-0.004042
-0.002781
-0.003941
-0.003321
-0.003812
-0.003131
-0.003885
-0.002886
-0.003271
-0.003074
-0.003372
-0.002651
-0.003794
-0.002287
-0.003587
-0.003036
-0.003378
-0.002871
-0.003358
-0.002640
-0.003198
-0.002532
-0.003519
-0.002227
-0.003096
-0.002547
-0.003301
-0.002597
-0.002847
-0.002603
-0.002970
-0.002225
-0.003266
-0.001836
-0.002969
-0.002405
-0.002804
-0.002314
-0.002875
-0.002150
-0.002497
-0.002092
-0.002726
-0.001908
-0.002240
-0.002199
-0.002540
-0.001954
-0.003108
-0.001445
-0.002441
-0.001969
-0.002601
-0.001724
-0.001835
-0.001986
-0.001738
-0.002216
-0.001463
-0.002059
-0.001399
-0.002374
-0.001453
-0.002050
-0.001614
-0.002312
-0.001373
-0.001611
-0.001476
-0.001677
-0.001139
-0.002165
-0.000680
-0.001954
-0.001337
-0.001608
-0.001324
-0.001549
-0.000934
-0.001912
-0.000583
-0.001554
-0.000952
-0.001398
-0.000838
-0.001556
-0.000879
-0.001143
-0.001116
-0.001019
-0.000941
-0.000791
-0.001105
-0.000536
-0.001873
-0.000515
-0.000239
-0.001547
-0.000797
-0.000594
-0.000508
-0.000287
-0.000597
-0.000055
-0.000840
0.000080
-0.000537
-0.000361
-0.001045
-0.000454
-0.000774
-0.000315
-0.000855
0.000035
-0.000110
-0.000020
-0.000093
0.000147
-0.000329
0.000332
-0.000389
0.000302
-0.000130
0.000404
-0.000515
0.000768
-0.000146
0.000435
-0.000054
0.000638
0.000040
0.000695
0.000361
0.000513
0.000103
0.000766
-0.000174
0.000990
0.000070
0.000632
0.000135
0.000834
0.000312
0.000979
0.000528
0.001107
0.000292
0.001314
0.000675
0.001069
0.000330
0.001072
0.000874
0.000834
0.000978
0.000780
0.001389
0.000301
0.001786
0.000785
0.001166
0.000604
0.001354
0.001244
0.001347
0.001214
0.001623
0.001031
0.001858
0.001333
0.001580
0.000842
0.001627
0.001322
0.001533
0.001223
0.001979
0.001097
0.002410
0.001408
0.001925
0.001588
0.002005
0.001523
0.002154
0.001715
0.002226
0.001358
0.002500
0.001707
0.002193
0.001562
0.002195
0.001919
0.002355
0.001776
0.002505
0.002273
0.002340
0.002138
0.002557
0.001693
0.002916
0.001921
0.002523
0.002284
0.002654
0.002303
0.002954
0.002276
0.002941
0.002633
0.002857
0.002447
0.003074
0.002305
0.003030
0.002598
0.002925
0.002451
0.003166
0.002877
0.003202
0.002565
0.003337
0.002996
0.003256
0.002744
0.003403
0.002995
0.003504
0.002527
0.003904
0.002968
0.003474
0.003156
0.003644
0.003145
0.003769
0.003444
0.003726
0.003197
0.003840
0.003482
0.003788
0.003072
0.003919
0.003471
0.003922
0.003244
0.004231
0.003755
0.004192
0.003483
0.004324
0.003969
0.004183
0.003730
0.004364
0.003779
0.004380
0.003885
0.004430
0.003577
0.004728
0.003972
0.004500
0.003987
0.004636
0.004244
0.004819
0.004078
0.004857
0.004465
0.004698
0.004249
0.004863
0.004324
0.004917
0.004303
0.004937
0.004592
0.005102
0.004352
0.005365
0.004705
0.005208
0.004562
0.005289
0.005100
0.005113
0.005045
0.005235
0.004907
0.005552
0.004495
0.005860
0.004914
0.005336
0.004919
0.005618
0.005263
0.005890
0.005291
0.005924
0.005675
0.005833
0.005428
0.005972
0.005092
0.006113
0.005342
0.005894
0.005471
0.006127
0.005683
0.006272
0.005740
0.006320
0.005822
0.006406
0.005847
0.006389
0.005889
0.006430
0.005713
0.006556
0.006138
0.006493
0.005972
0.006622
0.006402
0.006533
0.006207
0.006811
0.005926
0.007199
0.006261
0.006701
0.006447
0.006865
0.006491
0.007093
0.006632
0.007193
0.006507
0.007256
0.006861
0.007050
0.007050
