0.733861
0.741195
0.744073
0.747101
0.750047
0.752793
0.755316
0.757644
0.759839
0.761965
0.764069
0.766175
0.768283
0.770380
0.772440
0.774437
0.776339
0.778118
0.779746
0.781201
0.782466
0.783527
0.784374
0.784998
0.785400
0.785585
0.785564
0.785352
0.784969
0.784436
0.783777
0.783015
0.782170
0.781262
0.780304
0.779312
0.778296
0.777267
0.776236
0.775211
0.774201
0.773215
0.772261
0.771343
0.770466
0.769635
0.768850
0.768114
0.767432
0.766817
0.766290
0.765887
0.765666
0.765710
0.766139
0.767088
0.768658
0.770808
0.773283
0.775768
0.778208
0.780758
0.783571
0.786733
0.790268
0.794155
0.798343
0.802752
0.807267
0.811740
0.815997
0.819856
0.823151
0.825765
0.827653
0.828850
0.829460
0.829618
0.829451
0.829064
0.828533
0.827913
0.827240
0.826539
0.825826
0.825113
0.824405
0.823707
0.823022
0.822351
0.821694
0.821053
0.820426
0.819816
0.819221
0.818641
0.818078
0.817531
0.817001
0.816489
0.815995
0.815521
0.815067
0.814635
0.814227
0.813843
0.813486
0.813155
0.812849
0.812565
0.812299
0.812045
0.811800
0.811561
0.811327
0.811107
0.810909
0.810742
0.810610
0.810515
0.810461
0.810449
0.810479
0.810552
0.810669
0.810829
0.811029
0.811270
0.811548
0.811860
0.812201
0.812565
0.812947
0.813338
0.813728
0.814105
0.814456
0.814762
0.815002
0.815155
0.815205
0.815144
0.814972
0.814698
0.814332
0.813888
0.813375
0.812806
0.812187
0.811527
0.810833
0.810113
0.809376
0.808633
0.807893
0.807164
0.806453
0.805766
0.805108
0.804482
0.803890
0.803335
0.802818
0.802342
0.801908
0.801517
0.801172
0.800874
0.800624
0.800423
0.800272
0.800168
0.800101
0.800037
0.799882
0.799667
0.799485
0.799315
0.799132
0.798903
0.798587
0.798159
0.797693
0.797317
0.797171
0.797400
0.797567
0.797699
0.797977
0.798311
0.798513
0.798848
0.799032
0.799441
0.799583
0.799785
0.800018
0.800248
0.800475
0.800691
0.800885
0.801078
0.801306
0.801580
0.801897
0.802250
0.802634
0.803047
0.803485
0.803944
0.804422
0.804917
0.805427
0.805952
0.806488
0.807036
0.807594
0.808161
0.808735
0.809317
0.809905
0.810498
0.811096
0.811697
0.812302
0.812909
0.813517
0.814127
0.814737
0.815346
0.815954
0.816561
0.817165
0.817765
0.818361
0.818952
0.819537
0.820115
0.820684
0.821243
0.821791
0.822325
0.822846
0.823351
0.823839
0.824309
0.824761
0.825193
0.825606
0.826000
0.826373
0.826726
0.827060
0.827374
0.827669
0.827945
0.828202
0.828442
0.828664
0.828870
0.829059
0.829231
0.829389
0.829531
0.829658
0.829771
0.829869
0.829953
0.830024
0.830080
0.830123
0.830152
0.830168
0.830170
0.830158
0.830131
0.830091
0.830036
0.829967
0.829882
0.829782
0.829665
0.829530
0.829376
0.829200
0.829001
0.828773
0.828515
0.828220
0.827887
0.827513
0.827098
0.826644
0.826153
0.825627
0.825068
0.824477
0.823856
0.823205
0.822523
0.821808
0.821061
0.820279
0.819460
0.818602
0.817702
0.816758
0.815768
0.814733
0.813656
0.812545
0.811410
0.810267
0.809133
0.808024
0.806952
0.805925
0.804945
0.804013
0.803126
0.802279
0.801466
0.800682
0.799920
0.799175
0.798442
0.797715
0.796992
0.796268
0.795543
0.794813
0.794079
0.793340
0.792595
0.791847
0.791096
0.790342
0.789587
0.788834
0.788082
0.787334
0.786590
0.785853
0.785123
0.784401
0.783689
0.782987
0.782296
0.781616
0.780949
0.780294
0.779653
0.779024
0.778410
0.777809
0.777223
0.776650
0.776092
0.775548
0.775018
0.774503
0.774002
0.773515
0.773042
0.772583
0.772137
0.771706
0.771288
0.770883
0.770491
0.770112
0.769746
0.769393
0.769052
0.768723
0.768407
0.768102
0.767808
0.767526
0.767256
0.766996
0.766747
0.766508
0.766280
0.766062
0.765853
0.765655
0.765466
0.765286
0.765116
0.764954
0.764801
0.764657
0.764521
0.764393
0.764273
0.764161
0.764057
0.763960
0.763870
0.763787
0.763711
0.763642
0.763579
0.763523
0.763472
0.763428
0.763389
0.763356
0.763328
0.763305
0.763287
0.763275
0.763266
0.763262
0.763263
0.763267
0.763275
0.763287
0.763302
0.763321
0.763344
0.763369
0.763397
0.763429
0.763463
0.763501
0.763541
0.763584
0.763631
0.763680
0.763733
0.763789
0.763848
0.763911
0.763978
0.764048
0.764123
0.764201
0.764284
0.764372
0.764464
0.764561
0.764662
0.764769
0.764880
0.764997
0.765118
0.765245
0.765377
0.765513
0.765655
0.765803
0.765955
0.766112
0.766274
0.766442
0.766614
0.766791
0.766973
0.767160
0.767352
0.767548
0.767749
0.767955
0.768165
0.768380
0.768599
0.768823
0.769051
0.769283
0.769519
0.769759
0.770004
0.770252
0.770505
0.770761
0.771022
0.771286
0.771554
0.771825
0.772100
0.772379
0.772661
0.772947
0.773236
0.773528
0.773824
0.774123
0.774425
0.774730
0.775039
0.775350
0.775665
0.775982
0.776302
0.776625
0.776951
0.777279
0.777611
0.777611
0.777944
0.778281
0.778620
0.778961
0.779305
0.779651
0.780000
0.780351
0.780704
0.781059
0.781417
0.781776
0.782138
0.782502
0.782867
0.783235
0.783605
0.783976
0.784350
0.784725
0.785102
0.785481
0.785861
0.786244
0.786627
0.787013
0.787400
0.787788
0.788178
0.788570
0.788963
0.789358
0.789753
0.790151
0.790549
0.790949
0.791350
0.791753
0.792157
0.792562
0.792968
0.793375
0.793784
0.794194
0.794604
0.795016
0.795429
0.795844
0.796259
0.796675
0.797092
0.797510
0.797929
0.798350
0.798771
0.799193
0.799616
0.800040
0.800465
0.800890
0.801317
0.801745
0.802173
0.802602
0.803032
0.803463
0.803895
0.804328
0.804761
0.805196
0.805631
0.806067
0.806503
0.806941
0.807379
0.807818
0.808258
0.808699
0.809140
0.809583
0.810026
0.810470
0.810914
0.811360
0.811806
0.812253
0.812701
0.813150
0.813599
0.814049
0.814501
0.814952
0.815405
0.815858
0.816313
0.816768
0.817224
0.817680
0.818138
0.818596
0.819056
0.819516
0.819977
0.820438
0.820901
0.821365
0.821829
0.822294
0.822760
0.823227
0.823695
0.824164
0.824634
0.825104
0.825576
0.826048
0.826521
0.826996
0.827471
0.827947
0.828424
0.828902
0.829381
0.829861
0.830342
0.830824
0.831307
0.831791
0.832276
0.832761
0.833248
0.833736
0.834225
0.834715
0.835206
0.835698
0.836191
0.836685
0.837181
0.837677
0.838174
0.838673
0.839172
0.839673
0.840174
0.840677
0.841181
0.841686
0.842192
0.842699
0.843207
0.843717
0.844227
0.844739
0.845252
0.845766
0.846281
0.846797
0.847315
0.847833
0.848353
0.848874
0.849396
0.849920
0.850444
0.850970
0.851497
0.852025
0.852554
0.853085
0.853617
0.854150
0.854684
0.855220
0.855757
0.856295
0.856834
0.857374
0.857916
0.858459
0.859004
0.859549
0.860096
0.860645
0.861194
0.861745
0.862297
0.862851
0.863406
0.863962
0.864519
0.865078
0.865639
0.866200
0.866763
0.867328
0.867893
0.868461
0.869029
0.869599
0.870171
0.870744
0.871318
0.871894
0.872471
0.873049
0.873630
0.874211
0.874794
0.875379
0.875965
0.876553
0.877142
0.877733
0.878325
0.878919
0.879514
0.880111
0.880710
0.881310
0.881912
0.882515
0.883120
0.883727
0.884335
0.884945
0.885556
0.886169
0.886784
0.887401
0.888019
0.888639
0.889261
0.889884
0.890509
0.891135
0.891764
0.892394
0.893025
0.893659
0.894294
0.894931
0.895569
0.896209
0.896851
0.897494
0.898139
0.898785
0.899433
0.900083
0.900734
0.901387
0.902041
0.902697
0.903354
0.904013
0.904673
0.905334
0.905996
0.906660
0.907325
0.907992
0.908659
0.909327
0.909997
0.910667
0.911339
0.912011
0.912684
0.913358
0.914033
0.914708
0.915384
0.916060
0.916737
0.917414
0.918091
0.918768
0.919445
0.920122
0.920799
0.921476
0.922153
0.922828
0.923503
0.924178
0.924851
0.925524
0.926195
0.926865
0.927534
0.928201
0.928866
0.929530
0.930191
0.930851
0.931508
0.932162
0.932814
0.933463
0.934110
0.934753
0.935392
0.936028
0.936661
0.937290
0.937914
0.938535
0.939151
0.939762
0.940369
0.940971
0.941568
0.942160
0.942747
0.943328
0.943904
0.944474
0.945039
0.945597
0.946150
0.946697
0.947238
0.947773
0.948302
0.948825
0.949341
0.949852
0.950357
0.950855
0.951348
0.951834
0.952314
0.952789
0.953257
0.953720
0.954177
0.954628
0.955073
0.955513
0.955947
0.956376
0.956799
0.957217
0.957629
0.958036
0.958438
0.958835
0.959226
0.959612
0.959994
0.960370
0.960742
0.961109
0.961470
0.961828
0.962180
0.962529
0.962872
0.963211
0.963546
0.963877
0.964204
0.964527
0.964846
0.965161
0.965473
0.965782
0.966087
0.966386
0.966664
0.966854
0.966867
0.966782
0.966680
0.966638
0.966728
0.965767
0.966747
0.967480
0.968038
0.968622
0.969167
0.969691
0.970211
0.970732
0.971258
0.971788
0.972322
0.972860
0.973407
0.973976
0.974478
0.974403
0.973182
0.974235
0.974990
0.975697
0.975870
0.973918
0.975762
0.976455
0.977076
0.977911
0.977836
0.975146
0.977688
0.978460
0.979102
0.979315
0.976559
0.979137
0.979970
0.980587
0.980345
0.980594
0.977462
0.980418
0.981601
0.981693
0.978537
0.981611
0.982913
0.982744
0.979580
0.982601
0.983982
0.983688
0.980329
0.983502
0.985040
0.984508
0.981020
0.984260
0.986003
0.985351
0.981790
0.985149
0.987017
0.985969
0.986796
0.982677
0.986320
0.987342
0.983071
0.987054
0.988332
0.984461
0.987993
0.989065
0.986037
0.988628
0.989733
0.986029
0.989130
0.990233
0.986656
0.989741
0.990600
0.986762
0.990104
0.991098
0.987075
0.990688
0.991408
0.987303
0.991020
0.991914
0.987576
0.991624
0.992192
0.987870
0.991904
0.992740
0.988182
0.992629
0.992841
0.988471
0.992657
0.993601
0.988826
0.993793
0.993517
0.989350
0.993432
0.994808
0.989937
0.995045
0.990714
0.994925
0.994082
0.994921
0.991058
0.994863
0.996329
0.991133
0.996671
0.995375
0.996577
0.996577
0.992004
0.996805
0.993745
0.996996
0.998582
0.993315
0.998782
0.994659
0.998902
0.995733
0.998950
1.000790
0.995358
1.000135
0.997496
1.000411
0.996376
1.000607
1.001636
0.996573
1.002251
0.997165
1.002139
0.998397
1.002374
1.003196
1.000625
1.003891
0.998682
1.003803
0.999266
1.003890
1.000690
1.004949
1.003703
1.005154
1.000790
1.005621
1.001376
1.006122
1.002249
1.006792
1.003157
1.007518
1.003990
1.008091
1.004320
1.008612
1.004976
1.009064
1.005172
1.009534
1.005626
1.009913
1.005902
1.010312
1.006215
1.010640
1.006485
1.010973
1.006742
1.011277
1.006987
1.011582
1.007224
1.011881
1.007455
1.012176
1.007679
1.012465
1.007890
1.012742
1.008083
1.013000
1.008255
1.013236
1.008416
1.013460
1.008579
1.013685
1.008755
1.013916
1.008942
1.014150
1.009134
1.014380
1.009322
1.014600
1.009496
1.014804
1.009648
1.014990
1.009768
1.015155
1.009842
1.015293
1.009854
1.015393
1.009781
1.015436
1.009607
1.015400
1.009342
1.015279
1.009032
1.015092
1.008739
1.014879
1.008512
1.014692
1.008356
1.014552
1.008249
1.014439
1.008170
1.014331
1.008105
1.014222
1.008045
1.014119
1.007992
1.014028
1.007947
1.013947
1.007926
1.013854
1.007962
1.013725
1.008096
1.013559
1.008339
1.013380
1.008640
1.013215
1.008938
1.013058
1.009199
1.012887
1.009418
1.012695
1.009602
1.012481
1.009761
1.012252
1.009905
1.012011
1.010042
1.011763
1.010176
1.011515
1.010309
1.011277
1.010435
1.011062
1.010541
1.010888
1.010613
1.010767
1.010647
1.010698
1.010658
1.010672
1.010668
1.010681
1.010696
1.010719
1.010750
1.010788
1.010835
1.010889
1.010951
1.011022
1.011100
1.011186
1.011280
1.011381
1.011490
1.011605
1.011727
1.011855
1.011990
1.012130
1.012275
1.012425
1.012579
1.012737
1.012899
1.013063
1.013231
1.013401
1.013573
1.013747
1.013923
1.014100
1.014279
1.014458
1.014639
1.014821
1.015004
1.015188
1.015373
1.015559
1.015747
1.015935
1.016125
1.016316
1.016508
1.016701
1.016895
1.017089
1.017285
1.017481
1.017678
1.017875
1.018073
1.018270
1.018468
1.018665
1.018862
1.019059
1.019255
1.019451
1.019645
1.019839
1.020032
1.020224
1.020415
1.020605
1.020793
1.020981
1.021167
1.021352
1.021536
1.021718
1.021900
1.022081
1.022260
1.022438
1.022616
1.022792
1.022968
1.023143
1.023318
1.023491
1.023665
1.023837
1.024010
1.024182
1.024354
1.024526
1.024697
1.024869
1.025041
1.025212
1.025384
1.025555
1.025727
1.025899
1.026071
1.026243
1.026414
1.026586
1.026758
1.026930
1.027102
1.027274
1.027446
1.027618
1.027789
1.027961
1.028133
1.028304
1.028476
1.028647
1.028819
1.028990
1.029162
1.029334
1.029505
1.029677
1.029848
1.030020
1.030192
1.030363
1.030534
1.030706
1.030877
1.031048
1.031218
1.031388
1.031558
1.031727
1.031896
1.032064
1.032232
1.032399
1.032566
1.032732
1.032897
1.033062
1.033227
1.033391
1.033555
1.033719
1.033883
1.034047
1.034211
1.034376
1.034541
1.034706
1.034872
1.035039
1.035208
1.035377
1.035547
1.035718
1.035889
1.036061
1.036233
1.036404
1.036574
1.036743
1.036911
1.037079
1.037248
1.037419
1.037592
1.037767
1.037945
1.038127
1.038312
1.038501
1.038696
1.038895
1.039099
1.039307
1.039520
1.039736
1.039956
1.040179
1.040404
1.040631
1.040859
1.041089
1.041320
1.041551
1.041783
1.042016
1.042249
1.042482
1.042716
1.042949
1.043183
1.043417
1.043650
1.043883
1.044116
1.044347
1.044578
1.044808
1.045036
1.045264
1.045490
1.045716
1.045942
1.046172
1.046406
1.046649
1.046903
1.047173
1.047462
1.047770
1.048100
1.048451
1.048821
1.049209
1.049614
1.050032
1.050464
1.050909
1.051367
1.051839
1.052328
1.052834
1.053361
1.053914
1.054496
1.055113
1.055768
1.056460
1.057186
1.057934
1.058692
1.059449
1.060196
1.060926
1.061638
1.062329
1.063002
1.063658
1.064297
1.064923
1.065536
1.066138
1.066730
1.067314
1.067890
1.068460
1.069023
1.069582
1.070135
1.070683
1.071227
1.071767
1.072303
1.072835
1.073364
1.073889
1.074410
1.074929
1.075443
1.075955
1.076463
1.076968
1.077469
1.077967
1.078461
1.078952
1.079440
1.079924
1.080404
1.080881
1.081354
1.081823
1.082289
1.082751
1.083209
1.083664
1.084114
1.084561
1.085003
1.085442
1.085877
1.086308
1.086735
1.087158
1.087577
1.087992
1.088404
1.088811
1.089214
1.089613
1.090009
1.090400
1.090788
1.091172
1.091552
1.091928
1.092301
1.092670
1.093035
1.093397
1.093755
1.094110
1.094462
1.094810
1.095155
1.095497
1.095836
1.096172
1.096505
1.096836
1.097164
1.097490
1.097814
1.098135
1.098455
1.098774
1.099091
1.099408
1.099724
1.100041
1.100358
1.100675
1.100995
1.101315
1.101637
1.101960
1.102284
1.102607
1.102930
1.103251
1.103570
1.103887
1.104201
1.104514
1.104825
1.105134
1.105441
1.105441
1.105747
1.106055
1.106329
1.106841
1.105727
1.106499
1.106572
1.107268
1.106781
1.106946
1.106955
1.106932
1.107017
1.107198
1.107443
1.107712
1.107977
1.108226
1.108455
1.108668
1.108871
1.109066
1.109256
1.109439
1.109614
1.109779
1.109935
1.110081
1.110218
1.110348
1.110471
1.110587
1.110697
1.110801
1.110898
1.110989
1.111074
1.111153
1.111226
1.111293
1.111355
1.111412
1.111464
1.111511
1.111553
1.111591
1.111623
1.111651
1.111674
1.111692
1.111706
1.111714
1.111718
1.111716
1.111710
1.111698
1.111680
1.111658
1.111630
1.111597
1.111558
1.111514
1.111465
1.111410
1.111350
1.111285
1.111215
1.111139
1.111059
1.110973
1.110882
1.110786
1.110685
1.110578
1.110467
1.110350
1.110228
1.110101
1.109969
1.109832
1.109689
1.109541
1.109387
1.109228
1.109064
1.108895
1.108720
1.108540
1.108355
1.108164
1.107968
1.107766
1.107560
1.107348
1.107131
1.106910
1.106683
1.106452
1.106215
1.105975
1.105729
1.105480
1.105226
1.104968
1.104706
1.104440
1.104171
1.103899
1.103623
1.103345
1.103063
1.102779
1.102492
1.102204
1.101913
1.101620
1.101326
1.101031
1.100734
1.100436
1.100138
1.099839
1.099540
1.099240
1.098941
1.098642
1.098343
1.098045
1.097748
1.097452
1.097157
1.096864
1.096572
1.096282
1.095993
1.095707
1.095423
1.095141
1.094861
1.094584
1.094310
1.094038
1.093770
1.093504
1.093241
1.092982
1.092725
1.092472
1.092223
1.091976
1.091734
1.091494
1.091259
1.091027
1.090798
1.090574
1.090353
1.090135
1.089922
1.089712
1.089505
1.089303
1.089104
1.088909
1.088718
1.088530
1.088346
1.088166
1.087990
1.087817
1.087647
1.087481
1.087319
1.087160
1.087005
1.086853
1.086704
1.086559
1.086417
1.086278
1.086143
1.086011
1.085881
1.085755
1.085632
1.085512
1.085395
1.085280
1.085169
1.085060
1.084954
1.084851
1.084750
1.084652
1.084557
1.084463
1.084373
1.084284
1.084198
1.084115
1.084033
1.083954
1.083876
1.083801
1.083728
1.083657
1.083587
1.083520
1.083454
1.083390
1.083328
1.083267
1.083208
1.083151
1.083095
1.083040
1.082987
1.082935
1.082885
1.082836
1.082788
1.082741
1.082696
1.082652
1.082608
1.082566
1.082525
1.082484
1.082445
1.082406
1.082368
1.082332
1.082295
1.082260
1.082225
1.082191
1.082158
1.082125
1.082092
1.082060
1.082029
1.081998
1.081968
1.081938
1.081908
1.081879
1.081850
1.081821
1.081793
1.081765
1.081737
1.081709
1.081682
1.081654
1.081627
1.081600
1.081573
1.081546
1.081519
1.081492
1.081465
1.081439
1.081412
1.081385
1.081358
1.081331
1.081304
1.081277
1.081250
1.081222
1.081195
1.081167
1.081139
1.081111
1.081083
1.081055
1.081026
1.080997
1.080968
1.080939
1.080910
1.080880
1.080850
1.080820
1.080789
1.080758
1.080727
1.080696
1.080664
1.080632
1.080600
1.080567
1.080534
1.080501
1.080467
1.080433
1.080399
1.080364
1.080329
1.080293
1.080257
1.080221
1.080184
1.080147
1.080110
1.080072
1.080034
1.079995
1.079956
1.079917
1.079877
1.079837
1.079796
1.079755
1.079713
1.079671
1.079629
1.079586
1.079543
1.079499
1.079455
1.079410
1.079365
1.079319
1.079273
1.079226
1.079179
1.079131
1.079083
1.079035
1.078985
1.078936
1.078885
1.078835
1.078784
1.078732
1.078679
1.078626
1.078573
1.078519
1.078464
1.078409
1.078354
1.078297
1.078240
1.078183
1.078125
1.078066
1.078007
1.077947
1.077886
1.077824
1.077762
1.077700
1.077636
1.077572
1.077508
1.077442
1.077376
1.077309
1.077241
1.077173
1.077104
1.077034
1.076963
1.076892
1.076819
1.076746
1.076672
1.076598
1.076522
1.076446
1.076368
1.076290
1.076211
1.076132
1.076051
1.075969
1.075887
1.075804
1.075719
1.075634
1.075549
1.075462
1.075374
1.075286
1.075197
1.075107
1.075017
1.074926
1.074834
1.074742
1.074649
1.074556
1.074463
1.074369
1.074275
1.074182
1.074089
1.073996
1.073903
1.073812
1.073722
1.073633
1.073547
1.073462
1.073380
1.073300
1.073222
1.073146
1.073070
1.072992
1.072910
1.072824
1.072732
1.072635
1.072533
1.072428
1.072321
1.072211
1.072100
1.071988
1.071875
1.071761
1.071647
1.071531
1.071416
1.071299
1.071182
1.071064
1.070945
1.070826
1.070706
1.070585
1.070464
1.070342
1.070219
1.070096
1.069972
1.069847
1.069722
1.069596
1.069469
1.069342
1.069214
1.069086
1.068957
1.068827
1.068697
1.068566
1.068435
1.068303
1.068170
1.068037
1.067904
1.067770
1.067635
1.067500
1.067365
1.067229
1.067093
1.066956
1.066819
1.066682
1.066544
1.066406
1.066268
1.066129
1.065990
1.065851
1.065712
1.065572
1.065432
1.065292
1.065152
1.065012
1.064871
1.064731
1.064590
1.064449
1.064308
1.064167
1.064026
1.063885
1.063744
1.063603
1.063462
1.063321
1.063180
1.063039
1.062898
1.062757
1.062616
1.062475
1.062335
1.062194
1.062054
1.061914
1.061774
1.061774
1.061634
1.061494
1.061355
1.061215
1.061076
1.060938
1.060799
1.060661
1.060523
1.060385
1.060247
1.060110
1.059973
1.059837
1.059701
1.059565
1.059429
1.059294
1.059159
1.059025
1.058891
1.058758
1.058625
1.058492
1.058360
1.058229
1.058098
1.057967
1.057837
1.057708
1.057579
1.057451
1.057323
1.057196
1.057070
1.056944
1.056819
1.056694
1.056570
1.056447
1.056324
1.056203
1.056082
1.055961
1.055842
1.055723
1.055605
1.055488
1.055372
1.055256
1.055142
1.055028
1.054915
1.054803
1.054692
1.054582
1.054472
1.054364
1.054257
1.054150
1.054045
1.053940
1.053837
1.053734
1.053632
1.053532
1.053432
1.053334
1.053237
1.053140
1.053045
1.052951
1.052857
1.052765
1.052674
1.052584
1.052495
1.052408
1.052321
1.052235
1.052151
1.052067
1.051985
1.051903
1.051823
1.051744
1.051666
1.051589
1.051513
1.051438
1.051364
1.051291
1.051219
1.051148
1.051078
1.051009
1.050940
1.050873
1.050807
1.050742
1.050677
1.050614
1.050551
1.050489
1.050428
1.050368
1.050308
1.050249
1.050191
1.050134
1.050077
1.050021
1.049966
1.049911
1.049857
1.049804
1.049751
1.049698
1.049647
1.049595
1.049544
1.049494
1.049443
1.049394
1.049344
1.049295
1.049247
1.049198
1.049150
1.049102
1.049055
1.049007
1.048960
1.048913
1.048866
1.048819
1.048773
1.048726
1.048680
1.048634
1.048587
1.048541
1.048495
1.048449
1.048403
1.048357
1.048311
1.048265
1.048219
1.048173
1.048127
1.048081
1.048035
1.047989
1.047943
1.047897
1.047852
1.047806
1.047760
1.047714
1.047668
1.047622
1.047577
1.047531
1.047486
1.047440
1.047395
1.047349
1.047304
1.047259
1.047214
1.047170
1.047125
1.047080
1.047036
1.046992
1.046948
1.046904
1.046861
1.046817
1.046774
1.046731
1.046688
1.046645
1.046603
1.046561
1.046518
1.046477
1.046435
1.046393
1.046352
1.046311
1.046269
1.046228
1.046187
1.046146
1.046105
1.046064
1.046022
1.045981
1.045941
1.045902
1.045848
1.045793
1.045757
1.045736
1.045701
1.045676
1.045630
1.045614
1.045549
1.045552
1.045449
1.045458
1.045417
1.045423
1.045338
1.045343
1.045283
1.045313
1.045208
1.045218
1.045207
1.045183
1.045188
1.045087
1.045087
1.045112
1.045024
1.044999
1.045038
1.044955
1.044923
1.044945
1.044941
1.044971
1.044864
1.044866
1.044891
1.044861
1.044874
1.044861
1.044906
1.044829
1.044842
1.044852
1.044841
1.044876
1.044758
1.044737
1.044712
1.044772
1.044821
1.044743
1.044726
1.044756
1.044770
1.044831
1.044681
1.044646
1.044565
1.044513
1.044440
1.044379
1.044329
1.044279
1.044233
1.044189
1.044147
1.044109
1.044072
1.044037
1.044003
1.043970
1.043939
1.043908
1.043877
1.043848
1.043819
1.043791
1.043763
1.043737
1.043710
1.043685
1.043659
1.043635
1.043610
1.043587
1.043563
1.043540
1.043518
1.043495
1.043473
1.043451
1.043430
1.043408
1.043387
1.043366
1.043344
1.043323
1.043301
1.043280
1.043258
1.043236
1.043214
1.043191
1.043169
1.043146
1.043122
1.043098
1.043074
1.043050
1.043024
1.042999
1.042973
1.042946
1.042919
1.042892
1.042864
1.042835
1.042806
1.042777
1.042747
1.042716
1.042685
1.042654
1.042622
1.042589
1.042556
1.042523
1.042489
1.042454
1.042419
1.042384
1.042348
1.042312
1.042275
1.042238
1.042200
1.042162
1.042124
1.042085
1.042046
1.042006
1.041966
1.041926
1.041885
1.041844
1.041803
1.041762
1.041720
1.041678
1.041635
1.041592
1.041550
1.041506
1.041463
1.041419
1.041376
1.041332
1.041288
1.041244
1.041199
1.041155
1.041110
1.041066
1.041021
1.040976
1.040932
1.040887
1.040842
1.040797
1.040753
1.040708
1.040663
1.040619
1.040574
1.040530
1.040485
1.040441
1.040396
1.040352
1.040308
1.040264
1.040220
1.040177
1.040133
1.040089
1.040046
1.040003
1.039960
1.039917
1.039874
1.039831
1.039789
1.039746
1.039704
1.039662
1.039620
1.039578
1.039537
1.039495
1.039454
1.039412
1.039371
1.039330
1.039290
1.039249
1.039208
1.039168
1.039128
1.039087
1.039047
1.039007
1.038968
1.038928
1.038888
1.038849
1.038809
1.038770
1.038731
1.038692
1.038653
1.038614
1.038575
1.038537
1.038498
1.038460
1.038421
1.038383
1.038345
1.038306
1.038268
1.038230
1.038192
1.038154
1.038116
1.038079
1.038041
1.038003
1.037966
1.037928
1.037891
1.037853
1.037816
1.037779
1.037741
1.037704
1.037667
1.037630
1.037593
1.037556
1.037519
1.037483
1.037446
1.037409
1.037373
1.037336
1.037300
1.037264
1.037227
1.037191
1.037155
1.037119
1.037083
1.037048
1.037012
1.036976
1.036941
1.036906
1.036870
1.036835
1.036800
1.036765
1.036731
1.036696
1.036661
1.036627
1.036593
1.036559
1.036525
1.036491
1.036457
1.036424
1.036391
1.036357
1.036324
1.036292
1.036259
1.036226
1.036194
1.036162
1.036130
1.036098
1.036067
1.036035
1.036004
1.035973
1.035942
1.035942
1.035912
1.035881
1.035851
1.035821
1.035791
1.035762
1.035732
1.035703
1.035674
1.035645
1.035617
1.035589
1.035561
1.035533
1.035505
1.035478
1.035450
1.035423
1.035397
1.035370
1.035344
1.035318
1.035292
1.035266
1.035241
1.035216
1.035191
1.035166
1.035141
1.035117
1.035093
1.035069
1.035046
1.035022
1.034999
1.034976
1.034953
1.034931
1.034909
1.034887
1.034865
1.034843
1.034822
1.034801
1.034780
1.034759
1.034739
1.034718
1.034698
1.034679
1.034659
1.034640
1.034620
1.034601
1.034583
1.034564
1.034546
1.034528
1.034510
1.034492
1.034475
1.034458
1.034441
1.034424
1.034407
1.034391
1.034375
1.034359
1.034343
1.034328
1.034313
1.034298
1.034283
1.034269
1.034254
1.034240
1.034227
1.034213
1.034200
1.034187
1.034174
1.034162
1.034149
1.034138
1.034126
1.034115
1.034104
1.034094
1.034083
1.034074
1.034065
1.034056
1.034048
1.034041
1.034036
1.034031
1.034028
1.034029
1.034035
1.034055
1.034072
1.034044
1.034056
1.034044
1.034058
1.034023
1.034033
1.034019
1.034030
1.033992
1.034001
1.033990
1.033999
1.033964
1.033974
1.033957
1.033971
1.033932
1.033942
1.033936
1.033941
1.033917
1.033929
1.033898
1.033912
1.033894
1.033908
1.033875
1.033888
1.033875
1.033887
1.033858
1.033872
1.033853
1.033868
1.033841
1.033855
1.033836
1.033851
1.033826
1.033841
1.033821
1.033836
1.033813
1.033828
1.033808
1.033823
1.033802
1.033816
1.033797
1.033811
1.033791
1.033805
1.033786
1.033800
1.033782
1.033795
1.033777
1.033790
1.033773
1.033786
1.033769
1.033781
1.033765
1.033777
1.033761
1.033773
1.033757
1.033768
1.033754
1.033764
1.033750
1.033760
1.033747
1.033756
1.033744
1.033752
1.033740
1.033748
1.033737
1.033745
1.033734
1.033741
1.033731
1.033737
1.033728
1.033733
1.033725
1.033729
1.033722
1.033725
1.033718
1.033721
1.033715
1.033717
1.033712
1.033713
1.033709
1.033709
1.033705
1.033705
1.033702
1.033702
1.033698
1.033698
1.033695
1.033694
1.033691
1.033690
1.033687
1.033686
1.033683
1.033682
1.033680
1.033678
1.033676
1.033674
1.033672
1.033670
1.033668
1.033666
1.033663
1.033661
1.033659
1.033657
1.033655
1.033653
1.033651
1.033649
1.033647
1.033645
1.033643
1.033640
1.033638
1.033636
1.033634
1.033632
1.033629
1.033627
1.033625
1.033623
1.033621
1.033618
1.033616
1.033614
1.033612
1.033609
1.033607
1.033605
1.033602
1.033600
1.033598
1.033595
1.033593
1.033591
1.033588
1.033586
1.033583
1.033581
1.033578
1.033576
1.033574
1.033571
1.033569
1.033566
1.033564
1.033561
1.033559
1.033556
1.033554
1.033551
1.033549
1.033546
1.033543
1.033541
1.033538
1.033536
1.033533
1.033530
1.033528
1.033525
1.033523
1.033520
1.033517
1.033515
1.033512
1.033509
1.033507
1.033504
1.033501
1.033498
1.033496
1.033493
1.033490
1.033488
1.033485
1.033482
1.033479
1.033476
1.033474
1.033471
1.033468
1.033465
1.033462
1.033460
1.033457
1.033454
1.033451
1.033448
1.033445
1.033443
1.033440
1.033437
1.033434
1.033431
1.033428
1.033425
1.033422
1.033419
1.033417
1.033414
1.033411
1.033408
1.033405
1.033402
1.033399
1.033396
1.033393
1.033390
1.033387
1.033384
1.033381
1.033378
1.033375
1.033372
1.033369
1.033366
1.033363
1.033360
1.033357
1.033354
1.033351
1.033348
1.033345
1.033342
1.033339
1.033336
1.033333
1.033330
1.033327
1.033324
1.033321
1.033318
1.033315
1.033312
1.033309
1.033306
1.033303
1.033300
1.033297
1.033294
1.033291
1.033288
1.033285
1.033282
1.033279
1.033276
1.033273
1.033270
1.033267
1.033264
1.033261
1.033257
1.033254
1.033251
1.033248
1.033245
1.033242
1.033239
1.033236
1.033233
1.033230
1.033227
1.033224
1.033221
1.033218
1.033215
1.033212
1.033209
1.033206
1.033203
1.033200
1.033197
1.033194
1.033191
1.033188
1.033185
1.033182
1.033179
1.033176
1.033173
1.033170
1.033167
1.033164
1.033161
1.033158
1.033155
1.033152
1.033149
1.033146
1.033143
1.033140
1.033137
1.033134
1.033131
1.033128
1.033125
1.033122
1.033119
1.033116
1.033113
1.033111
1.033108
1.033105
1.033102
1.033099
1.033096
1.033093
1.033090
1.033087
1.033084
1.033081
1.033079
1.033076
1.033073
1.033070
1.033067
1.033064
1.033061
1.033059
1.033056
1.033053
1.033050
1.033047
1.033044
1.033041
1.033039
1.033036
1.033033
1.033030
1.033027
1.033025
1.033022
1.033019
1.033016
1.033013
1.033011
1.033008
1.033005
1.033002
1.033000
1.032997
1.032994
1.032991
1.032989
1.032986
1.032983
1.032981
1.032978
1.032975
1.032972
1.032970
1.032967
1.032964
1.032962
1.032959
1.032956
1.032954
1.032951
1.032949
1.032946
1.032943
1.032941
1.032938
1.032936
1.032933
1.032930
1.032928
1.032925
1.032923
1.032920
1.032918
1.032915
1.032913
1.032910
1.032908
1.032905
1.032903
1.032900
1.032900
1.032898
1.032895
1.032893
1.032891
1.032888
1.032886
1.032883
1.032881
1.032879
1.032876
1.032874
1.032872
1.032869
1.032867
1.032865
1.032863
1.032860
1.032858
1.032856
1.032854
1.032851
1.032849
1.032847
1.032845
1.032843
1.032841
1.032839
1.032836
1.032834
1.032832
1.032830
1.032828
1.032826
1.032824
1.032822
1.032820
1.032818
1.032816
1.032814
1.032812
1.032810
1.032808
1.032806
1.032804
1.032802
1.032800
1.032799
1.032797
1.032795
1.032793
1.032791
1.032789
1.032787
1.032785
1.032783
1.032781
1.032780
1.032778
1.032776
1.032774
1.032772
1.032770
1.032768
1.032766
1.032764
1.032763
1.032761
1.032759
1.032757
1.032755
1.032753
1.032751
1.032749
1.032747
1.032745
1.032743
1.032741
1.032739
1.032737
1.032735
1.032733
1.032731
1.032729
1.032727
1.032725
1.032723
1.032721
1.032719
1.032717
1.032714
1.032712
1.032710
1.032708
1.032706
1.032704
1.032701
1.032699
1.032697
1.032695
1.032692
1.032690
1.032688
1.032686
1.032683
1.032681
1.032679
1.032676
1.032674
1.032672
1.032669
1.032667
1.032664
1.032662
1.032659
1.032657
1.032655
1.032652
1.032650
1.032647
1.032645
1.032642
1.032639
1.032637
1.032634
1.032632
1.032629
1.032626
1.032624
1.032621
1.032618
1.032616
1.032613
1.032610
1.032608
1.032605
1.032602
1.032600
1.032597
1.032594
1.032591
1.032588
1.032586
1.032583
1.032580
1.032577
1.032574
1.032571
1.032568
1.032566
1.032563
1.032560
1.032557
1.032554
1.032551
1.032548
1.032545
1.032542
1.032539
1.032536
1.032533
1.032530
1.032527
1.032524
1.032521
1.032518
1.032515
1.032512
1.032508
1.032505
1.032502
1.032499
1.032496
1.032493
1.032490
1.032486
1.032483
1.032480
1.032477
1.032474
1.032471
1.032467
1.032464
1.032461
1.032458
1.032454
1.032451
1.032448
1.032445
1.032441
1.032438
1.032435
1.032431
1.032428
1.032425
1.032421
1.032418
1.032415
1.032411
1.032408
1.032405
1.032401
1.032398
1.032395
1.032391
1.032388
1.032384
1.032381
1.032378
1.032374
1.032371
1.032367
1.032364
1.032361
1.032357
1.032354
1.032350
1.032347
1.032343
1.032340
1.032336
1.032333
1.032329
1.032326
1.032323
1.032319
1.032316
1.032312
1.032309
1.032305
1.032302
1.032298
1.032295
1.032291
1.032287
1.032284
1.032280
1.032277
1.032273
1.032270
1.032266
1.032263
1.032259
1.032256
1.032252
1.032249
1.032245
1.032241
1.032238
1.032234
1.032231
1.032227
1.032224
1.032220
1.032216
1.032213
1.032209
1.032206
1.032202
1.032198
1.032195
1.032191
1.032188
1.032184
1.032180
1.032177
1.032173
1.032170
1.032166
1.032162
1.032159
1.032155
1.032152
1.032148
1.032144
1.032141
1.032137
1.032134
1.032130
1.032126
1.032123
1.032119
1.032115
1.032112
1.032108
1.032105
1.032101
1.032097
1.032094
1.032090
1.032086
1.032083
1.032079
1.032075
1.032072
1.032068
1.032065
1.032061
1.032057
1.032054
1.032050
1.032046
1.032043
1.032039
1.032035
1.032032
1.032028
1.032024
1.032021
1.032017
1.032014
1.032010
1.032006
1.032003
1.031999
1.031995
1.031992
1.031988
1.031984
1.031981
1.031977
1.031973
1.031970
1.031966
1.031963
1.031959
1.031955
1.031952
1.031948
1.031944
1.031941
1.031937
1.031933
1.031930
1.031926
1.031922
1.031919
1.031915
1.031912
1.031908
1.031904
1.031901
1.031897
1.031893
1.031890
1.031886
1.031882
1.031879
1.031875
1.031872
1.031868
1.031864
1.031861
1.031857
1.031853
1.031850
1.031846
1.031842
1.031839
1.031835
1.031832
1.031828
1.031824
1.031821
1.031817
1.031813
1.031810
1.031806
1.031803
1.031799
1.031795
1.031792
1.031788
1.031784
1.031781
1.031777
1.031774
1.031770
1.031766
1.031763
1.031759
1.031756
1.031752
1.031748
1.031745
1.031741
1.031737
1.031734
1.031730
1.031727
1.031723
1.031719
1.031716
1.031712
1.031709
1.031705
1.031701
1.031698
1.031694
1.031691
1.031687
1.031683
1.031680
1.031676
1.031673
1.031669
1.031665
1.031662
1.031658
1.031655
1.031651
1.031648
1.031644
1.031640
1.031637
1.031633
1.031630
1.031626
1.031622
1.031619
1.031615
1.031612
1.031608
1.031605
1.031601
1.031597
1.031594
1.031590
1.031587
1.031583
1.031580
1.031576
1.031572
1.031569
1.031565
1.031562
1.031558
1.031555
1.031551
1.031548
1.031544
1.031540
1.031537
1.031533
1.031530
1.031526
1.031523
1.031519
1.031516
1.031512
1.031508
1.031505
1.031501
1.031498
1.031494
1.031491
1.031487
1.031484
1.031480
1.031477
1.031473
1.031470
1.031466
1.031462
1.031459
1.031455
1.031452
1.031448
1.031445
1.031441
1.031438
1.031434
1.031431
1.031427
1.031424
1.031420
1.031417
1.031413
1.031410
1.031406
1.031403
1.031399
1.031396
1.031392
1.031389
1.031385
1.031382
1.031378
1.031375
1.031371
1.031368
1.031364
1.031361
1.031357
1.031354
1.031350
1.031347
1.031343
1.031340
1.031336
1.031336
1.031333
1.031329
1.031326
1.031322
1.031319
1.031315
1.031312
1.031308
1.031305
1.031301
1.031298
1.031294
1.031291
1.031287
1.031284
1.031280
1.031277
1.031273
1.031270
1.031267
1.031263
1.031260
1.031256
1.031253
1.031249
1.031246
1.031242
1.031239
1.031235
1.031232
1.031228
1.031225
1.031222
1.031218
1.031215
1.031211
1.031208
1.031204
1.031201
1.031197
1.031194
1.031191
1.031187
1.031184
1.031180
1.031177
1.031173
1.031170
1.031167
1.031163
1.031160
1.031156
1.031153
1.031149
1.031146
1.031143
1.031139
1.031136
1.031132
1.031129
1.031125
1.031122
1.031119
1.031115
1.031112
1.031108
1.031105
1.031102
1.031098
1.031095
1.031091
1.031088
1.031085
1.031081
1.031078
1.031074
1.031071
1.031068
1.031064
1.031061
1.031057
1.031054
1.031051
1.031047
1.031044
1.031041
1.031037
1.031034
1.031030
1.031027
1.031024
1.031020
1.031017
1.031014
1.031010
1.031007
1.031003
1.031000
1.030997
1.030993
1.030990
1.030987
1.030983
1.030980
1.030977
1.030973
1.030970
1.030966
1.030963
1.030960
1.030956
1.030953
1.030950
1.030946
1.030943
1.030940
1.030936
1.030933
1.030930
1.030926
1.030923
1.030920
1.030916
1.030913
1.030910
1.030906
1.030903
1.030900
1.030896
1.030893
1.030890
1.030886
1.030883
1.030880
1.030876
1.030873
1.030870
1.030867
1.030863
1.030860
1.030857
1.030853
1.030850
1.030847
1.030843
1.030840
1.030837
1.030834
1.030830
1.030827
1.030824
1.030820
1.030817
1.030814
1.030811
1.030807
1.030804
1.030801
1.030797
1.030794
1.030791
1.030788
1.030784
1.030781
1.030778
1.030775
1.030771
1.030768
1.030765
1.030761
1.030758
1.030755
1.030752
1.030748
1.030745
1.030742
1.030739
1.030735
1.030732
1.030729
1.030726
1.030722
1.030719
1.030716
1.030713
1.030710
1.030706
1.030703
1.030700
1.030697
1.030693
1.030690
1.030687
1.030684
1.030681
1.030677
1.030674
1.030671
1.030668
1.030664
1.030661
1.030658
1.030655
1.030652
1.030648
1.030645
1.030642
1.030639
1.030636
1.030632
1.030629
1.030626
1.030623
1.030620
1.030616
1.030613
1.030610
1.030607
1.030604
1.030601
1.030597
1.030594
1.030591
1.030588
1.030585
1.030582
1.030578
1.030575
1.030572
1.030569
1.030566
1.030563
1.030559
1.030556
1.030553
1.030550
1.030547
1.030544
1.030541
1.030537
1.030534
1.030531
1.030528
1.030525
1.030522
1.030519
1.030516
1.030512
1.030509
1.030506
1.030503
1.030500
1.030497
1.030494
1.030491
1.030487
1.030484
1.030481
1.030478
1.030475
1.030472
1.030469
1.030466
1.030463
1.030460
1.030456
1.030453
1.030450
1.030447
1.030444
1.030441
1.030438
1.030435
1.030432
1.030429
1.030426
1.030423
1.030419
1.030416
1.030413
1.030410
1.030407
1.030404
1.030401
1.030398
1.030395
1.030392
1.030389
1.030386
1.030383
1.030380
1.030377
1.030374
1.030371
1.030367
1.030364
1.030361
1.030358
1.030355
1.030352
1.030349
1.030346
1.030343
1.030340
1.030337
1.030334
1.030331
1.030328
1.030325
1.030322
1.030319
1.030316
1.030313
1.030310
1.030307
1.030304
1.030301
1.030298
1.030295
1.030292
1.030289
1.030286
1.030283
1.030280
1.030277
1.030274
1.030271
1.030268
1.030265
1.030262
1.030259
1.030256
1.030253
1.030250
1.030247
1.030244
1.030241
1.030238
1.030236
1.030233
1.030230
1.030227
1.030224
1.030221
1.030218
1.030215
1.030212
1.030209
1.030206
1.030203
1.030200
1.030197
1.030194
1.030191
1.030188
1.030186
1.030183
1.030180
1.030177
1.030174
1.030171
1.030168
1.030165
1.030162
1.030159
1.030156
1.030153
1.030151
1.030148
1.030145
1.030142
1.030139
1.030136
1.030133
1.030130
1.030127
1.030124
1.030122
1.030119
1.030116
1.030113
1.030110
1.030107
1.030104
1.030101
1.030099
1.030096
1.030093
1.030090
1.030087
1.030084
1.030081
1.030078
1.030076
1.030073
1.030070
1.030067
1.030064
1.030061
1.030058
1.030056
1.030053
1.030050
1.030047
1.030044
1.030041
1.030039
1.030036
1.030033
1.030030
1.030027
1.030024
1.030022
1.030019
1.030016
1.030013
1.030010
1.030007
1.030005
1.030002
1.029999
1.029996
1.029993
1.029991
1.029988
1.029985
1.029982
1.029979
1.029977
1.029974
1.029971
1.029968
1.029965
1.029963
1.029960
1.029957
1.029954
1.029951
1.029949
1.029946
1.029943
1.029940
1.029938
1.029935
1.029932
1.029929
1.029926
1.029924
1.029921
1.029918
1.029915
1.029913
1.029910
1.029907
1.029904
1.029902
1.029899
1.029896
1.029893
1.029891
1.029888
1.029885
1.029882
1.029880
1.029877
1.029874
1.029871
1.029869
1.029866
1.029863
1.029860
1.029858
1.029855
1.029852
1.029849
1.029847
1.029844
1.029841
1.029839
1.029836
1.029833
1.029830
1.029828
1.029825
1.029822
1.029820
1.029817
1.029814
1.029811
1.029809
1.029806
1.029803
1.029801
1.029798
1.029795
1.029793
1.029790
1.029787
1.029784
1.029784
1.029782
1.029779
1.029776
1.029774
1.029771
1.029768
1.029766
1.029763
1.029760
1.029758
1.029755
1.029752
1.029750
1.029747
1.029744
1.029741
1.029739
1.029736
1.029733
1.029731
1.029728
1.029725
1.029723
1.029720
1.029717
1.029715
1.029712
1.029710
1.029707
1.029704
1.029702
1.029699
1.029696
1.029694
1.029691
1.029688
1.029686
1.029683
1.029680
1.029678
1.029675
1.029672
1.029670
1.029667
1.029664
1.029662
1.029659
1.029657
1.029654
1.029651
1.029649
1.029646
1.029643
1.029641
1.029638
1.029636
1.029633
1.029630
1.029628
1.029625
1.029622
1.029620
1.029617
1.029615
1.029612
1.029609
1.029607
1.029604
1.029601
1.029599
1.029596
1.029594
1.029591
1.029588
1.029586
1.029583
1.029581
1.029578
1.029575
1.029573
1.029570
1.029568
1.029565
1.029562
1.029560
1.029557
1.029555
1.029552
1.029549
1.029547
1.029544
1.029542
1.029539
1.029536
1.029534
1.029531
1.029529
1.029526
1.029524
1.029521
1.029518
1.029516
1.029513
1.029511
1.029508
1.029506
1.029503
1.029500
1.029498
1.029495
1.029493
1.029490
1.029487
1.029485
1.029482
1.029480
1.029477
1.029475
1.029472
1.029470
1.029467
1.029464
1.029462
1.029459
1.029457
1.029454
1.029452
1.029449
1.029446
1.029444
1.029441
1.029439
1.029436
1.029434
1.029431
1.029429
1.029426
1.029423
1.029421
1.029418
1.029416
1.029413
1.029411
1.029408
1.029406
1.029403
1.029401
1.029398
1.029395
1.029393
1.029390
1.029388
1.029385
1.029383
1.029380
1.029378
1.029375
1.029373
1.029370
1.029367
1.029365
1.029362
1.029360
1.029357
1.029355
1.029352
1.029350
1.029347
1.029345
1.029342
1.029340
1.029337
1.029335
1.029332
1.029330
1.029327
1.029324
1.029322
1.029319
1.029317
1.029314
1.029312
1.029309
1.029307
1.029304
1.029302
1.029299
1.029297
1.029294
1.029292
1.029289
1.029287
1.029284
1.029282
1.029279
1.029277
1.029274
1.029272
1.029269
1.029267
1.029264
1.029262
1.029259
1.029257
1.029254
1.029252
1.029249
1.029247
1.029244
1.029242
1.029239
1.029237
1.029234
1.029232
1.029229
1.029227
1.029224
1.029222
1.029219
1.029217
1.029214
1.029212
1.029209
1.029207
1.029204
1.029202
1.029199
1.029197
1.029194
1.029192
1.029189
1.029187
1.029184
1.029182
1.029179
1.029177
1.029174
1.029172
1.029169
1.029167
1.029165
1.029162
1.029160
1.029157
1.029155
1.029152
1.029150
1.029147
1.029145
1.029142
1.029140
1.029137
1.029135
1.029132
1.029130
1.029128
1.029125
1.029123
1.029120
1.029118
1.029115
1.029113
1.029110
1.029108
1.029105
1.029103
1.029101
1.029098
1.029096
1.029093
1.029091
1.029088
1.029086
1.029083
1.029081
1.029079
1.029076
1.029074
1.029071
1.029069
1.029066
1.029064
1.029062
1.029059
1.029057
1.029054
1.029052
1.029049
1.029047
1.029045
1.029042
1.029040
1.029037
1.029035
1.029033
1.029030
1.029028
1.029025
1.029023
1.029020
1.029018
1.029016
1.029013
1.029011
1.029008
1.029006
1.029004
1.029001
1.028999
1.028997
1.028994
1.028992
1.028989
1.028987
1.028985
1.028982
1.028980
1.028977
1.028975
1.028973
1.028970
1.028968
1.028966
1.028963
1.028961
1.028958
1.028956
1.028954
1.028951
1.028949
1.028947
1.028944
1.028942
1.028940
1.028937
1.028935
1.028933
1.028930
1.028928
1.028926
1.028923
1.028921
1.028919
1.028916
1.028914
1.028912
1.028909
1.028907
1.028905
1.028902
1.028900
1.028898
1.028895
1.028893
1.028891
1.028889
1.028886
1.028884
1.028882
1.028879
1.028877
1.028875
1.028873
1.028870
1.028868
1.028866
1.028863
1.028861
1.028859
1.028857
1.028854
1.028852
1.028850
1.028848
1.028845
1.028843
1.028841
1.028839
1.028837
1.028834
1.028832
1.028830
1.028828
1.028825
1.028823
1.028821
1.028819
1.028817
1.028814
1.028812
1.028810
1.028808
1.028806
1.028804
1.028801
1.028799
1.028797
1.028795
1.028793
1.028791
1.028788
1.028786
1.028784
1.028782
1.028780
1.028778
1.028776
1.028774
1.028771
1.028769
1.028767
1.028765
1.028763
1.028761
1.028759
1.028757
1.028755
1.028753
1.028751
1.028748
1.028746
1.028744
1.028742
1.028740
1.028738
1.028736
1.028734
1.028732
1.028730
1.028728
1.028726
1.028724
1.028722
1.028720
1.028718
1.028716
1.028714
1.028712
1.028710
1.028708
1.028706
1.028705
1.028703
1.028701
1.028699
1.028697
1.028695
1.028693
1.028691
1.028689
1.028687
1.028686
1.028684
1.028682
1.028680
1.028678
1.028676
1.028674
1.028673
1.028671
1.028669
1.028667
1.028665
1.028664
1.028662
1.028660
1.028658
1.028656
1.028655
1.028653
1.028651
1.028649
1.028648
1.028646
1.028644
1.028643
1.028641
1.028639
1.028638
1.028636
1.028634
1.028633
1.028631
1.028629
1.028628
1.028626
1.028624
1.028623
1.028621
1.028620
1.028618
1.028617
1.028615
1.028614
1.028612
1.028610
1.028609
1.028607
1.028606
1.028606
1.028604
1.028603
1.028602
1.028600
1.028599
1.028597
1.028596
1.028594
1.028593
1.028592
1.028590
1.028589
1.028587
1.028586
1.028585
1.028583
1.028582
1.028581
1.028580
1.028578
1.028577
1.028576
1.028575
1.028573
1.028572
1.028571
1.028570
1.028569
1.028567
1.028566
1.028565
1.028564
1.028563
1.028562
1.028561
1.028560
1.028558
1.028557
1.028556
1.028555
1.028554
1.028553
1.028552
1.028551
1.028550
1.028549
1.028549
1.028548
1.028547
1.028546
1.028545
1.028544
1.028543
1.028542
1.028542
1.028541
1.028540
1.028539
1.028539
1.028538
1.028537
1.028536
1.028536
1.028535
1.028534
1.028534
1.028533
1.028533
1.028532
1.028532
1.028531
1.028531
1.028530
1.028530
1.028529
1.028529
1.028529
1.028528
1.028528
1.028528
1.028528
1.028528
1.028528
1.028528
1.028528
1.028528
1.028528
1.028529
1.028529
1.028530
1.028530
1.028531
1.028531
1.028532
1.028532
1.028533
1.028534
1.028534
1.028535
1.028536
1.028536
1.028537
1.028537
1.028538
1.028538
1.028539
1.028540
1.028540
1.028541
1.028541
1.028541
1.028542
1.028542
1.028542
1.028542
1.028543
1.028543
1.028543
1.028543
1.028543
1.028542
1.028542
1.028542
1.028542
1.028541
1.028541
1.028540
1.028540
1.028540
1.028539
1.028539
1.028538
1.028538
1.028537
1.028537
1.028537
1.028536
1.028536
1.028536
1.028536
1.028536
1.028536
1.028536
1.028536
1.028536
1.028536
1.028536
1.028537
1.028537
1.028537
1.028538
1.028538
1.028539
1.028539
1.028540
1.028541
1.028541
1.028542
1.028543
1.028544
1.028544
1.028545
1.028546
1.028547
1.028548
1.028549
1.028550
1.028551
1.028552
1.028553
1.028554
1.028555
1.028556
1.028557
1.028558
1.028559
1.028560
1.028561
1.028562
1.028563
1.028564
1.028565
1.028566
1.028568
1.028569
1.028570
1.028571
1.028572
1.028573
1.028574
1.028575
1.028576
1.028577
1.028578
1.028579
1.028580
1.028581
1.028582
1.028583
1.028585
1.028586
1.028587
1.028588
1.028589
1.028590
1.028591
1.028592
1.028593
1.028594
1.028595
1.028596
1.028597
1.028598
1.028599
1.028600
1.028600
1.028601
1.028602
1.028603
1.028604
1.028605
1.028606
1.028607
1.028608
1.028609
1.028610
1.028611
1.028612
1.028613
1.028613
1.028614
1.028615
1.028616
1.028617
1.028618
1.028619
1.028620
1.028620
1.028621
1.028622
1.028623
1.028624
1.028625
1.028626
1.028626
1.028627
1.028628
1.028629
1.028630
1.028631
1.028632
1.028632
1.028633
1.028634
1.028635
1.028636
1.028636
1.028637
1.028638
1.028639
1.028640
1.028640
1.028641
1.028642
1.028643
1.028644
1.028644
1.028645
1.028646
1.028647
1.028648
1.028648
1.028649
1.028650
1.028651
1.028651
1.028652
1.028653
1.028654
1.028655
1.028655
1.028656
1.028657
1.028658
1.028658
1.028659
1.028660
1.028661
1.028661
1.028662
1.028663
1.028663
1.028664
1.028665
1.028666
1.028666
1.028667
1.028668
1.028669
1.028669
1.028670
1.028671
1.028671
1.028672
1.028673
1.028674
1.028674
1.028675
1.028676
1.028676
1.028677
1.028678
1.028678
1.028679
1.028680
1.028680
1.028681
1.028682
1.028683
1.028683
1.028684
1.028685
1.028685
1.028686
1.028687
1.028687
1.028688
1.028689
1.028689
1.028690
1.028691
1.028691
1.028692
1.028692
1.028693
1.028694
1.028694
1.028695
1.028696
1.028696
1.028697
1.028698
1.028698
1.028699
1.028700
1.028700
1.028701
1.028701
1.028702
1.028703
1.028703
1.028704
1.028704
1.028705
1.028706
1.028706
1.028707
1.028708
1.028708
1.028709
1.028709
1.028710
1.028711
1.028711
1.028712
1.028712
1.028713
1.028714
1.028714
1.028715
1.028715
1.028716
1.028717
1.028717
1.028718
1.028718
1.028719
1.028719
1.028720
1.028721
1.028721
1.028722
1.028722
1.028723
1.028724
1.028724
1.028725
1.028725
1.028726
1.028726
1.028727
1.028728
1.028728
1.028729
1.028729
1.028730
1.028730
1.028731
1.028731
1.028732
1.028733
1.028733
1.028734
1.028734
1.028735
1.028735
1.028736
1.028737
1.028737
1.028738
1.028738
1.028739
1.028739
1.028740
1.028740
1.028741
1.028742
1.028742
1.028743
1.028743
1.028744
1.028744
1.028745
1.028745
1.028746
1.028746
1.028747
1.028748
1.028748
1.028749
1.028749
1.028750
1.028750
1.028751
1.028751
1.028752
1.028752
1.028753
1.028754
1.028754
1.028755
1.028755
1.028756
1.028756
1.028757
1.028757
1.028758
1.028758
1.028759
1.028760
1.028760
1.028761
1.028761
1.028762
1.028762
1.028763
1.028763
1.028764
1.028764
1.028765
1.028765
1.028766
1.028767
1.028767
1.028768
1.028768
1.028769
1.028769
1.028770
1.028770
1.028771
1.028771
1.028772
1.028772
1.028773
1.028774
1.028774
1.028775
1.028775
1.028776
1.028776
1.028777
1.028777
1.028778
1.028778
1.028779
1.028779
1.028780
1.028780
1.028781
1.028782
1.028782
1.028783
1.028783
1.028784
1.028784
1.028785
1.028785
1.028786
1.028786
1.028786
1.028787
1.028787
1.028788
1.028789
1.028789
1.028790
1.028790
1.028791
1.028791
1.028792
1.028792
1.028793
1.028793
1.028794
1.028794
1.028795
1.028796
1.028796
1.028797
1.028797
1.028798
1.028798
1.028799
1.028799
1.028800
1.028800
1.028801
1.028801
1.028802
1.028803
1.028803
1.028804
1.028804
1.028805
1.028805
1.028806
1.028806
1.028807
1.028807
1.028808
1.028808
1.028809
1.028810
1.028810
1.028811
1.028811
1.028812
1.028812
1.028813
1.028813
1.028814
1.028814
1.028815
1.028816
1.028816
1.028817
1.028817
1.028818
1.028818
1.028819
1.028819
1.028820
1.028821
1.028821
1.028822
1.028822
1.028823
1.028823
1.028824
1.028824
1.028825
1.028825
1.028826
1.028827
1.028827
1.028828
1.028828
1.028829
1.028829
1.028830
1.028830
1.028831
1.028832
1.028832
1.028833
1.028833
1.028834
1.028834
1.028835
1.028836
1.028836
1.028837
1.028837
1.028838
1.028838
1.028839
1.028839
1.028840
1.028841
1.028841
1.028842
1.028842
1.028843
1.028843
1.028844
1.028845
1.028845
1.028846
1.028846
1.028847
1.028847
1.028848
1.028848
1.028849
1.028850
1.028850
1.028851
1.028851
1.028852
1.028852
1.028853
1.028854
1.028854
1.028855
1.028855
1.028856
1.028856
1.028857
1.028858
1.028858
1.028859
1.028859
1.028860
1.028860
1.028861
1.028862
1.028862
1.028863
1.028863
1.028864
1.028865
1.028865
1.028866
1.028866
1.028867
1.028867
1.028868
1.028869
1.028869
1.028870
1.028870
1.028871
1.028871
1.028872
1.028873
1.028873
1.028874
1.028874
1.028875
1.028876
1.028876
1.028877
1.028877
1.028878
1.028878
1.028879
1.028880
1.028880
1.028881
1.028881
1.028882
1.028882
1.028883
1.028884
1.028884
1.028885
1.028885
1.028886
1.028887
1.028887
1.028888
1.028888
1.028889
1.028889
1.028890
1.028891
1.028891
1.028892
1.028892
1.028893
1.028894
1.028894
1.028895
1.028895
1.028896
1.028896
1.028897
1.028898
1.028898
1.028899
1.028899
1.028900
1.028900
1.028901
1.028902
1.028902
1.028903
1.028903
1.028904
1.028904
1.028905
1.028906
1.028906
1.028907
1.028907
1.028908
1.028908
1.028909
1.028910
1.028910
1.028911
1.028911
1.028912
1.028912
1.028913
1.028914
1.028914
1.028915
1.028915
1.028916
1.028916
1.028917
1.028918
1.028918
1.028919
1.028919
1.028920
1.028920
1.028921
1.028921
1.028922
1.028923
1.028923
1.028924
1.028924
1.028925
1.028925
1.028926
1.028926
1.028927
1.028928
1.028928
1.028929
1.028929
1.028930
1.028930
1.028931
1.028931
1.028932
1.028932
1.028933
1.028934
1.028934
1.028935
1.028935
1.028936
1.028936
1.028937
1.028937
1.028938
1.028938
1.028939
1.028939
1.028940
1.028940
1.028941
1.028942
1.028942
1.028943
1.028943
1.028944
1.028944
1.028945
1.028945
1.028946
1.028946
1.028947
1.028947
1.028948
1.028948
1.028949
1.028949
1.028950
1.028950
1.028951
1.028951
1.028952
1.028952
1.028953
1.028953
1.028954
1.028954
1.028955
1.028955
1.028956
1.028956
1.028957
1.028957
1.028958
1.028958
1.028959
1.028959
1.028960
1.028960
1.028961
1.028961
1.028962
1.028962
1.028963
1.028963
1.028964
1.028964
1.028964
1.028965
1.028965
1.028966
1.028966
1.028967
1.028967
1.028968
1.028968
1.028969
1.028969
1.028970
1.028970
1.028970
1.028971
1.028971
1.028972
1.028972
1.028973
1.028973
1.028974
1.028974
1.028974
1.028975
1.028975
1.028976
1.028976
1.028977
1.028977
1.028978
1.028978
1.028978
1.028979
1.028979
1.028980
1.028980
1.028980
1.028981
1.028981
1.028982
1.028982
1.028983
1.028983
1.028983
1.028984
1.028984
1.028985
1.028985
1.028985
1.028986
1.028986
1.028987
1.028987
1.028987
1.028988
1.028988
1.028989
1.028989
1.028989
1.028990
1.028990
1.028991
1.028991
1.028991
1.028992
1.028992
1.028992
1.028993
1.028993
1.028994
1.028994
1.028994
1.028995
1.028995
1.028995
1.028996
1.028996
1.028996
1.028997
1.028997
1.028997
1.028998
1.028998
1.028999
1.028999
1.028999
1.029000
1.029000
1.029000
1.029001
1.029001
1.029001
1.029002
1.029002
1.029002
1.029003
1.029003
1.029003
1.029004
1.029004
1.029004
1.029005
1.029005
1.029005
1.029005
1.029006
1.029006
1.029006
1.029007
1.029007
1.029007
1.029008
1.029008
1.029008
1.029008
1.029009
1.029009
1.029009
1.029010
1.029010
1.029010
1.029010
1.029011
1.029011
1.029011
1.029012
1.029012
1.029012
1.029012
1.029013
1.029013
1.029013
1.029013
1.029014
1.029014
1.029014
1.029014
1.029015
1.029015
1.029015
1.029015
1.029016
1.029016
1.029016
1.029016
1.029017
1.029017
1.029017
1.029017
1.029018
1.029018
1.029018
1.029018
1.029018
1.029019
1.029019
1.029019
1.029019
1.029019
1.029020
1.029020
1.029020
1.029020
1.029020
1.029021
1.029021
1.029021
1.029021
1.029021
1.029021
1.029022
1.029022
1.029022
1.029022
1.029022
1.029022
1.029022
1.029023
1.029023
1.029023
1.029023
1.029023
1.029023
1.029023
1.029024
1.029024
1.029024
1.029024
1.029024
1.029024
1.029024
1.029024
1.029025
1.029025
1.029025
1.029025
1.029025
1.029025
1.029025
1.029025
1.029025
1.029025
1.029025
1.029025
1.029025
1.029026
1.029026
1.029026
1.029026
1.029026
1.029026
1.029026
1.029026
1.029026
1.029026
1.029026
1.029026
1.029026
1.029026
1.029026
1.029026
1.029026
1.029026
1.029026
1.029026
1.029026
1.029026
1.029026
1.029025
1.029025
1.029025
1.029025
1.029025
1.029025
1.029025
1.029025
1.029025
1.029025
1.029025
1.029024
1.029024
1.029024
1.029024
1.029024
1.029024
1.029023
1.029023
1.029023
1.029023
1.029023
1.029023
1.029022
1.029022
1.029022
1.029022
1.029021
1.029021
1.029021
1.029021
1.029020
1.029020
1.029020
1.029019
1.029019
1.029019
1.029018
1.029018
1.029018
1.029017
1.029017
1.029017
1.029016
1.029016
1.029015
1.029015
1.029014
1.029014
1.029014
1.029013
1.029013
1.029012
1.029012
1.029011
1.029010
1.029010
1.029009
1.029009
1.029008
1.029008
1.029007
1.029006
1.029006
1.029005
1.029004
1.029004
1.029003
1.029002
1.029001
1.029001
1.029000
1.028999
1.028998
1.028998
1.028997
1.028996
1.028995
1.028994
1.028993
1.028992
1.028991
1.028990
1.028989
1.028988
1.028987
1.028986
1.028985
1.028984
1.028983
1.028982
1.028981
1.028980
1.028979
1.028977
1.028976
1.028975
1.028974
1.028972
1.028971
1.028970
1.028968
1.028967
1.028966
1.028964
1.028963
1.028961
1.028960
1.028958
1.028957
1.028955
1.028954
1.028952
1.028950
1.028949
1.028947
1.028945
1.028943
1.028942
1.028940
1.028938
1.028936
1.028934
1.028932
1.028930
1.028928
1.028926
1.028924
1.028922
1.028920
1.028918
1.028916
1.028913
1.028911
1.028909
1.028907
1.028904
1.028902
1.028899
1.028897
1.028895
1.028892
1.028889
1.028887
1.028884
1.028882
1.028879
1.028876
1.028873
1.028871
1.028868
1.028865
1.028862
1.028859
1.028856
1.028853
1.028850
1.028847
1.028844
1.028840
1.028837
1.028834
1.028831
1.028827
1.028824
1.028820
1.028817
1.028813
1.028810
1.028806
1.028803
1.028799
1.028795
1.028792
1.028788
1.028784
1.028780
1.028776
1.028772
1.028768
1.028764
1.028760
1.028756
1.028752
1.028748
1.028743
1.028739
1.028735
1.028730
1.028726
1.028722
1.028717
1.028713
1.028708
1.028703
1.028699
1.028694
1.028689
1.028685
1.028680
1.028675
1.028670
1.028665
1.028660
1.028655
1.028650
1.028645
1.028640
1.028635
1.028630
1.028625
1.028619
1.028614
1.028609
1.028603
1.028598
1.028593
1.028587
1.028582
1.028576
1.028570
1.028565
1.028559
1.028553
1.028548
1.028542
1.028536
1.028530
1.028525
1.028519
1.028513
1.028507
1.028501
1.028495
1.028489
1.028483
1.028477
1.028471
1.028464
1.028458
1.028452
1.028446
1.028440
1.028433
1.028427
1.028421
1.028414
1.028408
1.028401
1.028395
1.028388
1.028382
1.028375
1.028369
1.028362
1.028356
1.028349
1.028342
1.028336
1.028329
1.028322
1.028315
1.028309
1.028302
1.028295
1.028288
1.028281
1.028274
1.028267
1.028260
1.028254
1.028247
1.028240
1.028233
1.028225
1.028218
1.028211
1.028204
1.028197
1.028190
1.028183
1.028176
1.028168
1.028161
1.028154
1.028147
1.028139
1.028132
1.028125
1.028118
1.028110
1.028103
1.028095
1.028088
1.028081
1.028073
1.028066
1.028058
1.028051
1.028043
1.028036
1.028028
1.028021
1.028013
1.028006
1.027998
1.027990
1.027983
1.027975
1.027967
1.027960
1.027952
1.027944
1.027937
1.027929
1.027921
1.027913
1.027906
1.027898
1.027890
1.027882
1.027874
1.027866
1.027859
1.027851
1.027843
1.027835
1.027827
1.027819
1.027811
1.027803
1.027795
1.027787
1.027779
1.027771
1.027763
1.027755
1.027747
1.027739
1.027731
1.027723
1.027714
1.027706
1.027698
1.027690
1.027682
1.027674
1.027665
1.027657
1.027649
1.027641
1.027633
1.027624
1.027616
1.027608
1.027599
1.027591
1.027583
1.027574
1.027566
1.027558
1.027549
1.027541
1.027532
1.027524
1.027516
1.027507
1.027499
1.027490
1.027482
1.027473
1.027465
1.027456
1.027448
1.027439
1.027431
1.027422
1.027413
1.027405
1.027396
1.027388
1.027379
1.027370
1.027362
1.027353
1.027344
1.027336
1.027327
1.027318
1.027310
1.027301
1.027292
1.027283
1.027275
1.027266
1.027257
1.027248
1.027240
1.027231
1.027222
1.027213
1.027204
1.027195
1.027186
1.027178
1.027169
1.027160
1.027151
1.027142
1.027133
1.027124
1.027115
1.027106
1.027097
1.027088
1.027079
1.027070
1.027061
1.027052
1.027043
1.027034
1.027025
1.027016
1.027007
1.026998
1.026989
1.026980
1.026970
1.026961
1.026952
1.026943
1.026934
1.026925
1.026916
1.026906
1.026897
1.026888
1.026879
1.026870
1.026860
1.026851
1.026842
1.026833
1.026824
1.026814
1.026805
1.026796
1.026786
1.026786
1.026777
1.026768
1.026759
1.026749
1.026740
1.026731
1.026721
1.026712
1.026702
1.026693
1.026684
1.026674
1.026665
1.026656
1.026646
1.026637
1.026627
1.026618
1.026609
1.026599
1.026590
1.026580
1.026571
1.026561
1.026552
1.026542
1.026533
1.026523
1.026514
1.026504
1.026495
1.026485
1.026476
1.026466
1.026457
1.026447
1.026438
1.026428
1.026419
1.026409
1.026400
1.026390
1.026380
1.026371
1.026361
1.026352
1.026342
1.026332
1.026323
1.026313
1.026304
1.026294
1.026284
1.026275
1.026265
1.026256
1.026246
1.026236
1.026227
1.026217
1.026207
1.026198
1.026188
1.026178
1.026169
1.026159
1.026149
1.026140
1.026129
1.026121
1.026109
1.026104
1.026086
1.026090
1.026058
1.026090
1.026020
1.026130
1.026012
1.026114
1.026009
1.026131
1.026019
1.026099
1.026010
1.026115
1.026008
1.026092
1.026000
1.026096
1.025994
1.026078
1.025984
1.026075
1.025976
1.026062
1.025967
1.026055
1.025958
1.026043
1.025948
1.026033
1.025938
1.026022
1.025928
1.026011
1.025917
1.026000
1.025906
1.025989
1.025895
1.025977
1.025884
1.025966
1.025873
1.025954
1.025861
1.025942
1.025850
1.025930
1.025838
1.025918
1.025826
1.025906
1.025814
1.025894
1.025802
1.025882
1.025790
1.025870
1.025778
1.025858
1.025766
1.025846
1.025754
1.025834
1.025742
1.025822
1.025730
1.025810
1.025718
1.025797
1.025706
1.025785
1.025694
1.025773
1.025681
1.025761
1.025669
1.025749
1.025657
1.025737
1.025645
1.025725
1.025633
1.025714
1.025621
1.025702
1.025609
1.025690
1.025598
1.025678
1.025586
1.025667
1.025574
1.025655
1.025562
1.025644
1.025551
1.025632
1.025539
1.025621
1.025528
1.025610
1.025516
1.025599
1.025505
1.025587
1.025494
1.025576
1.025482
1.025565
1.025471
1.025554
1.025460
1.025543
1.025449
1.025532
1.025438
1.025521
1.025427
1.025510
1.025416
1.025500
1.025405
1.025489
1.025394
1.025478
1.025383
1.025467
1.025372
1.025457
1.025361
1.025446
1.025351
1.025436
1.025340
1.025425
1.025329
1.025414
1.025319
1.025404
1.025308
1.025393
1.025297
1.025383
1.025287
1.025372
1.025276
1.025362
1.025266
1.025352
1.025255
1.025341
1.025245
1.025331
1.025234
1.025321
1.025224
1.025310
1.025213
1.025300
1.025203
1.025290
1.025192
1.025280
1.025182
1.025269
1.025172
1.025259
1.025161
1.025249
1.025151
1.025239
1.025141
1.025229
1.025131
1.025219
1.025120
1.025208
1.025110
1.025198
1.025100
1.025188
1.025090
1.025178
1.025080
1.025168
1.025070
1.025158
1.025060
1.025148
1.025049
1.025138
1.025039
1.025128
1.025029
1.025118
1.025019
1.025108
1.025009
1.025098
1.024999
1.025088
1.024989
1.025078
1.024979
1.025068
1.024969
1.025058
1.024959
1.025048
1.024949
1.025039
1.024939
1.025029
1.024929
1.025019
1.024919
1.025009
1.024909
1.024999
1.024900
1.024989
1.024890
1.024979
1.024880
1.024970
1.024870
1.024960
1.024860
1.024950
1.024850
1.024940
1.024840
1.024930
1.024831
1.024921
1.024821
1.024911
1.024811
1.024901
1.024801
1.024891
1.024791
1.024881
1.024781
1.024872
1.024772
1.024862
1.024762
1.024853
1.024753
1.024841
1.024742
1.024835
1.024734
1.024819
1.024721
1.024822
1.024718
1.024787
1.024699
1.024815
1.024708
1.024736
1.024694
1.024752
1.024658
1.024791
1.024682
1.024666
1.024720
1.024637
1.024753
1.024644
1.024656
1.024644
1.024649
1.024613
1.024653
1.024562
1.024742
1.024620
1.024547
1.024772
1.024648
1.024576
1.024715
1.024619
1.024608
1.024627
1.024581
1.024624
1.024542
1.024651
1.024544
1.024567
1.024532
1.024579
1.024489
1.024636
1.024525
1.024478
1.024621
1.024516
1.024493
1.024546
1.024462
1.024571
1.024465
1.024495
1.024451
1.024517
1.024417
1.024548
1.024439
1.024425
1.024477
1.024394
1.024519
1.024411
1.024395
1.024446
1.024363
1.024494
1.024386
1.024359
1.024439
1.024339
1.024447
1.024341
1.024383
1.024319
1.024430
1.024322
1.024351
1.024303
1.024386
1.024279
1.024391
1.024284
1.024328
1.024263
1.024384
1.024275
1.024276
1.024286
1.024249
1.024301
1.024201
1.024391
1.024262
1.024184
1.024424
1.024291
1.024220
1.024352
1.024261
1.024251
1.024265
1.024223
1.024261
1.024181
1.024299
1.024193
1.024181
1.024221
1.024144
1.024273
1.024165
1.024130
1.024239
1.024136
1.024172
1.024112
1.024213
1.024105
1.024151
1.024080
1.024218
1.024111
1.024070
1.024192
1.024088
1.024088
1.024095
1.024061
1.024101
1.024011
1.024194
1.024067
1.023990
1.024224
1.024091
1.024021
1.024153
1.024062
1.024050
1.024069
1.024022
1.024070
1.023983
1.024103
1.023999
1.023978
1.024039
1.023947
1.024074
1.023969
1.023939
1.024031
1.023930
1.024002
1.023908
1.024030
1.023926
1.023921
1.023944
1.023888
1.023981
1.023873
1.023927
1.023844
1.024016
1.023901
1.023828
1.024036
1.023915
1.023915
1.023845
1.023985
1.023892
1.023865
1.023912
1.023838
1.023920
1.023822
1.023889
1.023798
1.023920
1.023817
1.023804
1.023843
1.023767
1.023900
1.023794
1.023745
1.023893
1.023790
1.023742
1.023865
1.023765
1.023749
1.023788
1.023714
1.023832
1.023729
1.023707
1.023774
1.023678
1.023807
1.023704
1.023667
1.023779
1.023677
1.023691
1.023666
1.023695
1.023620
1.023780
1.023664
1.023589
1.023827
1.023679
1.023610
1.023763
1.023672
1.023634
1.023699
1.023617
1.023682
1.023594
1.023688
1.023589
1.023635
1.023561
1.023692
1.023588
1.023544
1.023675
1.023574
1.023544
1.023623
1.023526
1.023613
1.023514
1.023596
1.023499
1.023609
1.023508
1.023530
1.023493
1.023554
1.023454
1.023620
1.023504
1.023431
1.023652
1.023519
1.023450
1.023590
1.023499
1.023470
1.023522
1.023445
1.023527
1.023431
1.023494
1.023405
1.023534
1.023432
1.023394
1.023504
1.023403
1.023413
1.023394
1.023411
1.023352
1.023472
1.023367
1.023327
1.023469
1.023365
1.023313
1.023470
1.023365
1.023301
1.023468
1.023365
1.023302
1.023437
1.023342
1.023305
1.023383
1.023291
1.023358
1.023267
1.023379
1.023279
1.023278
1.023287
1.023249
1.023305
1.023202
1.023391
1.023252
1.023179
1.023422
1.023276
1.023211
1.023339
1.023254
1.023237
1.023263
1.023208
1.023275
1.023180
1.023275
1.023176
1.023218
1.023148
1.023288
1.023183
1.023120
1.023313
1.023189
1.023120
1.023282
1.023186
1.023131
1.023233
1.023142
1.023153
1.023130
1.023147
1.023090
1.023189
1.023086
1.023090
1.023089
1.023071
1.023082
1.023021
1.023178
1.023053
1.022976
1.023278
1.023101
1.023024
1.023131
1.023070
1.023087
1.023053
1.023074
1.023017
1.023105
1.023007
1.023044
1.022977
1.023116
1.023010
1.022944
1.023155
1.023014
1.022948
1.023115
1.023020
1.022966
1.023060
1.022973
1.022993
1.022954
1.023003
1.022916
1.023053
1.022949
1.022886
1.023072
1.022952
1.022883
1.023037
1.022943
1.022892
1.022990
1.022901
1.022915
1.022884
1.022919
1.022842
1.022985
1.022877
1.022807
1.023015
1.022879
1.022813
1.022962
1.022872
1.022829
1.022908
1.022822
1.022869
1.022795
1.022901
1.022804
1.022796
1.022818
1.022759
1.022873
1.022771
1.022732
1.022862
1.022762
1.022721
1.022845
1.022747
1.022713
1.022807
1.022710
1.022751
1.022681
1.022825
1.022720
1.022654
1.022855
1.022720
1.022655
1.022814
1.022720
1.022667
1.022766
1.022677
1.022688
1.022664
1.022686
1.022622
1.022747
1.022644
1.022583
1.022783
1.022642
1.022576
1.022755
1.022652
1.022591
1.022702
1.022615
1.022609
1.022617
1.022581
1.022623
1.022535
1.022699
1.022574
1.022503
1.022722
1.022579
1.022518
1.022655
1.022568
1.022535
1.022595
1.022516
1.022590
1.022499
1.022571
1.022480
1.022582
1.022485
1.022499
1.022475
1.022509
1.022428
1.022618
1.022461
1.022394
1.022642
1.022486
1.022428
1.022555
1.022473
1.022452
1.022487
1.022425
1.022504
1.022410
1.022463
1.022380
1.022524
1.022419
1.022353
1.022544
1.022416
1.022353
1.022503
1.022410
1.022362
1.022454
1.022366
1.022388
1.022345
1.022410
1.022316
1.022428
1.022332
1.022305
1.022389
1.022292
1.022360
1.022266
1.022410
1.022307
1.022247
1.022428
1.022308
1.022243
1.022398
1.022302
1.022248
1.022358
1.022269
1.022259
1.022277
1.022228
1.022305
1.022206
1.022274
1.022180
1.022327
1.022222
1.022158
1.022353
1.022219
1.022156
1.022316
1.022221
1.022167
1.022269
1.022181
1.022184
1.022175
1.022168
1.022152
1.022151
1.022116
1.022178
1.022073
1.022247
1.022106
1.022045
1.022293
1.022124
1.022063
1.022228
1.022139
1.022091
1.022171
1.022090
1.022126
1.022064
1.022159
1.022064
1.022071
1.022055
1.022070
1.022012
1.022146
1.022035
1.021965
1.022223
1.022045
1.021972
1.022147
1.022060
1.022013
1.022083
1.022007
1.022053
1.021982
1.022080
1.021987
1.021985
1.021988
1.021960
1.021996
1.021906
1.022126
1.021948
1.021869
1.022134
1.021981
1.021930
1.022028
1.021954
1.021964
1.021944
1.021957
1.021912
1.021976
1.021882
1.021979
1.021884
1.021892
1.021880
1.021888
1.021843
1.021941
1.021841
1.021831
1.021874
1.021790
1.022007
1.021829
1.021752
1.022036
1.021870
1.021815
1.021925
1.021854
1.021852
1.021848
1.021833
1.021833
1.021802
1.021838
1.021752
1.021944
1.021775
1.021716
1.021957
1.021802
1.021751
1.021878
1.021796
1.021772
1.021814
1.021748
1.021828
1.021738
1.021775
1.021708
1.021838
1.021739
1.021679
1.021857
1.021732
1.021673
1.021826
1.021731
1.021678
1.021783
1.021697
1.021690
1.021700
1.021663
1.021713
1.021623
1.021770
1.021656
1.021593
1.021790
1.021653
1.021597
1.021739
1.021650
1.021607
1.021692
1.021608
1.021638
1.021582
1.021673
1.021581
1.021592
1.021566
1.021606
1.021521
1.021710
1.021544
1.021491
1.021491
1.021711
1.021568
1.021519
1.021641
1.021558
1.021534
1.021578
1.021509
1.021598
1.021508
1.021519
1.021493
1.021531
1.021448
1.021629
1.021471
1.021418
1.021628
1.021490
1.021440
1.021565
1.021481
1.021451
1.021508
1.021432
1.021513
1.021424
1.021463
1.021395
1.021528
1.021427
1.021366
1.021547
1.021418
1.021362
1.021510
1.021417
1.021366
1.021467
1.021381
1.021379
1.021380
1.021357
1.021377
1.021311
1.021462
1.021333
1.021273
1.021491
1.021331
1.021284
1.021427
1.021340
1.021298
1.021379
1.021297
1.021331
1.021272
1.021368
1.021277
1.021268
1.021291
1.021231
1.021357
1.021254
1.021192
1.021397
1.021239
1.021192
1.021345
1.021254
1.021204
1.021301
1.021217
1.021220
1.021210
1.021210
1.021182
1.021213
1.021131
1.021331
1.021155
1.021094
1.021343
1.021183
1.021138
1.021253
1.021176
1.021162
1.021183
1.021138
1.021197
1.021111
1.021199
1.021109
1.021126
1.021091
1.021159
1.021064
1.021176
1.021082
1.021052
1.021156
1.021064
1.021056
1.021077
1.021020
1.021150
1.021045
1.020985
1.021195
1.021032
1.020987
1.021142
1.021050
1.021001
1.021099
1.021016
1.021014
1.021013
1.020996
1.021003
1.020955
1.021056
1.020961
1.020920
1.021070
1.020956
1.020898
1.021086
1.020948
1.020899
1.021044
1.020953
1.020905
1.021002
1.020918
1.020917
1.020914
1.020898
1.020903
1.020860
1.020946
1.020852
1.020852
1.020855
1.020830
1.020873
1.020777
1.021035
1.020908
1.020765
1.020845
1.020849
1.020852
1.020830
1.020831
1.020800
1.020839
1.020764
1.020910
1.020790
1.020732
1.020917
1.020781
1.020734
1.020870
1.020783
1.020741
1.020826
1.020743
1.020767
1.020718
1.020801
1.020711
1.020736
1.020684
1.020802
1.020706
1.020654
1.020824
1.020694
1.020644
1.020799
1.020698
1.020646
1.020763
1.020678
1.020646
1.020713
1.020631
1.020698
1.020612
1.020699
1.020610
1.020645
1.020582
1.020720
1.020612
1.020553
1.020740
1.020599
1.020555
1.020688
1.020601
1.020560
1.020644
1.020561
1.020585
1.020537
1.020624
1.020534
1.020544
1.020518
1.020564
1.020476
1.020664
1.020493
1.020451
1.020644
1.020519
1.020475
1.020587
1.020504
1.020482
1.020527
1.020456
1.020557
1.020468
1.020440
1.020516
1.020428
1.020482
1.020398
1.020547
1.020431
1.020377
1.020551
1.020427
1.020378
1.020508
1.020420
1.020378
1.020468
1.020384
1.020395
1.020368
1.020406
1.020327
1.020487
1.020343
1.020302
1.020467
1.020355
1.020305
1.020431
1.020343
1.020301
1.020394
1.020309
1.020316
1.020298
1.020315
1.020257
1.020386
1.020275
1.020218
1.020421
1.020258
1.020222
1.020354
1.020269
1.020232
1.020310
1.020228
1.020265
1.020201
1.020319
1.020225
1.020175
1.020321
1.020212
1.020159
1.020302
1.020204
1.020153
1.020270
1.020184
1.020150
1.020225
1.020141
1.020186
1.020112
1.020244
1.020141
1.020087
1.020248
1.020130
1.020080
1.020211
1.020121
1.020078
1.020174
1.020090
1.020086
1.020090
1.020062
1.020099
1.020015
1.020196
1.020027
1.019994
1.020156
1.020055
1.020007
1.020118
1.020034
1.020006
1.020068
1.019988
1.020071
1.019985
1.020008
1.019960
1.020067
1.019975
1.019936
1.020064
1.019966
1.019915
1.020069
1.019955
1.019904
1.020045
1.019949
1.019900
1.020013
1.019927
1.019896
1.019966
1.019883
1.019944
1.019861
1.019966
1.019877
1.019851
1.019929
1.019841
1.019890
1.019810
1.019975
1.019833
1.019797
1.019940
1.019844
1.019797
1.019915
1.019827
1.019788
1.019884
1.019798
1.019795
1.019799
1.019769
1.019816
1.019726
1.019903
1.019736
1.019711
1.019852
1.019761
1.019719
1.019825
1.019738
1.019712
1.019779
1.019695
1.019777
1.019690
1.019727
1.019659
1.019820
1.019678
1.019643
1.019788
1.019689
1.019642
1.019765
1.019674
1.019631
1.019738
1.019652
1.019624
1.019691
1.019606
1.019682
1.019594
1.019657
1.019572
1.019705
1.019601
1.019551
1.019713
1.019588
1.019544
1.019676
1.019585
1.019540
1.019646
1.019560
1.019536
1.019592
1.019510
1.019617
1.019527
1.019489
1.019604
1.019513
1.019471
1.019593
1.019499
1.019452
1.019585
1.019486
1.019437
1.019569
1.019473
1.019425
1.019545
1.019456
1.019414
1.019516
1.019430
1.019409
1.019458
1.019378
1.019507
1.019400
1.019350
1.019512
1.019385
1.019345
1.019467
1.019380
1.019341
1.019432
1.019348
1.019351
1.019339
1.019346
1.019304
1.019394
1.019303
1.019276
1.019377
1.019287
1.019263
1.019347
1.019256
1.019294
1.019222
1.019423
1.019251
1.019197
1.019421
1.019267
1.019235
1.019333
1.019257
1.019259
1.019250
1.019248
1.019225
1.019249
1.019174
1.019378
1.019225
1.019144
1.019287
1.019213
1.019199
1.019224
1.019169
1.019252
1.019167
1.019179
1.019153
1.019200
1.019114
1.019281
1.019118
1.019104
1.019206
1.019125
1.019135
1.019111
1.019148
1.019067
1.019256
1.019256
1.019087
1.019041
1.019241
1.019103
1.019073
1.019160
1.019083
1.019101
1.019064
1.019126
1.019042
1.019124
1.019039
1.019059
1.019015
1.019122
1.019030
1.018987
1.019141
1.019010
1.018979
1.019099
1.019011
1.018974
1.019073
1.018987
1.018971
1.019014
1.018937
1.019081
1.018951
1.018917
1.019050
1.018954
1.018911
1.019029
1.018939
1.018897
1.019006
1.018920
1.018887
1.018971
1.018887
1.018902
1.018864
1.018947
1.018860
1.018868
1.018845
1.018895
1.018805
1.018998
1.018830
1.018767
1.019025
1.018866
1.018812
1.018925
1.018855
1.018844
1.018858
1.018820
1.018870
1.018789
1.018893
1.018804
1.018763
1.018892
1.018789
1.018743
1.018879
1.018777
1.018733
1.018853
1.018764
1.018725
1.018820
1.018737
1.018723
1.018754
1.018688
1.018822
1.018701
1.018664
1.018802
1.018700
1.018657
1.018775
1.018686
1.018646
1.018748
1.018664
1.018641
1.018699
1.018617
1.018714
1.018628
1.018606
1.018673
1.018588
1.018670
1.018584
1.018614
1.018555
1.018714
1.018565
1.018553
1.018632
1.018550
1.018615
1.018532
1.018635
1.018548
1.018524
1.018605
1.018519
1.018550
1.018486
1.018660
1.018493
1.018482
1.018574
1.018494
1.018523
1.018465
1.018599
1.018481
1.018445
1.018584
1.018477
1.018436
1.018557
1.018465
1.018423
1.018537
1.018448
1.018410
1.018511
1.018426
1.018399
1.018469
1.018384
1.018446
1.018362
1.018478
1.018384
1.018345
1.018476
1.018371
1.018329
1.018463
1.018360
1.018317
1.018439
1.018347
1.018306
1.018415
1.018328
1.018293
1.018384
1.018300
1.018293
1.018307
1.018260
1.018371
1.018267
1.018224
1.018394
1.018240
1.018232
1.018294
1.018218
1.018316
1.018231
1.018208
1.018277
1.018193
1.018262
1.018177
1.018264
1.018178
1.018200
1.018154
1.018284
1.018166
1.018132
1.018274
1.018159
1.018126
1.018243
1.018152
1.018115
1.018224
1.018135
1.018100
1.018202
1.018115
1.018086
1.018171
1.018085
1.018095
1.018068
1.018129
1.018039
1.018162
1.018051
1.018022
1.018150
1.018047
1.018008
1.018142
1.018034
1.017996
1.018122
1.018025
1.017984
1.018101
1.018008
1.017968
1.018082
1.017991
1.017951
1.018063
1.017973
1.017934
1.018045
1.017954
1.017916
1.018028
1.017937
1.017898
1.018012
1.017920
1.017880
1.017997
1.017903
1.017863
1.017982
1.017887
1.017846
1.017964
1.017871
1.017830
1.017945
1.017853
1.017814
1.017925
1.017835
1.017798
1.017903
1.017816
1.017783
1.017877
1.017792
1.017776
1.017822
1.017741
1.017900
1.017740
1.017743
1.017786
1.017723
1.017849
1.017735
1.017699
1.017830
1.017726
1.017691
1.017801
1.017714
1.017678
1.017777
1.017692
1.017668
1.017736
1.017652
1.017718
1.017633
1.017733
1.017646
1.017628
1.017693
1.017607
1.017706
1.017618
1.017595
1.017681
1.017595
1.017608
1.017574
1.017668
1.017578
1.017553
1.017657
1.017565
1.017535
1.017652
1.017551
1.017516
1.017653
1.017534
1.017507
1.017612
1.017525
1.017501
1.017574
1.017488
1.017545
1.017461
1.017616
1.017466
1.017474
1.017497
1.017452
1.017557
1.017459
1.017420
1.017574
1.017428
1.017428
1.017464
1.017401
1.017541
1.017400
1.017395
1.017447
1.017372
1.017512
1.017374
1.017365
1.017425
1.017345
1.017468
1.017358
1.017327
1.017445
1.017349
1.017314
1.017427
1.017333
1.017296
1.017413
1.017316
1.017279
1.017396
1.017300
1.017263
1.017379
1.017283
1.017246
1.017361
1.017266
1.017229
1.017343
1.017249
1.017212
1.017324
1.017231
1.017195
1.017307
1.017214
1.017178
1.017289
1.017196
1.017161
1.017272
1.017179
1.017143
1.017255
1.017161
1.017126
1.017238
1.017144
1.017109
1.017221
1.017127
1.017092
1.017203
1.017110
1.017075
1.017185
1.017093
1.017059
1.017168
1.017076
1.017042
1.017150
1.017059
1.017025
1.017132
1.017041
1.017008
1.017114
1.017024
1.016991
1.017096
1.017006
1.016975
1.017076
1.016988
1.016960
1.017052
1.016966
1.016952
1.016997
1.016915
1.017099
1.016944
1.016874
1.017102
1.016949
1.016916
1.017006
1.016936
1.016945
1.016922
1.016953
1.016883
1.017035
1.016875
1.016876
1.016924
1.016858
1.016978
1.016868
1.016838
1.016946
1.016859
1.016831
1.016915
1.016833
1.016834
1.016826
1.016830
1.016794
1.016889
1.016792
1.016762
1.016904
1.016764
1.016780
1.016770
1.016798
1.016731
1.016931
1.016818
1.016705
1.016791
1.016750
1.016791
1.016732
1.016811
1.016730
1.016738
1.016720
1.016753
1.016677
1.016881
1.016791
1.016641
1.016684
1.016725
1.016701
1.016706
1.016672
1.016718
1.016640
1.016766
1.016647
1.016637
1.016688
1.016613
1.016732
1.016622
1.016600
1.016688
1.016607
1.016614
1.016594
1.016630
1.016550
1.016763
1.016677
1.016530
1.016558
1.016617
1.016581
1.016589
1.016554
1.016599
1.016524
1.016641
1.016536
1.016512
1.016595
1.016515
1.016519
1.016505
1.016525
1.016525
1.016462
1.016650
1.016516
1.016439
1.016545
1.016480
1.016507
1.016462
1.016537
1.016457
1.016479
1.016432
1.016556
1.016435
1.016423
1.016482
1.016402
1.016520
1.016414
1.016393
1.016478
1.016397
1.016410
1.016376
1.016461
1.016376
1.016366
1.016403
1.016326
1.016539
1.016450
1.016296
1.016360
1.016367
1.016371
1.016352
1.016357
1.016320
1.016388
1.016308
1.016339
1.016275
1.016457
1.016305
1.016235
1.016459
1.016308
1.016288
1.016356
1.016293
1.016330
1.016268
1.016365
1.016281
1.016251
1.016336
1.016256
1.016246
1.016268
1.016209
1.016362
1.016199
1.016221
1.016214
1.016239
1.016182
1.016321
1.016170
1.016201
1.016170
1.016261
1.016180
1.016174
1.016186
1.016140
1.016270
1.016128
1.016162
1.016117
1.016258
1.016127
1.016129
1.016150
1.016104
1.016217
1.016108
1.016090
1.016167
1.016086
1.016124
1.016052
1.016245
1.016100
1.016027
1.016201
1.016092
1.016073
1.016119
1.016055
1.016129
1.016051
1.016070
1.016027
1.016132
1.016033
1.016005
1.016109
1.016019
1.015993
1.016078
1.015996
1.015997
1.015991
1.015989
1.015967
1.016007
1.015920
1.016160
1.016058
1.015982
1.015908
1.015990
1.015976
1.015962
1.015954
1.015946
1.015940
1.015932
1.015925
1.015909
1.015914
1.015863
1.016023
1.015869
1.015816
1.016059
1.015919
1.015864
1.015965
1.015901
1.015901
1.015896
1.015888
1.015881
1.015868
1.015867
1.015835
1.015907
1.015826
1.015821
1.015839
1.015783
1.015966
1.015828
1.015752
1.015939
1.015822
1.015815
1.015845
1.015799
1.015860
1.015786
1.015834
1.015763
1.015878
1.015775
1.015755
1.015826
1.015749
1.015788
1.015720
1.015867
1.015720
1.015748
1.015722
1.015787
1.015710
1.015774
1.015696
1.015764
1.015686
1.015760
1.015682
1.015734
1.015657
1.015802
1.015659
1.015690
1.015658
1.015740
1.015661
1.015671
1.015640
1.015718
1.015637
1.015644
1.015623
1.015675
1.015591
1.015747
1.015584
1.015621
1.015591
1.015682
1.015601
1.015597
1.015606
1.015567
1.015673
1.015563
1.015561
1.015589
1.015525
1.015711
1.015579
1.015502
1.015632
1.015559
1.015548
1.015567
1.015519
1.015608
1.015523
1.015502
1.015571
1.015491
1.015533
1.015458
1.015637
1.015483
1.015431
1.015626
1.015482
1.015478
1.015510
1.015462
1.015528
1.015452
1.015483
1.015422
1.015568
1.015415
1.015446
1.015414
1.015498
1.015419
1.015423
1.015406
1.015435
1.015362
1.015570
1.015500
1.015390
1.015344
1.015446
1.015404
1.015394
1.015386
1.015377
1.015372
1.015358
1.015364
1.015319
1.015434
1.015295
1.015345
1.015280
1.015448
1.015293
1.015317
1.015301
1.015338
1.015273
1.015404
1.015266
1.015294
1.015263
1.015342
1.015263
1.015282
1.015234
1.015370
1.015226
1.015269
1.015214
1.015357
1.015225
1.015236
1.015234
1.015234
1.015214
1.015242
1.015166
1.015395
1.015313
1.015248
1.015141
1.015231
1.015225
1.015208
1.015197
1.015190
1.015182
1.015177
1.015164
1.015162
1.015132
1.015182
1.015102
1.015191
1.015108
1.015102
1.015132
1.015068
1.015234
1.015071
1.015068
1.015135
1.015067
1.015148
1.015071
1.015074
1.015065
1.015072
1.015035
1.015130
1.015031
1.015017
1.015082
1.015001
1.015093
1.015009
1.015002
1.015031
1.014966
1.015144
1.014996
1.014930
1.015149
1.014999
1.014983
1.015044
1.014983
1.015027
1.014961
1.015049
1.014969
1.014953
1.014997
1.014924
1.015040
1.014923
1.014930
1.014935
1.014917
1.014943
1.014871
1.015070
1.014983
1.014835
1.014959
1.014910
1.014922
1.014900
1.014911
1.014871
1.014938
1.014863
1.014883
1.014835
1.014957
1.014829
1.014852
1.014823
1.014901
1.014823
1.014839
1.014798
1.014909
1.014802
1.014797
1.014828
1.014766
1.014921
1.014761
1.014783
1.014776
1.014801
1.014746
1.014874
1.014732
1.014778
1.014721
1.014863
1.014735
1.014745
1.014740
1.014745
1.014716
1.014771
1.014690
1.014783
1.014695
1.014689
1.014722
1.014652
1.014838
1.014711
1.014634
1.014752
1.014684
1.014685
1.014678
1.014669
1.014662
1.014650
1.014652
1.014613
1.014738
1.014583
1.014679
1.014602
1.014641
1.014584
1.014716
1.014585
1.014608
1.014581
1.014653
1.014574
1.014616
1.014542
1.014718
1.014567
1.014521
1.014699
1.014564
1.014569
1.014579
1.014555
1.014582
1.014517
1.014659
1.014505
1.014540
1.014506
1.014592
1.014514
1.014511
1.014511
1.014492
1.014521
1.014446
1.014664
1.014596
1.014534
1.014425
1.014513
1.014504
1.014488
1.014477
1.014470
1.014462
1.014455
1.014444
1.014438
1.014417
1.014437
1.014368
1.014573
1.014505
1.014387
1.014360
1.014469
1.014418
1.014405
1.014404
1.014388
1.014396
1.014363
1.014415
1.014343
1.014395
1.014321
1.014413
1.014332
1.014322
1.014355
1.014291
1.014425
1.014285
1.014328
1.014277
1.014391
1.014299
1.014278
1.014338
1.014264
1.014335
1.014335
1.014260
1.014296
1.014233
1.014374
1.014229
1.014274
1.014223
1.014336
1.014244
1.014223
1.014283
1.014209
1.014277
1.014201
1.014247
1.014176
1.014313
1.014176
1.014215
1.014168
1.014278
1.014186
1.014165
1.014227
1.014151
1.014220
1.014143
1.014190
1.014118
1.014262
1.014115
1.014165
1.014109
1.014228
1.014130
1.014113
1.014166
1.014092
1.014187
1.014100
1.014087
1.014131
1.014058
1.014188
1.014049
1.014096
1.014040
1.014169
1.014055
1.014053
1.014072
1.014028
1.014125
1.014029
1.014018
1.014062
1.013988
1.014131
1.013977
1.014035
1.013973
1.014099
1.013994
1.013983
1.014022
1.013955
1.014080
1.013949
1.013982
1.013939
1.014046
1.013952
1.013935
1.013990
1.013913
1.014014
1.013919
1.013912
1.013945
1.013878
1.014035
1.013876
1.013884
1.013913
1.013868
1.013962
1.013872
1.013855
1.013911
1.013833
1.013937
1.013837
1.013836
1.013853
1.013806
1.013929
1.013788
1.013854
1.013781
1.013909
1.013799
1.013799
1.013812
1.013774
1.013860
1.013772
1.013764
1.013796
1.013725
1.013917
1.013827
1.013691
1.013819
1.013760
1.013764
1.013752
1.013751
1.013727
1.013758
1.013687
1.013851
1.013718
1.013650
1.013828
1.013701
1.013705
1.013714
1.013691
1.013715
1.013655
1.013781
1.013640
1.013693
1.013632
1.013748
1.013651
1.013637
1.013681
1.013611
1.013724
1.013614
1.013620
1.013620
1.013611
1.013610
1.013580
1.013650
1.013569
1.013581
1.013550
1.013658
1.013543
1.013575
1.013521
1.013701
1.013548
1.013510
1.013676
1.013546
1.013561
1.013552
1.013563
1.013524
1.013601
1.013520
1.013515
1.013531
1.013480
1.013628
1.013471
1.013484
1.013504
1.013471
1.013542
1.013464
1.013478
1.013439
1.013560
1.013428
1.013491
1.013419
1.013544
1.013435
1.013439
1.013443
1.013424
1.013452
1.013379
1.013582
1.013525
1.013444
1.013380
1.013446
1.013428
1.013416
1.013406
1.013398
1.013389
1.013382
1.013371
1.013367
1.013341
1.013392
1.013314
1.013396
1.013315
1.013332
1.013301
1.013394
1.013303
1.013299
1.013323
1.013264
1.013440
1.013311
1.013238
1.013404
1.013295
1.013292
1.013308
1.013272
1.013325
1.013251
1.013321
1.013247
1.013272
1.013220
1.013357
1.013208
1.013275
1.013208
1.013309
1.013228
1.013216
1.013245
1.013182
1.013318
1.013169
1.013232
1.013167
1.013274
1.013188
1.013172
1.013214
1.013143
1.013265
1.013136
1.013179
1.013124
1.013247
1.013134
1.013142
1.013138
1.013138
1.013116
1.013149
1.013072
1.013276
1.013218
1.013125
1.013073
1.013152
1.013119
1.013112
1.013100
1.013097
1.013081
1.013089
1.013048
1.013140
1.013037
1.013045
1.013037
1.013050
1.013004
1.013131
1.012982
1.013076
1.013001
1.013037
1.012985
1.013093
1.012992
1.012988
1.013012
1.012960
1.013081
1.012947
1.013001
1.012936
1.013065
1.012949
1.012963
1.012949
1.012973
1.012914
1.013055
1.012900
1.012958
1.012898
1.013015
1.012919
1.012908
1.012943
1.012878
1.013001
1.012871
1.012916
1.012859
1.012981
1.012871
1.012876
1.012876
1.012867
1.012867
1.012837
1.012909
1.012826
1.012834
1.012816
1.012863
1.012782
1.012961
1.012840
1.012765
1.012912
1.012823
1.012810
1.012837
1.012785
1.012870
1.012788
1.012780
1.012804
1.012747
1.012881
1.012728
1.012798
1.012731
1.012827
1.012749
1.012744
1.012753
1.012715
1.012802
1.012712
1.012710
1.012724
1.012680
1.012801
1.012657
1.012751
1.012674
1.012706
1.012657
1.012767
1.012658
1.012669
1.012656
1.012684
1.012619
1.012791
1.012673
1.012598
1.012714
1.012644
1.012643
1.012641
1.012624
1.012636
1.012586
1.012722
1.012570
1.012616
1.012566
1.012684
1.012582
1.012579
1.012594
1.012554
1.012642
1.012552
1.012549
1.012564
1.012517
1.012647
1.012495
1.012587
1.012513
1.012552
1.012496
1.012608
1.012498
1.012510
1.012495
1.012527
1.012459
1.012622
1.012482
1.012425
1.012616
1.012472
1.012484
1.012487
1.012474
1.012478
1.012445
1.012512
1.012436
1.012444
1.012420
1.012478
1.012400
1.012479
1.012400
1.012419
1.012380
1.012497
1.012371
1.012429
1.012359
1.012494
1.012366
1.012407
1.012355
1.012472
1.012365
1.012371
1.012367
1.012363
1.012350
1.012354
1.012311
1.012462
1.012325
1.012267
1.012504
1.012390
1.012324
1.012379
1.012337
1.012369
1.012317
1.012384
1.012312
1.012323
1.012294
1.012355
1.012281
1.012317
1.012250
1.012412
1.012262
1.012259
1.012317
1.012253
1.012326
1.012252
1.012265
1.012233
1.012307
1.012230
1.012239
1.012215
1.012275
1.012198
1.012260
1.012184
1.012273
1.012191
1.012200
1.012183
1.012219
1.012145
1.012331
1.012242
1.012125
1.012242
1.012183
1.012188
1.012173
1.012177
1.012145
1.012203
1.012130
1.012169
1.012102
1.012249
1.012097
1.012151
1.012096
1.012202
1.012116
1.012104
1.012135
1.012073
1.012194
1.012062
1.012123
1.012123
1.012058
1.012154
1.012074
1.012066
1.012084
1.012035
1.012151
1.012019
1.012087
1.012019
1.012101
1.012026
1.012042
1.012006
1.012093
1.012007
1.012006
1.012015
1.011979
1.012072
1.011968
1.011994
1.011949
1.012093
1.011941
1.012019
1.011949
1.012021
1.011949
1.011997
1.011927
1.012044
1.011925
1.011965
1.011912
1.012032
1.011917
1.011939
1.011906
1.011986
1.011907
1.011913
1.011895
1.011931
1.011857
1.012037
1.011946
1.011839
1.011944
1.011886
1.011901
1.011872
1.011906
1.011840
1.011955
1.011831
1.011883
1.011823
1.011926
1.011837
1.011829
1.011853
1.011799
1.011919
1.011783
1.011853
1.011785
1.011864
1.011790
1.011815
1.011765
1.011885
1.011756
1.011812
1.011748
1.011860
1.011761
1.011763
1.011767
1.011745
1.011781
1.011707
1.011870
1.011735
1.011678
1.011861
1.011722
1.011740
1.011731
1.011740
1.011707
1.011761
1.011688
1.011748
1.011676
1.011738
1.011665
1.011737
1.011662
1.011703
1.011637
1.011786
1.011632
1.011693
1.011633
1.011735
1.011651
1.011643
1.011665
1.011611
1.011731
1.011596
1.011668
1.011599
1.011671
1.011598
1.011645
1.011576
1.011694
1.011574
1.011617
1.011562
1.011678
1.011570
1.011584
1.011565
1.011603
1.011533
1.011674
1.011521
1.011586
1.011524
1.011623
1.011542
1.011535
1.011552
1.011504
1.011615
1.011489
1.011552
1.011484
1.011585
1.011498
1.011495
1.011508
1.011467
1.011564
1.011458
1.011488
1.011439
1.011576
1.011431
1.011508
1.011437
1.011506
1.011434
1.011494
1.011421
1.011500
1.011422
1.011440
1.011403
1.011502
1.011398
1.011420
1.011382
1.011491
1.011380
1.011411
1.011361
1.011499
1.011354
1.011429
1.011359
1.011432
1.011359
1.011407
1.011337
1.011455
1.011332
1.011382
1.011321
1.011440
1.011329
1.011347
1.011320
1.011381
1.011305
1.011373
1.011297
1.011348
1.011275
1.011411
1.011266
1.011348
1.011276
1.011338
1.011267
1.011350
1.011270
1.011280
1.011257
1.011309
1.011231
1.011345
1.011218
1.011298
1.011224
1.011289
1.011215
1.011302
1.011219
1.011230
1.011207
1.011262
1.011183
1.011288
1.011176
1.011228
1.011161
1.011307
1.011158
1.011228
1.011159
1.011251
1.011171
1.011178
1.011162
1.011184
1.011122
1.011300
1.011220
1.011082
1.011219
1.011154
1.011149
1.011150
1.011128
1.011148
1.011092
1.011219
1.011073
1.011146
1.011080
1.011151
1.011080
1.011122
1.011056
1.011175
1.011052
1.011100
1.011042
1.011153
1.011051
1.011059
1.011052
1.011057
1.011025
1.011100
1.011015
1.011029
1.010997
1.011097
1.010991
1.011027
1.010968
1.011138
1.010984
1.010981
1.011043
1.010975
1.011052
1.010975
1.010992
1.010956
1.011047
1.010953
1.010966
1.010943
1.011003
1.010925
1.011000
1.010921
1.010960
1.010895
1.011065
1.010920
1.010882
1.011034
1.010910
1.010932
1.010909
1.010947
1.010881
1.010992
1.010871
1.010925
1.010862
1.010969
1.010874
1.010877
1.010878
1.010860
1.010885
1.010818
1.011000
1.010925
1.010783
1.010922
1.010859
1.010852
1.010854
1.010833
1.010849
1.010800
1.010903
1.010787
1.010837
1.010776
1.010882
1.010789
1.010790
1.010796
1.010771
1.010814
1.010740
1.010866
1.010725
1.010821
1.010748
1.010773
1.010736
1.010806
1.010729
1.010754
1.010703
1.010835
1.010691
1.010776
1.010705
1.010749
1.010690
1.010788
1.010696
1.010698
1.010701
1.010681
1.010713
1.010642
1.010806
1.010671
1.010618
1.010792
1.010658
1.010683
1.010661
1.010691
1.010636
1.010725
1.010638
1.010639
1.010642
1.010622
1.010652
1.010583
1.010742
1.010598
1.010576
1.010692
1.010608
1.010601
1.010617
1.010575
1.010652
1.010574
1.010577
1.010572
1.010568
1.010554
1.010565
1.010512
1.010691
1.010603
1.010498
1.010621
1.010556
1.010555
1.010552
1.010538
1.010542
1.010510
1.010574
1.010502
1.010516
1.010482
1.010572
1.010482
1.010490
1.010479
1.010496
1.010445
1.010585
1.010432
1.010513
1.010447
1.010510
1.010444
1.010500
1.010431
1.010499
1.010428
1.010463
1.010405
1.010525
1.010398
1.010460
1.010396
1.010482
1.010407
1.010413
1.010398
1.010415
1.010363
1.010493
1.010345
1.010440
1.010370
1.010394
1.010358
1.010420
1.010347
1.010387
1.010323
1.010446
1.010319
1.010382
1.010318
1.010398
1.010325
1.010341
1.010305
1.010383
1.010304
1.010310
1.010297
1.010317
1.010259
1.010415
1.010268
1.010259
1.010342
1.010273
1.010293
1.010252
1.010336
1.010253
1.010255
1.010256
1.010240
1.010258
1.010199
1.010369
1.010252
1.010183
1.010325
1.010235
1.010228
1.010242
1.010206
1.010256
1.010188
1.010249
1.010180
1.010225
1.010160
1.010265
1.010165
1.010183
1.010157
1.010214
1.010142
1.010202
1.010131
1.010195
1.010124
1.010183
1.010112
1.010192
1.010116
1.010133
1.010097
1.010184
1.010098
1.010104
1.010094
1.010106
1.010059
1.010194
1.010040
1.010040
1.010139
1.010066
1.010095
1.010053
1.010130
1.010053
1.010061
1.010041
1.010080
1.010010
1.010145
1.009995
1.010090
1.010019
1.010050
1.010006
1.010082
1.010005
1.010013
1.009993
1.010033
1.009963
1.010090
1.009947
1.010048
1.009973
1.009992
1.009964
1.010008
1.009938
1.010040
1.009936
1.009968
1.009923
1.010026
1.009929
1.009938
1.009925
1.009944
1.009891
1.010025
1.009873
1.009966
1.009896
1.009930
1.009882
1.009964
1.009884
1.009887
1.009882
1.009878
1.009864
1.009874
1.009823
1.009993
1.009885
1.009811
1.009932
1.009859
1.009854
1.009860
1.009831
1.009874
1.009805
1.009900
1.009806
1.009825
1.009796
1.009860
1.009786
1.009829
1.009762
1.009892
1.009756
1.009835
1.009768
1.009816
1.009754
1.009839
1.009759
1.009763
1.009757
1.009754
1.009737
1.009756
1.009694
1.009878
1.009793
1.009681
1.009805
1.009741
1.009738
1.009736
1.009720
1.009727
1.009690
1.009766
1.009687
1.009691
1.009685
1.009686
1.009661
1.009711
1.009636
1.009727
1.009640
1.009661
1.009627
1.009715
1.009629
1.009635
1.009626
1.009638
1.009592
1.009721
1.009570
1.009689
1.009600
1.009620
1.009598
1.009631
1.009568
1.009681
1.009559
1.009624
1.009560
1.009636
1.009564
1.009585
1.009542
1.009636
1.009543
1.009553
1.009538
1.009565
1.009504
1.009642
1.009490
1.009581
1.009512
1.009550
1.009499
1.009578
1.009500
1.009505
1.009494
1.009505
1.009463
1.009568
1.009444
1.009528
1.009456
1.009495
1.009440
1.009541
1.009444
1.009456
1.009439
1.009469
1.009407
1.009539
1.009391
1.009488
1.009416
1.009442
1.009404
1.009467
1.009393
1.009433
1.009370
1.009490
1.009366
1.009426
1.009364
1.009448
1.009373
1.009382
1.009360
1.009397
1.009329
1.009454
1.009316
1.009408
1.009337
1.009365
1.009323
1.009396
1.009320
1.009336
1.009300
1.009385
1.009300
1.009308
1.009295
1.009316
1.009259
1.009407
1.009252
1.009310
1.009257
1.009354
1.009272
1.009269
1.009276
1.009246
1.009304
1.009230
1.009282
1.009212
1.009319
1.009216
1.009246
1.009203
1.009302
1.009209
1.009217
1.009205
1.009221
1.009171
1.009298
1.009150
1.009261
1.009179
1.009195
1.009176
1.009201
1.009143
1.009263
1.009129
1.009213
1.009144
1.009184
1.009129
1.009216
1.009133
1.009135
1.009132
1.009125
1.009120
1.009104
1.009123
1.009060
1.009251
1.009168
1.009049
1.009184
1.009115
1.009108
1.009113
1.009088
1.009112
1.009058
1.009156
1.009055
1.009080
1.009046
1.009118
1.009044
1.009062
1.009023
1.009111
1.009026
1.009031
1.009024
1.009027
1.009000
1.009053
1.008979
1.009057
1.008979
1.009008
1.008958
1.009085
1.008951
1.009030
1.008960
1.009014
1.008950
1.009030
1.008953
1.008963
1.008941
1.008982
1.008913
1.009029
1.008903
1.008979
1.008911
1.008970
1.008902
1.008972
1.008898
1.008934
1.008876
1.008989
1.008876
1.008914
1.008865
1.008962
1.008874
1.008876
1.008876
1.008859
1.008879
1.008821
1.008969
1.008814
1.008877
1.008822
1.008910
1.008834
1.008838
1.008826
1.008835
1.008797
1.008883
1.008790
1.008812
1.008775
1.008872
1.008779
1.008791
1.008771
1.008812
1.008742
1.008868
1.008730
1.008825
1.008752
1.008778
1.008739
1.008807
1.008732
1.008762
1.008707
1.008828
1.008702
1.008766
1.008701
1.008781
1.008707
1.008728
1.008686
1.008773
1.008687
1.008694
1.008683
1.008696
1.008651
1.008766
1.008631
1.008732
1.008654
1.008674
1.008645
1.008695
1.008623
1.008708
1.008626
1.008640
1.008616
1.008666
1.008593
1.008688
1.008594
1.008616
1.008583
1.008661
1.008581
1.008598
1.008562
1.008654
1.008561
1.008578
1.008549
1.008622
1.008543
1.008571
1.008516
1.008658
1.008506
1.008602
1.008529
1.008560
1.008515
1.008591
1.008513
1.008528
1.008495
1.008571
1.008491
1.008509
1.008471
1.008571
1.008468
1.008497
1.008452
1.008564
1.008452
1.008487
1.008438
1.008546
1.008444
1.008462
1.008435
1.008492
1.008417
1.008490
1.008413
1.008452
1.008391
1.008518
1.008385
1.008457
1.008389
1.008461
1.008388
1.008432
1.008367
1.008472
1.008371
1.008391
1.008362
1.008423
1.008347
1.008408
1.008334
1.008414
1.008335
1.008366
1.008313
1.008431
1.008308
1.008364
1.008300
1.008403
1.008313
1.008318
1.008311
1.008311
1.008289
1.008327
1.008252
1.008405
1.008245
1.008328
1.008261
1.008330
1.008260
1.008311
1.008242
1.008329
1.008247
1.008260
1.008237
1.008279
1.008208
1.008327
1.008198
1.008275
1.008205
1.008270
1.008199
1.008262
1.008188
1.008254
1.008180
1.008243
1.008170
1.008241
1.008165
1.008213
1.008145
1.008257
1.008149
1.008179
1.008138
1.008226
1.008141
1.008151
1.008131
1.008167
1.008098
1.008237
1.008084
1.008186
1.008110
1.008138
1.008099
1.008163
1.008087
1.008136
1.008067
1.008174
1.008072
1.008094
1.008064
1.008128
1.008051
1.008051
