0.087772
0.054841
0.064344
0.072529
0.079738
0.085785
0.090262
0.092907
0.093776
0.093170
0.091425
0.088789
0.085433
0.081499
0.077132
0.072483
0.067713
0.062973
0.058398
0.054090
0.050116
0.046503
0.043252
0.040340
0.037737
0.035413
0.033333
0.031467
0.029784
0.028256
0.026863
0.025586
0.024412
0.023327
0.022324
0.021393
0.020529
0.019727
0.018981
0.018287
0.017640
0.017033
0.016462
0.015919
0.015397
0.014889
0.014386
0.013880
0.013363
0.012827
0.012259
0.011641
0.010950
0.010155
0.009223
0.008131
0.006901
0.005558
0.004095
0.002585
0.001163
-0.000119
-0.001319
-0.002536
-0.003835
-0.005218
-0.006640
-0.008053
-0.009421
-0.010718
-0.011933
-0.013059
-0.014096
-0.015044
-0.015906
-0.016686
-0.017389
-0.018023
-0.018599
-0.019127
-0.019620
-0.020086
-0.020533
-0.020967
-0.021391
-0.021810
-0.022223
-0.022633
-0.023039
-0.023442
-0.023841
-0.024234
-0.024621
-0.025000
-0.025371
-0.025733
-0.026085
-0.026427
-0.026759
-0.027080
-0.027394
-0.027701
-0.028005
-0.028311
-0.028627
-0.028957
-0.029306
-0.029670
-0.030048
-0.030448
-0.030882
-0.031362
-0.031897
-0.032491
-0.033141
-0.033833
-0.034535
-0.035208
-0.035835
-0.036416
-0.036960
-0.037475
-0.037968
-0.038448
-0.038921
-0.039394
-0.039872
-0.040358
-0.040858
-0.041375
-0.041913
-0.042478
-0.043075
-0.043715
-0.044407
-0.045165
-0.046007
-0.046949
-0.048000
-0.049156
-0.050387
-0.051631
-0.052817
-0.053892
-0.054832
-0.055637
-0.056320
-0.056898
-0.057383
-0.057791
-0.058132
-0.058417
-0.058651
-0.058842
-0.058993
-0.059111
-0.059201
-0.059268
-0.059316
-0.059350
-0.059370
-0.059380
-0.059381
-0.059375
-0.059362
-0.059344
-0.059322
-0.059294
-0.059262
-0.059224
-0.059181
-0.059131
-0.059071
-0.058996
-0.058888
-0.058786
-0.058743
-0.058714
-0.058677
-0.058639
-0.058605
-0.058595
-0.058660
-0.058769
-0.058868
-0.058936
-0.058894
-0.058916
-0.058790
-0.058772
-0.058620
-0.058725
-0.058459
-0.058606
-0.058333
-0.058379
-0.058443
-0.058401
-0.058331
-0.058251
-0.058153
-0.058111
-0.058163
-0.058224
-0.058242
-0.058228
-0.058217
-0.058210
-0.058201
-0.058194
-0.058187
-0.058180
-0.058173
-0.058165
-0.058157
-0.058148
-0.058140
-0.058131
-0.058123
-0.058115
-0.058107
-0.058099
-0.058092
-0.058085
-0.058079
-0.058073
-0.058068
-0.058064
-0.058060
-0.058057
-0.058054
-0.058052
-0.058051
-0.058051
-0.058051
-0.058052
-0.058055
-0.058058
-0.058063
-0.058070
-0.058079
-0.058090
-0.058104
-0.058120
-0.058139
-0.058161
-0.058186
-0.058214
-0.058244
-0.058276
-0.058310
-0.058346
-0.058384
-0.058424
-0.058465
-0.058507
-0.058550
-0.058594
-0.058638
-0.058683
-0.058728
-0.058774
-0.058819
-0.058865
-0.058911
-0.058957
-0.059003
-0.059049
-0.059095
-0.059141
-0.059188
-0.059235
-0.059282
-0.059330
-0.059379
-0.059428
-0.059478
-0.059530
-0.059582
-0.059636
-0.059691
-0.059748
-0.059806
-0.059866
-0.059928
-0.059991
-0.060056
-0.060122
-0.060190
-0.060258
-0.060327
-0.060398
-0.060468
-0.060540
-0.060614
-0.060690
-0.060769
-0.060853
-0.060942
-0.061036
-0.061135
-0.061240
-0.061350
-0.061467
-0.061590
-0.061722
-0.061862
-0.062013
-0.062176
-0.062354
-0.062549
-0.062759
-0.062985
-0.063223
-0.063466
-0.063707
-0.063940
-0.064157
-0.064353
-0.064525
-0.064673
-0.064797
-0.064899
-0.064981
-0.065044
-0.065091
-0.065123
-0.065141
-0.065146
-0.065140
-0.065123
-0.065097
-0.065063
-0.065021
-0.064971
-0.064915
-0.064853
-0.064786
-0.064713
-0.064636
-0.064554
-0.064469
-0.064380
-0.064287
-0.064191
-0.064092
-0.063990
-0.063885
-0.063778
-0.063668
-0.063556
-0.063441
-0.063324
-0.063204
-0.063083
-0.062960
-0.062834
-0.062707
-0.062578
-0.062447
-0.062314
-0.062179
-0.062043
-0.061906
-0.061767
-0.061626
-0.061484
-0.061341
-0.061196
-0.061050
-0.060902
-0.060754
-0.060604
-0.060454
-0.060302
-0.060149
-0.059996
-0.059841
-0.059685
-0.059529
-0.059372
-0.059214
-0.059056
-0.058896
-0.058737
-0.058576
-0.058415
-0.058254
-0.058092
-0.057929
-0.057766
-0.057603
-0.057439
-0.057275
-0.057111
-0.056947
-0.056782
-0.056617
-0.056451
-0.056286
-0.056120
-0.055954
-0.055788
-0.055621
-0.055455
-0.055288
-0.055122
-0.054955
-0.054788
-0.054621
-0.054454
-0.054287
-0.054120
-0.053952
-0.053785
-0.053618
-0.053450
-0.053282
-0.053115
-0.052947
-0.052779
-0.052612
-0.052444
-0.052276
-0.052108
-0.051940
-0.051772
-0.051604
-0.051435
-0.051267
-0.051099
-0.050931
-0.050763
-0.050595
-0.050427
-0.050259
-0.050091
-0.049924
-0.049756
-0.049589
-0.049421
-0.049254
-0.049087
-0.048920
-0.048754
-0.048588
-0.048422
-0.048256
-0.048090
-0.047925
-0.047760
-0.047595
-0.047430
-0.047265
-0.047101
-0.046937
-0.046774
-0.046610
-0.046447
-0.046284
-0.046121
-0.045959
-0.045796
-0.045634
-0.045472
-0.045311
-0.045149
-0.044988
-0.044827
-0.044666
-0.044506
-0.044345
-0.044185
-0.044025
-0.043866
-0.043706
-0.043547
-0.043388
-0.043229
-0.043070
-0.042912
-0.042754
-0.042596
-0.042438
-0.042280
-0.042123
-0.041966
-0.041808
-0.041652
-0.041495
-0.041338
-0.041182
-0.041026
-0.040870
-0.040714
-0.040558
-0.040403
-0.040248
-0.040093
-0.039938
-0.039938
-0.039783
-0.039628
-0.039474
-0.039319
-0.039165
-0.039011
-0.038857
-0.038703
-0.038550
-0.038396
-0.038243
-0.038090
-0.037936
-0.037783
-0.037630
-0.037478
-0.037325
-0.037173
-0.037020
-0.036868
-0.036716
-0.036563
-0.036411
-0.036260
-0.036108
-0.035956
-0.035804
-0.035653
-0.035501
-0.035350
-0.035199
-0.035048
-0.034897
-0.034746
-0.034595
-0.034444
-0.034293
-0.034143
-0.033992
-0.033842
-0.033692
-0.033541
-0.033391
-0.033241
-0.033091
-0.032941
-0.032792
-0.032642
-0.032492
-0.032343
-0.032193
-0.032044
-0.031895
-0.031746
-0.031597
-0.031448
-0.031299
-0.031151
-0.031002
-0.030854
-0.030706
-0.030558
-0.030410
-0.030262
-0.030114
-0.029967
-0.029819
-0.029672
-0.029525
-0.029378
-0.029232
-0.029085
-0.028939
-0.028793
-0.028647
-0.028501
-0.028356
-0.028211
-0.028066
-0.027921
-0.027776
-0.027632
-0.027488
-0.027345
-0.027201
-0.027058
-0.026915
-0.026773
-0.026631
-0.026489
-0.026347
-0.026206
-0.026065
-0.025925
-0.025785
-0.025646
-0.025506
-0.025368
-0.025229
-0.025092
-0.024954
-0.024818
-0.024681
-0.024545
-0.024410
-0.024275
-0.024141
-0.024008
-0.023875
-0.023742
-0.023611
-0.023479
-0.023349
-0.023219
-0.023090
-0.022962
-0.022834
-0.022708
-0.022582
-0.022456
-0.022332
-0.022208
-0.022086
-0.021964
-0.021843
-0.021723
-0.021604
-0.021486
-0.021369
-0.021253
-0.021138
-0.021025
-0.020912
-0.020800
-0.020690
-0.020581
-0.020473
-0.020366
-0.020260
-0.020156
-0.020053
-0.019952
-0.019852
-0.019753
-0.019656
-0.019560
-0.019465
-0.019373
-0.019282
-0.019192
-0.019104
-0.019018
-0.018933
-0.018850
-0.018769
-0.018690
-0.018613
-0.018537
-0.018464
-0.018392
-0.018322
-0.018255
-0.018189
-0.018126
-0.018065
-0.018006
-0.017949
-0.017894
-0.017842
-0.017792
-0.017745
-0.017700
-0.017657
-0.017617
-0.017580
-0.017545
-0.017513
-0.017483
-0.017456
-0.017432
-0.017411
-0.017393
-0.017378
-0.017366
-0.017356
-0.017350
-0.017347
-0.017347
-0.017351
-0.017357
-0.017367
-0.017380
-0.017397
-0.017417
-0.017441
-0.017469
-0.017499
-0.017534
-0.017573
-0.017615
-0.017661
-0.017711
-0.017765
-0.017823
-0.017885
-0.017951
-0.018021
-0.018096
-0.018175
-0.018258
-0.018345
-0.018437
-0.018534
-0.018635
-0.018741
-0.018851
-0.018967
-0.019086
-0.019211
-0.019341
-0.019476
-0.019616
-0.019760
-0.019910
-0.020065
-0.020226
-0.020391
-0.020562
-0.020739
-0.020921
-0.021108
-0.021301
-0.021500
-0.021704
-0.021914
-0.022130
-0.022351
-0.022579
-0.022812
-0.023051
-0.023297
-0.023548
-0.023806
-0.024069
-0.024339
-0.024615
-0.024897
-0.025186
-0.025480
-0.025781
-0.026089
-0.026403
-0.026723
-0.027050
-0.027383
-0.027723
-0.028069
-0.028422
-0.028782
-0.029147
-0.029520
-0.029899
-0.030285
-0.030677
-0.031075
-0.031481
-0.031892
-0.032311
-0.032735
-0.033167
-0.033604
-0.034048
-0.034499
-0.034956
-0.035419
-0.035888
-0.036364
-0.036845
-0.037333
-0.037827
-0.038327
-0.038833
-0.039344
-0.039861
-0.040384
-0.040913
-0.041447
-0.041986
-0.042531
-0.043081
-0.043636
-0.044196
-0.044761
-0.045331
-0.045905
-0.046484
-0.047068
-0.047656
-0.048248
-0.048845
-0.049445
-0.050049
-0.050658
-0.051270
-0.051885
-0.052504
-0.053127
-0.053752
-0.054382
-0.055014
-0.055649
-0.056287
-0.056929
-0.057573
-0.058220
-0.058870
-0.059523
-0.060178
-0.060836
-0.061497
-0.062160
-0.062826
-0.063495
-0.064166
-0.064839
-0.065515
-0.066194
-0.066874
-0.067558
-0.068243
-0.068931
-0.069621
-0.070314
-0.071009
-0.071706
-0.072406
-0.073108
-0.073812
-0.074519
-0.075228
-0.075940
-0.076654
-0.077370
-0.078089
-0.078811
-0.079535
-0.080261
-0.080991
-0.081723
-0.082457
-0.083195
-0.083935
-0.084678
-0.085424
-0.086172
-0.086924
-0.087678
-0.088435
-0.089195
-0.089958
-0.090723
-0.091492
-0.092262
-0.093036
-0.093811
-0.094589
-0.095369
-0.096151
-0.096935
-0.097720
-0.098508
-0.099305
-0.100110
-0.100911
-0.101741
-0.102579
-0.103494
-0.104453
-0.105148
-0.106251
-0.107054
-0.107591
-0.108121
-0.108685
-0.109310
-0.109990
-0.110696
-0.111405
-0.112108
-0.112808
-0.113516
-0.114240
-0.115001
-0.115837
-0.116629
-0.117342
-0.118754
-0.119661
-0.120429
-0.121197
-0.121568
-0.123223
-0.124013
-0.124717
-0.125551
-0.126481
-0.126807
-0.128479
-0.129313
-0.130164
-0.131002
-0.131307
-0.132852
-0.133681
-0.134404
-0.135107
-0.136199
-0.136581
-0.138069
-0.139002
-0.139689
-0.139821
-0.141065
-0.142081
-0.142696
-0.143104
-0.144419
-0.145497
-0.146067
-0.146491
-0.147794
-0.148894
-0.149361
-0.149831
-0.151138
-0.152244
-0.152716
-0.153212
-0.154502
-0.155576
-0.155921
-0.157275
-0.157622
-0.159427
-0.160432
-0.160227
-0.161690
-0.162555
-0.162341
-0.163867
-0.164696
-0.164771
-0.166101
-0.167055
-0.167036
-0.168489
-0.169384
-0.169272
-0.170771
-0.171559
-0.171490
-0.173019
-0.173882
-0.173630
-0.175318
-0.176045
-0.175909
-0.177577
-0.178390
-0.178050
-0.179899
-0.180569
-0.180385
-0.182177
-0.182938
-0.182523
-0.184537
-0.185130
-0.184961
-0.186789
-0.187470
-0.186964
-0.189063
-0.189454
-0.189389
-0.191278
-0.191861
-0.191386
-0.193675
-0.193348
-0.195169
-0.195370
-0.196330
-0.196038
-0.198056
-0.198878
-0.198324
-0.200509
-0.200593
-0.200593
-0.201675
-0.201441
-0.203850
-0.203302
-0.204930
-0.205355
-0.204826
-0.207320
-0.206844
-0.208880
-0.208253
-0.210110
-0.210422
-0.209888
-0.212489
-0.212250
-0.214137
-0.213111
-0.215238
-0.215716
-0.215215
-0.217767
-0.216851
-0.219401
-0.218256
-0.220369
-0.220436
-0.220705
-0.222544
-0.221894
-0.224673
-0.223342
-0.225970
-0.224668
-0.226537
-0.226485
-0.227968
-0.227183
-0.230157
-0.228942
-0.231481
-0.230160
-0.232639
-0.231412
-0.233877
-0.232844
-0.235346
-0.234204
-0.236750
-0.235652
-0.238162
-0.236926
-0.239530
-0.238297
-0.240912
-0.239593
-0.242249
-0.240910
-0.243604
-0.242209
-0.244925
-0.243499
-0.246248
-0.244779
-0.247554
-0.246048
-0.248852
-0.247304
-0.250138
-0.248549
-0.251415
-0.249781
-0.252682
-0.251003
-0.253940
-0.252216
-0.255188
-0.253422
-0.256423
-0.254619
-0.257642
-0.255805
-0.258845
-0.256980
-0.260035
-0.258147
-0.261215
-0.259307
-0.262388
-0.260461
-0.263553
-0.261607
-0.264713
-0.262743
-0.265868
-0.263864
-0.267018
-0.264968
-0.268163
-0.266051
-0.269304
-0.267116
-0.270437
-0.268168
-0.271556
-0.269214
-0.272651
-0.270261
-0.273717
-0.271309
-0.274756
-0.272345
-0.275773
-0.273362
-0.276771
-0.274366
-0.277755
-0.275359
-0.278724
-0.276337
-0.279681
-0.277297
-0.280625
-0.278234
-0.281551
-0.279151
-0.282452
-0.280065
-0.283319
-0.281001
-0.284150
-0.281971
-0.284951
-0.282960
-0.285740
-0.283944
-0.286527
-0.284918
-0.287318
-0.285889
-0.288112
-0.286863
-0.288909
-0.287840
-0.289703
-0.288817
-0.290490
-0.289791
-0.291264
-0.290758
-0.292022
-0.291710
-0.292760
-0.292640
-0.293480
-0.293535
-0.294187
-0.294382
-0.294888
-0.295172
-0.295585
-0.295909
-0.296269
-0.296599
-0.296931
-0.297251
-0.297564
-0.297869
-0.298165
-0.298454
-0.298735
-0.299008
-0.299273
-0.299531
-0.299781
-0.300023
-0.300258
-0.300486
-0.300706
-0.300919
-0.301124
-0.301323
-0.301514
-0.301697
-0.301874
-0.302042
-0.302204
-0.302358
-0.302504
-0.302642
-0.302773
-0.302895
-0.303009
-0.303115
-0.303213
-0.303301
-0.303381
-0.303452
-0.303514
-0.303566
-0.303609
-0.303642
-0.303665
-0.303678
-0.303682
-0.303676
-0.303660
-0.303634
-0.303598
-0.303553
-0.303499
-0.303435
-0.303363
-0.303282
-0.303192
-0.303094
-0.302988
-0.302875
-0.302754
-0.302627
-0.302492
-0.302352
-0.302205
-0.302052
-0.301893
-0.301729
-0.301560
-0.301386
-0.301207
-0.301024
-0.300835
-0.300642
-0.300445
-0.300243
-0.300037
-0.299827
-0.299612
-0.299393
-0.299169
-0.298941
-0.298708
-0.298471
-0.298228
-0.297982
-0.297730
-0.297474
-0.297212
-0.296946
-0.296675
-0.296400
-0.296120
-0.295836
-0.295547
-0.295254
-0.294958
-0.294658
-0.294356
-0.294050
-0.293742
-0.293432
-0.293121
-0.292809
-0.292495
-0.292182
-0.291869
-0.291556
-0.291244
-0.290934
-0.290626
-0.290320
-0.290017
-0.289717
-0.289420
-0.289128
-0.288840
-0.288558
-0.288281
-0.288011
-0.287747
-0.287491
-0.287242
-0.287002
-0.286772
-0.286551
-0.286340
-0.286140
-0.285951
-0.285774
-0.285609
-0.285457
-0.285318
-0.285193
-0.285080
-0.284982
-0.284897
-0.284826
-0.284769
-0.284725
-0.284695
-0.284679
-0.284675
-0.284684
-0.284706
-0.284739
-0.284784
-0.284840
-0.284907
-0.284984
-0.285070
-0.285166
-0.285269
-0.285381
-0.285498
-0.285622
-0.285750
-0.285880
-0.286011
-0.286142
-0.286270
-0.286394
-0.286514
-0.286629
-0.286744
-0.286862
-0.286989
-0.287130
-0.287289
-0.287466
-0.287664
-0.287881
-0.288119
-0.288377
-0.288655
-0.288952
-0.289268
-0.289602
-0.289950
-0.290312
-0.290685
-0.291065
-0.291452
-0.291841
-0.292232
-0.292623
-0.293013
-0.293400
-0.293785
-0.294167
-0.294546
-0.294922
-0.295295
-0.295665
-0.296032
-0.296398
-0.296761
-0.297124
-0.297486
-0.297849
-0.298213
-0.298579
-0.298949
-0.299323
-0.299704
-0.300093
-0.300491
-0.300901
-0.301323
-0.301760
-0.302212
-0.302679
-0.303160
-0.303654
-0.304157
-0.304665
-0.305174
-0.305682
-0.306183
-0.306678
-0.307164
-0.307642
-0.308112
-0.308577
-0.309038
-0.309499
-0.309964
-0.310437
-0.310921
-0.311419
-0.311933
-0.312463
-0.313006
-0.313558
-0.314112
-0.314663
-0.315205
-0.315735
-0.316254
-0.316764
-0.317267
-0.317766
-0.318264
-0.318762
-0.319261
-0.319764
-0.320270
-0.320781
-0.321297
-0.321819
-0.322347
-0.322881
-0.323420
-0.323965
-0.324516
-0.325071
-0.325631
-0.326195
-0.326763
-0.327335
-0.327909
-0.328487
-0.329066
-0.329648
-0.330231
-0.330816
-0.331402
-0.331988
-0.332576
-0.333164
-0.333752
-0.334340
-0.334928
-0.335516
-0.336103
-0.336690
-0.337276
-0.337862
-0.338446
-0.339030
-0.339613
-0.340194
-0.340774
-0.341353
-0.341931
-0.342507
-0.343082
-0.343655
-0.344226
-0.344796
-0.345363
-0.345929
-0.346492
-0.347054
-0.347613
-0.348170
-0.348724
-0.349276
-0.349825
-0.350372
-0.350915
-0.351456
-0.351994
-0.352528
-0.353059
-0.353587
-0.354111
-0.354632
-0.355149
-0.355662
-0.356171
-0.356676
-0.357177
-0.357673
-0.358164
-0.358650
-0.359132
-0.359607
-0.360078
-0.360542
-0.360999
-0.361450
-0.361894
-0.362330
-0.362759
-0.363179
-0.363592
-0.363996
-0.364394
-0.364785
-0.365172
-0.365555
-0.365936
-0.366316
-0.366697
-0.367079
-0.367463
-0.367850
-0.368240
-0.368632
-0.369027
-0.369027
-0.369425
-0.369819
-0.370252
-0.370441
-0.372995
-0.371016
-0.371318
-0.372013
-0.372876
-0.373682
-0.373789
-0.374517
-0.375217
-0.375782
-0.376385
-0.377001
-0.377611
-0.378215
-0.378816
-0.379419
-0.380021
-0.380618
-0.381205
-0.381775
-0.382326
-0.382859
-0.383374
-0.383874
-0.384362
-0.384841
-0.385311
-0.385772
-0.386226
-0.386673
-0.387113
-0.387548
-0.387977
-0.388401
-0.388822
-0.389240
-0.389654
-0.390066
-0.390476
-0.390885
-0.391292
-0.391698
-0.392104
-0.392509
-0.392915
-0.393321
-0.393727
-0.394134
-0.394541
-0.394949
-0.395357
-0.395765
-0.396174
-0.396582
-0.396989
-0.397397
-0.397803
-0.398209
-0.398614
-0.399019
-0.399423
-0.399826
-0.400229
-0.400631
-0.401033
-0.401434
-0.401836
-0.402237
-0.402639
-0.403041
-0.403443
-0.403846
-0.404249
-0.404652
-0.405057
-0.405462
-0.405868
-0.406275
-0.406683
-0.407092
-0.407501
-0.407912
-0.408324
-0.408737
-0.409151
-0.409566
-0.409982
-0.410399
-0.410817
-0.411236
-0.411657
-0.412078
-0.412501
-0.412924
-0.413349
-0.413775
-0.414203
-0.414631
-0.415061
-0.415492
-0.415924
-0.416358
-0.416793
-0.417229
-0.417667
-0.418106
-0.418546
-0.418988
-0.419432
-0.419876
-0.420323
-0.420771
-0.421221
-0.421672
-0.422125
-0.422579
-0.423035
-0.423493
-0.423952
-0.424413
-0.424875
-0.425340
-0.425805
-0.426273
-0.426742
-0.427212
-0.427684
-0.428158
-0.428633
-0.429109
-0.429587
-0.430067
-0.430548
-0.431030
-0.431513
-0.431998
-0.432483
-0.432970
-0.433458
-0.433947
-0.434437
-0.434928
-0.435420
-0.435913
-0.436406
-0.436900
-0.437395
-0.437890
-0.438386
-0.438882
-0.439379
-0.439876
-0.440373
-0.440870
-0.441367
-0.441865
-0.442363
-0.442860
-0.443357
-0.443854
-0.444351
-0.444848
-0.445344
-0.445839
-0.446334
-0.446829
-0.447322
-0.447815
-0.448307
-0.448799
-0.449289
-0.449778
-0.450266
-0.450753
-0.451239
-0.451723
-0.452206
-0.452687
-0.453167
-0.453645
-0.454122
-0.454596
-0.455069
-0.455540
-0.456009
-0.456476
-0.456940
-0.457403
-0.457863
-0.458321
-0.458776
-0.459228
-0.459679
-0.460126
-0.460571
-0.461013
-0.461452
-0.461888
-0.462322
-0.462752
-0.463179
-0.463603
-0.464024
-0.464442
-0.464856
-0.465268
-0.465675
-0.466080
-0.466481
-0.466879
-0.467273
-0.467664
-0.468051
-0.468435
-0.468815
-0.469192
-0.469565
-0.469935
-0.470301
-0.470663
-0.471022
-0.471378
-0.471729
-0.472078
-0.472423
-0.472764
-0.473101
-0.473436
-0.473766
-0.474094
-0.474417
-0.474738
-0.475055
-0.475368
-0.475679
-0.475986
-0.476289
-0.476590
-0.476887
-0.477181
-0.477471
-0.477759
-0.478043
-0.478325
-0.478603
-0.478879
-0.479151
-0.479420
-0.479687
-0.479950
-0.480211
-0.480469
-0.480724
-0.480977
-0.481227
-0.481474
-0.481718
-0.481960
-0.482200
-0.482437
-0.482671
-0.482903
-0.483132
-0.483360
-0.483584
-0.483807
-0.484027
-0.484245
-0.484461
-0.484675
-0.484886
-0.485095
-0.485302
-0.485508
-0.485711
-0.485912
-0.486111
-0.486308
-0.486504
-0.486697
-0.486888
-0.487078
-0.487266
-0.487452
-0.487636
-0.487819
-0.487999
-0.488178
-0.488356
-0.488531
-0.488705
-0.488877
-0.489048
-0.489217
-0.489385
-0.489550
-0.489715
-0.489877
-0.490038
-0.490198
-0.490356
-0.490512
-0.490667
-0.490820
-0.490972
-0.491123
-0.491271
-0.491419
-0.491564
-0.491709
-0.491851
-0.491993
-0.492132
-0.492270
-0.492407
-0.492542
-0.492676
-0.492807
-0.492938
-0.493067
-0.493194
-0.493319
-0.493443
-0.493566
-0.493686
-0.493805
-0.493923
-0.494038
-0.494152
-0.494264
-0.494374
-0.494483
-0.494589
-0.494694
-0.494797
-0.494898
-0.494997
-0.495093
-0.495188
-0.495281
-0.495371
-0.495460
-0.495546
-0.495630
-0.495711
-0.495790
-0.495867
-0.495941
-0.496013
-0.496081
-0.496148
-0.496211
-0.496272
-0.496330
-0.496385
-0.496436
-0.496485
-0.496531
-0.496573
-0.496612
-0.496647
-0.496679
-0.496708
-0.496732
-0.496753
-0.496770
-0.496783
-0.496793
-0.496798
-0.496798
-0.496795
-0.496787
-0.496775
-0.496758
-0.496736
-0.496710
-0.496680
-0.496644
-0.496604
-0.496559
-0.496509
-0.496455
-0.496396
-0.496332
-0.496263
-0.496190
-0.496113
-0.496031
-0.495945
-0.495855
-0.495762
-0.495665
-0.495564
-0.495462
-0.495356
-0.495249
-0.495140
-0.495030
-0.494920
-0.494810
-0.494701
-0.494593
-0.494488
-0.494385
-0.494285
-0.494186
-0.494088
-0.493986
-0.493876
-0.493755
-0.493619
-0.493470
-0.493313
-0.493154
-0.493001
-0.492860
-0.492734
-0.492628
-0.492542
-0.492479
-0.492437
-0.492418
-0.492419
-0.492441
-0.492483
-0.492544
-0.492623
-0.492720
-0.492835
-0.492966
-0.493114
-0.493278
-0.493458
-0.493653
-0.493863
-0.494088
-0.494327
-0.494580
-0.494847
-0.495126
-0.495419
-0.495723
-0.496041
-0.496370
-0.496710
-0.497062
-0.497424
-0.497797
-0.498180
-0.498573
-0.498976
-0.499388
-0.499808
-0.500238
-0.500676
-0.501122
-0.501576
-0.502037
-0.502506
-0.502983
-0.503466
-0.503955
-0.504451
-0.504954
-0.505462
-0.505977
-0.506497
-0.507023
-0.507554
-0.508090
-0.508632
-0.509178
-0.509729
-0.510285
-0.510845
-0.511410
-0.511979
-0.512552
-0.513129
-0.513710
-0.514295
-0.514884
-0.515477
-0.516072
-0.516672
-0.517274
-0.517880
-0.518489
-0.519102
-0.519717
-0.520335
-0.520955
-0.521579
-0.522205
-0.522833
-0.522833
-0.523464
-0.524098
-0.524733
-0.525371
-0.526011
-0.526652
-0.527296
-0.527942
-0.528589
-0.529238
-0.529888
-0.530540
-0.531193
-0.531848
-0.532503
-0.533160
-0.533818
-0.534476
-0.535136
-0.535796
-0.536457
-0.537118
-0.537779
-0.538442
-0.539104
-0.539766
-0.540429
-0.541091
-0.541754
-0.542416
-0.543078
-0.543739
-0.544400
-0.545060
-0.545720
-0.546379
-0.547037
-0.547694
-0.548350
-0.549004
-0.549658
-0.550310
-0.550961
-0.551611
-0.552258
-0.552905
-0.553549
-0.554192
-0.554833
-0.555471
-0.556108
-0.556743
-0.557376
-0.558006
-0.558634
-0.559260
-0.559883
-0.560504
-0.561123
-0.561739
-0.562352
-0.562963
-0.563571
-0.564176
-0.564779
-0.565379
-0.565976
-0.566571
-0.567162
-0.567751
-0.568337
-0.568921
-0.569501
-0.570079
-0.570654
-0.571227
-0.571796
-0.572363
-0.572927
-0.573489
-0.574048
-0.574604
-0.575158
-0.575710
-0.576259
-0.576805
-0.577349
-0.577891
-0.578431
-0.578968
-0.579504
-0.580037
-0.580568
-0.581097
-0.581624
-0.582150
-0.582673
-0.583195
-0.583715
-0.584233
-0.584750
-0.585265
-0.585779
-0.586291
-0.586802
-0.587311
-0.587820
-0.588326
-0.588832
-0.589337
-0.589840
-0.590343
-0.590844
-0.591345
-0.591845
-0.592344
-0.592842
-0.593339
-0.593836
-0.594333
-0.594829
-0.595325
-0.595820
-0.596315
-0.596810
-0.597305
-0.597800
-0.598295
-0.598791
-0.599286
-0.599782
-0.600279
-0.600775
-0.601273
-0.601771
-0.602270
-0.602770
-0.603270
-0.603772
-0.604275
-0.604779
-0.605284
-0.605790
-0.606298
-0.606807
-0.607318
-0.607830
-0.608343
-0.608858
-0.609375
-0.609893
-0.610413
-0.610935
-0.611458
-0.611983
-0.612510
-0.613038
-0.613568
-0.614099
-0.614632
-0.615167
-0.615703
-0.616240
-0.616779
-0.617319
-0.617860
-0.618403
-0.618947
-0.619492
-0.620037
-0.620584
-0.621132
-0.621680
-0.622230
-0.622780
-0.623330
-0.623882
-0.624433
-0.624986
-0.625538
-0.626091
-0.626645
-0.627199
-0.627752
-0.628306
-0.628860
-0.629414
-0.629968
-0.630522
-0.631075
-0.631628
-0.632181
-0.632732
-0.633282
-0.633830
-0.634376
-0.634919
-0.635458
-0.635994
-0.636529
-0.637075
-0.637657
-0.638219
-0.638434
-0.638807
-0.639533
-0.640301
-0.641103
-0.641882
-0.642590
-0.643522
-0.644130
-0.645201
-0.645829
-0.646732
-0.647502
-0.648286
-0.648688
-0.649465
-0.650201
-0.651101
-0.651652
-0.652195
-0.653303
-0.653451
-0.654501
-0.654924
-0.655356
-0.656929
-0.657007
-0.657193
-0.658909
-0.659007
-0.659219
-0.660572
-0.660709
-0.661734
-0.662157
-0.662395
-0.663807
-0.663924
-0.664397
-0.665122
-0.665930
-0.666222
-0.666643
-0.667857
-0.667913
-0.669281
-0.669510
-0.669893
-0.670795
-0.671364
-0.672655
-0.672667
-0.672890
-0.674158
-0.674353
-0.675975
-0.676015
-0.676585
-0.677778
-0.678424
-0.679224
-0.680051
-0.680868
-0.681717
-0.682553
-0.683386
-0.684214
-0.685028
-0.685827
-0.686613
-0.687391
-0.688168
-0.688950
-0.689738
-0.690537
-0.691344
-0.692161
-0.692986
-0.693820
-0.694662
-0.695512
-0.696370
-0.697235
-0.698107
-0.698986
-0.699869
-0.700756
-0.701646
-0.702538
-0.703432
-0.704327
-0.705222
-0.706116
-0.707010
-0.707903
-0.708794
-0.709682
-0.710569
-0.711453
-0.712334
-0.713212
-0.714088
-0.714961
-0.715831
-0.716698
-0.717562
-0.718424
-0.719283
-0.720140
-0.720995
-0.721848
-0.722698
-0.723548
-0.724395
-0.725241
-0.726086
-0.726929
-0.727771
-0.728611
-0.729451
-0.730289
-0.731126
-0.731961
-0.732795
-0.733627
-0.734458
-0.735286
-0.736113
-0.736937
-0.737758
-0.738576
-0.739392
-0.740204
-0.741012
-0.741816
-0.742615
-0.743410
-0.744199
-0.744983
-0.745760
-0.746531
-0.747296
-0.748053
-0.748802
-0.749544
-0.750277
-0.751001
-0.751716
-0.752421
-0.753116
-0.753801
-0.754475
-0.755137
-0.755788
-0.756427
-0.757054
-0.757667
-0.758268
-0.758856
-0.759430
-0.759990
-0.760536
-0.761067
-0.761584
-0.762086
-0.762573
-0.763046
-0.763503
-0.763944
-0.764371
-0.764782
-0.765178
-0.765558
-0.765923
-0.766273
-0.766608
-0.766928
-0.767232
-0.767522
-0.767798
-0.768058
-0.768305
-0.768537
-0.768755
-0.768960
-0.769151
-0.769328
-0.769493
-0.769644
-0.769784
-0.769910
-0.770025
-0.770128
-0.770219
-0.770299
-0.770367
-0.770426
-0.770473
-0.770511
-0.770538
-0.770556
-0.770565
-0.770565
-0.770556
-0.770539
-0.770513
-0.770480
-0.770439
-0.770391
-0.770337
-0.770275
-0.770207
-0.770134
-0.770054
-0.769969
-0.769879
-0.769784
-0.769685
-0.769581
-0.769473
-0.769362
-0.769247
-0.769128
-0.769007
-0.768883
-0.768757
-0.768628
-0.768498
-0.768365
-0.768232
-0.768097
-0.767961
-0.767824
-0.767686
-0.767548
-0.767410
-0.767272
-0.767134
-0.766997
-0.766860
-0.766723
-0.766588
-0.766453
-0.766320
-0.766188
-0.766057
-0.765928
-0.765800
-0.765675
-0.765551
-0.765429
-0.765309
-0.765191
-0.765075
-0.764962
-0.764850
-0.764741
-0.764635
-0.764530
-0.764428
-0.764328
-0.764231
-0.764136
-0.764043
-0.763953
-0.763865
-0.763779
-0.763696
-0.763615
-0.763536
-0.763459
-0.763384
-0.763311
-0.763240
-0.763171
-0.763103
-0.763038
-0.762974
-0.762912
-0.762851
-0.762793
-0.762735
-0.762679
-0.762624
-0.762571
-0.762518
-0.762467
-0.762417
-0.762368
-0.762320
-0.762274
-0.762227
-0.762182
-0.762138
-0.762094
-0.762051
-0.762051
-0.762009
-0.761968
-0.761927
-0.761887
-0.761847
-0.761808
-0.761770
-0.761732
-0.761695
-0.761658
-0.761621
-0.761586
-0.761550
-0.761515
-0.761481
-0.761447
-0.761414
-0.761381
-0.761349
-0.761317
-0.761286
-0.761256
-0.761226
-0.761196
-0.761168
-0.761140
-0.761112
-0.761086
-0.761060
-0.761035
-0.761011
-0.760987
-0.760965
-0.760943
-0.760922
-0.760903
-0.760884
-0.760866
-0.760849
-0.760834
-0.760819
-0.760806
-0.760794
-0.760783
-0.760774
-0.760766
-0.760759
-0.760753
-0.760749
-0.760746
-0.760745
-0.760745
-0.760747
-0.760750
-0.760755
-0.760762
-0.760770
-0.760779
-0.760791
-0.760804
-0.760819
-0.760835
-0.760853
-0.760873
-0.760895
-0.760919
-0.760944
-0.760971
-0.761000
-0.761031
-0.761064
-0.761099
-0.761135
-0.761174
-0.761214
-0.761257
-0.761301
-0.761348
-0.761396
-0.761447
-0.761500
-0.761555
-0.761612
-0.761671
-0.761733
-0.761797
-0.761865
-0.761934
-0.762007
-0.762083
-0.762163
-0.762247
-0.762337
-0.762432
-0.762535
-0.762649
-0.762778
-0.762934
-0.763142
-0.763470
-0.763655
-0.763361
-0.764095
-0.763723
-0.763999
-0.763448
-0.764147
-0.763840
-0.764163
-0.763645
-0.764338
-0.764005
-0.764226
-0.763754
-0.764429
-0.764014
-0.764383
-0.763773
-0.764460
-0.764211
-0.764324
-0.764102
-0.764646
-0.764090
-0.764656
-0.764250
-0.764661
-0.764171
-0.764828
-0.764528
-0.764837
-0.764446
-0.765064
-0.764702
-0.765119
-0.764708
-0.765296
-0.764964
-0.765406
-0.765040
-0.765598
-0.765274
-0.765731
-0.765399
-0.765927
-0.765620
-0.766094
-0.765795
-0.766295
-0.766011
-0.766487
-0.766216
-0.766695
-0.766437
-0.766907
-0.766663
-0.767127
-0.766897
-0.767353
-0.767137
-0.767586
-0.767384
-0.767826
-0.767637
-0.768071
-0.767897
-0.768322
-0.768163
-0.768579
-0.768435
-0.768842
-0.768713
-0.769109
-0.768997
-0.769383
-0.769286
-0.769661
-0.769582
-0.769945
-0.769883
-0.770233
-0.770189
-0.770527
-0.770500
-0.770824
-0.770817
-0.771127
-0.771138
-0.771434
-0.771464
-0.771746
-0.771795
-0.772061
-0.772129
-0.772382
-0.772467
-0.772706
-0.772809
-0.773036
-0.773154
-0.773369
-0.773501
-0.773707
-0.773852
-0.774050
-0.774204
-0.774397
-0.774560
-0.774748
-0.774917
-0.775104
-0.775278
-0.775463
-0.775641
-0.775825
-0.776006
-0.776191
-0.776374
-0.776560
-0.776745
-0.776931
-0.777118
-0.777306
-0.777493
-0.777682
-0.777871
-0.778060
-0.778250
-0.778441
-0.778632
-0.778823
-0.779015
-0.779207
-0.779399
-0.779592
-0.779785
-0.779979
-0.780172
-0.780366
-0.780560
-0.780754
-0.780949
-0.781143
-0.781338
-0.781533
-0.781728
-0.781923
-0.782118
-0.782313
-0.782508
-0.782703
-0.782898
-0.783093
-0.783288
-0.783483
-0.783677
-0.783872
-0.784066
-0.784260
-0.784454
-0.784648
-0.784842
-0.785035
-0.785228
-0.785421
-0.785613
-0.785805
-0.785997
-0.786189
-0.786380
-0.786571
-0.786761
-0.786951
-0.787140
-0.787329
-0.787518
-0.787706
-0.787894
-0.788081
-0.788267
-0.788453
-0.788639
-0.788824
-0.789008
-0.789192
-0.789375
-0.789558
-0.789740
-0.789921
-0.790102
-0.790282
-0.790462
-0.790640
-0.790818
-0.790996
-0.791172
-0.791348
-0.791524
-0.791698
-0.791872
-0.792045
-0.792217
-0.792389
-0.792559
-0.792729
-0.792899
-0.793067
-0.793234
-0.793401
-0.793567
-0.793732
-0.793897
-0.794060
-0.794223
-0.794385
-0.794546
-0.794706
-0.794865
-0.795023
-0.795181
-0.795338
-0.795493
-0.795648
-0.795802
-0.795956
-0.796108
-0.796259
-0.796410
-0.796560
-0.796708
-0.796856
-0.797003
-0.797150
-0.797295
-0.797439
-0.797583
-0.797725
-0.797867
-0.798008
-0.798147
-0.798286
-0.798425
-0.798562
-0.798698
-0.798833
-0.798968
-0.799102
-0.799234
-0.799366
-0.799497
-0.799627
-0.799757
-0.799885
-0.800012
-0.800139
-0.800265
-0.800390
-0.800514
-0.800637
-0.800759
-0.800880
-0.801001
-0.801121
-0.801239
-0.801357
-0.801475
-0.801591
-0.801706
-0.801821
-0.801935
-0.802048
-0.802160
-0.802271
-0.802382
-0.802491
-0.802600
-0.802708
-0.802816
-0.802922
-0.803028
-0.803133
-0.803237
-0.803340
-0.803443
-0.803545
-0.803646
-0.803746
-0.803846
-0.803944
-0.804042
-0.804140
-0.804236
-0.804332
-0.804427
-0.804521
-0.804615
-0.804708
-0.804800
-0.804892
-0.804983
-0.805073
-0.805162
-0.805251
-0.805339
-0.805426
-0.805513
-0.805599
-0.805684
-0.805769
-0.805853
-0.805937
-0.806019
-0.806102
-0.806183
-0.806264
-0.806344
-0.806424
-0.806503
-0.806581
-0.806659
-0.806736
-0.806813
-0.806889
-0.806965
-0.807040
-0.807114
-0.807188
-0.807261
-0.807334
-0.807406
-0.807477
-0.807548
-0.807619
-0.807689
-0.807758
-0.807827
-0.807895
-0.807963
-0.808031
-0.808097
-0.808164
-0.808230
-0.808295
-0.808360
-0.808424
-0.808488
-0.808551
-0.808614
-0.808677
-0.808739
-0.808800
-0.808862
-0.808922
-0.808982
-0.809042
-0.809101
-0.809160
-0.809219
-0.809277
-0.809334
-0.809392
-0.809448
-0.809505
-0.809560
-0.809616
-0.809671
-0.809726
-0.809780
-0.809834
-0.809887
-0.809940
-0.809993
-0.810045
-0.810097
-0.810149
-0.810200
-0.810251
-0.810301
-0.810351
-0.810401
-0.810450
-0.810499
-0.810548
-0.810596
-0.810644
-0.810691
-0.810738
-0.810785
-0.810831
-0.810877
-0.810923
-0.810968
-0.811013
-0.811057
-0.811101
-0.811145
-0.811189
-0.811232
-0.811274
-0.811274
-0.811317
-0.811359
-0.811401
-0.811442
-0.811483
-0.811523
-0.811564
-0.811604
-0.811643
-0.811682
-0.811721
-0.811760
-0.811798
-0.811836
-0.811873
-0.811910
-0.811947
-0.811983
-0.812019
-0.812055
-0.812091
-0.812126
-0.812160
-0.812195
-0.812229
-0.812262
-0.812296
-0.812329
-0.812361
-0.812394
-0.812426
-0.812458
-0.812489
-0.812520
-0.812551
-0.812582
-0.812612
-0.812642
-0.812672
-0.812701
-0.812731
-0.812760
-0.812788
-0.812817
-0.812845
-0.812873
-0.812901
-0.812928
-0.812956
-0.812983
-0.813010
-0.813036
-0.813063
-0.813089
-0.813116
-0.813142
-0.813168
-0.813193
-0.813219
-0.813245
-0.813270
-0.813295
-0.813320
-0.813345
-0.813370
-0.813395
-0.813420
-0.813445
-0.813469
-0.813494
-0.813518
-0.813543
-0.813567
-0.813592
-0.813616
-0.813640
-0.813665
-0.813689
-0.813713
-0.813737
-0.813761
-0.813786
-0.813810
-0.813834
-0.813858
-0.813882
-0.813906
-0.813930
-0.813955
-0.813979
-0.814003
-0.814027
-0.814051
-0.814076
-0.814100
-0.814124
-0.814149
-0.814173
-0.814197
-0.814222
-0.814246
-0.814270
-0.814295
-0.814319
-0.814344
-0.814369
-0.814393
-0.814418
-0.814442
-0.814467
-0.814492
-0.814516
-0.814541
-0.814566
-0.814591
-0.814616
-0.814641
-0.814666
-0.814690
-0.814715
-0.814740
-0.814766
-0.814791
-0.814816
-0.814841
-0.814866
-0.814891
-0.814916
-0.814942
-0.814967
-0.814992
-0.815018
-0.815043
-0.815068
-0.815094
-0.815119
-0.815145
-0.815170
-0.815196
-0.815221
-0.815247
-0.815272
-0.815298
-0.815323
-0.815349
-0.815375
-0.815400
-0.815426
-0.815452
-0.815477
-0.815503
-0.815529
-0.815554
-0.815580
-0.815606
-0.815632
-0.815658
-0.815683
-0.815709
-0.815735
-0.815761
-0.815787
-0.815813
-0.815839
-0.815864
-0.815890
-0.815916
-0.815942
-0.815968
-0.815994
-0.816020
-0.816046
-0.816072
-0.816098
-0.816124
-0.816150
-0.816176
-0.816202
-0.816228
-0.816254
-0.816280
-0.816306
-0.816331
-0.816357
-0.816383
-0.816409
-0.816435
-0.816461
-0.816487
-0.816513
-0.816539
-0.816565
-0.816591
-0.816617
-0.816643
-0.816669
-0.816695
-0.816721
-0.816747
-0.816773
-0.816799
-0.816825
-0.816851
-0.816876
-0.816902
-0.816928
-0.816954
-0.816980
-0.817006
-0.817032
-0.817058
-0.817083
-0.817109
-0.817135
-0.817161
-0.817187
-0.817212
-0.817238
-0.817264
-0.817290
-0.817315
-0.817341
-0.817367
-0.817392
-0.817418
-0.817444
-0.817469
-0.817495
-0.817521
-0.817546
-0.817572
-0.817597
-0.817623
-0.817649
-0.817674
-0.817700
-0.817725
-0.817751
-0.817776
-0.817801
-0.817827
-0.817852
-0.817878
-0.817903
-0.817928
-0.817954
-0.817979
-0.818004
-0.818029
-0.818055
-0.818080
-0.818105
-0.818130
-0.818155
-0.818181
-0.818206
-0.818231
-0.818256
-0.818281
-0.818306
-0.818331
-0.818356
-0.818381
-0.818406
-0.818431
-0.818455
-0.818480
-0.818505
-0.818530
-0.818555
-0.818579
-0.818604
-0.818629
-0.818653
-0.818678
-0.818703
-0.818727
-0.818752
-0.818776
-0.818801
-0.818825
-0.818850
-0.818874
-0.818899
-0.818923
-0.818947
-0.818972
-0.818996
-0.819020
-0.819044
-0.819069
-0.819093
-0.819117
-0.819141
-0.819165
-0.819189
-0.819213
-0.819237
-0.819261
-0.819285
-0.819309
-0.819332
-0.819356
-0.819380
-0.819404
-0.819427
-0.819451
-0.819475
-0.819498
-0.819522
-0.819546
-0.819569
-0.819592
-0.819616
-0.819639
-0.819663
-0.819686
-0.819709
-0.819733
-0.819756
-0.819779
-0.819802
-0.819825
-0.819848
-0.819871
-0.819894
-0.819917
-0.819940
-0.819963
-0.819986
-0.820009
-0.820032
-0.820054
-0.820077
-0.820100
-0.820122
-0.820145
-0.820167
-0.820190
-0.820212
-0.820235
-0.820257
-0.820279
-0.820302
-0.820324
-0.820346
-0.820368
-0.820391
-0.820413
-0.820435
-0.820457
-0.820479
-0.820501
-0.820523
-0.820544
-0.820566
-0.820588
-0.820610
-0.820631
-0.820653
-0.820675
-0.820696
-0.820718
-0.820739
-0.820761
-0.820782
-0.820803
-0.820825
-0.820846
-0.820867
-0.820888
-0.820909
-0.820931
-0.820952
-0.820973
-0.820993
-0.821014
-0.821035
-0.821056
-0.821077
-0.821098
-0.821118
-0.821139
-0.821159
-0.821180
-0.821200
-0.821221
-0.821241
-0.821262
-0.821282
-0.821302
-0.821322
-0.821343
-0.821363
-0.821383
-0.821403
-0.821423
-0.821443
-0.821463
-0.821482
-0.821502
-0.821522
-0.821542
-0.821561
-0.821581
-0.821600
-0.821620
-0.821639
-0.821659
-0.821678
-0.821697
-0.821717
-0.821736
-0.821755
-0.821774
-0.821793
-0.821812
-0.821831
-0.821850
-0.821869
-0.821888
-0.821906
-0.821925
-0.821944
-0.821962
-0.821981
-0.821999
-0.822018
-0.822036
-0.822055
-0.822073
-0.822091
-0.822109
-0.822128
-0.822146
-0.822164
-0.822182
-0.822200
-0.822218
-0.822235
-0.822253
-0.822271
-0.822289
-0.822306
-0.822324
-0.822341
-0.822359
-0.822376
-0.822394
-0.822411
-0.822428
-0.822445
-0.822463
-0.822480
-0.822497
-0.822514
-0.822531
-0.822548
-0.822565
-0.822581
-0.822598
-0.822615
-0.822631
-0.822648
-0.822665
-0.822681
-0.822697
-0.822714
-0.822730
-0.822746
-0.822763
-0.822779
-0.822795
-0.822811
-0.822827
-0.822843
-0.822859
-0.822875
-0.822891
-0.822906
-0.822922
-0.822938
-0.822953
-0.822969
-0.822984
-0.823000
-0.823015
-0.823030
-0.823045
-0.823061
-0.823076
-0.823091
-0.823106
-0.823121
-0.823136
-0.823151
-0.823166
-0.823180
-0.823195
-0.823195
-0.823210
-0.823224
-0.823239
-0.823253
-0.823268
-0.823282
-0.823296
-0.823311
-0.823325
-0.823339
-0.823353
-0.823367
-0.823381
-0.823395
-0.823409
-0.823423
-0.823437
-0.823451
-0.823464
-0.823478
-0.823491
-0.823505
-0.823518
-0.823532
-0.823545
-0.823558
-0.823572
-0.823585
-0.823598
-0.823611
-0.823624
-0.823637
-0.823650
-0.823663
-0.823676
-0.823688
-0.823701
-0.823714
-0.823726
-0.823739
-0.823751
-0.823764
-0.823776
-0.823788
-0.823801
-0.823813
-0.823825
-0.823837
-0.823849
-0.823861
-0.823873
-0.823885
-0.823897
-0.823908
-0.823920
-0.823932
-0.823943
-0.823955
-0.823966
-0.823978
-0.823989
-0.824001
-0.824012
-0.824023
-0.824034
-0.824045
-0.824056
-0.824067
-0.824078
-0.824089
-0.824100
-0.824111
-0.824122
-0.824132
-0.824143
-0.824153
-0.824164
-0.824174
-0.824185
-0.824195
-0.824206
-0.824216
-0.824226
-0.824236
-0.824246
-0.824256
-0.824266
-0.824276
-0.824286
-0.824296
-0.824306
-0.824315
-0.824325
-0.824335
-0.824344
-0.824354
-0.824363
-0.824372
-0.824382
-0.824391
-0.824400
-0.824409
-0.824419
-0.824428
-0.824437
-0.824446
-0.824455
-0.824463
-0.824472
-0.824481
-0.824490
-0.824498
-0.824507
-0.824515
-0.824524
-0.824532
-0.824541
-0.824549
-0.824557
-0.824566
-0.824574
-0.824582
-0.824590
-0.824598
-0.824606
-0.824614
-0.824622
-0.824630
-0.824637
-0.824645
-0.824653
-0.824660
-0.824668
-0.824675
-0.824683
-0.824690
-0.824698
-0.824705
-0.824712
-0.824719
-0.824727
-0.824734
-0.824741
-0.824748
-0.824755
-0.824762
-0.824768
-0.824775
-0.824782
-0.824789
-0.824795
-0.824802
-0.824808
-0.824815
-0.824821
-0.824828
-0.824834
-0.824840
-0.824847
-0.824853
-0.824859
-0.824865
-0.824871
-0.824877
-0.824883
-0.824889
-0.824895
-0.824901
-0.824907
-0.824912
-0.824918
-0.824924
-0.824929
-0.824935
-0.824940
-0.824946
-0.824951
-0.824956
-0.824962
-0.824967
-0.824972
-0.824977
-0.824982
-0.824987
-0.824992
-0.824997
-0.825002
-0.825007
-0.825012
-0.825016
-0.825021
-0.825026
-0.825030
-0.825035
-0.825040
-0.825044
-0.825048
-0.825053
-0.825057
-0.825062
-0.825066
-0.825070
-0.825074
-0.825078
-0.825082
-0.825086
-0.825090
-0.825094
-0.825098
-0.825102
-0.825106
-0.825110
-0.825113
-0.825117
-0.825121
-0.825124
-0.825128
-0.825131
-0.825135
-0.825138
-0.825141
-0.825145
-0.825148
-0.825151
-0.825154
-0.825158
-0.825161
-0.825164
-0.825167
-0.825170
-0.825173
-0.825175
-0.825178
-0.825181
-0.825184
-0.825187
-0.825189
-0.825192
-0.825194
-0.825197
-0.825200
-0.825202
-0.825204
-0.825207
-0.825209
-0.825211
-0.825214
-0.825216
-0.825218
-0.825220
-0.825222
-0.825224
-0.825226
-0.825228
-0.825230
-0.825232
-0.825234
-0.825236
-0.825238
-0.825239
-0.825241
-0.825243
-0.825244
-0.825246
-0.825247
-0.825249
-0.825250
-0.825252
-0.825253
-0.825254
-0.825256
-0.825257
-0.825258
-0.825259
-0.825261
-0.825262
-0.825263
-0.825264
-0.825265
-0.825266
-0.825267
-0.825268
-0.825268
-0.825269
-0.825270
-0.825271
-0.825272
-0.825272
-0.825273
-0.825273
-0.825274
-0.825275
-0.825275
-0.825275
-0.825276
-0.825276
-0.825277
-0.825277
-0.825277
-0.825277
-0.825278
-0.825278
-0.825278
-0.825278
-0.825278
-0.825278
-0.825278
-0.825278
-0.825278
-0.825278
-0.825278
-0.825278
-0.825277
-0.825277
-0.825277
-0.825277
-0.825276
-0.825276
-0.825275
-0.825275
-0.825275
-0.825274
-0.825273
-0.825273
-0.825272
-0.825272
-0.825271
-0.825270
-0.825270
-0.825269
-0.825268
-0.825267
-0.825266
-0.825265
-0.825264
-0.825264
-0.825263
-0.825262
-0.825260
-0.825259
-0.825258
-0.825257
-0.825256
-0.825255
-0.825254
-0.825252
-0.825251
-0.825250
-0.825248
-0.825247
-0.825246
-0.825244
-0.825243
-0.825241
-0.825240
-0.825238
-0.825236
-0.825235
-0.825233
-0.825232
-0.825230
-0.825228
-0.825226
-0.825225
-0.825223
-0.825221
-0.825219
-0.825217
-0.825215
-0.825213
-0.825211
-0.825209
-0.825207
-0.825205
-0.825203
-0.825201
-0.825199
-0.825197
-0.825195
-0.825192
-0.825190
-0.825188
-0.825185
-0.825183
-0.825181
-0.825178
-0.825176
-0.825174
-0.825171
-0.825169
-0.825166
-0.825164
-0.825161
-0.825158
-0.825156
-0.825153
-0.825150
-0.825148
-0.825145
-0.825142
-0.825140
-0.825137
-0.825134
-0.825131
-0.825128
-0.825125
-0.825123
-0.825120
-0.825117
-0.825114
-0.825111
-0.825108
-0.825105
-0.825101
-0.825098
-0.825095
-0.825092
-0.825089
-0.825086
-0.825083
-0.825079
-0.825076
-0.825073
-0.825069
-0.825066
-0.825063
-0.825059
-0.825056
-0.825053
-0.825049
-0.825046
-0.825042
-0.825039
-0.825035
-0.825032
-0.825028
-0.825024
-0.825021
-0.825017
-0.825013
-0.825010
-0.825006
-0.825002
-0.824998
-0.824995
-0.824991
-0.824987
-0.824983
-0.824979
-0.824976
-0.824972
-0.824968
-0.824964
-0.824960
-0.824956
-0.824952
-0.824948
-0.824944
-0.824940
-0.824936
-0.824931
-0.824927
-0.824923
-0.824919
-0.824915
-0.824911
-0.824906
-0.824902
-0.824898
-0.824894
-0.824889
-0.824885
-0.824881
-0.824876
-0.824872
-0.824867
-0.824863
-0.824858
-0.824854
-0.824849
-0.824845
-0.824840
-0.824836
-0.824831
-0.824827
-0.824822
-0.824817
-0.824813
-0.824808
-0.824803
-0.824799
-0.824794
-0.824789
-0.824784
-0.824780
-0.824775
-0.824770
-0.824765
-0.824760
-0.824760
-0.824755
-0.824751
-0.824746
-0.824741
-0.824736
-0.824731
-0.824726
-0.824721
-0.824716
-0.824711
-0.824706
-0.824701
-0.824695
-0.824690
-0.824685
-0.824680
-0.824675
-0.824670
-0.824664
-0.824659
-0.824654
-0.824649
-0.824643
-0.824638
-0.824633
-0.824627
-0.824622
-0.824616
-0.824611
-0.824606
-0.824600
-0.824595
-0.824589
-0.824584
-0.824578
-0.824573
-0.824567
-0.824561
-0.824556
-0.824550
-0.824545
-0.824539
-0.824533
-0.824528
-0.824522
-0.824516
-0.824510
-0.824505
-0.824499
-0.824493
-0.824487
-0.824481
-0.824475
-0.824470
-0.824464
-0.824458
-0.824452
-0.824446
-0.824440
-0.824434
-0.824428
-0.824422
-0.824416
-0.824410
-0.824403
-0.824397
-0.824391
-0.824385
-0.824379
-0.824373
-0.824366
-0.824360
-0.824354
-0.824348
-0.824341
-0.824335
-0.824329
-0.824322
-0.824316
-0.824310
-0.824303
-0.824297
-0.824290
-0.824284
-0.824277
-0.824271
-0.824264
-0.824258
-0.824251
-0.824244
-0.824238
-0.824231
-0.824224
-0.824218
-0.824211
-0.824204
-0.824197
-0.824191
-0.824184
-0.824177
-0.824170
-0.824163
-0.824156
-0.824150
-0.824143
-0.824136
-0.824129
-0.824122
-0.824115
-0.824108
-0.824101
-0.824093
-0.824086
-0.824079
-0.824072
-0.824065
-0.824058
-0.824050
-0.824043
-0.824036
-0.824029
-0.824021
-0.824014
-0.824007
-0.823999
-0.823992
-0.823984
-0.823977
-0.823969
-0.823962
-0.823954
-0.823947
-0.823939
-0.823932
-0.823924
-0.823916
-0.823909
-0.823901
-0.823893
-0.823886
-0.823878
-0.823870
-0.823862
-0.823854
-0.823846
-0.823838
-0.823831
-0.823823
-0.823815
-0.823807
-0.823799
-0.823791
-0.823782
-0.823774
-0.823766
-0.823758
-0.823750
-0.823742
-0.823733
-0.823725
-0.823717
-0.823708
-0.823700
-0.823692
-0.823683
-0.823675
-0.823666
-0.823658
-0.823649
-0.823641
-0.823632
-0.823624
-0.823615
-0.823606
-0.823598
-0.823589
-0.823580
-0.823571
-0.823562
-0.823554
-0.823545
-0.823536
-0.823527
-0.823518
-0.823509
-0.823500
-0.823491
-0.823482
-0.823473
-0.823464
-0.823454
-0.823445
-0.823436
-0.823427
-0.823418
-0.823408
-0.823399
-0.823389
-0.823380
-0.823371
-0.823361
-0.823352
-0.823342
-0.823333
-0.823323
-0.823313
-0.823304
-0.823294
-0.823284
-0.823275
-0.823265
-0.823255
-0.823245
-0.823235
-0.823225
-0.823216
-0.823206
-0.823196
-0.823186
-0.823176
-0.823165
-0.823155
-0.823145
-0.823135
-0.823125
-0.823115
-0.823104
-0.823094
-0.823084
-0.823073
-0.823063
-0.823053
-0.823042
-0.823032
-0.823021
-0.823011
-0.823000
-0.822990
-0.822979
-0.822968
-0.822958
-0.822947
-0.822936
-0.822926
-0.822915
-0.822904
-0.822893
-0.822882
-0.822872
-0.822861
-0.822850
-0.822839
-0.822828
-0.822817
-0.822806
-0.822795
-0.822784
-0.822773
-0.822762
-0.822750
-0.822739
-0.822728
-0.822717
-0.822706
-0.822695
-0.822683
-0.822672
-0.822661
-0.822650
-0.822638
-0.822627
-0.822616
-0.822604
-0.822593
-0.822582
-0.822570
-0.822559
-0.822547
-0.822536
-0.822524
-0.822513
-0.822502
-0.822490
-0.822479
-0.822467
-0.822456
-0.822444
-0.822433
-0.822421
-0.822410
-0.822398
-0.822387
-0.822375
-0.822364
-0.822353
-0.822341
-0.822330
-0.822318
-0.822307
-0.822295
-0.822284
-0.822272
-0.822261
-0.822250
-0.822238
-0.822227
-0.822216
-0.822204
-0.822193
-0.822182
-0.822170
-0.822159
-0.822148
-0.822137
-0.822125
-0.822114
-0.822103
-0.822092
-0.822081
-0.822070
-0.822059
-0.822048
-0.822037
-0.822026
-0.822015
-0.822004
-0.821994
-0.821983
-0.821972
-0.821961
-0.821951
-0.821940
-0.821930
-0.821919
-0.821909
-0.821898
-0.821888
-0.821878
-0.821867
-0.821857
-0.821847
-0.821837
-0.821827
-0.821817
-0.821807
-0.821797
-0.821787
-0.821778
-0.821768
-0.821758
-0.821749
-0.821739
-0.821730
-0.821720
-0.821711
-0.821702
-0.821693
-0.821684
-0.821675
-0.821666
-0.821657
-0.821648
-0.821639
-0.821631
-0.821622
-0.821614
-0.821605
-0.821597
-0.821589
-0.821580
-0.821572
-0.821564
-0.821556
-0.821548
-0.821541
-0.821533
-0.821525
-0.821518
-0.821510
-0.821503
-0.821495
-0.821488
-0.821481
-0.821474
-0.821467
-0.821460
-0.821453
-0.821447
-0.821440
-0.821433
-0.821427
-0.821420
-0.821414
-0.821408
-0.821402
-0.821396
-0.821390
-0.821384
-0.821378
-0.821372
-0.821367
-0.821361
-0.821356
-0.821350
-0.821345
-0.821340
-0.821335
-0.821329
-0.821324
-0.821320
-0.821315
-0.821310
-0.821305
-0.821301
-0.821296
-0.821292
-0.821288
-0.821283
-0.821279
-0.821275
-0.821271
-0.821267
-0.821263
-0.821260
-0.821256
-0.821252
-0.821249
-0.821245
-0.821242
-0.821239
-0.821235
-0.821232
-0.821229
-0.821226
-0.821223
-0.821220
-0.821218
-0.821215
-0.821212
-0.821210
-0.821207
-0.821205
-0.821203
-0.821200
-0.821198
-0.821196
-0.821194
-0.821192
-0.821190
-0.821188
-0.821186
-0.821185
-0.821183
-0.821181
-0.821180
-0.821178
-0.821177
-0.821175
-0.821174
-0.821173
-0.821172
-0.821171
-0.821170
-0.821169
-0.821168
-0.821167
-0.821166
-0.821165
-0.821164
-0.821164
-0.821163
-0.821162
-0.821162
-0.821161
-0.821161
-0.821161
-0.821160
-0.821160
-0.821160
-0.821159
-0.821159
-0.821159
-0.821159
-0.821159
-0.821159
-0.821159
-0.821159
-0.821159
-0.821159
-0.821159
-0.821159
-0.821159
-0.821159
-0.821160
-0.821160
-0.821160
-0.821160
-0.821161
-0.821161
-0.821161
-0.821161
-0.821161
-0.821162
-0.821162
-0.821162
-0.821162
-0.821163
-0.821163
-0.821163
-0.821163
-0.821164
-0.821164
-0.821164
-0.821164
-0.821164
-0.821164
-0.821164
-0.821164
-0.821164
-0.821164
-0.821164
-0.821164
-0.821164
-0.821164
-0.821163
-0.821163
-0.821162
-0.821162
-0.821161
-0.821161
-0.821160
-0.821159
-0.821158
-0.821157
-0.821155
-0.821154
-0.821153
-0.821151
-0.821149
-0.821147
-0.821145
-0.821143
-0.821141
-0.821138
-0.821135
-0.821132
-0.821129
-0.821126
-0.821122
-0.821118
-0.821114
-0.821110
-0.821105
-0.821100
-0.821094
-0.821089
-0.821083
-0.821076
-0.821069
-0.821062
-0.821054
-0.821045
-0.821036
-0.821026
-0.821016
-0.821005
-0.820993
-0.820980
-0.820966
-0.820952
-0.820936
-0.820918
-0.820899
-0.820879
-0.820857
-0.820833
-0.820806
-0.820777
-0.820744
-0.820708
-0.820668
-0.820623
-0.820572
-0.820515
-0.820451
-0.820377
-0.820294
-0.820201
-0.820097
-0.819983
-0.819862
-0.819736
-0.819611
-0.819489
-0.819374
-0.819267
-0.819169
-0.819079
-0.818997
-0.818922
-0.818855
-0.818795
-0.818741
-0.818692
-0.818649
-0.818612
-0.818579
-0.818551
-0.818528
-0.818510
-0.818496
-0.818486
-0.818481
-0.818480
-0.818483
-0.818490
-0.818500
-0.818514
-0.818531
-0.818550
-0.818572
-0.818596
-0.818621
-0.818647
-0.818674
-0.818700
-0.818726
-0.818751
-0.818776
-0.818800
-0.818822
-0.818843
-0.818863
-0.818882
-0.818900
-0.818917
-0.818933
-0.818949
-0.818963
-0.818977
-0.818991
-0.819003
-0.819016
-0.819028
-0.819039
-0.819050
-0.819061
-0.819072
-0.819083
-0.819093
-0.819104
-0.819114
-0.819124
-0.819134
-0.819145
-0.819155
-0.819165
-0.819176
-0.819186
-0.819197
-0.819208
-0.819218
-0.819229
-0.819240
-0.819252
-0.819263
-0.819274
-0.819286
-0.819298
-0.819310
-0.819322
-0.819334
-0.819346
-0.819358
-0.819371
-0.819383
-0.819396
-0.819409
-0.819422
-0.819435
-0.819448
-0.819461
-0.819475
-0.819488
-0.819501
-0.819515
-0.819528
-0.819542
-0.819556
-0.819570
-0.819583
-0.819597
-0.819611
-0.819625
-0.819639
-0.819653
-0.819667
-0.819681
-0.819695
-0.819709
-0.819724
-0.819738
-0.819752
-0.819766
-0.819780
-0.819794
-0.819809
-0.819823
-0.819837
-0.819851
-0.819866
-0.819880
-0.819894
-0.819909
-0.819923
-0.819937
-0.819952
-0.819966
-0.819980
-0.819994
-0.820009
-0.820023
-0.820037
-0.820052
-0.820066
-0.820080
-0.820095
-0.820109
-0.820123
-0.820138
-0.820152
-0.820166
-0.820181
-0.820195
-0.820209
-0.820224
-0.820238
-0.820253
-0.820267
-0.820281
-0.820296
-0.820310
-0.820324
-0.820339
-0.820353
-0.820367
-0.820382
-0.820396
-0.820410
-0.820425
-0.820439
-0.820454
-0.820468
-0.820482
-0.820497
-0.820511
-0.820526
-0.820540
-0.820554
-0.820569
-0.820583
-0.820597
-0.820612
-0.820626
-0.820641
-0.820655
-0.820669
-0.820684
-0.820698
-0.820713
-0.820727
-0.820741
-0.820756
-0.820770
-0.820784
-0.820799
-0.820813
-0.820828
-0.820842
-0.820856
-0.820871
-0.820885
-0.820899
-0.820914
-0.820928
-0.820942
-0.820957
-0.820971
-0.820985
-0.820999
-0.821014
-0.821028
-0.821042
-0.821057
-0.821071
-0.821085
-0.821099
-0.821114
-0.821128
-0.821142
-0.821156
-0.821170
-0.821184
-0.821199
-0.821213
-0.821227
-0.821241
-0.821255
-0.821269
-0.821283
-0.821297
-0.821311
-0.821325
-0.821339
-0.821353
-0.821367
-0.821381
-0.821395
-0.821409
-0.821423
-0.821437
-0.821451
-0.821465
-0.821479
-0.821493
-0.821507
-0.821520
-0.821534
-0.821548
-0.821562
-0.821575
-0.821589
-0.821603
-0.821616
-0.821630
-0.821644
-0.821657
-0.821671
-0.821685
-0.821698
-0.821712
-0.821725
-0.821739
-0.821752
-0.821766
-0.821779
-0.821792
-0.821806
-0.821819
-0.821832
-0.821846
-0.821859
-0.821872
-0.821886
-0.821899
-0.821912
-0.821925
-0.821938
-0.821951
-0.821964
-0.821977
-0.821990
-0.822003
-0.822016
-0.822029
-0.822042
-0.822055
-0.822068
-0.822081
-0.822094
-0.822106
-0.822119
-0.822132
-0.822145
-0.822157
-0.822170
-0.822183
-0.822195
-0.822208
-0.822220
-0.822233
-0.822245
-0.822258
-0.822270
-0.822282
-0.822295
-0.822307
-0.822319
-0.822331
-0.822343
-0.822356
-0.822368
-0.822380
-0.822392
-0.822404
-0.822416
-0.822428
-0.822440
-0.822452
-0.822463
-0.822475
-0.822487
-0.822499
-0.822510
-0.822522
-0.822534
-0.822545
-0.822557
-0.822568
-0.822580
-0.822591
-0.822602
-0.822614
-0.822625
-0.822636
-0.822647
-0.822659
-0.822670
-0.822681
-0.822692
-0.822703
-0.822714
-0.822725
-0.822735
-0.822746
-0.822757
-0.822768
-0.822778
-0.822789
-0.822800
-0.822810
-0.822821
-0.822831
-0.822842
-0.822852
-0.822862
-0.822873
-0.822883
-0.822893
-0.822903
-0.822913
-0.822923
-0.822933
-0.822943
-0.822953
-0.822963
-0.822973
-0.822983
-0.822992
-0.823002
-0.823012
-0.823021
-0.823031
-0.823040
-0.823050
-0.823059
-0.823068
-0.823078
-0.823087
-0.823096
-0.823105
-0.823114
-0.823123
-0.823132
-0.823141
-0.823150
-0.823159
-0.823167
-0.823176
-0.823185
-0.823193
-0.823202
-0.823210
-0.823219
-0.823227
-0.823236
-0.823244
-0.823252
-0.823260
-0.823268
-0.823276
-0.823284
-0.823292
-0.823300
-0.823308
-0.823316
-0.823324
-0.823331
-0.823339
-0.823346
-0.823354
-0.823361
-0.823369
-0.823376
-0.823383
-0.823391
-0.823398
-0.823405
-0.823412
-0.823412
-0.823419
-0.823426
-0.823433
-0.823440
-0.823447
-0.823453
-0.823460
-0.823467
-0.823473
-0.823480
-0.823486
-0.823493
-0.823499
-0.823505
-0.823511
-0.823518
-0.823524
-0.823530
-0.823536
-0.823542
-0.823548
-0.823553
-0.823559
-0.823565
-0.823571
-0.823576
-0.823582
-0.823587
-0.823593
-0.823598
-0.823603
-0.823609
-0.823614
-0.823619
-0.823624
-0.823629
-0.823634
-0.823639
-0.823644
-0.823649
-0.823653
-0.823658
-0.823663
-0.823667
-0.823672
-0.823676
-0.823681
-0.823685
-0.823689
-0.823694
-0.823698
-0.823702
-0.823706
-0.823710
-0.823714
-0.823718
-0.823722
-0.823726
-0.823729
-0.823733
-0.823737
-0.823740
-0.823744
-0.823747
-0.823751
-0.823754
-0.823757
-0.823760
-0.823764
-0.823767
-0.823770
-0.823773
-0.823776
-0.823779
-0.823781
-0.823784
-0.823787
-0.823790
-0.823792
-0.823795
-0.823797
-0.823800
-0.823802
-0.823805
-0.823807
-0.823809
-0.823811
-0.823813
-0.823816
-0.823818
-0.823820
-0.823821
-0.823823
-0.823825
-0.823827
-0.823829
-0.823830
-0.823832
-0.823833
-0.823835
-0.823836
-0.823838
-0.823839
-0.823840
-0.823841
-0.823843
-0.823844
-0.823845
-0.823846
-0.823847
-0.823848
-0.823849
-0.823849
-0.823850
-0.823851
-0.823851
-0.823852
-0.823853
-0.823853
-0.823854
-0.823854
-0.823854
-0.823855
-0.823855
-0.823855
-0.823855
-0.823855
-0.823855
-0.823855
-0.823855
-0.823855
-0.823855
-0.823855
-0.823854
-0.823854
-0.823854
-0.823853
-0.823853
-0.823852
-0.823852
-0.823851
-0.823851
-0.823850
-0.823849
-0.823848
-0.823847
-0.823847
-0.823846
-0.823845
-0.823844
-0.823842
-0.823841
-0.823840
-0.823839
-0.823838
-0.823836
-0.823835
-0.823833
-0.823832
-0.823830
-0.823829
-0.823827
-0.823826
-0.823824
-0.823822
-0.823820
-0.823818
-0.823817
-0.823815
-0.823813
-0.823811
-0.823809
-0.823806
-0.823804
-0.823802
-0.823800
-0.823797
-0.823795
-0.823793
-0.823790
-0.823788
-0.823785
-0.823783
-0.823780
-0.823777
-0.823775
-0.823772
-0.823769
-0.823766
-0.823763
-0.823761
-0.823758
-0.823755
-0.823751
-0.823748
-0.823745
-0.823742
-0.823739
-0.823736
-0.823732
-0.823729
-0.823725
-0.823722
-0.823718
-0.823715
-0.823711
-0.823708
-0.823704
-0.823700
-0.823697
-0.823693
-0.823689
-0.823685
-0.823681
-0.823677
-0.823673
-0.823669
-0.823665
-0.823661
-0.823657
-0.823653
-0.823648
-0.823644
-0.823640
-0.823635
-0.823631
-0.823627
-0.823622
-0.823618
-0.823613
-0.823608
-0.823604
-0.823599
-0.823594
-0.823589
-0.823585
-0.823580
-0.823575
-0.823570
-0.823565
-0.823560
-0.823555
-0.823550
-0.823545
-0.823539
-0.823534
-0.823529
-0.823524
-0.823518
-0.823513
-0.823508
-0.823502
-0.823497
-0.823491
-0.823486
-0.823480
-0.823474
-0.823469
-0.823463
-0.823457
-0.823451
-0.823445
-0.823440
-0.823434
-0.823428
-0.823422
-0.823416
-0.823410
-0.823404
-0.823397
-0.823391
-0.823385
-0.823379
-0.823372
-0.823366
-0.823360
-0.823353
-0.823347
-0.823340
-0.823334
-0.823327
-0.823321
-0.823314
-0.823307
-0.823301
-0.823294
-0.823287
-0.823280
-0.823273
-0.823267
-0.823260
-0.823253
-0.823246
-0.823239
-0.823232
-0.823224
-0.823217
-0.823210
-0.823203
-0.823196
-0.823188
-0.823181
-0.823174
-0.823166
-0.823159
-0.823151
-0.823144
-0.823136
-0.823129
-0.823121
-0.823113
-0.823106
-0.823098
-0.823090
-0.823082
-0.823074
-0.823067
-0.823059
-0.823051
-0.823043
-0.823035
-0.823027
-0.823019
-0.823010
-0.823002
-0.822994
-0.822986
-0.822978
-0.822969
-0.822961
-0.822953
-0.822944
-0.822936
-0.822927
-0.822919
-0.822910
-0.822902
-0.822893
-0.822884
-0.822876
-0.822867
-0.822858
-0.822849
-0.822841
-0.822832
-0.822823
-0.822814
-0.822805
-0.822796
-0.822787
-0.822778
-0.822769
-0.822760
-0.822750
-0.822741
-0.822732
-0.822723
-0.822713
-0.822704
-0.822695
-0.822685
-0.822676
-0.822666
-0.822657
-0.822647
-0.822638
-0.822628
-0.822618
-0.822609
-0.822599
-0.822589
-0.822579
-0.822570
-0.822560
-0.822550
-0.822540
-0.822530
-0.822520
-0.822510
-0.822500
-0.822490
-0.822480
-0.822470
-0.822460
-0.822449
-0.822439
-0.822429
-0.822418
-0.822408
-0.822398
-0.822387
-0.822377
-0.822366
-0.822356
-0.822345
-0.822335
-0.822324
-0.822314
-0.822303
-0.822292
-0.822282
-0.822271
-0.822260
-0.822249
-0.822238
-0.822227
-0.822216
-0.822206
-0.822195
-0.822184
-0.822172
-0.822161
-0.822150
-0.822139
-0.822128
-0.822117
-0.822106
-0.822094
-0.822083
-0.822072
-0.822060
-0.822049
-0.822038
-0.822026
-0.822015
-0.822003
-0.821992
-0.821980
-0.821968
-0.821957
-0.821945
-0.821933
-0.821922
-0.821910
-0.821898
-0.821886
-0.821875
-0.821863
-0.821851
-0.821839
-0.821827
-0.821815
-0.821803
-0.821791
-0.821779
-0.821767
-0.821755
-0.821743
-0.821730
-0.821718
-0.821706
-0.821694
-0.821681
-0.821669
-0.821657
-0.821644
-0.821632
-0.821619
-0.821607
-0.821595
-0.821582
-0.821569
-0.821557
-0.821544
-0.821532
-0.821519
-0.821506
-0.821494
-0.821481
-0.821468
-0.821455
-0.821443
-0.821430
-0.821417
-0.821404
-0.821391
-0.821378
-0.821365
-0.821352
-0.821339
-0.821326
-0.821313
-0.821300
-0.821287
-0.821274
-0.821261
-0.821247
-0.821234
-0.821221
-0.821208
-0.821194
-0.821181
-0.821168
-0.821154
-0.821141
-0.821128
-0.821114
-0.821101
-0.821087
-0.821087
-0.821074
-0.821060
-0.821047
-0.821033
-0.821019
-0.821006
-0.820992
-0.820979
-0.820965
-0.820951
-0.820937
-0.820924
-0.820910
-0.820896
-0.820882
-0.820869
-0.820855
-0.820841
-0.820827
-0.820813
-0.820799
-0.820785
-0.820771
-0.820757
-0.820743
-0.820729
-0.820715
-0.820701
-0.820687
-0.820673
-0.820659
-0.820645
-0.820630
-0.820616
-0.820602
-0.820588
-0.820573
-0.820559
-0.820545
-0.820531
-0.820516
-0.820502
-0.820488
-0.820473
-0.820459
-0.820445
-0.820430
-0.820416
-0.820401
-0.820387
-0.820372
-0.820358
-0.820343
-0.820329
-0.820314
-0.820300
-0.820285
-0.820271
-0.820256
-0.820241
-0.820227
-0.820212
-0.820197
-0.820183
-0.820168
-0.820153
-0.820139
-0.820124
-0.820109
-0.820094
-0.820080
-0.820065
-0.820050
-0.820035
-0.820020
-0.820006
-0.819991
-0.819976
-0.819961
-0.819946
-0.819931
-0.819916
-0.819902
-0.819887
-0.819872
-0.819857
-0.819842
-0.819827
-0.819812
-0.819797
-0.819782
-0.819767
-0.819752
-0.819737
-0.819722
-0.819707
-0.819692
-0.819677
-0.819662
-0.819647
-0.819632
-0.819617
-0.819601
-0.819586
-0.819571
-0.819556
-0.819541
-0.819526
-0.819511
-0.819496
-0.819481
-0.819465
-0.819450
-0.819435
-0.819420
-0.819405
-0.819390
-0.819374
-0.819359
-0.819344
-0.819329
-0.819314
-0.819298
-0.819283
-0.819268
-0.819253
-0.819238
-0.819222
-0.819207
-0.819192
-0.819177
-0.819162
-0.819146
-0.819131
-0.819116
-0.819101
-0.819085
-0.819070
-0.819055
-0.819040
-0.819024
-0.819009
-0.818994
-0.818979
-0.818963
-0.818948
-0.818933
-0.818918
-0.818902
-0.818887
-0.818872
-0.818857
-0.818841
-0.818826
-0.818811
-0.818795
-0.818780
-0.818765
-0.818750
-0.818734
-0.818719
-0.818704
-0.818689
-0.818673
-0.818658
-0.818643
-0.818628
-0.818612
-0.818597
-0.818582
-0.818567
-0.818551
-0.818536
-0.818521
-0.818505
-0.818490
-0.818475
-0.818460
-0.818444
-0.818429
-0.818414
-0.818399
-0.818383
-0.818368
-0.818353
-0.818337
-0.818322
-0.818307
-0.818292
-0.818276
-0.818261
-0.818246
-0.818230
-0.818215
-0.818200
-0.818185
-0.818169
-0.818154
-0.818139
-0.818123
-0.818108
-0.818093
-0.818077
-0.818062
-0.818047
-0.818031
-0.818016
-0.818001
-0.817985
-0.817970
-0.817954
-0.817939
-0.817923
-0.817908
-0.817893
-0.817877
-0.817862
-0.817846
-0.817831
-0.817815
-0.817800
-0.817784
-0.817769
-0.817753
-0.817737
-0.817722
-0.817706
-0.817690
-0.817675
-0.817659
-0.817643
-0.817628
-0.817612
-0.817596
-0.817580
-0.817564
-0.817549
-0.817533
-0.817517
-0.817501
-0.817485
-0.817469
-0.817453
-0.817437
-0.817420
-0.817404
-0.817388
-0.817372
-0.817356
-0.817339
-0.817323
-0.817307
-0.817290
-0.817274
-0.817257
-0.817241
-0.817224
-0.817207
-0.817191
-0.817174
-0.817157
-0.817140
-0.817124
-0.817107
-0.817090
-0.817073
-0.817055
-0.817038
-0.817021
-0.817004
-0.816986
-0.816969
-0.816952
-0.816934
-0.816916
-0.816899
-0.816881
-0.816863
-0.816845
-0.816828
-0.816810
-0.816792
-0.816773
-0.816755
-0.816737
-0.816719
-0.816700
-0.816682
-0.816663
-0.816645
-0.816626
-0.816607
-0.816588
-0.816569
-0.816550
-0.816531
-0.816512
-0.816493
-0.816474
-0.816454
-0.816435
-0.816415
-0.816396
-0.816376
-0.816356
-0.816336
-0.816317
-0.816296
-0.816276
-0.816256
-0.816236
-0.816216
-0.816195
-0.816175
-0.816154
-0.816134
-0.816113
-0.816092
-0.816071
-0.816050
-0.816029
-0.816008
-0.815987
-0.815965
-0.815944
-0.815923
-0.815901
-0.815880
-0.815858
-0.815836
-0.815814
-0.815793
-0.815771
-0.815749
-0.815727
-0.815704
-0.815682
-0.815660
-0.815637
-0.815615
-0.815593
-0.815570
-0.815547
-0.815525
-0.815502
-0.815479
-0.815456
-0.815433
-0.815410
-0.815387
-0.815364
-0.815341
-0.815318
-0.815294
-0.815271
-0.815248
-0.815224
-0.815201
-0.815177
-0.815154
-0.815130
-0.815107
-0.815083
-0.815059
-0.815035
-0.815011
-0.814988
-0.814964
-0.814940
-0.814916
-0.814892
-0.814868
-0.814844
-0.814820
-0.814795
-0.814771
-0.814747
-0.814723
-0.814699
-0.814674
-0.814650
-0.814626
-0.814601
-0.814577
-0.814553
-0.814528
-0.814504
-0.814480
-0.814455
-0.814431
-0.814406
-0.814382
-0.814357
-0.814333
-0.814309
-0.814284
-0.814260
-0.814235
-0.814211
-0.814186
-0.814162
-0.814137
-0.814113
-0.814088
-0.814064
-0.814039
-0.814015
-0.813990
-0.813966
-0.813941
-0.813917
-0.813893
-0.813868
-0.813844
-0.813819
-0.813795
-0.813771
-0.813746
-0.813722
-0.813698
-0.813674
-0.813649
-0.813625
-0.813601
-0.813577
-0.813553
-0.813528
-0.813504
-0.813480
-0.813456
-0.813432
-0.813408
-0.813384
-0.813360
-0.813336
-0.813312
-0.813289
-0.813265
-0.813241
-0.813217
-0.813194
-0.813170
-0.813146
-0.813123
-0.813099
-0.813076
-0.813052
-0.813029
-0.813005
-0.812982
-0.812959
-0.812935
-0.812912
-0.812889
-0.812866
-0.812843
-0.812820
-0.812797
-0.812774
-0.812751
-0.812728
-0.812705
-0.812682
-0.812660
-0.812637
-0.812614
-0.812592
-0.812569
-0.812547
-0.812525
-0.812502
-0.812480
-0.812458
-0.812436
-0.812413
-0.812391
-0.812369
-0.812347
-0.812326
-0.812304
-0.812282
-0.812260
-0.812239
-0.812217
-0.812195
-0.812174
-0.812153
-0.812131
-0.812110
-0.812089
-0.812068
-0.812047
-0.812026
-0.812005
-0.811984
-0.811963
-0.811942
-0.811921
-0.811901
-0.811901
-0.811880
-0.811860
-0.811839
-0.811819
-0.811799
-0.811779
-0.811759
-0.811738
-0.811718
-0.811699
-0.811679
-0.811659
-0.811639
-0.811620
-0.811600
-0.811581
-0.811561
-0.811542
-0.811523
-0.811503
-0.811484
-0.811465
-0.811446
-0.811427
-0.811409
-0.811390
-0.811371
-0.811353
-0.811334
-0.811316
-0.811297
-0.811279
-0.811261
-0.811243
-0.811225
-0.811207
-0.811189
-0.811171
-0.811153
-0.811135
-0.811118
-0.811100
-0.811083
-0.811066
-0.811048
-0.811031
-0.811014
-0.810997
-0.810980
-0.810963
-0.810946
-0.810930
-0.810913
-0.810896
-0.810880
-0.810864
-0.810847
-0.810831
-0.810815
-0.810799
-0.810783
-0.810767
-0.810751
-0.810735
-0.810720
-0.810703
-0.810689
-0.810672
-0.810660
-0.810639
-0.810633
-0.810602
-0.810614
-0.810552
-0.810616
-0.810461
-0.810681
-0.810233
-0.810880
-0.809624
-0.811223
-0.809160
-0.810768
-0.808984
-0.810674
-0.808750
-0.810035
-0.808526
-0.810072
-0.808256
-0.809635
-0.808107
-0.809589
-0.807873
-0.809245
-0.807680
-0.809123
-0.807461
-0.808842
-0.807256
-0.808659
-0.807034
-0.808411
-0.806825
-0.808215
-0.806617
-0.807995
-0.806424
-0.807804
-0.806237
-0.807611
-0.806058
-0.807432
-0.805884
-0.807254
-0.805716
-0.807085
-0.805554
-0.806920
-0.805396
-0.806759
-0.805240
-0.806601
-0.805085
-0.806446
-0.804931
-0.806290
-0.804777
-0.806134
-0.804621
-0.805978
-0.804463
-0.805820
-0.804304
-0.805661
-0.804142
-0.805501
-0.803979
-0.805339
-0.803814
-0.805177
-0.803647
-0.805013
-0.803479
-0.804849
-0.803310
-0.804683
-0.803139
-0.804517
-0.802967
-0.804350
-0.802794
-0.804182
-0.802620
-0.804014
-0.802446
-0.803845
-0.802270
-0.803675
-0.802094
-0.803504
-0.801917
-0.803333
-0.801739
-0.803161
-0.801561
-0.802988
-0.801382
-0.802814
-0.801202
-0.802640
-0.801021
-0.802464
-0.800839
-0.802288
-0.800656
-0.802111
-0.800473
-0.801933
-0.800288
-0.801754
-0.800103
-0.801574
-0.799917
-0.801393
-0.799730
-0.801212
-0.799542
-0.801029
-0.799353
-0.800846
-0.799164
-0.800662
-0.798974
-0.800477
-0.798783
-0.800291
-0.798591
-0.800104
-0.798398
-0.799917
-0.798206
-0.799730
-0.798012
-0.799541
-0.797818
-0.799353
-0.797623
-0.799163
-0.797428
-0.798974
-0.797233
-0.798784
-0.797037
-0.798593
-0.796841
-0.798402
-0.796644
-0.798211
-0.796448
-0.798020
-0.796251
-0.797828
-0.796054
-0.797637
-0.795857
-0.797445
-0.795660
-0.797253
-0.795462
-0.797061
-0.795265
-0.796869
-0.795068
-0.796677
-0.794871
-0.796485
-0.794673
-0.796293
-0.794476
-0.796101
-0.794279
-0.795909
-0.794082
-0.795717
-0.793886
-0.795525
-0.793689
-0.795334
-0.793493
-0.795142
-0.793296
-0.794951
-0.793100
-0.794759
-0.792904
-0.794568
-0.792708
-0.794377
-0.792512
-0.794186
-0.792317
-0.793995
-0.792122
-0.793804
-0.791926
-0.793613
-0.791731
-0.793423
-0.791536
-0.793232
-0.791342
-0.793042
-0.791147
-0.792851
-0.790952
-0.792661
-0.790758
-0.792471
-0.790563
-0.792281
-0.790369
-0.792091
-0.790175
-0.791901
-0.789981
-0.791711
-0.789786
-0.791521
-0.789592
-0.791331
-0.789398
-0.791141
-0.789204
-0.790951
-0.789010
-0.790761
-0.788816
-0.790571
-0.788622
-0.790381
-0.788428
-0.790191
-0.788234
-0.790001
-0.788040
-0.789811
-0.787845
-0.789621
-0.787651
-0.789431
-0.787457
-0.789241
-0.787263
-0.789050
-0.787068
-0.788861
-0.786874
-0.788668
-0.786678
-0.788481
-0.786486
-0.788283
-0.786286
-0.788106
-0.786101
-0.787891
-0.785888
-0.787744
-0.785729
-0.787470
-0.785476
-0.787431
-0.785419
-0.786952
-0.785094
-0.787242
-0.785324
-0.786217
-0.785474
-0.786766
-0.784568
-0.787008
-0.785331
-0.785295
-0.786621
-0.784728
-0.786786
-0.784809
-0.785476
-0.785587
-0.786002
-0.785202
-0.786228
-0.783874
-0.787222
-0.785554
-0.783785
-0.787553
-0.785592
-0.783802
-0.786271
-0.784838
-0.784872
-0.785602
-0.784836
-0.786029
-0.784224
-0.786533
-0.784663
-0.785576
-0.784946
-0.786068
-0.783709
-0.786414
-0.784768
-0.783846
-0.786547
-0.784831
-0.784267
-0.785507
-0.783636
-0.785919
-0.783981
-0.785097
-0.784270
-0.785793
-0.783299
-0.785867
-0.784123
-0.784113
-0.785492
-0.783435
-0.785743
-0.783844
-0.783790
-0.785256
-0.783285
-0.785731
-0.783875
-0.783448
-0.785366
-0.783151
-0.785312
-0.783114
-0.784388
-0.782948
-0.785223
-0.783033
-0.784038
-0.782974
-0.784833
-0.782210
-0.784600
-0.782461
-0.783832
-0.782230
-0.784586
-0.782490
-0.782781
-0.783422
-0.782647
-0.783966
-0.781024
-0.784832
-0.782876
-0.780833
-0.785243
-0.782959
-0.781011
-0.783557
-0.782097
-0.782162
-0.782853
-0.782148
-0.783393
-0.781428
-0.784081
-0.782304
-0.782285
-0.783537
-0.781417
-0.783946
-0.782055
-0.781313
-0.783813
-0.781728
-0.782763
-0.781125
-0.783385
-0.781080
-0.782597
-0.780816
-0.783677
-0.781876
-0.780804
-0.783468
-0.781602
-0.781797
-0.782264
-0.781539
-0.782780
-0.780076
-0.784001
-0.782013
-0.779844
-0.784411
-0.782057
-0.780023
-0.782672
-0.781178
-0.781151
-0.781965
-0.781050
-0.782537
-0.780295
-0.783119
-0.781365
-0.781071
-0.782730
-0.780205
-0.782842
-0.780927
-0.780312
-0.782608
-0.780280
-0.782049
-0.779468
-0.782245
-0.780356
-0.780604
-0.781566
-0.780033
-0.782187
-0.779597
-0.781356
-0.779051
-0.782702
-0.780760
-0.780760
-0.778467
-0.782695
-0.780651
-0.778760
-0.781696
-0.780179
-0.779664
-0.781068
-0.779334
-0.781502
-0.779211
-0.781210
-0.778868
-0.781660
-0.779702
-0.779505
-0.780771
-0.778542
-0.781423
-0.779577
-0.778278
-0.781612
-0.779943
-0.778443
-0.781152
-0.779332
-0.779116
-0.780479
-0.778496
-0.781272
-0.779371
-0.779011
-0.780976
-0.778343
-0.781218
-0.779300
-0.778371
-0.781128
-0.779062
-0.779687
-0.779082
-0.780187
-0.777703
-0.781443
-0.779553
-0.777127
-0.782315
-0.779541
-0.777263
-0.780503
-0.778943
-0.778054
-0.779870
-0.778021
-0.780006
-0.777732
-0.780281
-0.777986
-0.779603
-0.777371
-0.780393
-0.778498
-0.777159
-0.780257
-0.778465
-0.777548
-0.779606
-0.777038
-0.779397
-0.776820
-0.779208
-0.776620
-0.779404
-0.777135
-0.778120
-0.777115
-0.778914
-0.775642
-0.779570
-0.777632
-0.775341
-0.780217
-0.777730
-0.775508
-0.778597
-0.777056
-0.776431
-0.778066
-0.776156
-0.778491
-0.776104
-0.778161
-0.775629
-0.778762
-0.776890
-0.775729
-0.778457
-0.776301
-0.776837
-0.776440
-0.777308
-0.775354
-0.778420
-0.776547
-0.775356
-0.778864
-0.777075
-0.775075
-0.778660
-0.776868
-0.774856
-0.778778
-0.777078
-0.775237
-0.778440
-0.776823
-0.775842
-0.778037
-0.775737
-0.777821
-0.775204
-0.778174
-0.776117
-0.776436
-0.777054
-0.775882
-0.777596
-0.773818
-0.778652
-0.776115
-0.773536
-0.779061
-0.776033
-0.773702
-0.776679
-0.775154
-0.774999
-0.776145
-0.774760
-0.776951
-0.774275
-0.777104
-0.774714
-0.776356
-0.773985
-0.777347
-0.775398
-0.773079
-0.777732
-0.775514
-0.773207
-0.776925
-0.775230
-0.773628
-0.776301
-0.774496
-0.775264
-0.774900
-0.775894
-0.774067
-0.776884
-0.774613
-0.775211
-0.775616
-0.775240
-0.775857
-0.773284
-0.777443
-0.775253
-0.771940
-0.779159
-0.774983
-0.772568
-0.775343
-0.774024
-0.774594
-0.773692
-0.774901
-0.773420
-0.776321
-0.773970
-0.775591
-0.773194
-0.776711
-0.774715
-0.771967
-0.777229
-0.774502
-0.772120
-0.776013
-0.774271
-0.772616
-0.775166
-0.773300
-0.774414
-0.773407
-0.775262
-0.772331
-0.776044
-0.774254
-0.772007
-0.776668
-0.774356
-0.771849
-0.775498
-0.773826
-0.772343
-0.775025
-0.773123
-0.774028
-0.773254
-0.774760
-0.772001
-0.775939
-0.774044
-0.771449
-0.776734
-0.774003
-0.771537
-0.775062
-0.773410
-0.772177
-0.774490
-0.772426
-0.774240
-0.771960
-0.775028
-0.772982
-0.773061
-0.774197
-0.772128
-0.775167
-0.773099
-0.771739
-0.775301
-0.773500
-0.771860
-0.775010
-0.773080
-0.771974
-0.774746
-0.772288
-0.773973
-0.771391
-0.775242
-0.773320
-0.770723
-0.775975
-0.773315
-0.770878
-0.774772
-0.773049
-0.771377
-0.774099
-0.772195
-0.773013
-0.772461
-0.773677
-0.771263
-0.774836
-0.772979
-0.770504
-0.775860
-0.772970
-0.770188
-0.774549
-0.772528
-0.770622
-0.773607
-0.771906
-0.772083
-0.772767
-0.771794
-0.773575
-0.770180
-0.774949
-0.772539
-0.769732
-0.775425
-0.772373
-0.769890
-0.773254
-0.771634
-0.770777
-0.772797
-0.770608
-0.773142
-0.770480
-0.773026
-0.770159
-0.773265
-0.770866
-0.771705
-0.770963
-0.772404
-0.768760
-0.774153
-0.770797
-0.767938
-0.774416
-0.771016
-0.768570
-0.771693
-0.770121
-0.769734
-0.771225
-0.769481
-0.772151
-0.769544
-0.771670
-0.768712
-0.772732
-0.770724
-0.767972
-0.773009
-0.770484
-0.768086
-0.771847
-0.770181
-0.768641
-0.771285
-0.769245
-0.770466
-0.769101
-0.771418
-0.768268
-0.771682
-0.769742
-0.768911
-0.771536
-0.768584
-0.770763
-0.767306
-0.771328
-0.769474
-0.767174
-0.771988
-0.769644
-0.767118
-0.771090
-0.769414
-0.767672
-0.770724
-0.768965
-0.768956
-0.769921
-0.768314
-0.770888
-0.767836
-0.770352
-0.767022
-0.771179
-0.769135
-0.766314
-0.771466
-0.768721
-0.766255
-0.770334
-0.768651
-0.766921
-0.769782
-0.767923
-0.768448
-0.768525
-0.768788
-0.768610
-0.769133
-0.767867
-0.770261
-0.766046
-0.771289
-0.768307
-0.765183
-0.771729
-0.767833
-0.765068
-0.769197
-0.767684
-0.766326
-0.768785
-0.766819
-0.768490
-0.766400
-0.769469
-0.767202
-0.767972
-0.767638
-0.768634
-0.766033
-0.769942
-0.767826
-0.764371
-0.771588
-0.767518
-0.764492
-0.768820
-0.767186
-0.765678
-0.767767
-0.765832
-0.767887
-0.765611
-0.768802
-0.766692
-0.767047
-0.767551
-0.766640
-0.768206
-0.763759
-0.770450
-0.766355
-0.762998
-0.769946
-0.766498
-0.764077
-0.766457
-0.764814
-0.765705
-0.765513
-0.766674
-0.765296
-0.767737
-0.764558
-0.767800
-0.765478
-0.766197
-0.765926
-0.766581
-0.764581
-0.767600
-0.765318
-0.765292
-0.767167
-0.763139
-0.769478
-0.765204
-0.761418
-0.769063
-0.765535
-0.763185
-0.765898
-0.764370
-0.764649
-0.764925
-0.764996
-0.765679
-0.764864
-0.766637
-0.762622
-0.768610
-0.764737
-0.761668
-0.768164
-0.764672
-0.762166
-0.765292
-0.763760
-0.763232
-0.764972
-0.762987
-0.765808
-0.763323
-0.765118
-0.762561
-0.766414
-0.764541
-0.761859
-0.766794
-0.764358
-0.761938
-0.765911
-0.764211
-0.762397
-0.765350
-0.763635
-0.763798
-0.764564
-0.763449
-0.765488
-0.761966
-0.766453
-0.764324
-0.761595
-0.767014
-0.764098
-0.761643
-0.765236
-0.763670
-0.762328
-0.764918
-0.762866
-0.764386
-0.762366
-0.765354
-0.763020
-0.763947
-0.763126
-0.764879
-0.760845
-0.760845
-0.766578
-0.762759
-0.760127
-0.766233
-0.763186
-0.760890
-0.763905
-0.762321
-0.761783
-0.763607
-0.761480
-0.764474
-0.762229
-0.763184
-0.762343
-0.764088
-0.760164
-0.765675
-0.762082
-0.759557
-0.765403
-0.762511
-0.760197
-0.763290
-0.761706
-0.760919
-0.763041
-0.760758
-0.763595
-0.761065
-0.762886
-0.760163
-0.764122
-0.762205
-0.759461
-0.764519
-0.761974
-0.759653
-0.763487
-0.761843
-0.760088
-0.762962
-0.761197
-0.761537
-0.761977
-0.761450
-0.762714
-0.759684
-0.764489
-0.761862
-0.758892
-0.765108
-0.761559
-0.759141
-0.762760
-0.761204
-0.759848
-0.762389
-0.760379
-0.762053
-0.759882
-0.763032
-0.760979
-0.760938
-0.762186
-0.759748
-0.763513
-0.761505
-0.758468
-0.764459
-0.761056
-0.758829
-0.762800
-0.761116
-0.759340
-0.762135
-0.760378
-0.761044
-0.761000
-0.761574
-0.760685
-0.762298
-0.758151
-0.764667
-0.760560
-0.757285
-0.764177
-0.760509
-0.758099
-0.760952
-0.759441
-0.759369
-0.760565
-0.759251
-0.761654
-0.758738
-0.761838
-0.759488
-0.760658
-0.759237
-0.761606
-0.758034
-0.761486
-0.759581
-0.758503
-0.761657
-0.759578
-0.759354
-0.760358
-0.757961
-0.762034
-0.760144
-0.757180
-0.763373
-0.759804
-0.757474
-0.761546
-0.759868
-0.758075
-0.760899
-0.759200
-0.759633
-0.759967
-0.759702
-0.760545
-0.758454
-0.761827
-0.759996
-0.758074
-0.762575
-0.760342
-0.757264
-0.762468
-0.759481
-0.757417
-0.761383
-0.759876
-0.758208
-0.761040
-0.759209
-0.759619
-0.759896
-0.759732
-0.760495
-0.758700
-0.761741
-0.759380
-0.759854
-0.760380
-0.759391
-0.761142
-0.755653
-0.764040
-0.760500
-0.756727
-0.759930
-0.759978
-0.759474
-0.757986
-0.758248
-0.757773
-0.760280
-0.757603
-0.762375
-0.759775
-0.756670
-0.762047
-0.759152
-0.756899
-0.760530
-0.759012
-0.757574
-0.760186
-0.758112
-0.759486
-0.757569
-0.760491
-0.757955
-0.759412
-0.757163
-0.760865
-0.759019
-0.756404
-0.761394
-0.758728
-0.756401
-0.760658
-0.758803
-0.756782
-0.760084
-0.758609
-0.757627
-0.759963
-0.757443
-0.759964
-0.756981
-0.759993
-0.757412
-0.759146
-0.756301
-0.760475
-0.758315
-0.755413
-0.760893
-0.757947
-0.755950
-0.759489
-0.757941
-0.756451
-0.759062
-0.756991
-0.758432
-0.756540
-0.759542
-0.757186
-0.758093
-0.757062
-0.759086
-0.754685
-0.760761
-0.756560
-0.754293
-0.759868
-0.757302
-0.755119
-0.757965
-0.756392
-0.755889
-0.757818
-0.755438
-0.758763
-0.756954
-0.755927
-0.758574
-0.755866
-0.758022
-0.754328
-0.758895
-0.756546
-0.754102
-0.759092
-0.756634
-0.754433
-0.757876
-0.756374
-0.754898
-0.757693
-0.755787
-0.756712
-0.755719
-0.757538
-0.753852
-0.759097
-0.755805
-0.753764
-0.758584
-0.756426
-0.754055
-0.757305
-0.755767
-0.754370
-0.757311
-0.755497
-0.756224
-0.755620
-0.756818
-0.754126
-0.758380
-0.756263
-0.753293
-0.759432
-0.755713
-0.753640
-0.757129
-0.755599
-0.754234
-0.756720
-0.754564
-0.756434
-0.753818
-0.757614
-0.755910
-0.753647
-0.758005
-0.756021
-0.753621
-0.757535
-0.755797
-0.753809
-0.757120
-0.755644
-0.754437
-0.756917
-0.754478
-0.756488
-0.753320
-0.757526
-0.755602
-0.753135
-0.757862
-0.755570
-0.753328
-0.756860
-0.755315
-0.753683
-0.756589
-0.754849
-0.755083
-0.755618
-0.754678
-0.756544
-0.752322
-0.758476
-0.754303
-0.752450
-0.757193
-0.755227
-0.752909
-0.755769
-0.754220
-0.753485
-0.755876
-0.753370
-0.756307
-0.753787
-0.755164
-0.752992
-0.756494
-0.754699
-0.752805
-0.756692
-0.754986
-0.752526
-0.756931
-0.754732
-0.752495
-0.756482
-0.754881
-0.752974
-0.756220
-0.754717
-0.753595
-0.755993
-0.753387
-0.755831
-0.752621
-0.756099
-0.754261
-0.753228
-0.755856
-0.753098
-0.755143
-0.751216
-0.756547
-0.753285
-0.751541
-0.755728
-0.754054
-0.751852
-0.755067
-0.753539
-0.752123
-0.755188
-0.753437
-0.753631
-0.754128
-0.752972
-0.755073
-0.750639
-0.756734
-0.752516
-0.751064
-0.755196
-0.753517
-0.751321
-0.754166
-0.752572
-0.751816
-0.754388
-0.751748
-0.754638
-0.751844
-0.753659
-0.750223
-0.755508
-0.752197
-0.750288
-0.754520
-0.752811
-0.750606
-0.753939
-0.752403
-0.750716
-0.754024
-0.752570
-0.751550
-0.753874
-0.751036
-0.753794
-0.750814
-0.753347
-0.749868
-0.754086
-0.752030
-0.749502
-0.754288
-0.751808
-0.749709
-0.753380
-0.751884
-0.750093
-0.753201
-0.751693
-0.750877
-0.752986
-0.750020
-0.753527
-0.751767
-0.750119
-0.753675
-0.752114
-0.750059
-0.753618
-0.751976
-0.749839
-0.753812
-0.752155
-0.749991
-0.753806
-0.752196
-0.750146
-0.753650
-0.752178
-0.750488
-0.753573
-0.751944
-0.751208
-0.753129
-0.749880
-0.754139
-0.751992
-0.749512
-0.754516
-0.751957
-0.749896
-0.753290
-0.751774
-0.750228
-0.753090
-0.751238
-0.751872
-0.751556
-0.752461
-0.750523
-0.753758
-0.751859
-0.750609
-0.753988
-0.752177
-0.750870
-0.753544
-0.750763
-0.752660
-0.748562
-0.755331
-0.751275
-0.747839
-0.754563
-0.751090
-0.749208
-0.751824
-0.750177
-0.750686
-0.750648
-0.751275
-0.750595
-0.752210
-0.747780
-0.755069
-0.750865
-0.747899
-0.752099
-0.750611
-0.749572
-0.750121
-0.747907
-0.751219
-0.749492
-0.750818
-0.749767
-0.751823
-0.747251
-0.753034
-0.748622
-0.747823
-0.751173
-0.749235
-0.749705
-0.748279
-0.748279
-0.750106
-0.745998
-0.752778
-0.748917
-0.746078
-0.752061
-0.748939
-0.747077
-0.749374
-0.747528
-0.748807
-0.747439
-0.750033
-0.747118
-0.750122
-0.747672
-0.748960
-0.746753
-0.750237
-0.748462
-0.746014
-0.750860
-0.748181
-0.746508
-0.749934
-0.748417
-0.746704
-0.749664
-0.748093
-0.747596
-0.749474
-0.746140
-0.750940
-0.747950
-0.746191
-0.750194
-0.748632
-0.746457
-0.749710
-0.748185
-0.746453
-0.749807
-0.748437
-0.747086
-0.749756
-0.747572
-0.748643
-0.746796
-0.749819
-0.747512
-0.748383
-0.747239
-0.749482
-0.744649
-0.751283
-0.747311
-0.743346
-0.750897
-0.747488
-0.744696
-0.747428
-0.746133
-0.746045
-0.746978
-0.745807
-0.748139
-0.745063
-0.748720
-0.747082
-0.745041
-0.748963
-0.747086
-0.744637
-0.748545
-0.746791
-0.744882
-0.748367
-0.746996
-0.745335
-0.748243
-0.746650
-0.746259
-0.747745
-0.744792
-0.749363
-0.746731
-0.744783
-0.749002
-0.747239
-0.745062
-0.748335
-0.746837
-0.745172
-0.748361
-0.746980
-0.746082
-0.748217
-0.745256
-0.748534
-0.746721
-0.745846
-0.748308
-0.745398
-0.748271
-0.745524
-0.747173
-0.743881
-0.749289
-0.745405
-0.744574
-0.747276
-0.744714
-0.747069
-0.743566
-0.746995
-0.745365
-0.744475
-0.747270
-0.744829
-0.746365
-0.742441
-0.748343
-0.744040
-0.743193
-0.746246
-0.744113
-0.745403
-0.742040
-0.746465
-0.744181
-0.742469
-0.746855
-0.745026
-0.742783
-0.746077
-0.744533
-0.742639
-0.746099
-0.744785
-0.743132
-0.746169
-0.744652
-0.743446
-0.745873
-0.743136
-0.745648
-0.742190
-0.746026
-0.744264
-0.742272
-0.746247
-0.744384
-0.742086
-0.745992
-0.744260
-0.742285
-0.745878
-0.744460
-0.742587
-0.745811
-0.744407
-0.742881
-0.745758
-0.744037
-0.743955
-0.744879
-0.742594
-0.746504
-0.744509
-0.741787
-0.747388
-0.743607
-0.742812
-0.744873
-0.742039
-0.745253
-0.743478
-0.742583
-0.745241
-0.742579
-0.745251
-0.741899
-0.744948
-0.742441
-0.743864
-0.741242
-0.745633
-0.743066
-0.740961
-0.745427
-0.743280
-0.741439
-0.744775
-0.743285
-0.741466
-0.744822
-0.743457
-0.741849
-0.745028
-0.743532
-0.742118
-0.744884
-0.742774
-0.743653
-0.742198
-0.744747
-0.740952
-0.745253
-0.742830
-0.741177
-0.745142
-0.743304
-0.740902
-0.744875
-0.742939
-0.741049
-0.744916
-0.743400
-0.741372
-0.744847
-0.743341
-0.741371
-0.744887
-0.743441
-0.741531
-0.744955
-0.743469
-0.741538
-0.744964
-0.743471
-0.741555
-0.745036
-0.743533
-0.741580
-0.745128
-0.743596
-0.741585
-0.745220
-0.743651
-0.741603
-0.745281
-0.743699
-0.741662
-0.745295
-0.743748
-0.741760
-0.745302
-0.743799
-0.741886
-0.745324
-0.743845
-0.742039
-0.745348
-0.743860
-0.742269
-0.745321
-0.743666
-0.742918
-0.744897
-0.740847
-0.746647
-0.741990
-0.741921
-0.743847
-0.740942
-0.745089
-0.742360
-0.740311
-0.744696
-0.743115
-0.741298
-0.744528
-0.742929
-0.741121
-0.744321
-0.742881
-0.741825
-0.744341
-0.741469
-0.744106
-0.740629
-0.744150
-0.742278
-0.741393
-0.743809
-0.740515
-0.743941
-0.741982
-0.740839
-0.743839
-0.741645
-0.742626
-0.740536
-0.743936
-0.742130
-0.740669
-0.744221
-0.742568
-0.740674
-0.744387
-0.742486
-0.740253
-0.744729
-0.742304
-0.740777
-0.744021
-0.742470
-0.741201
-0.743753
-0.740911
-0.743446
-0.739173
-0.744744
-0.740347
-0.740572
-0.741723
-0.739477
-0.743022
-0.740967
-0.738377
-0.743827
-0.740289
-0.740088
-0.741534
-0.738108
-0.743093
-0.739168
-0.738899
-0.741177
-0.737858
-0.742739
-0.738800
-0.738070
-0.740449
-0.737364
-0.741588
-0.739077
-0.737188
-0.740996
-0.739546
-0.737595
-0.741039
-0.739419
-0.737393
-0.741122
-0.739575
-0.737600
-0.741259
-0.739633
-0.737565
-0.741228
-0.739631
-0.737635
-0.741268
-0.739704
-0.737717
-0.741285
-0.739741
-0.737777
-0.741334
-0.739798
-0.737851
-0.741398
-0.739858
-0.737916
-0.741467
-0.739918
-0.737976
-0.741543
-0.739983
-0.738039
-0.741622
-0.740054
-0.738108
-0.741699
-0.740126
-0.738183
-0.741772
-0.740199
-0.738265
-0.741841
-0.740272
-0.738351
-0.741910
-0.740343
-0.738439
-0.741978
-0.740413
-0.738527
-0.742048
-0.740481
-0.738616
-0.742117
-0.740548
-0.738708
-0.742186
-0.740613
-0.738810
-0.742248
-0.740673
-0.738937
-0.742291
-0.740706
-0.739147
-0.742267
-0.740531
-0.739790
-0.741791
-0.737216
-0.744198
-0.740504
-0.736083
-0.743319
-0.739893
-0.737614
-0.739965
-0.738291
-0.739202
-0.738295
-0.740358
-0.736434
-0.742587
-0.737767
-0.737396
-0.739471
-0.736318
-0.740318
-0.737555
-0.735884
-0.739651
-0.738511
-0.737092
-0.739778
-0.737678
-0.738076
-0.737837
-0.738817
-0.736884
-0.740630
-0.738611
-0.736336
-0.741455
-0.737317
-0.738048
-0.737131
-0.738816
-0.734358
-0.741984
-0.739090
-0.735600
-0.738591
-0.737256
-0.738436
-0.735039
-0.737760
-0.736012
-0.737404
-0.736915
-0.738849
-0.733651
-0.741460
-0.739327
-0.734665
-0.736477
-0.737614
-0.736393
-0.736150
-0.734192
-0.736790
-0.733982
-0.739271
-0.736456
-0.735543
-0.737401
-0.733773
-0.737918
-0.735314
-0.734184
-0.737291
-0.735609
-0.736239
-0.734878
-0.736779
-0.731777
-0.740102
-0.738419
-0.734229
-0.735363
-0.736752
-0.735200
-0.735072
-0.733176
-0.735697
-0.733186
-0.737952
-0.735874
-0.734259
-0.736814
-0.734710
-0.734710
-0.735066
-0.734261
-0.735863
-0.731956
-0.739043
-0.735561
-0.732696
-0.735970
-0.734186
-0.735034
-0.732284
-0.735000
-0.733100
-0.735029
-0.732591
-0.737145
-0.733978
-0.732865
-0.735043
-0.731797
-0.735888
-0.733497
-0.732281
-0.735158
-0.733315
-0.734276
-0.732195
-0.735270
-0.733483
-0.733031
-0.734860
-0.730278
-0.738035
-0.736160
-0.731181
-0.733321
-0.733529
-0.733514
-0.732178
-0.732618
-0.731216
-0.734593
-0.732688
-0.734589
-0.730168
-0.736538
-0.733008
-0.728299
-0.735006
-0.731970
-0.730462
-0.732288
-0.730389
-0.732261
-0.729681
-0.733249
-0.731951
-0.730524
-0.733330
-0.731753
-0.731180
-0.732336
-0.728816
-0.734478
-0.729611
-0.730581
-0.730221
-0.731774
-0.728180
-0.733072
-0.728207
-0.729871
-0.728489
-0.731701
-0.729820
-0.729296
-0.730048
-0.727444
-0.732430
-0.728103
-0.729766
-0.726902
-0.731517
-0.728072
-0.727778
-0.728804
-0.726704
-0.730746
-0.728447
-0.727302
-0.729906
-0.727667
-0.729498
-0.724860
-0.731348
-0.728356
-0.724773
-0.729661
-0.727838
-0.726582
-0.727751
-0.725363
-0.728221
-0.726457
-0.727931
-0.725591
-0.729233
-0.727268
-0.725358
-0.728565
-0.727187
-0.725725
-0.728321
-0.726632
-0.726999
-0.726867
-0.727453
-0.726411
-0.728492
-0.722673
-0.731699
-0.729081
-0.726804
-0.726078
-0.727573
-0.726440
-0.725047
-0.724445
-0.724968
-0.726081
-0.726900
-0.727434
-0.726835
-0.727640
-0.723785
-0.729872
-0.726722
-0.722571
-0.729492
-0.726944
-0.724018
-0.726294
-0.725158
-0.725564
-0.725730
-0.726014
-0.726368
-0.726319
-0.727029
-0.725452
-0.728182
-0.726371
-0.726075
-0.727202
-0.723557
-0.729836
-0.726834
-0.722985
-0.728230
-0.726170
-0.725462
-0.726147
-0.724318
-0.726859
-0.724838
-0.727131
-0.724086
-0.727892
-0.725732
-0.724415
-0.726653
-0.724491
-0.726286
-0.722555
-0.727513
-0.723417
-0.724719
-0.723345
-0.725750
-0.722959
-0.725209
-0.722373
-0.725014
-0.722492
-0.725154
-0.722493
-0.724536
-0.720586
-0.725306
-0.721251
-0.722577
-0.720895
-0.723613
-0.721644
-0.722367
-0.720579
-0.723422
-0.721707
-0.722473
-0.721176
-0.723363
-0.719046
-0.724306
-0.719351
-0.720738
-0.719155
-0.721986
-0.720239
-0.719852
-0.720549
-0.718644
-0.722560
-0.720236
-0.719891
-0.721187
-0.717335
-0.723342
-0.720502
-0.717375
-0.720773
-0.720004
-0.719340
-0.719876
-0.717539
-0.720677
-0.719727
-0.718857
-0.721198
-0.718821
-0.720537
-0.715918
-0.721714
-0.718990
-0.715416
-0.720881
-0.718075
-0.717328
-0.718140
-0.716339
-0.718876
-0.716968
-0.718751
-0.715282
-0.720291
-0.715854
-0.716980
-0.715102
-0.717747
-0.716011
-0.716434
-0.715454
-0.717322
-0.713055
-0.720189
-0.719165
-0.716317
-0.715592
-0.717313
-0.716260
-0.715427
-0.714926
-0.715205
-0.716201
-0.716513
-0.717729
-0.714869
-0.718986
-0.714267
-0.716157
-0.712470
-0.717536
-0.713663
-0.714287
-0.713420
-0.715367
-0.712287
-0.716671
-0.712940
-0.714154
-0.712622
-0.715230
-0.713231
-0.714241
-0.711047
-0.715578
-0.711733
-0.713538
-0.710518
-0.714742
-0.711666
-0.711839
-0.711631
-0.712345
-0.711642
-0.713327
-0.708218
-0.715853
-0.714622
-0.712918
-0.711716
-0.713047
-0.712107
-0.710729
-0.709851
-0.710207
-0.711147
-0.712211
-0.712459
-0.712970
-0.711324
-0.713232
-0.710213
-0.712965
-0.711536
-0.711140
-0.712560
-0.709069
-0.714166
-0.710724
-0.709754
-0.712031
-0.710066
-0.712383
-0.710551
-0.710751
-0.710503
-0.711589
-0.709812
-0.712877
-0.711122
-0.710020
-0.712110
-0.709602
-0.712259
-0.710674
-0.710176
-0.711611
-0.708161
-0.713636
-0.711441
-0.707108
-0.712594
-0.710349
-0.708865
-0.710251
-0.708500
-0.710336
-0.708035
-0.710798
-0.709810
-0.708936
-0.710616
-0.707490
-0.711019
-0.708364
-0.708520
-0.708958
-0.708378
-0.709939
-0.705557
-0.711780
-0.711078
-0.706480
-0.709245
-0.708471
-0.708589
-0.707112
-0.707718
-0.706321
-0.709142
-0.707891
-0.709271
-0.706293
-0.709955
-0.706523
-0.707352
-0.705746
-0.708312
-0.706749
-0.707782
-0.705443
-0.708895
-0.707099
-0.706636
-0.707988
-0.704571
-0.709332
-0.705298
-0.705820
-0.705402
-0.706986
-0.703984
-0.707940
-0.703826
-0.705603
-0.702827
-0.706955
-0.704312
-0.704386
-0.703887
-0.704666
-0.703517
-0.705720
-0.702940
-0.705786
-0.704358
-0.703807
-0.705217
-0.701231
-0.706637
-0.704515
-0.701705
-0.704510
-0.703878
-0.703880
-0.703343
-0.703124
-0.703421
-0.703473
-0.704623
-0.701893
-0.706232
-0.700905
-0.703355
-0.701297
-0.702892
-0.699820
-0.703546
-0.700579
-0.701702
-0.700401
-0.702907
-0.700769
-0.702421
-0.697997
-0.703086
-0.701069
-0.697662
-0.702080
-0.699900
-0.699667
-0.699760
-0.698905
-0.700643
-0.697352
-0.702083
-0.698249
-0.699407
-0.697598
-0.699929
-0.698530
-0.698286
-0.698500
-0.697882
-0.699819
-0.695280
-0.701890
-0.701131
-0.699382
-0.698022
-0.699080
-0.698468
-0.697486
-0.696747
-0.696964
-0.697758
-0.698673
-0.699031
-0.699334
-0.698205
-0.699400
-0.694767
-0.700824
-0.700388
-0.698097
-0.697325
-0.699370
-0.698700
-0.697836
-0.697558
-0.697394
-0.698809
-0.698109
-0.700255
-0.698040
-0.699704
-0.696848
-0.699195
-0.698055
-0.697417
-0.698887
-0.696076
-0.700085
-0.696753
-0.698244
-0.695969
-0.698959
-0.697883
-0.696517
-0.696517
-0.698186
-0.696196
-0.698415
-0.696575
-0.698154
-0.694836
-0.698866
-0.695304
-0.696718
-0.694330
-0.697234
-0.696260
-0.694978
-0.696710
-0.694752
-0.696943
-0.694927
-0.696695
-0.693314
-0.697121
-0.693853
-0.695149
-0.692821
-0.695606
-0.694635
-0.693318
-0.695070
-0.693050
-0.695226
-0.693163
-0.694924
-0.691355
-0.695363
-0.691714
-0.693231
-0.690660
-0.693606
-0.692500
-0.691289
-0.692888
-0.690607
-0.693201
-0.692222
-0.691259
-0.692839
-0.689671
-0.693381
-0.689929
-0.691444
-0.688708
-0.692039
-0.690407
-0.689891
-0.690713
-0.688755
-0.691567
-0.690408
-0.689444
-0.691093
-0.687717
-0.691801
-0.687808
-0.689408
-0.686701
-0.689850
-0.688674
-0.687702
-0.689073
-0.686208
-0.689870
-0.687102
-0.688284
-0.686000
-0.688688
-0.687723
-0.686415
-0.688103
-0.685638
-0.688445
-0.687302
-0.686598
-0.688025
-0.684497
-0.688932
-0.686018
-0.685344
-0.686606
-0.684914
-0.687439
-0.686352
-0.685002
-0.686867
-0.684468
-0.687425
-0.685919
-0.685402
-0.686297
-0.683623
-0.687360
-0.683735
-0.685683
-0.682777
-0.686010
-0.684490
-0.684070
-0.684682
-0.682951
-0.685441
-0.684541
-0.683782
-0.685308
-0.681385
-0.686391
-0.686096
-0.681757
-0.683965
-0.683669
-0.683992
-0.683319
-0.683558
-0.682586
-0.684633
-0.681151
-0.685909
-0.684614
-0.680194
-0.683796
-0.682202
-0.681966
-0.682206
-0.681522
-0.683317
-0.680574
-0.684634
-0.681194
-0.682696
-0.679789
-0.682377
-0.681214
-0.679983
-0.681534
-0.679110
-0.682391
-0.680869
-0.680989
-0.680960
-0.680779
-0.681330
-0.679663
-0.681792
-0.680397
-0.681407
-0.679306
-0.682442
-0.679885
-0.681137
-0.677284
-0.681876
-0.680640
-0.677159
-0.680952
-0.679228
-0.679602
-0.678816
-0.679704
-0.677971
-0.680245
-0.679392
-0.678946
-0.680117
-0.676755
-0.681063
-0.678136
-0.677585
-0.678606
-0.677454
-0.679659
-0.678093
-0.679030
-0.676254
-0.679952
-0.676758
-0.678601
-0.675395
-0.678253
-0.676604
-0.676450
-0.676710
-0.675904
-0.677695
-0.673324
-0.678485
-0.678365
-0.676658
-0.675969
-0.676798
-0.676435
-0.675760
-0.675149
-0.675232
-0.675813
-0.676602
-0.676813
-0.677302
-0.675558
-0.677155
-0.674352
-0.676472
-0.675103
-0.676210
-0.674513
-0.677071
-0.676144
-0.675484
-0.676792
-0.673168
-0.677599
-0.676558
-0.672549
-0.675679
-0.674825
-0.674387
-0.674799
-0.673208
-0.675147
-0.673277
-0.675499
-0.674049
-0.675396
-0.672000
-0.675761
-0.672119
-0.673894
-0.671658
-0.674146
-0.673679
-0.672894
-0.674207
-0.670854
-0.674791
-0.671271
-0.672926
-0.670389
-0.672711
-0.671989
-0.670719
-0.672183
-0.669202
-0.672724
-0.670129
-0.671642
-0.668775
-0.671739
-0.670082
-0.670067
-0.669713
-0.670327
-0.669396
-0.671260
-0.666739
-0.671643
-0.671639
-0.669895
-0.668957
-0.670053
-0.669681
-0.669260
-0.668591
-0.668879
-0.668890
-0.670436
-0.668543
-0.671170
-0.669223
-0.669013
-0.668119
-0.669278
-0.666449
-0.670334
-0.666859
-0.669030
-0.667759
-0.669333
-0.666746
-0.669023
-0.667648
-0.666830
-0.668084
-0.665503
-0.668938
-0.665847
-0.667322
-0.664184
-0.667233
-0.665702
-0.666111
-0.665191
-0.666785
-0.663544
-0.667595
-0.664188
-0.665672
-0.663154
-0.665738
-0.665022
-0.663881
-0.665187
-0.662287
-0.665752
-0.663277
-0.664780
-0.661904
-0.664681
-0.663229
-0.663056
-0.662961
-0.662838
-0.663698
-0.662146
-0.664219
-0.663015
-0.663472
-0.662078
-0.663989
-0.659787
-0.663857
-0.663193
-0.659805
-0.662386
-0.662371
-0.661668
-0.662494
-0.660100
-0.662096
-0.661642
-0.661070
-0.662454
-0.658990
-0.662685
-0.658943
-0.660533
-0.658354
-0.660650
-0.660313
-0.659998
-0.660805
-0.658838
-0.661188
-0.660364
-0.659839
-0.660770
-0.657690
-0.661097
-0.657331
-0.659164
-0.657721
-0.659273
-0.656856
-0.659532
-0.657927
-0.658261
-0.657238
-0.659017
-0.655213
-0.659197
-0.658463
-0.655296
-0.657218
-0.657197
-0.657339
-0.657369
-0.656490
-0.657895
-0.654693
-0.658882
-0.655858
-0.656965
-0.654107
-0.656600
-0.655638
-0.655087
-0.656057
-0.654373
-0.656953
-0.656382
-0.655774
-0.656758
-0.653238
-0.656840
-0.652949
-0.654642
-0.653148
-0.654905
-0.652416
-0.655106
-0.653516
-0.653911
-0.652809
-0.654688
-0.650903
-0.654714
-0.654162
-0.649400
-0.653132
-0.652103
-0.652128
-0.652132
-0.651728
-0.652709
-0.651208
-0.653232
-0.652263
-0.652856
-0.651143
-0.652898
-0.650414
-0.652297
-0.650927
-0.652220
-0.649688
-0.652974
-0.650314
-0.652049
-0.648530
-0.651652
-0.649330
-0.650638
-0.647713
-0.650282
-0.649223
-0.649283
-0.649101
-0.649379
-0.648935
-0.650138
-0.646497
-0.650291
-0.650152
-0.644956
-0.648988
-0.649248
-0.647500
-0.648391
-0.647368
-0.648917
-0.647226
-0.649020
-0.647974
-0.648668
-0.646822
-0.648433
-0.646437
-0.648040
-0.643854
-0.647842
-0.646770
-0.645420
-0.647253
-0.645671
-0.647567
-0.646309
-0.647008
-0.645058
-0.646948
-0.646016
-0.646623
-0.644741
-0.646430
-0.644216
-0.646081
-0.643690
-0.645789
-0.644973
-0.645625
-0.644377
-0.646279
-0.642068
-0.645790
-0.646259
-0.642742
-0.644366
-0.644317
-0.644801
-0.644019
-0.644539
-0.642849
-0.644906
-0.643531
-0.645531
-0.641495
-0.645093
-0.641809
-0.643068
-0.640739
-0.643189
-0.643361
-0.642606
-0.644150
-0.640872
-0.640872
-0.644133
-0.641205
-0.642657
-0.640043
-0.641800
-0.641332
-0.640512
-0.641698
-0.638685
-0.642070
-0.639355
-0.641110
-0.638904
-0.640698
-0.639569
-0.640513
-0.638246
-0.640260
-0.639816
-0.639544
-0.640544
-0.638223
-0.640638
-0.638656
-0.639888
-0.636163
-0.639987
-0.637067
-0.638735
-0.636686
-0.638612
-0.636984
-0.638833
-0.635558
-0.638364
-0.636256
-0.637749
-0.634794
-0.637527
-0.635911
-0.636772
-0.634681
-0.636620
-0.636060
-0.636755
-0.635410
-0.637365
-0.633067
-0.636555
-0.636978
-0.633637
-0.635136
-0.634907
-0.635930
-0.634400
-0.635889
-0.632461
-0.635690
-0.633489
-0.635119
-0.632365
-0.634126
-0.633470
-0.632385
-0.633836
-0.630952
-0.634621
-0.632175
-0.633939
-0.631730
-0.633418
-0.631966
-0.633247
-0.629814
-0.632883
-0.630523
-0.632340
-0.629644
-0.631957
-0.631168
-0.630693
-0.630991
-0.629669
-0.631808
-0.627830
-0.631388
-0.631653
-0.626792
-0.630054
-0.629126
-0.629495
-0.628802
-0.629720
-0.628298
-0.630319
-0.628471
-0.630252
-0.628032
-0.629625
-0.627232
-0.628887
-0.627139
-0.629135
-0.625397
-0.629332
-0.626803
-0.628308
-0.625817
-0.627666
-0.627439
-0.626367
-0.627600
-0.624194
-0.627507
-0.624827
-0.626472
-0.624377
-0.626133
-0.624407
-0.626236
-0.622966
-0.625888
-0.624054
-0.625790
-0.623009
-0.625498
-0.624288
-0.624632
-0.622985
-0.624923
-0.621095
-0.624898
-0.622051
-0.623468
-0.621058
-0.622950
-0.622870
-0.622027
-0.623220
-0.620121
-0.623260
-0.620920
-0.622643
-0.620000
-0.621756
-0.621326
-0.620573
-0.621627
-0.619144
-0.621815
-0.620315
-0.621871
-0.618084
-0.621456
-0.618591
-0.620024
-0.617931
-0.619846
-0.618259
-0.620247
-0.618045
-0.619711
-0.618537
-0.619690
-0.616993
-0.619264
-0.617779
-0.618890
-0.616064
-0.618733
-0.617274
-0.618923
-0.615156
-0.618612
-0.615991
-0.617593
-0.615514
-0.617336
-0.615685
-0.617578
-0.614110
-0.616878
-0.614693
-0.616382
-0.613366
-0.615868
-0.614703
-0.615458
-0.613566
-0.615503
-0.613672
-0.615649
-0.613769
-0.615749
-0.611804
-0.615164
-0.612325
-0.613842
-0.611955
-0.613929
-0.611915
-0.613674
-0.612786
-0.613437
-0.611666
-0.613688
-0.610264
-0.613184
-0.610312
-0.611911
-0.609995
-0.612063
-0.610022
-0.611886
-0.611091
-0.611895
-0.610204
-0.612266
-0.609212
-0.611683
-0.609252
-0.611007
-0.607023
-0.610536
-0.608220
-0.609905
-0.607632
-0.609484
-0.609169
-0.609709
-0.608371
-0.610135
-0.605709
-0.608319
-0.609937
-0.605817
-0.607006
-0.607585
-0.607952
-0.608532
-0.607275
-0.609001
-0.605248
-0.608955
-0.606340
-0.607473
-0.604996
-0.606406
-0.604680
-0.606681
-0.603640
-0.606871
-0.605431
-0.607352
-0.604538
-0.606467
-0.605432
-0.605103
-0.604204
-0.605194
-0.603331
-0.605328
-0.604385
-0.605394
-0.602575
-0.604873
-0.603094
-0.604886
-0.600477
-0.603968
-0.603959
-0.601959
-0.603648
-0.601844
-0.603631
-0.602558
-0.603532
-0.600868
-0.602840
-0.602051
-0.602837
-0.600883
-0.602705
-0.600540
-0.602411
-0.600850
-0.603035
-0.598905
-0.602151
-0.602891
-0.598533
-0.600961
-0.600244
-0.601197
-0.599635
-0.601377
-0.597978
-0.600735
-0.598501
-0.600083
-0.597212
-0.599054
-0.598680
-0.598415
-0.598889
-0.597798
-0.600116
-0.595978
-0.598438
-0.600228
-0.596023
-0.596947
-0.597434
-0.597698
-0.598168
-0.596924
-0.598349
-0.595268
-0.598113
-0.596075
-0.597393
-0.594144
-0.595624
-0.595235
-0.595012
-0.596094
-0.595175
-0.597768
-0.594324
-0.597610
-0.594525
-0.595510
-0.594229
-0.595385
-0.593537
-0.595189
-0.593936
-0.595682
-0.591884
-0.595255
-0.592639
-0.593820
-0.592038
-0.593720
-0.591401
-0.593365
-0.593232
-0.593073
-0.593780
-0.592484
-0.594660
-0.590089
-0.592730
-0.593577
-0.588591
-0.591454
-0.591149
-0.592273
-0.591128
-0.592703
-0.590305
-0.592071
-0.591744
-0.591253
-0.591529
-0.589828
-0.591739
-0.587077
-0.590142
-0.590623
-0.587668
-0.589443
-0.590188
-0.589855
-0.591024
-0.588637
-0.589986
-0.589608
-0.589625
-0.589332
-0.589445
-0.588097
-0.589651
-0.584954
-0.587483
-0.589043
-0.585748
-0.587108
-0.587826
-0.588409
-0.588723
-0.587907
-0.588721
-0.586755
-0.588267
-0.587222
-0.588081
-0.585117
-0.586563
-0.585885
-0.586383
-0.585784
-0.588137
-0.584536
-0.588366
-0.585717
-0.586811
-0.584825
-0.586551
-0.584904
-0.586563
-0.584323
-0.585776
-0.584280
-0.586200
-0.582691
-0.585440
-0.583029
-0.584421
-0.582181
-0.583832
-0.583824
-0.584577
-0.583646
-0.585501
-0.581391
-0.584860
-0.581937
-0.582975
-0.581958
-0.583329
-0.581769
-0.583523
-0.581869
-0.583878
-0.580360
-0.583340
-0.581182
-0.582557
-0.580139
-0.581450
-0.580576
-0.581898
-0.579876
-0.581502
-0.581185
-0.581696
-0.580396
-0.582294
-0.577638
-0.580634
-0.580673
-0.578034
-0.579591
-0.579325
-0.581241
-0.579002
-0.580377
-0.579962
-0.579713
-0.580158
-0.578948
-0.580855
-0.575979
-0.578310
-0.579344
-0.575475
-0.577294
-0.578345
-0.578456
-0.579632
-0.577748
-0.579316
-0.577354
-0.578970
-0.577137
-0.578745
-0.575461
-0.577266
-0.576213
-0.577282
-0.575806
-0.577989
-0.576526
-0.578491
-0.576460
-0.578070
-0.576028
-0.577767
-0.575507
-0.576971
-0.575965
-0.577225
-0.574873
-0.576544
-0.576115
-0.576359
-0.575293
-0.577088
-0.577088
-0.572737
-0.576398
-0.573449
-0.574571
-0.573594
-0.575399
-0.573755
-0.575349
-0.574690
-0.575293
-0.573585
-0.575846
-0.571526
-0.574923
-0.571827
-0.572794
-0.571628
-0.573444
-0.571915
-0.573686
-0.573213
-0.573971
-0.572261
-0.574445
-0.570268
-0.573472
-0.570317
-0.571342
-0.570620
-0.571962
-0.570778
-0.573034
-0.570091
-0.572256
-0.570736
-0.572235
-0.569450
-0.571250
-0.570603
-0.570815
-0.569505
-0.571576
-0.567500
-0.571253
-0.568567
-0.569635
-0.568328
-0.570103
-0.568210
-0.569747
-0.569450
-0.569434
-0.569321
-0.569821
-0.568810
-0.570639
-0.565687
-0.567853
-0.568922
-0.565485
-0.566928
-0.568081
-0.568520
-0.569726
-0.567885
-0.569658
-0.566766
-0.568598
-0.567427
-0.568070
-0.565656
-0.567081
-0.565297
-0.567638
-0.564056
-0.567529
-0.565661
-0.567316
-0.565759
-0.567577
-0.565352
-0.566685
-0.566291
-0.566274
-0.566052
-0.566634
-0.565243
-0.567323
-0.562379
-0.564226
-0.565972
-0.562557
-0.563786
-0.564822
-0.565651
-0.566345
-0.565450
-0.566519
-0.564060
-0.565411
-0.564824
-0.564465
-0.563488
-0.564079
-0.562168
-0.564364
-0.562224
-0.564492
-0.564008
-0.565641
-0.563448
-0.564982
-0.564451
-0.564556
-0.563428
-0.565264
-0.561021
-0.564585
-0.561104
-0.562198
-0.561311
-0.562314
-0.561207
-0.563473
-0.560072
-0.562840
-0.560710
-0.562316
-0.560335
-0.561828
-0.560754
-0.562197
-0.559429
-0.561183
-0.560830
-0.561631
-0.560354
-0.562584
-0.558063
-0.561440
-0.558673
-0.559783
-0.558649
-0.560737
-0.559109
-0.560590
-0.560101
-0.560205
-0.559183
-0.560825
-0.557317
-0.560065
-0.557240
-0.558395
-0.556860
-0.558946
-0.556684
-0.558814
-0.558379
-0.559042
-0.557570
-0.559808
-0.555555
-0.558800
-0.555812
-0.556632
-0.555569
-0.557177
-0.555757
-0.557616
-0.555965
-0.557983
-0.554334
-0.557088
-0.555129
-0.556652
-0.554315
-0.555658
-0.555286
-0.556262
-0.554726
-0.557037
-0.553129
-0.556310
-0.553706
-0.554742
-0.553539
-0.555113
-0.553368
-0.555004
-0.554179
-0.555591
-0.553261
-0.554806
-0.554337
-0.554613
-0.552962
-0.555030
-0.550344
-0.553893
-0.551981
-0.553365
-0.551102
-0.552844
-0.553392
-0.552908
-0.553816
-0.551736
-0.553448
-0.551517
-0.553463
-0.550197
-0.552050
-0.550605
-0.552136
-0.549639
-0.551584
-0.551576
-0.552209
-0.551152
-0.553146
-0.548831
-0.552186
-0.549055
-0.549997
-0.549389
-0.550388
-0.549469
-0.551776
-0.547972
-0.550945
-0.548515
-0.549806
-0.548348
-0.550158
-0.547910
-0.549202
-0.548913
-0.548840
-0.549014
-0.549094
-0.549798
-0.548220
-0.550361
-0.545366
-0.546949
-0.549144
-0.545661
-0.546759
-0.547965
-0.548636
-0.549803
-0.548443
-0.550027
-0.546799
-0.548553
-0.547059
-0.547750
-0.545145
-0.546268
-0.545328
-0.547091
-0.545163
-0.547124
-0.547378
-0.547816
-0.547375
-0.548310
-0.546269
-0.547992
-0.545609
-0.547105
-0.545778
-0.547821
-0.544135
-0.547136
-0.544936
-0.546345
-0.544603
-0.546591
-0.544770
-0.546197
-0.545502
-0.546103
-0.544109
-0.546175
-0.542488
-0.545233
-0.542908
-0.544329
-0.542590
-0.544635
-0.543113
-0.544932
-0.543518
-0.545521
-0.542345
-0.544619
-0.543067
-0.544502
-0.541771
-0.543123
-0.543166
-0.542974
-0.543580
-0.542315
-0.544723
-0.540029
-0.543322
-0.541076
-0.542164
-0.539951
-0.541574
-0.541887
-0.542541
-0.541769
-0.543258
-0.540708
-0.542477
-0.541146
-0.542245
-0.539219
-0.540723
-0.540223
-0.541193
-0.539622
-0.542191
-0.538556
-0.541788
-0.539339
-0.540345
-0.539196
-0.540660
-0.538915
-0.540538
-0.539062
-0.541000
-0.537253
-0.539909
-0.537863
-0.539338
-0.537096
-0.538526
-0.537727
-0.539508
-0.537358
-0.538872
-0.538629
-0.538992
-0.537819
-0.539627
-0.535655
-0.538682
-0.536017
-0.537210
-0.536598
-0.538069
-0.536681
-0.538813
-0.536513
-0.537864
-0.537094
-0.538019
-0.536106
-0.538075
-0.535307
-0.536859
-0.535702
-0.536982
-0.534982
-0.536685
-0.536011
-0.537561
-0.534926
-0.536536
-0.535728
-0.536926
-0.534785
-0.536374
-0.534950
-0.537179
-0.532677
-0.535993
-0.533717
-0.534864
-0.533707
-0.535477
-0.533716
-0.535226
-0.534332
-0.535526
-0.533230
-0.534621
-0.533533
-0.535022
-0.531940
-0.533840
-0.532585
-0.534507
-0.531611
-0.534027
-0.532914
-0.534791
-0.531924
-0.533746
-0.533054
-0.534109
-0.532044
-0.533866
-0.531762
-0.533355
-0.531537
-0.533659
-0.529820
-0.532691
-0.530713
-0.532345
-0.530407
-0.532212
-0.530827
-0.533003
-0.530169
-0.531853
-0.530896
-0.531927
-0.529870
-0.531639
-0.529651
-0.531522
-0.529295
-0.530872
-0.529639
-0.531821
-0.528563
-0.531136
-0.529285
-0.531078
-0.528540
-0.530067
-0.530104
-0.530298
-0.529811
-0.530630
-0.528671
-0.531213
-0.526231
-0.529498
-0.527138
-0.528317
-0.526475
-0.528578
-0.527442
-0.529746
-0.527670
-0.529027
-0.528437
-0.529246
-0.527200
-0.529215
-0.525234
-0.527776
-0.525473
-0.527059
-0.525367
-0.527459
-0.525966
-0.527922
-0.525976
-0.527679
-0.525728
-0.527537
-0.525510
-0.527071
-0.525111
-0.527099
-0.524055
-0.526062
-0.524992
-0.526562
-0.524365
-0.525811
-0.525472
-0.526283
-0.524409
-0.526810
-0.522421
-0.525705
-0.523291
-0.524212
-0.523177
-0.524804
-0.523292
-0.525200
-0.523440
-0.525458
-0.522597
-0.524281
-0.523340
-0.524343
-0.524343
