0.370057
0.293862
0.302238
0.310732
0.318726
0.325478
0.330879
0.335316
0.339237
0.342913
0.346470
0.349989
0.353552
0.357239
0.361113
0.365212
0.369533
0.374033
0.378623
0.383187
0.387597
0.391734
0.395506
0.398860
0.401775
0.404261
0.406344
0.408065
0.409467
0.410596
0.411492
0.412191
0.412726
0.413121
0.413397
0.413572
0.413657
0.413662
0.413597
0.413467
0.413280
0.413042
0.412759
0.412439
0.412091
0.411723
0.411348
0.410979
0.410629
0.410317
0.410065
0.409904
0.409872
0.410018
0.410391
0.411015
0.411839
0.412775
0.413788
0.414717
0.415349
0.415715
0.416054
0.416618
0.417535
0.418772
0.420199
0.421674
0.423083
0.424334
0.425365
0.426135
0.426631
0.426863
0.426864
0.426683
0.426373
0.425986
0.425560
0.425122
0.424686
0.424259
0.423841
0.423433
0.423032
0.422635
0.422241
0.421845
0.421448
0.421046
0.420638
0.420221
0.419793
0.419353
0.418897
0.418423
0.417929
0.417412
0.416870
0.416301
0.415703
0.415074
0.414415
0.413724
0.413005
0.412257
0.411479
0.410670
0.409828
0.408958
0.408071
0.407180
0.406296
0.405427
0.404581
0.403752
0.402911
0.402019
0.401048
0.399986
0.398828
0.397567
0.396200
0.394726
0.393141
0.391445
0.389636
0.387709
0.385663
0.383495
0.381200
0.378780
0.376238
0.373585
0.370846
0.368064
0.365311
0.362695
0.360363
0.358494
0.357259
0.356779
0.357116
0.358302
0.360381
0.363399
0.367367
0.372211
0.377728
0.383590
0.389376
0.394645
0.399017
0.402296
0.404538
0.405971
0.406843
0.407346
0.407612
0.407724
0.407739
0.407690
0.407600
0.407482
0.407345
0.407196
0.407036
0.406868
0.406691
0.406506
0.406313
0.406110
0.405898
0.405674
0.405450
0.405246
0.405076
0.404884
0.404659
0.404426
0.404207
0.404037
0.403928
0.403760
0.403453
0.402990
0.402441
0.402131
0.401544
0.401202
0.400734
0.400643
0.400000
0.399963
0.399322
0.399204
0.399015
0.398595
0.398125
0.397662
0.397205
0.396863
0.396638
0.396358
0.395943
0.395445
0.394950
0.394462
0.393980
0.393510
0.393049
0.392597
0.392153
0.391716
0.391285
0.390861
0.390442
0.390028
0.389620
0.389216
0.388816
0.388421
0.388030
0.387643
0.387261
0.386882
0.386507
0.386135
0.385768
0.385404
0.385044
0.384688
0.384336
0.383987
0.383643
0.383303
0.382967
0.382636
0.382311
0.381992
0.381680
0.381374
0.381076
0.380786
0.380502
0.380226
0.379955
0.379690
0.379429
0.379172
0.378919
0.378668
0.378419
0.378173
0.377927
0.377682
0.377439
0.377195
0.376951
0.376707
0.376463
0.376219
0.375974
0.375729
0.375484
0.375239
0.374993
0.374747
0.374502
0.374257
0.374013
0.373769
0.373526
0.373285
0.373044
0.372806
0.372569
0.372334
0.372101
0.371871
0.371644
0.371419
0.371198
0.370980
0.370766
0.370555
0.370348
0.370144
0.369941
0.369740
0.369536
0.369328
0.369114
0.368893
0.368665
0.368432
0.368196
0.367958
0.367721
0.367483
0.367247
0.367013
0.366781
0.366551
0.366326
0.366107
0.365896
0.365697
0.365517
0.365360
0.365235
0.365147
0.365095
0.365074
0.365072
0.365074
0.365072
0.365060
0.365040
0.365018
0.365002
0.364997
0.365007
0.365033
0.365072
0.365120
0.365171
0.365221
0.365266
0.365301
0.365324
0.365334
0.365331
0.365315
0.365287
0.365248
0.365201
0.365149
0.365092
0.365034
0.364976
0.364920
0.364867
0.364818
0.364772
0.364732
0.364696
0.364664
0.364637
0.364613
0.364594
0.364577
0.364564
0.364554
0.364546
0.364540
0.364537
0.364535
0.364535
0.364536
0.364539
0.364542
0.364547
0.364553
0.364559
0.364567
0.364574
0.364583
0.364592
0.364601
0.364611
0.364621
0.364631
0.364642
0.364653
0.364664
0.364675
0.364686
0.364698
0.364710
0.364722
0.364734
0.364746
0.364758
0.364770
0.364782
0.364794
0.364807
0.364819
0.364832
0.364844
0.364857
0.364870
0.364883
0.364896
0.364909
0.364922
0.364936
0.364949
0.364963
0.364977
0.364991
0.365006
0.365020
0.365035
0.365050
0.365065
0.365081
0.365097
0.365113
0.365130
0.365147
0.365164
0.365182
0.365200
0.365219
0.365238
0.365257
0.365277
0.365298
0.365319
0.365341
0.365364
0.365387
0.365411
0.365437
0.365463
0.365490
0.365518
0.365547
0.365578
0.365610
0.365643
0.365678
0.365714
0.365752
0.365792
0.365833
0.365876
0.365920
0.365966
0.366014
0.366064
0.366114
0.366167
0.366220
0.366275
0.366332
0.366389
0.366447
0.366507
0.366567
0.366629
0.366691
0.366754
0.366817
0.366882
0.366947
0.367012
0.367078
0.367145
0.367213
0.367281
0.367349
0.367418
0.367487
0.367557
0.367628
0.367699
0.367770
0.367842
0.367914
0.367987
0.368060
0.368134
0.368208
0.368283
0.368357
0.368433
0.368508
0.368584
0.368661
0.368738
0.368815
0.368892
0.368970
0.369048
0.369127
0.369205
0.369284
0.369364
0.369443
0.369523
0.369603
0.369683
0.369763
0.369844
0.369924
0.370005
0.370086
0.370086
0.370167
0.370249
0.370330
0.370412
0.370493
0.370575
0.370657
0.370739
0.370821
0.370903
0.370985
0.371067
0.371149
0.371232
0.371314
0.371396
0.371478
0.371560
0.371642
0.371725
0.371807
0.371889
0.371971
0.372053
0.372134
0.372216
0.372298
0.372379
0.372461
0.372542
0.372623
0.372704
0.372785
0.372866
0.372947
0.373027
0.373108
0.373188
0.373268
0.373347
0.373427
0.373506
0.373585
0.373664
0.373743
0.373821
0.373899
0.373977
0.374055
0.374132
0.374209
0.374286
0.374363
0.374439
0.374515
0.374590
0.374666
0.374740
0.374815
0.374889
0.374963
0.375036
0.375109
0.375182
0.375254
0.375326
0.375398
0.375469
0.375539
0.375610
0.375679
0.375749
0.375817
0.375886
0.375954
0.376021
0.376088
0.376155
0.376220
0.376286
0.376351
0.376415
0.376479
0.376542
0.376605
0.376667
0.376729
0.376790
0.376850
0.376910
0.376969
0.377028
0.377086
0.377144
0.377200
0.377257
0.377312
0.377367
0.377421
0.377475
0.377528
0.377580
0.377632
0.377683
0.377733
0.377782
0.377831
0.377879
0.377927
0.377973
0.378019
0.378064
0.378109
0.378153
0.378195
0.378238
0.378279
0.378320
0.378360
0.378399
0.378437
0.378474
0.378511
0.378547
0.378582
0.378616
0.378649
0.378682
0.378714
0.378745
0.378775
0.378804
0.378832
0.378859
0.378886
0.378911
0.378936
0.378960
0.378983
0.379005
0.379026
0.379046
0.379066
0.379084
0.379101
0.379118
0.379133
0.379148
0.379161
0.379174
0.379185
0.379196
0.379205
0.379214
0.379221
0.379228
0.379233
0.379237
0.379241
0.379243
0.379244
0.379244
0.379243
0.379241
0.379238
0.379233
0.379228
0.379221
0.379213
0.379204
0.379194
0.379183
0.379170
0.379156
0.379141
0.379125
0.379107
0.379088
0.379068
0.379047
0.379024
0.379000
0.378974
0.378947
0.378919
0.378890
0.378858
0.378826
0.378792
0.378757
0.378720
0.378681
0.378641
0.378600
0.378557
0.378512
0.378466
0.378419
0.378369
0.378318
0.378265
0.378211
0.378155
0.378097
0.378037
0.377976
0.377913
0.377848
0.377781
0.377713
0.377642
0.377570
0.377496
0.377420
0.377342
0.377262
0.377180
0.377096
0.377010
0.376922
0.376832
0.376740
0.376646
0.376550
0.376452
0.376352
0.376250
0.376145
0.376039
0.375930
0.375819
0.375706
0.375591
0.375474
0.375355
0.375234
0.375110
0.374985
0.374857
0.374727
0.374595
0.374461
0.374325
0.374188
0.374048
0.373906
0.373762
0.373616
0.373468
0.373319
0.373167
0.373014
0.372860
0.372703
0.372545
0.372385
0.372224
0.372061
0.371897
0.371732
0.371565
0.371397
0.371228
0.371058
0.370887
0.370716
0.370543
0.370370
0.370196
0.370022
0.369847
0.369673
0.369498
0.369323
0.369148
0.368973
0.368799
0.368625
0.368452
0.368280
0.368108
0.367938
0.367768
0.367601
0.367434
0.367269
0.367106
0.366945
0.366786
0.366629
0.366474
0.366322
0.366172
0.366026
0.365882
0.365741
0.365603
0.365468
0.365336
0.365208
0.365084
0.364963
0.364846
0.364733
0.364623
0.364517
0.364416
0.364318
0.364224
0.364134
0.364048
0.363966
0.363888
0.363813
0.363742
0.363675
0.363611
0.363551
0.363494
0.363440
0.363389
0.363341
0.363295
0.363253
0.363212
0.363174
0.363139
0.363105
0.363072
0.363042
0.363013
0.362985
0.362959
0.362933
0.362909
0.362885
0.362861
0.362838
0.362815
0.362792
0.362769
0.362746
0.362723
0.362699
0.362674
0.362649
0.362622
0.362595
0.362566
0.362537
0.362505
0.362473
0.362438
0.362402
0.362364
0.362324
0.362283
0.362239
0.362194
0.362146
0.362096
0.362045
0.361991
0.361935
0.361878
0.361819
0.361759
0.361698
0.361636
0.361575
0.361516
0.361460
0.361397
0.361299
0.361152
0.360953
0.360758
0.360525
0.360198
0.360000
0.359856
0.359765
0.359706
0.359662
0.359628
0.359605
0.359595
0.359603
0.359628
0.359666
0.359717
0.359780
0.359865
0.359977
0.359921
0.359637
0.359460
0.359398
0.359475
0.359405
0.358997
0.358812
0.358732
0.358745
0.358832
0.358686
0.358251
0.358180
0.358107
0.358169
0.358048
0.357603
0.357560
0.357512
0.357594
0.357478
0.357350
0.356873
0.356958
0.356883
0.356843
0.356248
0.356470
0.356392
0.356390
0.355844
0.356027
0.355915
0.355892
0.355312
0.355518
0.355389
0.355342
0.354750
0.354970
0.354795
0.354727
0.354124
0.354341
0.354130
0.354110
0.353670
0.353152
0.352978
0.352752
0.352171
0.352200
0.352139
0.351752
0.351691
0.351713
0.351425
0.351437
0.351371
0.351017
0.351019
0.350965
0.350647
0.350620
0.350586
0.350223
0.350254
0.350183
0.349862
0.349814
0.349801
0.349442
0.349473
0.349413
0.349115
0.349030
0.349046
0.348695
0.348728
0.348676
0.348434
0.348260
0.348314
0.347957
0.348050
0.348003
0.347851
0.347576
0.347739
0.347358
0.347518
0.347488
0.347310
0.346795
0.346616
0.346603
0.346699
0.346815
0.346378
0.346294
0.346230
0.346054
0.345620
0.345941
0.345941
0.345835
0.345547
0.345259
0.345124
0.345230
0.345362
0.345205
0.344563
0.344590
0.344446
0.344469
0.344523
0.344804
0.344623
0.344003
0.344098
0.343938
0.343858
0.343608
0.343790
0.343804
0.343083
0.343261
0.342858
0.343131
0.342937
0.343428
0.343565
0.343090
0.343161
0.342441
0.342728
0.342275
0.342710
0.342433
0.342944
0.342757
0.342876
0.342013
0.342400
0.341832
0.342379
0.341857
0.342446
0.341890
0.342477
0.341899
0.342491
0.341857
0.342493
0.341879
0.342526
0.341830
0.342518
0.341821
0.342541
0.341800
0.342554
0.341792
0.342583
0.341796
0.342620
0.341810
0.342671
0.341837
0.342734
0.341876
0.342811
0.341927
0.342899
0.341988
0.342998
0.342058
0.343105
0.342136
0.343216
0.342221
0.343335
0.342318
0.343465
0.342430
0.343612
0.342560
0.343775
0.342708
0.343953
0.342870
0.344143
0.343044
0.344342
0.343228
0.344548
0.343417
0.344759
0.343610
0.344973
0.343800
0.345186
0.343984
0.345394
0.344157
0.345589
0.344314
0.345768
0.344458
0.345932
0.344599
0.346095
0.344755
0.346276
0.344940
0.346490
0.345160
0.346739
0.345411
0.347016
0.345689
0.347314
0.345988
0.347630
0.346304
0.347962
0.346633
0.348308
0.346974
0.348667
0.347331
0.349036
0.347719
0.349420
0.348160
0.349833
0.348668
0.350283
0.349232
0.350770
0.349826
0.351275
0.350426
0.351778
0.351020
0.352267
0.351600
0.352740
0.352168
0.353195
0.352724
0.353635
0.353270
0.354063
0.353810
0.354481
0.354345
0.354894
0.354871
0.355309
0.355387
0.355733
0.355889
0.356174
0.356378
0.356632
0.356861
0.357107
0.357350
0.357598
0.357849
0.358104
0.358363
0.358626
0.358894
0.359166
0.359442
0.359723
0.360008
0.360298
0.360592
0.360890
0.361193
0.361500
0.361811
0.362127
0.362446
0.362770
0.363098
0.363430
0.363766
0.364106
0.364450
0.364798
0.365150
0.365506
0.365866
0.366231
0.366600
0.366974
0.367352
0.367735
0.368122
0.368515
0.368912
0.369315
0.369722
0.370135
0.370553
0.370976
0.371405
0.371838
0.372277
0.372721
0.373169
0.373622
0.374080
0.374542
0.375007
0.375477
0.375950
0.376427
0.376906
0.377389
0.377874
0.378361
0.378850
0.379342
0.379835
0.380330
0.380826
0.381323
0.381822
0.382322
0.382823
0.383325
0.383828
0.384332
0.384837
0.385343
0.385850
0.386359
0.386869
0.387381
0.387894
0.388409
0.388926
0.389446
0.389967
0.390492
0.391018
0.391548
0.392081
0.392617
0.393156
0.393699
0.394245
0.394795
0.395348
0.395905
0.396465
0.397029
0.397596
0.398167
0.398741
0.399317
0.399897
0.400479
0.401064
0.401651
0.402240
0.402830
0.403423
0.404017
0.404612
0.405208
0.405804
0.406400
0.406997
0.407593
0.408188
0.408783
0.409375
0.409966
0.410555
0.411140
0.411723
0.412302
0.412876
0.413446
0.414011
0.414570
0.415123
0.415669
0.416209
0.416741
0.417265
0.417780
0.418287
0.418786
0.419274
0.419754
0.420224
0.420684
0.421134
0.421574
0.422005
0.422425
0.422836
0.423237
0.423628
0.424009
0.424382
0.424745
0.425099
0.425445
0.425782
0.426112
0.426434
0.426750
0.427059
0.427364
0.427664
0.427961
0.428255
0.428547
0.428835
0.429118
0.429394
0.429661
0.429917
0.430164
0.430400
0.430626
0.430842
0.431047
0.431243
0.431429
0.431605
0.431773
0.431932
0.432084
0.432230
0.432369
0.432504
0.432635
0.432762
0.432886
0.433008
0.433127
0.433244
0.433358
0.433470
0.433580
0.433687
0.433791
0.433892
0.433990
0.434085
0.434177
0.434264
0.434348
0.434427
0.434502
0.434572
0.434636
0.434695
0.434747
0.434793
0.434831
0.434862
0.434883
0.434895
0.434898
0.434891
0.434874
0.434849
0.434817
0.434779
0.434737
0.434693
0.434647
0.434602
0.434557
0.434513
0.434470
0.434428
0.434386
0.434344
0.434300
0.434254
0.434204
0.434151
0.434094
0.434034
0.433974
0.433914
0.433857
0.433804
0.433757
0.433714
0.433675
0.433640
0.433606
0.433573
0.433541
0.433508
0.433475
0.433441
0.433406
0.433369
0.433331
0.433290
0.433247
0.433202
0.433154
0.433105
0.433053
0.433000
0.432944
0.432887
0.432828
0.432767
0.432705
0.432641
0.432576
0.432509
0.432441
0.432372
0.432302
0.432231
0.432159
0.432086
0.432013
0.431938
0.431863
0.431788
0.431711
0.431635
0.431557
0.431480
0.431402
0.431323
0.431245
0.431166
0.431087
0.431009
0.430930
0.430851
0.430772
0.430693
0.430614
0.430536
0.430458
0.430380
0.430303
0.430226
0.430150
0.430074
0.429998
0.429924
0.429850
0.429777
0.429704
0.429633
0.429563
0.429493
0.429425
0.429358
0.429292
0.429227
0.429164
0.429102
0.429042
0.428983
0.428926
0.428871
0.428818
0.428767
0.428718
0.428671
0.428627
0.428586
0.428547
0.428511
0.428478
0.428448
0.428421
0.428398
0.428377
0.428358
0.428342
0.428328
0.428315
0.428303
0.428292
0.428282
0.428272
0.428264
0.428257
0.428252
0.428249
0.428248
0.428248
0.428250
0.428258
0.428250
0.428365
0.427340
0.428693
0.428804
0.428685
0.428499
0.428380
0.428647
0.428590
0.428556
0.428593
0.428599
0.428585
0.428563
0.428534
0.428498
0.428457
0.428410
0.428363
0.428319
0.428281
0.428252
0.428232
0.428221
0.428218
0.428221
0.428230
0.428243
0.428262
0.428284
0.428310
0.428341
0.428374
0.428411
0.428451
0.428494
0.428539
0.428586
0.428635
0.428686
0.428739
0.428793
0.428849
0.428907
0.428966
0.429026
0.429088
0.429152
0.429218
0.429285
0.429355
0.429427
0.429502
0.429580
0.429660
0.429744
0.429832
0.429922
0.430017
0.430115
0.430217
0.430323
0.430432
0.430544
0.430661
0.430780
0.430903
0.431029
0.431157
0.431289
0.431423
0.431560
0.431699
0.431841
0.431984
0.432130
0.432278
0.432428
0.432580
0.432733
0.432888
0.433045
0.433203
0.433362
0.433523
0.433686
0.433849
0.434014
0.434180
0.434347
0.434515
0.434684
0.434853
0.435024
0.435195
0.435367
0.435539
0.435712
0.435885
0.436058
0.436231
0.436405
0.436578
0.436751
0.436923
0.437096
0.437267
0.437438
0.437608
0.437777
0.437945
0.438112
0.438277
0.438441
0.438603
0.438764
0.438923
0.439080
0.439235
0.439387
0.439537
0.439685
0.439831
0.439973
0.440114
0.440251
0.440385
0.440516
0.440645
0.440770
0.440891
0.441010
0.441125
0.441237
0.441345
0.441449
0.441550
0.441647
0.441741
0.441831
0.441916
0.441998
0.442077
0.442151
0.442221
0.442288
0.442350
0.442408
0.442463
0.442513
0.442560
0.442602
0.442641
0.442675
0.442706
0.442732
0.442755
0.442774
0.442788
0.442799
0.442806
0.442810
0.442809
0.442805
0.442797
0.442785
0.442770
0.442751
0.442729
0.442703
0.442674
0.442642
0.442606
0.442567
0.442525
0.442480
0.442432
0.442382
0.442328
0.442272
0.442213
0.442151
0.442087
0.442021
0.441953
0.441882
0.441809
0.441734
0.441658
0.441580
0.441500
0.441418
0.441335
0.441251
0.441166
0.441079
0.440991
0.440903
0.440814
0.440723
0.440633
0.440542
0.440450
0.440358
0.440266
0.440174
0.440081
0.439989
0.439897
0.439805
0.439714
0.439622
0.439532
0.439441
0.439352
0.439263
0.439175
0.439087
0.439001
0.438915
0.438831
0.438747
0.438664
0.438583
0.438503
0.438424
0.438346
0.438270
0.438195
0.438121
0.438048
0.437977
0.437908
0.437840
0.437773
0.437708
0.437644
0.437582
0.437521
0.437462
0.437405
0.437349
0.437294
0.437242
0.437190
0.437141
0.437092
0.437046
0.437001
0.436957
0.436915
0.436875
0.436836
0.436799
0.436763
0.436729
0.436696
0.436665
0.436635
0.436607
0.436580
0.436555
0.436531
0.436508
0.436487
0.436467
0.436449
0.436432
0.436416
0.436402
0.436389
0.436378
0.436367
0.436358
0.436351
0.436344
0.436339
0.436335
0.436332
0.436331
0.436330
0.436331
0.436333
0.436336
0.436341
0.436346
0.436353
0.436361
0.436369
0.436379
0.436390
0.436402
0.436415
0.436430
0.436445
0.436461
0.436478
0.436496
0.436516
0.436536
0.436557
0.436579
0.436602
0.436626
0.436651
0.436677
0.436704
0.436732
0.436760
0.436790
0.436821
0.436852
0.436884
0.436917
0.436952
0.436986
0.437022
0.437059
0.437096
0.437135
0.437174
0.437214
0.437255
0.437297
0.437339
0.437383
0.437427
0.437472
0.437518
0.437565
0.437612
0.437661
0.437710
0.437760
0.437811
0.437862
0.437915
0.437968
0.438022
0.438077
0.438133
0.438190
0.438247
0.438305
0.438364
0.438424
0.438485
0.438547
0.438609
0.438672
0.438737
0.438802
0.438867
0.438934
0.439002
0.439070
0.439140
0.439210
0.439281
0.439354
0.439427
0.439501
0.439576
0.439652
0.439729
0.439807
0.439886
0.439966
0.440048
0.440130
0.440213
0.440298
0.440384
0.440471
0.440559
0.440648
0.440739
0.440831
0.440924
0.441018
0.441114
0.441212
0.441310
0.441411
0.441512
0.441615
0.441720
0.441827
0.441934
0.442044
0.442155
0.442268
0.442383
0.442499
0.442617
0.442736
0.442857
0.442980
0.443105
0.443231
0.443358
0.443487
0.443617
0.443748
0.443881
0.444015
0.444150
0.444287
0.444427
0.444571
0.444720
0.444873
0.445032
0.445196
0.445364
0.445535
0.445709
0.445884
0.446060
0.446237
0.446415
0.446593
0.446772
0.446950
0.447129
0.447309
0.447488
0.447667
0.447847
0.448027
0.448207
0.448387
0.448567
0.448747
0.448928
0.449108
0.449289
0.449470
0.449651
0.449833
0.450014
0.450196
0.450378
0.450560
0.450742
0.450925
0.451108
0.451291
0.451475
0.451658
0.451842
0.452027
0.452211
0.452396
0.452581
0.452767
0.452953
0.453139
0.453325
0.453512
0.453699
0.453886
0.454074
0.454262
0.454451
0.454640
0.454829
0.455019
0.455209
0.455399
0.455590
0.455781
0.455973
0.456165
0.456358
0.456551
0.456745
0.456939
0.457134
0.457329
0.457525
0.457722
0.457919
0.458116
0.458314
0.458513
0.458713
0.458913
0.459114
0.459316
0.459518
0.459721
0.459925
0.460130
0.460335
0.460541
0.460541
0.460749
0.460957
0.461166
0.461375
0.461586
0.461798
0.462011
0.462224
0.462439
0.462655
0.462872
0.463090
0.463309
0.463529
0.463750
0.463973
0.464196
0.464421
0.464647
0.464874
0.465103
0.465333
0.465564
0.465797
0.466031
0.466266
0.466503
0.466741
0.466980
0.467221
0.467464
0.467708
0.467953
0.468200
0.468449
0.468699
0.468951
0.469204
0.469459
0.469716
0.469974
0.470234
0.470496
0.470759
0.471024
0.471291
0.471559
0.471830
0.472102
0.472375
0.472651
0.472928
0.473207
0.473488
0.473771
0.474056
0.474342
0.474630
0.474920
0.475212
0.475506
0.475802
0.476099
0.476398
0.476699
0.477002
0.477307
0.477614
0.477922
0.478232
0.478544
0.478858
0.479174
0.479491
0.479811
0.480131
0.480454
0.480779
0.481105
0.481433
0.481762
0.482093
0.482426
0.482761
0.483097
0.483435
0.483774
0.484115
0.484458
0.484802
0.485147
0.485494
0.485843
0.486193
0.486544
0.486897
0.487251
0.487607
0.487964
0.488322
0.488682
0.489043
0.489405
0.489768
0.490133
0.490499
0.490867
0.491235
0.491605
0.491976
0.492348
0.492721
0.493096
0.493471
0.493848
0.494226
0.494606
0.494986
0.495368
0.495751
0.496134
0.496520
0.496906
0.497294
0.497682
0.498072
0.498463
0.498856
0.499250
0.499645
0.500041
0.500438
0.500837
0.501238
0.501639
0.502042
0.502446
0.502852
0.503259
0.503668
0.504078
0.504490
0.504903
0.505318
0.505734
0.506152
0.506572
0.506993
0.507416
0.507841
0.508267
0.508695
0.509125
0.509557
0.509991
0.510426
0.510864
0.511303
0.511744
0.512188
0.512633
0.513080
0.513530
0.513981
0.514435
0.514890
0.515348
0.515808
0.516270
0.516734
0.517200
0.517669
0.518140
0.518612
0.519087
0.519565
0.520044
0.520526
0.521010
0.521496
0.521984
0.522474
0.522967
0.523461
0.523958
0.524457
0.524959
0.525462
0.525968
0.526475
0.526985
0.527497
0.528012
0.528528
0.529048
0.529569
0.530094
0.530621
0.531152
0.531688
0.532228
0.532775
0.533335
0.534080
0.534635
0.535106
0.535544
0.536076
0.536514
0.537200
0.537426
0.538392
0.538304
0.539525
0.539797
0.540380
0.540494
0.541685
0.541822
0.542679
0.542602
0.543863
0.544394
0.544426
0.545516
0.545239
0.546717
0.547476
0.546772
0.548514
0.549414
0.548480
0.550270
0.551225
0.550745
0.551911
0.551480
0.552997
0.553992
0.553356
0.554737
0.555080
0.555558
0.555559
0.556957
0.557569
0.557421
0.558751
0.558080
0.560028
0.561087
0.561393
0.561755
0.561185
0.562973
0.563967
0.563559
0.564610
0.563566
0.565978
0.566972
0.567277
0.568357
0.569205
0.569955
0.570681
0.571326
0.571939
0.572512
0.573050
0.573566
0.574070
0.574566
0.575059
0.575550
0.576039
0.576527
0.577015
0.577504
0.577993
0.578484
0.578978
0.579474
0.579972
0.580472
0.580974
0.581478
0.581983
0.582490
0.582999
0.583509
0.584022
0.584536
0.585052
0.585570
0.586090
0.586613
0.587137
0.587663
0.588191
0.588721
0.589254
0.589788
0.590325
0.590863
0.591404
0.591946
0.592491
0.593037
0.593585
0.594134
0.594685
0.595238
0.595791
0.596346
0.596902
0.597458
0.598016
0.598574
0.599133
0.599692
0.600252
0.600811
0.601371
0.601931
0.602491
0.603050
0.603609
0.604168
0.604727
0.605284
0.605841
0.606398
0.606953
0.607508
0.608061
0.608614
0.609165
0.609715
0.610264
0.610812
0.611358
0.611903
0.612446
0.612988
0.613527
0.614066
0.614602
0.615136
0.615669
0.616199
0.616728
0.617254
0.617778
0.618300
0.618819
0.619337
0.619851
0.620363
0.620873
0.621380
0.621884
0.622386
0.622884
0.623380
0.623873
0.624363
0.624850
0.625334
0.625815
0.626293
0.626768
0.627240
0.627708
0.628174
0.628636
0.629095
0.629550
0.630003
0.630452
0.630897
0.631340
0.631779
0.632215
0.632647
0.633076
0.633501
0.633923
0.634342
0.634757
0.635168
0.635576
0.635981
0.636381
0.636779
0.637172
0.637562
0.637948
0.638331
0.638710
0.639085
0.639457
0.639824
0.640188
0.640549
0.640905
0.641258
0.641607
0.641952
0.642293
0.642631
0.642964
0.643294
0.643620
0.643942
0.644261
0.644575
0.644886
0.645193
0.645496
0.645795
0.646090
0.646382
0.646670
0.646954
0.647234
0.647511
0.647783
0.648052
0.648318
0.648579
0.648837
0.649092
0.649343
0.649590
0.649833
0.650074
0.650310
0.650543
0.650773
0.651000
0.651223
0.651443
0.651659
0.651873
0.652083
0.652290
0.652494
0.652695
0.652893
0.653088
0.653280
0.653470
0.653656
0.653840
0.654021
0.654200
0.654376
0.654550
0.654721
0.654890
0.655056
0.655220
0.655382
0.655542
0.655699
0.655855
0.656008
0.656160
0.656309
0.656457
0.656603
0.656747
0.656889
0.657029
0.657168
0.657305
0.657441
0.657575
0.657707
0.657838
0.657968
0.658096
0.658223
0.658349
0.658473
0.658596
0.658717
0.658838
0.658957
0.659075
0.659192
0.659308
0.659423
0.659537
0.659650
0.659761
0.659872
0.659982
0.659982
0.660091
0.660199
0.660306
0.660413
0.660518
0.660623
0.660727
0.660830
0.660933
0.661035
0.661136
0.661237
0.661336
0.661436
0.661534
0.661633
0.661730
0.661827
0.661924
0.662020
0.662116
0.662211
0.662306
0.662401
0.662495
0.662589
0.662682
0.662775
0.662868
0.662961
0.663053
0.663146
0.663238
0.663330
0.663421
0.663513
0.663605
0.663696
0.663787
0.663879
0.663970
0.664061
0.664152
0.664243
0.664334
0.664425
0.664516
0.664608
0.664699
0.664790
0.664882
0.664973
0.665065
0.665156
0.665248
0.665340
0.665432
0.665524
0.665617
0.665709
0.665802
0.665894
0.665987
0.666080
0.666174
0.666267
0.666361
0.666454
0.666548
0.666642
0.666736
0.666831
0.666925
0.667020
0.667115
0.667209
0.667304
0.667399
0.667494
0.667589
0.667685
0.667780
0.667874
0.667969
0.668064
0.668158
0.668252
0.668345
0.668438
0.668530
0.668621
0.668711
0.668799
0.668884
0.668967
0.669046
0.669121
0.669190
0.669257
0.669342
0.669069
0.668301
0.669291
0.668923
0.669323
0.668618
0.669721
0.669473
0.669949
0.669344
0.670557
0.670360
0.670732
0.670158
0.671293
0.670934
0.671522
0.670769
0.671938
0.671779
0.671923
0.671600
0.672438
0.671809
0.672785
0.672351
0.672933
0.672261
0.673302
0.673001
0.673426
0.672868
0.673824
0.673414
0.674025
0.673452
0.674337
0.673923
0.674552
0.674034
0.674864
0.674444
0.675099
0.674622
0.675389
0.674967
0.675642
0.675206
0.675920
0.675511
0.676187
0.675785
0.676461
0.676075
0.676735
0.676362
0.677010
0.676652
0.677287
0.676944
0.677566
0.677238
0.677847
0.677535
0.678130
0.677834
0.678414
0.678136
0.678701
0.678441
0.678989
0.678748
0.679280
0.679058
0.679572
0.679370
0.679866
0.679686
0.680163
0.680005
0.680461
0.680326
0.680761
0.680651
0.681064
0.680978
0.681368
0.681308
0.681675
0.681640
0.681984
0.681975
0.682295
0.682312
0.682609
0.682651
0.682925
0.682991
0.683245
0.683333
0.683568
0.683675
0.683894
0.684018
0.684224
0.684361
0.684557
0.684705
0.684893
0.685050
0.685232
0.685395
0.685573
0.685740
0.685917
0.686087
0.686263
0.686435
0.686610
0.686784
0.686959
0.687134
0.687310
0.687486
0.687662
0.687839
0.688015
0.688193
0.688370
0.688548
0.688726
0.688904
0.689083
0.689262
0.689441
0.689620
0.689800
0.689980
0.690160
0.690341
0.690522
0.690703
0.690884
0.691065
0.691247
0.691429
0.691611
0.691794
0.691977
0.692160
0.692343
0.692526
0.692710
0.692894
0.693078
0.693262
0.693446
0.693631
0.693816
0.694001
0.694186
0.694372
0.694558
0.694744
0.694930
0.695116
0.695303
0.695489
0.695676
0.695863
0.696050
0.696238
0.696426
0.696613
0.696801
0.696990
0.697178
0.697366
0.697555
0.697744
0.697933
0.698122
0.698311
0.698501
0.698691
0.698880
0.699070
0.699261
0.699451
0.699641
0.699832
0.700023
0.700213
0.700404
0.700596
0.700787
0.700978
0.701170
0.701361
0.701553
0.701745
0.701937
0.702129
0.702322
0.702514
0.702707
0.702899
0.703092
0.703285
0.703478
0.703671
0.703864
0.704057
0.704251
0.704444
0.704638
0.704832
0.705025
0.705219
0.705413
0.705607
0.705801
0.705996
0.706190
0.706384
0.706579
0.706773
0.706968
0.707162
0.707357
0.707552
0.707747
0.707941
0.708136
0.708331
0.708526
0.708722
0.708917
0.709112
0.709307
0.709502
0.709698
0.709893
0.710088
0.710284
0.710479
0.710675
0.710870
0.711066
0.711261
0.711457
0.711652
0.711848
0.712044
0.712239
0.712435
0.712630
0.712826
0.713022
0.713217
0.713413
0.713608
0.713804
0.713999
0.714195
0.714390
0.714586
0.714781
0.714977
0.715172
0.715368
0.715563
0.715758
0.715953
0.716149
0.716344
0.716539
0.716734
0.716929
0.717124
0.717319
0.717514
0.717709
0.717903
0.718098
0.718293
0.718487
0.718682
0.718876
0.719070
0.719265
0.719459
0.719653
0.719847
0.720041
0.720234
0.720428
0.720622
0.720815
0.721009
0.721202
0.721395
0.721588
0.721781
0.721974
0.722167
0.722359
0.722552
0.722744
0.722937
0.723129
0.723321
0.723513
0.723705
0.723896
0.724088
0.724279
0.724470
0.724662
0.724852
0.725043
0.725234
0.725425
0.725615
0.725805
0.725995
0.726185
0.726375
0.726565
0.726754
0.726944
0.727133
0.727322
0.727511
0.727700
0.727888
0.728076
0.728265
0.728453
0.728641
0.728828
0.729016
0.729203
0.729390
0.729578
0.729764
0.729951
0.730138
0.730324
0.730510
0.730696
0.730882
0.731067
0.731253
0.731438
0.731623
0.731808
0.731992
0.732177
0.732361
0.732545
0.732729
0.732913
0.733096
0.733280
0.733463
0.733646
0.733828
0.734011
0.734193
0.734375
0.734557
0.734739
0.734920
0.735101
0.735282
0.735463
0.735644
0.735824
0.736004
0.736184
0.736364
0.736544
0.736723
0.736902
0.737081
0.737259
0.737438
0.737616
0.737794
0.737972
0.738149
0.738326
0.738503
0.738680
0.738857
0.739033
0.739209
0.739385
0.739385
0.739560
0.739736
0.739911
0.740086
0.740260
0.740435
0.740609
0.740783
0.740956
0.741130
0.741303
0.741476
0.741649
0.741821
0.741994
0.742166
0.742338
0.742509
0.742681
0.742852
0.743023
0.743194
0.743364
0.743535
0.743705
0.743875
0.744045
0.744215
0.744385
0.744554
0.744724
0.744893
0.745062
0.745232
0.745401
0.745570
0.745739
0.745907
0.746076
0.746245
0.746414
0.746583
0.746752
0.746921
0.747090
0.747259
0.747428
0.747597
0.747766
0.747936
0.748105
0.748275
0.748445
0.748615
0.748785
0.748955
0.749126
0.749296
0.749467
0.749638
0.749810
0.749982
0.750153
0.750326
0.750498
0.750671
0.750844
0.751017
0.751191
0.751364
0.751539
0.751713
0.751888
0.752063
0.752238
0.752414
0.752590
0.752766
0.752943
0.753120
0.753297
0.753475
0.753652
0.753831
0.754009
0.754188
0.754367
0.754547
0.754726
0.754906
0.755087
0.755268
0.755449
0.755630
0.755811
0.755993
0.756175
0.756358
0.756541
0.756724
0.756907
0.757090
0.757274
0.757458
0.757642
0.757827
0.758012
0.758197
0.758382
0.758568
0.758753
0.758939
0.759125
0.759312
0.759498
0.759685
0.759872
0.760059
0.760247
0.760435
0.760622
0.760810
0.760998
0.761187
0.761375
0.761564
0.761753
0.761942
0.762131
0.762320
0.762510
0.762699
0.762889
0.763079
0.763269
0.763459
0.763649
0.763839
0.764030
0.764221
0.764411
0.764602
0.764793
0.764984
0.765175
0.765367
0.765558
0.765749
0.765941
0.766133
0.766324
0.766516
0.766708
0.766900
0.767092
0.767284
0.767476
0.767668
0.767861
0.768053
0.768245
0.768438
0.768630
0.768823
0.769016
0.769208
0.769401
0.769594
0.769787
0.769979
0.770172
0.770365
0.770558
0.770751
0.770944
0.771137
0.771330
0.771523
0.771717
0.771910
0.772103
0.772296
0.772489
0.772683
0.772876
0.773069
0.773262
0.773456
0.773649
0.773842
0.774036
0.774229
0.774422
0.774616
0.774809
0.775002
0.775195
0.775389
0.775582
0.775775
0.775969
0.776162
0.776355
0.776549
0.776742
0.776935
0.777128
0.777321
0.777515
0.777708
0.777901
0.778094
0.778287
0.778480
0.778673
0.778866
0.779059
0.779252
0.779445
0.779638
0.779831
0.780024
0.780217
0.780410
0.780602
0.780795
0.780988
0.781180
0.781373
0.781566
0.781758
0.781951
0.782143
0.782336
0.782528
0.782720
0.782913
0.783105
0.783297
0.783489
0.783681
0.783873
0.784065
0.784257
0.784449
0.784641
0.784833
0.785024
0.785216
0.785407
0.785599
0.785791
0.785982
0.786173
0.786365
0.786556
0.786747
0.786938
0.787129
0.787320
0.787511
0.787702
0.787893
0.788083
0.788274
0.788464
0.788655
0.788845
0.789036
0.789226
0.789416
0.789606
0.789796
0.789986
0.790176
0.790366
0.790556
0.790745
0.790935
0.791124
0.791314
0.791503
0.791692
0.791881
0.792070
0.792259
0.792448
0.792637
0.792825
0.793014
0.793203
0.793391
0.793579
0.793767
0.793956
0.794144
0.794332
0.794519
0.794707
0.794895
0.795082
0.795270
0.795457
0.795644
0.795831
0.796018
0.796205
0.796392
0.796579
0.796765
0.796952
0.797138
0.797324
0.797510
0.797696
0.797882
0.798068
0.798254
0.798439
0.798625
0.798810
0.798995
0.799180
0.799365
0.799550
0.799735
0.799919
0.800104
0.800288
0.800472
0.800656
0.800840
0.801024
0.801208
0.801391
0.801575
0.801758
0.801941
0.802124
0.802307
0.802490
0.802673
0.802855
0.803038
0.803220
0.803402
0.803584
0.803766
0.803947
0.804129
0.804310
0.804491
0.804672
0.804853
0.805034
0.805215
0.805395
0.805576
0.805756
0.805936
0.806116
0.806295
0.806475
0.806654
0.806834
0.807013
0.807192
0.807370
0.807549
0.807727
0.807906
0.808084
0.808262
0.808440
0.808617
0.808795
0.808972
0.809149
0.809326
0.809503
0.809679
0.809856
0.810032
0.810208
0.810384
0.810560
0.810735
0.810911
0.811086
0.811261
0.811436
0.811611
0.811785
0.811959
0.812134
0.812308
0.812481
0.812655
0.812828
0.813001
0.813174
0.813347
0.813520
0.813692
0.813865
0.814037
0.814208
0.814380
0.814552
0.814723
0.814894
0.815065
0.815235
0.815406
0.815576
0.815746
0.815916
0.816086
0.816255
0.816425
0.816594
0.816762
0.816931
0.817099
0.817268
0.817436
0.817603
0.817771
0.817938
0.818106
0.818273
0.818439
0.818606
0.818772
0.818938
0.819104
0.819270
0.819435
0.819600
0.819765
0.819930
0.820094
0.820259
0.820423
0.820587
0.820750
0.820914
0.821077
0.821240
0.821402
0.821565
0.821727
0.821889
0.822051
0.822212
0.822374
0.822535
0.822695
0.822856
0.823016
0.823176
0.823336
0.823496
0.823655
0.823814
0.823973
0.824132
0.824290
0.824448
0.824606
0.824764
0.824921
0.825079
0.825236
0.825392
0.825549
0.825705
0.825861
0.826016
0.826172
0.826327
0.826482
0.826636
0.826791
0.826945
0.827099
0.827252
0.827406
0.827559
0.827711
0.827864
0.828016
0.828168
0.828320
0.828472
0.828623
0.828774
0.828925
0.829075
0.829075
0.829225
0.829375
0.829525
0.829674
0.829823
0.829972
0.830120
0.830269
0.830417
0.830564
0.830712
0.830859
0.831006
0.831152
0.831299
0.831445
0.831591
0.831736
0.831881
0.832026
0.832171
0.832315
0.832459
0.832603
0.832747
0.832890
0.833033
0.833176
0.833318
0.833460
0.833602
0.833744
0.833885
0.834026
0.834166
0.834307
0.834447
0.834587
0.834726
0.834865
0.835004
0.835143
0.835281
0.835419
0.835557
0.835695
0.835832
0.835969
0.836105
0.836241
0.836377
0.836513
0.836649
0.836784
0.836918
0.837053
0.837187
0.837321
0.837455
0.837588
0.837721
0.837854
0.837986
0.838118
0.838250
0.838381
0.838512
0.838643
0.838774
0.838904
0.839034
0.839164
0.839293
0.839422
0.839551
0.839679
0.839807
0.839935
0.840063
0.840190
0.840317
0.840443
0.840570
0.840696
0.840821
0.840947
0.841072
0.841196
0.841321
0.841445
0.841569
0.841692
0.841815
0.841938
0.842061
0.842183
0.842305
0.842427
0.842548
0.842669
0.842789
0.842910
0.843030
0.843150
0.843269
0.843388
0.843507
0.843625
0.843743
0.843861
0.843979
0.844096
0.844213
0.844329
0.844446
0.844562
0.844677
0.844793
0.844908
0.845022
0.845137
0.845251
0.845364
0.845478
0.845591
0.845703
0.845816
0.845928
0.846040
0.846151
0.846262
0.846373
0.846484
0.846594
0.846704
0.846813
0.846923
0.847032
0.847140
0.847248
0.847356
0.847464
0.847571
0.847678
0.847785
0.847891
0.847997
0.848103
0.848208
0.848314
0.848418
0.848523
0.848627
0.848731
0.848834
0.848937
0.849040
0.849143
0.849245
0.849347
0.849448
0.849549
0.849650
0.849751
0.849851
0.849951
0.850051
0.850150
0.850249
0.850347
0.850446
0.850544
0.850641
0.850739
0.850836
0.850933
0.851029
0.851125
0.851221
0.851316
0.851411
0.851506
0.851601
0.851695
0.851788
0.851882
0.851975
0.852068
0.852161
0.852253
0.852345
0.852436
0.852527
0.852618
0.852709
0.852799
0.852889
0.852979
0.853068
0.853157
0.853246
0.853334
0.853422
0.853510
0.853598
0.853685
0.853771
0.853858
0.853944
0.854030
0.854115
0.854200
0.854285
0.854370
0.854454
0.854538
0.854621
0.854705
0.854788
0.854870
0.854953
0.855035
0.855116
0.855198
0.855279
0.855359
0.855440
0.855520
0.855599
0.855679
0.855758
0.855837
0.855915
0.855993
0.856071
0.856149
0.856226
0.856303
0.856380
0.856456
0.856532
0.856607
0.856683
0.856758
0.856832
0.856907
0.856981
0.857054
0.857128
0.857201
0.857274
0.857346
0.857418
0.857490
0.857562
0.857633
0.857704
0.857774
0.857845
0.857915
0.857984
0.858054
0.858123
0.858191
0.858260
0.858328
0.858395
0.858463
0.858530
0.858597
0.858663
0.858729
0.858795
0.858861
0.858926
0.858991
0.859056
0.859120
0.859184
0.859248
0.859311
0.859374
0.859437
0.859499
0.859561
0.859623
0.859685
0.859746
0.859807
0.859867
0.859928
0.859988
0.860047
0.860107
0.860166
0.860224
0.860283
0.860341
0.860398
0.860456
0.860513
0.860570
0.860626
0.860683
0.860739
0.860794
0.860849
0.860904
0.860959
0.861014
0.861068
0.861121
0.861175
0.861228
0.861281
0.861333
0.861385
0.861437
0.861489
0.861540
0.861591
0.861642
0.861692
0.861742
0.861792
0.861841
0.861891
0.861939
0.861988
0.862036
0.862084
0.862132
0.862179
0.862226
0.862272
0.862319
0.862365
0.862411
0.862456
0.862501
0.862546
0.862590
0.862635
0.862679
0.862722
0.862765
0.862808
0.862851
0.862893
0.862936
0.862977
0.863019
0.863060
0.863101
0.863141
0.863181
0.863221
0.863261
0.863300
0.863339
0.863378
0.863416
0.863454
0.863492
0.863530
0.863567
0.863604
0.863640
0.863676
0.863712
0.863748
0.863783
0.863818
0.863853
0.863887
0.863921
0.863955
0.863989
0.864022
0.864055
0.864087
0.864119
0.864151
0.864183
0.864214
0.864245
0.864276
0.864307
0.864337
0.864366
0.864396
0.864425
0.864454
0.864483
0.864511
0.864539
0.864566
0.864594
0.864621
0.864647
0.864674
0.864700
0.864726
0.864751
0.864776
0.864801
0.864826
0.864850
0.864874
0.864898
0.864921
0.864944
0.864967
0.864989
0.865011
0.865033
0.865054
0.865075
0.865096
0.865117
0.865137
0.865157
0.865177
0.865196
0.865215
0.865234
0.865252
0.865270
0.865288
0.865305
0.865322
0.865339
0.865355
0.865372
0.865388
0.865403
0.865418
0.865433
0.865448
0.865462
0.865476
0.865490
0.865503
0.865516
0.865529
0.865541
0.865553
0.865565
0.865577
0.865588
0.865599
0.865609
0.865619
0.865629
0.865639
0.865648
0.865657
0.865665
0.865674
0.865682
0.865689
0.865697
0.865704
0.865710
0.865717
0.865723
0.865729
0.865734
0.865739
0.865744
0.865748
0.865752
0.865756
0.865760
0.865763
0.865766
0.865768
0.865770
0.865772
0.865774
0.865775
0.865776
0.865776
0.865777
0.865777
0.865776
0.865775
0.865774
0.865773
0.865771
0.865769
0.865767
0.865764
0.865761
0.865758
0.865754
0.865750
0.865745
0.865741
0.865741
0.865736
0.865730
0.865725
0.865719
0.865712
0.865705
0.865698
0.865691
0.865683
0.865675
0.865667
0.865658
0.865649
0.865640
0.865630
0.865620
0.865609
0.865599
0.865588
0.865576
0.865564
0.865552
0.865540
0.865527
0.865514
0.865500
0.865486
0.865472
0.865458
0.865443
0.865427
0.865412
0.865396
0.865380
0.865363
0.865346
0.865329
0.865311
0.865293
0.865274
0.865256
0.865237
0.865217
0.865197
0.865177
0.865157
0.865136
0.865114
0.865093
0.865071
0.865049
0.865026
0.865003
0.864979
0.864956
0.864931
0.864907
0.864882
0.864857
0.864831
0.864805
0.864779
0.864752
0.864725
0.864698
0.864670
0.864642
0.864613
0.864584
0.864555
0.864525
0.864495
0.864465
0.864434
0.864403
0.864371
0.864339
0.864307
0.864274
0.864241
0.864207
0.864174
0.864139
0.864105
0.864070
0.864034
0.863998
0.863962
0.863926
0.863889
0.863851
0.863813
0.863775
0.863737
0.863698
0.863658
0.863619
0.863579
0.863538
0.863497
0.863456
0.863414
0.863372
0.863329
0.863286
0.863243
0.863199
0.863155
0.863110
0.863065
0.863020
0.862974
0.862928
0.862881
0.862834
0.862786
0.862739
0.862690
0.862641
0.862592
0.862543
0.862493
0.862442
0.862391
0.862340
0.862288
0.862236
0.862183
0.862130
0.862077
0.862023
0.861968
0.861914
0.861858
0.861803
0.861747
0.861690
0.861633
0.861575
0.861518
0.861459
0.861400
0.861341
0.861281
0.861221
0.861161
0.861100
0.861038
0.860976
0.860914
0.860851
0.860787
0.860723
0.860659
0.860594
0.860529
0.860463
0.860397
0.860330
0.860263
0.860196
0.860127
0.860059
0.859990
0.859920
0.859850
0.859780
0.859709
0.859637
0.859565
0.859493
0.859420
0.859346
0.859272
0.859198
0.859123
0.859047
0.858971
0.858895
0.858817
0.858740
0.858662
0.858583
0.858504
0.858425
0.858345
0.858264
0.858183
0.858101
0.858019
0.857936
0.857853
0.857769
0.857685
0.857600
0.857514
0.857428
0.857342
0.857255
0.857167
0.857079
0.856991
0.856901
0.856812
0.856721
0.856630
0.856539
0.856447
0.856354
0.856261
0.856167
0.856073
0.855978
0.855883
0.855787
0.855690
0.855593
0.855495
0.855397
0.855298
0.855198
0.855098
0.854998
0.854896
0.854794
0.854692
0.854589
0.854485
0.854381
0.854276
0.854170
0.854064
0.853957
0.853850
0.853742
0.853633
0.853524
0.853414
0.853303
0.853192
0.853080
0.852968
0.852855
0.852741
0.852627
0.852512
0.852396
0.852279
0.852162
0.852045
0.851926
0.851807
0.851688
0.851567
0.851446
0.851325
0.851202
0.851079
0.850955
0.850831
0.850706
0.850580
0.850453
0.850326
0.850198
0.850069
0.849940
0.849810
0.849679
0.849548
0.849415
0.849282
0.849149
0.849014
0.848879
0.848743
0.848606
0.848469
0.848331
0.848192
0.848052
0.847912
0.847771
0.847629
0.847486
0.847342
0.847198
0.847053
0.846907
0.846761
0.846613
0.846465
0.846316
0.846166
0.846015
0.845864
0.845711
0.845558
0.845404
0.845250
0.845094
0.844938
0.844780
0.844622
0.844463
0.844303
0.844143
0.843981
0.843819
0.843655
0.843491
0.843326
0.843160
0.842993
0.842825
0.842656
0.842487
0.842316
0.842145
0.841972
0.841799
0.841625
0.841450
0.841274
0.841096
0.840918
0.840739
0.840559
0.840378
0.840196
0.840013
0.839829
0.839644
0.839458
0.839271
0.839083
0.838894
0.838704
0.838513
0.838321
0.838127
0.837933
0.837737
0.837541
0.837343
0.837144
0.836945
0.836744
0.836542
0.836338
0.836134
0.835928
0.835722
0.835514
0.835305
0.835095
0.834883
0.834671
0.834457
0.834242
0.834025
0.833808
0.833589
0.833369
0.833148
0.832925
0.832701
0.832476
0.832250
0.832022
0.831793
0.831562
0.831331
0.831097
0.830863
0.830627
0.830390
0.830151
0.829911
0.829669
0.829426
0.829182
0.828936
0.828688
0.828439
0.828189
0.827937
0.827684
0.827429
0.827172
0.826914
0.826654
0.826393
0.826130
0.825866
0.825600
0.825332
0.825063
0.824792
0.824520
0.824245
0.823969
0.823692
0.823412
0.823131
0.822848
0.822564
0.822277
0.821989
0.821699
0.821408
0.821114
0.820819
0.820521
0.820222
0.819921
0.819619
0.819314
0.819007
0.818699
0.818389
0.818076
0.817762
0.817446
0.817128
0.816807
0.816485
0.816161
0.815835
0.815507
0.815177
0.814844
0.814510
0.814174
0.813835
0.813495
0.813152
0.812808
0.812461
0.812112
0.811761
0.811408
0.811053
0.810696
0.810337
0.809975
0.809611
0.809246
0.808878
0.808508
0.808136
0.807761
0.807385
0.807006
0.806625
0.806242
0.805857
0.805470
0.805081
0.804689
0.804296
0.803900
0.803502
0.803102
0.802700
0.802296
0.801890
0.801482
0.801072
0.800660
0.800245
0.799829
0.799411
0.798991
0.798569
0.798145
0.797719
0.797291
0.796862
0.796430
0.795997
0.795562
0.795126
0.794688
0.794248
0.793806
0.793363
0.792919
0.792473
0.792025
0.791576
0.791126
0.790674
0.790222
0.789768
0.789313
0.788856
0.788399
0.787941
0.787941
0.787482
0.787022
0.786561
0.786100
0.785638
0.785175
0.784712
0.784249
0.783785
0.783321
0.782856
0.782392
0.781927
0.781463
0.780999
0.780535
0.780071
0.779608
0.779145
0.778682
0.778221
0.777760
0.777300
0.776841
0.776383
0.775927
0.775471
0.775017
0.774564
0.774113
0.773664
0.773216
0.772770
0.772326
0.771885
0.771445
0.771008
0.770573
0.770141
0.769711
0.769284
0.768859
0.768438
0.768019
0.767604
0.767192
0.766783
0.766377
0.765975
0.765576
0.765182
0.764790
0.764403
0.764020
0.763640
0.763265
0.762894
0.762527
0.762164
0.761806
0.761452
0.761103
0.760758
0.760418
0.760083
0.759753
0.759427
0.759106
0.758790
0.758479
0.758173
0.757872
0.757575
0.757284
0.756997
0.756716
0.756439
0.756166
0.755898
0.755635
0.755375
0.755119
0.754866
0.754615
0.754366
0.754119
0.753872
0.753625
0.753379
0.753133
0.752892
0.752659
0.752441
0.752243
0.752071
0.751929
0.751819
0.751743
0.751698
0.751683
0.751695
0.751730
0.751785
0.751856
0.751940
0.752035
0.752138
0.752247
0.752359
0.752473
0.752586
0.752697
0.752804
0.752906
0.753001
0.753090
0.753171
0.753244
0.753308
0.753362
0.753406
0.753440
0.753463
0.753474
0.753474
0.753463
0.753441
0.753408
0.753364
0.753311
0.753250
0.753180
0.753103
0.753020
0.752932
0.752840
0.752745
0.752647
0.752548
0.752448
0.752348
0.752248
0.752150
0.752053
0.751958
0.751866
0.751776
0.751690
0.751607
0.751528
0.751452
0.751381
0.751314
0.751252
0.751193
0.751140
0.751091
0.751046
0.751007
0.750972
0.750942
0.750917
0.750897
0.750881
0.750871
0.750866
0.750865
0.750869
0.750878
0.750892
0.750911
0.750935
0.750964
0.750997
0.751035
0.751078
0.751126
0.751178
0.751235
0.751297
0.751363
0.751433
0.751508
0.751588
0.751671
0.751759
0.751851
0.751948
0.752048
0.752152
0.752260
0.752372
0.752487
0.752607
0.752729
0.752856
0.752985
0.753118
0.753255
0.753394
0.753536
0.753682
0.753830
0.753982
0.754136
0.754292
0.754451
0.754613
0.754777
0.754944
0.755113
0.755284
0.755457
0.755633
0.755810
0.755989
0.756171
0.756354
0.756538
0.756725
0.756913
0.757103
0.757294
0.757487
0.757681
0.757876
0.758073
0.758271
0.758470
0.758671
0.758872
0.759075
0.759279
0.759484
0.759689
0.759896
0.760104
0.760312
0.760521
0.760732
0.760942
0.761154
0.761366
0.761579
0.761793
0.762007
0.762222
0.762438
0.762654
0.762870
0.763087
0.763305
0.763523
0.763742
0.763961
0.764180
0.764400
0.764620
0.764841
0.765061
0.765283
0.765504
0.765726
0.765948
0.766171
0.766394
0.766617
0.766840
0.767063
0.767287
0.767511
0.767735
0.767960
0.768184
0.768409
0.768634
0.768859
0.769084
0.769309
0.769535
0.769760
0.769986
0.770212
0.770438
0.770664
0.770890
0.771116
0.771342
0.771569
0.771795
0.772022
0.772248
0.772475
0.772701
0.772928
0.773154
0.773381
0.773608
0.773834
0.774061
0.774287
0.774514
0.774740
0.774967
0.775193
0.775420
0.775646
0.775873
0.776099
0.776325
0.776551
0.776777
0.777003
0.777229
0.777455
0.777680
0.777906
0.778131
0.778356
0.778582
0.778807
0.779032
0.779256
0.779481
0.779705
0.779930
0.780154
0.780378
0.780602
0.780825
0.781049
0.781272
0.781495
0.781718
0.781940
0.782163
0.782385
0.782607
0.782829
0.783050
0.783272
0.783493
0.783714
0.783934
0.784155
0.784375
0.784595
0.784814
0.785034
0.785253
0.785472
0.785690
0.785909
0.786127
0.786345
0.786562
0.786779
0.786996
0.787213
0.787429
0.787645
0.787861
0.788076
0.788291
0.788506
0.788721
0.788935
0.789149
0.789362
0.789575
0.789788
0.790001
0.790213
0.790425
0.790637
0.790848
0.791059
0.791270
0.791480
0.791690
0.791899
0.792109
0.792318
0.792526
0.792734
0.792942
0.793150
0.793357
0.793564
0.793770
0.793976
0.794182
0.794388
0.794593
0.794797
0.795002
0.795206
0.795409
0.795613
0.795816
0.796018
0.796220
0.796422
0.796623
0.796825
0.797025
0.797226
0.797426
0.797625
0.797824
0.798023
0.798222
0.798420
0.798617
0.798815
0.799012
0.799208
0.799405
0.799600
0.799796
0.799991
0.800186
0.800380
0.800574
0.800767
0.800961
0.801153
0.801346
0.801538
0.801730
0.801921
0.802112
0.802302
0.802492
0.802682
0.802871
0.803060
0.803249
0.803437
0.803625
0.803812
0.803999
0.804186
0.804372
0.804558
0.804743
0.804928
0.805113
0.805297
0.805481
0.805665
0.805848
0.806031
0.806213
0.806395
0.806576
0.806757
0.806938
0.807119
0.807299
0.807478
0.807657
0.807836
0.808014
0.808192
0.808370
0.808547
0.808724
0.808900
0.809076
0.809252
0.809427
0.809602
0.809776
0.809950
0.810124
0.810297
0.810470
0.810643
0.810815
0.810986
0.811157
0.811328
0.811499
0.811669
0.811838
0.812008
0.812177
0.812345
0.812513
0.812681
0.812848
0.813015
0.813181
0.813347
0.813513
0.813678
0.813843
0.814007
0.814007
0.814172
0.814335
0.814498
0.814661
0.814824
0.814986
0.815147
0.815309
0.815470
0.815630
0.815790
0.815950
0.816109
0.816268
0.816426
0.816584
0.816742
0.816899
0.817056
0.817213
0.817369
0.817524
0.817679
0.817834
0.817989
0.818143
0.818297
0.818450
0.818603
0.818755
0.818907
0.819059
0.819210
0.819361
0.819511
0.819662
0.819811
0.819961
0.820109
0.820258
0.820406
0.820554
0.820701
0.820848
0.820994
0.821141
0.821286
0.821432
0.821577
0.821721
0.821865
0.822009
0.822152
0.822295
0.822438
0.822580
0.822722
0.822863
0.823004
0.823145
0.823285
0.823425
0.823565
0.823704
0.823842
0.823981
0.824119
0.824256
0.824393
0.824530
0.824666
0.824802
0.824938
0.825073
0.825208
0.825342
0.825476
0.825610
0.825743
0.825876
0.826009
0.826141
0.826273
0.826404
0.826535
0.826666
0.826796
0.826926
0.827056
0.827185
0.827313
0.827442
0.827570
0.827698
0.827825
0.827952
0.828078
0.828204
0.828330
0.828456
0.828581
0.828705
0.828830
0.828954
0.829077
0.829200
0.829323
0.829446
0.829568
0.829690
0.829811
0.829932
0.830053
0.830173
0.830293
0.830413
0.830532
0.830651
0.830769
0.830887
0.831005
0.831123
0.831240
0.831356
0.831473
0.831589
0.831705
0.831820
0.831935
0.832050
0.832164
0.832278
0.832391
0.832505
0.832618
0.832730
0.832842
0.832954
0.833066
0.833177
0.833288
0.833398
0.833509
0.833618
0.833728
0.833837
0.833946
0.834054
0.834162
0.834270
0.834378
0.834485
0.834592
0.834698
0.834804
0.834910
0.835016
0.835121
0.835226
0.835330
0.835435
0.835538
0.835642
0.835745
0.835848
0.835951
0.836053
0.836155
0.836256
0.836358
0.836459
0.836559
0.836660
0.836760
0.836859
0.836959
0.837058
0.837157
0.837255
0.837353
0.837451
0.837548
0.837646
0.837743
0.837839
0.837935
0.838031
0.838127
0.838222
0.838317
0.838412
0.838506
0.838601
0.838694
0.838788
0.838881
0.838974
0.839067
0.839159
0.839251
0.839343
0.839434
0.839525
0.839616
0.839706
0.839797
0.839887
0.839976
0.840065
0.840154
0.840243
0.840332
0.840420
0.840508
0.840595
0.840682
0.840769
0.840856
0.840943
0.841029
0.841114
0.841200
0.841285
0.841370
0.841455
0.841539
0.841623
0.841707
0.841791
0.841874
0.841957
0.842040
0.842122
0.842204
0.842286
0.842367
0.842449
0.842530
0.842610
0.842691
0.842771
0.842851
0.842930
0.843010
0.843089
0.843167
0.843246
0.843324
0.843402
0.843480
0.843557
0.843634
0.843711
0.843788
0.843864
0.843940
0.844015
0.844091
0.844166
0.844241
0.844316
0.844390
0.844464
0.844538
0.844611
0.844685
0.844758
0.844830
0.844903
0.844975
0.845047
0.845119
0.845190
0.845261
0.845332
0.845403
0.845473
0.845543
0.845613
0.845682
0.845752
0.845821
0.845889
0.845958
0.846026
0.846094
0.846162
0.846229
0.846296
0.846363
0.846430
0.846496
0.846562
0.846628
0.846694
0.846759
0.846824
0.846889
0.846953
0.847018
0.847082
0.847146
0.847209
0.847272
0.847335
0.847398
0.847460
0.847523
0.847585
0.847646
0.847708
0.847769
0.847830
0.847891
0.847951
0.848011
0.848071
0.848131
0.848190
0.848249
0.848308
0.848367
0.848425
0.848483
0.848541
0.848599
0.848656
0.848713
0.848770
0.848827
0.848883
0.848939
0.848995
0.849051
0.849106
0.849161
0.849216
0.849270
0.849325
0.849379
0.849433
0.849486
0.849540
0.849593
0.849646
0.849698
0.849751
0.849803
0.849855
0.849906
0.849958
0.850009
0.850060
0.850110
0.850161
0.850211
0.850261
0.850310
0.850360
0.850409
0.850458
0.850506
0.850555
0.850603
0.850651
0.850699
0.850746
0.850793
0.850840
0.850887
0.850934
0.850980
0.851026
0.851072
0.851117
0.851162
0.851208
0.851252
0.851297
0.851341
0.851385
0.851429
0.851473
0.851516
0.851559
0.851602
0.851645
0.851687
0.851729
0.851771
0.851813
0.851855
0.851896
0.851937
0.851978
0.852018
0.852059
0.852099
0.852138
0.852178
0.852217
0.852257
0.852295
0.852334
0.852373
0.852411
0.852449
0.852487
0.852524
0.852561
0.852598
0.852635
0.852672
0.852708
0.852744
0.852780
0.852816
0.852851
0.852887
0.852922
0.852957
0.852991
0.853025
0.853059
0.853093
0.853127
0.853160
0.853194
0.853227
0.853259
0.853292
0.853324
0.853356
0.853388
0.853420
0.853451
0.853482
0.853513
0.853544
0.853575
0.853605
0.853635
0.853665
0.853694
0.853724
0.853753
0.853782
0.853811
0.853839
0.853868
0.853896
0.853924
0.853951
0.853979
0.854006
0.854033
0.854060
0.854087
0.854113
0.854139
0.854165
0.854191
0.854216
0.854242
0.854267
0.854292
0.854316
0.854341
0.854365
0.854389
0.854413
0.854436
0.854460
0.854483
0.854506
0.854529
0.854551
0.854574
0.854596
0.854618
0.854639
0.854661
0.854682
0.854703
0.854724
0.854745
0.854765
0.854786
0.854806
0.854826
0.854845
0.854865
0.854884
0.854903
0.854922
0.854940
0.854959
0.854977
0.854995
0.854995
0.855013
0.855030
0.855048
0.855065
0.855082
0.855099
0.855115
0.855132
0.855148
0.855164
0.855179
0.855195
0.855210
0.855226
0.855241
0.855255
0.855270
0.855284
0.855298
0.855312
0.855326
0.855340
0.855353
0.855366
0.855379
0.855392
0.855404
0.855417
0.855429
0.855441
0.855453
0.855464
0.855476
0.855487
0.855498
0.855509
0.855519
0.855530
0.855540
0.855550
0.855560
0.855569
0.855579
0.855588
0.855597
0.855606
0.855614
0.855623
0.855631
0.855639
0.855647
0.855655
0.855662
0.855669
0.855676
0.855683
0.855690
0.855697
0.855703
0.855709
0.855715
0.855721
0.855726
0.855731
0.855737
0.855742
0.855746
0.855751
0.855755
0.855759
0.855763
0.855767
0.855771
0.855774
0.855778
0.855781
0.855783
0.855786
0.855789
0.855791
0.855793
0.855795
0.855796
0.855798
0.855799
0.855800
0.855801
0.855802
0.855803
0.855803
0.855803
0.855803
0.855803
0.855803
0.855802
0.855801
0.855800
0.855799
0.855798
0.855796
0.855795
0.855793
0.855791
0.855788
0.855786
0.855783
0.855780
0.855777
0.855774
0.855771
0.855767
0.855763
0.855759
0.855755
0.855751
0.855746
0.855742
0.855737
0.855732
0.855726
0.855721
0.855715
0.855709
0.855703
0.855697
0.855691
0.855684
0.855677
0.855670
0.855663
0.855656
0.855648
0.855641
0.855633
0.855625
0.855616
0.855608
0.855599
0.855590
0.855581
0.855572
0.855563
0.855553
0.855543
0.855533
0.855523
0.855513
0.855502
0.855491
0.855481
0.855469
0.855458
0.855447
0.855435
0.855423
0.855411
0.855399
0.855386
0.855374
0.855361
0.855348
0.855335
0.855321
0.855308
0.855294
0.855280
0.855266
0.855251
0.855237
0.855222
0.855207
0.855192
0.855177
0.855161
0.855145
0.855129
0.855113
0.855097
0.855080
0.855064
0.855047
0.855030
0.855012
0.854995
0.854977
0.854959
0.854941
0.854922
0.854904
0.854885
0.854866
0.854847
0.854827
0.854807
0.854788
0.854767
0.854747
0.854727
0.854706
0.854685
0.854663
0.854642
0.854620
0.854598
0.854576
0.854554
0.854531
0.854508
0.854485
0.854461
0.854438
0.854414
0.854390
0.854365
0.854341
0.854316
0.854290
0.854265
0.854239
0.854213
0.854187
0.854160
0.854133
0.854106
0.854079
0.854051
0.854023
0.853995
0.853966
0.853937
0.853908
0.853878
0.853849
0.853818
0.853788
0.853757
0.853726
0.853695
0.853663
0.853631
0.853598
0.853565
0.853532
0.853499
0.853465
0.853431
0.853396
0.853361
0.853326
0.853290
0.853254
0.853217
0.853181
0.853143
0.853106
0.853068
0.853029
0.852991
0.852952
0.852912
0.852872
0.852832
0.852791
0.852750
0.852708
0.852666
0.852623
0.852580
0.852537
0.852493
0.852449
0.852405
0.852360
0.852314
0.852268
0.852222
0.852175
0.852128
0.852080
0.852032
0.851984
0.851935
0.851885
0.851836
0.851785
0.851735
0.851683
0.851632
0.851580
0.851527
0.851474
0.851421
0.851367
0.851313
0.851259
0.851204
0.851148
0.851092
0.851036
0.850979
0.850922
0.850865
0.850807
0.850749
0.850690
0.850631
0.850572
0.850512
0.850452
0.850391
0.850330
0.850269
0.850207
0.850145
0.850083
0.850020
0.849957
0.849894
0.849831
0.849767
0.849703
0.849638
0.849573
0.849508
0.849443
0.849378
0.849312
0.849246
0.849179
0.849113
0.849046
0.848979
0.848912
0.848845
0.848778
0.848710
0.848642
0.848574
0.848506
0.848438
0.848370
0.848301
0.848233
0.848164
0.848096
0.848027
0.847958
0.847889
0.847820
0.847751
0.847682
0.847614
0.847545
0.847476
0.847407
0.847338
0.847269
0.847201
0.847132
0.847063
0.846995
0.846927
0.846858
0.846790
0.846722
0.846654
0.846587
0.846519
0.846452
0.846385
0.846318
0.846251
0.846185
0.846119
0.846052
0.845987
0.845921
0.845856
0.845791
0.845726
0.845662
0.845598
0.845534
0.845471
0.845408
0.845345
0.845283
0.845220
0.845159
0.845098
0.845037
0.844976
0.844916
0.844856
0.844797
0.844738
0.844680
0.844622
0.844564
0.844507
0.844450
0.844394
0.844338
0.844283
0.844228
0.844174
0.844120
0.844067
0.844014
0.843962
0.843910
0.843859
0.843808
0.843757
0.843708
0.843658
0.843610
0.843562
0.843514
0.843467
0.843420
0.843374
0.843329
0.843284
0.843240
0.843196
0.843153
0.843110
0.843068
0.843026
0.842985
0.842945
0.842905
0.842865
0.842827
0.842788
0.842751
0.842714
0.842677
0.842641
0.842606
0.842571
0.842536
0.842503
0.842470
0.842437
0.842405
0.842373
0.842342
0.842312
0.842282
0.842253
0.842224
0.842196
0.842168
0.842141
0.842114
0.842088
0.842063
0.842038
0.842013
0.841989
0.841966
0.841943
0.841920
0.841899
0.841877
0.841856
0.841836
0.841816
0.841797
0.841778
0.841759
0.841741
0.841724
0.841707
0.841690
0.841674
0.841659
0.841643
0.841629
0.841615
0.841601
0.841587
0.841574
0.841562
0.841550
0.841538
0.841527
0.841516
0.841506
0.841496
0.841486
0.841477
0.841468
0.841459
0.841451
0.841444
0.841436
0.841436
0.841429
0.841423
0.841416
0.841410
0.841405
0.841399
0.841394
0.841390
0.841385
0.841381
0.841378
0.841374
0.841371
0.841368
0.841366
0.841364
0.841362
0.841360
0.841358
0.841357
0.841356
0.841355
0.841355
0.841355
0.841354
0.841355
0.841355
0.841356
0.841356
0.841357
0.841359
0.841360
0.841361
0.841363
0.841365
0.841367
0.841369
0.841372
0.841374
0.841377
0.841379
0.841382
0.841385
0.841388
0.841392
0.841395
0.841398
0.841402
0.841405
0.841409
0.841413
0.841417
0.841421
0.841424
0.841428
0.841432
0.841437
0.841441
0.841445
0.841449
0.841453
0.841458
0.841461
0.841466
0.841469
0.841476
0.841475
0.841488
0.841477
0.841507
0.841468
0.841545
0.841424
0.841643
0.841272
0.841925
0.840794
0.842703
0.839560
0.843890
0.839285
0.843802
0.839582
0.844142
0.839733
0.843099
0.839373
0.843548
0.839804
0.843859
0.840597
0.844822
0.841073
0.844785
0.841086
0.844943
0.841239
0.845112
0.841661
0.845675
0.842209
0.846148
0.842684
0.846584
0.843024
0.846810
0.843202
0.846914
0.843244
0.846874
0.843174
0.846746
0.843015
0.846531
0.842790
0.846270
0.842532
0.845992
0.842271
0.845723
0.842022
0.845468
0.841788
0.845234
0.841573
0.845021
0.841379
0.844833
0.841210
0.844672
0.841069
0.844541
0.840957
0.844442
0.840874
0.844374
0.840820
0.844336
0.840794
0.844327
0.840795
0.844344
0.840818
0.844384
0.840861
0.844443
0.840920
0.844518
0.840992
0.844604
0.841073
0.844700
0.841161
0.844803
0.841254
0.844908
0.841349
0.845016
0.841444
0.845122
0.841537
0.845227
0.841626
0.845328
0.841711
0.845423
0.841791
0.845512
0.841863
0.845594
0.841928
0.845668
0.841984
0.845734
0.842032
0.845790
0.842071
0.845837
0.842100
0.845874
0.842120
0.845902
0.842131
0.845920
0.842132
0.845929
0.842124
0.845928
0.842108
0.845919
0.842082
0.845902
0.842049
0.845876
0.842008
0.845842
0.841960
0.845802
0.841905
0.845754
0.841843
0.845701
0.841776
0.845641
0.841703
0.845577
0.841626
0.845507
0.841544
0.845433
0.841458
0.845356
0.841368
0.845274
0.841276
0.845190
0.841180
0.845102
0.841082
0.845012
0.840981
0.844920
0.840878
0.844825
0.840773
0.844728
0.840666
0.844630
0.840558
0.844530
0.840448
0.844428
0.840337
0.844324
0.840224
0.844219
0.840110
0.844112
0.839994
0.844004
0.839877
0.843894
0.839759
0.843783
0.839639
0.843671
0.839518
0.843556
0.839396
0.843441
0.839273
0.843324
0.839148
0.843205
0.839022
0.843085
0.838894
0.842964
0.838766
0.842841
0.838636
0.842717
0.838505
0.842592
0.838373
0.842465
0.838240
0.842338
0.838105
0.842209
0.837970
0.842079
0.837835
0.841949
0.837698
0.841817
0.837561
0.841685
0.837423
0.841553
0.837285
0.841420
0.837147
0.841286
0.837008
0.841152
0.836869
0.841019
0.836730
0.840885
0.836591
0.840751
0.836453
0.840617
0.836314
0.840484
0.836176
0.840351
0.836038
0.840218
0.835901
0.840085
0.835764
0.839954
0.835628
0.839822
0.835492
0.839692
0.835358
0.839562
0.835223
0.839433
0.835090
0.839303
0.834956
0.839177
0.834826
0.839047
0.834690
0.838925
0.834568
0.838790
0.834422
0.838682
0.834322
0.838527
0.834141
0.838458
0.834113
0.838227
0.833812
0.838284
0.834049
0.837737
0.833452
0.838178
0.834329
0.836392
0.834394
0.837526
0.832538
0.837576
0.834423
0.834377
0.837602
0.833332
0.837455
0.833051
0.834081
0.834067
0.835358
0.833745
0.836300
0.830684
0.837210
0.834459
0.830992
0.838713
0.835022
0.830785
0.834487
0.831333
0.831380
0.833267
0.832283
0.835766
0.832280
0.837312
0.833630
0.835371
0.833185
0.835313
0.829565
0.834549
0.832055
0.830754
0.837226
0.835096
0.834021
0.836069
0.831218
0.835470
0.831819
0.834570
0.832693
0.836146
0.830237
0.834504
0.830591
0.829976
0.832921
0.828511
0.832982
0.829356
0.828932
0.832356
0.828634
0.833870
0.830601
0.829212
0.833017
0.828506
0.832994
0.828675
0.831279
0.827835
0.832592
0.828804
0.831129
0.828563
0.832637
0.827416
0.832266
0.828319
0.831555
0.828016
0.832768
0.828912
0.829196
0.830271
0.828639
0.831979
0.825952
0.833053
0.830034
0.826211
0.834705
0.830879
0.826672
0.830118
0.826967
0.826936
0.828613
0.827924
0.831553
0.828123
0.833545
0.830454
0.829894
0.831939
0.826748
0.830866
0.827467
0.825944
0.831557
0.829061
0.832170
0.828569
0.832618
0.827951
0.830940
0.826732
0.831980
0.828665
0.825565
0.829702
0.825975
0.825772
0.826035
0.824088
0.826801
0.821469
0.828816
0.826368
0.822576
0.830941
0.827017
0.822563
0.825899
0.822896
0.822821
0.824893
0.824061
0.828251
0.824639
0.830226
0.827370
0.826165
0.828838
0.823094
0.827188
0.823875
0.822655
0.827820
0.824847
0.829401
0.824528
0.829396
0.825954
0.825986
0.827546
0.823897
0.827455
0.822264
0.825490
0.820528
0.827086
0.824338
0.819688
0.819688
0.826446
0.823308
0.819628
0.824189
0.821922
0.820959
0.823668
0.820691
0.825246
0.821709
0.826073
0.821621
0.826545
0.823060
0.822046
0.824148
0.819654
0.824863
0.822754
0.820676
0.827110
0.825491
0.822602
0.826678
0.823069
0.821744
0.823812
0.819721
0.824634
0.821811
0.820749
0.824299
0.819002
0.823462
0.819967
0.817350
0.821956
0.819089
0.820602
0.819316
0.821597
0.816734
0.823092
0.821012
0.816852
0.825882
0.821679
0.817065
0.821079
0.818265
0.816307
0.819524
0.816979
0.821610
0.818460
0.823674
0.820033
0.822966
0.817875
0.822263
0.819089
0.816169
0.821489
0.819712
0.818522
0.822557
0.818293
0.822705
0.818294
0.822850
0.818114
0.822866
0.818703
0.819745
0.816665
0.819527
0.813117
0.819281
0.816931
0.812967
0.821170
0.817878
0.813631
0.817503
0.814842
0.813441
0.816424
0.813653
0.818563
0.815371
0.819706
0.815039
0.819971
0.816821
0.813830
0.817882
0.814653
0.815791
0.815177
0.817349
0.814112
0.819714
0.817677
0.815295
0.820857
0.818036
0.813173
0.817411
0.814248
0.810005
0.815913
0.814413
0.811442
0.816320
0.814051
0.811717
0.814810
0.810785
0.814482
0.810121
0.815281
0.812742
0.813446
0.814541
0.812305
0.815614
0.809186
0.817117
0.814513
0.810836
0.820298
0.816330
0.811840
0.814954
0.812020
0.811379
0.813505
0.811607
0.816136
0.812067
0.816844
0.812659
0.814962
0.809411
0.813694
0.810660
0.806290
0.813700
0.812125
0.809195
0.815219
0.813472
0.810452
0.814061
0.811114
0.812172
0.811194
0.812851
0.809183
0.813401
0.809809
0.810265
0.810360
0.809225
0.810090
0.804938
0.811143
0.809153
0.804516
0.816666
0.811232
0.807511
0.810475
0.807505
0.807570
0.805359
0.807337
0.805442
0.811464
0.809287
0.812736
0.807582
0.811637
0.807778
0.802004
0.809571
0.807159
0.804556
0.811279
0.810470
0.808262
0.812125
0.809403
0.811258
0.809337
0.812617
0.807346
0.812566
0.810013
0.805387
0.811756
0.808653
0.804069
0.808754
0.807000
0.804871
0.809449
0.807616
0.809717
0.808477
0.811130
0.805898
0.811229
0.808545
0.803466
0.810840
0.807137
0.802603
0.806837
0.804847
0.802926
0.806839
0.804582
0.808462
0.805116
0.810033
0.807080
0.806358
0.807375
0.802762
0.806625
0.803722
0.800991
0.806536
0.805316
0.802844
0.807446
0.804960
0.802506
0.806472
0.803103
0.806193
0.801581
0.806980
0.804651
0.799802
0.806976
0.803746
0.799485
0.804302
0.802391
0.799634
0.803609
0.801673
0.803648
0.803325
0.806066
0.802284
0.807602
0.805657
0.801271
0.808974
0.805563
0.800942
0.806602
0.804663
0.801917
0.806441
0.804952
0.805674
0.806938
0.805173
0.808027
0.801914
0.808245
0.804934
0.799717
0.807401
0.803439
0.799019
0.802847
0.801111
0.800178
0.804082
0.801823
0.806757
0.803261
0.807356
0.802173
0.805987
0.801657
0.801879
0.799634
0.801903
0.796161
0.804394
0.800960
0.796984
0.806964
0.803343
0.799205
0.802116
0.799248
0.798050
0.800461
0.798377
0.803423
0.800446
0.804185
0.798772
0.803671
0.800572
0.795190
0.801652
0.799170
0.795930
0.801518
0.800744
0.798968
0.803192
0.800875
0.803057
0.800683
0.804343
0.799151
0.803701
0.800857
0.798590
0.802066
0.797502
0.800833
0.795237
0.800976
0.799703
0.796498
0.803748
0.801525
0.797134
0.801649
0.799356
0.796002
0.799857
0.797747
0.797648
0.799101
0.796364
0.800308
0.796035
0.800164
0.794972
0.800896
0.798814
0.794149
0.801169
0.798444
0.794924
0.800646
0.799664
0.797310
0.801353
0.798985
0.799503
0.799108
0.799026
0.798225
0.798597
0.795927
0.799687
0.793259
0.800745
0.797188
0.792099
0.801253
0.796754
0.792644
0.797889
0.797070
0.795620
0.799537
0.797123
0.799807
0.796044
0.799996
0.796406
0.796638
0.795018
0.796080
0.791401
0.796702
0.795041
0.790458
0.801466
0.797557
0.793659
0.799215
0.797667
0.795224
0.797777
0.794991
0.798581
0.795598
0.800696
0.797965
0.797580
0.796935
0.794049
0.795896
0.788842
0.798362
0.794083
0.790125
0.800979
0.798100
0.794628
0.796574
0.793540
0.794752
0.795178
0.798299
0.797044
0.801281
0.795829
0.799330
0.794695
0.794184
0.792411
0.792916
0.789545
0.794336
0.792670
0.793547
0.797891
0.792255
0.801328
0.794630
0.787692
0.797493
0.793599
0.790373
0.793248
0.790714
0.790651
0.790969
0.791519
0.793386
0.792785
0.796280
0.790081
0.798295
0.792855
0.787769
0.796874
0.793693
0.790807
0.795302
0.794573
0.794900
0.798816
0.796850
0.801795
0.798228
0.800357
0.794465
0.798281
0.794810
0.789256
0.795256
0.792701
0.789195
0.794712
0.793715
0.791317
0.795557
0.793791
0.794074
0.795114
0.793017
0.796100
0.790265
0.796055
0.793431
0.788626
0.795710
0.792220
0.788067
0.792269
0.791014
0.789481
0.793865
0.792086
0.795148
0.792002
0.796121
0.792629
0.793249
0.790921
0.793341
0.786910
0.794952
0.794952
0.790399
0.786562
0.795556
0.793091
0.789887
0.793277
0.791133
0.790171
0.793322
0.790823
0.795912
0.793329
0.794361
0.791904
0.793871
0.787003
0.794225
0.789725
0.785986
0.794692
0.792689
0.789759
0.793615
0.791813
0.790647
0.794282
0.791651
0.796566
0.793329
0.795956
0.790551
0.795026
0.792145
0.787046
0.793535
0.791062
0.787807
0.793133
0.792167
0.789857
0.794037
0.792258
0.792912
0.793493
0.792409
0.794295
0.788977
0.795273
0.791935
0.786917
0.795370
0.791100
0.787085
0.791231
0.789877
0.788253
0.792508
0.790790
0.794199
0.790924
0.795192
0.791983
0.790696
0.791568
0.786674
0.791288
0.789127
0.784510
0.793185
0.790072
0.787136
0.792423
0.791001
0.788164
0.791720
0.789650
0.790778
0.790735
0.791557
0.789797
0.792094
0.785249
0.793963
0.788389
0.783246
0.792773
0.789052
0.785717
0.789024
0.787608
0.788293
0.791315
0.790571
0.795289
0.791140
0.795080
0.790720
0.791005
0.787082
0.789794
0.784208
0.789054
0.787628
0.786472
0.791743
0.789948
0.789525
0.790640
0.786071
0.791316
0.789408
0.784687
0.793252
0.788655
0.784235
0.788417
0.786238
0.783085
0.786652
0.785081
0.786299
0.787379
0.787430
0.789085
0.785578
0.790022
0.788043
0.784699
0.790855
0.788883
0.784334
0.791384
0.788590
0.785844
0.791499
0.790918
0.788609
0.792234
0.789495
0.789269
0.788724
0.787644
0.788306
0.784849
0.788815
0.785877
0.786345
0.786975
0.785358
0.788662
0.781122
0.791674
0.787830
0.784698
0.789722
0.790291
0.788446
0.783696
0.781610
0.780151
0.785636
0.784363
0.793351
0.790692
0.784232
0.789016
0.783851
0.779478
0.784085
0.784104
0.783793
0.789251
0.788331
0.791536
0.788642
0.792544
0.788546
0.790057
0.785351
0.789790
0.787555
0.783109
0.789757
0.787116
0.783599
0.789171
0.787624
0.784450
0.788558
0.787018
0.785250
0.788421
0.784645
0.788148
0.783421
0.787281
0.783551
0.786042
0.781285
0.786807
0.784751
0.780510
0.788248
0.785731
0.783070
0.787745
0.786393
0.783976
0.787407
0.784817
0.787172
0.784100
0.788260
0.785058
0.785837
0.783361
0.786226
0.779678
0.788261
0.783253
0.779971
0.787990
0.786196
0.783165
0.786385
0.784329
0.783487
0.786861
0.783925
0.789070
0.786990
0.784384
0.787092
0.782454
0.785193
0.779289
0.785448
0.783563
0.780514
0.788014
0.786313
0.783221
0.787477
0.785884
0.783425
0.787265
0.785157
0.786698
0.784958
0.787697
0.781795
0.788780
0.784509
0.780851
0.787120
0.785180
0.781555
0.785476
0.784159
0.782452
0.787308
0.786127
0.787743
0.786518
0.787797
0.782500
0.787446
0.784632
0.779661
0.788027
0.783654
0.780298
0.784458
0.783210
0.781518
0.785504
0.783472
0.787168
0.783413
0.788568
0.786378
0.781742
0.786470
0.783724
0.779409
0.784103
0.782759
0.780167
0.785041
0.784426
0.783069
0.786858
0.783717
0.786846
0.781730
0.787137
0.785032
0.780904
0.786977
0.784565
0.780901
0.785153
0.783793
0.781460
0.785682
0.784184
0.784787
0.785517
0.783716
0.786464
0.779909
0.788296
0.782723
0.779376
0.785472
0.783785
0.780137
0.783316
0.781677
0.780973
0.785492
0.783002
0.787889
0.784378
0.785590
0.780597
0.784192
0.781594
0.778053
0.783098
0.781958
0.778561
0.784662
0.782857
0.779568
0.784773
0.783606
0.780735
0.784881
0.783283
0.781225
0.784346
0.780630
0.784273
0.779569
0.784274
0.782343
0.780534
0.784255
0.780839
0.784398
0.778901
0.786675
0.783395
0.780948
0.786748
0.785383
0.781595
0.785003
0.782864
0.780197
0.784354
0.782636
0.782924
0.783248
0.780751
0.783608
0.776997
0.785527
0.780392
0.778061
0.783674
0.782532
0.779204
0.782595
0.781015
0.780289
0.785046
0.782282
0.786967
0.782798
0.784710
0.778100
0.784468
0.779949
0.776636
0.782244
0.781291
0.778340
0.782774
0.781552
0.779138
0.783897
0.782949
0.781483
0.784713
0.780304
0.783898
0.779465
0.783230
0.778103
0.783985
0.782017
0.778120
0.784546
0.782093
0.778948
0.783739
0.782603
0.779951
0.784124
0.782578
0.781110
0.784028
0.779280
0.783702
0.781461
0.778234
0.782578
0.781008
0.777660
0.782232
0.780891
0.777816
0.783366
0.782380
0.779278
0.784239
0.782603
0.779003
0.783076
0.781397
0.778419
0.782254
0.780443
0.779142
0.781978
0.777191
0.782978
0.780911
0.777102
0.783787
0.781232
0.778025
0.782160
0.780800
0.778579
0.782733
0.781057
0.782292
0.781693
0.782802
0.779065
0.782892
0.780273
0.777522
0.781720
0.779698
0.777324
0.780811
0.777440
0.780948
0.775516
0.785441
0.780647
0.775578
0.784274
0.779969
0.776567
0.778883
0.776418
0.777186
0.777620
0.779364
0.779150
0.782483
0.776223
0.785459
0.779599
0.775348
0.780880
0.780153
0.779293
0.780295
0.777518
0.783434
0.783675
0.787687
0.786458
0.788960
0.779955
0.785830
0.778041
0.775496
0.780049
0.778682
0.780170
0.778175
0.781246
0.781246
0.775814
0.786132
0.781692
0.777448
0.785217
0.780639
0.776602
0.778211
0.775381
0.777818
0.776956
0.782380
0.779368
0.784128
0.780475
0.781588
0.776777
0.780761
0.778693
0.775196
0.782591
0.780666
0.778841
0.783875
0.782492
0.779455
0.782992
0.780836
0.779706
0.782494
0.777222
0.783708
0.779589
0.776008
0.780730
0.779092
0.775615
0.779743
0.778511
0.776281
0.781483
0.781071
0.779439
0.783260
0.780257
0.781529
0.777977
0.782005
0.779239
0.780751
0.778958
0.782906
0.776257
0.785690
0.780344
0.774723
0.785111
0.781363
0.777578
0.780611
0.778908
0.779017
0.780901
0.779665
0.783813
0.779210
0.783854
0.781084
0.776525
0.780731
0.778249
0.774549
0.780260
0.779849
0.778351
0.784328
0.783987
0.781579
0.785230
0.782566
0.780949
0.782400
0.777001
0.782922
0.779412
0.775842
0.781170
0.779279
0.775648
0.779581
0.778076
0.775689
0.780495
0.779805
0.778805
0.782074
0.777320
0.781372
0.778711
0.776672
0.780018
0.775864
0.780151
0.776759
0.779668
0.774879
0.783043
0.778437
0.777154
0.781029
0.777574
0.781332
0.775977
0.780535
0.778757
0.777325
0.781508
0.778274
0.780537
0.774007
0.782007
0.776282
0.775057
0.779780
0.777762
0.780387
0.775161
0.781195
0.778958
0.776828
0.783595
0.781994
0.778081
0.781586
0.779173
0.775790
0.780611
0.780048
0.778059
0.782621
0.781012
0.778792
0.781979
0.777945
0.781978
0.777031
0.782711
0.781039
0.777895
0.783350
0.781255
0.777455
0.782562
0.780763
0.777676
0.782580
0.781195
0.777958
0.781892
0.779922
0.776874
0.780353
0.777989
0.777630
0.778937
0.775160
0.780677
0.778654
0.774659
0.782801
0.778213
0.776961
0.779813
0.775639
0.780449
0.778867
0.777715
0.781941
0.778207
0.782098
0.776342
0.779755
0.775589
0.777392
0.772980
0.779299
0.776552
0.773498
0.779878
0.777856
0.775058
0.779410
0.777778
0.774783
0.779339
0.778214
0.775743
0.780070
0.778294
0.775598
0.779018
0.776175
0.777516
0.775244
0.779559
0.774661
0.781320
0.778848
0.776227
0.781664
0.779621
0.775687
0.780862
0.778875
0.776113
0.781662
0.780389
0.776948
0.781018
0.778720
0.774817
0.778931
0.777314
0.774273
0.778923
0.777716
0.774894
0.779659
0.778497
0.775736
0.780637
0.779454
0.776559
0.781448
0.780046
0.776847
0.781646
0.780003
0.776581
0.781285
0.779541
0.776079
0.780661
0.778961
0.775587
0.780052
0.778443
0.775226
0.779595
0.778056
0.775043
0.779300
0.777765
0.775112
0.779126
0.777282
0.776063
0.779165
0.773458
0.781964
0.776163
0.775974
0.778818
0.774465
0.780253
0.776862
0.773431
0.779369
0.778452
0.775994
0.780209
0.777950
0.774273
0.777888
0.776226
0.774619
0.778462
0.774755
0.778924
0.773965
0.778838
0.776743
0.775315
0.779050
0.774544
0.779598
0.777598
0.775802
0.780168
0.777668
0.779284
0.775432
0.779726
0.777392
0.774677
0.779388
0.777530
0.774160
0.778757
0.776401
0.772710
0.778773
0.776370
0.774151
0.778581
0.777027
0.774913
0.778368
0.774574
0.778799
0.773096
0.781477
0.776252
0.776681
0.778370
0.774890
0.780043
0.778141
0.774760
0.783188
0.779676
0.779875
0.781946
0.776178
0.782786
0.777459
0.776966
0.780782
0.776292
0.783708
0.778189
0.776295
0.779317
0.774726
0.781109
0.778293
0.775241
0.780330
0.778961
0.775918
0.780496
0.778513
0.775038
0.779942
0.778383
0.775303
0.780243
0.778410
0.774923
0.779617
0.777844
0.774665
0.779586
0.778093
0.775034
0.779859
0.778299
0.775163
0.779892
0.778290
0.775149
0.779855
0.778239
0.775086
0.779773
0.778127
0.774952
0.779637
0.777971
0.774781
0.779469
0.777789
0.774590
0.779271
0.777587
0.774393
0.779060
0.777388
0.774219
0.778870
0.777224
0.774094
0.778733
0.777115
0.774031
0.778660
0.777067
0.774030
0.778648
0.777072
0.774076
0.778678
0.777107
0.774150
0.778722
0.777144
0.774234
0.778751
0.777157
0.774334
0.778739
0.777102
0.774531
0.778658
0.776709
0.775532
0.778740
0.772387
0.781837
0.777109
0.771242
0.780971
0.777213
0.774157
0.776853
0.774838
0.776781
0.776376
0.780715
0.775774
0.784863
0.777750
0.776092
0.778064
0.772848
0.778426
0.775799
0.774287
0.780899
0.781665
0.780458
0.784241
0.780414
0.779444
0.777452
0.777941
0.774102
0.779092
0.776421
0.772401
0.779242
0.773648
0.774355
0.772490
0.775389
0.769639
0.779682
0.776782
0.773510
0.777985
0.775755
0.776550
0.770084
0.772680
0.770965
0.774569
0.775683
0.780457
0.773154
0.781162
0.776725
0.771464
0.774295
0.777150
0.776630
0.776879
0.774638
0.779845
0.777774
0.787759
0.784489
0.781681
0.781753
0.773245
0.777050
0.773296
0.772298
0.778369
0.778282
0.780548
0.778425
0.781054
0.772868
0.781934
0.778676
0.774078
0.775289
0.776754
0.773555
0.772081
0.768720
0.773210
0.771608
0.780964
0.779590
0.776390
0.777928
0.772803
0.771801
0.771801
0.770337
0.774252
0.770855
0.782651
0.779330
0.776350
0.780976
0.777760
0.778027
0.772520
0.775806
0.773983
0.778621
0.775798
0.782931
0.777202
0.773391
0.774675
0.768706
0.774539
0.772391
0.771680
0.777104
0.775917
0.778213
0.774588
0.778538
0.775628
0.774561
0.777629
0.770827
0.780029
0.776659
0.770868
0.773975
0.774570
0.774678
0.772494
0.773057
0.771451
0.777916
0.777118
0.781549
0.774251
0.781706
0.774316
0.767133
0.776804
0.774726
0.775063
0.779596
0.778319
0.782424
0.778669
0.783936
0.781510
0.777780
0.780250
0.776348
0.774131
0.775263
0.770060
0.779454
0.773856
0.776666
0.776669
0.779648
0.773904
0.781126
0.773910
0.776823
0.774445
0.779585
0.776449
0.774643
0.774546
0.769458
0.776994
0.771234
0.774599
0.769981
0.776917
0.771640
0.771081
0.772701
0.769769
0.776781
0.774421
0.773054
0.777059
0.773670
0.776798
0.769571
0.778578
0.773982
0.769684
0.777695
0.776207
0.774893
0.776583
0.772766
0.777512
0.775963
0.779519
0.775913
0.781222
0.777507
0.773559
0.777730
0.776078
0.774494
0.779476
0.778281
0.779929
0.780160
0.781060
0.778856
0.782183
0.773089
0.784261
0.775963
0.773218
0.773236
0.775403
0.772252
0.768458
0.766851
0.768706
0.773132
0.777538
0.780144
0.778621
0.777641
0.768689
0.775289
0.769123
0.764473
0.776521
0.775629
0.774290
0.779527
0.779235
0.780931
0.781496
0.781538
0.780913
0.778946
0.777831
0.772475
0.774548
0.770220
0.769008
0.770997
0.766222
0.776343
0.772589
0.768724
0.778146
0.776351
0.775783
0.776148
0.772051
0.775348
0.772010
0.776032
0.770736
0.775969
0.771589
0.768453
0.771252
0.768443
0.772724
0.768854
0.778686
0.774489
0.778365
0.776638
0.780812
0.775937
0.779323
0.774515
0.779151
0.775402
0.780303
0.776030
0.779404
0.772606
0.780067
0.773792
0.776617
0.773995
0.778804
0.776007
0.777441
0.774204
0.778816
0.776337
0.777894
0.775480
0.779146
0.772269
0.781250
0.773638
0.776960
0.774672
0.779951
0.777463
0.777108
0.778263
0.775002
0.781750
0.777924
0.777337
0.779084
0.772194
0.780624
0.775145
0.771490
0.778159
0.778463
0.778501
0.779574
0.775432
0.780483
0.779371
0.778344
0.782267
0.777822
0.780313
0.772602
0.781783
0.777484
0.774065
0.784796
0.781574
0.781574
0.782965
0.779642
0.783944
0.781032
0.784625
0.778587
0.786711
0.778024
0.779313
0.775150
0.779372
0.776999
0.778742
0.778253
0.783051
0.777107
0.787429
0.782656
0.778618
0.777206
0.778984
0.775699
0.773120
0.772003
0.773414
0.776883
0.779165
0.781887
0.775839
0.780782
0.770742
0.773212
0.767729
0.777915
0.773726
0.777707
0.778496
0.783835
0.779434
0.787463
0.779834
0.781070
0.776439
0.779413
0.774501
0.775378
0.769631
0.777588
0.771789
0.776284
0.771783
0.779472
0.773929
0.774525
0.774280
0.775921
0.775470
0.779580
0.772416
0.783681
0.777168
0.775718
0.775861
0.778247
0.774934
0.770889
0.769032
0.771056
0.775592
0.780626
0.782856
0.783225
0.777845
0.778380
0.770901
0.775057
0.773439
0.775201
0.780472
0.777186
0.788406
0.781883
0.780973
0.784912
0.780100
0.783105
0.777791
0.776574
0.774736
0.775741
0.771623
0.776319
0.772054
0.769696
0.773089
0.768727
0.773969
0.771902
0.772406
0.776249
0.771648
0.781858
0.776733
0.770696
0.780445
0.775763
0.773721
0.776115
0.773415
0.777521
0.774318
0.780137
0.778635
0.777374
0.780081
0.774181
0.780343
0.775930
0.777686
0.779811
0.780318
0.784667
0.778093
0.787819
0.784464
0.777749
0.783444
0.781337
0.780296
0.776243
0.776471
0.774156
0.780142
0.778613
0.781300
0.774648
0.779419
0.771541
0.772867
0.770725
0.776987
0.776338
0.780367
0.777353
0.784235
0.780203
0.779144
0.780752
0.773898
0.782008
0.773412
0.774732
0.774190
0.777435
0.772383
0.779720
0.772331
0.776410
0.771976
0.780034
0.774668
0.774987
0.774002
0.775539
0.773991
0.778891
0.774457
0.780339
0.777496
0.776861
0.779416
0.772730
0.781970
0.777036
0.774206
0.780890
0.780357
0.780498
0.778752
0.777547
0.777528
0.777592
0.779641
0.774842
0.782790
0.772173
0.777058
0.773998
0.778432
0.774680
0.783422
0.779408
0.783457
0.781614
0.786255
0.780716
0.782445
0.773179
0.781317
0.775051
0.770297
0.779049
0.774976
0.775521
0.775964
0.775086
0.779044
0.774401
0.784259
0.776600
0.779304
0.775408
0.779356
0.776210
0.776498
0.777839
0.778352
0.783789
0.777231
0.788111
0.780736
0.777904
0.776888
0.778526
0.775537
0.772252
0.770755
0.772394
0.775873
0.779239
0.780111
0.778951
0.774310
0.774060
0.765315
0.774341
0.771928
0.771578
0.774612
0.781178
0.780626
0.779198
0.778656
0.778749
0.781835
0.780080
0.783042
0.775803
0.776142
0.767922
0.770789
0.767982
0.768252
0.772843
0.770187
0.780031
0.774518
0.778745
0.774421
0.779920
0.776122
0.773144
0.775847
0.775847
0.771786
0.776284
0.772866
0.776222
0.770448
0.778399
0.771193
0.774840
0.771087
0.777521
0.775685
0.774555
0.778741
0.775676
0.780759
0.777187
0.781108
0.775044
0.782759
0.775955
0.779369
0.775478
0.781580
0.779315
0.777787
0.781769
0.778201
0.783066
0.779101
0.782885
0.776444
0.784707
0.776963
0.780953
0.776576
0.783079
0.780268
0.778859
0.782430
0.778226
0.783863
0.781128
0.779696
0.782578
0.776607
0.784234
0.777117
0.781313
0.777009
0.784561
0.780615
0.780530
0.782247
0.778692
0.784564
0.781244
0.780008
0.783194
0.777039
0.785571
0.776917
0.781289
0.776906
0.784192
0.781080
0.780110
0.782972
0.777914
0.785698
0.779308
0.782142
0.777573
0.782913
0.779610
0.777750
0.781562
0.777398
0.784060
0.781316
0.780969
0.783793
0.777598
0.786785
0.778795
0.779028
0.782056
0.779044
0.784447
0.781124
0.779314
0.783335
0.778633
0.784896
0.780388
0.779649
0.780877
0.776192
0.784192
0.776761
0.782180
0.777415
0.784889
0.780597
0.780305
0.781257
0.778013
0.783336
0.780631
0.779965
0.783002
0.775893
0.784714
0.780504
0.774051
0.780656
0.780556
0.781639
0.780387
0.780906
0.779712
0.784197
0.777871
0.786922
0.779609
0.772270
0.779872
0.776292
0.778016
0.780597
0.781962
0.787509
0.783585
0.792568
0.782741
0.784822
0.777173
0.781398
0.777044
0.775719
0.779967
0.776818
0.785088
0.781117
0.781607
0.780513
0.778995
0.778673
0.774813
0.779131
0.776186
0.778899
0.775361
0.781997
0.775784
0.778758
0.772762
0.783144
0.777678
0.773309
0.782176
0.777342
0.778364
0.776528
0.777723
0.774035
0.778702
0.776054
0.775985
0.778205
0.772923
0.782371
0.775025
0.776810
0.780709
0.780071
0.785910
0.782912
0.785456
0.780913
0.789098
0.780730
0.784696
0.777656
0.783551
0.778476
0.778841
0.779563
0.778822
0.782903
0.775640
0.785417
0.780237
0.778073
0.779077
0.781049
0.778868
0.776670
0.775900
0.777561
0.780393
0.782798
0.782771
0.781815
0.776582
0.778515
0.772875
0.779041
0.778286
0.783622
0.782761
0.790230
0.787449
0.786854
0.788764
0.780756
0.788833
0.780548
0.772946
0.779623
0.775506
0.774205
0.774146
0.771083
0.775285
0.771705
0.776951
0.773718
0.776425
0.770726
0.779234
0.771845
0.778098
0.775845
0.783561
0.782596
0.782431
0.785276
0.779506
0.788421
0.779235
0.783507
0.778120
0.783304
0.779941
0.778170
0.781539
0.776898
0.785581
0.779432
0.783441
0.777967
0.784492
0.779123
0.779756
0.779667
0.781353
0.780349
0.784632
0.776986
0.786863
0.781688
0.779034
0.779690
0.782475
0.780284
0.778671
0.777703
0.779334
0.780610
0.783756
0.778977
0.783080
0.775674
0.774811
0.773758
0.777268
0.775082
0.786634
0.780392
0.788380
0.786186
0.789490
0.782533
0.786474
0.780576
0.779293
0.781448
0.776326
0.783484
0.774707
0.777940
0.772124
0.779419
0.774983
0.776929
0.776413
0.780427
0.775724
0.785693
0.776923
0.781603
0.777195
0.783688
0.780279
0.779189
0.782525
0.778328
0.787232
0.780829
0.784829
0.779213
0.785606
0.780329
0.780755
0.781119
0.781810
0.783768
0.781086
0.786004
0.782283
0.783424
0.781026
0.785109
0.777591
0.787514
0.782394
0.778547
0.786721
0.785021
0.783265
0.783801
0.778398
0.782911
0.780082
0.779256
0.781114
0.774628
0.782779
0.773729
0.779509
0.777131
0.784701
0.783882
0.784848
0.786930
0.783636
0.789414
0.785389
0.784600
0.785404
0.779539
0.787161
0.777616
0.783630
0.781194
0.785388
0.780730
0.787033
0.781575
0.782771
0.781199
0.784498
0.776998
0.785611
0.779077
0.774838
0.781314
0.780638
0.781136
0.781071
0.780337
0.783559
0.778935
0.789006
0.779033
0.781891
0.776638
0.783079
0.779801
0.781133
0.784840
0.783379
0.790519
0.786904
0.785668
0.786061
0.779127
0.787043
0.776537
0.782350
0.779994
0.784695
0.779865
0.786391
0.781013
0.782509
0.780940
0.784525
0.777144
0.786017
0.779410
0.773722
0.784437
0.779725
0.781005
0.781600
0.781860
0.784206
0.781626
0.786499
0.782728
0.783449
0.779778
0.783419
0.778109
0.783899
0.781693
0.786105
0.782898
0.791476
0.783656
0.787971
0.780950
0.788596
0.780778
0.783569
0.777729
0.784105
0.779322
0.779815
0.779374
0.779684
0.778932
0.780760
0.775408
0.785377
0.780291
0.774640
0.786749
0.783607
0.781358
0.785232
0.784161
0.787992
0.783975
0.787924
0.783418
0.783540
0.778617
0.781355
0.776471
0.780469
0.775269
0.787237
0.782241
0.783231
0.789084
0.785681
0.790403
0.786135
0.787485
0.783415
0.787704
0.783126
0.783147
0.778617
0.781912
0.776658
0.781538
0.776917
0.783322
0.780698
0.782604
0.780768
0.784693
0.776954
0.786397
0.782010
0.776203
0.782531
0.781099
0.781038
0.778813
0.779736
0.777450
0.782853
0.779389
0.783268
0.775764
0.784606
0.775802
0.781401
0.779581
0.788394
0.787762
0.787889
0.791209
0.785024
0.792803
0.792803
0.783029
0.786544
0.780430
0.785142
0.781820
0.781146
0.783659
0.779399
0.788278
0.780397
0.785554
0.780653
0.785452
0.781718
0.783720
0.780001
0.786107
0.783515
0.783969
0.785284
0.780601
0.786089
0.780056
0.783303
0.778463
0.788976
0.779928
0.785466
0.781593
0.786927
0.782689
0.786574
0.780032
0.787397
0.780841
0.784493
0.779012
0.785998
0.780183
0.782757
0.779930
0.786072
0.783949
0.785895
0.784209
0.788457
0.780867
0.790574
0.785952
0.781068
0.787767
0.786554
0.787865
0.784487
0.787619
0.782010
0.790629
0.782804
0.786179
0.779454
0.784059
0.780404
0.780575
0.785060
0.782276
0.792797
0.785014
0.790227
0.784880
0.789158
0.784470
0.786802
0.781260
0.789826
0.782756
0.787741
0.781973
0.788019
0.782815
0.782407
0.783061
0.781748
0.786447
0.779563
0.789727
0.783570
0.777529
0.787916
0.782223
0.783795
0.783308
0.785842
0.783764
0.788537
0.783207
0.786952
0.780784
0.784378
0.778908
0.784010
0.781031
0.786779
0.781918
0.793343
0.784125
0.788793
0.783575
0.788906
0.784949
0.783271
0.785349
0.780009
0.788648
0.779895
0.784790
0.780170
0.784908
0.780778
0.785281
0.780105
0.789064
0.783507
0.788233
0.782825
0.789480
0.783462
0.784505
0.782512
0.787035
0.780907
0.791236
0.781364
0.786363
0.782008
0.787981
0.784930
0.784238
0.786730
0.782401
0.790975
0.782981
0.787499
0.781490
0.786824
0.783126
0.782925
0.785346
0.782041
0.789610
0.784110
0.787442
0.781286
0.790181
0.780359
0.785380
0.781781
0.787629
0.783782
0.788567
0.782982
0.787809
0.783676
0.785623
0.780568
0.786667
0.781298
0.784257
0.780551
0.788525
0.783382
0.787333
0.781967
0.791811
0.782652
0.787885
0.783513
0.788571
0.783943
0.787785
0.781102
0.788953
0.781876
0.786308
0.780733
0.787931
0.782497
0.784727
0.782446
0.788027
0.783725
0.789092
0.784399
0.788991
0.782139
0.791547
0.782111
0.787716
0.784189
0.789495
0.784337
0.789384
0.785411
0.786712
0.783703
0.787749
0.780551
0.788205
0.779804
0.785623
0.782139
0.787887
0.783110
0.788950
0.785603
0.787558
0.784761
0.788967
0.781679
0.788094
0.780873
0.785583
0.779747
0.789980
0.781492
0.786950
0.782846
0.789072
0.785887
0.786462
0.784223
0.787085
0.779392
0.788572
0.785111
0.777700
0.785627
0.785696
0.786059
0.786601
0.785472
0.789385
0.783826
0.793466
0.781708
0.784788
0.779538
0.784168
0.781290
0.787381
0.784040
0.794733
0.788714
0.793016
0.785931
0.790938
0.784215
0.783827
0.783090
0.785146
0.781965
0.787323
0.782769
0.784404
0.779891
0.786402
0.780566
0.784891
0.779167
0.790783
0.783460
0.781806
0.786765
0.781939
0.786351
0.781728
0.783399
0.779070
0.785121
0.780548
0.781979
0.779113
0.784115
0.779589
0.785886
0.782883
0.788486
0.782355
0.793411
0.786587
0.781337
0.790760
0.785610
0.787481
0.784656
0.788243
0.781965
0.789671
0.781748
0.785980
0.780488
0.786961
0.783490
0.784747
0.786824
0.786966
0.791884
0.784452
0.794134
0.790153
0.781529
0.789012
0.788300
0.787830
0.787633
0.785955
0.788866
0.783544
0.790607
0.781283
0.783526
0.777070
0.783179
0.780929
0.783558
0.787584
0.787871
0.793517
0.786253
0.794815
0.783030
0.787605
0.783977
0.786442
0.782644
0.787440
0.783729
0.787107
0.781098
0.790108
0.779243
0.783580
0.779991
0.784424
0.780157
0.787021
0.784133
0.785237
0.786537
0.784517
0.787840
0.779484
0.789281
0.783507
0.778733
0.790476
0.785801
0.788488
0.786879
0.790601
0.785776
0.791510
0.786745
0.785840
0.785526
0.782956
0.786483
0.779851
0.791395
0.785797
0.784101
0.792677
0.791009
0.790261
0.791770
0.787369
0.792547
0.788717
0.788338
0.786755
0.785654
0.783389
0.785724
0.779395
0.790282
0.786809
0.781982
0.790566
0.790225
0.790273
0.789540
0.788147
0.789334
0.785217
0.788761
0.783141
0.783426
0.778355
0.784296
0.781894
0.785476
0.787388
0.792745
0.787719
0.798677
0.786550
0.791387
0.787338
0.791802
0.786485
0.790128
0.784664
0.789502
0.785388
0.788774
0.781865
0.789384
0.780981
0.785994
0.782567
0.789281
0.787482
0.789235
0.788383
0.791562
0.785430
0.795358
0.784075
0.789869
0.787711
0.791110
0.788100
0.793072
0.789206
0.794028
0.787828
0.796338
0.786795
0.790463
0.785160
0.790190
0.787249
0.790154
0.786910
0.792721
0.789381
0.790098
0.788136
0.790870
0.783686
0.794318
0.786796
0.785649
0.792974
0.791162
0.793838
0.788719
0.794106
0.790466
0.790666
0.790578
0.788088
0.789966
0.781868
0.791861
0.786814
0.782974
0.793046
0.791988
0.791748
0.793067
0.789717
0.793981
0.788564
0.792353
0.786468
0.789338
0.782945
0.789927
0.786247
0.790364
0.789621
0.795937
0.791640
0.796521
0.790924
0.795494
0.790116
0.794465
0.788570
0.793567
0.789679
0.792034
0.787814
0.793454
0.789210
0.789855
0.788873
0.791503
0.785494
0.785494
0.796042
0.784674
0.791296
0.789671
0.793702
0.789568
0.794405
0.790673
0.792116
0.789930
0.793862
0.785749
0.795053
0.783679
0.789893
0.788496
0.793294
0.790107
0.795755
0.792480
0.794079
0.791614
0.795409
0.787329
0.796174
0.785362
0.791945
0.790552
0.794108
0.792161
0.796641
0.790252
0.797412
0.791167
0.794226
0.788595
0.794459
0.789237
0.790319
0.789864
0.793930
0.788217
0.798852
0.787166
0.792916
0.790454
0.794421
0.789837
0.795114
0.791799
0.792689
0.792781
0.792758
0.790506
0.791859
0.784091
0.794127
0.788909
0.785416
0.794907
0.794949
0.794996
0.795700
0.792277
0.796029
0.788836
0.794024
0.787001
0.787557
0.783757
0.788781
0.785774
0.792012
0.787556
0.798747
0.790192
0.795762
0.791634
0.795551
0.789620
0.794597
0.790938
0.791534
0.791292
0.791428
0.789045
0.791704
0.783706
0.794045
0.790454
0.785321
0.794678
0.795121
0.795398
0.794847
0.792872
0.793985
0.788556
0.792435
0.786516
0.785413
0.784465
0.786261
0.785349
0.792318
0.788995
0.797566
0.794094
0.796906
0.791947
0.796881
0.791705
0.791828
0.790546
0.792668
0.785779
0.794942
0.781829
0.788307
0.785566
0.788531
0.787155
0.791305
0.785386
0.794075
0.786185
0.791240
0.786499
0.791184
0.787256
0.790073
0.786185
0.793718
0.790469
0.792511
0.791082
0.794617
0.787431
0.797927
0.787283
0.794065
0.792586
0.797283
0.792316
0.796910
0.792788
0.793290
0.792142
0.793821
0.787489
0.794731
0.785298
0.791310
0.789046
0.794401
0.790026
0.797284
0.792722
0.794357
0.792490
0.795738
0.787573
0.796372
0.784723
0.790582
0.788960
0.792892
0.789819
0.794605
0.790217
0.794590
0.788414
0.796963
0.788381
0.792639
0.788048
0.793958
0.791439
0.793522
0.791856
0.796396
0.789437
0.798588
0.787955
0.793473
0.790964
0.794736
0.791200
0.796606
0.793087
0.795610
0.791199
0.796448
0.791388
0.791483
0.789884
0.793581
0.787457
0.799130
0.788978
0.794266
0.791223
0.798003
0.794379
0.793377
0.794462
0.791106
0.795517
0.789597
0.793276
0.786344
0.793275
0.788259
0.792494
0.789409
0.797212
0.793652
0.794859
0.793661
0.796109
0.789201
0.798537
0.786604
0.793261
0.791496
0.794348
0.793202
0.796686
0.790283
0.799426
0.789783
0.795188
0.791472
0.794981
0.789492
0.794956
0.791981
0.793394
0.794435
0.794570
0.794368
0.791887
0.794847
0.787020
0.797809
0.794275
0.788150
0.798036
0.798593
0.798367
0.798143
0.794598
0.796298
0.788738
0.793636
0.785686
0.786697
0.783108
0.789001
0.787766
0.792902
0.791266
0.799274
0.796139
0.796628
0.795479
0.795788
0.791762
0.795783
0.789752
0.795307
0.791287
0.794842
0.788873
0.797823
0.788395
0.793795
0.790307
0.795182
0.789503
0.793839
0.789299
0.790106
0.787568
0.791740
0.785230
0.793827
0.785975
0.792295
0.789967
0.796210
0.792257
0.797741
0.793714
0.797772
0.791613
0.798941
0.791387
0.794425
0.789657
0.796210
0.793044
0.793757
0.795103
0.794138
0.797516
0.789997
0.800586
0.789275
0.794281
0.791775
0.798715
0.796131
0.796904
0.796011
0.797858
0.792433
0.797400
0.790463
0.792021
0.787658
0.794628
0.791352
0.794166
0.793422
0.798888
0.792003
0.801099
0.789986
0.795253
0.792276
0.795294
0.791349
0.795916
0.791421
0.794846
0.788820
0.797254
0.788648
0.793335
0.789483
0.795811
0.793399
0.796982
0.793087
0.799250
0.795188
0.795631
0.794253
0.796527
0.790770
0.800010
0.790515
0.797680
0.795926
0.799149
0.796317
0.800462
0.793944
0.799273
0.794845
0.796107
0.792712
0.796504
0.789763
0.795976
0.791831
0.795378
0.792791
0.798846
0.794863
0.796973
0.792552
0.798938
0.794193
0.796165
0.792734
0.798064
0.793689
0.797332
0.791139
0.801931
0.791214
0.797092
0.794792
0.798669
0.794354
0.799200
0.794947
0.796823
0.792848
0.797903
0.793455
0.795754
0.791553
0.799381
0.794972
0.799522
0.795601
0.804117
0.797715
0.801015
0.795567
0.802483
0.796695
0.798036
0.794647
0.799206
0.793287
0.798109
0.793492
0.797912
0.792091
0.801608
0.793192
0.798782
0.795135
0.800964
0.796617
0.800481
0.793947
0.800502
0.795062
0.797032
0.793918
0.798817
0.793775
0.798969
0.794179
0.800551
0.797154
0.801121
0.795384
0.803623
0.795639
0.800280
0.795228
0.801854
0.797617
0.797637
0.797010
0.797768
0.795028
0.799056
0.790988
0.802051
0.791197
0.797430
0.795847
0.802754
0.799076
0.803771
0.797605
0.802741
0.797694
0.797703
0.793809
0.797075
0.790058
0.798898
0.791568
0.798385
0.795817
0.801946
0.797330
0.802062
0.796643
0.801501
0.796156
0.800594
0.794607
0.799063
0.794174
0.798796
0.793254
0.801209
0.795958
0.799408
0.795600
0.801586
0.797537
0.798498
0.796421
0.800802
0.793589
0.803806
0.792500
0.798607
0.796961
0.800887
0.797612
0.802384
0.797147
0.801336
0.794700
0.801017
0.795031
0.796726
0.793763
0.793763
