-0.722252
-0.715401
-0.717347
-0.718742
-0.719739
-0.720416
-0.720806
-0.720943
-0.720878
-0.720672
-0.720375
-0.720017
-0.719616
-0.719183
-0.718728
-0.718259
-0.717784
-0.717306
-0.716831
-0.716359
-0.715891
-0.715426
-0.714965
-0.714509
-0.714057
-0.713604
-0.713146
-0.712680
-0.712203
-0.711714
-0.711213
-0.710698
-0.710168
-0.709621
-0.709056
-0.708469
-0.707860
-0.707225
-0.706563
-0.705871
-0.705145
-0.704384
-0.703584
-0.702743
-0.701857
-0.700926
-0.699946
-0.698915
-0.697829
-0.696684
-0.695469
-0.694170
-0.692767
-0.691232
-0.689527
-0.687618
-0.685491
-0.683167
-0.680700
-0.678120
-0.675370
-0.672377
-0.669087
-0.665458
-0.661446
-0.657010
-0.652123
-0.646767
-0.640951
-0.634728
-0.628216
-0.621616
-0.615207
-0.609300
-0.604171
-0.599982
-0.596737
-0.594319
-0.592559
-0.591292
-0.590388
-0.589745
-0.589292
-0.588975
-0.588758
-0.588614
-0.588524
-0.588475
-0.588456
-0.588461
-0.588486
-0.588526
-0.588580
-0.588646
-0.588724
-0.588812
-0.588911
-0.589021
-0.589143
-0.589277
-0.589423
-0.589582
-0.589755
-0.589943
-0.590144
-0.590359
-0.590588
-0.590828
-0.591078
-0.591335
-0.591594
-0.591855
-0.592114
-0.592370
-0.592624
-0.592876
-0.593130
-0.593390
-0.593659
-0.593938
-0.594229
-0.594533
-0.594851
-0.595183
-0.595529
-0.595889
-0.596263
-0.596650
-0.597049
-0.597458
-0.597876
-0.598301
-0.598730
-0.599160
-0.599584
-0.599995
-0.600384
-0.600740
-0.601052
-0.601312
-0.601522
-0.601693
-0.601845
-0.601993
-0.602145
-0.602303
-0.602468
-0.602641
-0.602825
-0.603021
-0.603229
-0.603450
-0.603680
-0.603919
-0.604166
-0.604422
-0.604686
-0.604958
-0.605238
-0.605524
-0.605817
-0.606115
-0.606416
-0.606720
-0.607026
-0.607333
-0.607641
-0.607950
-0.608259
-0.608568
-0.608878
-0.609190
-0.609505
-0.609830
-0.610177
-0.610517
-0.610815
-0.611105
-0.611401
-0.611700
-0.612001
-0.612288
-0.612530
-0.612741
-0.612945
-0.613146
-0.613453
-0.613731
-0.614080
-0.614360
-0.614730
-0.614932
-0.615365
-0.615523
-0.615964
-0.616189
-0.616410
-0.616702
-0.617009
-0.617316
-0.617627
-0.617897
-0.618108
-0.618321
-0.618568
-0.618839
-0.619107
-0.619371
-0.619635
-0.619895
-0.620151
-0.620405
-0.620656
-0.620903
-0.621147
-0.621387
-0.621622
-0.621854
-0.622081
-0.622303
-0.622520
-0.622733
-0.622940
-0.623142
-0.623339
-0.623530
-0.623716
-0.623895
-0.624069
-0.624236
-0.624397
-0.624551
-0.624699
-0.624840
-0.624974
-0.625101
-0.625220
-0.625331
-0.625434
-0.625528
-0.625613
-0.625688
-0.625754
-0.625810
-0.625856
-0.625892
-0.625918
-0.625934
-0.625941
-0.625940
-0.625929
-0.625910
-0.625883
-0.625848
-0.625805
-0.625756
-0.625699
-0.625636
-0.625568
-0.625493
-0.625412
-0.625327
-0.625236
-0.625140
-0.625040
-0.624935
-0.624826
-0.624712
-0.624594
-0.624472
-0.624346
-0.624216
-0.624082
-0.623944
-0.623802
-0.623656
-0.623506
-0.623351
-0.623193
-0.623030
-0.622863
-0.622692
-0.622517
-0.622337
-0.622154
-0.621968
-0.621779
-0.621589
-0.621399
-0.621211
-0.621026
-0.620845
-0.620670
-0.620501
-0.620338
-0.620179
-0.620024
-0.619873
-0.619724
-0.619578
-0.619434
-0.619293
-0.619155
-0.619019
-0.618887
-0.618759
-0.618634
-0.618512
-0.618395
-0.618282
-0.618173
-0.618067
-0.617965
-0.617864
-0.617765
-0.617665
-0.617563
-0.617455
-0.617339
-0.617213
-0.617074
-0.616922
-0.616755
-0.616573
-0.616379
-0.616173
-0.615957
-0.615734
-0.615506
-0.615273
-0.615037
-0.614798
-0.614559
-0.614318
-0.614077
-0.613836
-0.613595
-0.613353
-0.613112
-0.612870
-0.612627
-0.612384
-0.612140
-0.611895
-0.611649
-0.611401
-0.611151
-0.610900
-0.610648
-0.610393
-0.610136
-0.609878
-0.609617
-0.609354
-0.609089
-0.608821
-0.608550
-0.608277
-0.608001
-0.607723
-0.607441
-0.607156
-0.606868
-0.606577
-0.606283
-0.605985
-0.605684
-0.605379
-0.605071
-0.604759
-0.604443
-0.604124
-0.603802
-0.603475
-0.603145
-0.602811
-0.602473
-0.602132
-0.601786
-0.601437
-0.601085
-0.600728
-0.600368
-0.600004
-0.599636
-0.599265
-0.598890
-0.598512
-0.598130
-0.597744
-0.597355
-0.596962
-0.596566
-0.596167
-0.595764
-0.595358
-0.594949
-0.594536
-0.594121
-0.593702
-0.593280
-0.592855
-0.592428
-0.591997
-0.591563
-0.591127
-0.590688
-0.590247
-0.589802
-0.589355
-0.588906
-0.588455
-0.588001
-0.587544
-0.587086
-0.586625
-0.586163
-0.585698
-0.585232
-0.584764
-0.584294
-0.583822
-0.583349
-0.582875
-0.582398
-0.581921
-0.581442
-0.580962
-0.580480
-0.579997
-0.579513
-0.579028
-0.578542
-0.578054
-0.577565
-0.577075
-0.576583
-0.576090
-0.575596
-0.575101
-0.574603
-0.574105
-0.573605
-0.573103
-0.572600
-0.572095
-0.571588
-0.571080
-0.570570
-0.570059
-0.569546
-0.569031
-0.568514
-0.567996
-0.567477
-0.566955
-0.566432
-0.565908
-0.565382
-0.564854
-0.564325
-0.563794
-0.563262
-0.562729
-0.562194
-0.561658
-0.561120
-0.560581
-0.560041
-0.559499
-0.558957
-0.558413
-0.557867
-0.557321
-0.556774
-0.556225
-0.555675
-0.555124
-0.554572
-0.554019
-0.553465
-0.552910
-0.552354
-0.551797
-0.551238
-0.550679
-0.550119
-0.549557
-0.548995
-0.548432
-0.547868
-0.547302
-0.546736
-0.546169
-0.545601
-0.545031
-0.544461
-0.543890
-0.543318
-0.542745
-0.542745
-0.542171
-0.541596
-0.541020
-0.540443
-0.539865
-0.539286
-0.538706
-0.538125
-0.537543
-0.536960
-0.536376
-0.535791
-0.535205
-0.534618
-0.534030
-0.533441
-0.532851
-0.532260
-0.531668
-0.531075
-0.530481
-0.529885
-0.529289
-0.528692
-0.528093
-0.527494
-0.526893
-0.526291
-0.525688
-0.525084
-0.524479
-0.523872
-0.523265
-0.522656
-0.522047
-0.521436
-0.520823
-0.520210
-0.519596
-0.518980
-0.518363
-0.517745
-0.517125
-0.516504
-0.515882
-0.515259
-0.514635
-0.514009
-0.513382
-0.512753
-0.512124
-0.511492
-0.510860
-0.510226
-0.509591
-0.508954
-0.508317
-0.507677
-0.507036
-0.506394
-0.505751
-0.505106
-0.504459
-0.503811
-0.503161
-0.502511
-0.501858
-0.501204
-0.500549
-0.499891
-0.499233
-0.498573
-0.497911
-0.497248
-0.496583
-0.495916
-0.495248
-0.494578
-0.493907
-0.493233
-0.492559
-0.491882
-0.491204
-0.490524
-0.489843
-0.489159
-0.488474
-0.487787
-0.487099
-0.486409
-0.485717
-0.485023
-0.484327
-0.483629
-0.482930
-0.482229
-0.481526
-0.480821
-0.480114
-0.479406
-0.478695
-0.477983
-0.477268
-0.476552
-0.475834
-0.475114
-0.474392
-0.473668
-0.472942
-0.472214
-0.471484
-0.470752
-0.470018
-0.469282
-0.468544
-0.467804
-0.467062
-0.466318
-0.465572
-0.464824
-0.464073
-0.463321
-0.462567
-0.461810
-0.461051
-0.460291
-0.459528
-0.458763
-0.457996
-0.457227
-0.456456
-0.455682
-0.454907
-0.454129
-0.453349
-0.452568
-0.451783
-0.450997
-0.450209
-0.449418
-0.448626
-0.447831
-0.447034
-0.446235
-0.445434
-0.444630
-0.443825
-0.443017
-0.442207
-0.441395
-0.440581
-0.439765
-0.438947
-0.438126
-0.437304
-0.436479
-0.435652
-0.434824
-0.433993
-0.433160
-0.432325
-0.431488
-0.430648
-0.429807
-0.428964
-0.428119
-0.427272
-0.426423
-0.425571
-0.424718
-0.423863
-0.423007
-0.422148
-0.421287
-0.420425
-0.419561
-0.418695
-0.417827
-0.416957
-0.416086
-0.415213
-0.414338
-0.413462
-0.412584
-0.411705
-0.410824
-0.409942
-0.409058
-0.408173
-0.407286
-0.406398
-0.405509
-0.404618
-0.403727
-0.402834
-0.401940
-0.401045
-0.400149
-0.399252
-0.398354
-0.397456
-0.396556
-0.395656
-0.394755
-0.393854
-0.392952
-0.392050
-0.391147
-0.390244
-0.389341
-0.388437
-0.387534
-0.386630
-0.385727
-0.384824
-0.383921
-0.383018
-0.382116
-0.381215
-0.380314
-0.379414
-0.378514
-0.377616
-0.376719
-0.375822
-0.374928
-0.374034
-0.373142
-0.372252
-0.371363
-0.370477
-0.369592
-0.368710
-0.367830
-0.366952
-0.366077
-0.365204
-0.364334
-0.363468
-0.362604
-0.361744
-0.360887
-0.360034
-0.359184
-0.358339
-0.357497
-0.356660
-0.355827
-0.354999
-0.354175
-0.353356
-0.352543
-0.351734
-0.350931
-0.350134
-0.349342
-0.348557
-0.347777
-0.347004
-0.346237
-0.345477
-0.344723
-0.343977
-0.343237
-0.342506
-0.341781
-0.341065
-0.340356
-0.339655
-0.338963
-0.338279
-0.337604
-0.336937
-0.336280
-0.335632
-0.334993
-0.334364
-0.333745
-0.333135
-0.332536
-0.331948
-0.331370
-0.330802
-0.330246
-0.329701
-0.329167
-0.328644
-0.328133
-0.327634
-0.327147
-0.326672
-0.326209
-0.325758
-0.325320
-0.324894
-0.324481
-0.324081
-0.323695
-0.323321
-0.322961
-0.322614
-0.322281
-0.321961
-0.321656
-0.321364
-0.321087
-0.320824
-0.320575
-0.320341
-0.320120
-0.319914
-0.319723
-0.319545
-0.319382
-0.319233
-0.319097
-0.318975
-0.318866
-0.318770
-0.318687
-0.318617
-0.318559
-0.318512
-0.318476
-0.318452
-0.318438
-0.318434
-0.318439
-0.318454
-0.318477
-0.318508
-0.318547
-0.318593
-0.318646
-0.318705
-0.318769
-0.318839
-0.318914
-0.318992
-0.319075
-0.319161
-0.319249
-0.319341
-0.319434
-0.319529
-0.319625
-0.319722
-0.319819
-0.319916
-0.320012
-0.320108
-0.320202
-0.320294
-0.320384
-0.320471
-0.320556
-0.320636
-0.320713
-0.320785
-0.320852
-0.320913
-0.320969
-0.321019
-0.321061
-0.321097
-0.321125
-0.321144
-0.321155
-0.321158
-0.321151
-0.321136
-0.321118
-0.321102
-0.321084
-0.321067
-0.321043
-0.321039
-0.321018
-0.321007
-0.320819
-0.320652
-0.320318
-0.319979
-0.319651
-0.319331
-0.319010
-0.318673
-0.318311
-0.317925
-0.317520
-0.317103
-0.316676
-0.316246
-0.315825
-0.315416
-0.315180
-0.314833
-0.314410
-0.313715
-0.313144
-0.312792
-0.312297
-0.311894
-0.311046
-0.310480
-0.309932
-0.309716
-0.308885
-0.308602
-0.307511
-0.307098
-0.306755
-0.305926
-0.305637
-0.304295
-0.304034
-0.303037
-0.303125
-0.301735
-0.301677
-0.299837
-0.299927
-0.298295
-0.298514
-0.296559
-0.296931
-0.295293
-0.295593
-0.293473
-0.293938
-0.292149
-0.292553
-0.290173
-0.290789
-0.288882
-0.289362
-0.286881
-0.287566
-0.285537
-0.286041
-0.283474
-0.284398
-0.283285
-0.282957
-0.282718
-0.281104
-0.280160
-0.280019
-0.278167
-0.277792
-0.277130
-0.275837
-0.275000
-0.274612
-0.273150
-0.272303
-0.271863
-0.270109
-0.269451
-0.268669
-0.267189
-0.266254
-0.265834
-0.263827
-0.263290
-0.262328
-0.260721
-0.259782
-0.259330
-0.257108
-0.256724
-0.255558
-0.253916
-0.252883
-0.252520
-0.249946
-0.249940
-0.248366
-0.247007
-0.245495
-0.245425
-0.242201
-0.242820
-0.240372
-0.239778
-0.237419
-0.236955
-0.233727
-0.234658
-0.232602
-0.231083
-0.230741
-0.227576
-0.225489
-0.224197
-0.224162
-0.220980
-0.221652
-0.219456
-0.219456
-0.218142
-0.217245
-0.215082
-0.212677
-0.210446
-0.209591
-0.207014
-0.207725
-0.205935
-0.203824
-0.202395
-0.199928
-0.197700
-0.196289
-0.195836
-0.194910
-0.192172
-0.188391
-0.188024
-0.187426
-0.184530
-0.184909
-0.182860
-0.180712
-0.177745
-0.176047
-0.174186
-0.172335
-0.172292
-0.170316
-0.168622
-0.166040
-0.163988
-0.159294
-0.159513
-0.158499
-0.156299
-0.154192
-0.153006
-0.149827
-0.148648
-0.145809
-0.144661
-0.141832
-0.140953
-0.138540
-0.137299
-0.134455
-0.133489
-0.130849
-0.129625
-0.126663
-0.125745
-0.122901
-0.121837
-0.118762
-0.117887
-0.114854
-0.113935
-0.110754
-0.109932
-0.106726
-0.105924
-0.102627
-0.101881
-0.098521
-0.097818
-0.094383
-0.093728
-0.090218
-0.089613
-0.086024
-0.085470
-0.081799
-0.081298
-0.077543
-0.077096
-0.073261
-0.072866
-0.068957
-0.068611
-0.064634
-0.064335
-0.060296
-0.060043
-0.055943
-0.055733
-0.051574
-0.051405
-0.047187
-0.047058
-0.042777
-0.042692
-0.038342
-0.038305
-0.033879
-0.033899
-0.029383
-0.029472
-0.024851
-0.025026
-0.020281
-0.020557
-0.015678
-0.016065
-0.011057
-0.011556
-0.006441
-0.007038
-0.001853
-0.002530
0.002694
0.001944
0.007194
0.006374
0.011640
0.010756
0.016031
0.015085
0.020362
0.019355
0.024629
0.023557
0.028826
0.027682
0.032943
0.031733
0.036961
0.035720
0.040859
0.039654
0.044622
0.043531
0.048246
0.047320
0.051744
0.050991
0.055121
0.054530
0.058373
0.057933
0.061491
0.061195
0.064463
0.064303
0.067271
0.067242
0.069896
0.069995
0.072319
0.072543
0.074523
0.074861
0.076492
0.076926
0.078213
0.078709
0.079680
0.080184
0.080883
0.081332
0.081809
0.082147
0.082437
0.082631
0.082749
0.082783
0.082737
0.082609
0.082402
0.082117
0.081756
0.081322
0.080818
0.080248
0.079616
0.078925
0.078181
0.077387
0.076548
0.075669
0.074754
0.073807
0.072834
0.071837
0.070820
0.069787
0.068741
0.067686
0.066623
0.065557
0.064488
0.063419
0.062353
0.061290
0.060233
0.059183
0.058141
0.057110
0.056089
0.055080
0.054084
0.053101
0.052133
0.051180
0.050242
0.049320
0.048414
0.047525
0.046652
0.045797
0.044958
0.044136
0.043331
0.042543
0.041771
0.041016
0.040277
0.039554
0.038846
0.038154
0.037476
0.036814
0.036165
0.035531
0.034910
0.034302
0.033708
0.033126
0.032556
0.031998
0.031452
0.030917
0.030393
0.029880
0.029377
0.028885
0.028403
0.027931
0.027469
0.027016
0.026574
0.026140
0.025717
0.025302
0.024898
0.024503
0.024118
0.023743
0.023378
0.023023
0.022679
0.022345
0.022022
0.021710
0.021409
0.021121
0.020843
0.020578
0.020326
0.020085
0.019858
0.019644
0.019443
0.019255
0.019082
0.018922
0.018777
0.018647
0.018531
0.018431
0.018347
0.018278
0.018226
0.018190
0.018172
0.018172
0.018189
0.018226
0.018282
0.018358
0.018455
0.018574
0.018715
0.018881
0.019071
0.019287
0.019531
0.019804
0.020107
0.020443
0.020813
0.021219
0.021664
0.022150
0.022680
0.023257
0.023885
0.024567
0.025307
0.026111
0.026982
0.027927
0.028951
0.030061
0.031265
0.032570
0.033985
0.035519
0.037181
0.038981
0.040929
0.043031
0.045294
0.047719
0.050300
0.053023
0.055860
0.058771
0.061704
0.064597
0.067391
0.070036
0.072500
0.074768
0.076839
0.078721
0.080429
0.081981
0.083397
0.084701
0.085916
0.087066
0.088174
0.089259
0.090340
0.091431
0.092541
0.093679
0.094851
0.096059
0.097306
0.098594
0.099925
0.101301
0.102722
0.104191
0.105707
0.107273
0.108889
0.110555
0.112271
0.114038
0.115856
0.117724
0.119641
0.121606
0.123619
0.125677
0.127780
0.129925
0.132111
0.134335
0.136597
0.138896
0.141231
0.143605
0.146021
0.148486
0.151005
0.153585
0.156232
0.158949
0.161732
0.164579
0.167478
0.170422
0.173398
0.176399
0.179414
0.182439
0.185470
0.188501
0.191531
0.194555
0.197571
0.200572
0.203553
0.206509
0.209433
0.212321
0.215173
0.217992
0.220787
0.223568
0.226348
0.229135
0.231934
0.234749
0.237579
0.240424
0.243283
0.246155
0.249040
0.251937
0.254846
0.257765
0.260694
0.263633
0.266580
0.269536
0.272501
0.275474
0.278455
0.281444
0.284441
0.287446
0.290459
0.293480
0.296509
0.299545
0.302590
0.305643
0.308704
0.311774
0.314853
0.317942
0.321040
0.324147
0.327266
0.330394
0.333534
0.336686
0.339849
0.343025
0.346214
0.349416
0.352632
0.355863
0.359108
0.362369
0.365645
0.368939
0.372249
0.375577
0.378922
0.382287
0.385671
0.389074
0.392499
0.395944
0.399410
0.402899
0.406411
0.409947
0.413506
0.417091
0.420701
0.424337
0.428000
0.431690
0.435409
0.439157
0.442935
0.446742
0.450582
0.454453
0.458357
0.462294
0.466266
0.470273
0.474317
0.478398
0.482518
0.486677
0.490878
0.495120
0.499407
0.503739
0.508119
0.512548
0.517028
0.521561
0.526149
0.530792
0.535491
0.540243
0.545044
0.549887
0.554762
0.559656
0.564555
0.569445
0.574314
0.579152
0.583951
0.588708
0.593422
0.598091
0.598091
0.602717
0.607295
0.611878
0.616112
0.623081
0.619225
0.627102
0.632970
0.639293
0.642580
0.646005
0.650613
0.654675
0.658606
0.662870
0.667317
0.671863
0.676456
0.681051
0.685621
0.690156
0.694659
0.699144
0.703624
0.708111
0.712610
0.717123
0.721652
0.726194
0.730751
0.735320
0.739903
0.744498
0.749106
0.753726
0.758357
0.762998
0.767648
0.772306
0.776969
0.781637
0.786307
0.790978
0.795647
0.800312
0.804971
0.809620
0.814259
0.818883
0.823492
0.828081
0.832649
0.837194
0.841715
0.846209
0.850675
0.855113
0.859520
0.863898
0.868244
0.872558
0.876841
0.881092
0.885311
0.889497
0.893650
0.897771
0.901858
0.905913
0.909934
0.913922
0.917876
0.921796
0.925683
0.929536
0.933355
0.937140
0.940891
0.944608
0.948291
0.951940
0.955555
0.959136
0.962683
0.966196
0.969676
0.973123
0.976537
0.979918
0.983267
0.986584
0.989869
0.993122
0.996346
0.999538
1.002701
1.005835
1.008940
1.012017
1.015067
1.018090
1.021086
1.024058
1.027004
1.029926
1.032826
1.035702
1.038557
1.041390
1.044203
1.046996
1.049770
1.052526
1.055265
1.057986
1.060692
1.063381
1.066056
1.068717
1.071364
1.073998
1.076620
1.079230
1.081829
1.084416
1.086994
1.089562
1.092120
1.094669
1.097210
1.099743
1.102268
1.104786
1.107296
1.109800
1.112297
1.114789
1.117274
1.119754
1.122228
1.124697
1.127161
1.129621
1.132076
1.134526
1.136972
1.139414
1.141852
1.144286
1.146716
1.149143
1.151566
1.153986
1.156403
1.158816
1.161227
1.163634
1.166038
1.168439
1.170838
1.173234
1.175627
1.178017
1.180405
1.182791
1.185174
1.187554
1.189932
1.192308
1.194682
1.197053
1.199422
1.201789
1.204153
1.206516
1.208876
1.211235
1.213591
1.215945
1.218298
1.220648
1.222996
1.225343
1.227687
1.230030
1.232370
1.234709
1.237046
1.239381
1.241714
1.244045
1.246375
1.248702
1.251028
1.253352
1.255674
1.257994
1.260312
1.262628
1.264943
1.267256
1.269566
1.271875
1.274182
1.276488
1.278791
1.281092
1.283391
1.285689
1.287984
1.290278
1.292569
1.294858
1.297146
1.299431
1.301714
1.303996
1.306275
1.308552
1.310826
1.313099
1.315369
1.317638
1.319903
1.322167
1.324429
1.326688
1.328944
1.331199
1.333451
1.335701
1.337948
1.340193
1.342435
1.344675
1.346912
1.349147
1.351380
1.353609
1.355837
1.358061
1.360283
1.362503
1.364719
1.366933
1.369145
1.371353
1.373559
1.375762
1.377963
1.380160
1.382355
1.384547
1.386736
1.388922
1.391106
1.393286
1.395464
1.397639
1.399810
1.401979
1.404145
1.406308
1.408468
1.410625
1.412779
1.414929
1.417077
1.419222
1.421363
1.423502
1.425637
1.427769
1.429898
1.432024
1.434147
1.436266
1.438382
1.440495
1.442605
1.444711
1.446814
1.448914
1.451010
1.453104
1.455193
1.457279
1.459362
1.461442
1.463518
1.465590
1.467659
1.469725
1.471787
1.473845
1.475900
1.477951
1.479998
1.482042
1.484083
1.486119
1.488152
1.490181
1.492206
1.494228
1.496246
1.498260
1.500270
1.502276
1.504279
1.506277
1.508272
1.510262
1.512249
1.514231
1.516210
1.518184
1.520155
1.522121
1.524083
1.526041
1.527995
1.529945
1.531891
1.533832
1.535769
1.537702
1.539631
1.541555
1.543475
1.545391
1.547302
1.549209
1.551111
1.553009
1.554903
1.556792
1.558677
1.560557
1.562433
1.564304
1.566171
1.568033
1.569890
1.571743
1.573591
1.575435
1.577274
1.579108
1.580937
1.582762
1.584582
1.586398
1.588209
1.590014
1.591816
1.593612
1.595403
1.597190
1.598972
1.600749
1.602521
1.604288
1.606050
1.607807
1.609560
1.611307
1.613049
1.614787
1.616519
1.618246
1.619968
1.621685
1.623396
1.625103
1.626804
1.628499
1.630190
1.631875
1.633554
1.635228
1.636896
1.638559
1.640215
1.641866
1.643510
1.645148
1.646780
1.648405
1.650023
1.651634
1.653238
1.654833
1.656420
1.657999
1.659568
1.661127
1.662675
1.664212
1.665735
1.667244
1.668738
1.670214
1.671670
1.673105
1.674515
1.675899
1.677254
1.678580
1.679880
1.681158
1.682427
1.683704
1.685009
1.686361
1.687769
1.689236
1.690756
1.692319
1.693916
1.695539
1.697181
1.698839
1.700509
1.702188
1.703876
1.705573
1.707276
1.708987
1.710705
1.712429
1.714160
1.715895
1.717636
1.719382
1.721131
1.722885
1.724642
1.726402
1.728165
1.729931
1.731700
1.733470
1.735243
1.737018
1.738794
1.740571
1.742350
1.744130
1.745911
1.747693
1.749476
1.751260
1.753044
1.754829
1.756614
1.758399
1.760185
1.761971
1.763758
1.765544
1.767330
1.769117
1.770903
1.772689
1.774474
1.776260
1.778045
1.779830
1.781614
1.783398
1.785181
1.786964
1.788746
1.790528
1.792308
1.794088
1.795868
1.797646
1.799423
1.801200
1.802975
1.804749
1.806523
1.808295
1.810066
1.811836
1.813605
1.815372
1.817138
1.818903
1.820667
1.822429
1.824189
1.825949
1.827706
1.829463
1.831217
1.832971
1.832971
1.834722
1.836472
1.838220
1.839967
1.841712
1.843455
1.845196
1.846936
1.848674
1.850410
1.852144
1.853876
1.855607
1.857335
1.859062
1.860787
1.862510
1.864230
1.865949
1.867666
1.869381
1.871093
1.872804
1.874513
1.876219
1.877924
1.879626
1.881326
1.883025
1.884721
1.886414
1.888106
1.889796
1.891483
1.893168
1.894851
1.896532
1.898211
1.899887
1.901561
1.903234
1.904903
1.906571
1.908236
1.909900
1.911560
1.913219
1.914876
1.916530
1.918182
1.919832
1.921480
1.923125
1.924768
1.926409
1.928048
1.929685
1.931319
1.932952
1.934582
1.936210
1.937836
1.939460
1.941082
1.942702
1.944319
1.945935
1.947548
1.949160
1.950770
1.952377
1.953983
1.955587
1.957189
1.958789
1.960388
1.961985
1.963579
1.965173
1.966764
1.968354
1.969942
1.971529
1.973114
1.974698
1.976280
1.977861
1.979441
1.981019
1.982596
1.984172
1.985747
1.987320
1.988893
1.990464
1.992035
1.993604
1.995173
1.996740
1.998307
1.999873
2.001438
2.003002
2.004566
2.006129
2.007691
2.009253
2.010814
2.012374
2.013934
2.015493
2.017051
2.018609
2.020166
2.021722
2.023278
2.024833
2.026387
2.027941
2.029493
2.031045
2.032596
2.034147
2.035696
2.037244
2.038792
2.040338
2.041883
2.043427
2.044970
2.046512
2.048053
2.049592
2.051130
2.052666
2.054201
2.055735
2.057267
2.058797
2.060326
2.061853
2.063379
2.064902
2.066424
2.067944
2.069462
2.070978
2.072492
2.074004
2.075514
2.077022
2.078527
2.080031
2.081532
2.083031
2.084528
2.086023
2.087515
2.089005
2.090493
2.091978
2.093461
2.094942
2.096421
2.097897
2.099371
2.100842
2.102312
2.103779
2.105244
2.106706
2.108167
2.109625
2.111081
2.112535
2.113986
2.115436
2.116883
2.118329
2.119772
2.121213
2.122652
2.124089
2.125524
2.126957
2.128388
2.129817
2.131244
2.132669
2.134092
2.135514
2.136934
2.138351
2.139767
2.141181
2.142592
2.143999
2.145402
2.146796
2.148170
2.149499
2.150725
2.151867
2.153935
2.156397
2.157630
2.159215
2.160348
2.162012
2.163147
2.165153
2.165757
2.168665
2.168775
2.171892
2.171960
2.173858
2.174372
2.177945
2.177367
2.180246
2.180195
2.183711
2.183742
2.184483
2.187280
2.187111
2.191249
2.191377
2.191180
2.196379
2.196070
2.195553
2.201036
2.200985
2.200114
2.203539
2.202723
2.207307
2.207904
2.206716
2.211150
2.210165
2.211925
2.212105
2.216266
2.215901
2.216392
2.219202
2.218725
2.224598
2.225397
2.225733
2.225881
2.225826
2.230936
2.231214
2.230454
2.232513
2.232380
2.239067
2.240305
2.242069
2.245045
2.246942
2.248903
2.250760
2.252485
2.254192
2.255838
2.257441
2.259017
2.260568
2.262099
2.263611
2.265103
2.266577
2.268033
2.269470
2.270888
2.272286
2.273665
2.275024
2.276362
2.277679
2.278972
2.280242
2.281488
2.282708
2.283903
2.285072
2.286214
2.287330
2.288418
2.289480
2.290515
2.291523
2.292505
2.293462
2.294395
2.295305
2.296193
2.297060
2.297907
2.298737
2.299550
2.300348
2.301133
2.301906
2.302668
2.303422
2.304167
2.304906
2.305640
2.306370
2.307096
2.307820
2.308542
2.309264
2.309986
2.310709
2.311433
2.312159
2.312887
2.313618
2.314351
2.315088
2.315828
2.316572
2.317320
2.318072
2.318829
2.319589
2.320354
2.321123
2.321897
2.322675
2.323458
2.324245
2.325036
2.325832
2.326633
2.327437
2.328246
2.329060
2.329877
2.330699
2.331525
2.332355
2.333188
2.334026
2.334868
2.335713
2.336562
2.337415
2.338272
2.339132
2.339996
2.340862
2.341733
2.342606
2.343483
2.344362
2.345245
2.346130
2.347018
2.347909
2.348802
2.349697
2.350595
2.351495
2.352398
2.353302
2.354208
2.355116
2.356026
2.356938
2.357851
2.358766
2.359682
2.360600
2.361519
2.362439
2.363361
2.364283
2.365207
2.366132
2.367058
2.367985
2.368913
2.369842
2.370772
2.371703
2.372634
2.373566
2.374500
2.375433
2.376368
2.377303
2.378240
2.379176
2.380114
2.381052
2.381991
2.382930
2.383870
2.384811
2.385753
2.386695
2.387638
2.388581
2.389525
2.390470
2.391415
2.392361
2.393308
2.394255
2.395203
2.396151
2.397101
2.398050
2.399001
2.399952
2.400903
2.401855
2.402808
2.403762
2.404715
2.405670
2.406625
2.407581
2.408537
2.409494
2.410451
2.411409
2.412368
2.413327
2.414286
2.415247
2.416207
2.417168
2.418130
2.419092
2.420055
2.421018
2.421981
2.422945
2.423910
2.424875
2.425840
2.426806
2.427772
2.428739
2.429706
2.430674
2.431641
2.432610
2.433578
2.434547
2.435516
2.436486
2.437455
2.438426
2.439396
2.440367
2.441337
2.442308
2.443280
2.444251
2.445223
2.446194
2.447166
2.448138
2.449110
2.450082
2.451054
2.452026
2.452998
2.453970
2.454942
2.455914
2.456886
2.457857
2.458829
2.459800
2.460771
2.461742
2.462712
2.463682
2.464652
2.465622
2.466591
2.467559
2.468527
2.469495
2.470462
2.471429
2.472395
2.473361
2.473361
2.474325
2.475290
2.476253
2.477216
2.478179
2.479140
2.480101
2.481061
2.482020
2.482978
2.483936
2.484892
2.485848
2.486803
2.487757
2.488710
2.489662
2.490613
2.491563
2.492511
2.493459
2.494406
2.495352
2.496297
2.497240
2.498183
2.499124
2.500064
2.501003
2.501941
2.502878
2.503814
2.504748
2.505682
2.506614
2.507545
2.508474
2.509403
2.510331
2.511257
2.512182
2.513106
2.514028
2.514950
2.515870
2.516790
2.517708
2.518625
2.519540
2.520455
2.521369
2.522281
2.523192
2.524102
2.525011
2.525919
2.526826
2.527732
2.528636
2.529540
2.530442
2.531344
2.532244
2.533143
2.534041
2.534938
2.535833
2.536728
2.537621
2.538513
2.539404
2.540293
2.541182
2.542068
2.542953
2.543837
2.544719
2.545599
2.546477
2.547353
2.548227
2.549098
2.549966
2.550832
2.551693
2.552551
2.553403
2.554250
2.555091
2.555924
2.556748
2.557560
2.558357
2.559136
2.559889
2.560609
2.561278
2.561869
2.562324
2.562498
2.561959
2.561183
2.562262
2.563695
2.564181
2.564709
2.566192
2.567938
2.568632
2.569359
2.571051
2.572939
2.573529
2.574219
2.575895
2.577617
2.578434
2.579214
2.580793
2.582805
2.583262
2.584006
2.585566
2.586750
2.588101
2.589626
2.590488
2.591375
2.592875
2.594617
2.595377
2.596173
2.597671
2.599191
2.600162
2.601130
2.602475
2.603905
2.604929
2.605951
2.607258
2.608596
2.609675
2.610750
2.612001
2.613253
2.614389
2.615513
2.616721
2.617910
2.619078
2.620220
2.621407
2.622560
2.623739
2.624879
2.626059
2.627195
2.628374
2.629503
2.630680
2.631804
2.632979
2.634097
2.635270
2.636384
2.637554
2.638662
2.639830
2.640934
2.642098
2.643198
2.644359
2.645456
2.646612
2.647706
2.648858
2.649948
2.651096
2.652184
2.653327
2.654413
2.655550
2.656635
2.657766
2.658850
2.659975
2.661058
2.662178
2.663260
2.664373
2.665455
2.666561
2.667643
2.668743
2.669824
2.670918
2.671998
2.673087
2.674166
2.675249
2.676326
2.677405
2.678480
2.679554
2.680626
2.681696
2.682765
2.683832
2.684898
2.685961
2.687023
2.688083
2.689142
2.690198
2.691253
2.692306
2.693358
2.694408
2.695456
2.696503
2.697547
2.698591
2.699632
2.700672
2.701711
2.702747
2.703782
2.704816
2.705848
2.706878
2.707907
2.708934
2.709959
2.710983
2.712006
2.713026
2.714046
2.715063
2.716079
2.717094
2.718107
2.719118
2.720128
2.721137
2.722144
2.723149
2.724153
2.725155
2.726156
2.727155
2.728153
2.729149
2.730144
2.731137
2.732129
2.733119
2.734108
2.735096
2.736082
2.737066
2.738049
2.739031
2.740011
2.740989
2.741966
2.742942
2.743916
2.744889
2.745860
2.746830
2.747799
2.748766
2.749731
2.750696
2.751658
2.752620
2.753580
2.754538
2.755496
2.756451
2.757406
2.758359
2.759310
2.760260
2.761209
2.762156
2.763102
2.764047
2.764990
2.765932
2.766873
2.767812
2.768749
2.769686
2.770621
2.771554
2.772487
2.773418
2.774347
2.775275
2.776202
2.777128
2.778052
2.778974
2.779896
2.780816
2.781735
2.782652
2.783568
2.784483
2.785396
2.786308
2.787219
2.788128
2.789036
2.789943
2.790848
2.791752
2.792655
2.793556
2.794456
2.795355
2.796252
2.797148
2.798043
2.798936
2.799828
2.800719
2.801608
2.802496
2.803383
2.804269
2.805153
2.806035
2.806917
2.807797
2.808676
2.809553
2.810429
2.811304
2.812178
2.813050
2.813921
2.814790
2.815658
2.816525
2.817391
2.818255
2.819118
2.819979
2.820840
2.821699
2.822556
2.823412
2.824267
2.825121
2.825973
2.826824
2.827674
2.828522
2.829369
2.830215
2.831059
2.831902
2.832743
2.833583
2.834422
2.835260
2.836096
2.836931
2.837764
2.838597
2.839427
2.840257
2.841085
2.841911
2.842737
2.843561
2.844383
2.845205
2.846025
2.846843
2.847660
2.848476
2.849290
2.850103
2.850915
2.851725
2.852534
2.853342
2.854148
2.854952
2.855756
2.856558
2.857358
2.858157
2.858955
2.859751
2.860546
2.861339
2.862131
2.862922
2.863711
2.864499
2.865285
2.866070
2.866853
2.867635
2.868416
2.869195
2.869973
2.870749
2.871524
2.872297
2.873069
2.873839
2.874608
2.875375
2.876141
2.876906
2.877669
2.878430
2.879190
2.879949
2.880706
2.881461
2.882215
2.882967
2.883718
2.884468
2.885216
2.885962
2.886707
2.887450
2.888192
2.888932
2.889671
2.890408
2.891144
2.891878
2.892611
2.893342
2.894071
2.894799
2.895525
2.896250
2.896973
2.897694
2.898414
2.899133
2.899849
2.900564
2.901278
2.901990
2.902700
2.903409
2.904116
2.904821
2.905525
2.906227
2.906928
2.907627
2.908324
2.909019
2.909713
2.910405
2.911096
2.911784
2.912472
2.913157
2.913841
2.914523
2.915203
2.915881
2.916558
2.917233
2.917906
2.918577
2.919247
2.919915
2.920581
2.921245
2.921907
2.922568
2.923226
2.923883
2.924538
2.925191
2.925842
2.926491
2.927138
2.927783
2.928426
2.929067
2.929705
2.930342
2.930977
2.931610
2.931610
2.932240
2.932868
2.933494
2.934118
2.934739
2.935358
2.935975
2.936589
2.937201
2.937811
2.938417
2.939022
2.939623
2.940222
2.940818
2.941411
2.942002
2.942589
2.943174
2.943755
2.944333
2.944909
2.945480
2.946049
2.946614
2.947175
2.947733
2.948287
2.948837
2.949383
2.949925
2.950464
2.950998
2.951527
2.952053
2.952574
2.953090
2.953602
2.954109
2.954611
2.955108
2.955600
2.956087
2.956569
2.957045
2.957517
2.957982
2.958443
2.958898
2.959347
2.959791
2.960229
2.960661
2.961088
2.961509
2.961924
2.962333
2.962737
2.963134
2.963526
2.963913
2.964293
2.964668
2.965037
2.965401
2.965759
2.966111
2.966458
2.966800
2.967136
2.967467
2.967793
2.968113
2.968429
2.968739
2.969045
2.969346
2.969642
2.969933
2.970220
2.970502
2.970780
2.971054
2.971323
2.971589
2.971850
2.972107
2.972361
2.972610
2.972856
2.973099
2.973338
2.973574
2.973806
2.974035
2.974261
2.974484
2.974703
2.974920
2.975134
2.975346
2.975554
2.975760
2.975964
2.976165
2.976363
2.976560
2.976754
2.976945
2.977135
2.977322
2.977508
2.977691
2.977873
2.978052
2.978230
2.978406
2.978580
2.978752
2.978923
2.979092
2.979260
2.979426
2.979591
2.979754
2.979916
2.980076
2.980235
2.980393
2.980549
2.980704
2.980858
2.981011
2.981163
2.981313
2.981462
2.981611
2.981758
2.981904
2.982049
2.982193
2.982336
2.982478
2.982620
2.982760
2.982900
2.983038
2.983176
2.983313
2.983449
2.983584
2.983719
2.983852
2.983985
2.984118
2.984249
2.984380
2.984510
2.984639
2.984768
2.984896
2.985023
2.985150
2.985276
2.985402
2.985526
2.985651
2.985774
2.985897
2.986020
2.986141
2.986263
2.986383
2.986504
2.986623
2.986742
2.986861
2.986979
2.987097
2.987214
2.987330
2.987446
2.987562
2.987677
2.987792
2.987906
2.988020
2.988133
2.988246
2.988358
2.988470
2.988581
2.988692
2.988803
2.988913
2.989023
2.989132
2.989241
2.989350
2.989458
2.989565
2.989673
2.989780
2.989886
2.989992
2.990098
2.990204
2.990309
2.990413
2.990518
2.990622
2.990725
2.990828
2.990931
2.991034
2.991136
2.991238
2.991339
2.991441
2.991541
2.991642
2.991742
2.991842
2.991942
2.992041
2.992140
2.992238
2.992337
2.992435
2.992532
2.992630
2.992727
2.992823
2.992920
2.993016
2.993112
2.993207
2.993303
2.993398
2.993492
2.993587
2.993681
2.993775
2.993868
2.993962
2.994055
2.994148
2.994240
2.994332
2.994424
2.994516
2.994608
2.994699
2.994790
2.994881
2.994971
2.995061
2.995151
2.995241
2.995331
2.995420
2.995509
2.995598
2.995686
2.995775
2.995863
2.995950
2.996038
2.996126
2.996213
2.996300
2.996386
2.996473
2.996559
2.996645
2.996731
2.996817
2.996902
2.996988
2.997073
2.997157
2.997242
2.997327
2.997411
2.997495
2.997579
2.997662
2.997746
2.997829
2.997912
2.997995
2.998078
2.998160
2.998242
2.998325
2.998407
2.998488
2.998570
2.998651
2.998733
2.998814
2.998895
2.998975
2.999056
2.999136
2.999217
2.999297
2.999376
2.999456
2.999536
2.999615
2.999694
2.999774
2.999852
2.999931
3.000010
3.000088
3.000167
3.000245
3.000323
3.000401
3.000479
3.000556
3.000634
3.000711
3.000788
3.000865
3.000942
3.001019
3.001095
3.001172
3.001248
3.001324
3.001400
3.001476
3.001552
3.001628
3.001703
3.001779
3.001854
3.001929
3.002005
3.002079
3.002154
3.002229
3.002304
3.002378
3.002452
3.002527
3.002601
3.002675
3.002749
3.002823
3.002896
3.002970
3.003043
3.003117
3.003190
3.003263
3.003336
3.003409
3.003482
3.003555
3.003627
3.003700
3.003772
3.003845
3.003917
3.003989
3.004061
3.004133
3.004205
3.004277
3.004348
3.004420
3.004492
3.004563
3.004634
3.004706
3.004777
3.004848
3.004919
3.004990
3.005061
3.005131
3.005202
3.005273
3.005343
3.005413
3.005484
3.005554
3.005624
3.005694
3.005764
3.005834
3.005904
3.005974
3.006044
3.006114
3.006183
3.006253
3.006322
3.006392
3.006461
3.006530
3.006599
3.006669
3.006738
3.006807
3.006876
3.006944
3.007013
3.007082
3.007151
3.007219
3.007288
3.007356
3.007425
3.007493
3.007562
3.007630
3.007698
3.007766
3.007834
3.007902
3.007970
3.008038
3.008106
3.008174
3.008242
3.008310
3.008377
3.008445
3.008513
3.008580
3.008648
3.008715
3.008782
3.008850
3.008917
3.008984
3.009051
3.009119
3.009186
3.009253
3.009320
3.009387
3.009454
3.009521
3.009588
3.009654
3.009721
3.009788
3.009855
3.009921
3.009988
3.010054
3.010121
3.010188
3.010254
3.010320
3.010387
3.010453
3.010519
3.010586
3.010652
3.010718
3.010784
3.010851
3.010917
3.010983
3.011049
3.011115
3.011181
3.011247
3.011313
3.011379
3.011444
3.011510
3.011576
3.011642
3.011708
3.011773
3.011839
3.011905
3.011970
3.012036
3.012102
3.012167
3.012233
3.012298
3.012364
3.012429
3.012494
3.012560
3.012625
3.012691
3.012756
3.012821
3.012821
3.012887
3.012952
3.013017
3.013082
3.013147
3.013213
3.013278
3.013343
3.013408
3.013473
3.013538
3.013603
3.013668
3.013733
3.013798
3.013863
3.013928
3.013993
3.014058
3.014123
3.014188
3.014253
3.014318
3.014382
3.014447
3.014512
3.014577
3.014642
3.014706
3.014771
3.014836
3.014900
3.014965
3.015030
3.015094
3.015159
3.015224
3.015288
3.015353
3.015418
3.015482
3.015547
3.015611
3.015676
3.015740
3.015805
3.015869
3.015934
3.015998
3.016063
3.016127
3.016192
3.016256
3.016321
3.016385
3.016449
3.016514
3.016578
3.016643
3.016707
3.016771
3.016836
3.016900
3.016964
3.017029
3.017093
3.017157
3.017222
3.017286
3.017350
3.017414
3.017479
3.017543
3.017607
3.017671
3.017736
3.017800
3.017864
3.017928
3.017993
3.018057
3.018121
3.018185
3.018249
3.018314
3.018378
3.018442
3.018506
3.018570
3.018634
3.018699
3.018763
3.018827
3.018891
3.018955
3.019019
3.019083
3.019148
3.019212
3.019276
3.019340
3.019404
3.019468
3.019532
3.019596
3.019661
3.019725
3.019789
3.019853
3.019917
3.019981
3.020045
3.020109
3.020173
3.020237
3.020302
3.020366
3.020430
3.020494
3.020558
3.020622
3.020686
3.020750
3.020814
3.020878
3.020942
3.021006
3.021071
3.021135
3.021199
3.021263
3.021327
3.021391
3.021455
3.021519
3.021583
3.021647
3.021711
3.021776
3.021840
3.021904
3.021968
3.022032
3.022096
3.022160
3.022224
3.022288
3.022352
3.022417
3.022481
3.022545
3.022609
3.022673
3.022737
3.022801
3.022865
3.022930
3.022994
3.023058
3.023122
3.023186
3.023250
3.023314
3.023379
3.023443
3.023507
3.023571
3.023635
3.023700
3.023764
3.023828
3.023892
3.023956
3.024021
3.024085
3.024149
3.024213
3.024277
3.024342
3.024406
3.024470
3.024534
3.024599
3.024663
3.024727
3.024791
3.024856
3.024920
3.024984
3.025048
3.025113
3.025177
3.025241
3.025306
3.025370
3.025434
3.025499
3.025563
3.025627
3.025692
3.025756
3.025821
3.025885
3.025949
3.026014
3.026078
3.026142
3.026207
3.026271
3.026336
3.026400
3.026465
3.026529
3.026594
3.026658
3.026722
3.026787
3.026851
3.026916
3.026980
3.027045
3.027110
3.027174
3.027239
3.027303
3.027368
3.027432
3.027497
3.027561
3.027626
3.027691
3.027755
3.027820
3.027885
3.027949
3.028014
3.028079
3.028143
3.028208
3.028273
3.028337
3.028402
3.028467
3.028531
3.028596
3.028661
3.028726
3.028790
3.028855
3.028920
3.028985
3.029050
3.029115
3.029179
3.029244
3.029309
3.029374
3.029439
3.029504
3.029569
3.029634
3.029698
3.029763
3.029828
3.029893
3.029958
3.030023
3.030088
3.030153
3.030218
3.030283
3.030348
3.030413
3.030479
3.030544
3.030609
3.030674
3.030739
3.030804
3.030869
3.030934
3.031000
3.031065
3.031130
3.031195
3.031260
3.031326
3.031391
3.031456
3.031521
3.031587
3.031652
3.031717
3.031783
3.031848
3.031913
3.031979
3.032044
3.032109
3.032175
3.032240
3.032306
3.032371
3.032436
3.032502
3.032567
3.032633
3.032698
3.032764
3.032830
3.032895
3.032961
3.033026
3.033092
3.033157
3.033223
3.033289
3.033354
3.033420
3.033486
3.033551
3.033617
3.033683
3.033749
3.033814
3.033880
3.033946
3.034012
3.034078
3.034143
3.034209
3.034275
3.034341
3.034407
3.034473
3.034539
3.034605
3.034671
3.034737
3.034803
3.034869
3.034935
3.035001
3.035067
3.035133
3.035199
3.035265
3.035331
3.035397
3.035463
3.035529
3.035596
3.035662
3.035728
3.035794
3.035860
3.035927
3.035993
3.036059
3.036126
3.036192
3.036258
3.036325
3.036391
3.036457
3.036524
3.036590
3.036657
3.036723
3.036789
3.036856
3.036922
3.036989
3.037056
3.037122
3.037189
3.037255
3.037322
3.037388
3.037455
3.037522
3.037588
3.037655
3.037722
3.037789
3.037855
3.037922
3.037989
3.038056
3.038122
3.038189
3.038256
3.038323
3.038390
3.038457
3.038524
3.038591
3.038658
3.038725
3.038792
3.038859
3.038926
3.038993
3.039060
3.039127
3.039194
3.039261
3.039328
3.039395
3.039462
3.039530
3.039597
3.039664
3.039731
3.039798
3.039866
3.039933
3.040000
3.040068
3.040135
3.040202
3.040270
3.040337
3.040404
3.040472
3.040539
3.040607
3.040674
3.040742
3.040809
3.040877
3.040944
3.041012
3.041080
3.041147
3.041215
3.041283
3.041350
3.041418
3.041486
3.041553
3.041621
3.041689
3.041757
3.041824
3.041892
3.041960
3.042028
3.042096
3.042164
3.042232
3.042299
3.042367
3.042435
3.042503
3.042571
3.042639
3.042707
3.042775
3.042843
3.042912
3.042980
3.043048
3.043116
3.043184
3.043252
3.043320
3.043389
3.043457
3.043525
3.043593
3.043662
3.043730
3.043798
3.043867
3.043935
3.044003
3.044072
3.044140
3.044209
3.044277
3.044346
3.044414
3.044483
3.044551
3.044620
3.044688
3.044757
3.044825
3.044894
3.044963
3.045031
3.045100
3.045169
3.045237
3.045306
3.045375
3.045444
3.045512
3.045512
3.045581
3.045650
3.045719
3.045788
3.045856
3.045925
3.045994
3.046063
3.046132
3.046201
3.046270
3.046339
3.046408
3.046477
3.046546
3.046615
3.046684
3.046753
3.046822
3.046891
3.046961
3.047030
3.047099
3.047168
3.047237
3.047307
3.047376
3.047445
3.047514
3.047584
3.047653
3.047722
3.047792
3.047861
3.047930
3.048000
3.048069
3.048138
3.048208
3.048277
3.048347
3.048416
3.048486
3.048555
3.048625
3.048694
3.048764
3.048833
3.048903
3.048973
3.049042
3.049112
3.049182
3.049251
3.049321
3.049391
3.049460
3.049530
3.049600
3.049669
3.049739
3.049809
3.049879
3.049949
3.050018
3.050088
3.050158
3.050228
3.050298
3.050368
3.050438
3.050508
3.050577
3.050647
3.050717
3.050787
3.050857
3.050927
3.050997
3.051067
3.051137
3.051207
3.051277
3.051347
3.051417
3.051488
3.051558
3.051628
3.051698
3.051768
3.051838
3.051908
3.051978
3.052049
3.052119
3.052189
3.052259
3.052329
3.052400
3.052470
3.052540
3.052610
3.052681
3.052751
3.052821
3.052891
3.052962
3.053032
3.053102
3.053173
3.053243
3.053313
3.053384
3.053454
3.053524
3.053595
3.053665
3.053735
3.053806
3.053876
3.053946
3.054017
3.054087
3.054158
3.054228
3.054298
3.054369
3.054439
3.054510
3.054580
3.054651
3.054721
3.054791
3.054862
3.054932
3.055003
3.055073
3.055144
3.055214
3.055285
3.055355
3.055426
3.055496
3.055566
3.055637
3.055707
3.055778
3.055848
3.055919
3.055989
3.056060
3.056130
3.056201
3.056271
3.056342
3.056412
3.056482
3.056553
3.056623
3.056694
3.056764
3.056835
3.056905
3.056975
3.057046
3.057116
3.057187
3.057257
3.057328
3.057398
3.057468
3.057539
3.057609
3.057679
3.057750
3.057820
3.057891
3.057961
3.058031
3.058101
3.058172
3.058242
3.058312
3.058383
3.058453
3.058523
3.058593
3.058664
3.058734
3.058804
3.058874
3.058944
3.059015
3.059085
3.059155
3.059225
3.059295
3.059365
3.059435
3.059505
3.059575
3.059646
3.059716
3.059786
3.059856
3.059925
3.059995
3.060065
3.060135
3.060205
3.060275
3.060345
3.060415
3.060485
3.060554
3.060624
3.060694
3.060764
3.060833
3.060903
3.060973
3.061042
3.061112
3.061182
3.061251
3.061321
3.061390
3.061460
3.061529
3.061599
3.061668
3.061737
3.061807
3.061876
3.061946
3.062015
3.062084
3.062153
3.062223
3.062292
3.062361
3.062430
3.062499
3.062568
3.062637
3.062706
3.062775
3.062844
3.062913
3.062982
3.063051
3.063120
3.063189
3.063257
3.063326
3.063395
3.063464
3.063532
3.063601
3.063670
3.063738
3.063807
3.063875
3.063944
3.064012
3.064081
3.064149
3.064217
3.064286
3.064354
3.064422
3.064491
3.064559
3.064627
3.064695
3.064763
3.064831
3.064900
3.064968
3.065036
3.065104
3.065172
3.065240
3.065308
3.065375
3.065443
3.065511
3.065579
3.065647
3.065715
3.065782
3.065850
3.065918
3.065986
3.066053
3.066121
3.066189
3.066256
3.066324
3.066391
3.066459
3.066527
3.066594
3.066662
3.066729
3.066797
3.066864
3.066932
3.066999
3.067067
3.067134
3.067202
3.067269
3.067337
3.067404
3.067472
3.067539
3.067607
3.067674
3.067742
3.067809
3.067877
3.067944
3.068012
3.068079
3.068147
3.068215
3.068282
3.068350
3.068417
3.068485
3.068553
3.068621
3.068688
3.068756
3.068824
3.068892
3.068960
3.069027
3.069095
3.069163
3.069231
3.069299
3.069367
3.069436
3.069504
3.069572
3.069640
3.069708
3.069777
3.069845
3.069914
3.069982
3.070051
3.070119
3.070188
3.070257
3.070325
3.070394
3.070463
3.070532
3.070601
3.070670
3.070739
3.070808
3.070878
3.070947
3.071016
3.071086
3.071155
3.071225
3.071295
3.071364
3.071434
3.071504
3.071574
3.071644
3.071714
3.071784
3.071854
3.071924
3.071995
3.072065
3.072135
3.072206
3.072276
3.072347
3.072418
3.072489
3.072559
3.072630
3.072701
3.072772
3.072843
3.072914
3.072986
3.073057
3.073128
3.073199
3.073271
3.073342
3.073414
3.073485
3.073557
3.073629
3.073700
3.073772
3.073844
3.073916
3.073987
3.074059
3.074131
3.074203
3.074275
3.074347
3.074419
3.074491
3.074563
3.074636
3.074708
3.074780
3.074852
3.074924
3.074997
3.075069
3.075141
3.075213
3.075286
3.075358
3.075430
3.075503
3.075575
3.075647
3.075720
3.075792
3.075864
3.075937
3.076009
3.076081
3.076154
3.076226
3.076298
3.076371
3.076443
3.076515
3.076587
3.076660
3.076732
3.076804
3.076876
3.076948
3.077020
3.077092
3.077164
3.077236
3.077308
3.077380
3.077452
3.077524
3.077596
3.077668
3.077740
3.077811
3.077883
3.077955
3.078026
3.078098
3.078169
3.078241
3.078312
3.078384
3.078455
3.078526
3.078597
3.078669
3.078740
3.078811
3.078882
3.078953
3.079024
3.079094
3.079165
3.079236
3.079306
3.079377
3.079447
3.079518
3.079588
3.079658
3.079729
3.079799
3.079869
3.079939
3.080009
3.080078
3.080148
3.080218
3.080287
3.080357
3.080357
3.080426
3.080495
3.080565
3.080634
3.080703
3.080772
3.080840
3.080909
3.080978
3.081046
3.081115
3.081183
3.081251
3.081319
3.081387
3.081455
3.081523
3.081590
3.081658
3.081725
3.081793
3.081860
3.081927
3.081994
3.082061
3.082127
3.082194
3.082260
3.082326
3.082393
3.082458
3.082524
3.082590
3.082656
3.082721
3.082786
3.082851
3.082916
3.082981
3.083046
3.083110
3.083174
3.083238
3.083302
3.083366
3.083430
3.083493
3.083556
3.083620
3.083683
3.083745
3.083808
3.083870
3.083933
3.083995
3.084057
3.084118
3.084180
3.084242
3.084303
3.084364
3.084426
3.084487
3.084548
3.084609
3.084670
3.084732
3.084793
3.084855
3.084917
3.084979
3.085043
3.085107
3.085171
3.085238
3.085305
3.085375
3.085447
3.085523
3.085602
3.085687
3.085777
3.085875
3.085982
3.086100
3.086231
3.086376
3.086534
3.086705
3.086882
3.087056
3.087210
3.087330
3.087401
3.087412
3.087361
3.087252
3.087092
3.086891
3.086656
3.086397
3.086121
3.085832
3.085536
3.085236
3.084936
3.084637
3.084341
3.084050
3.083763
3.083482
3.083208
3.082941
3.082681
3.082431
3.082191
3.081962
3.081745
3.081543
3.081356
3.081187
3.081038
3.080910
3.080804
3.080723
3.080667
3.080636
3.080629
3.080646
3.080686
3.080747
3.080827
3.080923
3.081035
3.081159
3.081294
3.081437
3.081588
3.081744
3.081905
3.082069
3.082235
3.082403
3.082571
3.082739
3.082907
3.083074
3.083239
3.083402
3.083563
3.083722
3.083878
3.084032
3.084182
3.084329
3.084473
3.084614
3.084751
3.084885
3.085016
3.085143
3.085267
3.085387
3.085504
3.085617
3.085728
3.085835
3.085939
3.086040
3.086138
3.086233
3.086325
3.086415
3.086502
3.086587
3.086670
3.086750
3.086829
3.086905
3.086979
3.087052
3.087123
3.087193
3.087261
3.087328
3.087394
3.087459
3.087522
3.087585
3.087646
3.087707
3.087767
3.087827
3.087886
3.087944
3.088002
3.088059
3.088116
3.088172
3.088228
3.088284
3.088340
3.088395
3.088450
3.088505
3.088560
3.088615
3.088670
3.088724
3.088779
3.088833
3.088887
3.088941
3.088996
3.089050
3.089104
3.089158
3.089212
3.089266
3.089320
3.089374
3.089428
3.089482
3.089536
3.089590
3.089644
3.089698
3.089752
3.089806
3.089860
3.089914
3.089968
3.090022
3.090075
3.090129
3.090183
3.090236
3.090290
3.090343
3.090396
3.090450
3.090503
3.090556
3.090609
3.090662
3.090715
3.090768
3.090821
3.090874
3.090926
3.090979
3.091031
3.091083
3.091135
3.091187
3.091239
3.091291
3.091343
3.091395
3.091446
3.091497
3.091549
3.091600
3.091651
3.091702
3.091753
3.091803
3.091854
3.091904
3.091955
3.092005
3.092055
3.092105
3.092155
3.092205
3.092255
3.092304
3.092354
3.092403
3.092452
3.092501
3.092550
3.092599
3.092648
3.092697
3.092745
3.092794
3.092842
3.092890
3.092939
3.092987
3.093035
3.093083
3.093130
3.093178
3.093226
3.093273
3.093320
3.093368
3.093415
3.093462
3.093509
3.093556
3.093603
3.093650
3.093696
3.093743
3.093789
3.093836
3.093882
3.093928
3.093974
3.094020
3.094066
3.094112
3.094158
3.094203
3.094249
3.094294
3.094339
3.094385
3.094430
3.094475
3.094520
3.094564
3.094609
3.094654
3.094698
3.094743
3.094787
3.094831
3.094875
3.094919
3.094963
3.095007
3.095050
3.095094
3.095137
3.095181
3.095224
3.095267
3.095310
3.095353
3.095395
3.095438
3.095480
3.095523
3.095565
3.095607
3.095649
3.095690
3.095732
3.095774
3.095815
3.095856
3.095897
3.095938
3.095979
3.096020
3.096060
3.096100
3.096141
3.096181
3.096221
3.096260
3.096300
3.096339
3.096379
3.096418
3.096457
3.096495
3.096534
3.096573
3.096611
3.096649
3.096687
3.096725
3.096762
3.096800
3.096837
3.096874
3.096911
3.096948
3.096985
3.097021
3.097057
3.097093
3.097129
3.097165
3.097200
3.097236
3.097271
3.097306
3.097340
3.097375
3.097409
3.097444
3.097478
3.097512
3.097545
3.097579
3.097612
3.097645
3.097678
3.097711
3.097743
3.097775
3.097807
3.097839
3.097871
3.097903
3.097934
3.097965
3.097996
3.098027
3.098057
3.098088
3.098118
3.098148
3.098178
3.098207
3.098237
3.098266
3.098295
3.098324
3.098352
3.098381
3.098409
3.098437
3.098465
3.098493
3.098520
3.098547
3.098574
3.098601
3.098628
3.098654
3.098681
3.098707
3.098733
3.098758
3.098784
3.098809
3.098834
3.098859
3.098884
3.098909
3.098933
3.098957
3.098981
3.099005
3.099028
3.099052
3.099075
3.099098
3.099121
3.099144
3.099166
3.099189
3.099211
3.099233
3.099254
3.099276
3.099297
3.099319
3.099340
3.099360
3.099381
3.099402
3.099422
3.099442
3.099462
3.099482
3.099502
3.099521
3.099540
3.099560
3.099579
3.099597
3.099616
3.099634
3.099653
3.099671
3.099689
3.099707
3.099724
3.099742
3.099759
3.099776
3.099793
3.099810
3.099827
3.099843
3.099860
3.099876
3.099892
3.099908
3.099924
3.099939
3.099939
3.099955
3.099970
3.099985
3.100000
3.100015
3.100030
3.100045
3.100059
3.100074
3.100088
3.100102
3.100116
3.100130
3.100143
3.100157
3.100170
3.100183
3.100197
3.100210
3.100222
3.100235
3.100248
3.100260
3.100273
3.100285
3.100297
3.100309
3.100321
3.100333
3.100345
3.100356
3.100368
3.100379
3.100390
3.100401
3.100412
3.100423
3.100434
3.100445
3.100455
3.100466
3.100476
3.100486
3.100496
3.100507
3.100517
3.100526
3.100536
3.100546
3.100555
3.100565
3.100574
3.100584
3.100593
3.100602
3.100611
3.100620
3.100629
3.100638
3.100646
3.100655
3.100664
3.100672
3.100681
3.100689
3.100697
3.100705
3.100713
3.100721
3.100729
3.100737
3.100745
3.100753
3.100760
3.100768
3.100776
3.100783
3.100790
3.100798
3.100805
3.100812
3.100819
3.100826
3.100833
3.100840
3.100847
3.100854
3.100861
3.100868
3.100874
3.100881
3.100888
3.100894
3.100901
3.100907
3.100914
3.100920
3.100926
3.100933
3.100939
3.100945
3.100951
3.100957
3.100963
3.100969
3.100975
3.100981
3.100987
3.100993
3.100999
3.101004
3.101010
3.101016
3.101022
3.101027
3.101033
3.101038
3.101044
3.101050
3.101055
3.101061
3.101066
3.101071
3.101077
3.101082
3.101088
3.101093
3.101098
3.101103
3.101109
3.101114
3.101119
3.101124
3.101130
3.101135
3.101140
3.101145
3.101150
3.101155
3.101160
3.101165
3.101170
3.101175
3.101180
3.101185
3.101190
3.101195
3.101200
3.101205
3.101210
3.101215
3.101220
3.101225
3.101230
3.101235
3.101240
3.101245
3.101250
3.101255
3.101260
3.101265
3.101270
3.101275
3.101279
3.101284
3.101289
3.101294
3.101299
3.101304
3.101309
3.101314
3.101319
3.101324
3.101329
3.101334
3.101339
3.101344
3.101348
3.101353
3.101358
3.101363
3.101368
3.101373
3.101378
3.101383
3.101388
3.101393
3.101398
3.101404
3.101409
3.101414
3.101419
3.101424
3.101429
3.101434
3.101439
3.101444
3.101450
3.101455
3.101460
3.101465
3.101470
3.101476
3.101481
3.101486
3.101492
3.101497
3.101502
3.101508
3.101513
3.101518
3.101524
3.101529
3.101535
3.101540
3.101546
3.101551
3.101557
3.101562
3.101568
3.101574
3.101579
3.101585
3.101591
3.101596
3.101602
3.101608
3.101614
3.101619
3.101625
3.101631
3.101637
3.101643
3.101649
3.101655
3.101661
3.101667
3.101673
3.101679
3.101685
3.101691
3.101698
3.101704
3.101710
3.101716
3.101723
3.101729
3.101735
3.101742
3.101748
3.101755
3.101761
3.101768
3.101774
3.101781
3.101788
3.101794
3.101801
3.101808
3.101815
3.101821
3.101828
3.101835
3.101842
3.101849
3.101856
3.101863
3.101870
3.101877
3.101885
3.101892
3.101899
3.101906
3.101914
3.101921
3.101928
3.101936
3.101943
3.101951
3.101958
3.101966
3.101974
3.101981
3.101989
3.101997
3.102005
3.102012
3.102020
3.102028
3.102036
3.102044
3.102052
3.102060
3.102069
3.102077
3.102085
3.102093
3.102102
3.102110
3.102119
3.102127
3.102136
3.102144
3.102153
3.102161
3.102170
3.102179
3.102188
3.102197
3.102206
3.102214
3.102223
3.102233
3.102242
3.102251
3.102260
3.102269
3.102279
3.102288
3.102297
3.102307
3.102316
3.102326
3.102335
3.102345
3.102355
3.102365
3.102374
3.102384
3.102394
3.102404
3.102414
3.102424
3.102435
3.102445
3.102455
3.102465
3.102476
3.102486
3.102497
3.102507
3.102518
3.102528
3.102539
3.102550
3.102561
3.102571
3.102582
3.102593
3.102604
3.102615
3.102627
3.102638
3.102649
3.102660
3.102672
3.102683
3.102695
3.102706
3.102718
3.102730
3.102741
3.102753
3.102765
3.102777
3.102789
3.102801
3.102813
3.102825
3.102838
3.102850
3.102862
3.102875
3.102887
3.102900
3.102912
3.102925
3.102938
3.102950
3.102963
3.102976
3.102989
3.103002
3.103015
3.103028
3.103042
3.103055
3.103068
3.103082
3.103095
3.103109
3.103122
3.103136
3.103150
3.103164
3.103178
3.103191
3.103205
3.103220
3.103234
3.103248
3.103262
3.103277
3.103291
3.103305
3.103320
3.103335
3.103349
3.103364
3.103379
3.103394
3.103409
3.103424
3.103439
3.103454
3.103469
3.103484
3.103500
3.103515
3.103531
3.103546
3.103562
3.103578
3.103593
3.103609
3.103625
3.103641
3.103657
3.103673
3.103689
3.103706
3.103722
3.103738
3.103755
3.103772
3.103788
3.103805
3.103822
3.103838
3.103855
3.103872
3.103889
3.103906
3.103924
3.103941
3.103958
3.103976
3.103993
3.104011
3.104028
3.104046
3.104064
3.104081
3.104099
3.104117
3.104135
3.104153
3.104172
3.104190
3.104208
3.104227
3.104245
3.104264
3.104282
3.104301
3.104320
3.104339
3.104358
3.104377
3.104396
3.104415
3.104434
3.104453
3.104473
3.104492
3.104511
3.104531
3.104551
3.104570
3.104590
3.104610
3.104630
3.104650
3.104670
3.104690
3.104710
3.104731
3.104751
3.104772
3.104792
3.104813
3.104833
3.104854
3.104875
3.104896
3.104917
3.104938
3.104959
3.104980
3.104980
3.105001
3.105023
3.105044
3.105066
3.105087
3.105109
3.105130
3.105152
3.105174
3.105196
3.105218
3.105240
3.105262
3.105284
3.105307
3.105329
3.105351
3.105374
3.105396
3.105419
3.105442
3.105465
3.105487
3.105510
3.105533
3.105556
3.105580
3.105603
3.105626
3.105649
3.105673
3.105696
3.105720
3.105744
3.105767
3.105791
3.105815
3.105839
3.105863
3.105887
3.105911
3.105935
3.105960
3.105984
3.106008
3.106033
3.106057
3.106082
3.106107
3.106132
3.106156
3.106181
3.106206
3.106231
3.106257
3.106282
3.106307
3.106332
3.106358
3.106383
3.106409
3.106434
3.106460
3.106486
3.106512
3.106537
3.106563
3.106589
3.106616
3.106642
3.106668
3.106694
3.106721
3.106747
3.106774
3.106800
3.106827
3.106853
3.106880
3.106907
3.106934
3.106961
3.106988
3.107015
3.107042
3.107069
3.107097
3.107124
3.107151
3.107179
3.107206
3.107234
3.107262
3.107289
3.107317
3.107345
3.107373
3.107401
3.107429
3.107457
3.107485
3.107514
3.107542
3.107570
3.107599
3.107627
3.107656
3.107684
3.107713
3.107742
3.107771
3.107800
3.107828
3.107857
3.107887
3.107916
3.107945
3.107974
3.108003
3.108033
3.108062
3.108092
3.108121
3.108151
3.108180
3.108210
3.108240
3.108270
3.108300
3.108330
3.108360
3.108390
3.108420
3.108450
3.108480
3.108511
3.108541
3.108572
3.108602
3.108633
3.108663
3.108694
3.108725
3.108756
3.108786
3.108817
3.108848
3.108879
3.108910
3.108942
3.108973
3.109004
3.109035
3.109067
3.109098
3.109130
3.109161
3.109193
3.109225
3.109257
3.109288
3.109320
3.109352
3.109384
3.109416
3.109448
3.109481
3.109513
3.109545
3.109578
3.109610
3.109643
3.109675
3.109708
3.109741
3.109773
3.109806
3.109839
3.109872
3.109905
3.109938
3.109971
3.110005
3.110038
3.110071
3.110105
3.110138
3.110172
3.110206
3.110239
3.110273
3.110307
3.110341
3.110375
3.110409
3.110443
3.110478
3.110512
3.110547
3.110581
3.110616
3.110650
3.110685
3.110720
3.110755
3.110790
3.110825
3.110860
3.110895
3.110931
3.110966
3.111002
3.111038
3.111073
3.111109
3.111145
3.111181
3.111217
3.111253
3.111290
3.111326
3.111363
3.111399
3.111436
3.111473
3.111510
3.111547
3.111584
3.111621
3.111659
3.111696
3.111734
3.111772
3.111809
3.111847
3.111885
3.111924
3.111962
3.112000
3.112039
3.112078
3.112116
3.112155
3.112194
3.112234
3.112273
3.112312
3.112352
3.112392
3.112431
3.112471
3.112511
3.112552
3.112592
3.112633
3.112673
3.112714
3.112755
3.112796
3.112837
3.112878
3.112920
3.112961
3.113003
3.113045
3.113087
3.113129
3.113171
3.113214
3.113256
3.113299
3.113342
3.113385
3.113428
3.113471
3.113514
3.113558
3.113601
3.113645
3.113689
3.113733
3.113777
3.113822
3.113866
3.113911
3.113955
3.114000
3.114045
3.114090
3.114135
3.114181
3.114226
3.114272
3.114317
3.114363
3.114409
3.114455
3.114501
3.114548
3.114594
3.114641
3.114687
3.114734
3.114781
3.114828
3.114875
3.114922
3.114970
3.115017
3.115064
3.115112
3.115160
3.115208
3.115255
3.115303
3.115352
3.115400
3.115448
3.115496
3.115545
3.115593
3.115642
3.115691
3.115740
3.115788
3.115837
3.115886
3.115936
3.115985
3.116034
3.116083
3.116133
3.116182
3.116232
3.116281
3.116331
3.116381
3.116431
3.116481
3.116531
3.116581
3.116631
3.116681
3.116731
3.116781
3.116832
3.116882
3.116932
3.116983
3.117033
3.117084
3.117135
3.117185
3.117236
3.117287
3.117338
3.117389
3.117439
3.117490
3.117541
3.117592
3.117644
3.117695
3.117746
3.117797
3.117848
3.117900
3.117951
3.118002
3.118054
3.118105
3.118156
3.118208
3.118259
3.118311
3.118362
3.118414
3.118466
3.118517
3.118569
3.118621
3.118672
3.118724
3.118776
3.118828
3.118880
3.118931
3.118983
3.119035
3.119087
3.119139
3.119191
3.119243
3.119295
3.119347
3.119399
3.119451
3.119503
3.119555
3.119607
3.119659
3.119711
3.119763
3.119815
3.119867
3.119920
3.119972
3.120024
3.120076
3.120128
3.120180
3.120232
3.120285
3.120337
3.120389
3.120441
3.120493
3.120545
3.120598
3.120650
3.120702
3.120754
3.120806
3.120859
3.120911
3.120963
3.121015
3.121067
3.121119
3.121172
3.121224
3.121276
3.121328
3.121380
3.121432
3.121484
3.121537
3.121589
3.121641
3.121693
3.121745
3.121797
3.121849
3.121901
3.121953
3.122005
3.122057
3.122109
3.122161
3.122213
3.122265
3.122317
3.122369
3.122421
3.122473
3.122524
3.122576
3.122628
3.122680
3.122732
3.122784
3.122835
3.122887
3.122939
3.122990
3.123042
3.123094
3.123145
3.123197
3.123248
3.123300
3.123352
3.123403
3.123455
3.123506
3.123557
3.123609
3.123660
3.123712
3.123763
3.123814
3.123865
3.123917
3.123968
3.124019
3.124070
3.124121
3.124172
3.124224
3.124275
3.124326
3.124377
3.124428
3.124478
3.124529
3.124580
3.124631
3.124682
3.124732
3.124732
3.124783
3.124834
3.124884
3.124935
3.124986
3.125036
3.125087
3.125137
3.125188
3.125238
3.125288
3.125339
3.125389
3.125439
3.125489
3.125539
3.125590
3.125640
3.125690
3.125740
3.125790
3.125839
3.125889
3.125939
3.125989
3.126039
3.126088
3.126138
3.126187
3.126237
3.126287
3.126336
3.126385
3.126435
3.126484
3.126533
3.126582
3.126632
3.126681
3.126730
3.126779
3.126828
3.126876
3.126925
3.126974
3.127023
3.127071
3.127120
3.127169
3.127217
3.127266
3.127314
3.127362
3.127411
3.127459
3.127507
3.127555
3.127603
3.127651
3.127699
3.127747
3.127795
3.127842
3.127890
3.127937
3.127986
3.128032
3.128082
3.128125
3.128179
3.128214
3.128282
3.128295
3.128400
3.128349
3.128568
3.128329
3.128917
3.128087
3.130022
3.126994
3.131936
3.127529
3.131873
3.127585
3.132025
3.127871
3.130811
3.127089
3.131107
3.127158
3.130617
3.127056
3.131026
3.127300
3.130883
3.127387
3.131279
3.127698
3.131354
3.127851
3.131543
3.127984
3.131538
3.128039
3.131642
3.128157
3.131721
3.128285
3.131852
3.128430
3.131958
3.128562
3.132075
3.128696
3.132188
3.128836
3.132320
3.128992
3.132464
3.129161
3.132622
3.129339
3.132786
3.129520
3.132954
3.129701
3.133120
3.129878
3.133283
3.130048
3.133438
3.130207
3.133586
3.130357
3.133726
3.130498
3.133860
3.130631
3.133989
3.130758
3.134113
3.130879
3.134234
3.130996
3.134352
3.131109
3.134468
3.131219
3.134582
3.131327
3.134694
3.131433
3.134806
3.131537
3.134917
3.131641
3.135027
3.131745
3.135138
3.131848
3.135248
3.131951
3.135359
3.132054
3.135470
3.132158
3.135581
3.132261
3.135692
3.132365
3.135803
3.132468
3.135914
3.132571
3.136025
3.132674
3.136136
3.132777
3.136247
3.132880
3.136358
3.132982
3.136468
3.133084
3.136579
3.133186
3.136689
3.133288
3.136799
3.133389
3.136909
3.133491
3.137019
3.133592
3.137129
3.133693
3.137239
3.133795
3.137349
3.133897
3.137459
3.133999
3.137570
3.134101
3.137681
3.134203
3.137792
3.134307
3.137904
3.134410
3.138016
3.134514
3.138128
3.134619
3.138241
3.134724
3.138355
3.134830
3.138469
3.134937
3.138583
3.135044
3.138698
3.135152
3.138813
3.135260
3.138929
3.135369
3.139045
3.135478
3.139161
3.135588
3.139278
3.135699
3.139395
3.135809
3.139512
3.135920
3.139630
3.136032
3.139747
3.136143
3.139865
3.136255
3.139982
3.136367
3.140100
3.136479
3.140217
3.136591
3.140335
3.136703
3.140452
3.136815
3.140569
3.136927
3.140686
3.137039
3.140803
3.137150
3.140919
3.137261
3.141035
3.137372
3.141151
3.137483
3.141267
3.137594
3.141382
3.137704
3.141497
3.137814
3.141612
3.137924
3.141726
3.138033
3.141840
3.138142
3.141954
3.138250
3.142067
3.138359
3.142180
3.138467
3.142292
3.138574
3.142405
3.138681
3.142517
3.138788
3.142629
3.138895
3.142740
3.139002
3.142851
3.139108
3.142962
3.139214
3.143073
3.139320
3.143184
3.139425
3.143294
3.139531
3.143405
3.139636
3.143515
3.139741
3.143625
3.139847
3.143735
3.139951
3.143846
3.140058
3.143955
3.140160
3.144066
3.140269
3.144173
3.140367
3.144289
3.140486
3.144389
3.140566
3.144517
3.140717
3.144595
3.140737
3.144761
3.141002
3.144758
3.140814
3.145043
3.141460
3.144684
3.140721
3.145244
3.142025
3.143449
3.142079
3.144964
3.140270
3.145317
3.142662
3.142481
3.145335
3.141284
3.145827
3.142419
3.143335
3.143491
3.144115
3.142962
3.145516
3.140202
3.143618
3.144105
3.139682
3.144329
3.143922
3.139848
3.145642
3.142768
3.142612
3.144047
3.142818
3.145570
3.141970
3.147384
3.144497
3.146199
3.145428
3.148100
3.143179
3.147687
3.146081
3.143255
3.148137
3.145582
3.144321
3.146933
3.143039
3.148100
3.144942
3.146948
3.145592
3.148953
3.143912
3.149051
3.146280
3.146216
3.149105
3.144743
3.149444
3.146271
3.146088
3.149037
3.144739
3.149548
3.146774
3.145846
3.149876
3.145663
3.150391
3.146868
3.149138
3.146015
3.150511
3.147118
3.148706
3.146771
3.150730
3.145924
3.151135
3.147724
3.150170
3.146631
3.151067
3.147697
3.148089
3.148994
3.147861
3.150888
3.144804
3.148361
3.148740
3.144097
3.148429
3.148327
3.144411
3.150345
3.147441
3.147476
3.148771
3.147891
3.150645
3.146797
3.152460
3.149888
3.150282
3.152997
3.148768
3.153207
3.150868
3.148936
3.153759
3.150480
3.152079
3.148816
3.153383
3.149888
3.152767
3.148907
3.153462
3.151583
3.148951
3.154096
3.151087
3.151303
3.151922
3.151055
3.153683
3.148091
3.151552
3.152164
3.147586
3.151870
3.151989
3.148101
3.154111
3.151283
3.151204
3.152683
3.151415
3.154581
3.150287
3.155984
3.153569
3.153409
3.156901
3.152190
3.156989
3.154381
3.152895
3.157189
3.153379
3.156751
3.151783
3.156974
3.153943
3.154431
3.156109
3.153276
3.157753
3.154079
3.157352
3.152398
3.155556
3.155556
3.155500
3.150695
3.155886
3.155124
3.151235
3.157473
3.154784
3.153850
3.156583
3.153582
3.158109
3.154721
3.158858
3.154587
3.159680
3.157006
3.156949
3.159332
3.154799
3.159163
3.157280
3.154017
3.158988
3.157387
3.154055
3.159567
3.156524
3.156359
3.158935
3.154982
3.160304
3.157433
3.157006
3.160763
3.155768
3.160795
3.158388
3.156264
3.161338
3.158301
3.158938
3.158422
3.160393
3.155317
3.159118
3.159023
3.154356
3.157377
3.158429
3.154357
3.161162
3.158481
3.156933
3.160605
3.157668
3.161546
3.157750
3.162952
3.159856
3.162917
3.158761
3.163222
3.161622
3.158704
3.163802
3.161447
3.159716
3.163615
3.159370
3.163842
3.159876
3.164422
3.159950
3.165144
3.161896
3.163071
3.161731
3.165037
3.158952
3.163159
3.162726
3.158087
3.162041
3.161970
3.157966
3.164413
3.161699
3.160800
3.163980
3.160870
3.165539
3.162191
3.166168
3.161604
3.166522
3.164676
3.162421
3.167408
3.164330
3.164809
3.164517
3.165759
3.161784
3.166604
3.164593
3.161832
3.166585
3.165363
3.161304
3.166934
3.165314
3.161085
3.167296
3.165612
3.161748
3.167822
3.165213
3.163499
3.167765
3.164457
3.168519
3.164136
3.169759
3.166749
3.167385
3.168126
3.166739
3.170053
3.163482
3.165994
3.166921
3.162339
3.165947
3.165979
3.162316
3.168687
3.165806
3.165848
3.167835
3.165937
3.170237
3.166048
3.171650
3.168672
3.171559
3.167206
3.170987
3.170064
3.165636
3.169954
3.169602
3.165243
3.171854
3.169524
3.166512
3.171829
3.168995
3.170076
3.170099
3.171724
3.168593
3.173941
3.170806
3.171882
3.172374
3.172252
3.173264
3.168416
3.170640
3.171079
3.165767
3.164112
3.170148
3.166686
3.171968
3.169770
3.170815
3.170225
3.172354
3.170115
3.175730
3.173029
3.175980
3.171771
3.175047
3.174757
3.170179
3.173267
3.174080
3.170013
3.176833
3.174391
3.171435
3.176361
3.173588
3.175225
3.174456
3.177936
3.172914
3.177899
3.177033
3.172841
3.176974
3.176712
3.172381
3.178906
3.176561
3.173798
3.178864
3.175944
3.177056
3.176599
3.179209
3.174356
3.178906
3.178559
3.174168
3.177726
3.178024
3.173962
3.180637
3.177950
3.175865
3.180146
3.177235
3.180254
3.176441
3.182145
3.179243
3.180087
3.181956
3.178223
3.182818
3.180619
3.177790
3.182689
3.180803
3.177481
3.183058
3.180150
3.178205
3.183268
3.180090
3.182759
3.178055
3.182768
3.181462
3.176901
3.181339
3.180938
3.176958
3.184172
3.181635
3.178717
3.184007
3.181005
3.181948
3.181862
3.183808
3.179546
3.184776
3.183399
3.179250
3.182440
3.182809
3.178486
3.185880
3.183318
3.179983
3.185760
3.182682
3.183035
3.183803
3.183184
3.186276
3.180714
3.185020
3.184949
3.180636
3.184613
3.184426
3.180720
3.187459
3.184493
3.183351
3.186852
3.183644
3.188206
3.184697
3.189327
3.185016
3.190615
3.187596
3.188534
3.188176
3.190142
3.183877
3.184977
3.185650
3.181550
3.184469
3.185385
3.182417
3.189311
3.186427
3.186442
3.188939
3.186415
3.191346
3.188188
3.191822
3.186806
3.191306
3.190496
3.186089
3.190902
3.190083
3.186098
3.192848
3.190147
3.187468
3.192338
3.189412
3.191004
3.189627
3.193769
3.188773
3.194867
3.192203
3.191048
3.195337
3.191488
3.195084
3.189220
3.194161
3.192570
3.188277
3.193247
3.191997
3.187855
3.194843
3.192495
3.189484
3.195383
3.192313
3.192652
3.193826
3.191535
3.196148
3.192424
3.196918
3.191376
3.196012
3.194782
3.190130
3.194638
3.193451
3.189508
3.196853
3.194172
3.191223
3.196738
3.193623
3.194340
3.194641
3.194997
3.195351
3.195878
3.195131
3.199396
3.192769
3.195403
3.195230
3.190857
3.192205
3.193339
3.189967
3.198446
3.195497
3.193581
3.198189
3.195543
3.198039
3.194854
3.200778
3.197717
3.198857
3.199328
3.200633
3.196001
3.199920
3.198520
3.193542
3.192477
3.196551
3.192779
3.201186
3.198341
3.196507
3.200412
3.197933
3.201136
3.197494
3.203541
3.200449
3.201481
3.201967
3.201723
3.203924
3.197204
3.195205
3.199447
3.195305
3.198521
3.199290
3.196899
3.202133
3.199654
3.201169
3.201698
3.203397
3.202086
3.206496
3.201889
3.207778
3.204850
3.205874
3.206064
3.206684
3.203254
3.208146
3.204538
3.205540
3.207760
3.201047
3.198916
3.202214
3.198133
3.199374
3.202976
3.200639
3.206499
3.203816
3.204500
3.205066
3.205746
3.206632
3.207001
3.209706
3.203884
3.203483
3.205993
3.202603
3.205257
3.206255
3.203535
3.210361
3.207288
3.207110
3.209860
3.206959
3.212176
3.209438
3.212354
3.208149
3.212639
3.211489
3.207367
3.212104
3.210824
3.206947
3.213794
3.211108
3.208123
3.213835
3.210821
3.211548
3.212441
3.211748
3.215138
3.209482
3.214356
3.213252
3.209140
3.213264
3.212145
3.208647
3.215807
3.212748
3.210724
3.215460
3.212641
3.214686
3.211635
3.217269
3.214132
3.215255
3.215404
3.217663
3.217663
3.211336
3.212477
3.212658
3.209438
3.214265
3.213104
3.210442
3.217299
3.213987
3.213910
3.216807
3.213418
3.219292
3.216107
3.217205
3.217285
3.219544
3.213467
3.215828
3.215438
3.212310
3.217459
3.215884
3.212953
3.219882
3.216486
3.215904
3.219444
3.215996
3.221277
3.218300
3.221005
3.216372
3.221660
3.219699
3.215587
3.221158
3.219137
3.215484
3.222725
3.219574
3.216662
3.222337
3.219095
3.219834
3.220196
3.220567
3.222023
3.217157
3.221374
3.219982
3.216272
3.219475
3.218943
3.216081
3.223932
3.220503
3.218668
3.223367
3.220635
3.222909
3.219481
3.225779
3.222249
3.223483
3.225154
3.220732
3.225913
3.223336
3.219024
3.222211
3.221228
3.218287
3.226357
3.222983
3.220429
3.226161
3.223062
3.223890
3.224218
3.224518
3.224738
3.226378
3.220432
3.219477
3.222043
3.218883
3.222502
3.222496
3.220305
3.226799
3.223626
3.224212
3.225782
3.224518
3.228739
3.224495
3.230735
3.227769
3.229173
3.227941
3.231832
3.226019
3.232257
3.228875
3.226615
3.231718
3.227919
3.228536
3.229535
3.225171
3.230319
3.228140
3.224246
3.226934
3.226503
3.223649
3.231902
3.228489
3.225911
3.231773
3.228517
3.229200
3.229379
3.229870
3.230701
3.227314
3.233735
3.230895
3.227834
3.232892
3.230723
3.226442
3.232964
3.229607
3.226483
3.234266
3.230911
3.228227
3.233912
3.230535
3.231246
3.231468
3.232065
3.232671
3.230014
3.236205
3.232350
3.233632
3.233705
3.233781
3.236069
3.227845
3.225351
3.237301
3.231041
3.234772
3.233990
3.232607
3.230814
3.230806
3.231426
3.234988
3.230512
3.236017
3.234409
3.230541
3.234469
3.233653
3.231021
3.238705
3.235633
3.233426
3.237894
3.234881
3.236366
3.233702
3.239174
3.236380
3.238446
3.234747
3.239737
3.237369
3.233368
3.238427
3.236012
3.232543
3.240119
3.236881
3.233661
3.240480
3.237194
3.236127
3.239977
3.236548
3.240758
3.236448
3.241910
3.238897
3.241038
3.236151
3.241080
3.238590
3.234573
3.239898
3.237548
3.234793
3.242241
3.238783
3.236708
3.241645
3.238802
3.240446
3.237622
3.243385
3.239966
3.240723
3.240841
3.243146
3.236594
3.238010
3.237804
3.235393
3.242314
3.239472
3.236846
3.243530
3.239882
3.240004
3.242829
3.238660
3.245699
3.242054
3.241092
3.245661
3.242375
3.245504
3.239686
3.245530
3.242625
3.238894
3.245230
3.242181
3.238927
3.246312
3.242879
3.240661
3.246128
3.243046
3.243747
3.243702
3.245707
3.240038
3.245011
3.242648
3.240106
3.247128
3.244160
3.240736
3.248029
3.244381
3.242055
3.247662
3.244427
3.245023
3.245467
3.246598
3.242091
3.247969
3.245247
3.241706
3.245074
3.243641
3.241252
3.248984
3.245148
3.243498
3.248070
3.245389
3.247850
3.243466
3.250706
3.247637
3.244195
3.250950
3.248134
3.244335
3.251781
3.248260
3.244721
3.251396
3.247801
3.246117
3.250370
3.247415
3.250229
3.245132
3.251906
3.249033
3.245350
3.251947
3.248889
3.245381
3.252639
3.249093
3.246371
3.252167
3.248628
3.249344
3.249447
3.249602
3.251430
3.245585
3.247684
3.247398
3.245507
3.253344
3.250031
3.246873
3.253620
3.249813
3.249247
3.252904
3.248800
3.254375
3.251287
3.252900
3.249286
3.255449
3.252336
3.249250
3.255730
3.252574
3.248514
3.255452
3.251848
3.248281
3.255928
3.252573
3.249385
3.256245
3.252671
3.251372
3.255285
3.251845
3.255717
3.250533
3.257507
3.253746
3.252534
3.256928
3.253642
3.255919
3.250112
3.254983
3.252242
3.249849
3.257329
3.254025
3.250637
3.257866
3.254228
3.251834
3.257831
3.254192
3.254948
3.254868
3.254660
3.256980
3.250821
3.253921
3.252748
3.251240
3.258898
3.255368
3.252223
3.259013
3.255088
3.254543
3.258596
3.254365
3.259618
3.256595
3.258376
3.253295
3.257821
3.255283
3.252935
3.260689
3.257086
3.253543
3.260943
3.257176
3.254216
3.261091
3.257478
3.256631
3.260504
3.256419
3.261149
3.257585
3.261482
3.255678
3.262099
3.258668
3.254915
3.261262
3.257797
3.254675
3.262380
3.258755
3.255776
3.262461
3.258673
3.258394
3.261606
3.256440
3.263601
3.260016
3.257217
3.263654
3.260482
3.256941
3.263816
3.260321
3.256672
3.263761
3.260450
3.256851
3.264188
3.260823
3.257370
3.264496
3.261130
3.258242
3.264611
3.260759
3.260809
3.263329
3.257778
3.264521
3.261050
3.257683
3.264035
3.260859
3.257931
3.265328
3.261625
3.259248
3.264940
3.261531
3.262030
3.262631
3.263183
3.259932
3.266668
3.262986
3.261078
3.267378
3.263643
3.261932
3.266612
3.263548
3.264545
3.258762
3.257644
3.259365
3.256674
3.262805
3.260718
3.259427
3.265245
3.262139
3.262838
3.263331
3.263554
3.264800
3.265797
3.259990
3.259147
3.263890
3.261233
3.269399
3.265563
3.264886
3.265206
3.262134
3.268355
3.265453
3.266870
3.267357
3.269771
3.263657
3.267403
3.265192
3.265073
3.271305
3.267673
3.267338
3.267338
3.267326
3.268453
3.262530
3.262411
3.264637
3.262726
3.269796
3.266745
3.265419
3.270360
3.267705
3.268869
3.267681
3.272004
3.267480
3.273592
3.270661
3.272096
3.268485
3.274514
3.271021
3.267694
3.273796
3.270066
3.267476
3.274792
3.270874
3.268176
3.274868
3.270882
3.271653
3.273661
3.268262
3.274885
3.270877
3.268466
3.275874
3.272395
3.268912
3.276393
3.272488
3.269376
3.276364
3.272714
3.270720
3.275974
3.272930
3.273728
3.271128
3.277094
3.273548
3.273908
3.274202
3.276493
3.269254
3.267725
3.269921
3.266707
3.268861
3.270578
3.268331
3.274708
3.271515
3.272253
3.273122
3.272754
3.276582
3.271669
3.279882
3.276370
3.273359
3.279955
3.276631
3.272892
3.280307
3.276397
3.273017
3.280184
3.276586
3.273850
3.280221
3.276449
3.277456
3.278823
3.273981
3.280234
3.276540
3.273830
3.281046
3.277487
3.274059
3.281538
3.277679
3.274791
3.281587
3.277795
3.277395
3.280755
3.275662
3.282671
3.278607
3.278292
3.282299
3.277533
3.282694
3.279568
3.280403
3.275593
3.280362
3.276538
3.276823
3.281425
3.277774
3.281576
3.276161
3.283825
3.279672
3.278478
3.283413
3.280553
3.280880
3.275831
3.279507
3.276736
3.276812
3.282507
3.279573
3.280259
3.275802
3.283717
3.279336
3.277022
3.284995
3.281126
3.277744
3.285435
3.281301
3.278027
3.285574
3.281755
3.278799
3.285586
3.281430
3.280233
3.284375
3.280861
3.284869
3.279179
3.286661
3.282702
3.279424
3.286074
3.282239
3.278741
3.286483
3.282418
3.279157
3.286768
3.282955
3.279726
3.286903
3.283090
3.280636
3.286827
3.282820
3.284037
3.284321
3.280286
3.286591
3.282514
3.279692
3.285727
3.281465
3.282167
3.285344
3.280362
3.287951
3.283427
3.283087
3.287503
3.283572
3.288047
3.282995
3.289021
3.285916
3.286662
3.282352
3.288235
3.283969
3.281287
3.288796
3.284504
3.281778
3.289604
3.285429
3.282378
3.289873
3.285942
3.283113
3.290198
3.286113
3.284025
3.289629
3.286266
3.286429
3.285711
3.289541
3.283283
3.291018
3.286477
3.283962
3.290527
3.286569
3.283085
3.291034
3.286485
3.283406
3.291214
3.287158
3.283783
3.291444
3.287414
3.284138
3.291712
3.287849
3.284591
3.291933
3.288001
3.284697
3.291957
3.288126
3.284933
3.292241
3.288482
3.285241
3.292500
3.288728
3.285392
3.292696
3.288875
3.285496
3.292885
3.289022
3.285645
3.293063
3.289211
3.285880
3.293249
3.289447
3.286212
3.293463
3.289706
3.286640
3.293704
3.289924
3.287307
3.293863
3.289663
3.290368
3.291973
3.286345
3.292358
3.287687
3.289978
3.291966
3.286809
3.294689
3.289633
3.287028
3.294405
3.290895
3.287898
3.295404
3.291234
3.288287
3.295273
3.291264
3.290375
3.294485
3.290646
3.294836
3.289198
3.296573
3.292168
3.292018
3.295788
3.289958
3.297011
3.292574
3.290976
3.296450
3.293251
3.293471
3.290122
3.296598
3.292526
3.290213
3.297062
3.293075
3.290025
3.297038
3.292527
3.289375
3.297009
3.292296
3.290001
3.297260
3.292890
3.291651
3.295959
3.292782
3.295527
3.289939
3.298137
3.292203
3.294407
3.295040
3.290796
3.298085
3.292997
3.290385
3.297879
3.292578
3.294490
3.295043
3.290287
3.298892
3.292643
3.294645
3.296964
3.291585
3.299856
3.293518
3.294570
3.297814
3.292158
3.300127
3.295169
3.292612
3.299759
3.295962
3.292759
3.300431
3.296143
3.292951
3.300409
3.296393
3.293217
3.300786
3.296611
3.293337
3.300873
3.296777
3.293584
3.301144
3.297070
3.293848
3.301306
3.297272
3.294085
3.301525
3.297537
3.294376
3.301763
3.297773
3.294598
3.301951
3.297950
3.294779
3.302138
3.298131
3.294965
3.302334
3.298323
3.295158
3.302535
3.298522
3.295360
3.302741
3.298730
3.295575
3.302948
3.298941
3.295798
3.303155
3.299153
3.296028
3.303361
3.299363
3.296260
3.303567
3.299570
3.296494
3.303773
3.299773
3.296733
3.303978
3.299974
3.296986
3.304187
3.300173
3.297293
3.304403
3.300348
3.297846
3.304537
3.300055
3.301177
3.302540
3.295838
3.294373
3.296898
3.293684
3.298817
3.297445
3.295873
3.300877
3.298249
3.298856
3.299997
3.301152
3.296821
3.303314
3.299368
3.301832
3.304414
3.299258
3.307805
3.302271
3.299953
3.307198
3.303537
3.301227
3.307091
3.303317
3.303630
3.304833
3.305012
3.301653
3.308307
3.303656
3.301434
3.309306
3.303507
3.303767
3.305163
3.305926
3.298878
3.299690
3.305282
3.301751
3.305950
3.303644
3.304271
3.299993
3.306218
3.303307
3.304533
3.306462
3.308337
3.300523
3.301209
3.312381
3.305171
3.307289
3.307683
3.305038
3.303160
3.302355
3.305723
3.301452
3.310058
3.306137
3.307653
3.310470
3.304912
3.311890
3.307494
3.306205
3.311870
3.308468
3.307892
3.308455
3.310643
3.302676
3.301736
3.316712
3.309029
3.309879
3.310819
3.307561
3.305933
3.305002
3.308565
3.304292
3.311881
3.309015
3.307757
3.313519
3.313519
3.310458
3.310561
3.311800
3.312715
3.306428
3.304547
3.309115
3.306536
3.312633
3.309659
3.310071
3.307014
3.312732
3.310602
3.312051
3.308426
3.315500
3.310480
3.311334
3.314714
3.309204
3.316883
3.312080
3.310658
3.316047
3.313003
3.313129
3.310007
3.316800
3.312382
3.314705
3.316695
3.308713
3.307702
3.318997
3.311394
3.313833
3.312921
3.311318
3.310042
3.309905
3.308784
3.315464
3.313988
3.315337
3.309873
3.307212
3.310545
3.307404
3.312671
3.311090
3.310475
3.313582
3.311583
3.314034
3.310179
3.319374
3.315746
3.314213
3.321032
3.317016
3.318214
3.317681
3.313120
3.318916
3.314070
3.315483
3.317105
3.317308
3.312810
3.322631
3.316219
3.318374
3.316179
3.322510
3.317710
3.318877
3.317951
3.314799
3.323282
3.317844
3.318767
3.315135
3.322810
3.316475
3.318188
3.318352
3.314749
3.322956
3.317481
3.316881
3.321947
3.319595
3.320362
3.314010
3.313285
3.315956
3.312995
3.323657
3.317745
3.316794
3.318247
3.314909
3.320921
3.318513
3.319664
3.316378
3.324645
3.319768
3.317405
3.325240
3.320899
3.318665
3.324595
3.320515
3.320611
3.321068
3.320545
3.321899
3.324126
3.316313
3.309638
3.322653
3.323332
3.320841
3.322113
3.318758
3.316082
3.315590
3.317116
3.319230
3.321242
3.322206
3.324182
3.324542
3.319984
3.315302
3.321166
3.317931
3.317532
3.321311
3.318262
3.324005
3.321231
3.322355
3.323195
3.324476
3.325282
3.326862
3.327463
3.325326
3.331176
3.327287
3.329264
3.329294
3.323057
3.319378
3.323552
3.320412
3.329469
3.324853
3.324999
3.325726
3.323862
3.328773
3.326402
3.329857
3.324993
3.333060
3.328171
3.327072
3.331411
3.328780
3.329756
3.324831
3.333249
3.327428
3.328883
3.327783
3.332041
3.327662
3.331997
3.328122
3.333093
3.328779
3.333529
3.330038
3.331983
3.326384
3.334936
3.328891
3.330210
3.327616
3.333281
3.329638
3.329554
3.327172
3.333789
3.330426
3.330466
3.330811
3.333197
3.327141
3.334647
3.329050
3.330788
3.328081
3.334538
3.329258
3.330474
3.329961
3.327200
3.335831
3.329916
3.332713
3.332906
3.326729
3.326163
3.328819
3.326042
3.334428
3.329763
3.329416
3.329045
3.325845
3.334890
3.330589
3.330501
3.335442
3.333055
3.333894
3.327659
3.326718
3.328139
3.325953
3.335896
3.329664
3.330037
3.330852
3.328700
3.334117
3.332134
3.332959
3.329580
3.339484
3.332885
3.334156
3.331677
3.337939
3.333694
3.333043
3.334686
3.336721
3.329241
3.329614
3.343884
3.336942
3.334771
3.337193
3.332791
3.330323
3.329504
3.330643
3.331826
3.334393
3.334344
3.332106
3.341579
3.336010
3.338321
3.333919
3.339057
3.334334
3.334662
3.335142
3.336476
3.331736
3.342093
3.335887
3.337695
3.335846
3.341395
3.338170
3.337185
3.333511
3.342420
3.336228
3.337420
3.333277
3.342080
3.335455
3.335938
3.336573
3.336470
3.337910
3.339152
3.331906
3.327387
3.339652
3.340572
3.337109
3.337858
3.333968
3.330901
3.330143
3.331727
3.334049
3.335907
3.337835
3.338508
3.338441
3.343309
3.338824
3.345256
3.342021
3.343279
3.343680
3.337522
3.335977
3.335459
3.337246
3.341875
3.337481
3.343910
3.339956
3.340448
3.341727
3.342093
3.338502
3.345891
3.340670
3.340943
3.345199
3.339673
3.346569
3.341349
3.343133
3.343620
3.337322
3.334620
3.337391
3.334568
3.340608
3.338014
3.337399
3.340016
3.338010
3.340950
3.336970
3.345894
3.341295
3.342337
3.344746
3.339785
3.349061
3.342690
3.344009
3.343641
3.344706
3.345872
3.338097
3.336709
3.348599
3.341286
3.347152
3.343551
3.341906
3.340285
3.340783
3.339291
3.346195
3.344367
3.345206
3.341876
3.350400
3.345008
3.346227
3.344147
3.349770
3.346603
3.346436
3.342747
3.349925
3.344973
3.347306
3.347649
3.342964
3.348819
3.343637
3.344590
3.346016
3.346047
3.341644
3.352230
3.345018
3.346962
3.343177
3.351994
3.345571
3.345549
3.346096
3.346153
3.345163
3.349353
3.343941
3.352596
3.347219
3.349266
3.350050
3.343078
3.342533
3.345097
3.342408
3.349642
3.345405
3.344463
3.343588
3.344091
3.344552
3.347318
3.346387
3.344949
3.355028
3.346253
3.352931
3.350040
3.350881
3.345488
3.354272
3.347566
3.348459
3.346948
3.352209
3.349134
3.350119
3.344276
3.343166
3.344690
3.342558
3.353843
3.346347
3.346381
3.345808
3.347000
3.347629
3.343921
3.354777
3.348373
3.350346
3.347813
3.354411
3.349494
3.349734
3.348993
3.351025
3.353280
3.345668
3.343066
3.359361
3.355348
3.351264
3.351458
3.347279
3.344087
3.343034
3.344268
3.346329
3.348099
3.349778
3.350145
3.352452
3.355239
3.348100
3.344246
3.357177
3.353235
3.351083
3.354001
3.349555
3.347390
3.347469
3.349539
3.352160
3.352002
3.357129
3.354240
3.358378
3.353385
3.358999
3.355429
3.355974
3.356895
3.351906
3.358261
3.353203
3.355871
3.351787
3.358454
3.354508
3.354508
3.353682
3.357416
3.353281
3.358107
3.355094
3.356075
3.351350
3.359785
3.353619
3.355787
3.351460
3.359157
3.354162
3.353088
3.356897
3.352950
3.357857
3.354770
3.356899
3.351977
3.361239
3.354969
3.356604
3.352304
3.359780
3.354631
3.353527
3.357451
3.353356
3.358326
3.355222
3.357110
3.352239
3.361574
3.354874
3.357178
3.352519
3.360510
3.354897
3.354401
3.357596
3.352554
3.360610
3.355529
3.356321
3.358254
3.353281
3.362673
3.355961
3.357884
3.353343
3.361441
3.355280
3.356193
3.356593
3.353004
3.361190
3.355742
3.356977
3.358748
3.353797
3.362988
3.355714
3.358367
3.353629
3.361945
3.355900
3.356195
3.357438
3.353044
3.362948
3.356688
3.358028
3.354302
3.362163
3.356798
3.356335
3.359728
3.354389
3.362740
3.357041
3.358521
3.359081
3.353720
3.358059
3.354146
3.356348
3.357913
3.353887
3.362187
3.356281
3.356579
3.360669
3.355456
3.364295
3.358131
3.359682
3.359234
3.355808
3.365021
3.357593
3.361042
3.355862
3.364445
3.358096
3.358777
3.358737
3.355544
3.363209
3.357935
3.359955
3.361904
3.354345
3.352892
3.361601
3.355103
3.361463
3.357593
3.355991
3.354786
3.354535
3.356401
3.359219
3.353936
3.353652
3.357075
3.354126
3.364523
3.358119
3.357782
3.357234
3.358067
3.359220
3.355694
3.366628
3.360193
3.363703
3.359193
3.366908
3.361518
3.361137
3.363251
3.358054
3.366540
3.360674
3.361440
3.361505
3.362602
3.362424
3.359976
3.366676
3.363763
3.363880
3.360909
3.368584
3.363568
3.363473
3.358056
3.355364
3.357243
3.355114
3.366907
3.359636
3.359544
3.359915
3.360666
3.357692
3.365940
3.361083
3.363478
3.363017
3.358772
3.363558
3.359340
3.361487
3.362599
3.359888
3.365407
3.362114
3.361796
3.359821
3.370400
3.363238
3.366363
3.361096
3.370209
3.363444
3.363522
3.362527
3.363741
3.366061
3.358403
3.358646
3.374036
3.367588
3.364631
3.364331
3.360158
3.357364
3.356736
3.358166
3.360308
3.361906
3.363883
3.364316
3.364113
3.369676
3.364863
3.371936
3.368800
3.369262
3.365292
3.370332
3.365634
3.367337
3.368602
3.362268
3.359320
3.363518
3.360100
3.370625
3.364079
3.363135
3.362632
3.361293
3.366078
3.361904
3.368557
3.366184
3.366701
3.363159
3.372468
3.365225
3.369392
3.364463
3.371932
3.366685
3.366959
3.367338
3.363159
3.372695
3.365651
3.369321
3.364372
3.372152
3.366484
3.366024
3.367734
3.363030
3.373110
3.366595
3.368390
3.364036
3.372841
3.366784
3.366791
3.367234
3.367085
3.367776
3.370960
3.363034
3.361732
3.377833
3.371015
3.367980
3.368582
3.364167
3.361651
3.361153
3.362456
3.365169
3.367089
3.364673
3.373895
3.369172
3.369898
3.371201
3.371748
3.367751
3.373781
3.366875
3.373589
3.370757
3.372666
3.367277
3.374681
3.369385
3.370680
3.371610
3.367306
3.375848
3.368815
3.371261
3.366254
3.374755
3.368931
3.368610
3.369201
3.370093
3.365357
3.374022
3.367751
3.371268
3.366805
3.375090
3.369266
3.369100
3.370441
3.366004
3.375845
3.369307
3.371264
3.366746
3.375522
3.369456
3.369489
3.369248
3.370262
3.370177
3.367408
3.374728
3.371010
3.371183
3.371841
3.375452
3.367257
3.365816
3.369190
3.365556
3.374986
3.369161
3.367718
3.368254
3.364821
3.373822
3.369328
3.371138
3.371526
3.367577
3.377207
3.369364
3.373749
3.369036
3.376222
3.371173
3.371439
3.371679
3.368556
3.376899
3.371971
3.373738
3.373500
3.370196
3.378648
3.369980
3.376221
3.372943
3.374051
3.368829
3.377230
3.371244
3.371369
3.372730
3.375036
3.367838
3.368174
3.370978
3.367762
3.375300
3.370806
3.369481
3.368234
3.369768
3.370349
3.367392
3.376829
3.371438
3.373626
3.369850
3.378831
3.372294
3.372624
3.373112
3.369821
3.378213
3.372810
3.374524
3.374431
3.371134
3.379749
3.371519
3.377371
3.374220
3.375765
3.370083
3.378851
3.372648
3.372856
3.374032
3.376302
3.369346
3.369244
3.370438
3.367527
3.377457
3.371155
3.370729
3.370217
3.371107
3.371835
3.369750
3.377676
3.374518
3.375077
3.374337
3.379531
3.373746
3.380284
3.376794
3.376927
3.373287
3.382234
3.375251
3.377925
3.372757
3.382559
3.375799
3.376829
3.371966
3.380874
3.374706
3.374442
3.374423
3.374231
3.375547
3.375167
3.370384
3.368097
3.372332
3.368579
3.371794
3.373639
3.370622
3.372258
3.370733
3.372900
3.369858
3.376880
3.374440
3.375695
3.374294
3.380026
3.377019
3.378356
3.372810
3.376273
3.373781
3.374082
3.378257
3.373499
3.379224
3.375945
3.376976
3.374877
3.382445
3.378724
3.378483
3.376833
3.382096
3.377408
3.382132
3.376415
3.383883
3.379388
3.378761
3.379100
3.382437
3.374138
3.373719
3.381458
3.375587
3.381223
3.376967
3.374935
3.373803
3.374262
3.373265
3.380161
3.377783
3.379981
3.375399
3.385412
3.378162
3.380937
3.376350
3.384447
3.378835
3.378582
3.379988
3.379988
3.375785
3.386415
3.379055
3.382921
3.377834
3.385033
3.379784
3.379708
3.379843
3.375994
3.385975
3.378368
3.383118
3.378403
3.384472
3.380778
3.381073
3.377178
3.384968
3.380293
3.381344
3.381664
3.378170
3.386426
3.381512
3.381735
3.377832
3.385038
3.377896
3.382197
3.377856
3.382792
3.378756
3.381366
3.376137
3.386673
3.380418
3.382099
3.377463
3.386757
3.380489
3.380832
3.377537
3.384583
3.380581
3.380071
3.380572
3.384545
3.376457
3.376248
3.383210
3.377799
3.382874
3.378900
3.377446
3.375744
3.378247
3.374631
3.386813
3.380324
3.383886
3.378998
3.386930
3.381648
3.381687
3.382876
3.378557
3.387684
3.380354
3.385207
3.380666
3.386437
3.382925
3.383600
3.378999
3.388259
3.381611
3.385010
3.379472
3.387694
3.382016
3.381918
3.381756
3.381810
3.385178
3.377672
3.377375
3.379560
3.376096
3.386314
3.379697
3.379076
3.378826
3.379915
3.378282
3.384078
3.380099
3.385981
3.382005
3.387361
3.382270
3.387579
3.383927
3.385811
3.379906
3.388016
3.381347
3.384818
3.380022
3.388054
3.382814
3.382682
3.383603
3.379482
3.389806
3.381770
3.386405
3.382034
3.386973
3.382768
3.385472
3.379841
3.389945
3.383717
3.386092
3.381052
3.389795
3.384021
3.383656
3.383354
3.386358
3.380044
3.389091
3.381952
3.385919
3.381039
3.388425
3.383273
3.383035
3.383927
3.380108
3.390072
3.383059
3.387363
3.381944
3.389573
3.384516
3.384390
3.385082
3.381101
3.389868
3.384692
3.385675
3.381404
3.389582
3.382216
3.386707
3.382420
3.387282
3.382473
3.386799
3.381285
3.388071
3.384774
3.385843
3.381812
3.390515
3.385301
3.385873
3.381953
3.390713
3.385156
3.385763
3.381170
3.389899
3.382448
3.387018
3.382541
3.387671
3.383392
3.386344
3.380625
3.391091
3.384328
3.387192
3.381800
3.390782
3.384794
3.384899
3.382762
3.388374
3.383094
3.388637
3.384708
3.388444
3.382450
3.391262
3.383453
3.388230
3.384062
3.388363
3.382201
3.388531
3.384566
3.385054
3.384002
3.388910
3.382689
3.392674
3.384667
3.389906
3.385439
3.389807
3.383331
3.389573
3.385540
3.386061
3.384618
3.389846
3.383482
3.392537
3.386398
3.389360
3.383124
3.390694
3.383347
3.387185
3.381897
3.388914
3.384710
3.384190
3.384642
3.388498
3.380502
3.381040
3.391537
3.382974
3.389207
3.385168
3.382487
3.381065
3.381052
3.384077
3.380101
3.389239
3.383720
3.388830
3.384799
3.389773
3.385466
3.388343
3.382573
3.392076
3.386128
3.389592
3.384274
3.392448
3.387435
3.386993
3.387288
3.388469
3.384565
3.391538
3.387709
3.388626
3.385155
3.393204
3.388228
3.390019
3.383390
3.384048
3.383445
3.382509
3.387847
3.382447
3.388536
3.384934
3.386257
3.383044
3.392347
3.387469
3.387561
3.385672
3.391617
3.385702
3.391855
3.388093
3.391026
3.383649
3.384026
3.384702
3.381215
3.393085
3.385932
3.385307
3.384031
3.387569
3.382316
3.393963
3.386671
3.390428
3.385219
3.393738
3.388252
3.387697
3.387594
3.387928
3.392294
3.383835
3.384382
3.395909
3.386812
3.392805
3.388783
3.385790
3.384266
3.383961
3.386990
3.383456
3.394860
3.388754
3.392599
3.387353
3.394786
3.390172
3.389698
3.390206
3.389013
3.393475
3.387225
3.395430
3.388416
3.395007
3.391603
3.392661
3.387952
3.393020
3.389318
3.391046
3.386122
3.394313
3.387266
3.392577
3.389081
3.392363
3.386328
3.394192
3.389252
3.389449
3.390033
3.389706
3.393810
3.385786
3.386212
3.388596
3.384279
3.395190
3.388010
3.387174
3.385821
3.389331
3.384718
3.394314
3.389799
3.390344
3.390894
3.390599
3.394071
3.386362
3.387888
3.388545
3.385805
3.395005
3.390070
3.388656
3.389998
3.386578
3.395031
3.391266
3.391456
3.391785
3.391630
3.392128
3.395005
3.387458
3.386773
3.396002
3.389051
3.395247
3.390971
3.388623
3.387407
3.387868
3.390181
3.388136
3.396182
3.393123
3.394391
3.390534
3.398531
3.393820
3.393292
3.393617
3.395618
3.389619
3.395615
3.390312
3.395706
3.391912
3.396248
3.390970
3.394770
3.389613
3.395502
3.392035
3.394756
3.389332
3.400255
3.392306
3.396212
3.391086
3.397556
3.393408
3.392659
3.392581
3.394812
3.389587
3.397942
3.390966
3.397168
3.393857
3.394874
3.390618
3.395364
3.391395
3.395178
3.389867
3.400898
3.393254
3.397124
3.392030
3.397697
3.393756
3.394624
3.390478
3.397831
3.394033
3.393907
3.394205
3.397195
3.389979
3.391577
3.391530
3.389722
3.396550
3.392599
3.393083
3.388824
3.397626
3.393580
3.394120
3.394414
3.394787
3.397747
3.390062
3.390884
3.394818
3.390062
3.399503
3.393847
3.391345
3.391695
3.389668
3.396047
3.391887
3.398146
3.394590
3.398663
3.392812
3.401750
3.396200
3.396676
3.394084
3.399457
3.394265
3.399482
3.394649
3.400417
3.395845
3.400796
3.394824
3.400743
3.396831
3.397899
3.393351
3.400820
3.396296
3.395768
3.396212
3.396212
3.398015
3.392327
3.398796
3.392596
3.398976
3.395717
3.397348
3.392161
3.398346
3.394434
3.394933
3.394633
3.399192
3.392560
3.402633
3.394153
3.399657
3.396239
3.398013
3.392595
3.398650
3.394782
3.395404
3.394901
3.399805
3.393327
3.403650
3.394815
3.401008
3.397353
3.397586
3.394535
3.398559
3.392242
3.402117
3.396836
3.399412
3.394430
3.402431
3.397198
3.396425
3.396257
3.398905
3.392676
3.400028
3.393428
3.399427
3.396273
3.398735
3.393098
3.399716
3.395561
3.395686
3.396300
3.396566
3.396969
3.399917
3.392722
3.392688
3.398624
3.393290
3.400475
3.395811
3.393334
3.393181
3.391859
3.398268
3.393159
3.403489
3.398550
3.399454
3.396353
3.401789
3.397207
3.400688
3.394376
3.404000
3.396376
3.401305
3.397368
3.401330
3.395228
3.401889
3.397780
3.397557
3.397712
3.397758
3.397470
3.401795
3.393542
3.394041
3.403317
3.395519
3.401124
3.396991
3.394252
3.393038
3.393168
3.396350
3.393510
3.402997
3.399165
3.399123
3.399438
3.400305
3.397755
3.403304
3.397247
3.405287
3.401244
3.402847
3.398262
3.404803
3.400633
3.399942
3.399921
3.401848
3.395908
3.402943
3.395384
3.403584
3.399085
3.399049
3.396734
3.399813
3.393605
3.404676
3.397491
3.402506
3.397670
3.403159
3.399075
3.400611
3.395521
3.403962
3.399456
3.399385
3.398786
3.402331
3.395397
3.402752
3.396225
3.401801
3.398407
3.401069
3.395213
3.401496
3.397633
3.397926
3.398606
3.400916
3.396086
3.406292
3.398165
3.403921
3.400205
3.403259
3.396752
3.404486
3.399449
3.399680
3.399165
3.403331
3.396450
3.405011
3.397339
3.403231
3.399851
3.401264
3.396629
3.401616
3.397471
3.401848
3.396177
3.406660
3.399587
3.403467
3.398062
3.404035
3.400042
3.399859
3.398250
3.403024
3.396425
3.405953
3.398208
3.403927
3.400420
3.402331
3.397143
3.402827
3.399087
3.401086
3.397108
3.405103
3.401013
3.400637
3.400290
3.403789
3.396402
3.401888
3.397533
3.401108
3.396450
3.403881
3.399057
3.398006
3.399524
3.397096
3.403871
3.399249
3.404406
3.398182
3.407278
3.401581
3.403341
3.398008
3.405743
3.400960
3.400345
3.400229
3.403157
3.397151
3.405347
3.397851
3.405165
3.401262
3.401011
3.398910
3.401590
3.395353
3.406260
3.398566
3.404374
3.400749
3.404060
3.397856
3.404524
3.400360
3.400177
3.400536
3.400790
3.400791
3.400595
3.405847
3.397435
3.397703
3.408005
3.399073
3.404686
3.400600
3.397292
3.396545
3.395514
3.400425
3.396027
3.407126
3.401958
3.403756
3.399998
3.405732
3.401903
3.403647
3.399006
3.406683
3.403129
3.402981
3.403174
3.404613
3.401763
3.407496
3.401683
3.407990
3.403992
3.406347
3.399817
3.407560
3.400052
3.404885
3.400604
3.405144
3.399026
3.405118
3.401234
3.401823
3.400316
3.405586
3.398770
3.408958
3.401136
3.406040
3.401566
3.406095
3.400213
3.405299
3.401156
3.405159
3.399198
3.408594
3.402510
3.405082
3.399635
3.406786
3.402436
3.401397
3.401669
3.401108
3.405028
3.397853
3.403528
3.399648
3.403716
3.399062
3.405263
3.400785
3.399935
3.399965
3.402959
3.398798
3.408183
3.403408
3.405301
3.400723
3.408423
3.403641
3.403321
3.401562
3.406831
3.399637
3.409137
3.401169
3.407059
3.403504
3.405234
3.400236
3.405534
3.401295
3.404677
3.398945
3.409259
3.401939
3.406120
3.400870
3.406605
3.402505
3.404407
3.399464
3.407295
3.403443
3.403297
3.403098
3.405948
3.400026
3.408788
3.400933
3.407603
3.403848
3.404641
3.401020
3.405985
3.399699
3.407321
3.403598
3.404678
3.402240
3.407712
3.400887
3.408708
3.403972
3.405721
3.401523
3.407899
3.403802
3.405335
3.400747
3.408852
3.404540
3.405615
3.401797
3.408165
3.403838
3.406623
3.399906
3.406834
3.400237
3.405663
3.401967
3.404426
3.399186
3.405492
3.401662
3.403666
3.400169
3.407692
3.403716
3.405509
3.400639
3.409564
3.404161
3.406393
3.400896
3.409920
3.403941
3.406365
3.400792
3.409371
3.404232
3.404713
3.401679
3.407660
3.401660
3.407609
3.403180
3.407367
3.400690
3.409969
3.402473
3.407017
3.401987
3.407454
3.402596
3.406762
3.400370
3.409262
3.404400
3.405628
3.402342
3.408116
3.402577
3.408005
3.402181
3.408663
3.404587
3.407754
3.401388
3.410260
3.403610
3.407788
3.401798
3.409030
3.404631
3.403601
3.403294
3.404330
3.402446
3.408378
3.400449
3.406394
3.401604
3.406301
3.401695
3.406468
3.400955
3.405602
3.399896
3.407919
3.404369
3.405195
3.403151
3.408547
3.401240
3.411168
3.403379
3.408384
3.403459
3.408391
3.402666
3.407766
3.402474
3.408547
3.403568
3.409250
3.403594
3.409111
3.404208
3.408862
3.402011
3.410474
3.404936
3.407109
3.402228
3.409006
3.405052
3.405121
3.403463
3.408985
3.401301
3.408477
3.401826
3.407680
3.404103
3.405948
3.401189
3.406712
3.401916
3.407676
3.401620
3.410741
3.405710
3.405710
