-0.078167
-0.182538
-0.107443
-0.052913
-0.013945
0.012943
0.030160
0.039716
0.043604
0.043753
0.041679
0.038323
0.034205
0.029619
0.024759
0.019774
0.014796
0.009946
0.005331
0.001045
-0.002836
-0.006267
-0.009247
-0.011814
-0.014029
-0.015947
-0.017611
-0.019052
-0.020312
-0.021435
-0.022466
-0.023432
-0.024348
-0.025214
-0.026024
-0.026768
-0.027439
-0.028025
-0.028518
-0.028907
-0.029183
-0.029335
-0.029357
-0.029240
-0.028980
-0.028571
-0.028005
-0.027262
-0.026299
-0.025032
-0.023330
-0.021007
-0.017822
-0.013482
-0.007678
-0.000266
0.008376
0.017128
0.023979
0.027232
0.027536
0.026811
0.026533
0.027432
0.029711
0.033264
0.037850
0.043215
0.049140
0.055432
0.061915
0.068420
0.074792
0.080903
0.086657
0.092003
0.096927
0.101438
0.105566
0.109352
0.112842
0.116080
0.119109
0.121965
0.124679
0.127278
0.129784
0.132214
0.134584
0.136903
0.139180
0.141420
0.143621
0.145784
0.147901
0.149965
0.151964
0.153883
0.155706
0.157415
0.158991
0.160416
0.161672
0.162745
0.163620
0.164267
0.164622
0.164566
0.163958
0.162693
0.160708
0.157944
0.154343
0.149922
0.144930
0.139958
0.135729
0.132645
0.130662
0.129521
0.128941
0.128689
0.128591
0.128522
0.128390
0.128132
0.127700
0.127057
0.126173
0.125024
0.123584
0.121830
0.119738
0.117285
0.114448
0.111209
0.107562
0.103523
0.099156
0.094588
0.089998
0.085553
0.081314
0.077234
0.073243
0.069315
0.065486
0.061825
0.058390
0.055189
0.052163
0.049208
0.046227
0.043161
0.039985
0.036712
0.033382
0.030044
0.026749
0.023540
0.020449
0.017502
0.014719
0.012113
0.009690
0.007455
0.005408
0.003543
0.001855
0.000333
-0.001038
-0.002286
-0.003481
-0.004852
-0.006069
-0.006736
-0.007299
-0.007964
-0.008601
-0.009237
-0.009703
-0.009762
-0.009833
-0.009877
-0.009175
-0.007501
-0.008018
-0.008034
-0.006974
-0.006296
-0.005713
-0.005566
-0.004186
-0.003658
-0.002751
-0.002214
-0.002211
-0.001728
-0.000816
0.000428
0.002177
0.003774
0.004596
0.005051
0.005633
0.006520
0.007547
0.008659
0.009856
0.011096
0.012369
0.013672
0.014993
0.016330
0.017683
0.019048
0.020425
0.021812
0.023209
0.024615
0.026031
0.027454
0.028886
0.030325
0.031772
0.033227
0.034689
0.036158
0.037634
0.039116
0.040605
0.042101
0.043602
0.045108
0.046619
0.048132
0.049646
0.051160
0.052669
0.054172
0.055663
0.057139
0.058596
0.060030
0.061438
0.062818
0.064169
0.065489
0.066780
0.068040
0.069270
0.070472
0.071644
0.072788
0.073904
0.074993
0.076054
0.077088
0.078095
0.079076
0.080030
0.080959
0.081861
0.082737
0.083586
0.084409
0.085205
0.085973
0.086713
0.087424
0.088106
0.088757
0.089376
0.089963
0.090515
0.091032
0.091511
0.091952
0.092351
0.092708
0.093018
0.093279
0.093489
0.093643
0.093737
0.093765
0.093721
0.093599
0.093393
0.093102
0.092731
0.092293
0.091808
0.091295
0.090767
0.090231
0.089688
0.089131
0.088551
0.087938
0.087279
0.086560
0.085763
0.084871
0.083863
0.082720
0.081426
0.079980
0.078403
0.076754
0.075148
0.073756
0.072790
0.072453
0.072870
0.074049
0.075878
0.078177
0.080750
0.083420
0.086044
0.088516
0.090763
0.092746
0.094453
0.095891
0.097083
0.098058
0.098852
0.099498
0.100029
0.100477
0.100866
0.101220
0.101557
0.101891
0.102232
0.102587
0.102960
0.103352
0.103762
0.104191
0.104635
0.105092
0.105559
0.106035
0.106518
0.107007
0.107501
0.107999
0.108502
0.109010
0.109523
0.110042
0.110566
0.111097
0.111636
0.112181
0.112734
0.113294
0.113862
0.114437
0.115020
0.115610
0.116206
0.116809
0.117419
0.118034
0.118655
0.119280
0.119911
0.120545
0.121183
0.121825
0.122469
0.123116
0.123765
0.124416
0.125067
0.125720
0.126373
0.127026
0.127679
0.128332
0.128983
0.129634
0.130283
0.130930
0.131576
0.132219
0.132860
0.133498
0.134133
0.134766
0.135395
0.136021
0.136644
0.137263
0.137878
0.138490
0.139098
0.139702
0.140302
0.140899
0.141491
0.142079
0.142663
0.143243
0.143819
0.144391
0.144959
0.145522
0.146082
0.146639
0.147191
0.147740
0.148286
0.148829
0.149369
0.149906
0.150442
0.150975
0.151508
0.152039
0.152571
0.153102
0.153635
0.154169
0.154704
0.155243
0.155784
0.156329
0.156878
0.157431
0.157989
0.158551
0.159119
0.159692
0.160271
0.160854
0.161443
0.162037
0.162636
0.163239
0.163848
0.164461
0.165077
0.165698
0.166323
0.166951
0.167582
0.168216
0.168853
0.169492
0.170134
0.170778
0.171424
0.172072
0.172721
0.173373
0.174026
0.174681
0.175338
0.175996
0.176656
0.177318
0.177981
0.178646
0.179313
0.179982
0.180653
0.181327
0.182002
0.182680
0.183360
0.184043
0.184728
0.185417
0.186108
0.186802
0.187500
0.188200
0.188905
0.189612
0.190324
0.191039
0.191758
0.192481
0.193208
0.193939
0.194674
0.195414
0.196158
0.196907
0.197661
0.198419
0.199182
0.199950
0.200723
0.201501
0.201501
0.202284
0.203073
0.203866
0.204665
0.205470
0.206280
0.207095
0.207917
0.208744
0.209576
0.210415
0.211260
0.212110
0.212967
0.213829
0.214698
0.215573
0.216455
0.217343
0.218237
0.219138
0.220045
0.220959
0.221880
0.222807
0.223741
0.224682
0.225630
0.226586
0.227548
0.228517
0.229493
0.230477
0.231468
0.232466
0.233472
0.234486
0.235506
0.236535
0.237571
0.238615
0.239667
0.240727
0.241795
0.242870
0.243954
0.245046
0.246147
0.247255
0.248372
0.249498
0.250631
0.251774
0.252925
0.254085
0.255254
0.256432
0.257618
0.258814
0.260019
0.261233
0.262456
0.263689
0.264931
0.266183
0.267444
0.268715
0.269996
0.271286
0.272587
0.273898
0.275218
0.276549
0.277891
0.279243
0.280605
0.281978
0.283361
0.284756
0.286161
0.287578
0.289005
0.290444
0.291894
0.293355
0.294829
0.296313
0.297810
0.299318
0.300839
0.302371
0.303916
0.305473
0.307043
0.308625
0.310220
0.311828
0.313449
0.315083
0.316730
0.318391
0.320065
0.321753
0.323454
0.325170
0.326900
0.328644
0.330403
0.332176
0.333964
0.335767
0.337585
0.339418
0.341267
0.343131
0.345011
0.346907
0.348819
0.350747
0.352692
0.354654
0.356632
0.358628
0.360641
0.362672
0.364720
0.366786
0.368871
0.370974
0.373095
0.375236
0.377396
0.379575
0.381774
0.383993
0.386232
0.388492
0.390772
0.393073
0.395396
0.397741
0.400108
0.402497
0.404908
0.407343
0.409801
0.412283
0.414788
0.417319
0.419874
0.422454
0.425060
0.427692
0.430351
0.433036
0.435749
0.438490
0.441259
0.444057
0.446884
0.449741
0.452628
0.455546
0.458495
0.461477
0.464491
0.467538
0.470619
0.473734
0.476884
0.480070
0.483292
0.486552
0.489848
0.493184
0.496558
0.499973
0.503428
0.506925
0.510464
0.514046
0.517672
0.521343
0.525060
0.528823
0.532634
0.536494
0.540403
0.544362
0.548373
0.552436
0.556553
0.560725
0.564952
0.569236
0.573578
0.577980
0.582441
0.586964
0.591549
0.596199
0.600914
0.605695
0.610544
0.615462
0.620450
0.625510
0.630643
0.635851
0.641134
0.646495
0.651935
0.657455
0.663057
0.668742
0.674511
0.680367
0.686310
0.692343
0.698466
0.704682
0.710992
0.717397
0.723899
0.730500
0.737200
0.744003
0.750909
0.757919
0.765036
0.772261
0.779595
0.787040
0.794598
0.802270
0.810057
0.817960
0.825982
0.834124
0.842387
0.850772
0.859280
0.867914
0.876673
0.885561
0.894576
0.903722
0.912998
0.922406
0.931948
0.941623
0.951434
0.961381
0.971466
0.981689
0.992051
1.002553
1.013197
1.023984
1.034913
1.045988
1.057207
1.068574
1.080087
1.091750
1.103561
1.115523
1.127636
1.139900
1.152318
1.164888
1.177612
1.190490
1.203521
1.216707
1.230047
1.243541
1.257187
1.270986
1.284936
1.299036
1.313284
1.327680
1.342219
1.356902
1.371724
1.386684
1.401778
1.417004
1.432356
1.447832
1.463428
1.479139
1.494960
1.510886
1.526911
1.543031
1.559237
1.575523
1.591881
1.608304
1.624783
1.641308
1.657870
1.674457
1.691060
1.707666
1.724264
1.740841
1.757385
1.773882
1.790320
1.806686
1.822966
1.839148
1.855220
1.871168
1.886983
1.902651
1.918162
1.933507
1.948676
1.963660
1.978451
1.993040
2.007422
2.021590
2.035537
2.049259
2.062750
2.076006
2.089023
2.101795
2.114320
2.126593
2.138611
2.150369
2.161865
2.173094
2.184052
2.194736
2.205141
2.215263
2.225098
2.234641
2.243889
2.252836
2.261478
2.269812
2.277834
2.285540
2.292928
2.299995
2.306741
2.313164
2.319267
2.325051
2.330521
2.335683
2.340545
2.345120
2.349422
2.353471
2.357292
2.360919
2.364396
2.367787
2.371185
2.374746
2.378765
2.383894
2.391575
2.402639
2.415031
2.428169
2.437462
2.449466
2.457235
2.442617
2.444210
2.437329
2.427947
2.421275
2.416991
2.414893
2.414190
2.414267
2.414931
2.416261
2.418446
2.421666
2.426328
2.435306
2.454029
2.465954
2.460065
2.464610
2.471867
2.483883
2.496091
2.479620
2.472708
2.476214
2.468882
2.483764
2.488490
2.465880
2.465783
2.472716
2.464955
2.478193
2.447739
2.448450
2.459336
2.452824
2.460055
2.468601
2.446539
2.441047
2.462027
2.454291
2.430678
2.420188
2.445853
2.440914
2.419749
2.409487
2.437489
2.432066
2.409515
2.398087
2.429940
2.419671
2.397079
2.384956
2.416917
2.405631
2.382578
2.369870
2.399817
2.376061
2.400362
2.352580
2.368723
2.386732
2.337186
2.345906
2.365305
2.315403
2.324714
2.338416
2.302929
2.309517
2.328670
2.286865
2.296786
2.314492
2.271140
2.284369
2.302218
2.259356
2.272332
2.291801
2.244469
2.263901
2.281358
2.235564
2.251697
2.271771
2.219788
2.244913
2.260725
2.213138
2.231071
2.252160
2.193414
2.226547
2.235164
2.190207
2.203929
2.231384
2.161800
2.209928
2.206662
2.171622
2.173975
2.206562
2.135297
2.193271
2.145667
2.160727
2.166404
2.149633
2.124106
2.131934
2.165202
2.092866
2.139175
2.124796
2.124796
2.139913
2.101848
2.117207
2.096999
2.091449
2.123660
2.057528
2.111313
2.071411
2.085812
2.065229
2.052098
2.083492
2.032568
2.065919
2.052842
2.050942
2.016228
2.037999
2.063477
1.999571
2.056274
2.009428
2.028512
1.998469
1.998760
2.017146
1.989241
2.030934
1.985143
2.017128
1.982599
1.992914
1.956961
1.983205
1.983332
1.989273
1.956179
1.986714
1.951396
1.977715
1.943467
1.967150
1.934424
1.960568
1.931753
1.956229
1.924268
1.952215
1.922934
1.949266
1.916202
1.946711
1.914572
1.944441
1.910541
1.943044
1.908935
1.941826
1.906818
1.941229
1.905641
1.940938
1.904601
1.941032
1.903977
1.941465
1.903660
1.942252
1.903672
1.943414
1.903992
1.944933
1.904560
1.946711
1.905300
1.948583
1.906138
1.950413
1.907024
1.952156
1.907947
1.953846
1.908948
1.955557
1.910093
1.957373
1.911446
1.959379
1.913053
1.961658
1.914956
1.964305
1.917200
1.967438
1.919841
1.971198
1.922947
1.975722
1.926570
1.981042
1.930677
1.986953
1.935093
1.993002
1.939565
1.998619
1.943898
2.003461
1.948001
2.007677
1.951872
2.011593
1.955635
2.015408
1.959444
2.019237
1.963365
2.023169
1.967383
2.027280
1.971447
2.031608
1.975511
2.036047
1.979559
2.040183
1.983653
2.043400
1.988023
2.045416
1.992939
2.046674
1.998370
2.047976
2.004137
2.049773
2.010225
2.052142
2.016713
2.055040
2.023647
2.058408
2.031045
2.062187
2.038914
2.066335
2.047264
2.070830
2.056095
2.075690
2.065378
2.080997
2.075030
2.086918
2.084888
2.093662
2.094760
2.101368
2.104541
2.109994
2.114287
2.119340
2.124151
2.129192
2.134255
2.139419
2.144656
2.149973
2.155366
2.160838
2.166387
2.172014
2.177718
2.183501
2.189362
2.195303
2.201323
2.207424
2.213607
2.219871
2.226218
2.232647
2.239160
2.245757
2.252436
2.259197
2.266039
2.272960
2.279958
2.287028
2.294167
2.301369
2.308629
2.315939
2.323293
2.330681
2.338095
2.345525
2.352963
2.360399
2.367823
2.375228
2.382604
2.389943
2.397239
2.404486
2.411678
2.418810
2.425879
2.432881
2.439816
2.446680
2.453475
2.460199
2.466854
2.473441
2.479961
2.486418
2.492814
2.499151
2.505432
2.511662
2.517842
2.523977
2.530070
2.536123
2.542139
2.548122
2.554073
2.559994
2.565888
2.571754
2.577595
2.583410
2.589200
2.594964
2.600702
2.606412
2.612094
2.617745
2.623364
2.628948
2.634494
2.640001
2.645466
2.650886
2.656259
2.661583
2.666856
2.672076
2.677244
2.682359
2.687420
2.692428
2.697385
2.702292
2.707150
2.711963
2.716732
2.721459
2.726148
2.730800
2.735418
2.740003
2.744557
2.749082
2.753577
2.758044
2.762481
2.766887
2.771260
2.775599
2.779900
2.784159
2.788372
2.792536
2.796645
2.800694
2.804679
2.808594
2.812436
2.816200
2.819882
2.823481
2.826995
2.830424
2.833767
2.837027
2.840207
2.843310
2.846342
2.849309
2.852217
2.855072
2.857884
2.860658
2.863404
2.866130
2.868842
2.871549
2.874257
2.876975
2.879707
2.882460
2.885240
2.888050
2.890895
2.893779
2.896702
2.899666
2.902671
2.905714
2.908789
2.911886
2.914991
2.918081
2.921127
2.924096
2.926948
2.929648
2.932168
2.934501
2.936653
2.938640
2.940482
2.942191
2.943777
2.945249
2.946620
2.947907
2.949130
2.950312
2.951473
2.952631
2.953802
2.954994
2.956211
2.957454
2.958718
2.959996
2.961283
2.962572
2.963856
2.965132
2.966396
2.967646
2.968878
2.970092
2.971286
2.972459
2.973612
2.974742
2.975851
2.976937
2.977999
2.979038
2.980053
2.981044
2.982011
2.982954
2.983878
2.984785
2.985686
2.986591
2.987520
2.988495
2.989544
2.990697
2.991984
2.993429
2.995051
2.996858
2.998848
3.001014
3.003345
3.005828
3.008454
3.011216
3.014114
3.017153
3.020344
3.023702
3.027250
3.031010
3.035007
3.039260
3.043769
3.048503
3.053391
3.058330
3.063208
3.067927
3.072419
3.076646
3.080596
3.084282
3.087723
3.090945
3.093973
3.096828
3.099530
3.102096
3.104540
3.106876
3.109116
3.111270
3.113347
3.115354
3.117296
3.119178
3.121005
3.122780
3.124505
3.126184
3.127819
3.129412
3.130965
3.132478
3.133954
3.135393
3.136797
3.138165
3.139499
3.140800
3.142067
3.143302
3.144503
3.145673
3.146810
3.147916
3.148989
3.150031
3.151041
3.152020
3.152967
3.153882
3.154766
3.155619
3.156441
3.157231
3.157990
3.158717
3.159414
3.160079
3.160714
3.161317
3.161890
3.162432
3.162943
3.163424
3.163873
3.164293
3.164682
3.165041
3.165370
3.165668
3.165937
3.166176
3.166385
3.166565
3.166715
3.166835
3.166926
3.166988
3.167019
3.167021
3.166993
3.166934
3.166845
3.166724
3.166570
3.166384
3.166163
3.165907
3.165613
3.165281
3.164908
3.164492
3.164030
3.163521
3.162963
3.162354
3.161693
3.160982
3.160224
3.159425
3.158596
3.157746
3.156892
3.156048
3.155227
3.154441
3.153701
3.153014
3.152383
3.151810
3.151295
3.150837
3.150837
3.150437
3.150061
3.149918
3.148643
3.160531
3.148167
3.144032
3.144914
3.144927
3.148144
3.145558
3.146165
3.146837
3.146545
3.146375
3.146330
3.146389
3.146563
3.146854
3.147256
3.147741
3.148274
3.148819
3.149346
3.149841
3.150295
3.150711
3.151092
3.151445
3.151774
3.152083
3.152373
3.152646
3.152903
3.153145
3.153377
3.153602
3.153822
3.154043
3.154267
3.154499
3.154742
3.155000
3.155277
3.155578
3.155906
3.156264
3.156657
3.157086
3.157555
3.158064
3.158614
3.159204
3.159835
3.160503
3.161208
3.161946
3.162714
3.163510
3.164330
3.165172
3.166032
3.166909
3.167799
3.168702
3.169615
3.170536
3.171465
3.172401
3.173342
3.174288
3.175237
3.176190
3.177146
3.178104
3.179064
3.180025
3.180987
3.181948
3.182910
3.183870
3.184828
3.185785
3.186738
3.187688
3.188633
3.189574
3.190508
3.191436
3.192356
3.193268
3.194170
3.195063
3.195944
3.196814
3.197672
3.198516
3.199346
3.200162
3.200962
3.201747
3.202515
3.203265
3.203999
3.204714
3.205411
3.206090
3.206749
3.207390
3.208011
3.208613
3.209196
3.209759
3.210303
3.210828
3.211334
3.211821
3.212289
3.212739
3.213171
3.213586
3.213983
3.214363
3.214727
3.215075
3.215407
3.215725
3.216028
3.216318
3.216594
3.216857
3.217108
3.217348
3.217577
3.217796
3.218005
3.218204
3.218395
3.218579
3.218755
3.218924
3.219087
3.219244
3.219397
3.219545
3.219689
3.219829
3.219967
3.220102
3.220236
3.220368
3.220498
3.220629
3.220759
3.220890
3.221021
3.221153
3.221287
3.221423
3.221561
3.221702
3.221845
3.221991
3.222141
3.222294
3.222452
3.222613
3.222779
3.222950
3.223125
3.223306
3.223491
3.223682
3.223879
3.224080
3.224288
3.224502
3.224721
3.224946
3.225178
3.225415
3.225659
3.225909
3.226165
3.226427
3.226696
3.226970
3.227251
3.227538
3.227832
3.228131
3.228436
3.228747
3.229065
3.229388
3.229717
3.230051
3.230391
3.230737
3.231088
3.231444
3.231805
3.232172
3.232543
3.232920
3.233301
3.233687
3.234077
3.234472
3.234871
3.235274
3.235681
3.236092
3.236507
3.236925
3.237348
3.237773
3.238202
3.238634
3.239070
3.239508
3.239949
3.240393
3.240840
3.241289
3.241741
3.242195
3.242652
3.243110
3.243571
3.244034
3.244499
3.244966
3.245434
3.245904
3.246376
3.246849
3.247324
3.247800
3.248277
3.248756
3.249236
3.249717
3.250199
3.250682
3.251166
3.251651
3.252137
3.252623
3.253111
3.253599
3.254087
3.254577
3.255067
3.255557
3.256048
3.256539
3.257031
3.257523
3.258016
3.258509
3.259002
3.259495
3.259989
3.260483
3.260977
3.261472
3.261966
3.262461
3.262956
3.263451
3.263946
3.264441
3.264937
3.265432
3.265927
3.266423
3.266918
3.267414
3.267909
3.268405
3.268901
3.269396
3.269892
3.270387
3.270883
3.271378
3.271874
3.272369
3.272864
3.273359
3.273855
3.274350
3.274845
3.275339
3.275834
3.276329
3.276824
3.277318
3.277812
3.278306
3.278800
3.279294
3.279788
3.280281
3.280775
3.281268
3.281761
3.282253
3.282746
3.283238
3.283730
3.284221
3.284712
3.285203
3.285694
3.286184
3.286674
3.287163
3.287652
3.288140
3.288628
3.289116
3.289603
3.290089
3.290575
3.291060
3.291544
3.292028
3.292511
3.292993
3.293474
3.293955
3.294434
3.294913
3.295391
3.295867
3.296343
3.296817
3.297290
3.297763
3.298233
3.298703
3.299171
3.299637
3.300102
3.300566
3.301027
3.301487
3.301946
3.302402
3.302856
3.303309
3.303759
3.304207
3.304653
3.305097
3.305538
3.305977
3.306414
3.306847
3.307278
3.307706
3.308131
3.308554
3.308973
3.309389
3.309802
3.310212
3.310619
3.311022
3.311422
3.311818
3.312211
3.312601
3.312987
3.313369
3.313748
3.314124
3.314497
3.314866
3.315232
3.315595
3.315956
3.316314
3.316669
3.317023
3.317375
3.317726
3.318076
3.318427
3.318777
3.319129
3.319484
3.319841
3.320203
3.320570
3.320945
3.321329
3.321724
3.322132
3.322557
3.323000
3.323467
3.323960
3.324482
3.325037
3.325624
3.326240
3.326875
3.327507
3.328104
3.328625
3.329029
3.329292
3.329409
3.329400
3.329291
3.329113
3.328890
3.328641
3.328379
3.328115
3.327854
3.327601
3.327359
3.327128
3.326909
3.326705
3.326515
3.326340
3.326181
3.326038
3.325913
3.325806
3.325716
3.325644
3.325591
3.325555
3.325538
3.325537
3.325555
3.325588
3.325639
3.325705
3.325788
3.325885
3.325997
3.326123
3.326263
3.326417
3.326583
3.326762
3.326952
3.327154
3.327367
3.327591
3.327825
3.328068
3.328322
3.328584
3.328855
3.329135
3.329423
3.329719
3.330022
3.330333
3.330651
3.330975
3.331306
3.331643
3.331987
3.332336
3.332691
3.333051
3.333416
3.333787
3.334162
3.334541
3.334925
3.335314
3.335706
3.336102
3.336501
3.336904
3.337311
3.337720
3.338132
3.338547
3.338965
3.339385
3.339807
3.340231
3.340658
3.341086
3.341515
3.341946
3.342379
3.342812
3.342812
3.343247
3.343682
3.344119
3.344555
3.344993
3.345430
3.345868
3.346306
3.346743
3.347181
3.347618
3.348055
3.348491
3.348926
3.349361
3.349795
3.350227
3.350659
3.351089
3.351518
3.351945
3.352371
3.352795
3.353217
3.353638
3.354056
3.354473
3.354887
3.355299
3.355709
3.356116
3.356521
3.356923
3.357322
3.357719
3.358113
3.358504
3.358892
3.359276
3.359658
3.360037
3.360412
3.360784
3.361153
3.361518
3.361879
3.362237
3.362592
3.362942
3.363289
3.363632
3.363971
3.364306
3.364638
3.364965
3.365288
3.365607
3.365921
3.366232
3.366538
3.366840
3.367137
3.367430
3.367718
3.368002
3.368282
3.368556
3.368826
3.369092
3.369352
3.369608
3.369859
3.370106
3.370347
3.370584
3.370815
3.371042
3.371264
3.371481
3.371692
3.371899
3.372101
3.372298
3.372490
3.372677
3.372859
3.373035
3.373207
3.373374
3.373536
3.373694
3.373846
3.373994
3.374136
3.374275
3.374408
3.374537
3.374662
3.374782
3.374897
3.375009
3.375116
3.375219
3.375318
3.375414
3.375505
3.375593
3.375678
3.375759
3.375837
3.375911
3.375983
3.376051
3.376117
3.376180
3.376240
3.376298
3.376353
3.376406
3.376457
3.376506
3.376553
3.376597
3.376640
3.376681
3.376720
3.376758
3.376794
3.376828
3.376861
3.376892
3.376922
3.376951
3.376978
3.377004
3.377029
3.377053
3.377075
3.377097
3.377117
3.377137
3.377155
3.377173
3.377190
3.377205
3.377220
3.377235
3.377248
3.377261
3.377273
3.377284
3.377294
3.377304
3.377313
3.377322
3.377329
3.377336
3.377342
3.377348
3.377352
3.377356
3.377359
3.377361
3.377363
3.377363
3.377363
3.377361
3.377359
3.377356
3.377351
3.377346
3.377339
3.377332
3.377323
3.377314
3.377303
3.377291
3.377277
3.377263
3.377247
3.377230
3.377211
3.377190
3.377168
3.377145
3.377119
3.377091
3.377060
3.377026
3.376989
3.376948
3.376902
3.376850
3.376789
3.376717
3.376628
3.376515
3.376359
3.376134
3.375765
3.375121
3.374116
3.374026
3.373376
3.373365
3.374131
3.374526
3.374856
3.375229
3.374795
3.376177
3.374353
3.377708
3.373094
3.374016
3.374830
3.376828
3.373758
3.375073
3.374496
3.377432
3.373284
3.372773
3.376365
3.374062
3.378711
3.372940
3.371557
3.379173
3.372195
3.369978
3.378972
3.371651
3.368968
3.375143
3.372939
3.378151
3.372554
3.369815
3.376508
3.372842
3.373284
3.375147
3.377439
3.373670
3.372838
3.377165
3.373470
3.379894
3.372084
3.368259
3.370304
3.371753
3.378010
3.371571
3.369090
3.374604
3.372486
3.380965
3.370473
3.366578
3.367631
3.363997
3.361827
3.360342
3.358935
3.358057
3.357360
3.356871
3.356572
3.356391
3.356306
3.356300
3.356361
3.356486
3.356669
3.356904
3.357185
3.357504
3.357855
3.358234
3.358638
3.359064
3.359513
3.359981
3.360469
3.360974
3.361493
3.362026
3.362568
3.363119
3.363676
3.364236
3.364799
3.365362
3.365924
3.366482
3.367035
3.367580
3.368117
3.368644
3.369159
3.369662
3.370150
3.370624
3.371082
3.371524
3.371948
3.372355
3.372744
3.373115
3.373469
3.373803
3.374120
3.374419
3.374700
3.374964
3.375211
3.375441
3.375655
3.375853
3.376035
3.376203
3.376356
3.376496
3.376622
3.376735
3.376835
3.376924
3.377001
3.377067
3.377123
3.377168
3.377204
3.377230
3.377247
3.377256
3.377256
3.377249
3.377234
3.377212
3.377183
3.377147
3.377105
3.377057
3.377002
3.376942
3.376876
3.376805
3.376729
3.376648
3.376562
3.376471
3.376376
3.376276
3.376172
3.376063
3.375951
3.375834
3.375713
3.375588
3.375458
3.375325
3.375187
3.375045
3.374899
3.374748
3.374593
3.374433
3.374268
3.374099
3.373924
3.373744
3.373559
3.373368
3.373171
3.372968
3.372759
3.372543
3.372322
3.372093
3.371857
3.371615
3.371365
3.371107
3.370842
3.370569
3.370288
3.369999
3.369701
3.369395
3.369080
3.368756
3.368423
3.368081
3.367730
3.367369
3.366998
3.366618
3.366228
3.365828
3.365418
3.364998
3.364567
3.364127
3.363675
3.363214
3.362741
3.362258
3.361765
3.361261
3.360746
3.360220
3.359684
3.359137
3.358579
3.358011
3.357432
3.356842
3.356242
3.355631
3.355009
3.354377
3.353735
3.353083
3.352420
3.351747
3.351064
3.350371
3.349668
3.348955
3.348233
3.347502
3.346761
3.346010
3.345251
3.344483
3.343706
3.342920
3.342126
3.341324
3.340513
3.339695
3.338869
3.338035
3.337195
3.336347
3.335492
3.334631
3.333763
3.332889
3.332009
3.331124
3.330233
3.329337
3.328436
3.327531
3.326621
3.325707
3.324789
3.323868
3.322944
3.322017
3.321087
3.320155
3.319221
3.318285
3.317348
3.316410
3.315471
3.314531
3.313592
3.312652
3.311712
3.310774
3.309836
3.308899
3.307963
3.307030
3.306098
3.305168
3.304241
3.303316
3.302394
3.301475
3.300559
3.299647
3.298738
3.297833
3.296932
3.296035
3.295143
3.294254
3.293371
3.292492
3.291618
3.290748
3.289884
3.289025
3.289025
3.288171
3.287323
3.286480
3.285642
3.284810
3.283984
3.283164
3.282349
3.281541
3.280738
3.279942
3.279151
3.278367
3.277589
3.276817
3.276052
3.275293
3.274541
3.273795
3.273055
3.272322
3.271596
3.270876
3.270163
3.269457
3.268758
3.268065
3.267380
3.266701
3.266029
3.265364
3.264706
3.264055
3.263411
3.262774
3.262145
3.261522
3.260907
3.260299
3.259698
3.259104
3.258517
3.257938
3.257366
3.256802
3.256244
3.255695
3.255152
3.254617
3.254089
3.253569
3.253056
3.252551
3.252053
3.251563
3.251080
3.250605
3.250137
3.249677
3.249225
3.248780
3.248342
3.247913
3.247491
3.247077
3.246670
3.246272
3.245881
3.245498
3.245123
3.244756
3.244397
3.244046
3.243703
3.243369
3.243043
3.242726
3.242417
3.242117
3.241827
3.241546
3.241275
3.241013
3.240763
3.240523
3.240295
3.240080
3.239878
3.239690
3.239519
3.239366
3.239233
3.239124
3.239043
3.238996
3.238991
3.239040
3.239155
3.239348
3.239612
3.241739
3.246371
3.242938
3.245189
3.243541
3.246793
3.241848
3.242983
3.240936
3.243988
3.238829
3.239863
3.238253
3.241025
3.236128
3.237872
3.235282
3.238860
3.233726
3.234432
3.233790
3.235393
3.231950
3.235193
3.230966
3.232950
3.230374
3.233646
3.229222
3.230801
3.229095
3.231958
3.228011
3.230220
3.227726
3.230655
3.226995
3.229225
3.226723
3.229491
3.226152
3.228491
3.225919
3.228527
3.225485
3.227874
3.225250
3.227713
3.224939
3.227307
3.224717
3.227067
3.224487
3.226782
3.224292
3.226542
3.224114
3.226314
3.223957
3.226104
3.223819
3.225910
3.223698
3.225732
3.223594
3.225567
3.223508
3.225415
3.223437
3.225277
3.223383
3.225150
3.223344
3.225035
3.223321
3.224931
3.223313
3.224838
3.223319
3.224755
3.223340
3.224682
3.223375
3.224618
3.223424
3.224564
3.223486
3.224520
3.223561
3.224485
3.223647
3.224462
3.223744
3.224449
3.223850
3.224449
3.223964
3.224462
3.224084
3.224490
3.224208
3.224533
3.224336
3.224593
3.224468
3.224669
3.224602
3.224762
3.224741
3.224870
3.224884
3.224994
3.225033
3.225132
3.225190
3.225283
3.225354
3.225446
3.225527
3.225621
3.225710
3.225806
3.225902
3.226002
3.226104
3.226209
3.226315
3.226425
3.226537
3.226651
3.226767
3.226886
3.227007
3.227131
3.227257
3.227385
3.227516
3.227648
3.227783
3.227921
3.228060
3.228202
3.228345
3.228491
3.228639
3.228790
3.228942
3.229097
3.229253
3.229412
3.229572
3.229735
3.229900
3.230066
3.230235
3.230406
3.230578
3.230753
3.230929
3.231107
3.231288
3.231470
3.231654
3.231840
3.232027
3.232217
3.232408
3.232601
3.232795
3.232992
3.233190
3.233390
3.233592
3.233795
3.234000
3.234207
3.234415
3.234625
3.234836
3.235049
3.235264
3.235480
3.235698
3.235917
3.236138
3.236360
3.236584
3.236809
3.237036
3.237264
3.237494
3.237725
3.237957
3.238191
3.238426
3.238663
3.238901
3.239140
3.239381
3.239623
3.239866
3.240110
3.240356
3.240603
3.240851
3.241100
3.241351
3.241603
3.241856
3.242110
3.242365
3.242622
3.242880
3.243138
3.243398
3.243659
3.243921
3.244184
3.244448
3.244714
3.244980
3.245247
3.245515
3.245785
3.246055
3.246326
3.246598
3.246872
3.247146
3.247421
3.247697
3.247973
3.248251
3.248530
3.248809
3.249089
3.249371
3.249653
3.249935
3.250219
3.250503
3.250789
3.251075
3.251361
3.251649
3.251937
3.252226
3.252516
3.252806
3.253098
3.253389
3.253682
3.253975
3.254269
3.254564
3.254859
3.255155
3.255451
3.255748
3.256046
3.256344
3.256643
3.256942
3.257242
3.257543
3.257844
3.258145
3.258447
3.258750
3.259053
3.259357
3.259661
3.259965
3.260270
3.260576
3.260882
3.261188
3.261495
3.261802
3.262110
3.262418
3.262726
3.263035
3.263344
3.263653
3.263963
3.264273
3.264584
3.264894
3.265205
3.265517
3.265828
3.266140
3.266452
3.266765
3.267078
3.267390
3.267704
3.268017
3.268330
3.268644
3.268958
3.269272
3.269586
3.269901
3.270215
3.270530
3.270844
3.271159
3.271474
3.271789
3.272104
3.272420
3.272735
3.273050
3.273365
3.273681
3.273996
3.274311
3.274626
3.274942
3.275257
3.275572
3.275887
3.276202
3.276517
3.276832
3.277147
3.277462
3.277777
3.278091
3.278406
3.278720
3.279034
3.279348
3.279662
3.279976
3.280289
3.280602
3.280916
3.281229
3.281541
3.281854
3.282166
3.282479
3.282790
3.283102
3.283414
3.283725
3.284036
3.284347
3.284658
3.284968
3.285278
3.285588
3.285898
3.286207
3.286516
3.286825
3.287134
3.287443
3.287751
3.288059
3.288367
3.288675
3.288982
3.289290
3.289597
3.289904
3.290211
3.290517
3.290824
3.291130
3.291437
3.291743
3.292049
3.292355
3.292661
3.292967
3.293273
3.293579
3.293885
3.294191
3.294497
3.294803
3.295109
3.295415
3.295721
3.296028
3.296335
3.296642
3.296949
3.297256
3.297564
3.297871
3.298180
3.298488
3.298797
3.299106
3.299106
3.299416
3.299726
3.300036
3.300347
3.300659
3.300971
3.301283
3.301596
3.301909
3.302223
3.302538
3.302853
3.303169
3.303485
3.303802
3.304119
3.304437
3.304756
3.305075
3.305394
3.305714
3.306035
3.306356
3.306677
3.306999
3.307321
3.307643
3.307966
3.308289
3.308611
3.308934
3.309257
3.309580
3.309902
3.310224
3.310546
3.310868
3.311188
3.311509
3.311828
3.312147
3.312464
3.312781
3.313096
3.313410
3.313722
3.314034
3.314343
3.314651
3.314957
3.315261
3.315562
3.315862
3.316160
3.316455
3.316748
3.317038
3.317325
3.317610
3.317892
3.318172
3.318448
3.318721
3.318992
3.319259
3.319523
3.319784
3.320042
3.320297
3.320548
3.320796
3.321041
3.321282
3.321520
3.321754
3.321986
3.322214
3.322438
3.322659
3.322877
3.323091
3.323302
3.323510
3.323714
3.323916
3.324113
3.324308
3.324500
3.324688
3.324873
3.325055
3.325234
3.325410
3.325583
3.325752
3.325919
3.326083
3.326245
3.326403
3.326558
3.326711
3.326861
3.327009
3.327154
3.327296
3.327435
3.327573
3.327707
3.327840
3.327969
3.328097
3.328222
3.328345
3.328466
3.328585
3.328701
3.328815
3.328928
3.329038
3.329146
3.329253
3.329357
3.329459
3.329560
3.329659
3.329756
3.329851
3.329945
3.330037
3.330127
3.330215
3.330302
3.330388
3.330472
3.330554
3.330635
3.330715
3.330793
3.330869
3.330945
3.331019
3.331091
3.331163
3.331233
3.331302
3.331370
3.331436
3.331501
3.331566
3.331629
3.331691
3.331752
3.331811
3.331870
3.331928
3.331985
3.332040
3.332095
3.332149
3.332202
3.332254
3.332305
3.332355
3.332405
3.332453
3.332501
3.332548
3.332594
3.332639
3.332683
3.332727
3.332770
3.332812
3.332853
3.332894
3.332934
3.332974
3.333012
3.333050
3.333088
3.333124
3.333160
3.333196
3.333230
3.333264
3.333298
3.333331
3.333363
3.333395
3.333426
3.333457
3.333487
3.333517
3.333546
3.333574
3.333602
3.333630
3.333657
3.333683
3.333709
3.333734
3.333759
3.333784
3.333808
3.333831
3.333854
3.333877
3.333899
3.333921
3.333942
3.333963
3.333983
3.334003
3.334023
3.334042
3.334061
3.334079
3.334097
3.334115
3.334132
3.334148
3.334165
3.334181
3.334196
3.334211
3.334226
3.334241
3.334255
3.334268
3.334282
3.334295
3.334307
3.334320
3.334331
3.334343
3.334354
3.334365
3.334376
3.334386
3.334396
3.334405
3.334415
3.334424
3.334432
3.334440
3.334448
3.334456
3.334463
3.334470
3.334477
3.334484
3.334490
3.334496
3.334501
3.334506
3.334511
3.334516
3.334520
3.334524
3.334528
3.334532
3.334535
3.334538
3.334541
3.334543
3.334545
3.334547
3.334549
3.334550
3.334552
3.334553
3.334553
3.334554
3.334554
3.334554
3.334553
3.334553
3.334552
3.334551
3.334549
3.334548
3.334546
3.334544
3.334542
3.334539
3.334537
3.334534
3.334531
3.334527
3.334524
3.334520
3.334516
3.334512
3.334507
3.334503
3.334498
3.334493
3.334487
3.334482
3.334476
3.334471
3.334465
3.334458
3.334452
3.334445
3.334439
3.334432
3.334425
3.334417
3.334410
3.334402
3.334394
3.334386
3.334378
3.334370
3.334361
3.334353
3.334344
3.334335
3.334326
3.334316
3.334307
3.334297
3.334287
3.334277
3.334267
3.334257
3.334247
3.334236
3.334226
3.334215
3.334204
3.334193
3.334182
3.334170
3.334159
3.334147
3.334135
3.334124
3.334112
3.334099
3.334087
3.334075
3.334062
3.334050
3.334037
3.334024
3.334011
3.333998
3.333985
3.333972
3.333959
3.333945
3.333932
3.333918
3.333904
3.333890
3.333876
3.333862
3.333848
3.333834
3.333819
3.333805
3.333790
3.333776
3.333761
3.333746
3.333731
3.333716
3.333701
3.333686
3.333671
3.333656
3.333640
3.333625
3.333609
3.333594
3.333578
3.333562
3.333547
3.333531
3.333515
3.333499
3.333483
3.333467
3.333450
3.333434
3.333418
3.333401
3.333385
3.333368
3.333352
3.333335
3.333319
3.333302
3.333285
3.333268
3.333251
3.333234
3.333218
3.333200
3.333183
3.333166
3.333149
3.333132
3.333115
3.333097
3.333080
3.333063
3.333045
3.333028
3.333010
3.332993
3.332975
3.332957
3.332940
3.332922
3.332904
3.332887
3.332869
3.332851
3.332833
3.332815
3.332797
3.332779
3.332761
3.332743
3.332725
3.332707
3.332689
3.332671
3.332653
3.332635
3.332616
3.332598
3.332580
3.332562
3.332543
3.332525
3.332507
3.332488
3.332470
3.332452
3.332433
3.332415
3.332396
3.332378
3.332359
3.332341
3.332322
3.332304
3.332285
3.332266
3.332248
3.332229
3.332211
3.332192
3.332173
3.332155
3.332136
3.332117
3.332098
3.332080
3.332061
3.332042
3.332023
3.332005
3.331986
3.331967
3.331948
3.331929
3.331911
3.331892
3.331873
3.331854
3.331835
3.331816
3.331797
3.331778
3.331759
3.331741
3.331722
3.331703
3.331684
3.331665
3.331646
3.331627
3.331608
3.331589
3.331570
3.331551
3.331532
3.331513
3.331494
3.331475
3.331456
3.331437
3.331418
3.331399
3.331399
3.331380
3.331361
3.331342
3.331322
3.331303
3.331284
3.331265
3.331246
3.331227
3.331208
3.331189
3.331170
3.331151
3.331132
3.331112
3.331093
3.331074
3.331055
3.331036
3.331017
3.330998
3.330978
3.330959
3.330940
3.330921
3.330902
3.330883
3.330864
3.330844
3.330825
3.330806
3.330787
3.330768
3.330748
3.330729
3.330710
3.330691
3.330672
3.330652
3.330633
3.330614
3.330595
3.330576
3.330556
3.330537
3.330518
3.330499
3.330479
3.330460
3.330441
3.330422
3.330402
3.330383
3.330364
3.330345
3.330325
3.330306
3.330287
3.330267
3.330248
3.330229
3.330210
3.330190
3.330171
3.330152
3.330132
3.330113
3.330094
3.330074
3.330055
3.330036
3.330016
3.329997
3.329978
3.329958
3.329939
3.329920
3.329900
3.329881
3.329862
3.329842
3.329823
3.329804
3.329784
3.329765
3.329746
3.329726
3.329707
3.329687
3.329668
3.329649
3.329629
3.329610
3.329590
3.329571
3.329551
3.329532
3.329513
3.329493
3.329474
3.329454
3.329435
3.329415
3.329396
3.329377
3.329357
3.329338
3.329318
3.329299
3.329279
3.329260
3.329240
3.329221
3.329201
3.329182
3.329162
3.329143
3.329123
3.329104
3.329084
3.329065
3.329045
3.329026
3.329006
3.328987
3.328967
3.328948
3.328928
3.328909
3.328889
3.328869
3.328850
3.328830
3.328811
3.328791
3.328772
3.328752
3.328732
3.328713
3.328693
3.328674
3.328654
3.328635
3.328615
3.328595
3.328576
3.328556
3.328537
3.328517
3.328497
3.328478
3.328458
3.328439
3.328419
3.328399
3.328380
3.328360
3.328340
3.328321
3.328301
3.328282
3.328262
3.328242
3.328223
3.328203
3.328183
3.328164
3.328144
3.328124
3.328105
3.328085
3.328066
3.328046
3.328026
3.328007
3.327987
3.327967
3.327948
3.327928
3.327908
3.327889
3.327869
3.327849
3.327830
3.327810
3.327791
3.327771
3.327751
3.327732
3.327712
3.327692
3.327673
3.327653
3.327633
3.327614
3.327594
3.327575
3.327555
3.327535
3.327516
3.327496
3.327476
3.327457
3.327437
3.327418
3.327398
3.327378
3.327359
3.327339
3.327320
3.327300
3.327280
3.327261
3.327241
3.327222
3.327202
3.327183
3.327163
3.327144
3.327124
3.327104
3.327085
3.327065
3.327046
3.327026
3.327007
3.326987
3.326968
3.326948
3.326929
3.326909
3.326890
3.326871
3.326851
3.326832
3.326812
3.326793
3.326773
3.326754
3.326735
3.326715
3.326696
3.326676
3.326657
3.326638
3.326618
3.326599
3.326580
3.326560
3.326541
3.326522
3.326503
3.326483
3.326464
3.326445
3.326426
3.326406
3.326387
3.326368
3.326349
3.326330
3.326310
3.326291
3.326272
3.326253
3.326234
3.326215
3.326196
3.326177
3.326158
3.326139
3.326120
3.326101
3.326082
3.326063
3.326044
3.326025
3.326006
3.325987
3.325968
3.325949
3.325931
3.325912
3.325893
3.325874
3.325855
3.325837
3.325818
3.325799
3.325781
3.325762
3.325743
3.325725
3.325706
3.325687
3.325669
3.325650
3.325632
3.325613
3.325595
3.325576
3.325558
3.325540
3.325521
3.325503
3.325484
3.325466
3.325448
3.325430
3.325411
3.325393
3.325375
3.325357
3.325339
3.325320
3.325302
3.325284
3.325266
3.325248
3.325230
3.325212
3.325194
3.325177
3.325159
3.325141
3.325123
3.325105
3.325087
3.325070
3.325052
3.325034
3.325017
3.324999
3.324982
3.324964
3.324947
3.324929
3.324912
3.324894
3.324877
3.324859
3.324842
3.324825
3.324808
3.324790
3.324773
3.324756
3.324739
3.324722
3.324705
3.324688
3.324671
3.324654
3.324637
3.324620
3.324603
3.324587
3.324570
3.324553
3.324536
3.324520
3.324503
3.324487
3.324470
3.324454
3.324437
3.324421
3.324405
3.324388
3.324372
3.324356
3.324339
3.324323
3.324307
3.324291
3.324275
3.324259
3.324243
3.324227
3.324211
3.324196
3.324180
3.324164
3.324148
3.324133
3.324117
3.324102
3.324086
3.324071
3.324055
3.324040
3.324025
3.324009
3.323994
3.323979
3.323964
3.323949
3.323934
3.323919
3.323904
3.323889
3.323874
3.323859
3.323845
3.323830
3.323815
3.323801
3.323786
3.323772
3.323757
3.323743
3.323729
3.323714
3.323700
3.323686
3.323672
3.323658
3.323644
3.323630
3.323616
3.323602
3.323589
3.323575
3.323561
3.323548
3.323534
3.323521
3.323507
3.323494
3.323480
3.323467
3.323454
3.323441
3.323428
3.323415
3.323402
3.323389
3.323376
3.323363
3.323350
3.323338
3.323325
3.323313
3.323300
3.323288
3.323275
3.323263
3.323251
3.323239
3.323226
3.323214
3.323202
3.323190
3.323179
3.323167
3.323155
3.323143
3.323132
3.323120
3.323109
3.323097
3.323086
3.323075
3.323064
3.323052
3.323041
3.323030
3.323019
3.323009
3.322998
3.322987
3.322976
3.322966
3.322955
3.322945
3.322934
3.322924
3.322914
3.322904
3.322894
3.322884
3.322874
3.322864
3.322854
3.322844
3.322835
3.322825
3.322815
3.322806
3.322797
3.322787
3.322778
3.322769
3.322760
3.322751
3.322742
3.322733
3.322724
3.322716
3.322716
3.322707
3.322698
3.322690
3.322682
3.322673
3.322665
3.322657
3.322649
3.322641
3.322633
3.322625
3.322617
3.322610
3.322602
3.322595
3.322587
3.322580
3.322572
3.322565
3.322558
3.322551
3.322544
3.322537
3.322530
3.322524
3.322517
3.322511
3.322504
3.322498
3.322492
3.322485
3.322479
3.322473
3.322467
3.322461
3.322456
3.322450
3.322444
3.322439
3.322433
3.322428
3.322423
3.322418
3.322413
3.322408
3.322403
3.322398
3.322393
3.322389
3.322384
3.322380
3.322375
3.322371
3.322367
3.322363
3.322359
3.322355
3.322351
3.322347
3.322344
3.322340
3.322337
3.322333
3.322330
3.322327
3.322324
3.322321
3.322318
3.322315
3.322313
3.322310
3.322308
3.322305
3.322303
3.322301
3.322299
3.322297
3.322295
3.322293
3.322291
3.322290
3.322288
3.322287
3.322286
3.322284
3.322283
3.322282
3.322281
3.322281
3.322280
3.322279
3.322279
3.322278
3.322278
3.322278
3.322278
3.322278
3.322278
3.322278
3.322279
3.322279
3.322280
3.322280
3.322281
3.322282
3.322283
3.322284
3.322285
3.322287
3.322288
3.322289
3.322291
3.322293
3.322295
3.322297
3.322299
3.322301
3.322303
3.322306
3.322308
3.322311
3.322314
3.322316
3.322319
3.322322
3.322326
3.322329
3.322332
3.322336
3.322340
3.322343
3.322347
3.322351
3.322355
3.322360
3.322364
3.322369
3.322373
3.322378
3.322383
3.322388
3.322393
3.322398
3.322403
3.322409
3.322414
3.322420
3.322426
3.322432
3.322438
3.322444
3.322450
3.322457
3.322463
3.322470
3.322477
3.322484
3.322491
3.322498
3.322505
3.322513
3.322521
3.322528
3.322536
3.322544
3.322552
3.322560
3.322569
3.322577
3.322586
3.322595
3.322604
3.322613
3.322622
3.322631
3.322641
3.322650
3.322660
3.322670
3.322680
3.322690
3.322700
3.322710
3.322721
3.322732
3.322743
3.322753
3.322765
3.322776
3.322787
3.322799
3.322810
3.322822
3.322834
3.322846
3.322859
3.322871
3.322884
3.322896
3.322909
3.322922
3.322935
3.322948
3.322962
3.322975
3.322989
3.323003
3.323017
3.323031
3.323046
3.323060
3.323075
3.323089
3.323104
3.323120
3.323135
3.323150
3.323166
3.323181
3.323197
3.323213
3.323230
3.323246
3.323262
3.323279
3.323296
3.323313
3.323330
3.323347
3.323365
3.323382
3.323400
3.323418
3.323436
3.323455
3.323473
3.323492
3.323511
3.323529
3.323549
3.323568
3.323587
3.323607
3.323627
3.323647
3.323667
3.323687
3.323708
3.323728
3.323749
3.323770
3.323791
3.323812
3.323834
3.323855
3.323877
3.323899
3.323921
3.323944
3.323966
3.323989
3.324012
3.324035
3.324058
3.324082
3.324105
3.324129
3.324153
3.324177
3.324201
3.324226
3.324250
3.324275
3.324300
3.324325
3.324350
3.324376
3.324402
3.324427
3.324453
3.324480
3.324506
3.324533
3.324559
3.324586
3.324613
3.324641
3.324668
3.324696
3.324723
3.324751
3.324780
3.324808
3.324836
3.324865
3.324894
3.324923
3.324952
3.324982
3.325011
3.325041
3.325071
3.325101
3.325131
3.325162
3.325192
3.325223
3.325254
3.325285
3.325316
3.325348
3.325379
3.325411
3.325443
3.325475
3.325508
3.325540
3.325573
3.325606
3.325639
3.325672
3.325705
3.325739
3.325773
3.325806
3.325840
3.325875
3.325909
3.325944
3.325978
3.326013
3.326048
3.326083
3.326119
3.326154
3.326190
3.326226
3.326262
3.326298
3.326335
3.326371
3.326408
3.326445
3.326482
3.326519
3.326556
3.326594
3.326632
3.326670
3.326708
3.326746
3.326785
3.326823
3.326862
3.326901
3.326940
3.326979
3.327019
3.327059
3.327099
3.327139
3.327179
3.327220
3.327260
3.327301
3.327342
3.327384
3.327425
3.327467
3.327509
3.327551
3.327593
3.327636
3.327679
3.327722
3.327765
3.327809
3.327853
3.327897
3.327941
3.327986
3.328030
3.328076
3.328121
3.328167
3.328213
3.328259
3.328305
3.328352
3.328399
3.328447
3.328495
3.328543
3.328591
3.328640
3.328690
3.328739
3.328789
3.328839
3.328890
3.328941
3.328993
3.329045
3.329097
3.329150
3.329203
3.329257
3.329311
3.329365
3.329420
3.329476
3.329532
3.329588
3.329646
3.329703
3.329761
3.329820
3.329879
3.329939
3.330000
3.330061
3.330122
3.330184
3.330247
3.330311
3.330375
3.330440
3.330506
3.330572
3.330639
3.330706
3.330775
3.330844
3.330914
3.330985
3.331056
3.331128
3.331202
3.331275
3.331350
3.331426
3.331502
3.331580
3.331658
3.331737
3.331818
3.331899
3.331981
3.332064
3.332148
3.332233
3.332319
3.332406
3.332495
3.332584
3.332674
3.332766
3.332858
3.332952
3.333047
3.333143
3.333240
3.333338
3.333438
3.333539
3.333641
3.333744
3.333848
3.333954
3.334061
3.334170
3.334280
3.334391
3.334503
3.334617
3.334732
3.334849
3.334967
3.335086
3.335207
3.335330
3.335453
3.335579
3.335706
3.335834
3.335964
3.336095
3.336228
3.336362
3.336498
3.336636
3.336775
3.336915
3.337058
3.337201
3.337347
3.337494
3.337643
3.337793
3.337793
3.337945
3.338099
3.338254
3.338411
3.338569
3.338729
3.338891
3.339055
3.339220
3.339387
3.339555
3.339725
3.339897
3.340070
3.340246
3.340422
3.340601
3.340781
3.340962
3.341146
3.341331
3.341517
3.341705
3.341895
3.342086
3.342279
3.342474
3.342670
3.342867
3.343066
3.343267
3.343469
3.343673
3.343878
3.344084
3.344292
3.344501
3.344712
3.344924
3.345138
3.345353
3.345569
3.345787
3.346006
3.346226
3.346447
3.346670
3.346894
3.347119
3.347345
3.347572
3.347800
3.348030
3.348260
3.348492
3.348724
3.348958
3.349192
3.349428
3.349664
3.349901
3.350138
3.350377
3.350616
3.350856
3.351096
3.351336
3.351577
3.351818
3.352060
3.352301
3.352542
3.352782
3.353021
3.353260
3.353497
3.353731
3.353963
3.354192
3.354416
3.354634
3.354845
3.355047
3.355238
3.355415
3.355577
3.355721
3.355847
3.355956
3.356053
3.356149
3.356257
3.356393
3.356569
3.356795
3.357070
3.357393
3.357759
3.358162
3.358597
3.359058
3.359541
3.360040
3.360552
3.361073
3.361601
3.362133
3.362667
3.363202
3.363734
3.364263
3.364786
3.365302
3.365808
3.366304
3.366787
3.367256
3.367710
3.368146
3.368563
3.368958
3.369330
3.369676
3.369997
3.370290
3.370555
3.370793
3.371003
3.371188
3.371350
3.371489
3.371610
3.371713
3.371802
3.371879
3.371946
3.372005
3.372058
3.372107
3.372153
3.372197
3.372240
3.372283
3.372327
3.372373
3.372420
3.372470
3.372523
3.372578
3.372637
3.372699
3.372764
3.372832
3.372904
3.372979
3.373057
3.373137
3.373221
3.373308
3.373397
3.373488
3.373582
3.373678
3.373775
3.373875
3.373976
3.374079
3.374183
3.374288
3.374394
3.374501
3.374609
3.374717
3.374826
3.374935
3.375045
3.375155
3.375265
3.375375
3.375485
3.375595
3.375705
3.375815
3.375925
3.376035
3.376144
3.376253
3.376362
3.376470
3.376578
3.376686
3.376793
3.376900
3.377007
3.377114
3.377220
3.377325
3.377431
3.377536
3.377640
3.377745
3.377849
3.377952
3.378056
3.378159
3.378262
3.378365
3.378467
3.378570
3.378672
3.378774
3.378876
3.378977
3.379079
3.379181
3.379282
3.379383
3.379485
3.379586
3.379687
3.379788
3.379890
3.379991
3.380092
3.380194
3.380295
3.380397
3.380499
3.380600
3.380702
3.380805
3.380907
3.381009
3.381112
3.381215
3.381318
3.381421
3.381525
3.381628
3.381732
3.381837
3.381941
3.382046
3.382151
3.382256
3.382362
3.382467
3.382574
3.382680
3.382787
3.382894
3.383001
3.383109
3.383217
3.383325
3.383434
3.383543
3.383652
3.383761
3.383871
3.383982
3.384092
3.384203
3.384314
3.384426
3.384537
3.384650
3.384762
3.384875
3.384988
3.385101
3.385215
3.385329
3.385444
3.385558
3.385673
3.385789
3.385904
3.386020
3.386136
3.386253
3.386370
3.386487
3.386604
3.386722
3.386839
3.386958
3.387076
3.387195
3.387314
3.387433
3.387553
3.387673
3.387793
3.387913
3.388033
3.388154
3.388275
3.388397
3.388518
3.388640
3.388762
3.388884
3.389007
3.389129
3.389252
3.389375
3.389499
3.389622
3.389746
3.389870
3.389994
3.390119
3.390243
3.390368
3.390493
3.390618
3.390743
3.390869
3.390995
3.391120
3.391246
3.391373
3.391499
3.391626
3.391752
3.391879
3.392006
3.392133
3.392261
3.392388
3.392516
3.392643
3.392771
3.392899
3.393027
3.393155
3.393284
3.393412
3.393541
3.393670
3.393798
3.393927
3.394056
3.394185
3.394315
3.394444
3.394573
3.394703
3.394832
3.394962
3.395092
3.395221
3.395351
3.395481
3.395611
3.395741
3.395871
3.396002
3.396132
3.396262
3.396392
3.396523
3.396653
3.396784
3.396914
3.397044
3.397175
3.397305
3.397436
3.397566
3.397697
3.397828
3.397958
3.398089
3.398219
3.398350
3.398480
3.398611
3.398741
3.398872
3.399002
3.399133
3.399263
3.399393
3.399524
3.399654
3.399784
3.399914
3.400045
3.400175
3.400305
3.400435
3.400564
3.400694
3.400824
3.400954
3.401083
3.401213
3.401342
3.401472
3.401601
3.401730
3.401859
3.401988
3.402117
3.402246
3.402374
3.402503
3.402631
3.402759
3.402888
3.403016
3.403144
3.403271
3.403399
3.403526
3.403654
3.403781
3.403908
3.404035
3.404162
3.404288
3.404415
3.404541
3.404667
3.404793
3.404919
3.405045
3.405170
3.405295
3.405420
3.405545
3.405670
3.405794
3.405919
3.406043
3.406167
3.406291
3.406414
3.406537
3.406660
3.406783
3.406906
3.407028
3.407151
3.407273
3.407395
3.407516
3.407637
3.407759
3.407879
3.408000
3.408120
3.408241
3.408361
3.408480
3.408600
3.408719
3.408838
3.408956
3.409075
3.409193
3.409311
3.409428
3.409546
3.409663
3.409779
3.409896
3.410012
3.410128
3.410244
3.410359
3.410474
3.410589
3.410703
3.410818
3.410932
3.411045
3.411158
3.411271
3.411384
3.411497
3.411609
3.411720
3.411832
3.411943
3.412054
3.412164
3.412274
3.412384
3.412494
3.412603
3.412712
3.412820
3.412928
3.413036
3.413144
3.413251
3.413251
3.413357
3.413464
3.413570
3.413676
3.413781
3.413886
3.413991
3.414095
3.414199
3.414302
3.414406
3.414508
3.414611
3.414713
3.414815
3.414916
3.415017
3.415117
3.415218
3.415317
3.415417
3.415516
3.415614
3.415712
3.415810
3.415908
3.416005
3.416101
3.416197
3.416293
3.416388
3.416483
3.416578
3.416672
3.416766
3.416859
3.416952
3.417044
3.417136
3.417228
3.417319
3.417409
3.417500
3.417589
3.417679
3.417768
3.417856
3.417944
3.418032
3.418119
3.418205
3.418291
3.418377
3.418462
3.418547
3.418632
3.418715
3.418799
3.418882
3.418964
3.419046
3.419128
3.419209
3.419289
3.419369
3.419449
3.419528
3.419607
3.419685
3.419763
3.419840
3.419916
3.419993
3.420068
3.420143
3.420218
3.420292
3.420366
3.420439
3.420512
3.420584
3.420655
3.420726
3.420797
3.420867
3.420937
3.421006
3.421074
3.421142
3.421209
3.421276
3.421343
3.421409
3.421474
3.421539
3.421603
3.421667
3.421730
3.421792
3.421854
3.421916
3.421977
3.422037
3.422097
3.422157
3.422215
3.422274
3.422331
3.422388
3.422445
3.422501
3.422557
3.422611
3.422666
3.422720
3.422773
3.422825
3.422877
3.422929
3.422980
3.423030
3.423080
3.423129
3.423178
3.423226
3.423274
3.423320
3.423367
3.423413
3.423458
3.423502
3.423546
3.423590
3.423633
3.423675
3.423717
3.423758
3.423798
3.423838
3.423878
3.423916
3.423954
3.423992
3.424029
3.424065
3.424101
3.424136
3.424171
3.424205
3.424238
3.424271
3.424303
3.424335
3.424366
3.424397
3.424426
3.424456
3.424484
3.424512
3.424540
3.424567
3.424593
3.424619
3.424644
3.424668
3.424692
3.424715
3.424738
3.424760
3.424781
3.424802
3.424822
3.424842
3.424861
3.424879
3.424897
3.424914
3.424931
3.424947
3.424962
3.424977
3.424991
3.425005
3.425018
3.425030
3.425042
3.425053
3.425064
3.425074
3.425083
3.425092
3.425100
3.425108
3.425115
3.425121
3.425127
3.425132
3.425137
3.425141
3.425144
3.425147
3.425149
3.425151
3.425152
3.425152
3.425152
3.425151
3.425150
3.425148
3.425146
3.425142
3.425139
3.425134
3.425129
3.425124
3.425118
3.425111
3.425104
3.425096
3.425088
3.425079
3.425069
3.425059
3.425048
3.425037
3.425025
3.425013
3.425000
3.424986
3.424972
3.424957
3.424942
3.424926
3.424909
3.424892
3.424875
3.424857
3.424838
3.424819
3.424799
3.424778
3.424757
3.424736
3.424714
3.424691
3.424668
3.424644
3.424620
3.424595
3.424569
3.424543
3.424517
3.424490
3.424462
3.424434
3.424405
3.424376
3.424346
3.424316
3.424285
3.424254
3.424222
3.424189
3.424156
3.424123
3.424089
3.424054
3.424019
3.423983
3.423947
3.423911
3.423873
3.423836
3.423798
3.423759
3.423720
3.423680
3.423640
3.423599
3.423558
3.423516
3.423473
3.423431
3.423387
3.423344
3.423299
3.423254
3.423209
3.423163
3.423117
3.423070
3.423023
3.422976
3.422927
3.422879
3.422829
3.422780
3.422730
3.422679
3.422628
3.422577
3.422525
3.422472
3.422419
3.422366
3.422312
3.422258
3.422203
3.422148
3.422092
3.422036
3.421979
3.421922
3.421865
3.421807
3.421748
3.421689
3.421630
3.421570
3.421510
3.421450
3.421389
3.421327
3.421265
3.421203
3.421140
3.421077
3.421013
3.420949
3.420885
3.420820
3.420755
3.420689
3.420623
3.420557
3.420490
3.420422
3.420355
3.420286
3.420218
3.420149
3.420080
3.420010
3.419940
3.419869
3.419798
3.419727
3.419655
3.419583
3.419511
3.419438
3.419364
3.419291
3.419217
3.419142
3.419068
3.418993
3.418917
3.418841
3.418765
3.418688
3.418611
3.418534
3.418456
3.418378
3.418300
3.418221
3.418142
3.418062
3.417982
3.417902
3.417822
3.417741
3.417660
3.417578
3.417496
3.417414
3.417331
3.417248
3.417165
3.417081
3.416997
3.416913
3.416828
3.416743
3.416658
3.416573
3.416487
3.416400
3.416314
3.416227
3.416140
3.416052
3.415964
3.415876
3.415788
3.415699
3.415610
3.415520
3.415431
3.415341
3.415250
3.415160
3.415069
3.414978
3.414886
3.414794
3.414702
3.414610
3.414517
3.414424
3.414331
3.414237
3.414143
3.414049
3.413954
3.413860
3.413765
3.413669
3.413574
3.413478
3.413382
3.413285
3.413189
3.413092
3.412994
3.412897
3.412799
3.412701
3.412602
3.412504
3.412405
3.412306
3.412206
3.412107
3.412007
3.411907
3.411806
3.411705
3.411604
3.411503
3.411402
3.411300
3.411198
3.411095
3.410993
3.410890
3.410787
3.410684
3.410580
3.410476
3.410372
3.410268
3.410164
3.410059
3.409954
3.409848
3.409743
3.409637
3.409531
3.409425
3.409318
3.409212
3.409105
3.408998
3.408890
3.408782
3.408675
3.408566
3.408458
3.408349
3.408241
3.408132
3.408022
3.407913
3.407803
3.407693
3.407583
3.407472
3.407362
3.407251
3.407140
3.407028
3.406917
3.406805
3.406693
3.406581
3.406469
3.406356
3.406243
3.406130
3.406017
3.405903
3.405789
3.405675
3.405561
3.405447
3.405332
3.405218
3.405218
3.405102
3.404987
3.404872
3.404756
3.404640
3.404524
3.404408
3.404292
3.404175
3.404058
3.403941
3.403824
3.403706
3.403589
3.403471
3.403353
3.403234
3.403116
3.402997
3.402878
3.402759
3.402640
3.402521
3.402401
3.402281
3.402161
3.402041
3.401920
3.401800
3.401679
3.401558
3.401437
3.401316
3.401194
3.401072
3.400950
3.400828
3.400706
3.400584
3.400461
3.400338
3.400215
3.400092
3.399969
3.399846
3.399722
3.399598
3.399474
3.399350
3.399226
3.399101
3.398977
3.398852
3.398727
3.398602
3.398477
3.398352
3.398226
3.398100
3.397975
3.397849
3.397723
3.397596
3.397470
3.397343
3.397217
3.397090
3.396963
3.396836
3.396709
3.396582
3.396455
3.396327
3.396199
3.396072
3.395944
3.395816
3.395688
3.395560
3.395432
3.395304
3.395175
3.395047
3.394918
3.394790
3.394661
3.394533
3.394404
3.394275
3.394146
3.394017
3.393888
3.393759
3.393630
3.393501
3.393372
3.393243
3.393114
3.392985
3.392856
3.392727
3.392598
3.392469
3.392340
3.392211
3.392082
3.391953
3.391824
3.391695
3.391567
3.391438
3.391310
3.391181
3.391053
3.390924
3.390796
3.390668
3.390541
3.390413
3.390285
3.390158
3.390031
3.389904
3.389777
3.389650
3.389524
3.389398
3.389272
3.389146
3.389021
3.388896
3.388771
3.388646
3.388522
3.388398
3.388275
3.388152
3.388029
3.387906
3.387784
3.387663
3.387542
3.387421
3.387301
3.387181
3.387062
3.386943
3.386825
3.386708
3.386591
3.386474
3.386358
3.386243
3.386129
3.386015
3.385902
3.385789
3.385678
3.385567
3.385457
3.385348
3.385239
3.385132
3.385025
3.384919
3.384814
3.384710
3.384608
3.384506
3.384405
3.384305
3.384206
3.384109
3.384013
3.383917
3.383823
3.383731
3.383639
3.383549
3.383460
3.383373
3.383287
3.383203
3.383119
3.383038
3.382958
3.382879
3.382803
3.382728
3.382654
3.382582
3.382512
3.382444
3.382378
3.382313
3.382251
3.382190
3.382132
3.382075
3.382021
3.381968
3.381918
3.381870
3.381824
3.381781
3.381740
3.381701
3.381665
3.381631
3.381599
3.381570
3.381544
3.381520
3.381500
3.381481
3.381466
3.381453
3.381443
3.381436
3.381432
3.381431
3.381433
3.381438
3.381446
3.381458
3.381472
3.381490
3.381511
3.381535
3.381563
3.381594
3.381629
3.381667
3.381709
3.381754
3.381803
3.381856
3.381912
3.381972
3.382036
3.382103
3.382175
3.382250
3.382330
3.382413
3.382501
3.382592
3.382688
3.382787
3.382891
3.382999
3.383112
3.383228
3.383349
3.383474
3.383604
3.383738
3.383876
3.384019
3.384166
3.384317
3.384474
3.384634
3.384800
3.384970
3.385144
3.385323
3.385507
3.385695
3.385888
3.386086
3.386288
3.386495
3.386707
3.386924
3.387145
3.387371
3.387602
3.387838
3.388078
3.388323
3.388573
3.388828
3.389087
3.389352
3.389621
3.389895
3.390173
3.390457
3.390745
3.391038
3.391336
3.391639
3.391946
3.392258
3.392575
3.392896
3.393222
3.393553
3.393889
3.394229
3.394574
3.394924
3.395278
3.395636
3.396000
3.396368
3.396740
3.397117
3.397499
3.397885
3.398275
3.398670
3.399069
3.399473
3.399880
3.400293
3.400709
3.401130
3.401555
3.401985
3.402418
3.402856
3.403297
3.403743
3.404193
3.404647
3.405105
3.405567
3.406033
3.406503
3.406976
3.407454
3.407935
3.408420
3.408909
3.409401
3.409897
3.410397
3.410900
3.411407
3.411918
3.412431
3.412949
3.413470
3.413994
3.414521
3.415052
3.415586
3.416124
3.416664
3.417208
3.417755
3.418305
3.418858
3.419414
3.419973
3.420535
3.421100
3.421667
3.422238
3.422812
3.423388
3.423967
3.424549
3.425133
3.425720
3.426310
3.426902
3.427497
3.428094
3.428694
3.429296
3.429901
3.430508
3.431118
3.431730
3.432344
3.432960
3.433579
3.434200
3.434823
3.435448
3.436075
3.436704
3.437336
3.437969
3.438605
3.439242
3.439882
3.440523
3.441167
3.441812
3.442459
3.443108
3.443758
3.444411
3.445065
3.445721
3.446379
3.447038
3.447699
3.448362
3.449026
3.449692
3.450359
3.451028
3.451699
3.452371
3.453044
3.453719
3.454395
3.455073
3.455752
3.456433
3.457115
3.457798
3.458483
3.459169
3.459856
3.460545
3.461235
3.461926
3.462618
3.463311
3.464006
3.464702
3.465399
3.466097
3.466796
3.467497
3.468198
3.468901
3.469604
3.470309
3.471015
3.471721
3.472429
3.473138
3.473847
3.474558
3.475269
3.475982
3.476695
3.477410
3.478125
3.478841
3.479558
3.480276
3.480994
3.481714
3.482434
3.483155
3.483877
3.484600
3.485323
3.486047
3.486772
3.487498
3.488224
3.488951
3.489679
3.490408
3.491137
3.491866
3.492597
3.493328
3.494060
3.494792
3.495525
3.496258
3.496992
3.497727
3.498462
3.499198
3.499934
3.500671
3.501408
3.502146
3.502885
3.503623
3.504363
3.505103
3.505843
3.506583
3.507325
3.508066
3.508808
3.509551
3.510293
3.511037
3.511780
3.512524
3.513268
3.514013
3.514758
3.515504
3.516249
3.516995
3.516995
3.517742
3.518488
3.519235
3.519982
3.520730
3.521478
3.522226
3.522974
3.523722
3.524471
3.525220
3.525969
3.526719
3.527469
3.528218
3.528968
3.529719
3.530469
3.531220
3.531970
3.532721
3.533472
3.534224
3.534975
3.535726
3.536478
3.537230
3.537982
3.538734
3.539486
3.540238
3.540990
3.541742
3.542495
3.543247
3.544000
3.544752
3.545505
3.546258
3.547011
3.547763
3.548516
3.549269
3.550022
3.550775
3.551528
3.552281
3.553034
3.553787
3.554540
3.555293
3.556046
3.556799
3.557552
3.558305
3.559058
3.559810
3.560564
3.561316
3.562070
3.562821
3.563577
3.564324
3.565085
3.565825
3.566599
3.567315
3.568128
3.568779
3.569701
3.570165
3.571407
3.571311
3.573498
3.571684
3.576648
3.569398
3.581782
3.559488
3.587639
3.555531
3.586766
3.553970
3.585570
3.556073
3.583049
3.555467
3.583526
3.555398
3.582706
3.555434
3.582733
3.555303
3.582083
3.555139
3.582044
3.555019
3.581817
3.555243
3.581928
3.555416
3.581953
3.555684
3.582166
3.555985
3.582370
3.556387
3.582655
3.556782
3.582959
3.557221
3.583320
3.557673
3.583696
3.558142
3.584092
3.558607
3.584495
3.559075
3.584909
3.559540
3.585332
3.560007
3.585770
3.560480
3.586225
3.560966
3.586701
3.561464
3.587197
3.561977
3.587715
3.562502
3.588253
3.563039
3.588809
3.563585
3.589381
3.564138
3.589967
3.564697
3.590567
3.565260
3.591177
3.565827
3.591797
3.566398
3.592427
3.566972
3.593064
3.567548
3.593708
3.568127
3.594359
3.568709
3.595016
3.569293
3.595679
3.569880
3.596347
3.570471
3.597020
3.571064
3.597698
3.571661
3.598381
3.572261
3.599069
3.572865
3.599761
3.573473
3.600458
3.574085
3.601160
3.574701
3.601865
3.575320
3.602574
3.575943
3.603287
3.576568
3.604001
3.577196
3.604719
3.577826
3.605437
3.578457
3.606157
3.579089
3.606877
3.579721
3.607597
3.580353
3.608316
3.580983
3.609033
3.581612
3.609747
3.582238
3.610459
3.582862
3.611167
3.583482
3.611872
3.584098
3.612571
3.584709
3.613265
3.585316
3.613954
3.585917
3.614637
3.586513
3.615314
3.587103
3.615984
3.587688
3.616648
3.588266
3.617305
3.588838
3.617955
3.589404
3.618598
3.589963
3.619234
3.590517
3.619863
3.591064
3.620485
3.591605
3.621101
3.592141
3.621710
3.592671
3.622313
3.593195
3.622909
3.593715
3.623500
3.594229
3.624085
3.594739
3.624664
3.595245
3.625238
3.595746
3.625808
3.596243
3.626372
3.596737
3.626933
3.597227
3.627489
3.597714
3.628041
3.598198
3.628590
3.598680
3.629135
3.599159
3.629678
3.599636
3.630217
3.600111
3.630754
3.600584
3.631289
3.601055
3.631821
3.601525
3.632351
3.601993
3.632880
3.602460
3.633406
3.602926
3.633931
3.603390
3.634455
3.603854
3.634977
3.604317
3.635498
3.604779
3.636018
3.605241
3.636537
3.605701
3.637055
3.606161
3.637571
3.606621
3.638088
3.607080
3.638603
3.607538
3.639117
3.607996
3.639631
3.608453
3.640145
3.608910
3.640658
3.609367
3.641169
3.609822
3.641681
3.610279
3.642192
3.610731
3.642703
3.611192
3.643212
3.611635
3.643724
3.612108
3.644228
3.612527
3.644746
3.613044
3.645237
3.613381
3.645775
3.614048
3.646223
3.614109
3.646825
3.615317
3.647111
3.614457
3.647874
3.617654
3.647358
3.614680
3.648480
3.622624
3.644066
3.626890
3.648371
3.614492
3.651281
3.628921
3.633465
3.648323
3.618296
3.652561
3.628475
3.644859
3.639111
3.645799
3.635465
3.654641
3.614284
3.656267
3.632055
3.611433
3.651660
3.627084
3.619573
3.648293
3.627466
3.635062
3.642302
3.628970
3.648525
3.619340
3.652399
3.626609
3.646821
3.631614
3.651080
3.616062
3.653921
3.633248
3.623827
3.652209
3.632279
3.635964
3.652274
3.622390
3.655551
3.629369
3.651986
3.632378
3.656376
3.620357
3.658231
3.635362
3.639988
3.655025
3.623268
3.658781
3.637361
3.641858
3.656417
3.623607
3.659488
3.639055
3.638614
3.659039
3.625293
3.661475
3.633358
3.659074
3.629910
3.661508
3.635319
3.659084
3.636422
3.663729
3.627632
3.666093
3.635966
3.662470
3.631411
3.664449
3.641556
3.654369
3.658190
3.644540
3.666556
3.621349
3.668484
3.641439
3.618308
3.662269
3.634690
3.629388
3.657755
3.637258
3.645222
3.651523
3.639286
3.658377
3.627282
3.661661
3.639721
3.645463
3.658850
3.626735
3.662429
3.642802
3.637652
3.663294
3.636900
3.662657
3.635649
3.666667
3.637561
3.665788
3.630719
3.665850
3.646394
3.638652
3.665958
3.643628
3.656149
3.660097
3.648660
3.668097
3.624654
3.670350
3.644288
3.620750
3.665127
3.637252
3.631540
3.660243
3.640100
3.647281
3.655349
3.640333
3.662442
3.628642
3.664432
3.643142
3.644928
3.663261
3.627665
3.665226
3.645157
3.642289
3.665981
3.635430
3.668871
3.631627
3.668606
3.645009
3.654628
3.663330
3.640069
3.671559
3.641373
3.672182
3.628327
3.669628
3.647971
3.626708
3.626708
3.666944
3.642768
3.633804
3.663348
3.644367
3.646393
3.662228
3.636090
3.666775
3.636139
3.668298
3.630769
3.667358
3.645545
3.651533
3.665470
3.632128
3.668562
3.649937
3.637416
3.667281
3.648992
3.639835
3.668174
3.648148
3.653085
3.667106
3.636102
3.670852
3.650838
3.651655
3.671481
3.633533
3.672254
3.652297
3.645293
3.671568
3.647738
3.667303
3.655997
3.672263
3.633729
3.674707
3.652344
3.624491
3.673541
3.641895
3.634687
3.665875
3.647218
3.645935
3.665793
3.639437
3.668826
3.635982
3.670704
3.640968
3.669584
3.633181
3.668963
3.650161
3.639868
3.668887
3.650254
3.648517
3.672086
3.639170
3.675011
3.640173
3.675782
3.637242
3.675269
3.648330
3.670503
3.651015
3.676046
3.630663
3.676515
3.653093
3.628410
3.672682
3.645334
3.637924
3.667986
3.649148
3.649911
3.667562
3.639912
3.671894
3.641018
3.673307
3.633738
3.671270
3.651662
3.644479
3.671596
3.648535
3.666995
3.658835
3.671864
3.642749
3.677492
3.658078
3.645761
3.675547
3.657097
3.641300
3.674363
3.655489
3.638000
3.671887
3.653023
3.641039
3.670543
3.652554
3.648857
3.671785
3.642084
3.674605
3.637458
3.674698
3.651206
3.663494
3.668194
3.652517
3.678054
3.626724
3.680702
3.649698
3.624710
3.674549
3.642997
3.639889
3.668431
3.648971
3.654531
3.665741
3.644711
3.673135
3.638015
3.675477
3.644836
3.673446
3.634995
3.672257
3.653642
3.631076
3.671936
3.647927
3.634955
3.668216
3.649940
3.642275
3.668329
3.646278
3.663388
3.654520
3.668259
3.642011
3.675258
3.651859
3.667344
3.667101
3.662871
3.675541
3.638749
3.681625
3.655398
3.614307
3.680381
3.634471
3.641382
3.667429
3.645872
3.661758
3.651154
3.666682
3.640696
3.672405
3.643925
3.672551
3.633384
3.670517
3.650974
3.623782
3.671436
3.642017
3.631193
3.665098
3.646658
3.640224
3.665452
3.642187
3.662657
3.644860
3.668786
3.628539
3.668871
3.649384
3.626691
3.666669
3.643517
3.630905
3.663880
3.646015
3.639002
3.664986
3.642618
3.661932
3.647862
3.667521
3.628153
3.668836
3.648450
3.621957
3.668260
3.639924
3.631091
3.662915
3.645241
3.641291
3.664650
3.638461
3.666706
3.633030
3.667951
3.646292
3.655167
3.665271
3.635524
3.670293
3.652194
3.640821
3.670115
3.652251
3.641881
3.671145
3.652909
3.647184
3.673011
3.644590
3.674362
3.633916
3.672584
3.652865
3.626986
3.671975
3.644157
3.632776
3.665663
3.647595
3.640095
3.666227
3.644137
3.662023
3.651127
3.667358
3.633557
3.670253
3.651545
3.624678
3.670854
3.641671
3.627465
3.664519
3.644242
3.636675
3.663765
3.644015
3.654098
3.659722
3.646016
3.668942
3.622195
3.670854
3.644350
3.618500
3.667349
3.636774
3.631139
3.661214
3.643471
3.642625
3.662793
3.633814
3.667036
3.633710
3.669078
3.629933
3.668481
3.642421
3.663033
3.649200
3.668602
3.618297
3.676534
3.640607
3.615596
3.669578
3.633621
3.632678
3.661035
3.642248
3.645546
3.659635
3.634052
3.665934
3.635448
3.668011
3.623342
3.664445
3.644168
3.619987
3.663405
3.637739
3.626961
3.659003
3.641638
3.635212
3.660635
3.636948
3.659508
3.637441
3.665643
3.626101
3.666417
3.645622
3.641846
3.666858
3.634344
3.671183
3.625030
3.667811
3.646910
3.625037
3.665089
3.641723
3.628115
3.661006
3.642817
3.633581
3.661073
3.641809
3.650446
3.659559
3.637107
3.668404
3.634457
3.671918
3.623388
3.667499
3.645947
3.621004
3.665980
3.638541
3.627057
3.660144
3.642144
3.634426
3.660889
3.639943
3.654525
3.651979
3.655466
3.654285
3.663026
3.645336
3.673907
3.618600
3.677193
3.642668
3.613293
3.671176
3.632018
3.626860
3.659553
3.640829
3.636362
3.659639
3.634544
3.660386
3.629219
3.663079
3.639259
3.657974
3.648617
3.662313
3.627077
3.667431
3.645423
3.606106
3.669739
3.626438
3.621036
3.655808
3.636035
3.633702
3.655394
3.629701
3.657457
3.623981
3.659656
3.637243
3.650683
3.653127
3.641349
3.662402
3.601095
3.671794
3.625896
3.602434
3.659550
3.621494
3.626107
3.650983
3.629695
3.645067
3.636963
3.650057
3.629690
3.659330
3.620304
3.660643
3.634112
3.652559
3.645407
3.656806
3.631517
3.665906
3.644109
3.650272
3.664716
3.604437
3.673895
3.627905
3.599313
3.661103
3.618413
3.623643
3.650416
3.630657
3.641501
3.641589
3.640254
3.647802
3.635646
3.657092
3.600190
3.665181
3.622145
3.599683
3.654849
3.617878
3.617715
3.646284
3.628142
3.630069
3.646319
3.618029
3.651516
3.622823
3.652274
3.611800
3.650187
3.631322
3.608066
3.651007
3.625491
3.613241
3.646458
3.628419
3.620034
3.646873
3.627114
3.637560
3.643691
3.627717
3.653530
3.606965
3.654521
3.629778
3.604805
3.651953
3.622303
3.615081
3.645683
3.628510
3.623308
3.647885
3.623032
3.649172
3.618849
3.652215
3.627666
3.649095
3.632764
3.654185
3.599163
3.663604
3.663604
3.622380
3.603804
3.653096
3.620246
3.618925
3.646294
3.628151
3.629648
3.646563
3.616114
3.651140
3.626784
3.647683
3.630952
3.652189
3.599031
3.660681
3.621940
3.603880
3.651023
3.620054
3.617061
3.644939
3.627228
3.626229
3.646166
3.614828
3.650653
3.620992
3.651198
3.608952
3.648735
3.628948
3.605142
3.649130
3.622123
3.611739
3.643462
3.626034
3.618026
3.644432
3.624284
3.637160
3.639328
3.631915
3.648673
3.605680
3.654774
3.625551
3.598312
3.653137
3.615689
3.612576
3.642539
3.625276
3.620452
3.644416
3.619033
3.646105
3.613532
3.647881
3.626695
3.635534
3.646079
3.610545
3.649740
3.629955
3.599750
3.653520
3.616627
3.611244
3.642661
3.624775
3.617556
3.643205
3.622077
3.637888
3.633246
3.640882
3.629806
3.650075
3.590461
3.660138
3.613066
3.590150
3.648564
3.608402
3.611724
3.638123
3.619313
3.625883
3.635866
3.615556
3.644345
3.607681
3.646615
3.618758
3.642386
3.618480
3.648396
3.606428
3.649926
3.628164
3.620589
3.647150
3.626945
3.637114
3.646784
3.610597
3.650180
3.628764
3.597768
3.653684
3.614549
3.609095
3.641081
3.622687
3.615400
3.641362
3.621052
3.634370
3.634950
3.631305
3.643616
3.614651
3.649089
3.630109
3.610883
3.647958
3.624473
3.600968
3.648349
3.617599
3.609800
3.639487
3.622282
3.614689
3.640693
3.620264
3.634104
3.634009
3.631552
3.642736
3.618196
3.651474
3.628301
3.643970
3.645318
3.631774
3.653642
3.574154
3.646081
3.605477
3.609544
3.635521
3.619776
3.628088
3.625635
3.634164
3.619809
3.641858
3.596148
3.646672
3.618780
3.594591
3.640375
3.608723
3.602494
3.633511
3.617097
3.611488
3.636593
3.612111
3.637437
3.608455
3.641322
3.613787
3.641802
3.604581
3.641320
3.622716
3.599368
3.643723
3.615389
3.603102
3.637531
3.617711
3.607655
3.635590
3.618667
3.615789
3.638734
3.607215
3.643457
3.605089
3.644581
3.613189
3.643803
3.599787
3.642904
3.620304
3.595134
3.643702
3.611593
3.606948
3.635542
3.618992
3.613024
3.638123
3.613370
3.639299
3.609520
3.643043
3.618544
3.641072
3.621939
3.645904
3.585654
3.656382
3.609950
3.598349
3.641254
3.612862
3.610208
3.636728
3.618819
3.620107
3.637921
3.603393
3.640675
3.621913
3.617601
3.641697
3.609710
3.645914
3.594852
3.644842
3.617811
3.598188
3.640168
3.613779
3.605918
3.634821
3.618090
3.610806
3.636690
3.614443
3.635579
3.618994
3.641602
3.590230
3.648580
3.612576
3.600685
3.637706
3.614572
3.605496
3.634886
3.618176
3.610221
3.636273
3.614882
3.634074
3.623340
3.639044
3.600165
3.643556
3.619371
3.589476
3.646021
3.606073
3.605976
3.634231
3.617527
3.612984
3.637301
3.610105
3.639880
3.599621
3.638356
3.619366
3.599890
3.636058
3.614449
3.599717
3.633393
3.615063
3.604051
3.632516
3.616241
3.611724
3.636257
3.607227
3.640028
3.594276
3.638084
3.616029
3.595511
3.635686
3.611227
3.601480
3.631501
3.614962
3.606746
3.633334
3.613787
3.626543
3.630497
3.617294
3.640241
3.581295
3.650921
3.604504
3.599409
3.633952
3.612860
3.605446
3.633064
3.615759
3.613589
3.635635
3.601402
3.640096
3.611574
3.638679
3.602604
3.638055
3.619914
3.605214
3.637542
3.618742
3.598836
3.637580
3.614200
3.600807
3.632810
3.614539
3.603821
3.631902
3.615420
3.611708
3.635725
3.603791
3.640695
3.597803
3.638980
3.618086
3.614197
3.639122
3.607954
3.643434
3.587223
3.646171
3.609804
3.603325
3.634367
3.616078
3.604795
3.633813
3.617187
3.608228
3.634953
3.615247
3.628602
3.632882
3.617015
3.642710
3.581871
3.653023
3.605774
3.605678
3.634594
3.616928
3.607790
3.635550
3.618023
3.614883
3.638303
3.602853
3.643032
3.610576
3.642294
3.588108
3.645213
3.609654
3.602772
3.635210
3.616053
3.604089
3.633804
3.617044
3.605400
3.633078
3.616443
3.613692
3.637608
3.602391
3.641979
3.604850
3.643630
3.592899
3.640449
3.616508
3.595630
3.637648
3.610723
3.601974
3.632093
3.615234
3.604958
3.632495
3.615574
3.614930
3.636546
3.596490
3.637399
3.617982
3.605317
3.634154
3.617486
3.603098
3.634551
3.617142
3.600413
3.633673
3.615008
3.599940
3.632093
3.614315
3.601040
3.630802
3.614558
3.604444
3.632142
3.614968
3.616233
3.636228
3.591292
3.638071
3.614081
3.592900
3.635611
3.607761
3.601365
3.630048
3.613872
3.606063
3.632602
3.611450
3.629601
3.622100
3.634403
3.606441
3.641077
3.622043
3.612771
3.640344
3.622000
3.617122
3.643956
3.613285
3.645913
3.579707
3.651625
3.603576
3.582493
3.640523
3.599870
3.606024
3.630118
3.609774
3.625098
3.621195
3.628628
3.618232
3.637183
3.569273
3.641650
3.594794
3.593150
3.627413
3.605836
3.613966
3.627301
3.598477
3.631702
3.607088
3.631354
3.610704
3.636243
3.575652
3.645632
3.597838
3.606693
3.630902
3.608736
3.632041
3.614673
3.636380
3.636380
3.572040
3.645615
3.596929
3.581132
3.632243
3.596190
3.601708
3.625073
3.601626
3.625311
3.601380
3.632603
3.594002
3.635236
3.605147
3.632124
3.595025
3.631778
3.612827
3.590277
3.635336
3.604874
3.600275
3.628167
3.611465
3.601950
3.629014
3.610938
3.613457
3.631753
3.582612
3.637734
3.605015
3.597171
3.627237
3.608838
3.596527
3.626890
3.610174
3.597798
3.626154
3.609980
3.603323
3.629622
3.605149
3.630473
3.600630
3.634458
3.609715
3.633723
3.612192
3.638370
3.569467
3.646781
3.595809
3.565941
3.630935
3.587168
3.591429
3.619985
3.601323
3.609140
3.618189
3.599361
3.627791
3.584742
3.627366
3.606431
3.588736
3.622808
3.602335
3.586453
3.622152
3.601952
3.590533
3.620057
3.603645
3.594288
3.621243
3.603049
3.608398
3.623356
3.578967
3.629598
3.600458
3.589068
3.622789
3.602079
3.590924
3.621014
3.604243
3.593342
3.620996
3.604376
3.603114
3.625883
3.586147
3.626983
3.606168
3.604154
3.627942
3.590178
3.632533
3.600403
3.631636
3.576531
3.637865
3.596304
3.607206
3.629143
3.594631
3.634644
3.589181
3.631896
3.609706
3.604843
3.630447
3.601996
3.633537
3.573333
3.641584
3.593690
3.605432
3.628699
3.601223
3.632503
3.585431
3.633474
3.604526
3.591497
3.626622
3.604570
3.593057
3.623347
3.605919
3.592394
3.622209
3.606123
3.595564
3.623517
3.606936
3.602511
3.627809
3.593023
3.633051
3.583926
3.630156
3.607314
3.590962
3.625727
3.604632
3.589457
3.624468
3.604022
3.591349
3.622105
3.605085
3.593002
3.621898
3.605740
3.596823
3.624032
3.604745
3.615392
3.624677
3.589065
3.630535
3.607419
3.580391
3.634937
3.593085
3.607867
3.626879
3.587586
3.628499
3.608642
3.605532
3.629577
3.593061
3.634908
3.590942
3.634456
3.602458
3.631878
3.586600
3.634876
3.606279
3.592470
3.630756
3.604841
3.596880
3.625772
3.608671
3.595735
3.624908
3.608281
3.596948
3.625303
3.608630
3.601085
3.628013
3.604209
3.628357
3.603823
3.635075
3.583454
3.637821
3.607667
3.596086
3.628188
3.607511
3.591391
3.628282
3.605759
3.592791
3.624702
3.606287
3.592736
3.623489
3.606171
3.591856
3.622518
3.605659
3.592081
3.622542
3.605837
3.592067
3.622415
3.605514
3.591634
3.622303
3.605234
3.590970
3.622191
3.604816
3.590089
3.622040
3.604255
3.589472
3.621713
3.603791
3.589455
3.621212
3.603680
3.589865
3.620825
3.603842
3.590609
3.620766
3.604202
3.591948
3.621204
3.604839
3.595033
3.622937
3.605215
3.606586
3.626754
3.567551
3.638026
3.589039
3.611406
3.623620
3.579048
3.629039
3.602240
3.589149
3.622373
3.600834
3.591373
3.621150
3.604679
3.593013
3.621029
3.604218
3.600458
3.626524
3.590383
3.631817
3.584518
3.629193
3.605976
3.604591
3.628829
3.585453
3.630569
3.608124
3.602152
3.628413
3.603487
3.630399
3.596497
3.632132
3.612136
3.601239
3.631237
3.612274
3.597614
3.631168
3.610086
3.591175
3.631716
3.604604
3.599926
3.626755
3.609652
3.604749
3.631174
3.595585
3.635575
3.572250
3.641044
3.593239
3.619250
3.624647
3.589762
3.630196
3.609576
3.583943
3.634870
3.594392
3.614259
3.626425
3.576325
3.636066
3.596178
3.611591
3.627040
3.573989
3.635745
3.596895
3.608727
3.626387
3.577747
3.629980
3.603189
3.592843
3.622810
3.603842
3.590820
3.622962
3.604952
3.589621
3.622165
3.603316
3.589068
3.621837
3.603161
3.588490
3.621074
3.602385
3.588285
3.620528
3.602354
3.588419
3.620125
3.602254
3.588316
3.619874
3.602137
3.588298
3.619784
3.602100
3.588262
3.619770
3.602036
3.588163
3.619751
3.601919
3.588014
3.619681
3.601762
3.587867
3.619554
3.601603
3.587777
3.619392
3.601484
3.587765
3.619236
3.601420
3.587826
3.619120
3.601409
3.587952
3.619063
3.601445
3.588139
3.619073
3.601530
3.588402
3.619149
3.601671
3.588777
3.619298
3.601891
3.589366
3.619547
3.602242
3.590473
3.620021
3.602838
3.593296
3.621533
3.603165
3.604840
3.624279
3.555019
3.629261
3.583004
3.554031
3.619222
3.576400
3.584214
3.609991
3.588453
3.608868
3.592327
3.616332
3.555689
3.628105
3.576777
3.597928
3.612424
3.566410
3.617333
3.590935
3.583523
3.610725
3.593656
3.586805
3.614549
3.592702
3.610768
3.603564
3.615416
3.583505
3.623972
3.600873
3.578112
3.628216
3.584023
3.619608
3.600591
3.619370
3.545666
3.612424
3.575866
3.577773
3.610111
3.580821
3.610189
3.576712
3.613783
3.587958
3.610267
3.592593
3.615171
3.533710
3.593651
3.565189
3.567458
3.589848
3.585769
3.581881
3.598283
3.579231
3.606768
3.553167
3.611829
3.576772
3.585876
3.604255
3.554998
3.607452
3.578784
3.578483
3.604451
3.582484
3.605666
3.586589
3.609104
3.524410
3.586089
3.556576
3.562987
3.579717
3.580395
3.571631
3.590340
3.571030
3.598766
3.549363
3.601733
3.573851
3.570767
3.595947
3.572922
3.593483
3.593483
3.580937
3.599472
3.531558
3.603106
3.559082
3.562178
3.595149
3.565907
3.595367
3.564822
3.599634
3.570424
3.601064
3.553475
3.606562
3.572219
3.579960
3.600143
3.550889
3.603807
3.575884
3.574733
3.599778
3.575129
3.601950
3.569392
3.604395
3.582838
3.587632
3.602820
3.521675
3.583123
3.556290
3.554722
3.585669
3.569719
3.579763
3.576673
3.590643
3.564311
3.597413
3.565949
3.599882
3.528496
3.600208
3.552499
3.523868
3.591102
3.546904
3.561251
3.583841
3.557040
3.587772
3.546459
3.586930
3.567228
3.558590
3.585202
3.566570
3.573829
3.587315
3.531545
3.603357
3.547545
3.589641
3.571092
3.589746
3.537413
3.604700
3.549679
3.595307
3.555754
3.590871
3.570141
3.582861
3.590809
3.544365
3.604703
3.552622
3.600109
3.543891
3.599979
3.560175
3.583098
3.589743
3.550187
3.597406
3.569462
3.570692
3.594574
3.561660
3.596703
3.522397
3.595880
3.550790
3.536423
3.585117
3.555202
3.564317
3.582593
3.548612
3.585409
3.557484
3.587583
3.545730
3.588789
3.564127
3.554077
3.584172
3.565076
3.558745
3.586587
3.565189
3.583678
3.578735
3.586971
3.569985
3.593524
3.491167
3.567823
3.507262
3.537129
3.536360
3.547825
3.541678
3.548189
3.550675
3.551842
3.554545
3.556850
3.562807
3.556964
3.568860
3.507032
3.578681
3.526758
3.495584
3.564381
3.521177
3.525867
3.556623
3.535707
3.549841
3.548896
3.551341
3.554740
3.553353
3.563719
3.537950
3.572046
3.550215
3.560574
3.569363
3.504300
3.576157
3.529766
3.512652
3.566724
3.529020
3.546514
3.558409
3.531574
3.563920
3.530175
3.568585
3.517134
3.568318
3.538847
3.539422
3.563269
3.532398
3.568084
3.508391
3.576945
3.522637
3.566608
3.534280
3.566503
3.528575
3.571729
3.529616
3.572350
3.529035
3.573328
3.533891
3.574012
3.511043
3.579619
3.525695
3.570866
3.533990
3.569011
3.543268
3.570726
3.538992
3.573370
3.547531
3.573024
3.548588
3.577649
3.509525
3.590785
3.525847
3.576599
3.536544
3.572246
3.550954
3.564932
3.571480
3.533259
3.580689
3.548436
3.563901
3.573069
3.503915
3.574517
3.531337
3.528575
3.564861
3.543160
3.552137
3.565683
3.531268
3.567624
3.547824
3.544266
3.570348
3.536495
3.572779
3.499211
3.575167
3.526874
3.505536
3.567511
3.523280
3.546321
3.556891
3.527864
3.562301
3.531705
3.566213
3.504473
3.575356
3.517106
3.565638
3.526896
3.561912
3.538510
3.562723
3.544638
3.565358
3.478678
3.537152
3.500449
3.518917
3.521597
3.531413
3.521875
3.533916
3.536007
3.536945
3.541679
3.537616
3.552555
3.505851
3.566352
3.506104
3.558803
3.487984
3.561884
3.506755
3.550347
3.528306
3.552420
3.498058
3.564111
3.512103
3.555207
3.517980
3.552524
3.524513
3.556145
3.501945
3.565746
3.508433
3.560523
3.499918
3.560145
3.516128
3.548359
3.538924
3.547003
3.533332
3.554519
3.457063
3.520397
3.464028
3.495246
3.493605
3.507076
3.500305
3.507919
3.510081
3.512465
3.513529
3.518883
3.518339
3.528184
3.505752
3.535629
3.489031
3.536631
3.511176
3.520040
3.534962
3.473325
3.550160
3.495746
3.513871
3.535479
3.496769
3.539570
3.514878
3.534128
3.524631
3.537863
3.503453
3.547718
3.520888
3.521988
3.545293
3.500479
3.547412
3.521915
3.529697
3.541864
3.475177
3.548484
3.501131
3.471946
3.539388
3.492968
3.508077
3.529887
3.500984
3.534604
3.493068
3.534516
3.513612
3.513697
3.534380
3.483051
3.540885
3.502083
3.528298
3.527136
3.515167
3.536139
3.456280
3.519066
3.491192
3.476313
3.522466
3.493596
3.514293
3.504958
3.522043
3.493595
3.528153
3.499868
3.531285
3.479677
3.537184
3.489101
3.530047
3.495097
3.530545
3.503542
3.533946
3.489938
3.537151
3.504784
3.518299
3.530933
3.470372
3.546111
3.487459
3.530894
3.511720
3.531590
3.480315
3.546890
3.487874
3.539621
3.476703
3.536873
3.493865
3.526572
3.515781
3.526663
3.504485
3.538410
3.490788
3.540161
3.511410
3.518394
3.531470
3.460067
3.532755
3.489052
3.488598
3.523572
3.500255
3.517810
3.516727
3.518412
3.521142
3.517969
3.530520
3.480003
3.549456
3.472130
3.539799
3.495153
3.530570
3.475917
3.537821
3.490552
3.531513
3.496266
3.530821
3.494831
3.533764
3.458832
3.535119
3.486375
3.468401
3.527189
3.484167
3.512842
3.513407
3.499131
3.521663
3.460616
3.536626
3.474281
3.524960
3.483592
3.518766
3.497198
3.514690
3.517035
3.503324
3.523773
3.428337
3.488272
3.436387
3.466219
3.466260
3.476937
3.470614
3.478978
3.481409
3.484010
3.485607
3.489759
3.490946
3.497469
3.484373
3.501002
3.413364
3.474777
3.440090
3.456327
3.457472
3.472928
3.462154
3.472659
3.477014
3.470768
3.483919
3.461677
3.494876
3.458581
3.497888
3.450045
3.494752
3.471003
3.477611
3.495426
3.442044
3.508902
3.450975
3.501103
3.450549
3.495176
3.470868
3.472153
3.496852
3.496852
3.459236
3.501110
3.466544
3.502390
3.441223
3.510453
3.450154
3.502654
3.451952
3.496527
3.472958
3.473645
3.498060
3.460166
3.502020
3.464475
3.503497
3.441927
3.509534
3.453303
3.502537
3.453955
3.497372
3.474539
3.474670
3.499666
3.461017
3.503749
3.465606
3.504915
3.439981
3.512401
3.449579
3.504731
3.450734
3.498541
3.472602
3.476468
3.499008
3.454860
3.500404
3.476909
3.479742
3.499902
3.442885
3.511141
3.452749
3.505461
3.447619
3.502062
3.467393
3.486518
3.495527
3.458035
3.501946
3.476428
3.481845
3.501111
3.438625
3.514290
3.447413
3.506523
3.448012
3.499508
3.470079
3.479475
3.497273
3.443662
3.506948
3.455676
3.502034
3.454255
3.497152
3.473393
3.475041
3.499367
3.451483
3.501919
3.473694
3.482294
3.496978
3.432509
3.510426
3.454654
3.483404
3.493529
3.456325
3.499213
3.477243
3.476669
3.499671
3.449379
3.503075
3.471174
3.487100
3.494881
3.446040
3.510145
3.447389
3.506985
3.444309
3.500517
3.464883
3.485167
3.491674
3.459597
3.498338
3.475940
3.481871
3.496680
3.417144
3.480506
3.452500
3.437137
3.483392
3.456189
3.474595
3.470749
3.481050
3.463434
3.488320
3.416047
3.490831
3.445989
3.422431
3.481341
3.439495
3.466726
3.470297
3.457367
3.479721
3.423878
3.493498
3.430211
3.485672
3.429437
3.477889
3.451704
3.457875
3.479542
3.430268
3.486203
3.449371
3.475352
3.470497
3.469260
3.479698
3.453934
3.490369
3.461685
3.490190
3.445324
3.497064
3.450089
3.492687
3.418769
3.493242
3.444616
3.427894
3.486444
3.440592
3.475915
3.461225
3.476633
3.443968
3.482172
3.459800
3.469596
3.479598
3.418264
3.494957
3.437191
3.470180
3.475889
3.447308
3.484375
3.456366
3.485454
3.432449
3.493430
3.431522
3.490376
3.428428
3.484805
3.448160
3.472523
3.472969
3.458616
3.480579
3.389519
3.446931
3.405386
3.425424
3.433251
3.438689
3.434319
3.442616
3.444912
3.447473
3.449094
3.453370
3.453164
3.462355
3.439143
3.471103
3.424389
3.473861
3.440978
3.471774
3.433052
3.474497
3.448271
3.458367
3.470244
3.400926
3.472923
3.429849
3.412211
3.465936
3.431260
3.450354
3.459516
3.434871
3.467345
3.425766
3.470429
3.435958
3.468300
3.406619
3.477861
3.409081
3.471197
3.418095
3.462618
3.439829
3.445740
3.462379
3.403138
3.476263
3.408449
3.469569
3.415415
3.460691
3.437875
3.440809
3.462299
3.406808
3.472248
3.416788
3.467363
3.409568
3.464635
3.426378
3.455256
3.447548
3.456826
3.439809
3.464668
3.371483
3.431606
3.392139
3.410693
3.416469
3.425607
3.417632
3.429106
3.428565
3.434720
3.427781
3.444421
3.404684
3.453584
3.416783
3.443668
3.429992
3.446443
3.394477
3.465892
3.392177
3.456506
3.415394
3.450120
3.402404
3.452113
3.422018
3.434579
3.447707
3.397426
3.462250
3.402563
3.457369
3.395170
3.453998
3.412438
3.446092
3.427154
3.448368
3.386289
3.464426
3.393710
3.453859
3.397533
3.445973
3.419384
3.427019
3.445450
3.391252
3.456054
3.400031
3.451508
3.393996
3.448362
3.411460
3.437905
3.434883
3.433600
3.444871
3.417225
3.454930
3.426960
3.452204
3.426733
3.454419
3.375571
3.453681
3.408965
3.396671
3.441200
3.415514
3.424219
3.441242
3.403268
3.442450
3.420136
3.427264
3.442430
3.382358
3.457226
3.385122
3.449021
3.396207
3.439769
3.416459
3.428855
3.438385
3.403204
3.445019
3.418437
3.432839
3.441952
3.391148
3.457934
3.386210
3.451438
3.410484
3.444666
3.395465
3.449019
3.410909
3.442052
3.420503
3.442739
3.368934
3.442587
3.400322
3.395320
3.432561
3.409481
3.425410
3.429165
3.420362
3.436878
3.375709
3.453917
3.384811
3.441743
3.386633
3.436353
3.405744
3.423653
3.433093
3.397097
3.439470
3.413233
3.425963
3.435501
3.379035
3.451770
3.376264
3.443474
3.401361
3.437294
3.385866
3.441487
3.402196
3.434108
3.410817
3.435017
3.363607
3.439956
3.393784
3.364364
3.432867
3.381990
3.415488
3.414522
3.409687
3.422975
3.394402
3.431275
3.404498
3.430000
3.401454
3.434915
3.389094
3.438146
3.403966
3.435279
3.383761
3.443508
3.384338
3.439893
3.372803
3.439320
3.383558
3.433742
3.379025
3.431845
3.396246
3.422544
3.417103
3.422122
3.416617
3.430131
3.367202
3.438468
3.389256
3.346719
3.415637
3.373906
3.383596
3.411427
3.385754
3.413773
3.379007
3.417744
3.390504
3.416267
3.385916
3.420636
3.384790
3.422780
3.349249
3.430178
3.376160
3.392822
3.416077
3.376228
3.419083
3.390714
3.418418
3.383962
3.420486
3.393939
3.421234
3.392153
3.426525
3.384269
3.430628
3.379618
3.428440
3.396894
3.422546
3.399176
3.424184
3.341189
3.409552
3.377868
3.364143
3.408122
3.382116
3.401137
3.394366
3.408950
3.381271
3.416462
3.379395
3.418581
3.346578
3.426879
3.355471
3.415400
3.363265
3.408303
3.385480
3.390828
3.409358
3.352427
3.420191
3.420191
3.356955
3.415077
3.363134
3.407106
3.384203
3.393040
3.407305
3.355907
3.421049
3.356663
3.416157
3.365602
3.408661
3.378038
3.408515
3.369885
3.411154
3.385410
3.399848
3.408448
3.369646
3.418944
3.376166
3.416154
3.350276
3.425239
3.351326
3.416371
3.368732
3.411441
3.371605
3.413255
3.353906
3.417532
3.364081
3.411726
3.354454
3.412172
3.367505
3.407859
3.369264
3.407052
3.380749
3.406199
3.383633
3.409175
3.326430
3.396091
3.362883
3.353055
3.395346
3.367542
3.392690
3.371776
3.400850
3.342342
3.409120
3.349365
3.403166
3.349259
3.395902
3.369977
3.378787
3.395326
3.341032
3.409330
3.343403
3.403191
3.353718
3.396597
3.363094
3.397699
3.342539
3.407032
3.346781
3.402451
3.345150
3.397956
3.365222
3.385504
3.389524
3.370660
3.398537
3.323893
3.401657
3.355883
3.325590
3.394589
3.342665
3.380647
3.368789
3.383634
3.356841
3.392746
3.351493
3.396064
3.351450
3.395209
3.349230
3.395104
3.355748
3.394860
3.324004
3.405047
3.332602
3.393381
3.341150
3.385377
3.362358
3.369563
3.385986
3.331066
3.399099
3.332665
3.393197
3.345038
3.387443
3.347895
3.389276
3.329794
3.394610
3.339537
3.388682
3.332109
3.387455
3.347888
3.381233
3.356634
3.384741
3.316288
3.399849
3.325818
3.387700
3.334888
3.378715
3.356011
3.364838
3.379419
3.329023
3.391833
3.330759
3.387751
3.333028
3.380214
3.353833
3.365875
3.377850
3.336125
3.388616
3.343420
3.385475
3.320552
3.392554
3.321505
3.384285
3.338285
3.380995
3.339189
3.383426
3.336300
3.382108
3.348984
3.379865
3.334596
3.385561
3.344538
3.382676
3.333284
3.386877
3.339970
3.383666
3.318648
3.391029
3.320066
3.382647
3.335429
3.378548
3.338409
3.380413
3.319503
3.385911
3.327856
3.379854
3.320720
3.378525
3.336409
3.373194
3.341184
3.376904
3.333109
3.380802
3.337743
3.380088
3.310176
3.387748
3.315084
3.377865
3.332421
3.374627
3.327828
3.374603
3.344954
3.371448
3.343576
3.377392
3.315990
3.387219
3.320156
3.379194
3.331410
3.375347
3.326576
3.374873
3.343999
3.371224
3.342376
3.377207
3.319850
3.384324
3.328196
3.378196
3.306310
3.383537
3.313359
3.374759
3.323944
3.368404
3.340985
3.364509
3.346637
3.368193
3.286810
3.348124
3.327807
3.301579
3.353244
3.327520
3.338616
3.347389
3.333731
3.356496
3.292877
3.371554
3.297641
3.358981
3.313497
3.354769
3.317615
3.358775
3.299279
3.365417
3.307744
3.358616
3.302989
3.355895
3.321361
3.347243
3.338998
3.353098
3.321136
3.363190
3.331366
3.361314
3.316550
3.366962
3.319642
3.363421
3.288205
3.368461
3.315942
3.327031
3.356721
3.312647
3.358314
3.327510
3.356980
3.314110
3.359892
3.325743
3.356873
3.326167
3.361416
3.314618
3.364117
3.322510
3.360711
3.283265
3.361372
3.315359
3.294594
3.354463
3.307869
3.346328
3.320311
3.349670
3.291500
3.358224
3.299113
3.352445
3.296329
3.346646
3.316279
3.335579
3.339401
3.323312
3.346544
3.262924
3.325084
3.304902
3.276796
3.329146
3.303720
3.314644
3.323439
3.311625
3.332895
3.281957
3.344283
3.287341
3.338120
3.284042
3.333206
3.304252
3.321798
3.329388
3.307635
3.338837
3.273076
3.350328
3.274053
3.335675
3.300997
3.331239
3.297787
3.336753
3.303710
3.337322
3.274246
3.348022
3.274297
3.336113
3.295997
3.332609
3.284687
3.334126
3.305183
3.321910
3.326385
3.306985
3.333926
3.258458
3.337030
3.292014
3.262274
3.330967
3.278713
3.319015
3.296722
3.322023
3.277171
3.324684
3.296748
3.313082
3.317502
3.299050
3.325008
3.252177
3.334946
3.284404
3.278837
3.317398
3.293378
3.302481
3.317841
3.282032
3.320909
3.296142
3.314726
3.311830
3.317347
3.307237
3.323345
3.246326
3.314213
3.282090
3.263914
3.310208
3.284742
3.297764
3.301733
3.296509
3.310105
3.280369
3.317428
3.288443
3.316545
3.275648
3.319451
3.288833
3.314103
3.299427
3.317494
3.252737
3.334530
3.255034
3.318544
3.275220
3.314857
3.276168
3.318316
3.275100
3.318052
3.280569
3.317151
3.257200
3.324603
3.262120
3.316943
3.268422
3.310281
3.284837
3.306387
3.291573
3.311425
3.248652
3.327227
3.247918
3.312033
3.277757
3.306164
3.274725
3.312212
3.275068
3.313990
3.251371
3.320528
3.257024
3.312130
3.265360
3.306626
3.277301
3.307193
3.271151
3.310070
3.283616
3.305807
3.288936
3.309402
3.239336
3.321704
3.269135
3.274377
3.306090
3.276061
3.307739
3.268100
3.309647
3.282602
3.298550
3.301862
3.288508
3.308215
3.233929
3.308339
3.267257
3.248471
3.298358
3.270225
3.280949
3.294448
3.266894
3.300548
3.259764
3.303313
3.264233
3.302965
3.249026
3.304391
3.264930
3.299035
3.268325
3.302743
3.261510
3.305885
3.261763
3.305403
3.262363
3.305583
3.259151
3.304640
3.272984
3.302631
3.263190
3.305512
3.277008
3.299684
3.286794
3.303277
3.240159
3.240159
3.321271
3.238358
3.304427
3.268218
3.298782
3.261520
3.301548
3.274729
3.298603
3.274433
3.303355
3.233342
3.316666
3.236561
3.300362
3.263179
3.294399
3.257037
3.297461
3.270541
3.294656
3.269798
3.299636
3.232693
3.311722
3.233840
3.296797
3.263132
3.289020
3.263010
3.296349
3.242226
3.301196
3.254029
3.294931
3.245907
3.294927
3.261914
3.288414
3.272397
3.292682
3.228137
3.309512
3.229107
3.293102
3.255868
3.288235
3.248176
3.290495
3.265589
3.282848
3.279952
3.285466
3.275997
3.292168
3.218898
3.291034
3.251613
3.238005
3.282080
3.258780
3.268145
3.279846
3.255294
3.287003
3.234887
3.290212
3.251451
3.283636
3.250929
3.286535
3.248585
3.289535
3.223666
3.297042
3.226780
3.284859
3.243600
3.281370
3.236499
3.281317
3.255905
3.273713
3.270333
3.277539
3.263290
3.283792
3.201891
3.269598
3.240741
3.219916
3.267620
3.243290
3.254664
3.260366
3.252484
3.268692
3.232769
3.274500
3.247776
3.266797
3.260728
3.271271
3.247574
3.282627
3.232057
3.284702
3.246314
3.278022
3.237499
3.279193
3.251218
3.273738
3.261839
3.278428
3.217516
3.295227
3.208151
3.279544
3.242140
3.268709
3.245658
3.274349
3.216555
3.283526
3.220889
3.274737
3.228223
3.269125
3.237712
3.269392
3.225557
3.272903
3.240051
3.266753
3.246438
3.270504
3.202508
3.285445
3.206170
3.269194
3.232063
3.265495
3.225324
3.267015
3.241666
3.260980
3.249710
3.266676
3.217069
3.280814
3.214342
3.272181
3.231882
3.267284
3.218152
3.270017
3.235034
3.262659
3.240567
3.266213
3.200167
3.280302
3.202297
3.264399
3.230211
3.259020
3.226789
3.264769
3.227185
3.265552
3.204088
3.271491
3.210376
3.263314
3.216683
3.258229
3.231696
3.256199
3.233153
3.262338
3.197450
3.273308
3.199810
3.259367
3.224249
3.254660
3.218829
3.258503
3.228756
3.258045
3.218672
3.260515
3.231931
3.255253
3.238306
3.259376
3.190197
3.276339
3.201426
3.258696
3.211596
3.253418
3.230701
3.241724
3.252524
3.223843
3.260121
3.219330
3.262635
3.205679
3.263217
3.217994
3.257031
3.210963
3.257419
3.226177
3.250275
3.235594
3.254315
3.192727
3.269887
3.187902
3.254126
3.221540
3.244445
3.225372
3.251103
3.191792
3.262849
3.193053
3.251059
3.211730
3.246676
3.202936
3.247360
3.221818
3.238543
3.238105
3.238222
3.245220
3.230997
3.250638
3.167087
3.234524
3.208178
3.182556
3.233261
3.208765
3.216671
3.227403
3.210204
3.234948
3.185593
3.241166
3.198502
3.234516
3.198812
3.234836
3.205714
3.236293
3.196342
3.238737
3.210252
3.229767
3.223543
3.234908
3.209818
3.245668
3.199907
3.247217
3.209953
3.243458
3.183896
3.252165
3.184692
3.242051
3.200109
3.238922
3.194155
3.237876
3.209836
3.233727
3.208888
3.239221
3.178614
3.248633
3.183369
3.238444
3.194949
3.234676
3.192337
3.235699
3.198465
3.235027
3.179427
3.239639
3.189248
3.233312
3.186690
3.231144
3.204844
3.220594
3.225711
3.210419
3.232628
3.163046
3.249067
3.172758
3.230395
3.186640
3.226322
3.203128
3.222398
3.212414
3.227968
3.188219
3.236307
3.197871
3.232167
3.188477
3.233712
3.201306
3.229379
3.204527
3.233817
3.168299
3.243889
3.170235
3.229231
3.194518
3.223712
3.189830
3.228602
3.193489
3.228649
3.169636
3.235797
3.173580
3.227213
3.181569
3.222690
3.191332
3.222649
3.182309
3.224720
3.196511
3.217795
3.205114
3.223315
3.168565
3.237768
3.164438
3.225393
3.191821
3.218170
3.189859
3.224668
3.177334
3.225195
3.193675
3.220110
3.192379
3.225878
3.174838
3.228584
3.190581
3.222952
3.185974
3.224600
3.193675
3.223705
3.182334
3.227290
3.192293
3.223438
3.189593
3.227216
3.190849
3.226362
3.158738
3.236917
3.159125
3.220376
3.185698
3.216956
3.179044
3.219546
3.189700
3.218044
3.182422
3.221153
3.189305
3.220298
3.174999
3.225604
3.182102
3.221258
3.169553
3.224924
3.176824
3.219350
3.168927
3.220055
3.182200
3.214733
3.184530
3.219774
3.174861
3.221580
3.181523
3.219691
3.156567
3.226382
3.161138
3.216882
3.171897
3.213431
3.174524
3.214531
3.161737
3.215799
3.176756
3.209400
3.177855
3.214093
3.171830
3.216995
3.169722
3.215483
3.178085
3.213165
3.157349
3.220122
3.162255
3.213134
3.161926
3.209147
3.180793
3.200174
3.195578
3.205389
3.183066
3.213906
3.138520
3.227208
3.146844
3.207382
3.165654
3.205602
3.166577
3.208258
3.160343
3.205596
3.175374
3.200409
3.175214
3.206636
3.145687
3.215779
3.151061
3.206190
3.161458
3.202477
3.160280
3.203706
3.160128
3.203760
3.160122
3.203795
3.159159
3.203688
3.162625
3.203392
3.147744
3.205628
3.160997
3.199257
3.157996
3.198899
3.170765
3.195341
3.172365
3.200918
3.131373
3.213331
3.134562
3.195466
3.162262
3.190998
3.158205
3.196947
3.156639
3.197936
3.143293
3.197862
3.158618
3.191383
3.159051
3.159051
