-0.151302
-0.689441
-0.703744
-0.716753
-0.729907
-0.741953
-0.751041
-0.756287
-0.758105
-0.757597
-0.755754
-0.753166
-0.750130
-0.746780
-0.743157
-0.739243
-0.734980
-0.730279
-0.725032
-0.719118
-0.712429
-0.704908
-0.696576
-0.687490
-0.677686
-0.667164
-0.655931
-0.644052
-0.631659
-0.618906
-0.605934
-0.592852
-0.579733
-0.566620
-0.553527
-0.540451
-0.527374
-0.514268
-0.501097
-0.487827
-0.474420
-0.460844
-0.447071
-0.433082
-0.418874
-0.404457
-0.389850
-0.375075
-0.360121
-0.344928
-0.329356
-0.313174
-0.296051
-0.277544
-0.257162
-0.234653
-0.210449
-0.186131
-0.164600
-0.146675
-0.129322
-0.110811
-0.091853
-0.073473
-0.056200
-0.040138
-0.025269
-0.011717
0.000184
0.009948
0.017071
0.021212
0.022378
0.021024
0.017986
0.014233
0.010524
0.007239
0.004469
0.002169
0.000263
-0.001322
-0.002645
-0.003753
-0.004683
-0.005465
-0.006125
-0.006684
-0.007162
-0.007576
-0.007942
-0.008274
-0.008583
-0.008883
-0.009182
-0.009491
-0.009817
-0.010168
-0.010551
-0.010971
-0.011436
-0.011952
-0.012522
-0.013153
-0.013847
-0.014599
-0.015393
-0.016194
-0.016957
-0.017644
-0.018227
-0.018692
-0.019046
-0.019332
-0.019645
-0.020107
-0.020783
-0.021655
-0.022673
-0.023800
-0.025008
-0.026278
-0.027592
-0.028938
-0.030305
-0.031685
-0.033071
-0.034457
-0.035839
-0.037209
-0.038558
-0.039874
-0.041138
-0.042322
-0.043384
-0.044264
-0.044877
-0.045116
-0.044859
-0.043998
-0.042484
-0.040368
-0.037792
-0.034938
-0.031971
-0.028999
-0.026065
-0.023163
-0.020254
-0.017289
-0.014235
-0.011098
-0.007934
-0.004829
-0.001850
0.000974
0.003644
0.006169
0.008559
0.010823
0.012969
0.015001
0.016925
0.018750
0.020482
0.022131
0.023707
0.025218
0.026676
0.028088
0.029464
0.030809
0.032134
0.033474
0.034387
0.034923
0.035438
0.036067
0.036711
0.037265
0.037576
0.037459
0.037148
0.037154
0.037602
0.038925
0.041436
0.041976
0.043503
0.044532
0.045999
0.046208
0.047553
0.047621
0.048866
0.049069
0.049324
0.049754
0.050215
0.050673
0.051171
0.051754
0.052351
0.052944
0.053625
0.054377
0.055131
0.055879
0.056622
0.057352
0.058070
0.058777
0.059472
0.060155
0.060827
0.061489
0.062139
0.062779
0.063408
0.064027
0.064634
0.065230
0.065815
0.066388
0.066949
0.067498
0.068034
0.068557
0.069066
0.069560
0.070039
0.070503
0.070949
0.071378
0.071787
0.072175
0.072539
0.072878
0.073190
0.073470
0.073716
0.073927
0.074100
0.074236
0.074333
0.074394
0.074419
0.074411
0.074372
0.074304
0.074211
0.074093
0.073954
0.073796
0.073620
0.073429
0.073224
0.073007
0.072779
0.072540
0.072292
0.072034
0.071768
0.071492
0.071208
0.070915
0.070611
0.070298
0.069974
0.069638
0.069290
0.068928
0.068552
0.068160
0.067751
0.067324
0.066877
0.066409
0.065918
0.065402
0.064859
0.064287
0.063685
0.063050
0.062383
0.061682
0.060950
0.060187
0.059400
0.058593
0.057773
0.056947
0.056122
0.055298
0.054474
0.053643
0.052796
0.051923
0.051013
0.050054
0.049034
0.047939
0.046751
0.045454
0.044031
0.042466
0.040750
0.038889
0.036908
0.034866
0.032863
0.031038
0.029551
0.028543
0.028091
0.028184
0.028730
0.029596
0.030643
0.031747
0.032814
0.033777
0.034596
0.035250
0.035735
0.036058
0.036231
0.036270
0.036196
0.036027
0.035783
0.035482
0.035142
0.034780
0.034410
0.034044
0.033694
0.033367
0.033069
0.032805
0.032578
0.032389
0.032238
0.032124
0.032047
0.032004
0.031994
0.032015
0.032065
0.032143
0.032245
0.032371
0.032519
0.032688
0.032875
0.033080
0.033301
0.033538
0.033788
0.034052
0.034328
0.034615
0.034912
0.035219
0.035535
0.035858
0.036189
0.036527
0.036872
0.037221
0.037576
0.037936
0.038300
0.038667
0.039038
0.039412
0.039789
0.040168
0.040549
0.040932
0.041316
0.041702
0.042088
0.042475
0.042863
0.043252
0.043640
0.044028
0.044417
0.044805
0.045192
0.045579
0.045965
0.046350
0.046734
0.047118
0.047499
0.047880
0.048259
0.048637
0.049013
0.049387
0.049760
0.050131
0.050499
0.050866
0.051231
0.051593
0.051954
0.052312
0.052668
0.053022
0.053373
0.053723
0.054070
0.054414
0.054757
0.055098
0.055437
0.055773
0.056109
0.056442
0.056775
0.057106
0.057437
0.057767
0.058096
0.058426
0.058756
0.059087
0.059418
0.059751
0.060086
0.060422
0.060759
0.061099
0.061442
0.061786
0.062134
0.062483
0.062836
0.063190
0.063548
0.063908
0.064270
0.064635
0.065001
0.065370
0.065741
0.066114
0.066489
0.066865
0.067242
0.067621
0.068001
0.068382
0.068764
0.069146
0.069530
0.069914
0.070298
0.070683
0.071068
0.071453
0.071839
0.072225
0.072610
0.072996
0.073382
0.073768
0.074154
0.074540
0.074926
0.075312
0.075699
0.076085
0.076471
0.076857
0.077243
0.077629
0.078016
0.078402
0.078789
0.079176
0.079563
0.079950
0.080338
0.080726
0.081114
0.081503
0.081892
0.082281
0.082671
0.083061
0.083451
0.083843
0.084234
0.084626
0.085019
0.085413
0.085413
0.085807
0.086201
0.086597
0.086993
0.087389
0.087787
0.088185
0.088584
0.088983
0.089384
0.089785
0.090187
0.090590
0.090994
0.091399
0.091805
0.092211
0.092619
0.093027
0.093437
0.093847
0.094259
0.094671
0.095085
0.095500
0.095915
0.096332
0.096750
0.097169
0.097589
0.098010
0.098433
0.098857
0.099281
0.099708
0.100135
0.100563
0.100993
0.101424
0.101857
0.102290
0.102725
0.103161
0.103599
0.104038
0.104478
0.104920
0.105363
0.105808
0.106253
0.106701
0.107150
0.107600
0.108052
0.108505
0.108960
0.109416
0.109874
0.110333
0.110794
0.111256
0.111720
0.112186
0.112653
0.113122
0.113593
0.114065
0.114539
0.115015
0.115492
0.115971
0.116452
0.116934
0.117419
0.117905
0.118392
0.118882
0.119374
0.119867
0.120362
0.120859
0.121358
0.121859
0.122362
0.122867
0.123373
0.123882
0.124392
0.124905
0.125420
0.125936
0.126455
0.126976
0.127499
0.128024
0.128551
0.129080
0.129611
0.130145
0.130680
0.131218
0.131758
0.132300
0.132845
0.133392
0.133941
0.134492
0.135045
0.135601
0.136160
0.136720
0.137283
0.137848
0.138416
0.138986
0.139559
0.140133
0.140711
0.141291
0.141873
0.142458
0.143045
0.143635
0.144227
0.144822
0.145419
0.146019
0.146621
0.147226
0.147834
0.148444
0.149057
0.149673
0.150291
0.150911
0.151535
0.152161
0.152790
0.153421
0.154055
0.154692
0.155331
0.155973
0.156618
0.157266
0.157916
0.158569
0.159225
0.159883
0.160545
0.161208
0.161875
0.162545
0.163217
0.163892
0.164569
0.165250
0.165933
0.166618
0.167307
0.167998
0.168692
0.169389
0.170088
0.170790
0.171495
0.172202
0.172912
0.173625
0.174340
0.175058
0.175779
0.176502
0.177227
0.177956
0.178686
0.179419
0.180155
0.180893
0.181633
0.182376
0.183121
0.183869
0.184618
0.185370
0.186124
0.186881
0.187639
0.188399
0.189162
0.189926
0.190692
0.191460
0.192230
0.193002
0.193775
0.194550
0.195326
0.196104
0.196883
0.197664
0.198446
0.199228
0.200012
0.200797
0.201582
0.202369
0.203156
0.203943
0.204731
0.205519
0.206307
0.207095
0.207883
0.208671
0.209459
0.210245
0.211032
0.211817
0.212601
0.213384
0.214166
0.214946
0.215724
0.216500
0.217275
0.218046
0.218815
0.219582
0.220345
0.221105
0.221861
0.222613
0.223362
0.224105
0.224845
0.225579
0.226308
0.227032
0.227749
0.228461
0.229166
0.229864
0.230554
0.231238
0.231913
0.232580
0.233238
0.233887
0.234526
0.235155
0.235774
0.236382
0.236979
0.237563
0.238136
0.238696
0.239242
0.239774
0.240292
0.240796
0.241283
0.241755
0.242210
0.242647
0.243067
0.243469
0.243851
0.244213
0.244556
0.244877
0.245176
0.245453
0.245708
0.245938
0.246145
0.246326
0.246482
0.246612
0.246714
0.246790
0.246837
0.246856
0.246846
0.246805
0.246735
0.246634
0.246502
0.246338
0.246143
0.245915
0.245654
0.245360
0.245033
0.244672
0.244278
0.243850
0.243388
0.242891
0.242361
0.241797
0.241199
0.240567
0.239902
0.239204
0.238473
0.237710
0.236916
0.236092
0.235238
0.234355
0.233444
0.232506
0.231544
0.230557
0.229547
0.228516
0.227465
0.226395
0.225309
0.224208
0.223093
0.221966
0.220829
0.219684
0.218532
0.217374
0.216214
0.215052
0.213890
0.212729
0.211573
0.210422
0.209278
0.208143
0.207018
0.205906
0.204809
0.203727
0.202663
0.201619
0.200597
0.199598
0.198624
0.197678
0.196761
0.195875
0.195023
0.194206
0.193426
0.192686
0.191988
0.191333
0.190725
0.190165
0.189655
0.189198
0.188797
0.188453
0.188170
0.187949
0.187795
0.187711
0.187700
0.187769
0.187922
0.188169
0.188524
0.189008
0.189666
0.190594
0.191994
0.193805
0.195517
0.197561
0.199064
0.202329
0.204671
0.202259
0.208788
0.210506
0.209293
0.208094
0.207028
0.206427
0.206211
0.206113
0.205950
0.205666
0.205331
0.205091
0.205155
0.206195
0.208937
0.207545
0.203792
0.212817
0.214895
0.217615
0.216306
0.208522
0.220993
0.220401
0.221307
0.224554
0.223620
0.214057
0.231033
0.230432
0.234334
0.232436
0.222932
0.238778
0.239050
0.241594
0.239749
0.245144
0.234148
0.254658
0.255921
0.256719
0.242491
0.261734
0.263113
0.263433
0.250950
0.270925
0.272990
0.272965
0.259494
0.281214
0.283649
0.282702
0.268466
0.291914
0.293941
0.292842
0.278446
0.302575
0.303059
0.302529
0.303741
0.290859
0.314419
0.314545
0.297917
0.318212
0.316754
0.302391
0.318909
0.318997
0.307222
0.322457
0.323797
0.310302
0.328322
0.328831
0.315319
0.333004
0.332886
0.318197
0.338342
0.338005
0.322697
0.343306
0.342296
0.325967
0.348557
0.347241
0.330460
0.353411
0.351720
0.333622
0.359018
0.356655
0.339091
0.363801
0.361578
0.341863
0.370441
0.366883
0.349843
0.375513
0.372632
0.351163
0.385364
0.381732
0.362659
0.388296
0.366516
0.391179
0.381717
0.395495
0.374933
0.401236
0.400714
0.379495
0.404146
0.397470
0.397470
0.404308
0.380022
0.416836
0.395969
0.419582
0.416685
0.393249
0.421158
0.398242
0.425972
0.402751
0.429878
0.429430
0.402003
0.432130
0.414440
0.440091
0.415657
0.439843
0.437027
0.415166
0.444618
0.415614
0.450376
0.423776
0.448264
0.443647
0.435835
0.452585
0.426138
0.462774
0.432148
0.465498
0.443210
0.459467
0.450934
0.464585
0.438670
0.473446
0.446567
0.475645
0.448665
0.475852
0.450550
0.476165
0.452449
0.479113
0.454493
0.481278
0.457563
0.484407
0.459269
0.486885
0.461878
0.489925
0.464366
0.492652
0.466825
0.495714
0.469626
0.498681
0.472301
0.501817
0.475158
0.504998
0.478026
0.508284
0.480978
0.511673
0.483996
0.515187
0.487078
0.518828
0.490216
0.522562
0.493413
0.526332
0.496686
0.530094
0.500027
0.533826
0.503410
0.537529
0.506825
0.541221
0.510282
0.544932
0.513797
0.548700
0.517381
0.552564
0.521041
0.556568
0.524784
0.560769
0.528612
0.565230
0.532525
0.570011
0.536519
0.575116
0.540584
0.580443
0.544697
0.585773
0.548824
0.590808
0.552934
0.595334
0.556965
0.599395
0.560779
0.603094
0.564299
0.606460
0.567537
0.609507
0.570491
0.612254
0.573115
0.614719
0.575335
0.616891
0.577076
0.618661
0.578309
0.619734
0.579129
0.619724
0.579776
0.618466
0.580407
0.616211
0.580871
0.613429
0.580904
0.610351
0.580452
0.607004
0.579592
0.603374
0.578387
0.599422
0.576852
0.595094
0.574975
0.590324
0.572727
0.585054
0.570066
0.579243
0.566926
0.572893
0.563194
0.566069
0.558708
0.558884
0.553292
0.551431
0.546861
0.543696
0.539474
0.535569
0.531277
0.526935
0.522406
0.517751
0.512959
0.508044
0.503016
0.497885
0.492662
0.487361
0.481994
0.476573
0.471111
0.465621
0.460115
0.454605
0.449102
0.443616
0.438157
0.432734
0.427356
0.422029
0.416759
0.411552
0.406413
0.401345
0.396350
0.391431
0.386589
0.381823
0.377133
0.372518
0.367975
0.363501
0.359093
0.354747
0.350460
0.346225
0.342039
0.337896
0.333793
0.329723
0.325684
0.321669
0.317677
0.313702
0.309741
0.305793
0.301854
0.297921
0.293995
0.290073
0.286154
0.282238
0.278326
0.274416
0.270511
0.266610
0.262714
0.258824
0.254942
0.251068
0.247204
0.243350
0.239508
0.235677
0.231859
0.228053
0.224259
0.220478
0.216707
0.212947
0.209196
0.205452
0.201714
0.197978
0.194243
0.190506
0.186764
0.183013
0.179252
0.175475
0.171681
0.167867
0.164029
0.160166
0.156274
0.152353
0.148401
0.144419
0.140404
0.136359
0.132283
0.128178
0.124046
0.119888
0.115706
0.111503
0.107281
0.103042
0.098788
0.094520
0.090241
0.085950
0.081649
0.077338
0.073016
0.068682
0.064333
0.059969
0.055585
0.051179
0.046745
0.042279
0.037776
0.033231
0.028638
0.023990
0.019282
0.014509
0.009665
0.004744
-0.000258
-0.005346
-0.010523
-0.015792
-0.021157
-0.026619
-0.032182
-0.037847
-0.043616
-0.049492
-0.055477
-0.061574
-0.067787
-0.074120
-0.080580
-0.087172
-0.093905
-0.100789
-0.107833
-0.115053
-0.122461
-0.130075
-0.137912
-0.145994
-0.154342
-0.162979
-0.171926
-0.181206
-0.190836
-0.200825
-0.211174
-0.221865
-0.232857
-0.244084
-0.255449
-0.266836
-0.278112
-0.289154
-0.299859
-0.310155
-0.319995
-0.329356
-0.338231
-0.346628
-0.354571
-0.362098
-0.369259
-0.376110
-0.382712
-0.389124
-0.395402
-0.401590
-0.407726
-0.413840
-0.419952
-0.426077
-0.432224
-0.438398
-0.444603
-0.450841
-0.457110
-0.463409
-0.469734
-0.476082
-0.482449
-0.488828
-0.495214
-0.501600
-0.507980
-0.514346
-0.520690
-0.527004
-0.533278
-0.539503
-0.545666
-0.551755
-0.557757
-0.563656
-0.569436
-0.575081
-0.580578
-0.585918
-0.591102
-0.596142
-0.601064
-0.605909
-0.610727
-0.615569
-0.620482
-0.625501
-0.630644
-0.635911
-0.641288
-0.646746
-0.652250
-0.657762
-0.663237
-0.668634
-0.673908
-0.679013
-0.683902
-0.688531
-0.692863
-0.696878
-0.700585
-0.704020
-0.707240
-0.710311
-0.713293
-0.716239
-0.719184
-0.722142
-0.725112
-0.728086
-0.731052
-0.734000
-0.736923
-0.739816
-0.742672
-0.745490
-0.748265
-0.750997
-0.753686
-0.756332
-0.758937
-0.761502
-0.764030
-0.766524
-0.768986
-0.771418
-0.773822
-0.776201
-0.778558
-0.780895
-0.783214
-0.785518
-0.787810
-0.790093
-0.792369
-0.794640
-0.796910
-0.799181
-0.801455
-0.803737
-0.806027
-0.808329
-0.810646
-0.812980
-0.815334
-0.817710
-0.820112
-0.822540
-0.825000
-0.827491
-0.830018
-0.832583
-0.835188
-0.837836
-0.840529
-0.843270
-0.846061
-0.848904
-0.851803
-0.854759
-0.857776
-0.860855
-0.864000
-0.867212
-0.870494
-0.873848
-0.877277
-0.880784
-0.884369
-0.888036
-0.891786
-0.895622
-0.899544
-0.903555
-0.907654
-0.911844
-0.916125
-0.920497
-0.924960
-0.929513
-0.934155
-0.938885
-0.943702
-0.948603
-0.953586
-0.958649
-0.963789
-0.969004
-0.974292
-0.979651
-0.985080
-0.990579
-0.996150
-1.001794
-1.007516
-1.013319
-1.019210
-1.025195
-1.031280
-1.037472
-1.043777
-1.050201
-1.056750
-1.063428
-1.070237
-1.077177
-1.084241
-1.091420
-1.098703
-1.106074
-1.106074
-1.113515
-1.121033
-1.128448
-1.136804
-1.134581
-1.141226
-1.148288
-1.151477
-1.159191
-1.158963
-1.162961
-1.163016
-1.161853
-1.160980
-1.160311
-1.160281
-1.161011
-1.162422
-1.164366
-1.166695
-1.169296
-1.172103
-1.175085
-1.178225
-1.181518
-1.184954
-1.188527
-1.192233
-1.196072
-1.200049
-1.204175
-1.208463
-1.212927
-1.217579
-1.222430
-1.227492
-1.232774
-1.238283
-1.244028
-1.250015
-1.256249
-1.262734
-1.269473
-1.276465
-1.283707
-1.291196
-1.298923
-1.306878
-1.315048
-1.323419
-1.331970
-1.340684
-1.349537
-1.358508
-1.367573
-1.376708
-1.385891
-1.395100
-1.404315
-1.413516
-1.422687
-1.431812
-1.440877
-1.449873
-1.458787
-1.467612
-1.476341
-1.484968
-1.493488
-1.501896
-1.510190
-1.518366
-1.526423
-1.534358
-1.542169
-1.549855
-1.557415
-1.564848
-1.572152
-1.579327
-1.586371
-1.593284
-1.600065
-1.606713
-1.613227
-1.619606
-1.625850
-1.631957
-1.637928
-1.643761
-1.649457
-1.655015
-1.660434
-1.665715
-1.670857
-1.675861
-1.680727
-1.685455
-1.690046
-1.694500
-1.698818
-1.703003
-1.707053
-1.710972
-1.714760
-1.718419
-1.721951
-1.725358
-1.728642
-1.731805
-1.734849
-1.737778
-1.740592
-1.743297
-1.745893
-1.748384
-1.750772
-1.753062
-1.755255
-1.757355
-1.759365
-1.761288
-1.763128
-1.764887
-1.766568
-1.768175
-1.769711
-1.771179
-1.772582
-1.773922
-1.775204
-1.776429
-1.777601
-1.778722
-1.779795
-1.780823
-1.781809
-1.782754
-1.783661
-1.784533
-1.785371
-1.786179
-1.786958
-1.787709
-1.788436
-1.789140
-1.789822
-1.790485
-1.791130
-1.791759
-1.792373
-1.792974
-1.793564
-1.794142
-1.794712
-1.795274
-1.795829
-1.796379
-1.796924
-1.797466
-1.798005
-1.798543
-1.799081
-1.799619
-1.800159
-1.800701
-1.801245
-1.801793
-1.802346
-1.802904
-1.803467
-1.804037
-1.804614
-1.805199
-1.805791
-1.806393
-1.807003
-1.807623
-1.808254
-1.808894
-1.809546
-1.810209
-1.810884
-1.811570
-1.812270
-1.812981
-1.813706
-1.814444
-1.815195
-1.815960
-1.816739
-1.817532
-1.818339
-1.819160
-1.819996
-1.820847
-1.821712
-1.822592
-1.823487
-1.824396
-1.825321
-1.826260
-1.827214
-1.828183
-1.829167
-1.830166
-1.831179
-1.832207
-1.833250
-1.834307
-1.835378
-1.836464
-1.837564
-1.838677
-1.839805
-1.840945
-1.842100
-1.843268
-1.844448
-1.845642
-1.846848
-1.848067
-1.849298
-1.850541
-1.851795
-1.853062
-1.854339
-1.855628
-1.856928
-1.858238
-1.859559
-1.860889
-1.862230
-1.863580
-1.864940
-1.866309
-1.867687
-1.869074
-1.870470
-1.871873
-1.873285
-1.874704
-1.876131
-1.877566
-1.879007
-1.880456
-1.881911
-1.883373
-1.884842
-1.886316
-1.887797
-1.889283
-1.890775
-1.892273
-1.893776
-1.895283
-1.896796
-1.898314
-1.899836
-1.901363
-1.902894
-1.904430
-1.905969
-1.907513
-1.909060
-1.910610
-1.912165
-1.913722
-1.915283
-1.916847
-1.918415
-1.919984
-1.921557
-1.923133
-1.924710
-1.926291
-1.927873
-1.929458
-1.931044
-1.932633
-1.934223
-1.935815
-1.937408
-1.939002
-1.940598
-1.942195
-1.943793
-1.945391
-1.946990
-1.948590
-1.950190
-1.951790
-1.953390
-1.954990
-1.956590
-1.958189
-1.959787
-1.961385
-1.962981
-1.964576
-1.966170
-1.967762
-1.969352
-1.970940
-1.972526
-1.974109
-1.975690
-1.977267
-1.978842
-1.980413
-1.981980
-1.983543
-1.985102
-1.986657
-1.988207
-1.989752
-1.991292
-1.992827
-1.994356
-1.995878
-1.997395
-1.998905
-2.000408
-2.001903
-2.003392
-2.004872
-2.006345
-2.007809
-2.009264
-2.010711
-2.012148
-2.013576
-2.014994
-2.016401
-2.017798
-2.019184
-2.020559
-2.021923
-2.023274
-2.024614
-2.025941
-2.027255
-2.028556
-2.029844
-2.031117
-2.032377
-2.033622
-2.034852
-2.036067
-2.037266
-2.038449
-2.039616
-2.040766
-2.041899
-2.043015
-2.044112
-2.045192
-2.046252
-2.047294
-2.048315
-2.049317
-2.050299
-2.051259
-2.052198
-2.053115
-2.054009
-2.054881
-2.055729
-2.056552
-2.057351
-2.058125
-2.058872
-2.059592
-2.060285
-2.060949
-2.061584
-2.062189
-2.062763
-2.063305
-2.063814
-2.064288
-2.064727
-2.065129
-2.065493
-2.065817
-2.066100
-2.066339
-2.066534
-2.066681
-2.066779
-2.066826
-2.066818
-2.066752
-2.066626
-2.066436
-2.066178
-2.065847
-2.065438
-2.064946
-2.064364
-2.063686
-2.062902
-2.062004
-2.060979
-2.059817
-2.058500
-2.057013
-2.055336
-2.053445
-2.051319
-2.048932
-2.046265
-2.043306
-2.040059
-2.036549
-2.032823
-2.028941
-2.024969
-2.020966
-2.016979
-2.013041
-2.009175
-2.005395
-2.001707
-1.998116
-1.994624
-1.991231
-1.987936
-1.984739
-1.981639
-1.978635
-1.975726
-1.972912
-1.970190
-1.967561
-1.965020
-1.962568
-1.960203
-1.957921
-1.955722
-1.953604
-1.951564
-1.949600
-1.947711
-1.945895
-1.944149
-1.942473
-1.940863
-1.939318
-1.937836
-1.936416
-1.935056
-1.933754
-1.932509
-1.931320
-1.930184
-1.929100
-1.928068
-1.927085
-1.926151
-1.925264
-1.924423
-1.923627
-1.922875
-1.922166
-1.921498
-1.920871
-1.920284
-1.919735
-1.919224
-1.918750
-1.918312
-1.917908
-1.917539
-1.917203
-1.916900
-1.916628
-1.916387
-1.916175
-1.915993
-1.915839
-1.915713
-1.915613
-1.915539
-1.915490
-1.915466
-1.915466
-1.915488
-1.915533
-1.915599
-1.915686
-1.915793
-1.915919
-1.916064
-1.916227
-1.916408
-1.916605
-1.916818
-1.917047
-1.917047
-1.917291
-1.917549
-1.917820
-1.918105
-1.918401
-1.918710
-1.919030
-1.919361
-1.919702
-1.920053
-1.920413
-1.920781
-1.921158
-1.921542
-1.921934
-1.922332
-1.922737
-1.923147
-1.923563
-1.923983
-1.924409
-1.924838
-1.925271
-1.925707
-1.926147
-1.926589
-1.927033
-1.927479
-1.927926
-1.928375
-1.928825
-1.929276
-1.929726
-1.930177
-1.930627
-1.931077
-1.931526
-1.931974
-1.932421
-1.932866
-1.933309
-1.933751
-1.934190
-1.934627
-1.935061
-1.935492
-1.935921
-1.936346
-1.936769
-1.937188
-1.937603
-1.938015
-1.938424
-1.938828
-1.939229
-1.939626
-1.940019
-1.940408
-1.940794
-1.941175
-1.941552
-1.941926
-1.942296
-1.942661
-1.943024
-1.943382
-1.943737
-1.944089
-1.944437
-1.944783
-1.945125
-1.945465
-1.945803
-1.946138
-1.946471
-1.946802
-1.947132
-1.947461
-1.947789
-1.948117
-1.948445
-1.948772
-1.949101
-1.949430
-1.949761
-1.950094
-1.950429
-1.950767
-1.951109
-1.951454
-1.951803
-1.952157
-1.952515
-1.952880
-1.953251
-1.953628
-1.954012
-1.954404
-1.954803
-1.955211
-1.955628
-1.956054
-1.956490
-1.956936
-1.957392
-1.957859
-1.958337
-1.958826
-1.959326
-1.959839
-1.960363
-1.960899
-1.961448
-1.962009
-1.962582
-1.963168
-1.963766
-1.964377
-1.965000
-1.965636
-1.966283
-1.966943
-1.967614
-1.968297
-1.968992
-1.969698
-1.970415
-1.971142
-1.971880
-1.972628
-1.973386
-1.974153
-1.974928
-1.975713
-1.976505
-1.977305
-1.978112
-1.978925
-1.979745
-1.980570
-1.981400
-1.982235
-1.983074
-1.983916
-1.984761
-1.985609
-1.986458
-1.987308
-1.988159
-1.989009
-1.989859
-1.990708
-1.991556
-1.992401
-1.993244
-1.994083
-1.994919
-1.995751
-1.996579
-1.997402
-1.998220
-1.999033
-1.999840
-2.000642
-2.001438
-2.002228
-2.003012
-2.003789
-2.004561
-2.005326
-2.006085
-2.006838
-2.007584
-2.008324
-2.009059
-2.009787
-2.010510
-2.011227
-2.011939
-2.012646
-2.013348
-2.014045
-2.014738
-2.015427
-2.016112
-2.016794
-2.017474
-2.018152
-2.018829
-2.019507
-2.020185
-2.020868
-2.021555
-2.022252
-2.022963
-2.023696
-2.024462
-2.025284
-2.026200
-2.027297
-2.028740
-2.030679
-2.031921
-2.032666
-2.033789
-2.035529
-2.037038
-2.038198
-2.039159
-2.040100
-2.040385
-2.041453
-2.040123
-2.042366
-2.042049
-2.043647
-2.044191
-2.045242
-2.044858
-2.046579
-2.045948
-2.047707
-2.047869
-2.049076
-2.051070
-2.049238
-2.051598
-2.050832
-2.050869
-2.053740
-2.052361
-2.052936
-2.056395
-2.054795
-2.057288
-2.061212
-2.059329
-2.062160
-2.061541
-2.062644
-2.066430
-2.065767
-2.067953
-2.068388
-2.069151
-2.068707
-2.069508
-2.071754
-2.068581
-2.070458
-2.068067
-2.070765
-2.075189
-2.075567
-2.078023
-2.076771
-2.078566
-2.082496
-2.079005
-2.080426
-2.076470
-2.078054
-2.081383
-2.083463
-2.087933
-2.093115
-2.098790
-2.105076
-2.111680
-2.118576
-2.125699
-2.132996
-2.140439
-2.147997
-2.155641
-2.163341
-2.171072
-2.178812
-2.186544
-2.194254
-2.201930
-2.209560
-2.217132
-2.224634
-2.232051
-2.239369
-2.246573
-2.253649
-2.260580
-2.267354
-2.273954
-2.280368
-2.286580
-2.292577
-2.298346
-2.303875
-2.309153
-2.314171
-2.318921
-2.323396
-2.327591
-2.331504
-2.335134
-2.338480
-2.341545
-2.344333
-2.346848
-2.349097
-2.351087
-2.352828
-2.354328
-2.355598
-2.356649
-2.357492
-2.358138
-2.358599
-2.358888
-2.359015
-2.358992
-2.358831
-2.358543
-2.358138
-2.357627
-2.357020
-2.356326
-2.355555
-2.354715
-2.353814
-2.352859
-2.351859
-2.350820
-2.349748
-2.348649
-2.347528
-2.346391
-2.345242
-2.344085
-2.342925
-2.341764
-2.340606
-2.339454
-2.338311
-2.337178
-2.336058
-2.334953
-2.333863
-2.332791
-2.331737
-2.330703
-2.329688
-2.328694
-2.327720
-2.326768
-2.325837
-2.324926
-2.324037
-2.323168
-2.322319
-2.321489
-2.320678
-2.319886
-2.319112
-2.318354
-2.317612
-2.316886
-2.316175
-2.315477
-2.314792
-2.314120
-2.313458
-2.312807
-2.312166
-2.311533
-2.310909
-2.310292
-2.309681
-2.309076
-2.308476
-2.307880
-2.307288
-2.306698
-2.306111
-2.305526
-2.304941
-2.304358
-2.303773
-2.303189
-2.302603
-2.302015
-2.301426
-2.300834
-2.300239
-2.299641
-2.299040
-2.298435
-2.297826
-2.297213
-2.296596
-2.295974
-2.295347
-2.294716
-2.294080
-2.293440
-2.292794
-2.292144
-2.291490
-2.290830
-2.290166
-2.289498
-2.288825
-2.288148
-2.287467
-2.286782
-2.286093
-2.285401
-2.284705
-2.284006
-2.283303
-2.282598
-2.281889
-2.281178
-2.280465
-2.279749
-2.279031
-2.278311
-2.277589
-2.276866
-2.276141
-2.275414
-2.274687
-2.273958
-2.273229
-2.272499
-2.271768
-2.271037
-2.270305
-2.269574
-2.268842
-2.268110
-2.267379
-2.266647
-2.265917
-2.265186
-2.264457
-2.263728
-2.263000
-2.262273
-2.261546
-2.260821
-2.260098
-2.259375
-2.258654
-2.257934
-2.257216
-2.256500
-2.255785
-2.255072
-2.254360
-2.253651
-2.252943
-2.252237
-2.251533
-2.250831
-2.250131
-2.249433
-2.248736
-2.248042
-2.247350
-2.246660
-2.245972
-2.245285
-2.244601
-2.243919
-2.243238
-2.242559
-2.241882
-2.241207
-2.240534
-2.239862
-2.239192
-2.238523
-2.237856
-2.237190
-2.236525
-2.235862
-2.235200
-2.234540
-2.233880
-2.233222
-2.232564
-2.231907
-2.231252
-2.230597
-2.229943
-2.229289
-2.228637
-2.227984
-2.227333
-2.226682
-2.226682
-2.226031
-2.225381
-2.224731
-2.224081
-2.223431
-2.222782
-2.222133
-2.221484
-2.220835
-2.220186
-2.219537
-2.218888
-2.218239
-2.217589
-2.216939
-2.216289
-2.215639
-2.214988
-2.214337
-2.213685
-2.213033
-2.212380
-2.211726
-2.211072
-2.210417
-2.209761
-2.209104
-2.208445
-2.207786
-2.207126
-2.206464
-2.205801
-2.205136
-2.204470
-2.203802
-2.203132
-2.202461
-2.201787
-2.201112
-2.200434
-2.199754
-2.199071
-2.198386
-2.197698
-2.197007
-2.196314
-2.195617
-2.194917
-2.194213
-2.193506
-2.192795
-2.192081
-2.191362
-2.190638
-2.189911
-2.189178
-2.188441
-2.187699
-2.186951
-2.186198
-2.185439
-2.184674
-2.183902
-2.183124
-2.182339
-2.181547
-2.180747
-2.179940
-2.179124
-2.178299
-2.177466
-2.176623
-2.175770
-2.174906
-2.174031
-2.173145
-2.172245
-2.171333
-2.170407
-2.169466
-2.168509
-2.167535
-2.166543
-2.165531
-2.164499
-2.163443
-2.162363
-2.161256
-2.160119
-2.158950
-2.157745
-2.156501
-2.155212
-2.153874
-2.152482
-2.151030
-2.149515
-2.147941
-2.146345
-2.144862
-2.142607
-2.137621
-2.134037
-2.127796
-2.123955
-2.117352
-2.113317
-2.107438
-2.104129
-2.098270
-2.095000
-2.090190
-2.087817
-2.083116
-2.080705
-2.076546
-2.075103
-2.070838
-2.069298
-2.066398
-2.065339
-2.062851
-2.061681
-2.058370
-2.057847
-2.055447
-2.055355
-2.052781
-2.052549
-2.050809
-2.051053
-2.049225
-2.049276
-2.047651
-2.048170
-2.046577
-2.047004
-2.045719
-2.046414
-2.045161
-2.045791
-2.044725
-2.045546
-2.044546
-2.045332
-2.044436
-2.045332
-2.044526
-2.045421
-2.044683
-2.045632
-2.044973
-2.045935
-2.045333
-2.046318
-2.045777
-2.046775
-2.046287
-2.047295
-2.046857
-2.047871
-2.047479
-2.048496
-2.048148
-2.049165
-2.048859
-2.049872
-2.049607
-2.050613
-2.050388
-2.051385
-2.051198
-2.052184
-2.052036
-2.053007
-2.052898
-2.053852
-2.053782
-2.054716
-2.054686
-2.055599
-2.055608
-2.056497
-2.056548
-2.057411
-2.057503
-2.058338
-2.058473
-2.059278
-2.059457
-2.060231
-2.060454
-2.061195
-2.061462
-2.062172
-2.062481
-2.063161
-2.063511
-2.064162
-2.064550
-2.065177
-2.065600
-2.066205
-2.066659
-2.067247
-2.067728
-2.068304
-2.068807
-2.069375
-2.069896
-2.070460
-2.070995
-2.071557
-2.072104
-2.072667
-2.073223
-2.073789
-2.074351
-2.074921
-2.075489
-2.076063
-2.076637
-2.077214
-2.077792
-2.078373
-2.078956
-2.079541
-2.080128
-2.080717
-2.081307
-2.081900
-2.082494
-2.083090
-2.083687
-2.084286
-2.084887
-2.085490
-2.086094
-2.086699
-2.087306
-2.087915
-2.088525
-2.089137
-2.089750
-2.090365
-2.090981
-2.091599
-2.092218
-2.092839
-2.093461
-2.094085
-2.094710
-2.095337
-2.095965
-2.096595
-2.097226
-2.097858
-2.098493
-2.099128
-2.099766
-2.100405
-2.101045
-2.101687
-2.102331
-2.102976
-2.103623
-2.104271
-2.104921
-2.105573
-2.106227
-2.106882
-2.107539
-2.108198
-2.108859
-2.109521
-2.110185
-2.110851
-2.111519
-2.112189
-2.112860
-2.113534
-2.114209
-2.114887
-2.115566
-2.116248
-2.116932
-2.117617
-2.118305
-2.118995
-2.119687
-2.120381
-2.121078
-2.121776
-2.122477
-2.123181
-2.123886
-2.124594
-2.125304
-2.126017
-2.126732
-2.127450
-2.128170
-2.128892
-2.129618
-2.130345
-2.131076
-2.131809
-2.132544
-2.133283
-2.134024
-2.134768
-2.135515
-2.136265
-2.137017
-2.137773
-2.138531
-2.139292
-2.140057
-2.140824
-2.141595
-2.142368
-2.143145
-2.143925
-2.144708
-2.145495
-2.146285
-2.147078
-2.147874
-2.148674
-2.149478
-2.150285
-2.151095
-2.151909
-2.152726
-2.153548
-2.154372
-2.155201
-2.156033
-2.156869
-2.157709
-2.158553
-2.159400
-2.160252
-2.161107
-2.161967
-2.162830
-2.163698
-2.164569
-2.165445
-2.166325
-2.167209
-2.168098
-2.168990
-2.169887
-2.170789
-2.171695
-2.172605
-2.173519
-2.174438
-2.175362
-2.176290
-2.177223
-2.178161
-2.179103
-2.180049
-2.181001
-2.181957
-2.182918
-2.183884
-2.184854
-2.185830
-2.186810
-2.187795
-2.188786
-2.189781
-2.190781
-2.191786
-2.192796
-2.193812
-2.194832
-2.195857
-2.196888
-2.197923
-2.198964
-2.200010
-2.201061
-2.202118
-2.203179
-2.204246
-2.205318
-2.206395
-2.207478
-2.208566
-2.209659
-2.210757
-2.211861
-2.212970
-2.214084
-2.215203
-2.216328
-2.217458
-2.218594
-2.219734
-2.220880
-2.222031
-2.223188
-2.224350
-2.225516
-2.226689
-2.227866
-2.229049
-2.230237
-2.231430
-2.232628
-2.233832
-2.235040
-2.236254
-2.237473
-2.238697
-2.239926
-2.241160
-2.242399
-2.243643
-2.244893
-2.246147
-2.247406
-2.248670
-2.249939
-2.251213
-2.252492
-2.253775
-2.255064
-2.256357
-2.257655
-2.258958
-2.260266
-2.261578
-2.262895
-2.264217
-2.265544
-2.266875
-2.268211
-2.269551
-2.270897
-2.272247
-2.273601
-2.274960
-2.276324
-2.277692
-2.279065
-2.280443
-2.281825
-2.283212
-2.284604
-2.286000
-2.287402
-2.288807
-2.290218
-2.291633
-2.293054
-2.294479
-2.295909
-2.297344
-2.298784
-2.300229
-2.301679
-2.303134
-2.304595
-2.306061
-2.307532
-2.309009
-2.310491
-2.311979
-2.313472
-2.314971
-2.316477
-2.317988
-2.319505
-2.321029
-2.322559
-2.324095
-2.325638
-2.327188
-2.328744
-2.330308
-2.331878
-2.333456
-2.335042
-2.336634
-2.338235
-2.339843
-2.341460
-2.343084
-2.344717
-2.346358
-2.348008
-2.349666
-2.351334
-2.353010
-2.353010
-2.354695
-2.356390
-2.358094
-2.359808
-2.361531
-2.363264
-2.365007
-2.366760
-2.368522
-2.370295
-2.372078
-2.373870
-2.375673
-2.377485
-2.379308
-2.381140
-2.382982
-2.384834
-2.386695
-2.388565
-2.390444
-2.392332
-2.394229
-2.396134
-2.398046
-2.399966
-2.401893
-2.403826
-2.405765
-2.407709
-2.409659
-2.411612
-2.413569
-2.415529
-2.417490
-2.419453
-2.421417
-2.423380
-2.425342
-2.427302
-2.429259
-2.431212
-2.433160
-2.435103
-2.437039
-2.438967
-2.440887
-2.442797
-2.444697
-2.446585
-2.448462
-2.450325
-2.452175
-2.454009
-2.455828
-2.457631
-2.459417
-2.461184
-2.462934
-2.464664
-2.466374
-2.468064
-2.469734
-2.471382
-2.473008
-2.474612
-2.476194
-2.477753
-2.479289
-2.480802
-2.482291
-2.483757
-2.485199
-2.486617
-2.488011
-2.489382
-2.490728
-2.492051
-2.493350
-2.494625
-2.495877
-2.497105
-2.498311
-2.499493
-2.500652
-2.501789
-2.502904
-2.503996
-2.505067
-2.506116
-2.507144
-2.508151
-2.509137
-2.510103
-2.511050
-2.511976
-2.512883
-2.513771
-2.514641
-2.515492
-2.516326
-2.517141
-2.517940
-2.518721
-2.519486
-2.520235
-2.520968
-2.521685
-2.522387
-2.523074
-2.523746
-2.524404
-2.525048
-2.525679
-2.526296
-2.526900
-2.527491
-2.528070
-2.528636
-2.529191
-2.529734
-2.530265
-2.530786
-2.531295
-2.531794
-2.532283
-2.532762
-2.533230
-2.533689
-2.534139
-2.534580
-2.535011
-2.535434
-2.535848
-2.536254
-2.536652
-2.537042
-2.537424
-2.537799
-2.538166
-2.538527
-2.538880
-2.539226
-2.539566
-2.539899
-2.540226
-2.540546
-2.540861
-2.541169
-2.541472
-2.541769
-2.542061
-2.542347
-2.542629
-2.542905
-2.543176
-2.543442
-2.543703
-2.543960
-2.544212
-2.544460
-2.544704
-2.544943
-2.545179
-2.545410
-2.545637
-2.545861
-2.546081
-2.546297
-2.546509
-2.546718
-2.546924
-2.547126
-2.547326
-2.547522
-2.547715
-2.547904
-2.548091
-2.548275
-2.548457
-2.548635
-2.548811
-2.548984
-2.549154
-2.549323
-2.549488
-2.549651
-2.549812
-2.549970
-2.550127
-2.550281
-2.550433
-2.550582
-2.550730
-2.550876
-2.551019
-2.551161
-2.551301
-2.551439
-2.551575
-2.551709
-2.551842
-2.551973
-2.552102
-2.552230
-2.552356
-2.552480
-2.552603
-2.552724
-2.552844
-2.552963
-2.553080
-2.553195
-2.553309
-2.553422
-2.553534
-2.553644
-2.553753
-2.553861
-2.553967
-2.554072
-2.554176
-2.554279
-2.554381
-2.554482
-2.554581
-2.554680
-2.554777
-2.554874
-2.554969
-2.555063
-2.555157
-2.555249
-2.555340
-2.555431
-2.555520
-2.555609
-2.555697
-2.555783
-2.555869
-2.555954
-2.556039
-2.556122
-2.556205
-2.556286
-2.556367
-2.556448
-2.556527
-2.556606
-2.556684
-2.556761
-2.556837
-2.556913
-2.556988
-2.557062
-2.557136
-2.557209
-2.557281
-2.557353
-2.557424
-2.557494
-2.557564
-2.557633
-2.557702
-2.557770
-2.557837
-2.557904
-2.557970
-2.558035
-2.558100
-2.558165
-2.558228
-2.558292
-2.558354
-2.558417
-2.558478
-2.558540
-2.558600
-2.558660
-2.558720
-2.558779
-2.558838
-2.558896
-2.558954
-2.559011
-2.559068
-2.559124
-2.559180
-2.559235
-2.559290
-2.559345
-2.559399
-2.559452
-2.559505
-2.559558
-2.559610
-2.559662
-2.559714
-2.559765
-2.559816
-2.559866
-2.559916
-2.559966
-2.560015
-2.560063
-2.560112
-2.560160
-2.560207
-2.560255
-2.560302
-2.560348
-2.560394
-2.560440
-2.560486
-2.560531
-2.560576
-2.560620
-2.560664
-2.560708
-2.560752
-2.560795
-2.560838
-2.560880
-2.560923
-2.560965
-2.561006
-2.561048
-2.561089
-2.561129
-2.561170
-2.561210
-2.561250
-2.561289
-2.561329
-2.561368
-2.561406
-2.561445
-2.561483
-2.561521
-2.561559
-2.561596
-2.561633
-2.561670
-2.561706
-2.561743
-2.561779
-2.561815
-2.561850
-2.561886
-2.561921
-2.561956
-2.561990
-2.562025
-2.562059
-2.562093
-2.562127
-2.562160
-2.562193
-2.562226
-2.562259
-2.562292
-2.562324
-2.562357
-2.562388
-2.562420
-2.562452
-2.562483
-2.562514
-2.562545
-2.562576
-2.562607
-2.562637
-2.562667
-2.562697
-2.562727
-2.562757
-2.562786
-2.562815
-2.562844
-2.562873
-2.562902
-2.562930
-2.562959
-2.562987
-2.563015
-2.563043
-2.563070
-2.563098
-2.563125
-2.563152
-2.563179
-2.563206
-2.563233
-2.563259
-2.563286
-2.563312
-2.563338
-2.563364
-2.563390
-2.563415
-2.563441
-2.563466
-2.563491
-2.563516
-2.563541
-2.563566
-2.563591
-2.563615
-2.563639
-2.563664
-2.563688
-2.563712
-2.563735
-2.563759
-2.563783
-2.563806
-2.563829
-2.563852
-2.563875
-2.563898
-2.563921
-2.563944
-2.563966
-2.563989
-2.564011
-2.564033
-2.564055
-2.564077
-2.564099
-2.564121
-2.564142
-2.564164
-2.564185
-2.564207
-2.564228
-2.564249
-2.564270
-2.564291
-2.564311
-2.564332
-2.564353
-2.564373
-2.564393
-2.564413
-2.564434
-2.564454
-2.564474
-2.564493
-2.564513
-2.564533
-2.564552
-2.564572
-2.564591
-2.564610
-2.564629
-2.564648
-2.564667
-2.564686
-2.564705
-2.564724
-2.564742
-2.564761
-2.564779
-2.564798
-2.564816
-2.564834
-2.564852
-2.564870
-2.564888
-2.564906
-2.564923
-2.564941
-2.564958
-2.564976
-2.564993
-2.565011
-2.565028
-2.565045
-2.565062
-2.565079
-2.565096
-2.565113
-2.565129
-2.565146
-2.565163
-2.565179
-2.565195
-2.565212
-2.565228
-2.565244
-2.565260
-2.565276
-2.565292
-2.565308
-2.565324
-2.565339
-2.565355
-2.565371
-2.565386
-2.565386
-2.565401
-2.565417
-2.565432
-2.565447
-2.565462
-2.565477
-2.565492
-2.565507
-2.565522
-2.565537
-2.565551
-2.565566
-2.565580
-2.565595
-2.565609
-2.565623
-2.565637
-2.565651
-2.565666
-2.565679
-2.565693
-2.565707
-2.565721
-2.565735
-2.565748
-2.565762
-2.565775
-2.565789
-2.565802
-2.565815
-2.565828
-2.565841
-2.565854
-2.565867
-2.565880
-2.565893
-2.565906
-2.565918
-2.565931
-2.565943
-2.565956
-2.565968
-2.565980
-2.565992
-2.566005
-2.566017
-2.566029
-2.566040
-2.566052
-2.566064
-2.566076
-2.566087
-2.566099
-2.566110
-2.566122
-2.566133
-2.566144
-2.566155
-2.566166
-2.566177
-2.566188
-2.566199
-2.566210
-2.566220
-2.566231
-2.566241
-2.566252
-2.566262
-2.566273
-2.566283
-2.566293
-2.566303
-2.566313
-2.566323
-2.566333
-2.566342
-2.566352
-2.566362
-2.566371
-2.566381
-2.566390
-2.566399
-2.566408
-2.566418
-2.566427
-2.566435
-2.566444
-2.566453
-2.566462
-2.566470
-2.566479
-2.566487
-2.566496
-2.566504
-2.566512
-2.566520
-2.566528
-2.566536
-2.566544
-2.566552
-2.566560
-2.566567
-2.566575
-2.566582
-2.566590
-2.566597
-2.566604
-2.566611
-2.566618
-2.566625
-2.566632
-2.566639
-2.566646
-2.566652
-2.566659
-2.566665
-2.566671
-2.566678
-2.566684
-2.566690
-2.566696
-2.566702
-2.566708
-2.566713
-2.566719
-2.566724
-2.566730
-2.566735
-2.566740
-2.566746
-2.566751
-2.566756
-2.566760
-2.566765
-2.566770
-2.566775
-2.566779
-2.566783
-2.566788
-2.566792
-2.566796
-2.566800
-2.566804
-2.566808
-2.566812
-2.566815
-2.566819
-2.566822
-2.566826
-2.566829
-2.566832
-2.566835
-2.566838
-2.566841
-2.566844
-2.566847
-2.566849
-2.566852
-2.566854
-2.566857
-2.566859
-2.566861
-2.566863
-2.566865
-2.566867
-2.566868
-2.566870
-2.566871
-2.566873
-2.566874
-2.566875
-2.566876
-2.566877
-2.566878
-2.566879
-2.566880
-2.566880
-2.566881
-2.566881
-2.566881
-2.566881
-2.566881
-2.566881
-2.566881
-2.566881
-2.566881
-2.566880
-2.566880
-2.566879
-2.566878
-2.566877
-2.566876
-2.566875
-2.566874
-2.566873
-2.566871
-2.566870
-2.566868
-2.566866
-2.566864
-2.566862
-2.566860
-2.566858
-2.566856
-2.566853
-2.566851
-2.566848
-2.566846
-2.566843
-2.566840
-2.566837
-2.566834
-2.566830
-2.566827
-2.566823
-2.566820
-2.566816
-2.566812
-2.566808
-2.566804
-2.566800
-2.566796
-2.566791
-2.566787
-2.566782
-2.566777
-2.566772
-2.566768
-2.566762
-2.566757
-2.566752
-2.566746
-2.566741
-2.566735
-2.566729
-2.566724
-2.566718
-2.566711
-2.566705
-2.566699
-2.566692
-2.566686
-2.566679
-2.566672
-2.566665
-2.566658
-2.566651
-2.566644
-2.566637
-2.566629
-2.566621
-2.566614
-2.566606
-2.566598
-2.566590
-2.566581
-2.566573
-2.566565
-2.566556
-2.566547
-2.566539
-2.566530
-2.566521
-2.566511
-2.566502
-2.566493
-2.566483
-2.566474
-2.566464
-2.566454
-2.566444
-2.566434
-2.566424
-2.566413
-2.566403
-2.566392
-2.566382
-2.566371
-2.566360
-2.566349
-2.566337
-2.566326
-2.566315
-2.566303
-2.566292
-2.566280
-2.566268
-2.566256
-2.566244
-2.566231
-2.566219
-2.566206
-2.566194
-2.566181
-2.566168
-2.566155
-2.566142
-2.566129
-2.566116
-2.566102
-2.566088
-2.566075
-2.566061
-2.566047
-2.566033
-2.566019
-2.566004
-2.565990
-2.565975
-2.565961
-2.565946
-2.565931
-2.565916
-2.565901
-2.565885
-2.565870
-2.565854
-2.565839
-2.565823
-2.565807
-2.565791
-2.565775
-2.565759
-2.565742
-2.565726
-2.565709
-2.565693
-2.565676
-2.565659
-2.565642
-2.565624
-2.565607
-2.565590
-2.565572
-2.565554
-2.565537
-2.565519
-2.565501
-2.565482
-2.565464
-2.565446
-2.565427
-2.565409
-2.565390
-2.565371
-2.565352
-2.565333
-2.565314
-2.565294
-2.565275
-2.565255
-2.565235
-2.565216
-2.565196
-2.565176
-2.565155
-2.565135
-2.565115
-2.565094
-2.565074
-2.565053
-2.565032
-2.565011
-2.564990
-2.564969
-2.564947
-2.564926
-2.564904
-2.564883
-2.564861
-2.564839
-2.564817
-2.564795
-2.564773
-2.564750
-2.564728
-2.564705
-2.564682
-2.564660
-2.564637
-2.564614
-2.564590
-2.564567
-2.564544
-2.564520
-2.564497
-2.564473
-2.564449
-2.564425
-2.564401
-2.564377
-2.564353
-2.564328
-2.564304
-2.564279
-2.564255
-2.564230
-2.564205
-2.564180
-2.564155
-2.564130
-2.564104
-2.564079
-2.564053
-2.564028
-2.564002
-2.563976
-2.563950
-2.563924
-2.563898
-2.563871
-2.563845
-2.563819
-2.563792
-2.563765
-2.563739
-2.563712
-2.563685
-2.563658
-2.563630
-2.563603
-2.563576
-2.563548
-2.563521
-2.563493
-2.563465
-2.563437
-2.563409
-2.563381
-2.563353
-2.563325
-2.563296
-2.563268
-2.563239
-2.563211
-2.563182
-2.563153
-2.563124
-2.563095
-2.563066
-2.563037
-2.563008
-2.562978
-2.562949
-2.562919
-2.562890
-2.562860
-2.562830
-2.562800
-2.562770
-2.562740
-2.562710
-2.562680
-2.562649
-2.562619
-2.562588
-2.562558
-2.562527
-2.562496
-2.562465
-2.562435
-2.562404
-2.562373
-2.562341
-2.562310
-2.562279
-2.562247
-2.562216
-2.562184
-2.562153
-2.562121
-2.562089
-2.562058
-2.562026
-2.561994
-2.561962
-2.561929
-2.561897
-2.561865
-2.561833
-2.561800
-2.561768
-2.561735
-2.561703
-2.561670
-2.561637
-2.561604
-2.561571
-2.561539
-2.561506
-2.561472
-2.561439
-2.561406
-2.561373
-2.561340
-2.561306
-2.561273
-2.561239
-2.561206
-2.561206
-2.561172
-2.561139
-2.561105
-2.561071
-2.561037
-2.561003
-2.560969
-2.560936
-2.560902
-2.560867
-2.560833
-2.560799
-2.560765
-2.560731
-2.560696
-2.560662
-2.560628
-2.560593
-2.560559
-2.560524
-2.560490
-2.560455
-2.560420
-2.560386
-2.560351
-2.560316
-2.560281
-2.560247
-2.560212
-2.560177
-2.560142
-2.560107
-2.560072
-2.560037
-2.560002
-2.559967
-2.559932
-2.559897
-2.559861
-2.559826
-2.559791
-2.559756
-2.559721
-2.559685
-2.559650
-2.559615
-2.559579
-2.559544
-2.559509
-2.559473
-2.559438
-2.559402
-2.559367
-2.559331
-2.559296
-2.559260
-2.559225
-2.559189
-2.559154
-2.559118
-2.559083
-2.559047
-2.559012
-2.558976
-2.558941
-2.558905
-2.558870
-2.558834
-2.558798
-2.558763
-2.558727
-2.558692
-2.558656
-2.558621
-2.558585
-2.558550
-2.558514
-2.558479
-2.558443
-2.558408
-2.558372
-2.558337
-2.558301
-2.558266
-2.558231
-2.558195
-2.558160
-2.558124
-2.558089
-2.558054
-2.558019
-2.557983
-2.557948
-2.557913
-2.557878
-2.557842
-2.557807
-2.557772
-2.557737
-2.557702
-2.557667
-2.557632
-2.557597
-2.557562
-2.557527
-2.557493
-2.557458
-2.557423
-2.557388
-2.557354
-2.557319
-2.557284
-2.557250
-2.557215
-2.557181
-2.557146
-2.557112
-2.557078
-2.557044
-2.557009
-2.556975
-2.556941
-2.556907
-2.556873
-2.556839
-2.556805
-2.556772
-2.556738
-2.556704
-2.556671
-2.556637
-2.556603
-2.556570
-2.556537
-2.556503
-2.556470
-2.556437
-2.556404
-2.556371
-2.556338
-2.556305
-2.556272
-2.556240
-2.556207
-2.556175
-2.556142
-2.556110
-2.556078
-2.556045
-2.556013
-2.555981
-2.555949
-2.555917
-2.555886
-2.555854
-2.555822
-2.555791
-2.555760
-2.555728
-2.555697
-2.555666
-2.555635
-2.555604
-2.555573
-2.555543
-2.555512
-2.555481
-2.555451
-2.555421
-2.555391
-2.555361
-2.555331
-2.555301
-2.555271
-2.555241
-2.555212
-2.555182
-2.555153
-2.555124
-2.555095
-2.555066
-2.555037
-2.555009
-2.554980
-2.554952
-2.554923
-2.554895
-2.554867
-2.554839
-2.554811
-2.554784
-2.554756
-2.554729
-2.554702
-2.554674
-2.554647
-2.554621
-2.554594
-2.554567
-2.554541
-2.554514
-2.554488
-2.554462
-2.554436
-2.554411
-2.554385
-2.554360
-2.554334
-2.554309
-2.554284
-2.554259
-2.554235
-2.554210
-2.554186
-2.554161
-2.554137
-2.554113
-2.554090
-2.554066
-2.554043
-2.554019
-2.553996
-2.553973
-2.553950
-2.553928
-2.553905
-2.553883
-2.553861
-2.553839
-2.553817
-2.553795
-2.553774
-2.553752
-2.553731
-2.553710
-2.553689
-2.553669
-2.553648
-2.553628
-2.553608
-2.553588
-2.553568
-2.553548
-2.553529
-2.553510
-2.553490
-2.553471
-2.553453
-2.553434
-2.553416
-2.553397
-2.553379
-2.553362
-2.553344
-2.553326
-2.553309
-2.553292
-2.553275
-2.553258
-2.553241
-2.553225
-2.553209
-2.553192
-2.553177
-2.553161
-2.553145
-2.553130
-2.553115
-2.553100
-2.553085
-2.553070
-2.553056
-2.553041
-2.553027
-2.553013
-2.552999
-2.552986
-2.552972
-2.552959
-2.552946
-2.552933
-2.552920
-2.552908
-2.552895
-2.552883
-2.552871
-2.552859
-2.552847
-2.552836
-2.552825
-2.552813
-2.552802
-2.552791
-2.552781
-2.552770
-2.552760
-2.552750
-2.552740
-2.552730
-2.552720
-2.552710
-2.552701
-2.552692
-2.552683
-2.552674
-2.552665
-2.552656
-2.552648
-2.552640
-2.552631
-2.552623
-2.552616
-2.552608
-2.552600
-2.552593
-2.552585
-2.552578
-2.552571
-2.552564
-2.552558
-2.552551
-2.552544
-2.552538
-2.552532
-2.552526
-2.552520
-2.552514
-2.552508
-2.552502
-2.552497
-2.552491
-2.552486
-2.552480
-2.552475
-2.552470
-2.552465
-2.552460
-2.552456
-2.552451
-2.552446
-2.552442
-2.552437
-2.552433
-2.552429
-2.552424
-2.552420
-2.552416
-2.552412
-2.552408
-2.552404
-2.552400
-2.552396
-2.552392
-2.552388
-2.552384
-2.552380
-2.552376
-2.552373
-2.552369
-2.552365
-2.552361
-2.552357
-2.552353
-2.552349
-2.552345
-2.552341
-2.552337
-2.552333
-2.552329
-2.552325
-2.552321
-2.552316
-2.552312
-2.552307
-2.552302
-2.552298
-2.552293
-2.552288
-2.552282
-2.552277
-2.552271
-2.552266
-2.552260
-2.552254
-2.552247
-2.552241
-2.552234
-2.552227
-2.552220
-2.552213
-2.552205
-2.552197
-2.552189
-2.552181
-2.552172
-2.552163
-2.552153
-2.552144
-2.552133
-2.552123
-2.552112
-2.552101
-2.552089
-2.552077
-2.552065
-2.552052
-2.552039
-2.552025
-2.552011
-2.551996
-2.551981
-2.551966
-2.551949
-2.551933
-2.551916
-2.551898
-2.551880
-2.551861
-2.551841
-2.551821
-2.551801
-2.551779
-2.551757
-2.551735
-2.551712
-2.551688
-2.551663
-2.551638
-2.551612
-2.551586
-2.551558
-2.551530
-2.551502
-2.551472
-2.551442
-2.551411
-2.551379
-2.551346
-2.551313
-2.551278
-2.551243
-2.551207
-2.551171
-2.551133
-2.551094
-2.551055
-2.551015
-2.550974
-2.550932
-2.550889
-2.550845
-2.550800
-2.550755
-2.550708
-2.550661
-2.550612
-2.550563
-2.550512
-2.550461
-2.550409
-2.550355
-2.550301
-2.550246
-2.550190
-2.550132
-2.550074
-2.550015
-2.549955
-2.549894
-2.549831
-2.549768
-2.549704
-2.549639
-2.549572
-2.549505
-2.549437
-2.549367
-2.549297
-2.549226
-2.549153
-2.549080
-2.549006
-2.548930
-2.548854
-2.548777
-2.548698
-2.548619
-2.548539
-2.548457
-2.548375
-2.548292
-2.548207
-2.548122
-2.548036
-2.547949
-2.547861
-2.547772
-2.547682
-2.547591
-2.547591
-2.547500
-2.547407
-2.547314
-2.547219
-2.547124
-2.547028
-2.546931
-2.546834
-2.546735
-2.546636
-2.546536
-2.546435
-2.546334
-2.546232
-2.546129
-2.546025
-2.545921
-2.545816
-2.545711
-2.545605
-2.545498
-2.545391
-2.545283
-2.545175
-2.545066
-2.544957
-2.544848
-2.544738
-2.544627
-2.544516
-2.544405
-2.544294
-2.544182
-2.544070
-2.543958
-2.543846
-2.543734
-2.543621
-2.543508
-2.543395
-2.543283
-2.543170
-2.543057
-2.542944
-2.542832
-2.542719
-2.542607
-2.542495
-2.542383
-2.542271
-2.542160
-2.542049
-2.541939
-2.541829
-2.541720
-2.541611
-2.541503
-2.541396
-2.541289
-2.541184
-2.541079
-2.540976
-2.540874
-2.540773
-2.540673
-2.540576
-2.540480
-2.540386
-2.540295
-2.540206
-2.540121
-2.540039
-2.539962
-2.539889
-2.539822
-2.539761
-2.539708
-2.539665
-2.539633
-2.539614
-2.539612
-2.539629
-2.539670
-2.539741
-2.539845
-2.539991
-2.540184
-2.540428
-2.540726
-2.541072
-2.541451
-2.541842
-2.542212
-2.542533
-2.542780
-2.542941
-2.543012
-2.542998
-2.542909
-2.542752
-2.542540
-2.542281
-2.541984
-2.541657
-2.541306
-2.540935
-2.540548
-2.540149
-2.539741
-2.539324
-2.538903
-2.538479
-2.538053
-2.537629
-2.537208
-2.536793
-2.536385
-2.535989
-2.535606
-2.535241
-2.534897
-2.534578
-2.534289
-2.534033
-2.533815
-2.533637
-2.533503
-2.533413
-2.533369
-2.533372
-2.533420
-2.533514
-2.533651
-2.533829
-2.534046
-2.534300
-2.534587
-2.534906
-2.535253
-2.535625
-2.536020
-2.536435
-2.536867
-2.537313
-2.537772
-2.538241
-2.538717
-2.539199
-2.539684
-2.540170
-2.540656
-2.541140
-2.541620
-2.542096
-2.542564
-2.543025
-2.543478
-2.543921
-2.544353
-2.544773
-2.545182
-2.545578
-2.545961
-2.546331
-2.546686
-2.547028
-2.547355
-2.547668
-2.547966
-2.548250
-2.548520
-2.548775
-2.549017
-2.549245
-2.549459
-2.549659
-2.549847
-2.550021
-2.550184
-2.550334
-2.550472
-2.550599
-2.550715
-2.550820
-2.550915
-2.551000
-2.551076
-2.551142
-2.551199
-2.551248
-2.551289
-2.551321
-2.551347
-2.551365
-2.551377
-2.551381
-2.551380
-2.551373
-2.551360
-2.551342
-2.551318
-2.551290
-2.551257
-2.551220
-2.551179
-2.551133
-2.551084
-2.551031
-2.550975
-2.550916
-2.550854
-2.550789
-2.550721
-2.550650
-2.550578
-2.550502
-2.550425
-2.550346
-2.550264
-2.550181
-2.550097
-2.550010
-2.549922
-2.549833
-2.549742
-2.549650
-2.549556
-2.549462
-2.549366
-2.549270
-2.549172
-2.549073
-2.548974
-2.548874
-2.548773
-2.548671
-2.548568
-2.548465
-2.548361
-2.548257
-2.548152
-2.548046
-2.547940
-2.547833
-2.547726
-2.547619
-2.547510
-2.547402
-2.547293
-2.547184
-2.547074
-2.546964
-2.546854
-2.546744
-2.546633
-2.546522
-2.546410
-2.546298
-2.546186
-2.546074
-2.545962
-2.545849
-2.545736
-2.545623
-2.545510
-2.545397
-2.545283
-2.545169
-2.545055
-2.544942
-2.544827
-2.544713
-2.544599
-2.544485
-2.544370
-2.544256
-2.544142
-2.544027
-2.543913
-2.543798
-2.543684
-2.543569
-2.543455
-2.543340
-2.543226
-2.543112
-2.542998
-2.542884
-2.542770
-2.542656
-2.542542
-2.542428
-2.542315
-2.542202
-2.542088
-2.541976
-2.541863
-2.541750
-2.541638
-2.541526
-2.541414
-2.541302
-2.541191
-2.541080
-2.540969
-2.540859
-2.540749
-2.540639
-2.540529
-2.540420
-2.540311
-2.540202
-2.540094
-2.539986
-2.539878
-2.539771
-2.539664
-2.539558
-2.539452
-2.539346
-2.539241
-2.539136
-2.539032
-2.538928
-2.538824
-2.538721
-2.538618
-2.538516
-2.538414
-2.538312
-2.538211
-2.538110
-2.538010
-2.537910
-2.537811
-2.537712
-2.537614
-2.537516
-2.537418
-2.537321
-2.537224
-2.537128
-2.537032
-2.536937
-2.536842
-2.536748
-2.536654
-2.536560
-2.536467
-2.536374
-2.536282
-2.536190
-2.536099
-2.536008
-2.535917
-2.535827
-2.535737
-2.535648
-2.535559
-2.535471
-2.535383
-2.535295
-2.535208
-2.535121
-2.535034
-2.534948
-2.534863
-2.534777
-2.534693
-2.534608
-2.534524
-2.534440
-2.534357
-2.534274
-2.534191
-2.534109
-2.534027
-2.533945
-2.533864
-2.533783
-2.533702
-2.533622
-2.533542
-2.533462
-2.533383
-2.533304
-2.533225
-2.533147
-2.533069
-2.532991
-2.532914
-2.532836
-2.532760
-2.532683
-2.532607
-2.532531
-2.532455
-2.532379
-2.532304
-2.532229
-2.532154
-2.532080
-2.532006
-2.531932
-2.531858
-2.531784
-2.531711
-2.531638
-2.531566
-2.531493
-2.531421
-2.531349
-2.531277
-2.531205
-2.531134
-2.531063
-2.530992
-2.530921
-2.530850
-2.530780
-2.530710
-2.530640
-2.530570
-2.530500
-2.530431
-2.530362
-2.530293
-2.530224
-2.530156
-2.530087
-2.530019
-2.529951
-2.529883
-2.529815
-2.529748
-2.529681
-2.529613
-2.529546
-2.529480
-2.529413
-2.529347
-2.529280
-2.529214
-2.529148
-2.529083
-2.529017
-2.528952
-2.528886
-2.528821
-2.528756
-2.528692
-2.528627
-2.528563
-2.528498
-2.528434
-2.528370
-2.528307
-2.528243
-2.528180
-2.528116
-2.528053
-2.527990
-2.527928
-2.527865
-2.527803
-2.527740
-2.527678
-2.527616
-2.527555
-2.527493
-2.527432
-2.527371
-2.527310
-2.527249
-2.527188
-2.527127
-2.527067
-2.527007
-2.526947
-2.526887
-2.526828
-2.526768
-2.526709
-2.526650
-2.526591
-2.526532
-2.526474
-2.526415
-2.526357
-2.526299
-2.526241
-2.526184
-2.526126
-2.526069
-2.526012
-2.525955
-2.525899
-2.525842
-2.525786
-2.525786
-2.525730
-2.525674
-2.525618
-2.525563
-2.525508
-2.525453
-2.525398
-2.525343
-2.525289
-2.525235
-2.525181
-2.525127
-2.525074
-2.525020
-2.524967
-2.524915
-2.524862
-2.524809
-2.524757
-2.524705
-2.524654
-2.524602
-2.524551
-2.524500
-2.524449
-2.524398
-2.524348
-2.524298
-2.524248
-2.524199
-2.524149
-2.524100
-2.524051
-2.524003
-2.523954
-2.523906
-2.523858
-2.523811
-2.523763
-2.523716
-2.523669
-2.523623
-2.523576
-2.523530
-2.523484
-2.523439
-2.523394
-2.523348
-2.523304
-2.523259
-2.523215
-2.523171
-2.523127
-2.523084
-2.523041
-2.522998
-2.522955
-2.522913
-2.522871
-2.522829
-2.522787
-2.522746
-2.522705
-2.522665
-2.522624
-2.522584
-2.522544
-2.522505
-2.522465
-2.522426
-2.522388
-2.522349
-2.522311
-2.522273
-2.522236
-2.522199
-2.522162
-2.522125
-2.522089
-2.522052
-2.522017
-2.521981
-2.521946
-2.521911
-2.521876
-2.521842
-2.521808
-2.521774
-2.521741
-2.521708
-2.521675
-2.521642
-2.521610
-2.521578
-2.521546
-2.521515
-2.521484
-2.521453
-2.521423
-2.521392
-2.521363
-2.521333
-2.521304
-2.521275
-2.521246
-2.521217
-2.521189
-2.521162
-2.521134
-2.521107
-2.521080
-2.521053
-2.521027
-2.521001
-2.520975
-2.520950
-2.520925
-2.520900
-2.520875
-2.520851
-2.520827
-2.520803
-2.520780
-2.520757
-2.520734
-2.520711
-2.520689
-2.520667
-2.520646
-2.520624
-2.520603
-2.520582
-2.520562
-2.520542
-2.520522
-2.520502
-2.520483
-2.520464
-2.520445
-2.520426
-2.520408
-2.520390
-2.520373
-2.520355
-2.520338
-2.520321
-2.520305
-2.520288
-2.520273
-2.520257
-2.520241
-2.520226
-2.520211
-2.520197
-2.520182
-2.520168
-2.520154
-2.520141
-2.520128
-2.520115
-2.520102
-2.520089
-2.520077
-2.520065
-2.520053
-2.520042
-2.520031
-2.520020
-2.520009
-2.519999
-2.519989
-2.519979
-2.519969
-2.519959
-2.519950
-2.519941
-2.519933
-2.519924
-2.519916
-2.519908
-2.519900
-2.519893
-2.519886
-2.519879
-2.519872
-2.519866
-2.519859
-2.519853
-2.519847
-2.519842
-2.519836
-2.519831
-2.519826
-2.519822
-2.519817
-2.519813
-2.519809
-2.519805
-2.519802
-2.519798
-2.519795
-2.519792
-2.519790
-2.519787
-2.519785
-2.519783
-2.519781
-2.519779
-2.519778
-2.519777
-2.519776
-2.519775
-2.519774
-2.519774
-2.519774
-2.519774
-2.519774
-2.519774
-2.519775
-2.519775
-2.519776
-2.519778
-2.519779
-2.519780
-2.519782
-2.519784
-2.519786
-2.519788
-2.519791
-2.519793
-2.519796
-2.519799
-2.519802
-2.519805
-2.519809
-2.519813
-2.519816
-2.519820
-2.519824
-2.519829
-2.519833
-2.519838
-2.519843
-2.519848
-2.519853
-2.519858
-2.519864
-2.519869
-2.519875
-2.519881
-2.519887
-2.519893
-2.519900
-2.519906
-2.519913
-2.519920
-2.519927
-2.519934
-2.519941
-2.519948
-2.519956
-2.519963
-2.519971
-2.519979
-2.519987
-2.519995
-2.520004
-2.520012
-2.520021
-2.520030
-2.520039
-2.520048
-2.520057
-2.520066
-2.520075
-2.520085
-2.520094
-2.520104
-2.520114
-2.520124
-2.520134
-2.520144
-2.520155
-2.520165
-2.520176
-2.520186
-2.520197
-2.520208
-2.520219
-2.520230
-2.520241
-2.520253
-2.520264
-2.520276
-2.520287
-2.520299
-2.520311
-2.520323
-2.520335
-2.520347
-2.520359
-2.520372
-2.520384
-2.520396
-2.520409
-2.520422
-2.520435
-2.520448
-2.520461
-2.520474
-2.520487
-2.520500
-2.520513
-2.520527
-2.520540
-2.520554
-2.520568
-2.520581
-2.520595
-2.520609
-2.520623
-2.520637
-2.520651
-2.520665
-2.520680
-2.520694
-2.520709
-2.520723
-2.520738
-2.520752
-2.520767
-2.520782
-2.520797
-2.520812
-2.520827
-2.520842
-2.520857
-2.520872
-2.520888
-2.520903
-2.520918
-2.520934
-2.520949
-2.520965
-2.520981
-2.520996
-2.521012
-2.521028
-2.521044
-2.521060
-2.521076
-2.521092
-2.521108
-2.521124
-2.521141
-2.521157
-2.521173
-2.521190
-2.521206
-2.521223
-2.521239
-2.521256
-2.521272
-2.521289
-2.521306
-2.521323
-2.521340
-2.521356
-2.521373
-2.521390
-2.521407
-2.521424
-2.521442
-2.521459
-2.521476
-2.521493
-2.521511
-2.521528
-2.521545
-2.521563
-2.521580
-2.521598
-2.521615
-2.521633
-2.521650
-2.521668
-2.521686
-2.521703
-2.521721
-2.521739
-2.521757
-2.521774
-2.521792
-2.521810
-2.521828
-2.521846
-2.521864
-2.521882
-2.521900
-2.521918
-2.521937
-2.521955
-2.521973
-2.521991
-2.522009
-2.522028
-2.522046
-2.522064
-2.522083
-2.522101
-2.522119
-2.522138
-2.522156
-2.522175
-2.522193
-2.522212
-2.522230
-2.522249
-2.522268
-2.522286
-2.522305
-2.522324
-2.522342
-2.522361
-2.522380
-2.522398
-2.522417
-2.522436
-2.522455
-2.522474
-2.522492
-2.522511
-2.522530
-2.522549
-2.522568
-2.522587
-2.522606
-2.522625
-2.522644
-2.522663
-2.522682
-2.522701
-2.522720
-2.522739
-2.522758
-2.522777
-2.522796
-2.522815
-2.522834
-2.522853
-2.522872
-2.522892
-2.522911
-2.522930
-2.522949
-2.522968
-2.522987
-2.523007
-2.523026
-2.523045
-2.523064
-2.523083
-2.523103
-2.523122
-2.523141
-2.523160
-2.523180
-2.523199
-2.523218
-2.523237
-2.523257
-2.523276
-2.523295
-2.523315
-2.523334
-2.523353
-2.523372
-2.523392
-2.523411
-2.523430
-2.523450
-2.523469
-2.523488
-2.523508
-2.523527
-2.523546
-2.523566
-2.523585
-2.523604
-2.523624
-2.523643
-2.523662
-2.523682
-2.523701
-2.523720
-2.523739
-2.523759
-2.523778
-2.523797
-2.523797
-2.523817
-2.523836
-2.523855
-2.523875
-2.523894
-2.523913
-2.523932
-2.523952
-2.523971
-2.523990
-2.524009
-2.524029
-2.524048
-2.524067
-2.524086
-2.524106
-2.524125
-2.524144
-2.524163
-2.524182
-2.524201
-2.524221
-2.524240
-2.524259
-2.524278
-2.524297
-2.524316
-2.524335
-2.524354
-2.524374
-2.524393
-2.524412
-2.524431
-2.524450
-2.524469
-2.524488
-2.524507
-2.524526
-2.524545
-2.524564
-2.524583
-2.524601
-2.524620
-2.524639
-2.524658
-2.524677
-2.524696
-2.524715
-2.524733
-2.524752
-2.524771
-2.524790
-2.524808
-2.524827
-2.524846
-2.524865
-2.524883
-2.524902
-2.524920
-2.524939
-2.524958
-2.524976
-2.524995
-2.525013
-2.525032
-2.525050
-2.525069
-2.525087
-2.525105
-2.525124
-2.525142
-2.525160
-2.525179
-2.525197
-2.525215
-2.525233
-2.525252
-2.525270
-2.525288
-2.525306
-2.525324
-2.525342
-2.525360
-2.525378
-2.525396
-2.525414
-2.525432
-2.525450
-2.525468
-2.525486
-2.525503
-2.525521
-2.525539
-2.525556
-2.525574
-2.525592
-2.525609
-2.525627
-2.525644
-2.525662
-2.525679
-2.525697
-2.525714
-2.525731
-2.525748
-2.525766
-2.525783
-2.525800
-2.525817
-2.525834
-2.525851
-2.525868
-2.525885
-2.525902
-2.525919
-2.525935
-2.525952
-2.525969
-2.525985
-2.526002
-2.526018
-2.526035
-2.526051
-2.526067
-2.526084
-2.526100
-2.526116
-2.526132
-2.526148
-2.526164
-2.526180
-2.526196
-2.526211
-2.526227
-2.526242
-2.526258
-2.526273
-2.526289
-2.526304
-2.526319
-2.526334
-2.526349
-2.526364
-2.526379
-2.526394
-2.526408
-2.526423
-2.526437
-2.526451
-2.526466
-2.526480
-2.526494
-2.526508
-2.526521
-2.526535
-2.526548
-2.526562
-2.526575
-2.526588
-2.526601
-2.526614
-2.526627
-2.526639
-2.526652
-2.526664
-2.526676
-2.526688
-2.526699
-2.526711
-2.526722
-2.526734
-2.526745
-2.526756
-2.526766
-2.526777
-2.526787
-2.526797
-2.526807
-2.526816
-2.526826
-2.526835
-2.526844
-2.526852
-2.526861
-2.526869
-2.526877
-2.526884
-2.526892
-2.526899
-2.526906
-2.526912
-2.526918
-2.526924
-2.526930
-2.526935
-2.526940
-2.526944
-2.526948
-2.526952
-2.526956
-2.526959
-2.526962
-2.526964
-2.526966
-2.526967
-2.526968
-2.526969
-2.526969
-2.526969
-2.526969
-2.526968
-2.526966
-2.526964
-2.526961
-2.526958
-2.526955
-2.526951
-2.526946
-2.526941
-2.526936
-2.526929
-2.526923
-2.526915
-2.526908
-2.526899
-2.526890
-2.526880
-2.526870
-2.526859
-2.526847
-2.526835
-2.526822
-2.526809
-2.526795
-2.526780
-2.526764
-2.526748
-2.526731
-2.526713
-2.526695
-2.526676
-2.526656
-2.526635
-2.526614
-2.526592
-2.526569
-2.526545
-2.526520
-2.526495
-2.526469
-2.526442
-2.526415
-2.526386
-2.526357
-2.526327
-2.526296
-2.526264
-2.526231
-2.526198
-2.526164
-2.526129
-2.526093
-2.526056
-2.526018
-2.525980
-2.525940
-2.525900
-2.525859
-2.525817
-2.525774
-2.525731
-2.525686
-2.525641
-2.525595
-2.525548
-2.525500
-2.525451
-2.525402
-2.525351
-2.525300
-2.525248
-2.525195
-2.525142
-2.525087
-2.525032
-2.524976
-2.524919
-2.524862
-2.524803
-2.524744
-2.524684
-2.524623
-2.524562
-2.524500
-2.524437
-2.524373
-2.524309
-2.524244
-2.524178
-2.524112
-2.524045
-2.523977
-2.523908
-2.523839
-2.523770
-2.523699
-2.523628
-2.523557
-2.523485
-2.523412
-2.523339
-2.523265
-2.523190
-2.523116
-2.523040
-2.522964
-2.522888
-2.522811
-2.522734
-2.522656
-2.522578
-2.522499
-2.522420
-2.522340
-2.522260
-2.522180
-2.522099
-2.522018
-2.521937
-2.521855
-2.521773
-2.521691
-2.521608
-2.521525
-2.521442
-2.521359
-2.521275
-2.521191
-2.521107
-2.521022
-2.520938
-2.520853
-2.520768
-2.520683
-2.520597
-2.520512
-2.520426
-2.520340
-2.520254
-2.520168
-2.520082
-2.519996
-2.519910
-2.519823
-2.519737
-2.519651
-2.519564
-2.519477
-2.519391
-2.519304
-2.519217
-2.519131
-2.519044
-2.518957
-2.518871
-2.518784
-2.518697
-2.518611
-2.518524
-2.518438
-2.518351
-2.518265
-2.518178
-2.518092
-2.518006
-2.517919
-2.517833
-2.517747
-2.517661
-2.517575
-2.517490
-2.517404
-2.517318
-2.517233
-2.517147
-2.517062
-2.516977
-2.516892
-2.516807
-2.516722
-2.516637
-2.516553
-2.516468
-2.516384
-2.516300
-2.516215
-2.516131
-2.516048
-2.515964
-2.515880
-2.515797
-2.515713
-2.515630
-2.515547
-2.515464
-2.515381
-2.515298
-2.515216
-2.515133
-2.515051
-2.514968
-2.514886
-2.514804
-2.514722
-2.514641
-2.514559
-2.514477
-2.514396
-2.514315
-2.514233
-2.514152
-2.514071
-2.513990
-2.513910
-2.513829
-2.513748
-2.513668
-2.513587
-2.513507
-2.513427
-2.513347
-2.513267
-2.513187
-2.513107
-2.513028
-2.512948
-2.512868
-2.512789
-2.512709
-2.512630
-2.512551
-2.512472
-2.512393
-2.512314
-2.512235
-2.512156
-2.512077
-2.511998
-2.511920
-2.511841
-2.511763
-2.511684
-2.511606
-2.511527
-2.511449
-2.511371
-2.511293
-2.511215
-2.511137
-2.511059
-2.510981
-2.510903
-2.510825
-2.510747
-2.510670
-2.510592
-2.510515
-2.510437
-2.510360
-2.510282
-2.510205
-2.510128
-2.510050
-2.509973
-2.509896
-2.509819
-2.509742
-2.509665
-2.509588
-2.509512
-2.509435
-2.509358
-2.509282
-2.509205
-2.509129
-2.509052
-2.508976
-2.508900
-2.508824
-2.508748
-2.508672
-2.508596
-2.508520
-2.508444
-2.508369
-2.508293
-2.508218
-2.508142
-2.508067
-2.508067
-2.507992
-2.507917
-2.507842
-2.507767
-2.507692
-2.507618
-2.507543
-2.507469
-2.507395
-2.507320
-2.507246
-2.507173
-2.507099
-2.507025
-2.506952
-2.506878
-2.506805
-2.506732
-2.506659
-2.506587
-2.506514
-2.506441
-2.506369
-2.506297
-2.506225
-2.506153
-2.506082
-2.506010
-2.505939
-2.505868
-2.505797
-2.505726
-2.505656
-2.505585
-2.505515
-2.505445
-2.505376
-2.505306
-2.505237
-2.505168
-2.505099
-2.505030
-2.504961
-2.504893
-2.504825
-2.504757
-2.504689
-2.504622
-2.504555
-2.504488
-2.504421
-2.504355
-2.504288
-2.504222
-2.504157
-2.504091
-2.504026
-2.503960
-2.503896
-2.503830
-2.503768
-2.503700
-2.503643
-2.503568
-2.503524
-2.503429
-2.503419
-2.503268
-2.503355
-2.503041
-2.503407
-2.502613
-2.503809
-2.501565
-2.505269
-2.498595
-2.509670
-2.490667
-2.518081
-2.485117
-2.520097
-2.485136
-2.519166
-2.486096
-2.516388
-2.486825
-2.515705
-2.485174
-2.514905
-2.485189
-2.514053
-2.484397
-2.513722
-2.484611
-2.513388
-2.484170
-2.513197
-2.484247
-2.512766
-2.483954
-2.512447
-2.483851
-2.512050
-2.483538
-2.511692
-2.483348
-2.511323
-2.483124
-2.511036
-2.482979
-2.510772
-2.482831
-2.510557
-2.482732
-2.510386
-2.482669
-2.510283
-2.482667
-2.510245
-2.482719
-2.510274
-2.482826
-2.510359
-2.482975
-2.510492
-2.483159
-2.510660
-2.483365
-2.510853
-2.483584
-2.511062
-2.483807
-2.511281
-2.484027
-2.511504
-2.484241
-2.511728
-2.484445
-2.511951
-2.484638
-2.512171
-2.484819
-2.512386
-2.484987
-2.512595
-2.485141
-2.512798
-2.485282
-2.512992
-2.485409
-2.513179
-2.485523
-2.513358
-2.485625
-2.513529
-2.485716
-2.513691
-2.485795
-2.513846
-2.485864
-2.513994
-2.485923
-2.514134
-2.485974
-2.514266
-2.486015
-2.514391
-2.486048
-2.514509
-2.486073
-2.514620
-2.486090
-2.514723
-2.486099
-2.514818
-2.486101
-2.514907
-2.486096
-2.514989
-2.486083
-2.515064
-2.486064
-2.515133
-2.486039
-2.515195
-2.486008
-2.515252
-2.485971
-2.515304
-2.485930
-2.515351
-2.485884
-2.515393
-2.485835
-2.515433
-2.485783
-2.515469
-2.485728
-2.515503
-2.485671
-2.515535
-2.485613
-2.515565
-2.485555
-2.515596
-2.485497
-2.515626
-2.485440
-2.515657
-2.485384
-2.515689
-2.485330
-2.515723
-2.485279
-2.515759
-2.485230
-2.515797
-2.485185
-2.515839
-2.485144
-2.515883
-2.485107
-2.515931
-2.485075
-2.515983
-2.485047
-2.516038
-2.485024
-2.516098
-2.485006
-2.516161
-2.484993
-2.516229
-2.484985
-2.516301
-2.484982
-2.516376
-2.484984
-2.516456
-2.484990
-2.516539
-2.485002
-2.516625
-2.485018
-2.516715
-2.485038
-2.516808
-2.485062
-2.516904
-2.485090
-2.517003
-2.485121
-2.517104
-2.485155
-2.517206
-2.485192
-2.517311
-2.485232
-2.517417
-2.485274
-2.517524
-2.485318
-2.517632
-2.485363
-2.517741
-2.485409
-2.517850
-2.485457
-2.517959
-2.485504
-2.518068
-2.485552
-2.518176
-2.485600
-2.518283
-2.485648
-2.518389
-2.485695
-2.518495
-2.485741
-2.518598
-2.485787
-2.518701
-2.485830
-2.518801
-2.485873
-2.518900
-2.485914
-2.518996
-2.485953
-2.519091
-2.485990
-2.519183
-2.486025
-2.519273
-2.486058
-2.519360
-2.486089
-2.519445
-2.486117
-2.519528
-2.486143
-2.519608
-2.486167
-2.519685
-2.486187
-2.519760
-2.486206
-2.519832
-2.486221
-2.519903
-2.486237
-2.519967
-2.486244
-2.520038
-2.486259
-2.520088
-2.486253
-2.520168
-2.486279
-2.520188
-2.486239
-2.520310
-2.486317
-2.520236
-2.486172
-2.520510
-2.486452
-2.520102
-2.485981
-2.520873
-2.487055
-2.519090
-2.486146
-2.521016
-2.488957
-2.514521
-2.494214
-2.514058
-2.485242
-2.523287
-2.490851
-2.506444
-2.511145
-2.486462
-2.521700
-2.490091
-2.512087
-2.500124
-2.505439
-2.497379
-2.513910
-2.482885
-2.526866
-2.491631
-2.496611
-2.524189
-2.488082
-2.501726
-2.516891
-2.488946
-2.506326
-2.505395
-2.493405
-2.511546
-2.486247
-2.519954
-2.488288
-2.514019
-2.495453
-2.513698
-2.485801
-2.525218
-2.493264
-2.500713
-2.519019
-2.490955
-2.506224
-2.512118
-2.486448
-2.520715
-2.488557
-2.514741
-2.492436
-2.515130
-2.484040
-2.524227
-2.491040
-2.506754
-2.511571
-2.485757
-2.522588
-2.491434
-2.506415
-2.511366
-2.485168
-2.522744
-2.491865
-2.504038
-2.514454
-2.484621
-2.523117
-2.488631
-2.517282
-2.488677
-2.520151
-2.489163
-2.516405
-2.492058
-2.517633
-2.484384
-2.524667
-2.487758
-2.517941
-2.487839
-2.521087
-2.490721
-2.510780
-2.505312
-2.495260
-2.515394
-2.480571
-2.529617
-2.489918
-2.495614
-2.525500
-2.485471
-2.502525
-2.515096
-2.487680
-2.505272
-2.503572
-2.492827
-2.510047
-2.484157
-2.519775
-2.489023
-2.506044
-2.509523
-2.485128
-2.522468
-2.492158
-2.501380
-2.516383
-2.486757
-2.515978
-2.488394
-2.518040
-2.486019
-2.517332
-2.484085
-2.520760
-2.490961
-2.499593
-2.516854
-2.488387
-2.509131
-2.503877
-2.494902
-2.512402
-2.480200
-2.527736
-2.489157
-2.494565
-2.525033
-2.484776
-2.502115
-2.515063
-2.487667
-2.504664
-2.504313
-2.491147
-2.511486
-2.482505
-2.520452
-2.489190
-2.503735
-2.511857
-2.482718
-2.523162
-2.491475
-2.501776
-2.514805
-2.484311
-2.519572
-2.482318
-2.521199
-2.488140
-2.506637
-2.505503
-2.487858
-2.517536
-2.484678
-2.518208
-2.479392
-2.524280
-2.490325
-2.493682
-2.522936
-2.522936
-2.486613
-2.499120
-2.516124
-2.488058
-2.502095
-2.508689
-2.485352
-2.516405
-2.484042
-2.518013
-2.481506
-2.521334
-2.489523
-2.505954
-2.509720
-2.484043
-2.522264
-2.491769
-2.496545
-2.518028
-2.489721
-2.497906
-2.516505
-2.488197
-2.503959
-2.508251
-2.483292
-2.519202
-2.488788
-2.501738
-2.511252
-2.479794
-2.522246
-2.490002
-2.498259
-2.515073
-2.486216
-2.510927
-2.494821
-2.508512
-2.481047
-2.523943
-2.489725
-2.490629
-2.526958
-2.481728
-2.501074
-2.514361
-2.486219
-2.498726
-2.508760
-2.482642
-2.513265
-2.480584
-2.516736
-2.482529
-2.514372
-2.480797
-2.519440
-2.489629
-2.496334
-2.516075
-2.488033
-2.499922
-2.512218
-2.480745
-2.518251
-2.480855
-2.517807
-2.478703
-2.519277
-2.484299
-2.510486
-2.489283
-2.512155
-2.475963
-2.525134
-2.487401
-2.489749
-2.522691
-2.482099
-2.497888
-2.513059
-2.485234
-2.498729
-2.506787
-2.481555
-2.514171
-2.481017
-2.515252
-2.477873
-2.519557
-2.488323
-2.497037
-2.514275
-2.485444
-2.509000
-2.494956
-2.504604
-2.483449
-2.517766
-2.487500
-2.493640
-2.515146
-2.487228
-2.492832
-2.517482
-2.487438
-2.491979
-2.517909
-2.486487
-2.493773
-2.514543
-2.486287
-2.497065
-2.510580
-2.481117
-2.515360
-2.478863
-2.518591
-2.485404
-2.505565
-2.501112
-2.490091
-2.513226
-2.473828
-2.529742
-2.483689
-2.491384
-2.523757
-2.478104
-2.499191
-2.509568
-2.482545
-2.498695
-2.500556
-2.482661
-2.509520
-2.476247
-2.515793
-2.479590
-2.511934
-2.477547
-2.518210
-2.487997
-2.488979
-2.520746
-2.483386
-2.493717
-2.514800
-2.484920
-2.494035
-2.511175
-2.482919
-2.505105
-2.491596
-2.502378
-2.482552
-2.514795
-2.483600
-2.505571
-2.496829
-2.494105
-2.504098
-2.479688
-2.522126
-2.485525
-2.483709
-2.532437
-2.470072
-2.507329
-2.501981
-2.473258
-2.495340
-2.481430
-2.494835
-2.474018
-2.505424
-2.473404
-2.505560
-2.471023
-2.512894
-2.483092
-2.483331
-2.520255
-2.476656
-2.492005
-2.509869
-2.480059
-2.490223
-2.506233
-2.478156
-2.502683
-2.483154
-2.504719
-2.471905
-2.516524
-2.483997
-2.485591
-2.517328
-2.481084
-2.491145
-2.512374
-2.482829
-2.491690
-2.508464
-2.480006
-2.503334
-2.486402
-2.503590
-2.473938
-2.518013
-2.484814
-2.485489
-2.521343
-2.478992
-2.494763
-2.511489
-2.483057
-2.493387
-2.507132
-2.478653
-2.508606
-2.476460
-2.513186
-2.482121
-2.500111
-2.500660
-2.479438
-2.515278
-2.485813
-2.491391
-2.512744
-2.484658
-2.491901
-2.512448
-2.484113
-2.493708
-2.510126
-2.478993
-2.511339
-2.475208
-2.517529
-2.485870
-2.486351
-2.522147
-2.480243
-2.494214
-2.513597
-2.484110
-2.493394
-2.510574
-2.481939
-2.504476
-2.489689
-2.502937
-2.477867
-2.516772
-2.486529
-2.486113
-2.523145
-2.480112
-2.493941
-2.515830
-2.482938
-2.493416
-2.510562
-2.482117
-2.499904
-2.497035
-2.486088
-2.506445
-2.471006
-2.522858
-2.481947
-2.487127
-2.521870
-2.476990
-2.495990
-2.509708
-2.482198
-2.494193
-2.504596
-2.476753
-2.510826
-2.475768
-2.512738
-2.473804
-2.515782
-2.480967
-2.505952
-2.488668
-2.505805
-2.471422
-2.528689
-2.477158
-2.488349
-2.521912
-2.471711
-2.497288
-2.504970
-2.478770
-2.494098
-2.498905
-2.476965
-2.508419
-2.475364
-2.510096
-2.470437
-2.517356
-2.484240
-2.485531
-2.519792
-2.480047
-2.492454
-2.512209
-2.483146
-2.492030
-2.508737
-2.479800
-2.505371
-2.482656
-2.508617
-2.473227
-2.517254
-2.483446
-2.494110
-2.509185
-2.477007
-2.515358
-2.471983
-2.519368
-2.484460
-2.486039
-2.518060
-2.480953
-2.490370
-2.513354
-2.483344
-2.491489
-2.510758
-2.482351
-2.499258
-2.499272
-2.481785
-2.511047
-2.476292
-2.515186
-2.470365
-2.520566
-2.485035
-2.486326
-2.521835
-2.480049
-2.493028
-2.513607
-2.483445
-2.492263
-2.510092
-2.481534
-2.501978
-2.492930
-2.494553
-2.492588
-2.497662
-2.484788
-2.510406
-2.467171
-2.528544
-2.478598
-2.486800
-2.525830
-2.471833
-2.497102
-2.508544
-2.479291
-2.491102
-2.504711
-2.476893
-2.505523
-2.476120
-2.510968
-2.479448
-2.503064
-2.488906
-2.500438
-2.476495
-2.517953
-2.484350
-2.480196
-2.530533
-2.470178
-2.498544
-2.508097
-2.475923
-2.489484
-2.501216
-2.474285
-2.504108
-2.472075
-2.509379
-2.477400
-2.497850
-2.492228
-2.484823
-2.504570
-2.464167
-2.533031
-2.469705
-2.489181
-2.518140
-2.463050
-2.493018
-2.495691
-2.471128
-2.493122
-2.480512
-2.490832
-2.474319
-2.502041
-2.466384
-2.510694
-2.474757
-2.499255
-2.486424
-2.495096
-2.477081
-2.509317
-2.477249
-2.493695
-2.499625
-2.461589
-2.530283
-2.468426
-2.485302
-2.520463
-2.461214
-2.495125
-2.494471
-2.468276
-2.487748
-2.481768
-2.480588
-2.485645
-2.476620
-2.496482
-2.458333
-2.523801
-2.466062
-2.484654
-2.515029
-2.463394
-2.489880
-2.497461
-2.471512
-2.485750
-2.492965
-2.468209
-2.502537
-2.469522
-2.501746
-2.466159
-2.509702
-2.478924
-2.479735
-2.514248
-2.474878
-2.486130
-2.508372
-2.478308
-2.486534
-2.505718
-2.477505
-2.495531
-2.493379
-2.481105
-2.504751
-2.467327
-2.519365
-2.480239
-2.483605
-2.519815
-2.476001
-2.492675
-2.509793
-2.481954
-2.491239
-2.507193
-2.477954
-2.506254
-2.477185
-2.511125
-2.479569
-2.504692
-2.485995
-2.506113
-2.468345
-2.531913
-2.473981
-2.473981
-2.491338
-2.519431
-2.473709
-2.496180
-2.506880
-2.481137
-2.495090
-2.503035
-2.476125
-2.512384
-2.479794
-2.504473
-2.485950
-2.506423
-2.469559
-2.530951
-2.475780
-2.491716
-2.519633
-2.476010
-2.496187
-2.509102
-2.482842
-2.495139
-2.506256
-2.476771
-2.513810
-2.478670
-2.511270
-2.474138
-2.519040
-2.486649
-2.487139
-2.522842
-2.481250
-2.494197
-2.514999
-2.485498
-2.493310
-2.512368
-2.483467
-2.502481
-2.496847
-2.490611
-2.504528
-2.474372
-2.524615
-2.481836
-2.487878
-2.527194
-2.475127
-2.499656
-2.511523
-2.484701
-2.494630
-2.509923
-2.480541
-2.509739
-2.478648
-2.514712
-2.483847
-2.501397
-2.503163
-2.477872
-2.519924
-2.487573
-2.485056
-2.528604
-2.476014
-2.498316
-2.513109
-2.484995
-2.494115
-2.512143
-2.483403
-2.504605
-2.493947
-2.498640
-2.489852
-2.508302
-2.468716
-2.537148
-2.473694
-2.494289
-2.525113
-2.469476
-2.499807
-2.504310
-2.479466
-2.496149
-2.497230
-2.480104
-2.507305
-2.472606
-2.514660
-2.478773
-2.506783
-2.483023
-2.511252
-2.473020
-2.519966
-2.483745
-2.491293
-2.510684
-2.481585
-2.499494
-2.500262
-2.474656
-2.517170
-2.483735
-2.482246
-2.526790
-2.472668
-2.497215
-2.511599
-2.483336
-2.492777
-2.510963
-2.482292
-2.502024
-2.495263
-2.491715
-2.500711
-2.479640
-2.515077
-2.485443
-2.488169
-2.519177
-2.483876
-2.488725
-2.524973
-2.479535
-2.496022
-2.514657
-2.485793
-2.493842
-2.512649
-2.483797
-2.503620
-2.496391
-2.493552
-2.500981
-2.482552
-2.514226
-2.482225
-2.504089
-2.496842
-2.488167
-2.510792
-2.461855
-2.540971
-2.476586
-2.506065
-2.501358
-2.471760
-2.485193
-2.481077
-2.486599
-2.474666
-2.494281
-2.458710
-2.511709
-2.469672
-2.477756
-2.513421
-2.470608
-2.489128
-2.506034
-2.478358
-2.487065
-2.504055
-2.474715
-2.502456
-2.474773
-2.507476
-2.474925
-2.505598
-2.472363
-2.512727
-2.482732
-2.482952
-2.519355
-2.476820
-2.489411
-2.513164
-2.481015
-2.489415
-2.510840
-2.482574
-2.492639
-2.507253
-2.475652
-2.513211
-2.473660
-2.515449
-2.477666
-2.510982
-2.472896
-2.519957
-2.484071
-2.485399
-2.524071
-2.476901
-2.495973
-2.511713
-2.484893
-2.493486
-2.511042
-2.480924
-2.508970
-2.480097
-2.513571
-2.481535
-2.507037
-2.486521
-2.509567
-2.467445
-2.537072
-2.472249
-2.495972
-2.517310
-2.477919
-2.496283
-2.510340
-2.483797
-2.497280
-2.506383
-2.476111
-2.516473
-2.484880
-2.494135
-2.510704
-2.478490
-2.516872
-2.471468
-2.525688
-2.483318
-2.489647
-2.521996
-2.481322
-2.494855
-2.514515
-2.486394
-2.494142
-2.513024
-2.483168
-2.507119
-2.488254
-2.508622
-2.471091
-2.530633
-2.478078
-2.494604
-2.517853
-2.483381
-2.494734
-2.515624
-2.486965
-2.494227
-2.513575
-2.483597
-2.505951
-2.491105
-2.504104
-2.476676
-2.522508
-2.485314
-2.486249
-2.530484
-2.474778
-2.502009
-2.512406
-2.486732
-2.496132
-2.512143
-2.481227
-2.513122
-2.476433
-2.519895
-2.487985
-2.490087
-2.521683
-2.486717
-2.493720
-2.520550
-2.488166
-2.494286
-2.517165
-2.487849
-2.495892
-2.512591
-2.480642
-2.515036
-2.474052
-2.522924
-2.486592
-2.489628
-2.522884
-2.483996
-2.495137
-2.516998
-2.487729
-2.494272
-2.514392
-2.484781
-2.503146
-2.498740
-2.488351
-2.509637
-2.468200
-2.536883
-2.472215
-2.499614
-2.513983
-2.483303
-2.494196
-2.513734
-2.485509
-2.496324
-2.509906
-2.476557
-2.516928
-2.480554
-2.510396
-2.478364
-2.517341
-2.487457
-2.490740
-2.517825
-2.486594
-2.489268
-2.522115
-2.484093
-2.492422
-2.518079
-2.486396
-2.492977
-2.515650
-2.486890
-2.495920
-2.511984
-2.478921
-2.516963
-2.474430
-2.520022
-2.485457
-2.495161
-2.511984
-2.478898
-2.516410
-2.469376
-2.530328
-2.477088
-2.495927
-2.514234
-2.485293
-2.492182
-2.515645
-2.486635
-2.493141
-2.513886
-2.484035
-2.502808
-2.498392
-2.486523
-2.510909
-2.466648
-2.537020
-2.470773
-2.500684
-2.510469
-2.484884
-2.492648
-2.514165
-2.485293
-2.495607
-2.510694
-2.475852
-2.517701
-2.478952
-2.513908
-2.470862
-2.530322
-2.478455
-2.496909
-2.515819
-2.485783
-2.492966
-2.517126
-2.487335
-2.492578
-2.515867
-2.486713
-2.496177
-2.511735
-2.477266
-2.518888
-2.478047
-2.518506
-2.471510
-2.525014
-2.485829
-2.489116
-2.523767
-2.482004
-2.495095
-2.516413
-2.486893
-2.492999
-2.515292
-2.486262
-2.497177
-2.510359
-2.474561
-2.520445
-2.486651
-2.490830
-2.515639
-2.486835
-2.490543
-2.517484
-2.486611
-2.489391
-2.518592
-2.485632
-2.490092
-2.517641
-2.486070
-2.490995
-2.516527
-2.486801
-2.492076
-2.514519
-2.485360
-2.497190
-2.508725
-2.471707
-2.523332
-2.483875
-2.487335
-2.522356
-2.479967
-2.495288
-2.514282
-2.486303
-2.493220
-2.513295
-2.482978
-2.504759
-2.492073
-2.500625
-2.480277
-2.515443
-2.484612
-2.491489
-2.513416
-2.484557
-2.494385
-2.512917
-2.478721
-2.515060
-2.466098
-2.538063
-2.471804
-2.493997
-2.525555
-2.470418
-2.502339
-2.506277
-2.481716
-2.503018
-2.492480
-2.496657
-2.488321
-2.506410
-2.464570
-2.539261
-2.473105
-2.504177
-2.511245
-2.477315
-2.496474
-2.499639
-2.474743
-2.509627
-2.476742
-2.502556
-2.480087
-2.505844
-2.463577
-2.534709
-2.469032
-2.502944
-2.506100
-2.480563
-2.505763
-2.485851
-2.506641
-2.464080
-2.464080
-2.537797
-2.469577
-2.494333
-2.519348
-2.470727
-2.499039
-2.505536
-2.479181
-2.505929
-2.480864
-2.509642
-2.471986
-2.516579
-2.478396
-2.509366
-2.477150
-2.517541
-2.486781
-2.487145
-2.524593
-2.478951
-2.496440
-2.514225
-2.486398
-2.492798
-2.514929
-2.485415
-2.498692
-2.508919
-2.471219
-2.529123
-2.479633
-2.495243
-2.516107
-2.486459
-2.492677
-2.517950
-2.487574
-2.492105
-2.516691
-2.487052
-2.493898
-2.513609
-2.482382
-2.509997
-2.482035
-2.515448
-2.482555
-2.508593
-2.486333
-2.512072
-2.464536
-2.542794
-2.473057
-2.491305
-2.530024
-2.468922
-2.502700
-2.505674
-2.479200
-2.496616
-2.496344
-2.480578
-2.507127
-2.469069
-2.518100
-2.483314
-2.487413
-2.517867
-2.484381
-2.489847
-2.519431
-2.484226
-2.490968
-2.515424
-2.485236
-2.490937
-2.513183
-2.483976
-2.498569
-2.505565
-2.472262
-2.525511
-2.480300
-2.491900
-2.516963
-2.483915
-2.492058
-2.516516
-2.486378
-2.491603
-2.515018
-2.485546
-2.495643
-2.510368
-2.473771
-2.519728
-2.485246
-2.495403
-2.511259
-2.474909
-2.519648
-2.479641
-2.513001
-2.470050
-2.531320
-2.472679
-2.503797
-2.507347
-2.476662
-2.518483
-2.472953
-2.521066
-2.484885
-2.494964
-2.513171
-2.480379
-2.514742
-2.469581
-2.536822
-2.470658
-2.506982
-2.508207
-2.481299
-2.514509
-2.474531
-2.526148
-2.482760
-2.494684
-2.521409
-2.485778
-2.495252
-2.520097
-2.489565
-2.494107
-2.520296
-2.489182
-2.493784
-2.517210
-2.487700
-2.496284
-2.514132
-2.478161
-2.519719
-2.472252
-2.524324
-2.486122
-2.490666
-2.520849
-2.485573
-2.491564
-2.520816
-2.485517
-2.492247
-2.518243
-2.486805
-2.491691
-2.516769
-2.486919
-2.492694
-2.514662
-2.484298
-2.501808
-2.502289
-2.476605
-2.520509
-2.483980
-2.485532
-2.529281
-2.471973
-2.507618
-2.507374
-2.475173
-2.520923
-2.486054
-2.495336
-2.511646
-2.476134
-2.519975
-2.474350
-2.521262
-2.480850
-2.513246
-2.475848
-2.525518
-2.481810
-2.492449
-2.521256
-2.482143
-2.495518
-2.517244
-2.487493
-2.492610
-2.518370
-2.487830
-2.492825
-2.517166
-2.487332
-2.494390
-2.515336
-2.483255
-2.509417
-2.485278
-2.514004
-2.469851
-2.528564
-2.481577
-2.492862
-2.518476
-2.485386
-2.491332
-2.522058
-2.484468
-2.492628
-2.519303
-2.486135
-2.491528
-2.518506
-2.487001
-2.491157
-2.518615
-2.487096
-2.491054
-2.517875
-2.486786
-2.490599
-2.517628
-2.486476
-2.490269
-2.517496
-2.486232
-2.490059
-2.517785
-2.486131
-2.489905
-2.518239
-2.485872
-2.489825
-2.518287
-2.485595
-2.489839
-2.517800
-2.485526
-2.489757
-2.517072
-2.485532
-2.489679
-2.516302
-2.485485
-2.489832
-2.515424
-2.485258
-2.490693
-2.513925
-2.483798
-2.496258
-2.509007
-2.465761
-2.536169
-2.467928
-2.509424
-2.501280
-2.471820
-2.525260
-2.481369
-2.490353
-2.517689
-2.482856
-2.492427
-2.515855
-2.485937
-2.491080
-2.515800
-2.485628
-2.494405
-2.512170
-2.475115
-2.518466
-2.471257
-2.521342
-2.483528
-2.495506
-2.511528
-2.471594
-2.521814
-2.483918
-2.492083
-2.512067
-2.479963
-2.508433
-2.478018
-2.514984
-2.483065
-2.489669
-2.514576
-2.483272
-2.488825
-2.517825
-2.483346
-2.488217
-2.522455
-2.479626
-2.494949
-2.513875
-2.484749
-2.494084
-2.512904
-2.475975
-2.518698
-2.465907
-2.536074
-2.470220
-2.512727
-2.500324
-2.477751
-2.521074
-2.485740
-2.485917
-2.528254
-2.472443
-2.509435
-2.504550
-2.471403
-2.532103
-2.474291
-2.506680
-2.506633
-2.469089
-2.532403
-2.474770
-2.504234
-2.508003
-2.470322
-2.527130
-2.482030
-2.491631
-2.516171
-2.484691
-2.490981
-2.518255
-2.485508
-2.489763
-2.518984
-2.485210
-2.490345
-2.518789
-2.485242
-2.490234
-2.519023
-2.485385
-2.490458
-2.518647
-2.485461
-2.490319
-2.518255
-2.485597
-2.490201
-2.518114
-2.485606
-2.490141
-2.517961
-2.485577
-2.490068
-2.517915
-2.485480
-2.489956
-2.517867
-2.485336
-2.489868
-2.517837
-2.485227
-2.489832
-2.517811
-2.485175
-2.489834
-2.517747
-2.485171
-2.489849
-2.517642
-2.485193
-2.489861
-2.517511
-2.485217
-2.489870
-2.517365
-2.485225
-2.489879
-2.517209
-2.485213
-2.489894
-2.517035
-2.485181
-2.489924
-2.516818
-2.485130
-2.489996
-2.516500
-2.485049
-2.490207
-2.515918
-2.484852
-2.491026
-2.514526
-2.483515
-2.496755
-2.509751
-2.462385
-2.541033
-2.474140
-2.490308
-2.529902
-2.468078
-2.502501
-2.505261
-2.479301
-2.503419
-2.484166
-2.505866
-2.464051
-2.536391
-2.466058
-2.511154
-2.503200
-2.472644
-2.527487
-2.482879
-2.493699
-2.515228
-2.485158
-2.492814
-2.514160
-2.482551
-2.505059
-2.493425
-2.500995
-2.478754
-2.519656
-2.483224
-2.487101
-2.527427
-2.471190
-2.516654
-2.488913
-2.508298
-2.464449
-2.540632
-2.480781
-2.505529
-2.509982
-2.475329
-2.508561
-2.475466
-2.513782
-2.477862
-2.503587
-2.483359
-2.506407
-2.458344
-2.538106
-2.486752
-2.507044
-2.504710
-2.487076
-2.485241
-2.495784
-2.476568
-2.500832
-2.457297
-2.519339
-2.466185
-2.494114
-2.499644
-2.464361
-2.522978
-2.476786
-2.491476
-2.506941
-2.476605
-2.501422
-2.481836
-2.505204
-2.454470
-2.535946
-2.482699
-2.504898
-2.495679
-2.481853
-2.473793
-2.488688
-2.468382
-2.491955
-2.449958
-2.507084
-2.462061
-2.478821
-2.495985
-2.469257
-2.494740
-2.479770
-2.479770
-2.496130
-2.453944
-2.529153
-2.464210
-2.493994
-2.500643
-2.466442
-2.499617
-2.468856
-2.503720
-2.468482
-2.501471
-2.461750
-2.516733
-2.467623
-2.494342
-2.502855
-2.463899
-2.521951
-2.475889
-2.490187
-2.506537
-2.475772
-2.504402
-2.474780
-2.510962
-2.478415
-2.494704
-2.505210
-2.456719
-2.536591
-2.484559
-2.500397
-2.505587
-2.477102
-2.488812
-2.482309
-2.489710
-2.467593
-2.500626
-2.465476
-2.503829
-2.452836
-2.531692
-2.468032
-2.486910
-2.526973
-2.462162
-2.499965
-2.497037
-2.471238
-2.504210
-2.465753
-2.512416
-2.478301
-2.486517
-2.508674
-2.480239
-2.497034
-2.503449
-2.465791
-2.534666
-2.460647
-2.515275
-2.481136
-2.501941
-2.467489
-2.532804
-2.463257
-2.519375
-2.474247
-2.513500
-2.482224
-2.501400
-2.501679
-2.471595
-2.530057
-2.465715
-2.521355
-2.467981
-2.527609
-2.473502
-2.509965
-2.501969
-2.474611
-2.523810
-2.479569
-2.497067
-2.511570
-2.478051
-2.518445
-2.464363
-2.543111
-2.476557
-2.498689
-2.523083
-2.477362
-2.502772
-2.507921
-2.475009
-2.515487
-2.479352
-2.510251
-2.473110
-2.520572
-2.482556
-2.493381
-2.518505
-2.485911
-2.494888
-2.516187
-2.483470
-2.505422
-2.494371
-2.497823
-2.486083
-2.512916
-2.454731
-2.551918
-2.470698
-2.529278
-2.491692
-2.462805
-2.454875
-2.462420
-2.460712
-2.457593
-2.457260
-2.457066
-2.459880
-2.457080
-2.472232
-2.440013
-2.515052
-2.450064
-2.469090
-2.510224
-2.444916
-2.478228
-2.482875
-2.454331
-2.475759
-2.468542
-2.469573
-2.471422
-2.470812
-2.478850
-2.461505
-2.497212
-2.465896
-2.485566
-2.489683
-2.451121
-2.525766
-2.460242
-2.480275
-2.509705
-2.457129
-2.492026
-2.488472
-2.465869
-2.500509
-2.464968
-2.505318
-2.458157
-2.515988
-2.471552
-2.489850
-2.505172
-2.471917
-2.509948
-2.461124
-2.529213
-2.459894
-2.514437
-2.474497
-2.507898
-2.470666
-2.515881
-2.470512
-2.515771
-2.469836
-2.517022
-2.473093
-2.515982
-2.463501
-2.533386
-2.464748
-2.518106
-2.475004
-2.511826
-2.478374
-2.506666
-2.476994
-2.511797
-2.477841
-2.505597
-2.481882
-2.511003
-2.461663
-2.542271
-2.460395
-2.524258
-2.474280
-2.515688
-2.483381
-2.502896
-2.500907
-2.474601
-2.522883
-2.476203
-2.504758
-2.505419
-2.464215
-2.540808
-2.476110
-2.501452
-2.514370
-2.480660
-2.500524
-2.503519
-2.474371
-2.515752
-2.482592
-2.493226
-2.511378
-2.476532
-2.518644
-2.463995
-2.544516
-2.474692
-2.495543
-2.530082
-2.469886
-2.511638
-2.502499
-2.478525
-2.514989
-2.479248
-2.515462
-2.466995
-2.538485
-2.466256
-2.527103
-2.480292
-2.518409
-2.485394
-2.510149
-2.490041
-2.511019
-2.460433
-2.541631
-2.485405
-2.519795
-2.497255
-2.499391
-2.484289
-2.494903
-2.488487
-2.482745
-2.482837
-2.478428
-2.489760
-2.460784
-2.521428
-2.456051
-2.522655
-2.459678
-2.535332
-2.462653
-2.517549
-2.481395
-2.506122
-2.466182
-2.532186
-2.465590
-2.518260
-2.476969
-2.514214
-2.480661
-2.513491
-2.471224
-2.532575
-2.463881
-2.525064
-2.466964
-2.529839
-2.471102
-2.513778
-2.492798
-2.497180
-2.487597
-2.510677
-2.456116
-2.546423
-2.474478
-2.530907
-2.494024
-2.475880
-2.466466
-2.473700
-2.470122
-2.466609
-2.464255
-2.466014
-2.463907
-2.471408
-2.458211
-2.491524
-2.451977
-2.506991
-2.467536
-2.486550
-2.493851
-2.453163
-2.529010
-2.453300
-2.495523
-2.492084
-2.461616
-2.508870
-2.472195
-2.495123
-2.482437
-2.492932
-2.468727
-2.513498
-2.472181
-2.489264
-2.504937
-2.464241
-2.517173
-2.477150
-2.494394
-2.501646
-2.458546
-2.536159
-2.469277
-2.484835
-2.527156
-2.462307
-2.502925
-2.500337
-2.473301
-2.508961
-2.467745
-2.514891
-2.479073
-2.493016
-2.506906
-2.466239
-2.528070
-2.473279
-2.508479
-2.494833
-2.485729
-2.507386
-2.457646
-2.536352
-2.483511
-2.493563
-2.513965
-2.468586
-2.494276
-2.479586
-2.489909
-2.464398
-2.499350
-2.464545
-2.498539
-2.457739
-2.518566
-2.460816
-2.511226
-2.472143
-2.507936
-2.473541
-2.504675
-2.467618
-2.516703
-2.471044
-2.498314
-2.501470
-2.461839
-2.536691
-2.459678
-2.516949
-2.482172
-2.503048
-2.467560
-2.531883
-2.460885
-2.523227
-2.464435
-2.528185
-2.470220
-2.512509
-2.490973
-2.497796
-2.481284
-2.512715
-2.467281
-2.522073
-2.478875
-2.499884
-2.508526
-2.462249
-2.541022
-2.474686
-2.500310
-2.511902
-2.478876
-2.502959
-2.493662
-2.491762
-2.492211
-2.489790
-2.499246
-2.469318
-2.534977
-2.452786
-2.536724
-2.477287
-2.517944
-2.472155
-2.533720
-2.471157
-2.517397
-2.479066
-2.512952
-2.475720
-2.518977
-2.462158
-2.543316
-2.473143
-2.496481
-2.528164
-2.470527
-2.513347
-2.497693
-2.485455
-2.507385
-2.465170
-2.539306
-2.461152
-2.526159
-2.476049
-2.517615
-2.485816
-2.506895
-2.499738
-2.488357
-2.511118
-2.457035
-2.544755
-2.477143
-2.528330
-2.495261
-2.488905
-2.477974
-2.483603
-2.478569
-2.473789
-2.470962
-2.471763
-2.471083
-2.475616
-2.469625
-2.493056
-2.445643
-2.528707
-2.473260
-2.505234
-2.482481
-2.478023
-2.462623
-2.474247
-2.471564
-2.462323
-2.472289
-2.454435
-2.487379
-2.451925
-2.497345
-2.452979
-2.505864
-2.468905
-2.484529
-2.494053
-2.453697
-2.520278
-2.450430
-2.509934
-2.457218
-2.510009
-2.471957
-2.486848
-2.502648
-2.465201
-2.465201
-2.510377
-2.469973
-2.507491
-2.458820
-2.528355
-2.456221
-2.518908
-2.464424
-2.515318
-2.476610
-2.490476
-2.506521
-2.467861
-2.513090
-2.471194
-2.512593
-2.461341
-2.530811
-2.462297
-2.520246
-2.469317
-2.517403
-2.479301
-2.492123
-2.508716
-2.468918
-2.514881
-2.472172
-2.514030
-2.461299
-2.534657
-2.459688
-2.525074
-2.467536
-2.521081
-2.478848
-2.495715
-2.508766
-2.467132
-2.518890
-2.479619
-2.494062
-2.507348
-2.463395
-2.532789
-2.462335
-2.522865
-2.465823
-2.524068
-2.473342
-2.503491
-2.499974
-2.470541
-2.517585
-2.476634
-2.495116
-2.506625
-2.461104
-2.536992
-2.457593
-2.527155
-2.465032
-2.522934
-2.476702
-2.498944
-2.506407
-2.464224
-2.529107
-2.464811
-2.518134
-2.469862
-2.517595
-2.479383
-2.494801
-2.510195
-2.465925
-2.522030
-2.477406
-2.497811
-2.505331
-2.461506
-2.539367
-2.462051
-2.511664
-2.497470
-2.473229
-2.519697
-2.481557
-2.494415
-2.510643
-2.466973
-2.526329
-2.478362
-2.504498
-2.503365
-2.470899
-2.533025
-2.461037
-2.528918
-2.465329
-2.527307
-2.475894
-2.506836
-2.501450
-2.475659
-2.516626
-2.480026
-2.497215
-2.507428
-2.457672
-2.537621
-2.485120
-2.494018
-2.517839
-2.473809
-2.498474
-2.487296
-2.490347
-2.476370
-2.501518
-2.452541
-2.534164
-2.469113
-2.489225
-2.522887
-2.464872
-2.506246
-2.492553
-2.479205
-2.499515
-2.459860
-2.528714
-2.455186
-2.523311
-2.464795
-2.521740
-2.479654
-2.497872
-2.508875
-2.465165
-2.524009
-2.471066
-2.504284
-2.490313
-2.488829
-2.495889
-2.476984
-2.512461
-2.475294
-2.507033
-2.471705
-2.522961
-2.468651
-2.520059
-2.462962
-2.539931
-2.470030
-2.494014
-2.525846
-2.467472
-2.515082
-2.489472
-2.499822
-2.475255
-2.516148
-2.480699
-2.500226
-2.503862
-2.466366
-2.541651
-2.463981
-2.518037
-2.498795
-2.481428
-2.519074
-2.482699
-2.514060
-2.473737
-2.534407
-2.466258
-2.534983
-2.472246
-2.533685
-2.481219
-2.514076
-2.502637
-2.489577
-2.512734
-2.458365
-2.541133
-2.481642
-2.520924
-2.500053
-2.495762
-2.485704
-2.490527
-2.484785
-2.479931
-2.477445
-2.478537
-2.477490
-2.484155
-2.470218
-2.504276
-2.462179
-2.517324
-2.473649
-2.506133
-2.472066
-2.514892
-2.475587
-2.495821
-2.501573
-2.456853
-2.535235
-2.471055
-2.488576
-2.519219
-2.467475
-2.500431
-2.495569
-2.471736
-2.504035
-2.463137
-2.511788
-2.470086
-2.507657
-2.461947
-2.533655
-2.455848
-2.529701
-2.467823
-2.519336
-2.481517
-2.497483
-2.507067
-2.463825
-2.535975
-2.456486
-2.528330
-2.466599
-2.519883
-2.481179
-2.495645
-2.508917
-2.462784
-2.529227
-2.461870
-2.519971
-2.464760
-2.523681
-2.471243
-2.507941
-2.490605
-2.493619
-2.481704
-2.508488
-2.451414
-2.536188
-2.477782
-2.514326
-2.493655
-2.491593
-2.476571
-2.485172
-2.477064
-2.475347
-2.467759
-2.480846
-2.452965
-2.505028
-2.458808
-2.496882
-2.479197
-2.493356
-2.459986
-2.527199
-2.444427
-2.522211
-2.466410
-2.506497
-2.465419
-2.518632
-2.472977
-2.495750
-2.499154
-2.462005
-2.525755
-2.456240
-2.519535
-2.459544
-2.522184
-2.466123
-2.506183
-2.481550
-2.499716
-2.458397
-2.534222
-2.450883
-2.524814
-2.462007
-2.519860
-2.477475
-2.497414
-2.506468
-2.463122
-2.528706
-2.461312
-2.520379
-2.464633
-2.523107
-2.471754
-2.506459
-2.492463
-2.488224
-2.494782
-2.474131
-2.511521
-2.473953
-2.503245
-2.480595
-2.510442
-2.455832
-2.541219
-2.473732
-2.492624
-2.517097
-2.476276
-2.498550
-2.504600
-2.468820
-2.513628
-2.477556
-2.495958
-2.503231
-2.463163
-2.537479
-2.455237
-2.531975
-2.469016
-2.519480
-2.482045
-2.501088
-2.501817
-2.473707
-2.518053
-2.477995
-2.501792
-2.502412
-2.469416
-2.534575
-2.455537
-2.532196
-2.476311
-2.512179
-2.469954
-2.524797
-2.472441
-2.508303
-2.484435
-2.505505
-2.457468
-2.538130
-2.473371
-2.496453
-2.512750
-2.478294
-2.501420
-2.495346
-2.485545
-2.500181
-2.462067
-2.537209
-2.455106
-2.529044
-2.467335
-2.526128
-2.480142
-2.507672
-2.504733
-2.474248
-2.519347
-2.479240
-2.502256
-2.504521
-2.468608
-2.539622
-2.455185
-2.535781
-2.477436
-2.516272
-2.471274
-2.528775
-2.474676
-2.511295
-2.485949
-2.508584
-2.460314
-2.542512
-2.474534
-2.489017
-2.533291
-2.465747
-2.516821
-2.495909
-2.490263
-2.500127
-2.478028
-2.515562
-2.479810
-2.509411
-2.483289
-2.516936
-2.473763
-2.527301
-2.482810
-2.515598
-2.475000
-2.533028
-2.466781
-2.530729
-2.468486
-2.536398
-2.469258
-2.526716
-2.473253
-2.527302
-2.476465
-2.509545
-2.494849
-2.494149
-2.489981
-2.502069
-2.464225
-2.538232
-2.472837
-2.484655
-2.533413
-2.469909
-2.506646
-2.506096
-2.477509
-2.507797
-2.473354
-2.514777
-2.478158
-2.508063
-2.479229
-2.515571
-2.478453
-2.521562
-2.464697
-2.546435
-2.468449
-2.512470
-2.510904
-2.477400
-2.525157
-2.486135
-2.514533
-2.482422
-2.521362
-2.486163
-2.515494
-2.488048
-2.520619
-2.478411
-2.527823
-2.475454
-2.528724
-2.484961
-2.513568
-2.491895
-2.517326
-2.462040
-2.544670
-2.488224
-2.499291
-2.522006
-2.480730
-2.504921
-2.492105
-2.498245
-2.474791
-2.509873
-2.471127
-2.515953
-2.460329
-2.542800
-2.459102
-2.533929
-2.472976
-2.523844
-2.484387
-2.500486
-2.511092
-2.466777
-2.535540
-2.462475
-2.462475
-2.529675
-2.471701
-2.521540
-2.483729
-2.500651
-2.506157
-2.467135
-2.530662
-2.457394
-2.526440
-2.468892
-2.517181
-2.478375
-2.509442
-2.474588
-2.516500
-2.477112
-2.499623
-2.499277
-2.470916
-2.521093
-2.469885
-2.515867
-2.464821
-2.536481
-2.452772
-2.531388
-2.470524
-2.517487
-2.474227
-2.517629
-2.465371
-2.530669
-2.466421
-2.521802
-2.468797
-2.527600
-2.470651
-2.516256
-2.476560
-2.513901
-2.477428
-2.504563
-2.483343
-2.509124
-2.454257
-2.537905
-2.480745
-2.495184
-2.514887
-2.474691
-2.502573
-2.479826
-2.503451
-2.456770
-2.525363
-2.455767
-2.520436
-2.463849
-2.518335
-2.477568
-2.497541
-2.504396
-2.462577
-2.529430
-2.454313
-2.524196
-2.467225
-2.515117
-2.475689
-2.510842
-2.466382
-2.528324
-2.458534
-2.522235
-2.463794
-2.521101
-2.473359
-2.501526
-2.494629
-2.478529
-2.506466
-2.452855
-2.537221
-2.469363
-2.483080
-2.528385
-2.460042
-2.513104
-2.486149
-2.494453
-2.473295
-2.508545
-2.466512
-2.515012
-2.468367
-2.517545
-2.470339
-2.520376
-2.476288
-2.517454
-2.462440
-2.541334
-2.455795
-2.529625
-2.468572
-2.520830
-2.482500
-2.499666
-2.507409
-2.466052
-2.533166
-2.457534
-2.528297
-2.471586
-2.516914
-2.474418
-2.517353
-2.465224
-2.530297
-2.464464
-2.520839
-2.467359
-2.525070
-2.472292
-2.510651
-2.484037
-2.508154
-2.458729
-2.540117
-2.452628
-2.527530
-2.465569
-2.517844
-2.480265
-2.497491
-2.503086
-2.464985
-2.527028
-2.458078
-2.523890
-2.465740
-2.519509
-2.478639
-2.499358
-2.501611
-2.468312
-2.520479
-2.466198
-2.514266
-2.462767
-2.533052
-2.453437
-2.528747
-2.470790
-2.515395
-2.470844
-2.516298
-2.467816
-2.517265
-2.475445
-2.508143
-2.470633
-2.521625
-2.470619
-2.513596
-2.470678
-2.522773
-2.467441
-2.517528
-2.464996
-2.534194
-2.454028
-2.528875
-2.470590
-2.516213
-2.472965
-2.516452
-2.463787
-2.530539
-2.462524
-2.522269
-2.465722
-2.525427
-2.470174
-2.511504
-2.478175
-2.509722
-2.466174
-2.516636
-2.470086
-2.515070
-2.459322
-2.537052
-2.454333
-2.528503
-2.471777
-2.514912
-2.467812
-2.517992
-2.476478
-2.502811
-2.477454
-2.509050
-2.459627
-2.531991
-2.456836
-2.524982
-2.470425
-2.515276
-2.466737
-2.518191
-2.475412
-2.502067
-2.476050
-2.508244
-2.459564
-2.526408
-2.462800
-2.519179
-2.459435
-2.534914
-2.453865
-2.524944
-2.465138
-2.514437
-2.474998
-2.500274
-2.482906
-2.502844
-2.452220
-2.532001
-2.484913
-2.483072
-2.518254
-2.472890
-2.491092
-2.490148
-2.474606
-2.492811
-2.449590
-2.526370
-2.442580
-2.521470
-2.462387
-2.510676
-2.470155
-2.511007
-2.459373
-2.524618
-2.457238
-2.516259
-2.462347
-2.519562
-2.471307
-2.502873
-2.487871
-2.493794
-2.469540
-2.511135
-2.469979
-2.502887
-2.467379
-2.517225
-2.464688
-2.516257
-2.457941
-2.537808
-2.461314
-2.501451
-2.505918
-2.466975
-2.518585
-2.477644
-2.508082
-2.471503
-2.519743
-2.475330
-2.511295
-2.481951
-2.514570
-2.469868
-2.523598
-2.477029
-2.518885
-2.461235
-2.544489
-2.474218
-2.492932
-2.530334
-2.470426
-2.519241
-2.487565
-2.510611
-2.465150
-2.533516
-2.464575
-2.526340
-2.469314
-2.524827
-2.479442
-2.506220
-2.499359
-2.485247
-2.509218
-2.455480
-2.536556
-2.489466
-2.486066
-2.522860
-2.477527
-2.493932
-2.493105
-2.477626
-2.492901
-2.455014
-2.517401
-2.453011
-2.514961
-2.460646
-2.516335
-2.472782
-2.497322
-2.493443
-2.474254
-2.504722
-2.454975
-2.532665
-2.448425
-2.525634
-2.474572
-2.506493
-2.474712
-2.511776
-2.472256
-2.506435
-2.459390
-2.530430
-2.448164
-2.525304
-2.471457
-2.510508
-2.466280
-2.519256
-2.474858
-2.498201
-2.493579
-2.479046
-2.507634
-2.454519
-2.539636
-2.471461
-2.484061
-2.529590
-2.461278
-2.514941
-2.483512
-2.502299
-2.464509
-2.517281
-2.474666
-2.499693
-2.494882
-2.482084
-2.509715
-2.458165
-2.542381
-2.466734
-2.494367
-2.514137
-2.478569
-2.500740
-2.505731
-2.472675
-2.515699
-2.479415
-2.503478
-2.494597
-2.495835
-2.490406
-2.508383
-2.460491
-2.537913
-2.481633
-2.492149
-2.520403
-2.478514
-2.499221
-2.495281
-2.485977
-2.494118
-2.470724
-2.509428
-2.474206
-2.507320
-2.473059
-2.519607
-2.477651
-2.507535
-2.490603
-2.504971
-2.463460
-2.542380
-2.451863
-2.532785
-2.473575
-2.519619
-2.478420
-2.521005
-2.475017
-2.519791
-2.477477
-2.516666
-2.467822
-2.535503
-2.463920
-2.528779
-2.474704
-2.519598
-2.482697
-2.505748
-2.490405
-2.506129
-2.464535
-2.540745
-2.451585
-2.533681
-2.479778
-2.511841
-2.481427
-2.517030
-2.476408
-2.516690
-2.464499
-2.534297
-2.461772
-2.527836
-2.474828
-2.518711
-2.481001
-2.509933
-2.476215
-2.515099
-2.477867
-2.503467
-2.487578
-2.506678
-2.460331
-2.542951
-2.465822
-2.500943
-2.510436
-2.478036
-2.512894
-2.476141
-2.519197
-2.479459
-2.504459
-2.499137
-2.489332
-2.511064
-2.462261
-2.543167
-2.478713
-2.493527
-2.525225
-2.479555
-2.504446
-2.506918
-2.478776
-2.512265
-2.471321
-2.518708
-2.476067
-2.518889
-2.470434
-2.530492
-2.478368
-2.515932
-2.484486
-2.515095
-2.473772
-2.520835
-2.474563
-2.520175
-2.475170
-2.520716
-2.473479
-2.522258
-2.481641
-2.510920
-2.476206
-2.518840
-2.478274
-2.504658
-2.490253
-2.502971
-2.463898
-2.541302
-2.541302
-2.448326
-2.533397
-2.476768
-2.512763
-2.477771
-2.519380
-2.481553
-2.506494
-2.484666
-2.512257
-2.462178
-2.545274
-2.454359
-2.535184
-2.481354
-2.513643
-2.478007
-2.519339
-2.481220
-2.505793
-2.483543
-2.511891
-2.462717
-2.542269
-2.455148
-2.533837
-2.482450
-2.508813
-2.484435
-2.513583
-2.465566
-2.526458
-2.469214
-2.515455
-2.470321
-2.521672
-2.475984
-2.506871
-2.488822
-2.503581
-2.461018
-2.539044
-2.448103
-2.529762
-2.474744
-2.511406
-2.473730
-2.518506
-2.480111
-2.500748
-2.492222
-2.492768
-2.487635
-2.505046
-2.459160
-2.537389
-2.475454
-2.493150
-2.518744
-2.479280
-2.499150
-2.501070
-2.477627
-2.508101
-2.462437
-2.523243
-2.472956
-2.511633
-2.479958
-2.514542
-2.475449
-2.518273
-2.464069
-2.535915
-2.456611
-2.527898
-2.477207
-2.515496
-2.471980
-2.520416
-2.481210
-2.501254
-2.492443
-2.493587
-2.485057
-2.507548
-2.454272
-2.535145
-2.481399
-2.487433
-2.518933
-2.477598
-2.495468
-2.493211
-2.481814
-2.492479
-2.464238
-2.509345
-2.471775
-2.498855
-2.488928
-2.494683
-2.477866
-2.511099
-2.463216
-2.520200
-2.472920
-2.509160
-2.474425
-2.517819
-2.478524
-2.503701
-2.489723
-2.501297
-2.462837
-2.537537
-2.444207
-2.533663
-2.473548
-2.506813
-2.484256
-2.508704
-2.462870
-2.529888
-2.458585
-2.522306
-2.470390
-2.515333
-2.478311
-2.510283
-2.471689
-2.519188
-2.473676
-2.504608
-2.484888
-2.506248
-2.459907
-2.540863
-2.449935
-2.529131
-2.474662
-2.511350
-2.472890
-2.517379
-2.479575
-2.500939
-2.488046
-2.500425
-2.467440
-2.530015
-2.457268
-2.527048
-2.477320
-2.513290
-2.469839
-2.523784
-2.475356
-2.505651
-2.484330
-2.506588
-2.460449
-2.539329
-2.451152
-2.529087
-2.477523
-2.507872
-2.477314
-2.513516
-2.473159
-2.512995
-2.462109
-2.530238
-2.460819
-2.523608
-2.471967
-2.516755
-2.479938
-2.504064
-2.482907
-2.508089
-2.459198
-2.535203
-2.452800
-2.526711
-2.477300
-2.508380
-2.474633
-2.514274
-2.476159
-2.505031
-2.470520
-2.513946
-2.474966
-2.502911
-2.486876
-2.505100
-2.459122
-2.541507
-2.452586
-2.525704
-2.466705
-2.518199
-2.481701
-2.500536
-2.501787
-2.476634
-2.513065
-2.472178
-2.519133
-2.467279
-2.528790
-2.474204
-2.518299
-2.475626
-2.522180
-2.478156
-2.506332
-2.490696
-2.504509
-2.464897
-2.539682
-2.450064
-2.533956
-2.479435
-2.507327
-2.488977
-2.509750
-2.465430
-2.534622
-2.455704
-2.526799
-2.476863
-2.513082
-2.472206
-2.520250
-2.480691
-2.500525
-2.493415
-2.490068
-2.493481
-2.485626
-2.508058
-2.454076
-2.536033
-2.484179
-2.485468
-2.522449
-2.479493
-2.494550
-2.496699
-2.477824
-2.498219
-2.458194
-2.517172
-2.464586
-2.508837
-2.472895
-2.510183
-2.475456
-2.506317
-2.470526
-2.513920
-2.474340
-2.500302
-2.490993
-2.496437
-2.478199
-2.512569
-2.467222
-2.518232
-2.475516
-2.511654
-2.466491
-2.532444
-2.456711
-2.524111
-2.473099
-2.512301
-2.468389
-2.516346
-2.478061
-2.502464
-2.480807
-2.508654
-2.461142
-2.532288
-2.458871
-2.523912
-2.474047
-2.514310
-2.471650
-2.516526
-2.475366
-2.511700
-2.464722
-2.525862
-2.466704
-2.516697
-2.470631
-2.517254
-2.477113
-2.498769
-2.494943
-2.481809
-2.503494
-2.456874
-2.539540
-2.450443
-2.525901
-2.467629
-2.516117
-2.481426
-2.502637
-2.490393
-2.499662
-2.470582
-2.520256
-2.473816
-2.513646
-2.474998
-2.521549
-2.478365
-2.509723
-2.486587
-2.511907
-2.462523
-2.538723
-2.456709
-2.529406
-2.480903
-2.510640
-2.479080
-2.516505
-2.477065
-2.512794
-2.465549
-2.530784
-2.460923
-2.524758
-2.473350
-2.516774
-2.479053
-2.509924
-2.473532
-2.516938
-2.477293
-2.503110
-2.489936
-2.503242
-2.466900
-2.534084
-2.453939
-2.528834
-2.479035
-2.507255
-2.481972
-2.513265
-2.467646
-2.519413
-2.477016
-2.505010
-2.480597
-2.511761
-2.466026
-2.524015
-2.475480
-2.509562
-2.475638
-2.514420
-2.477191
-2.508691
-2.473609
-2.518365
-2.474452
-2.509335
-2.478276
-2.514271
-2.475474
-2.514503
-2.464836
-2.539007
-2.451697
-2.530050
-2.478439
-2.511546
-2.475928
-2.517794
-2.479562
-2.508553
-2.476569
-2.516008
-2.478540
-2.512663
-2.475112
-2.525040
-2.474046
-2.518480
-2.473676
-2.527717
-2.471873
-2.520121
-2.473666
-2.524769
-2.475677
-2.511831
-2.482543
-2.513201
-2.469244
-2.519543
-2.475971
-2.515241
-2.464863
-2.534150
-2.460795
-2.525884
-2.474047
-2.516503
-2.475785
-2.515932
-2.467941
-2.523975
-2.473667
-2.509890
-2.479682
-2.512536
-2.470655
-2.517756
-2.469396
-2.517608
-2.475690
-2.512233
-2.467723
-2.529124
-2.464143
-2.521598
-2.469015
-2.519554
-2.478017
-2.501624
-2.492256
-2.494039
-2.479221
-2.509829
-2.455266
-2.542047
-2.450111
-2.528870
-2.471750
-2.516720
-2.476203
-2.517427
-2.469886
-2.519321
-2.478958
-2.506903
-2.485157
-2.513567
-2.465425
-2.535950
-2.462798
-2.526133
-2.475544
-2.517057
-2.474543
-2.518492
-2.473420
-2.517300
-2.472341
-2.517423
-2.472051
-2.518610
-2.475743
-2.516886
-2.467208
-2.526369
-2.471830
-2.513225
-2.473901
-2.515615
-2.477645
-2.503898
-2.484193
-2.508912
-2.459077
-2.539777
-2.451322
-2.528581
-2.477804
-2.508975
-2.478634
-2.515062
-2.473288
-2.515672
-2.465726
-2.524304
-2.474712
-2.511809
-2.481086
-2.514369
-2.514369
